0.17292 1.01565 2.43132
0.74849 -0.45888 2.74985
0.56664 -0.50149 2.82569
-0.25233 -0.85048 2.9616
-0.86577 -0.65456 -0.01611
-1.26182 1.25073 0.39002
0.8424 -0.16813 0.34088
0.62197 0.78091 1.45532
1.05452 -1.18895 0.47703
1.43927 0.50189 0.16024
1.40226 1.69271 -0.08424
0.16094 1.2669 -0.23108
0.58374 0.9129 -0.68119
1.00113 -2.00886 -0.93888
0.58536 0.10804 -1.10748
0.67854 2.10313 -0.47058
-1.59094 -1.3166 0.79772
-1.36292 0.37016 1.29134
0.40154 0.10284 1.54574
0.07736 -0.86426 1.41019
0.09086 -0.29459 -0.07907
-0.09478 -0.35376 0.31909
-0.01797 -0.53754 0.62623
-0.57185 0.14788 0.90514
0.04201 -1.03225 -0.63374
-0.95478 -0.4163 -1.48695
0.32423 1.50486 -1.28311
0.73709 2.13814 0.84601
1.52411 0.24775 0.85623
2.51709 1.2492 0.82056
2.69079 2.36468 1.43719
1.2594 2.92023 1.45077
2.38201 0.47963 2.083
4.17792 -0.01262 3.01282
1.51164 2.94161 2.55268
0.91748 1.50229 3.20015
1.33341 0.56467 4.20473
1.80384 0.08002 3.56749
2.13597 0.46344 3.43353
1.39523 -0.59111 2.2429
2.3638 -0.24989 1.15616
2.20548 -0.39152 1.74246
1.91889 1.72548 -0.15663
1.8751 -0.02584 3.09228
2.76644 0.80686 2.15883
2.35494 2.078 2.93655
2.76492 1.36473 3.84677
3.74308 0.11664 2.87093
3.23273 2.36558 1.95628
2.92607 1.17395 2.28748
3.26037 0.31831 3.4108
2.26013 0.10458 3.78837
1.72538 0.96674 3.7276
3.7428 0.9153 3.07098
2.39084 1.27592 1.86103
3.96242 -0.12041 1.18311
5.57305 1.40534 3.21825
3.76553 2.5041 3.55798
4.03302 0.54068 2.76918
3.29137 2.43913 3.49967
2.42721 -0.97341 3.20493
2.68278 1.31556 3.65338
1.04523 2.53955 3.46184
2.51409 0.70109 4.29287
4.29847 0.29063 3.50444
3.89771 1.32557 2.19552
3.23749 2.2572 2.00566
3.38446 4.54477 4.96137
4.50418 0.93774 4.43805
6.2104 2.85212 4.60733
5.28285 1.65065 4.4071
6.48452 2.10758 5.10474
6.12362 1.43977 5.06959
5.69622 1.15072 2.63217
4.34377 2.52301 3.29766
3.70171 2.27612 3.48002
3.09335 3.38336 3.38534
5.74898 1.80471 4.0044
6.05695 1.3385 5.1407
4.93667 2.27887 5.15638
6.29387 3.09226 5.05003
5.52154 1.35407 4.49087
6.34429 1.4871 3.12306
3.90763 -0.3001 3.70499
4.9287 0.30891 3.72959
5.85608 2.48666 3.00415
6.64553 2.04527 3.9037
7.86363 1.11076 3.06424
9.65919 0.07238 3.86771
8.86797 0.269 2.91926
7.59443 0.57632 3.64254
6.27236 2.52993 1.74781
4.65949 0.58266 2.54247
4.31185 2.61764 2.09342
4.58557 3.108 2.79397
4.00447 3.29404 4.12387
3.33031 2.67587 4.12014
4.06509 2.76967 4.96832
3.39151 2.70362 3.73306
4.45383 3.28691 2.53283
5.36901 2.62742 2.57664
5.85726 2.00846 1.74913
4.40254 0.67075 1.92719
3.19136 3.54344 3.35467
2.93039 2.88276 1.46315
3.80038 1.4556 -0.27378
4.84057 2.51393 -0.24305
2.04306 3.35074 1.2803
3.93008 0.57272 1.07954
4.29345 -0.53615 1.87257
4.79422 0.69735 0.89039
0.68521 2.51854 2.86565
0.05038 -0.29262 4.84188
1.84395 0.29146 5.06301
2.9175 0.50477 3.05787
4.37435 1.93567 1.17403
2.33001 2.09242 3.10297
2.70344 1.69792 3.31428
3.42624 0.29856 4.1086
3.99159 0.72954 3.46384
3.70507 -0.17674 1.21116
2.6834 2.05617 2.80504
0.90603 0.11108 2.12135
1.10771 0.18682 3.21768
1.2982 0.39571 1.93995
2.17578 0.68375 2.57642
1.84983 0.90968 1.43161
2.39178 -0.68977 0.514
2.09972 1.83975 0.56275
2.51012 0.91094 2.20142
3.82757 -0.78125 1.70344
3.43761 2.10451 0.88135
3.12633 -0.44172 0.36598
3.4445 2.36723 1.69704
3.20379 1.49642 2.62816
2.80392 1.79561 2.49375
1.5069 1.60524 2.26713
1.42425 0.26164 3.18616
1.16962 0.50598 2.48081
-0.24608 0.35479 2.74364
0.36324 0.54705 0.9518
0.87406 -0.64005 0.29693
-1.87868 0.2693 -0.59293
-1.48651 1.76531 -1.06446
-2.63988 -0.22129 1.18043
-1.06814 -0.24489 2.9061
-3.42826 0.75461 3.31735
-2.69578 1.81863 2.93466
-2.44576 1.98001 2.18236
-2.24516 2.37049 2.03035
-0.39206 0.63279 0.78611
1.93953 -1.55235 2.67041
0.37941 -0.59309 2.89095
0.94214 -0.16123 2.1022
1.1292 0.29816 4.47617
1.44339 -0.48031 1.48613
0.54476 -1.11828 1.19175
0.87889 -1.34235 -0.97917
0.42834 0.24397 0.56225
-0.3028 0.33681 -0.12247
-0.5974 0.01851 -1.29945
-0.07206 -0.93649 -1.1636
0.90016 -0.73795 -1.55952
-0.93607 0.39258 -1.20945
0.43784 -0.78251 0.01944
-0.5204 1.53797 0.7055
-0.40771 -0.44648 1.91911
-1.3295 -0.85906 2.69197
-2.52908 0.00504 1.72127
-1.41107 1.81287 1.49226
-2.2591 0.18487 0.96191
0.33369 1.16014 0.53144
-0.87381 0.80708 -0.10836
1.02315 1.257 1.83937
0.9501 0.45369 0.68687
0.31559 -0.50407 0.32409
-1.16932 0.44628 -0.17365
0.54513 -0.34231 0.34697
-0.26482 -0.22853 0.02045
-0.44367 0.93456 0.82472
-2.05083 0.15878 0.52347
-1.83688 -2.1843 -0.22501
-2.01897 -1.06862 -0.37629
-1.3181 -1.39766 -0.67836
-2.40871 -0.04647 -0.53564
-1.31572 1.37606 0.48423
-2.34309 0.70355 -1.33598
-0.98212 1.50697 -0.98732
-0.28328 0.22849 0.62524
1.90538 -0.85935 0.58535
3.30998 0.0118 -2.73407
3.39364 1.27164 -0.28111
3.4084 1.28226 0.78418
3.56176 2.33611 1.88225
1.90337 3.00249 2.38249
2.15233 3.49857 3.5816
3.60907 -0.56625 5.43316
4.63951 1.75209 5.21687
5.0625 2.00434 3.34208
4.66039 2.46298 5.91428
3.49248 2.75491 6.6309
3.36066 3.20381 6.02232
4.08064 2.49595 4.62587
4.25245 1.90392 6.20546
4.39292 -0.44355 6.81472
5.46992 2.52957 6.08841
6.00355 2.06054 6.00735
6.60381 0.76676 5.16083
6.29685 0.16271 2.06403
5.64093 -0.0012 1.00347
3.99348 3.14935 3.09451
3.59561 3.54236 3.00773
4.99307 0.43484 3.17149
5.75493 2.29517 4.40555
5.02617 2.95603 2.26188
4.44969 1.83898 3.67655
4.01286 2.33271 4.51548
4.56417 2.42585 2.43249
6.59567 2.25307 3.07452
8.95067 2.0579 3.07063
7.03029 2.69451 3.69338
5.40638 1.30782 3.38094
6.90072 1.11819 1.74775
5.32958 2.59117 2.41124
4.41272 2.7913 3.03222
4.3513 0.18069 2.88683
3.17344 1.19688 3.51036
1.14907 1.14875 5.68484
1.60691 0.83952 5.00349
0.59009 0.53896 5.03273
0.26198 0.82828 3.29951
-0.12151 1.24318 2.50982
0.7134 0.72766 0.51891
0.30433 0.49809 -0.13686
0.82637 -0.4422 -0.73454
0.34225 0.37076 -1.16283
0.23206 0.47049 -0.75953
0.86602 1.52827 -0.27137
0.80064 0.19061 0.58719
3.09212 -0.1334 1.32561
3.2056 0.29566 2.58956
0.58239 1.56405 0.74546
-0.00257 1.70066 1.65487
0.09198 0.29381 3.71736
-0.28099 -0.69764 3.02299
0.23973 0.67016 1.89489
1.19656 1.12419 1.65244
2.00185 1.00989 0.94355
3.65429 1.91596 0.44668
3.31335 4.26499 1.61019
4.94125 0.24916 1.8018
6.89266 1.0654 3.25248
6.1418 2.80948 2.36066
7.64058 1.70996 4.73326
7.43758 -0.7805 4.10059
6.1814 1.89143 3.67831
4.63596 0.32245 3.58599
5.75502 1.68173 2.66099
4.9089 1.42394 4.78242
5.91762 2.73383 3.7152
5.11386 0.59727 3.34888
6.92643 4.01861 2.25747
6.44825 1.27198 2.1192
6.54568 -0.31128 0.91416
5.14614 0.64091 2.13319
5.13061 2.91072 1.20701
3.97966 3.16709 2.28992
4.71986 1.46472 3.78085
5.02276 1.76776 5.7472
4.56415 4.49788 4.62013
5.40314 1.78475 6.2537
7.76226 2.01285 5.06091
7.30556 1.54075 5.3991
5.77366 1.03539 5.08553
6.36613 1.23738 2.4318
6.19724 0.64833 2.48537
5.79585 1.63654 2.26937
3.79439 1.58681 2.8736
3.75574 0.20672 2.71738
3.4193 2.68082 3.59479
4.83737 2.02761 3.6048
4.09282 1.47603 3.94947
5.9103 -1.10555 4.73646
5.41776 2.13946 5.64072
6.95581 1.78618 6.11103
7.27143 1.53657 8.04046
7.99723 -1.07362 4.57152
7.23478 -0.14375 1.73888
6.62505 1.36688 3.07054
6.06714 2.56786 3.06867
6.32748 2.95449 3.49577
6.88049 3.60434 1.39805
7.35569 2.10673 2.75661
8.1695 1.41785 4.71589
6.42164 0.35012 2.99481
6.016 1.22397 1.92005
4.90065 1.63785 2.0714
3.63081 1.60478 1.58165
2.81628 2.63402 2.4871
3.7779 2.1055 3.90411
