2.21233 1.08399 -0.90036
2.43195 -0.67045 -1.5661
1.59369 0.05042 -2.91851
0.18531 0.04021 -4.78787
-0.45834 -1.30073 -5.17989
-2.10277 -0.0102 -5.77932
-1.12875 -0.84207 -5.33904
-1.33772 -1.81902 -5.34504
-1.44616 0.21338 -3.06166
-1.28822 -1.14571 -2.62369
-1.19787 -0.34334 -4.28634
0.72947 -1.28734 -3.06989
2.82124 -0.98933 -1.73085
1.07347 -1.96497 -1.78587
0.38143 -1.19435 -1.5368
0.75383 -0.39177 0.05581
2.24297 0.76814 0.55807
4.46802 0.9579 1.07734
2.0698 1.31355 1.29783
3.41 0.4306 0.94498
4.99592 -0.09629 1.31043
4.12508 0.89233 2.21839
2.82975 -0.67167 3.64037
1.73812 1.60711 4.06804
1.52483 1.62504 1.57209
3.28695 0.41307 1.30325
3.47277 2.11795 -0.18061
2.37094 1.27636 0.84748
3.2129 -0.10754 -0.29492
1.90309 0.0175 -1.4728
1.22545 1.24237 -2.36312
1.85649 0.16149 -3.10355
1.9119 -1.26895 -3.38152
1.32192 -0.49933 -3.15901
2.11292 -0.37341 -3.99204
2.33537 -1.03334 -3.46698
1.84683 -1.70779 -3.7198
2.45804 0.41158 -3.31581
2.2363 0.87251 -3.98119
2.93652 -0.33644 -3.68366
2.56185 -0.55818 -3.84851
2.95432 -2.55466 -4.14595
2.01783 -1.62827 -4.32827
2.30134 0.25444 -3.98832
2.13156 0.97308 -4.86949
2.83043 0.45854 -3.91144
3.51762 0.93861 -4.03448
2.70664 -3.18551 -3.25691
3.7689 2.19134 -1.52084
3.9909 -0.005 -0.37242
6.17465 2.637 0.79821
5.60713 1.11335 0.1565
6.84824 0.21947 0.23803
6.28901 2.09385 -0.56754
6.10401 2.35623 -1.33121
6.29674 2.30974 -1.83059
6.99152 -0.15003 0.72134
7.25174 -0.24483 -0.24036
7.03981 -1.43232 1.38093
7.13315 0.63591 2.79808
6.83449 2.35408 1.59018
5.34903 3.38871 1.37307
6.5496 2.77931 2.28667
6.41568 1.47315 1.37122
6.35253 2.39537 1.9118
5.38641 0.62707 3.38836
5.35436 2.42972 1.19798
6.00986 1.30961 1.51527
5.93298 1.9758 0.68059
6.32311 -0.53237 0.65009
6.56178 0.01318 -0.6434
5.55997 -0.05478 -0.60771
4.88735 1.33231 -0.15873
4.26458 0.24047 -2.08352
3.6028 1.72076 -0.79825
4.0719 2.3478 -0.95643
4.11943 2.35671 -2.27057
4.95532 -0.59939 -3.94727
5.94359 0.57118 -3.02322
3.98208 -0.12273 -3.83098
3.74636 -1.61507 -3.23211
3.60313 0.8806 -2.04696
4.51206 -0.86499 -1.69805
5.20983 0.61939 -0.54279
5.68193 -0.11411 -0.44887
5.42263 1.15287 -1.91146
5.1644 1.12187 -0.91957
5.1855 1.50133 -1.40667
3.78009 1.38289 -2.4158
2.96656 1.52831 -3.06339
4.16026 -0.39524 -1.64391
3.24725 0.01898 -2.96355
2.5585 0.78104 -2.44929
1.25522 -0.55589 -1.69397
0.79054 -2.10056 -1.87522
1.68923 0.65965 -2.32823
1.42623 2.78196 -2.29149
0.98813 0.51002 -1.80406
2.33896 0.50081 -1.24804
3.02795 -1.95698 -2.39486
2.56063 -0.02707 -1.68521
3.35248 -1.11481 -1.69253
3.15726 0.76066 0.33794
2.05623 2.09101 0.83509
2.47698 0.36018 0.52485
4.26663 0.67468 -0.54344
2.54435 -0.49494 0.02462
1.85114 1.68802 -1.44636
1.79884 -0.62334 -2.4155
2.30893 -1.27311 -3.11501
2.25277 0.81868 -3.66434
3.16354 0.00895 -3.01911
1.72321 -0.07493 -4.7269
0.91678 -0.61857 -4.94487
-0.22928 -1.40809 -4.24534
0.53657 -0.2096 -3.22996
1.07748 0.50736 -3.92571
0.18566 -2.05941 -5.51673
-0.5163 -1.39469 -4.22369
-0.70771 -0.44629 -2.50986
-1.51941 0.24241 -2.20771
-1.17586 1.01543 -0.65526
-0.24078 -0.55056 -1.24447
-0.6134 0.83362 -1.3175
2.06842 -0.9826 -0.45149
2.42488 1.2875 -0.23104
2.1388 -0.24016 2.63474
2.10594 0.43794 4.08899
2.001 0.80422 2.56343
1.95035 1.15092 2.78881
1.58827 2.33077 2.57761
1.59904 -0.95663 3.15045
3.36283 0.93739 2.8087
2.91164 0.20292 1.84561
2.02992 0.48268 1.64909
2.75361 2.67462 -0.69702
3.52197 -0.21566 -1.22256
4.97589 1.17927 -0.72223
5.14051 0.30004 0.0029
4.8763 0.04739 0.35121
5.17406 0.42536 1.1991
3.99763 1.14393 1.37512
3.02876 0.87025 1.01579
1.28949 1.23077 0.67913
2.11148 1.49146 0.36452
2.83635 1.94489 1.62316
0.98681 1.02112 2.01179
0.09019 0.0831 1.09709
-0.23432 -1.23245 -0.15825
1.38551 0.84067 -2.4336
1.38561 0.68093 -1.62202
0.55259 0.44969 -2.71827
2.53689 -0.79081 -1.77624
2.29762 -1.09039 -1.50295
1.94067 1.33439 -1.78217
2.35758 -1.12974 -2.03697
2.51323 1.00968 -2.32255
1.96453 0.89652 -3.57406
2.3206 -0.11494 -2.49288
2.75302 -1.08227 -1.39249
1.36689 0.06276 -1.33463
1.24706 0.92156 -0.92099
0.78612 1.77012 -1.6558
0.9492 0.01687 -2.67334
3.11808 0.87693 -2.57825
2.16235 1.40611 -3.18394
1.84207 -0.71306 -1.54566
1.62402 0.82047 -2.06564
0.82028 0.35716 -2.98317
2.16314 0.38378 -2.00474
1.29454 1.48206 -1.33817
0.61215 0.12861 -1.80863
2.95612 0.76898 -2.96379
2.55108 -0.91817 -3.16464
3.35163 -2.36766 -2.19168
3.64714 -1.61523 -2.12795
5.04367 0.6064 -2.30502
5.33723 1.82077 -2.41932
7.59586 0.34199 -3.90447
6.59848 -0.68311 -3.34249
4.08756 1.40401 -3.26285
4.27249 -0.27771 -1.91131
2.49583 0.43406 -2.10997
2.69837 1.64349 -2.10589
3.66249 0.64937 -1.37001
3.61712 0.38003 -0.22104
2.66128 0.86069 -0.24649
2.28904 0.1935 -0.16367
-0.41433 0.88617 -0.22273
-0.05749 1.11541 -0.92089
-0.06108 2.23795 0.10772
0.70193 0.1588 -1.01141
1.58223 0.31709 0.31968
2.73357 -0.51096 -0.44689
1.53942 0.12422 0.68039
2.00574 0.3624 0.13378
2.54181 0.62982 0.14318
2.94088 0.75513 0.77911
1.34693 1.0428 1.20559
1.42382 -0.05738 2.11182
2.68243 0.93882 2.17275
3.35782 -0.19388 1.27688
2.94325 0.32247 2.15163
3.00941 1.04307 1.22101
2.24965 1.09189 0.39567
2.08671 0.97554 -1.41534
2.52152 -0.44903 -2.28587
2.89381 -1.57966 -3.03089
3.55891 0.62628 -3.4825
3.86003 -0.24748 -3.78207
4.52452 -0.12182 -5.06261
5.50674 -1.43664 -6.26832
4.11005 -1.82945 -5.77301
3.24585 -1.4588 -4.09176
3.70063 -0.19645 -4.23226
3.1897 -0.17828 -4.16125
1.6321 -0.98118 -2.38005
0.43003 0.50126 -3.06812
1.57272 -0.95721 -3.98161
-0.06525 0.9306 -4.00017
0.7397 0.09958 -4.18997
1.56159 -0.23896 -3.60013
2.57146 -0.58534 -1.98359
2.54396 0.81032 -0.72789
0.31732 1.08344 -0.94503
0.39763 -1.4187 -1.59118
-0.30422 0.75195 -2.35359
-0.53557 0.22024 -2.85621
-0.41226 2.62763 -0.2588
0.49522 -0.47665 1.17444
2.22755 1.52193 2.68212
2.67282 1.67993 2.64261
3.30053 1.07853 2.00483
2.53296 -0.33595 2.36048
1.66482 2.46385 3.11094
0.38869 0.06782 3.20902
0.67304 1.31457 2.28797
0.03194 0.67543 2.56663
-0.10024 1.2749 3.14652
-0.93523 -0.48651 1.0518
0.02081 1.18424 1.03494
-0.41597 0.43208 -0.65496
-0.62312 1.50063 -1.28554
-0.67645 -0.96957 -1.4494
-1.51788 0.29239 -1.22067
0.53454 -0.19345 -0.46613
-1.22782 0.72004 1.71262
-0.36282 0.99184 -0.23351
-1.71137 0.53305 0.86995
-0.93513 0.96457 2.49711
-1.26708 0.79931 3.10464
-0.90751 0.05856 0.96452
-1.14615 -0.22124 1.97386
0.76348 0.87835 2.95959
0.21743 -1.252 1.29364
1.43793 1.92773 0.75134
3.15666 0.98862 0.91165
2.0787 -0.05976 0.89073
1.16746 0.59227 0.73008
-0.65186 -1.84771 -1.18404
1.72639 -0.88053 -0.26832
2.24334 -0.50437 -0.32111
2.42835 0.27163 -1.67085
3.30431 -0.56631 -1.44139
2.06506 -0.36303 -2.13729
0.5959 -0.10236 -2.43335
1.26044 -1.43715 -1.20667
1.15058 1.20578 1.08344
2.61348 -0.58147 -0.35999
2.23865 0.75998 0.06298
3.4257 1.03761 0.62165
2.49472 0.03004 0.52682
3.125 -0.48006 -1.67349
3.26118 1.08807 -0.18402
2.29212 -0.123 1.40981
0.56499 0.13534 1.81853
1.50291 1.04229 0.75092
1.72615 1.3534 1.64285
1.74195 2.38555 1.70481
0.55677 0.72875 2.23762
0.16005 0.56089 1.40042
0.31741 1.67371 1.51489
0.67269 1.03042 1.07836
0.72045 -0.30852 -0.07188
0.40507 -1.09601 0.36835
0.30144 0.13148 0.51681
0.26438 0.22268 -0.31292
0.00807 0.23738 -0.98556
-0.29173 -0.46842 -1.23265
-0.86585 -0.18574 -0.91797
-1.38161 -1.03591 -0.98323
-1.93245 -0.96019 0.52001
0.73186 0.09978 0.74087
2.04116 0.28175 0.31463
2.8614 -2.02169 1.07822
3.66298 -0.04668 2.21358
5.49829 0.35634 2.39515
6.74132 1.9304 1.77625
6.39268 2.22955 1.2177
6.97983 1.00122 0.61916
