0.72052 3.77795 4.54427
-0.92903 3.55316 4.69919
-1.86363 5.75807 4.66519
-1.54427 4.66885 4.08599
0.19419 3.54337 5.45872
1.43656 3.46196 5.57383
-0.81162 2.75734 6.5586
0.26307 2.57591 5.9162
0.46845 2.3844 5.93215
0.4542 4.66709 5.2398
0.06305 4.95832 5.86909
0.02956 4.30108 6.39681
1.79729 3.78839 7.36289
-1.13172 2.27679 6.80282
0.28584 1.42635 6.16603
-0.72058 1.80378 5.14554
-0.83852 -0.30949 4.54514
0.02706 -0.17392 4.06306
-1.90293 -0.03 3.87679
0.29338 0.66104 2.49944
0.11522 -0.6603 2.23733
0.43387 -1.55734 2.60511
-0.4803 -1.66091 3.78405
0.12582 -1.62057 3.25652
1.47377 -2.00772 4.50827
-1.67877 -3.32135 5.6319
0.63996 -3.07896 4.31356
-1.78005 -2.98857 3.3439
-1.3311 -2.01621 1.58028
0.83847 -2.46428 0.45555
-1.55008 -2.2727 1.06547
1.79715 -1.91482 2.00712
-1.04608 -1.72444 0.48409
-0.23082 -2.30504 0.63
-0.21975 -1.71934 0.65625
-0.35602 -1.86128 -0.434
-0.5409 -1.79783 -0.4399
-1.45066 -1.63237 -0.21521
0.53196 -2.4579 -0.02447
0.01226 -3.07021 0.6371
-0.43815 -3.75521 -0.5499
0.43359 -3.67717 -0.16105
-1.92729 -2.42579 -0.32175
2.08152 -1.84787 -1.48525
-2.0302 -0.23436 -3.57108
-0.79167 1.68858 -4.90085
-0.91298 0.44534 -4.94074
0.05744 0.27922 -3.48687
0.45775 1.32408 -1.3309
-0.34277 0.96552 -0.54053
0.82489 1.06037 -0.20624
1.28453 2.36149 0.67671
0.61574 1.71525 0.07259
0.92217 2.19686 -0.22583
0.92505 0.85817 0.52754
1.63429 1.47985 2.12332
0.6931 1.57292 3.26926
-0.42252 1.50111 3.20033
0.3716 3.9102 2.44396
1.08014 2.4428 2.48279
-0.209 1.1678 3.29366
0.07183 1.17357 3.1209
-2.44095 0.82636 4.36786
0.37851 0.53356 2.20142
0.1218 -0.69282 3.79233
0.37857 1.49795 3.84448
0.73087 1.36991 2.12272
-0.36459 1.7198 3.48656
1.19603 2.0386 5.4151
-0.95936 0.79946 4.38619
-1.18207 0.64894 5.57557
-0.06956 0.75818 3.75893
-0.35188 0.70968 2.04998
-0.99331 1.12683 3.31498
0.37374 0.4536 3.35372
1.1412 -1.7603 1.89624
0.30326 -1.52379 2.71327
-0.04228 -0.0219 1.21199
-2.32253 0.11715 2.15267
1.52148 0.10311 0.47835
0.01738 -0.59767 1.14803
0.43719 2.47415 1.93643
2.01127 2.82098 1.67477
0.46458 2.98515 2.549
-1.15028 2.72884 2.45611
0.5625 0.49403 2.11437
0.39568 2.48167 0.40469
-1.00651 3.22444 0.44641
-0.86448 1.42874 -0.59153
-0.93428 1.72305 0.90561
-0.0985 1.55873 0.81687
-0.55714 2.75063 1.41486
0.18459 2.88818 1.07541
-0.75784 3.94765 2.92962
0.80728 4.74891 3.50353
0.49298 4.35742 3.14844
0.28752 4.61706 3.36258
0.75468 4.04554 5.19209
-0.415 3.87153 3.6493
-0.8923 5.22373 4.7618
1.88169 4.25206 4.71316
-0.25862 1.00649 3.18244
1.74104 -0.75352 2.87421
1.68511 0.5444 -0.06366
-1.02516 1.45658 0.45657
-0.31869 1.60271 0.44812
-1.19735 0.55032 1.05902
-0.98686 -1.03735 1.38964
0.29877 -1.25296 1.29135
0.74204 -2.50063 1.86943
1.40972 -1.40874 -1.31762
-0.99459 -1.20706 -2.68945
-1.17893 0.55352 -3.14038
1.28592 -0.21197 -3.70266
1.43641 0.15443 -3.5726
0.2975 -1.48125 -2.50377
-0.27844 -0.86802 -1.20551
-1.02795 0.91197 -3.01814
0.06165 -0.99514 -4.09796
-0.88814 -1.09064 -3.85552
-0.07459 -0.28895 -3.13418
0.08844 0.00113 -1.8664
0.71761 0.12405 -3.30524
0.58054 1.16215 -2.9097
0.57914 1.17403 -0.51918
-0.69666 1.00529 1.21999
-0.30626 1.7129 -2.20215
0.15789 0.83849 -3.38362
-1.68741 -1.99923 -2.21043
1.36259 -2.42092 -2.39191
1.61267 -2.51651 -1.89033
-0.24901 -2.03049 -0.85188
-1.05415 0.02647 -0.83561
1.11609 -0.78875 0.74718
-0.82274 -1.68576 0.1888
0.26242 -1.44252 1.83695
0.02267 -1.32303 1.94663
0.58959 -0.41781 -0.29032
0.34286 -1.91981 -0.91035
2.76635 -2.74945 -1.08017
1.92239 -1.59042 -0.81667
0.41947 0.56454 -1.71988
1.10727 -0.59888 -3.87611
-0.2791 -2.39234 -3.61639
-1.01404 -2.37265 -0.78289
-0.40826 -2.85948 0.79414
1.01304 -2.46946 1.62152
0.19413 -2.74724 0.36154
0.22851 -3.38296 1.11547
-0.54269 -4.181 1.68785
-0.00255 -3.68371 0.26112
0.09183 -2.93149 0.02515
1.3059 -1.20883 -1.31928
0.89044 -1.59822 -1.74027
0.28683 -0.79208 -3.20881
-0.19322 -0.48577 -2.60985
-0.83424 0.76246 -3.13519
0.79465 0.71984 -0.12684
0.81585 0.22288 0.5702
-0.74387 1.62236 1.76684
0.97133 2.10396 0.65801
1.63596 1.8443 1.79068
0.40192 3.12107 2.16044
0.59007 2.03915 1.77558
-0.33486 1.96426 2.11519
0.27351 0.34503 2.5476
2.3802 0.57415 3.65365
-0.35777 0.20185 3.97886
-0.08 1.78212 3.102
0.24793 1.78055 1.46824
-0.76845 1.36508 1.15237
0.38063 1.96773 2.08575
0.86121 0.97897 2.67097
0.4522 1.45901 2.19526
-1.71183 2.46301 2.57581
-0.49387 -0.54661 1.68146
0.40544 -1.23233 0.66006
-0.11838 -0.50048 1.19997
-0.36814 -1.27611 0.03483
-1.6104 -1.94959 -1.35109
0.37851 0.86284 0.45546
-0.05328 0.41874 -0.14029
1.44028 -1.5902 2.07925
-0.94199 -3.81684 1.42322
2.77427 -5.22963 1.08136
-1.19648 -5.70154 1.77291
0.05325 -3.49042 2.36425
0.53172 -2.50939 2.20531
0.94398 -2.00605 0.56315
0.99289 -1.13377 0.62804
-1.89037 -0.49322 -1.74934
-0.61434 -0.18498 -1.22581
1.03073 -0.71157 -1.14567
-0.28048 0.18928 -2.44358
-1.13806 1.07943 -1.87335
-0.69829 1.10978 -2.17315
-0.10903 0.42758 -1.05162
-1.14313 0.14338 -0.08586
-0.12195 0.32927 0.62627
-2.07369 0.07601 1.33814
-0.03861 0.15642 0.38229
-0.31012 -1.6018 -0.01345
-0.09086 -2.3569 1.20924
0.09708 -1.67354 -0.61002
0.09712 -1.9891 0.43895
-0.48779 -3.38432 -0.07918
-1.13725 -2.8835 -1.69189
0.63278 -3.41701 -1.52501
0.73322 -2.95229 -2.78312
-0.28271 -3.08619 -2.83998
0.02293 -1.79229 -4.2949
1.70804 0.01026 -5.31144
0.84587 -0.05351 -5.92182
1.23528 2.24866 -4.80044
-0.22055 2.85186 -5.28361
0.33824 4.2333 -4.91707
0.80897 5.35508 -2.02601
0.31641 3.1002 -0.25799
1.36559 2.55321 -0.40113
1.24245 2.83976 -1.02799
-0.66337 2.60353 -0.14494
-1.49666 1.81844 -1.58916
-0.90883 1.26406 -0.65301
1.21911 0.55823 1.52205
1.03379 -1.3526 1.01506
0.55766 -1.15191 -0.46411
0.17753 -0.22733 1.44816
0.02014 -0.01111 0.93999
-1.52165 -1.12164 2.39874
0.34656 0.09119 -0.24094
0.66875 -0.7949 -1.24037
0.38386 -0.77022 0.02869
0.02304 -2.13865 0.70047
-0.4589 -3.03414 -0.4537
-0.60083 -4.05661 -1.23562
0.30131 -4.73497 -1.83992
-0.24132 -4.18282 -2.6907
-0.00675 -3.08098 -4.68548
0.09112 -2.18358 -4.38568
1.16608 -1.80896 -5.03172
1.10662 -2.27147 -6.06983
0.33427 -3.11627 -6.88245
1.03249 -2.80711 -5.56727
1.20761 -2.4349 -5.10053
0.17879 -1.78929 -4.77204
1.4804 -0.29638 -3.78107
-0.54891 0.40211 -2.59798
-0.40806 2.05846 -2.32519
-0.28331 0.58771 -0.7166
0.26519 -0.23375 -0.27665
-0.3713 0.90808 2.03482
-0.37018 1.80141 2.20114
-0.66615 0.10451 1.82372
0.05686 -0.646 -0.45047
-0.61132 1.06208 -1.1816
0.20331 1.74208 -2.011
1.00552 0.61157 -3.59785
3.11769 0.65616 -3.92669
0.68356 -0.92826 -3.101
-0.29231 -0.71019 -2.86649
-0.77445 -0.64314 -2.1683
0.97338 0.33079 -1.31639
-1.3884 0.55912 -1.21211
0.6828 1.4947 -0.7284
0.8559 -0.76581 -1.14742
2.28673 -0.76098 -1.30859
-1.37738 -2.13503 -2.26533
0.30433 -0.923 -2.67236
-1.23375 -0.26138 -1.64823
-1.12688 -0.92923 -1.37312
-0.72198 0.528 0.3497
-0.34875 1.47157 -1.54338
-0.69496 1.58148 -2.49971
0.76401 1.06838 -1.20042
1.23836 0.06598 -0.49776
1.6267 -0.83753 -0.6546
1.5271 -0.78144 0.12537
-1.32468 -1.01578 0.16436
-0.41314 -0.65781 2.37128
1.17697 -2.67149 3.17199
0.94038 -2.47785 1.1994
0.08129 -2.8795 1.56147
-0.93486 -1.65227 3.24922
0.33007 -0.5523 0.90316
-1.0801 -0.38056 1.82113
-0.03167 0.38007 2.21649
-0.49971 -0.16809 0.09178
-0.75847 0.14828 -1.4085
0.0041 0.30936 -2.38936
-0.59288 -1.46097 0.04952
0.72853 -1.14843 -0.8088
0.54425 -2.09172 0.36286
1.39349 -0.91884 0.90485
0.49052 0.21797 1.15439
-0.02237 0.72692 0.22103
-0.62758 1.09505 1.54601
0.69971 -1.13652 2.23011
-0.46674 -3.74427 2.88983
-0.26238 -3.22324 0.83654
-0.15967 -2.61015 -0.40786
