-2.33344 0.65177 1.21046
-1.0063 0.86775 -0.65208
-1.22131 1.10126 -0.33982
-0.05097 -0.23303 -0.81272
-0.55345 0.18187 1.18961
0.03948 -0.58326 1.79257
0.03202 -0.27211 0.30188
0.86177 2.50876 -1.19343
-0.66484 1.04687 -0.56771
-0.8843 0.689 0.01158
-2.06927 0.91835 -0.7108
-3.37932 1.76997 -0.30801
-4.63523 1.47552 -0.08657
-5.16971 -1.73712 1.61025
-5.44136 -1.11903 -0.90724
-5.36074 0.14261 -0.62717
-5.07771 0.18963 -0.15233
-5.70692 0.49014 -0.59601
-4.56911 1.5284 -1.34671
-4.28711 0.73534 -0.35143
-3.66974 2.93383 0.22213
-3.30022 0.46711 -1.23549
-3.76436 1.60707 0.38931
-3.60432 2.05063 -0.84787
-4.06398 1.29697 -1.14608
-2.17122 -0.13742 1.40266
-0.85654 0.16858 -0.56541
-0.07486 -0.21877 0.34279
1.03475 -1.39378 -0.69773
-0.1062 0.06107 -0.31305
-0.64404 -0.22542 -0.42316
-0.70183 0.65531 0.76428
-1.64445 0.41927 0.26919
-1.6651 1.97803 0.42397
-2.96853 2.55592 -0.91963
-3.18842 3.08628 0.22394
-4.19014 2.09084 -0.69991
-4.36122 2.45518 1.1073
-4.27838 0.50505 1.06007
-3.74998 0.84156 0.34321
-1.67314 -0.39182 2.27302
-1.36104 -0.89823 -1.88197
-0.75459 1.27542 0.22516
0.15624 1.27112 0.70262
1.23069 0.26772 -1.81943
0.30026 -0.73993 -1.24758
1.23998 -1.43718 -0.84897
-0.2705 -1.25147 0.33548
0.05308 0.77799 0.14326
0.71472 1.48793 2.01392
1.98467 -0.03254 -0.50192
2.38238 -2.01406 2.13211
2.25878 0.40753 0.70199
2.37634 0.10534 -0.51673
2.09688 0.00628 0.89823
2.59903 0.42368 -1.7151
2.33426 1.86607 -0.87652
2.85601 0.75615 -2.69154
2.80252 1.17815 0.28444
3.14065 2.04909 -0.02193
2.40319 0.73037 1.09083
0.58844 0.99431 -1.01726
-0.10086 1.19416 1.278
2.02101 -0.28 -0.41698
1.80429 -1.4501 -0.65831
-0.74729 -1.42205 2.62006
0.05609 0.77315 2.14507
2.11842 0.67408 1.48066
0.75072 2.32033 -1.07733
0.02762 2.92118 -0.89956
1.68875 1.89586 0.51668
1.25604 1.08916 0.68514
1.83893 0.74891 0.50193
1.93063 1.45388 0.10414
3.61859 2.00444 1.05709
3.85169 1.53968 0.07112
4.8201 -0.68514 0.37922
3.85311 1.45154 2.03683
5.05749 0.18543 -0.23284
4.26428 1.25061 -0.44129
3.06011 0.29902 0.01974
3.19907 1.01324 -0.5167
0.44233 1.28837 0.36253
-0.26114 0.06054 2.171
0.23727 -0.4673 -0.99225
-0.47973 0.47972 0.93261
0.80441 -0.50169 -0.27367
-0.8322 -0.70624 3.19257
0.52428 -0.14705 -0.62288
-0.82342 -0.34921 2.91026
0.01869 -0.90141 0.92256
1.45316 0.05054 -0.72128
1.05614 1.83479 -0.04961
1.12735 3.5667 -0.51641
2.73644 1.24319 1.5933
3.14177 -0.49699 -0.39086
3.61053 2.63931 -0.39938
4.48626 1.4309 0.97352
3.11612 1.00061 0.35413
1.76864 1.31028 0.90925
1.27384 1.38515 0.18933
0.21374 1.03331 -0.56465
1.47275 0.3471 0.89345
1.32917 -0.93798 0.80601
-0.11904 -0.41157 0.34676
0.5177 -0.77284 1.96652
0.84248 0.02858 1.12471
1.42779 -0.55531 -1.16006
1.29994 1.61834 1.36908
0.15419 0.13147 -1.55221
-2.28209 0.59787 -0.20296
-1.81352 0.66869 0.02167
-1.53729 2.31329 1.87099
-0.6353 -0.6116 -0.59983
1.32182 1.3449 -0.96051
1.08138 0.32392 -1.53808
0.77233 -1.06159 1.63914
-1.29679 -2.37536 0.97782
-0.63997 -0.26404 0.61191
-1.25289 1.17572 0.67282
-1.44965 0.58062 -0.75176
-2.32076 -0.92593 -0.73145
-2.14024 -0.66619 -0.72929
-1.99051 0.36851 0.22585
-4.49362 1.90056 -1.56601
-5.09064 1.43185 -0.36998
-4.01767 0.73493 0.49487
-1.30421 0.37101 -0.4127
-2.29265 -0.00887 -0.37485
-1.27475 -1.1228 1.89794
-0.87169 -1.30689 -0.01149
-0.90343 -0.94284 0.09885
-0.39477 -2.08427 0.78929
-1.12792 0.06414 -0.56081
-0.27431 -1.13943 1.03968
-1.08826 -2.7224 -0.63124
-0.07455 0.49153 1.18296
2.3514 -0.36491 -0.85615
2.11615 -0.63843 -1.13468
2.94445 -0.04953 0.60927
1.94268 -2.4792 -0.55878
2.37593 -2.05541 0.72181
2.48681 -0.35815 0.18482
1.35777 0.36739 -0.34348
1.48327 1.14762 1.19671
3.13187 -2.01635 0.64821
3.87721 -1.24449 -1.73631
3.01713 -0.68224 1.86239
3.98386 -0.43615 -0.34278
3.79906 2.19111 0.81789
3.27469 1.40816 -0.94552
2.53001 0.53196 -0.63142
4.28119 -1.19952 1.38141
3.43324 -1.27558 1.22471
3.30398 -0.31999 1.60629
3.55898 1.47134 0.28266
3.59631 1.64896 -0.15181
3.43402 -0.73303 0.65684
4.78172 -2.0047 0.58625
4.98109 1.76128 -0.19744
5.51294 -0.87803 0.7981
5.09786 -1.58833 -0.78051
3.63887 -0.53417 -1.26125
5.89452 -0.9625 -0.05552
4.8231 -0.10696 0.71632
4.15119 0.10229 0.78402
2.43647 -0.53994 -0.99045
0.97797 1.48829 0.66647
2.24874 0.99822 0.49483
2.08284 0.214 0.50762
1.56168 -1.09591 0.48633
-0.02508 0.05838 0.96205
-0.11659 0.23378 -0.00475
0.61057 -0.81906 -0.46129
0.54639 0.71719 0.11521
0.81251 0.5423 -1.03375
0.1431 -1.53634 0.18592
-0.29415 0.82597 1.03805
-0.05966 -0.04069 0.66963
1.31616 0.69241 0.84426
2.77418 0.15572 0.19857
2.69093 0.11661 1.09874
1.70879 -0.94883 -0.08291
0.67945 -0.20328 -0.30378
-1.5741 0.71602 -0.42975
-2.61435 3.07431 0.26003
-1.42938 1.15473 0.38723
-1.09835 1.06071 -0.32487
-2.70497 -0.12393 -0.56525
-2.68422 -0.662 -0.59418
-5.74001 -1.73273 0.81267
-4.41815 -0.27487 -0.34859
-4.27693 1.83926 -0.51975
-4.86483 1.23939 -0.64367
-5.198 0.47508 0.91062
-5.25146 1.58702 -0.1794
-5.40795 -0.43006 -1.43227
-5.8462 -0.5165 -0.20752
-3.9649 -0.33768 1.24011
-4.43683 -0.13124 1.89352
-3.9248 0.33047 1.41958
-1.57233 0.60852 0.63078
-0.63711 -0.20664 -1.11896
-0.72696 0.88269 -1.17556
-0.28986 0.26904 0.61412
0.32877 0.7896 -0.23003
-0.24231 -0.88772 0.3418
0.02563 -1.86778 0.22611
-1.42832 0.49553 -0.89928
-3.21297 0.92933 -0.96222
-2.55374 0.45242 0.51825
-2.51004 0.75765 1.18369
-3.10154 1.36945 -0.84792
-3.58107 1.67567 0.3689
-3.55027 -1.08865 0.42172
-3.60814 -0.32369 0.03991
-2.84664 1.209 -0.8735
-3.11206 2.59693 0.46394
-3.84341 1.20488 -1.664
-4.54607 0.74741 -1.28672
-3.50031 0.92284 -0.47748
-4.77304 1.49733 1.92321
-4.68002 -1.89048 -0.1216
-4.77505 -2.14367 0.36324
-3.96979 -0.66786 -0.62581
-3.37038 -0.23867 0.90777
-2.09268 -0.05689 0.97773
-3.27947 -1.80532 -1.80211
-4.38753 -1.10901 -0.70578
-4.13459 -0.87008 -0.60356
-5.37708 -2.09869 -0.65751
-4.67551 -1.3123 -0.02376
-6.18462 0.27142 -0.62204
-5.23459 -0.9478 -2.27062
-5.53675 1.47109 1.53511
-5.81607 1.42272 -2.71415
-5.99426 3.72082 -0.63001
-5.55184 3.02232 -0.08524
-5.05972 1.22228 -0.02968
-3.49431 0.81993 -0.4056
-3.31223 0.55548 1.23999
-1.17226 -0.46678 0.82971
-1.00552 -0.94615 0.2672
-3.34356 -0.1763 -0.95591
-3.31126 -0.94725 0.29012
-3.83163 -1.06377 -0.61342
-4.47298 -0.00616 1.68706
-3.68942 0.27692 1.40007
-3.44407 0.07692 0.39531
-3.98143 0.80281 -0.16944
-3.90544 0.43851 -1.00759
-1.65207 0.79999 -0.29598
-0.40285 1.93163 -0.16505
-1.48693 0.30021 0.83438
-2.21148 1.10191 0.8279
-2.11752 0.49916 -0.89522
-3.4199 -0.45708 1.28831
-2.62923 0.16137 0.35437
-2.43525 1.94317 1.08302
-3.8596 1.12002 0.13415
-4.63918 1.62139 1.77335
-3.26902 0.91219 1.36042
-2.44396 0.77941 0.7655
-2.9633 -0.08138 1.92774
-2.01244 0.33783 0.87648
-2.7938 2.48946 1.13454
-3.84731 1.29196 -0.92601
-3.98708 1.17015 0.10112
-3.27759 -2.0636 -0.15478
-3.50208 -1.20171 0.79361
-2.61893 -0.52681 0.19836
-3.34583 -0.05421 -1.09241
-3.78094 1.4754 1.15051
-5.41094 1.26047 0.84779
-3.90648 2.77228 -0.75001
-4.76829 1.17519 0.45339
-4.00136 1.34222 1.15861
-2.16343 1.81207 -1.79001
-2.42182 -0.07895 -1.57675
-1.80565 -0.47321 1.70166
-2.72081 -0.39582 -0.36404
-3.84283 -0.22677 -0.6989
-2.75794 -1.33089 0.33101
-1.90568 -0.11541 -0.87018
-2.29129 -0.7517 -0.69386
-2.94076 -0.73326 1.49728
-2.67984 0.59909 0.73048
-4.2771 -0.66094 -1.21862
-4.35376 -0.91872 -2.21083
-4.83321 0.23654 -1.55432
-5.2888 1.41534 -2.13322
-5.17947 0.62306 -1.38321
-5.07449 0.73171 -0.91763
-4.19458 -0.47201 -0.28119
-3.29098 0.54165 -0.26412
-2.57221 0.2484 -0.31817
-3.53022 -0.0609 0.53552
-2.41798 1.24196 0.05372
-3.5394 0.69065 0.09682
-5.28191 -0.36003 0.60649
