6.205 2.89339 0.61963
5.11557 1.21525 2.91971
4.85967 0.40502 3.94148
5.41108 -0.39168 4.27692
3.59939 0.52004 1.52143
3.02632 0.18521 -0.11157
2.8647 3.08099 0.49739
2.01659 4.80562 0.10311
3.05942 1.39956 0.38903
2.61078 1.97645 1.91799
2.05443 1.01125 3.95397
3.78063 0.49004 2.60437
3.42962 1.53194 2.82833
0.89923 3.82718 0.47524
1.10131 4.47402 -0.31223
0.42356 3.8425 0.408
0.84574 1.65909 2.35708
0.49738 1.70627 1.36113
1.68593 -0.1609 1.32591
2.41214 1.35919 1.0082
2.20981 0.81957 0.93639
0.57089 0.88756 0.60421
0.69108 -0.92751 0.07827
0.19403 0.78341 0.43289
0.38866 0.39472 -1.09375
-0.5663 -0.11698 -0.43387
-0.06366 -1.64496 -1.5413
0.42543 -0.77462 0.9485
1.61197 -0.18897 0.8789
0.86059 0.27253 -1.49043
-0.03985 -0.11301 0.30857
1.27646 1.43444 -0.54806
-0.23422 0.7049 -0.95372
1.4641 -2.11322 -0.43776
3.78045 -2.19246 0.4248
4.64549 -1.64628 -0.79733
3.68011 -1.0446 -3.06406
3.06952 -2.86847 0.63874
2.26822 -1.56049 0.06234
2.09873 0.48383 -0.32497
2.20746 2.27319 0.79573
1.64536 2.56796 -0.43807
0.76257 1.16947 1.58005
-0.57762 2.03459 2.43577
1.54806 2.11102 3.63518
1.02213 1.34553 2.02028
1.66224 1.75891 -0.03356
2.59652 2.96649 0.13318
2.02861 3.36329 2.47698
0.30363 3.04178 2.13031
0.73454 1.93569 2.77626
0.41262 4.02125 4.38705
1.62573 3.12937 1.47302
2.03575 3.9561 1.53556
1.90578 4.19926 0.1509
3.01697 3.2292 1.40305
2.1857 2.82656 2.16288
1.54123 3.44162 3.18774
0.69895 2.36984 3.39178
1.78176 3.12462 1.19326
3.67501 3.86374 2.3934
2.75997 5.44969 3.09189
2.5379 5.07493 3.33986
1.04283 3.73119 3.50145
2.01393 5.00986 2.42549
4.05428 7.25069 0.93673
4.71497 7.45388 1.36361
4.44422 6.24006 1.27949
4.23271 5.34956 1.3844
9.46449 6.47208 1.52123
10.62469 5.47042 1.04369
11.03913 5.11356 2.28313
11.46791 4.72245 2.48387
11.28066 2.03615 2.86259
11.82758 1.70865 2.31355
11.52893 1.67526 2.30557
10.26252 3.34047 -0.15793
9.18936 2.35371 1.40232
7.70689 0.67887 0.72291
8.77035 1.26367 1.56727
6.63166 0.23901 1.0191
6.5345 -0.80698 1.77266
5.76907 -1.22891 0.4127
5.72341 -0.42191 0.23427
4.91628 1.01469 0.59263
5.09658 1.42028 1.11255
3.86874 2.28955 -0.01586
4.27338 1.70909 0.59105
4.33342 0.67288 0.27092
4.65783 -1.39025 0.23957
5.50396 -0.8644 1.29011
4.09161 0.56016 -0.61962
3.71355 2.02541 -0.74074
5.16385 1.11631 -0.05004
5.67556 1.14217 1.02564
4.8831 2.14877 2.86931
3.69963 0.86371 0.80295
4.2218 2.92241 1.74024
4.46022 2.56492 2.05857
3.9699 0.8816 0.33191
1.06693 0.81478 1.13669
2.35706 0.73002 1.36347
1.67434 1.20012 0.22949
0.22048 0.98768 0.69768
0.22341 2.30949 0.27327
1.26709 1.76932 0.68854
0.27613 1.512 0.56422
0.42674 1.20629 1.97149
-0.28803 2.64501 0.01784
-0.61877 2.43439 0.69993
0.87833 3.15263 0.08762
1.71938 3.53778 0.64787
2.77596 4.1452 1.81523
1.61719 1.93431 2.65498
2.55034 1.36897 3.12247
3.69187 1.80741 2.02128
5.49805 3.75914 0.97358
3.50988 4.76346 1.28201
3.76006 3.58181 1.62391
4.13238 1.81163 1.37554
4.41839 2.25683 1.96245
6.17321 1.31901 1.53023
8.09096 1.23233 0.73846
7.16719 1.86628 -0.13407
5.82547 3.7309 0.08813
6.61063 2.76791 0.22869
7.15422 3.62147 -1.08171
7.53458 2.4201 2.80397
6.46056 2.80434 2.01972
6.33107 2.71844 1.5931
4.89157 2.54508 2.13709
6.09916 4.16579 1.85268
6.96731 3.7811 2.2009
8.21705 2.56232 1.79658
6.38247 3.71809 2.01376
7.36711 1.5788 1.07329
8.43272 -0.95722 0.80506
8.77786 -0.32186 1.36079
8.00047 -0.92341 -0.05543
5.73607 -0.41123 1.01563
3.91339 -0.40296 0.83861
2.03683 -0.34108 0.78799
3.11128 -0.29817 1.03192
1.73993 2.72912 0.06249
2.55692 0.54982 -0.65656
1.79004 -0.29487 -0.92054
2.27166 -0.24804 -0.04777
1.76825 -1.27926 0.05761
2.76429 1.41207 -0.24397
2.74763 -0.49918 -1.47777
2.40189 0.49965 0.72906
1.99261 0.17529 0.38278
2.0463 1.40477 -0.23932
3.81752 1.13705 0.26991
-0.06454 -1.07976 1.07879
0.56911 -2.23982 -0.79509
1.27867 -2.02855 -0.60093
1.33627 -2.44518 -0.02699
2.98638 -1.76053 2.52422
2.69765 -0.97546 1.64065
1.13163 -2.28375 2.21238
-0.28245 -3.12477 -0.255
0.25403 -1.98768 -0.65891
-0.11157 -0.52941 -0.7038
-0.75459 -1.28606 -0.13996
-0.7595 -0.83887 3.33188
-2.12919 0.59699 2.65579
-2.10592 0.11351 2.90647
-1.59826 1.90974 0.74038
-2.08813 1.83171 0.93576
-2.22584 4.05216 0.50773
-1.64029 3.92601 0.67783
-0.45236 3.69153 0.56085
-1.05542 3.60182 2.06026
-0.30935 3.03708 4.08734
0.53327 2.0265 0.98525
1.97133 1.81675 2.23312
2.00755 4.58552 0.3331
3.65483 4.44527 0.62682
2.01767 5.00261 0.41044
1.66823 5.30964 2.41857
1.84568 4.19458 2.23753
3.14841 3.16244 2.42571
4.77845 2.58479 2.17607
5.7076 3.64987 3.52143
5.18737 2.5288 2.77534
3.63431 3.88427 0.90499
5.68031 2.65647 1.8353
4.16379 3.9425 2.60922
5.63679 3.94493 2.15369
6.51149 4.48723 3.18932
6.39441 3.43243 1.28151
5.26229 5.24554 1.89216
5.92753 3.57008 0.26172
6.40273 2.48366 2.94338
7.38001 1.60863 4.88885
7.97371 0.5677 3.10682
6.292 0.57724 2.33048
7.99988 2.34929 2.24188
5.2088 1.30946 0.14789
5.24271 3.84746 -1.08669
5.69346 3.69359 -0.08635
6.49776 3.00731 1.57441
6.3041 3.39577 2.90766
6.70284 1.07491 0.76559
6.79029 1.83342 2.96867
5.65122 4.84242 3.5115
6.76178 3.42545 1.90366
6.79124 3.51411 -0.45457
7.25726 5.05769 -0.90361
6.91584 4.48668 2.69883
7.16301 4.22337 1.27905
9.06978 3.52219 1.0735
7.02403 4.84087 -0.09554
7.2883 5.29298 -0.57758
7.34533 5.18611 0.98886
9.01992 4.48892 1.74202
8.39723 4.5905 3.10262
8.17117 4.27196 1.93296
7.25991 2.49808 2.6233
7.74208 4.58785 2.84147
8.04051 3.47908 3.3387
7.75618 4.28763 2.54997
7.50869 3.55141 2.0312
6.29931 4.25199 2.27389
6.58208 3.58026 3.29436
6.44999 2.93032 2.39618
5.74524 4.82254 2.60791
4.37228 5.5556 0.7195
4.83497 5.17451 1.65786
4.83287 4.5362 2.01924
6.72621 3.73301 2.82786
8.69145 2.69929 3.19795
10.46983 4.03395 3.75447
9.31072 3.82298 3.30529
10.55619 4.42543 1.3845
12.17958 3.73613 2.35371
10.66931 3.85596 0.82917
11.35793 4.47065 1.72585
10.49417 4.70543 0.88558
9.76066 3.96324 2.37314
9.0711 5.01794 1.94139
8.7682 4.0426 1.56519
9.36223 3.54548 1.09377
11.39123 3.13125 1.18391
12.13869 3.22693 2.45394
11.08465 1.87725 1.85311
9.8238 1.23696 1.8668
9.11965 2.26174 1.483
9.03662 0.90835 0.69996
8.12303 2.25281 1.54541
8.42074 1.304 2.25206
9.46947 2.58371 -0.24057
10.6659 4.1602 0.60352
9.27236 4.81931 0.82113
7.41968 5.09314 0.79955
6.38843 3.41383 3.14772
7.20699 3.27471 2.9453
7.75849 2.90239 1.93898
7.97062 3.31275 2.30839
6.22795 5.64127 0.77259
6.16654 5.04321 0.40602
5.37176 3.83692 3.1211
5.8031 2.67386 2.02927
7.29794 1.78485 2.70504
7.10409 1.7766 4.37023
7.81356 2.43641 2.27234
6.40296 4.00496 2.19995
5.53795 5.61684 0.78965
4.86988 6.52052 0.59495
4.84315 6.05049 2.3249
4.05491 5.12825 0.43465
8.09564 5.27757 1.02149
6.72469 6.41093 1.26256
6.77529 4.36305 1.78625
8.3986 4.36869 3.5892
8.97381 3.5815 2.44835
9.54678 2.94215 4.22144
8.89234 3.19187 1.64119
8.96354 4.03174 0.95438
8.90669 7.27284 3.50314
10.13929 7.67693 1.8223
10.26032 6.10002 1.67356
10.60906 8.51899 1.06095
11.84521 6.50957 0.52837
13.90892 6.99374 0.65821
14.40884 7.08325 2.25282
14.53176 5.01525 3.05365
13.74174 5.87607 2.33786
14.61104 5.37407 1.81631
15.6841 3.32669 2.85172
16.44762 4.06449 4.14038
16.44351 4.94411 2.00998
16.73138 6.2375 0.98465
14.97481 7.51834 2.15024
13.72879 8.2378 2.27492
13.60789 6.68831 2.61425
15.44003 7.95869 2.63697
16.07235 7.51449 2.243
15.86664 5.01858 2.54383
