1.0164 0.81605 0.07717
2.3009 0.45466 -1.3643
0.18239 1.3939 0.6325
-0.29983 0.72249 0.69977
1.07817 0.19164 -1.61426
-1.79193 0.98473 -1.90978
-0.08163 -0.65601 0.04046
1.82315 -0.69613 -0.12665
0.70163 0.58752 -1.58355
0.65137 2.62995 1.23714
-0.27859 1.74255 -1.53141
1.65679 1.59115 -0.66129
1.57741 1.02324 1.31197
1.18409 0.92819 0.39195
0.39166 -0.04978 -0.52749
0.16501 -0.12419 -0.57355
2.05704 0.58199 -0.62648
0.38883 -0.09186 0.64252
0.51916 0.60486 -0.27196
0.51079 -1.28341 -0.23587
-0.58299 -0.35657 0.44328
-0.55929 -0.97956 0.11441
0.41376 -0.89838 0.57294
-0.7461 -1.81269 0.8087
-0.28978 -1.39338 0.64189
1.42823 -1.95458 2.01879
-0.07825 -2.6277 1.10464
0.1915 -2.20296 -1.2738
0.16359 -0.42491 1.30965
2.29484 -0.09097 1.68125
0.70419 -0.52035 -0.36668
0.96299 2.36314 0.45093
-1.55716 1.90052 0.03154
0.00581 2.54675 0.34263
-1.66083 0.74486 -0.64145
1.7532 1.69473 -1.71945
0.80188 0.74405 0.28217
0.19188 -0.169 -2.1442
1.29689 -2.78738 2.24382
0.33815 -0.17481 0.21721
0.30357 1.89871 -0.2158
-0.11447 2.05538 0.07805
0.67271 1.46943 -0.20467
-0.0803 1.27777 -1.34005
1.01204 0.58204 0.02924
0.05852 1.5909 0.0739
2.64233 1.53407 -0.47931
0.34246 0.0521 -0.64793
0.85475 0.44213 -1.38319
0.6021 2.07817 0.93315
0.19294 2.03304 -0.53101
0.47292 1.04675 -0.53522
0.33912 1.77748 0.6547
0.61542 1.77478 -0.31704
1.46861 2.52555 1.2354
1.31866 0.48365 1.72955
0.83544 -0.20696 0.18329
1.18493 -0.65112 0.66001
1.08107 -0.90338 -0.91928
-1.58686 -0.21573 0.23955
1.71497 0.26128 -1.26392
-0.63389 -0.74651 -0.8965
0.33959 -0.07269 1.95903
0.83189 -1.76684 0.4147
-0.77523 0.134 1.01303
-0.48187 0.23044 -1.95746
-0.56051 2.46129 -0.44824
-0.60514 0.29626 -0.13628
1.07808 1.8058 0.52761
-0.59609 -0.12416 -0.30754
1.46349 0.4042 -0.05184
0.05739 0.41039 0.1211
-0.57409 -1.44829 -0.85704
-0.75244 -1.43088 1.547
0.35036 -2.3869 -0.35581
-0.46634 -0.16846 1.06437
-0.39531 -1.34355 -1.12016
0.54879 -2.89451 -1.17199
2.57938 0.15366 0.8698
0.39061 -0.05822 -0.16506
0.13829 -0.47065 -0.40116
1.52783 -1.50511 -1.05686
-0.47753 -0.35177 -1.15185
0.78197 1.04176 1.04169
0.45331 0.4943 -0.74755
0.34067 0.92055 0.03617
0.25392 0.99959 -1.04354
-1.19722 1.73707 -0.73817
-0.66678 1.09848 -1.50421
0.33513 -0.58438 -0.33536
0.90919 -1.58773 1.38335
1.07687 -0.80948 1.26743
2.18917 0.47213 -2.50001
-0.67922 1.21337 -0.76086
2.30449 2.97244 2.18066
1.59927 2.47464 -0.81121
0.8811 4.09257 0.81331
2.03282 2.64929 0.69183
1.16654 2.63144 0.36215
0.5493 0.85085 -1.17966
2.29884 -0.76718 -0.2663
0.57513 1.03739 -0.48497
-0.52039 1.21335 0.55545
0.15088 0.64859 0.3678
-1.39151 0.83825 1.07815
1.73717 -0.555 0.84799
0.55219 -1.07962 0.35575
0.54833 0.22225 0.7196
-0.11603 -0.50985 0.62949
0.06359 -1.46468 0.72546
-0.65236 -0.09772 -0.17437
0.73643 -1.47014 -0.94294
1.49714 0.10089 -0.87225
-1.0803 0.27477 1.49309
1.3507 -0.42515 -1.27123
-0.96857 -0.36009 -0.55756
1.99876 1.39506 0.57115
-0.92407 0.5354 -1.16389
-0.4334 0.81529 -0.52683
-0.35472 -2.17881 0.08726
0.58351 0.32089 0.31451
-0.55402 1.85162 -1.35763
0.72479 -0.2279 -0.13483
-0.4018 0.11261 1.16132
0.27821 -0.97408 -0.38695
1.72729 -1.85039 0.03752
-0.00679 -2.31783 -1.56777
-0.89602 -0.98185 0.1399
-0.73676 0.74075 0.39743
-0.96869 1.22648 -0.13107
0.25995 1.80162 0.08361
0.19169 0.47045 -0.48044
0.17453 -2.16655 -0.04621
0.93585 -2.14898 1.34237
1.22577 -0.90462 -1.68736
-0.46503 -1.88915 0.87304
-1.0933 -0.73662 0.18869
-0.64853 -0.09707 2.05749
-1.41298 -0.01792 0.04945
0.20327 -1.07028 -0.29149
-1.63009 -1.78578 2.01625
1.13722 1.39101 0.68443
-2.34989 0.17287 0.52626
1.27949 -0.25035 -0.08884
0.3832 -0.96877 0.26944
0.71799 -0.68602 -0.50007
0.16736 -1.5727 0.42594
-0.62212 -1.74672 0.64667
1.37203 -0.98046 2.27138
0.38091 -1.21227 0.03115
-0.14188 -0.53082 0.86689
0.01368 1.54518 -0.78235
-0.03726 0.59564 -0.2133
0.14973 0.29441 -0.54055
0.00396 1.59357 0.87581
-0.75707 0.77271 0.3933
-2.34687 0.30635 -0.58467
-0.58572 0.09444 0.39359
-0.68611 0.13385 -0.24241
1.03279 -1.86286 0.04743
-0.00937 -1.30684 0.28529
-0.81847 -2.172 -1.95641
-2.10495 -2.0055 0.36034
0.71923 -1.94521 -0.60107
0.13089 0.13258 1.0486
2.22252 0.23285 0.208
0.49594 0.24177 0.36697
0.27547 3.22946 0.7586
0.23962 2.54145 -1.95038
1.46202 1.78176 -0.12709
1.76073 1.13059 0.12242
1.80934 2.73574 0.35055
1.39764 2.61207 -0.49967
0.25359 1.98578 -1.61593
0.96986 2.72524 -0.49856
0.75356 3.5208 0.47227
1.66105 4.01233 -0.09308
0.46978 3.00881 0.48631
0.11917 3.44618 0.048
1.59489 1.03063 -0.4586
0.73738 -0.15463 0.36349
2.25124 0.87877 0.81812
1.33205 -0.73072 0.20963
0.2692 0.19401 0.20016
-0.45784 0.34669 0.78009
0.87633 0.61607 1.16892
-1.04122 1.15242 0.69818
0.16123 2.66975 1.6839
0.04891 0.72812 0.08926
-0.39663 1.71411 1.91011
1.68103 1.97308 -0.28931
2.80002 0.66559 -0.55377
2.13515 2.08568 -0.54731
-0.49601 1.02584 -0.40474
0.09648 1.27731 -0.75393
0.56311 2.73513 -0.9169
0.01623 2.06003 -0.33829
0.28421 0.30896 1.45722
0.42791 -0.49756 1.0043
1.89831 -1.02852 1.02799
1.21843 -0.03898 -0.84688
0.32175 0.97068 -0.02255
-0.60893 0.95911 0.76609
0.5619 1.57821 0.87937
0.19175 -0.22276 -0.97781
-0.50977 0.61711 -0.16335
0.34726 0.34367 0.06323
0.2822 1.69098 -1.43967
-0.8322 2.2762 0.16656
1.64779 1.47594 0.89092
0.01792 2.82987 -0.73999
0.5996 1.41157 0.79311
0.03582 -0.29094 -0.15445
-0.68795 -0.01275 1.26621
0.92406 -0.5457 1.69684
-0.10643 -0.5024 0.39642
-0.74662 0.43586 0.42707
-0.50977 1.14814 -0.68238
0.60259 -0.51737 -0.708
1.47686 -0.20161 -0.07025
-0.1225 -0.03931 1.67997
0.863 -1.13239 1.81459
0.95533 1.66345 -0.59814
-0.4226 1.68831 -1.31368
-0.32339 0.99014 -0.35808
0.9654 0.28687 0.15079
-1.66058 0.38542 -0.30789
0.62892 -0.71289 0.40163
1.6014 -0.69906 0.07501
-0.1227 0.35507 -0.96651
0.48439 -0.97985 -1.3549
-0.70975 -0.18901 1.0036
-1.38196 1.02863 -1.27314
1.29385 2.89836 0.0266
-0.8752 1.97182 -0.94683
-0.57786 1.93841 -0.62252
1.25422 1.58723 2.35433
1.69962 1.77982 -0.93437
2.0934 -0.0223 -0.62515
-1.11685 1.06106 1.78855
1.51949 1.74543 1.31731
0.6308 1.70199 -1.17846
0.56185 1.3463 -0.29073
-1.13246 1.01848 -1.11332
0.93316 3.49417 -0.81803
-1.58751 3.38025 0.2343
2.16105 2.39166 -0.71534
-0.23765 1.1614 0.22456
1.98676 2.27172 0.0183
0.98229 0.82905 -1.45282
0.94352 1.20502 0.87615
0.82268 0.10007 -0.21003
2.21566 0.64787 -0.2104
-0.71056 1.29573 -0.53526
0.72383 1.06723 -0.11448
-0.43715 2.64742 -0.22867
0.75296 2.15551 1.46542
0.33434 3.0333 -0.04057
0.16889 2.80683 0.73735
1.11205 1.6353 -0.31219
1.18269 2.57515 -0.5707
1.13453 2.75112 0.58157
0.93873 1.81911 1.09881
-0.26318 0.48586 0.83262
1.69571 0.86397 0.44312
1.34627 3.30732 1.93393
0.2064 3.12826 0.45594
-0.60725 2.20084 -0.93558
0.0612 1.79311 -0.6023
1.96486 2.29574 -0.62849
2.13401 1.05453 -0.09936
0.47304 1.47992 0.91212
0.78815 0.38584 -0.09159
1.86104 1.32367 -0.1648
0.59688 1.58644 0.15232
0.3028 0.26588 -0.70663
-0.78948 0.65732 0.62472
0.66988 2.2024 -0.49013
-0.84579 0.75334 -1.17032
-2.64232 0.26003 0.28343
-0.80359 0.47349 0.01084
0.19761 0.61309 -0.86611
-0.63574 0.60778 1.33224
0.04974 -0.89216 -1.21283
-0.60432 -2.06374 -0.41491
-0.2843 -2.42704 -0.77947
-0.00746 -2.30023 1.25163
0.07044 -1.08631 0.98209
-0.91995 -3.45453 -0.79329
0.54676 -2.25611 -1.76304
0.72166 -1.05762 0.81352
-1.52978 -0.73351 -1.32045
0.25109 1.0022 -2.10679
1.65738 -0.13861 -1.60372
-0.04729 1.24781 -0.01493
-1.19104 0.69804 1.2472
-1.09051 -0.53775 0.47344
-0.91286 -0.79672 -0.66833
1.22627 -0.59614 -0.72863
1.03792 -2.35641 -0.22577
