0.91822 0.92585 -1.06093
1.1206 1.2545 1.58901
0.6784 1.09963 -0.1329
0.24343 -0.69555 0.13022
-1.013 -0.86424 0.64715
0.88609 -0.10674 0.92678
0.88568 0.06386 3.25239
-0.77784 1.1287 0.80922
0.5636 1.34882 -0.43188
2.4114 -0.05724 0.83976
1.6325 -0.57549 -0.08586
-0.59298 0.30876 -0.08776
-0.6085 2.23835 1.6067
-0.8309 2.04726 1.44105
-0.25125 -1.93929 0.28597
1.20102 -0.7746 0.29914
-0.06595 -1.88189 1.19679
-0.30498 -3.48944 -0.41932
-2.82057 -3.16834 -0.41826
1.85328 -3.15415 -0.9318
0.38531 -3.58946 0.36881
0.11182 -3.50243 -1.31213
0.15205 -2.17048 0.32619
0.0681 -2.20445 2.01717
-0.74281 -1.96454 0.44507
-2.3156 -3.05207 0.10818
-2.10572 -2.45083 1.22809
0.91914 -2.86416 1.67547
-1.2449 -0.94575 0.10324
-2.36328 -2.54976 2.77443
-2.06839 -2.30935 0.06449
-0.86761 -0.75087 -0.70873
-0.06904 1.08556 0.37128
-0.25492 1.29283 -0.05118
-1.21324 0.6529 -0.5214
-0.27838 -1.57064 0.2522
0.20683 -0.26039 -0.44956
0.67518 1.49663 0.25547
0.1259 1.56862 1.97878
-0.90124 2.82428 0.66517
-0.60106 2.79212 1.79557
-0.41307 1.26697 0.63078
1.06307 -0.6104 0.01313
-0.15147 -0.22536 -0.2602
-1.08825 1.22601 -0.12082
0.16639 -0.05156 -1.20949
-0.11883 1.17425 -0.04061
0.15202 1.3127 0.62685
-0.33952 1.19069 0.45594
-0.61622 0.5688 0.63749
-1.14792 -0.1012 0.86389
1.01802 -1.63678 0.61544
1.72854 -2.01461 -0.36633
0.82779 -1.32115 -0.10578
-0.67754 -0.10846 0.96925
-1.00173 0.61234 1.97864
0.32061 0.13068 1.13377
1.77966 0.26144 1.93616
2.96879 0.51661 -0.32547
2.1301 0.89498 0.34043
2.61878 -0.1671 1.54188
-0.1352 1.94732 0.00262
-0.56067 2.3874 -0.27205
-0.03696 2.85671 0.5451
0.99076 2.01118 1.43869
-1.2097 0.43194 0.00149
-2.00506 0.90265 -0.10427
-0.84222 1.3071 1.95819
0.2117 3.34856 0.23531
-0.08325 3.35447 0.47246
0.37251 2.95257 0.54392
-1.17084 2.16417 0.14658
1.52896 0.38505 -0.88489
0.53491 0.59021 1.07551
0.32333 1.65967 -1.22702
-0.54795 -0.44919 -0.57338
-0.9654 -0.77369 0.47284
-0.9756 -1.75495 0.25296
0.27066 -4.24375 -2.09915
-0.06644 -3.31937 -0.86868
-0.36771 -4.28614 -1.84828
-1.10188 -1.32908 -0.37285
0.82519 -3.06916 -0.48846
2.57209 -2.53183 0.79159
1.46678 0.16156 -0.86344
-0.84602 0.00643 1.76366
1.00263 0.01418 1.98253
0.94694 1.42967 1.41362
-0.038 1.85188 -1.86601
-0.45596 0.52846 -1.13876
0.64593 -0.30258 1.11171
1.09926 -0.9362 0.76667
0.5403 -0.62384 -0.56884
1.84781 1.27786 1.20331
0.74154 0.50672 -1.02074
0.27745 0.2259 1.58681
0.04729 0.33407 1.15015
0.39626 2.44616 2.64431
-0.45966 2.77659 -0.76896
-0.33596 1.93988 -0.53276
2.02824 0.35209 -0.53929
2.30897 0.82154 -0.11435
1.03477 0.63561 -0.25826
-0.18559 1.68896 -1.21866
-0.42289 2.66787 0.13492
-0.37087 1.0857 0.86848
-0.54542 1.58729 -0.40404
-0.46675 0.76469 -0.90348
-0.66575 1.33852 -0.78411
-1.40579 -0.36975 -1.42515
-1.05069 -0.60421 -1.44858
-2.21544 -0.52546 0.40477
-1.29649 0.29274 -0.38226
-0.73468 1.76488 -1.61705
-0.22067 0.7556 -1.37627
-1.32261 0.01192 0.67755
-0.14525 -0.75303 -0.37898
0.73213 -1.17343 0.02115
0.10473 -1.84093 0.01849
-1.62521 -1.30685 0.34013
-0.56097 -1.60467 -0.66572
-1.27063 -0.55214 -0.79178
-2.00386 -0.58386 -0.16831
-2.54575 -1.38348 0.01
-1.40068 0.26875 -0.39604
0.28577 0.70171 2.32414
0.78034 0.6881 0.7222
-0.08479 0.51704 1.26568
-0.14192 -0.88377 1.51081
0.24962 -1.68477 1.20095
0.40231 -0.64392 -0.39549
2.19506 0.08966 0.55292
1.28032 0.3605 0.51061
-0.41384 -0.92488 -0.63278
-0.87705 0.42059 -0.61536
-1.92455 0.68585 0.86423
0.07287 0.3707 -1.02381
-0.08689 0.56504 0.19768
-1.19929 0.53808 1.20019
-0.15352 0.71629 0.69273
1.86133 1.19113 0.38014
-0.17205 0.70765 -0.24434
0.4152 -0.18578 -0.48321
1.84652 -1.25726 0.35978
2.35023 -0.75083 -0.02328
1.03359 -0.36913 -2.28173
1.67607 -1.76183 1.09443
0.56275 -1.2792 0.02749
0.404 -2.19964 1.07439
2.64061 -1.46144 1.6507
-0.37467 -2.23637 2.82972
-0.31003 -1.33885 -0.4267
1.64293 -1.09054 -0.14099
2.92849 -0.24356 2.92199
1.43198 0.09182 1.46186
0.32927 0.94827 0.91069
1.17438 1.81616 1.72971
1.70031 2.85505 3.20232
2.84542 4.34242 1.92894
0.78382 3.20197 1.04514
0.55043 2.18089 1.55393
2.6434 1.65086 1.24704
2.50856 1.13241 0.13423
0.3414 0.43697 0.23704
0.76176 0.17564 -0.74045
0.99346 1.78093 2.25206
-0.27359 1.35209 1.97915
0.02026 -0.12116 -1.42543
0.34977 0.70639 -0.4802
1.60191 -0.39068 -0.58892
0.31548 0.9622 0.81352
-0.381 1.32183 0.67085
1.31739 1.06719 0.91983
1.60173 0.95039 -0.18965
-0.34075 0.00957 0.94941
1.2929 -0.69365 0.74016
0.85449 1.12532 1.68197
1.72662 1.2914 0.48633
-0.14018 0.28562 1.07119
0.19133 0.40231 0.76041
0.38663 0.77637 -0.02707
1.71415 0.84026 -1.59414
1.8537 1.28812 -1.37711
-0.14088 0.94622 -1.21839
0.95442 0.54426 0.87208
-1.23462 1.14327 0.8382
-0.53019 0.93745 -0.45751
0.71921 -0.92237 0.98527
1.33409 -0.82938 -0.58381
1.87015 0.6423 0.63399
0.7509 -0.42615 -0.41929
1.20394 -0.26598 0.80429
1.37328 0.39183 0.07779
-0.67092 -0.66573 -0.72104
-0.22601 -0.50787 -0.95098
0.68441 -0.67842 -0.2266
-1.38485 1.06505 -1.04129
-1.6616 0.66784 0.80897
-0.6087 1.58629 -1.82967
-0.01965 0.82939 -1.26991
0.30376 0.16458 0.85871
0.00201 0.45236 0.62529
-1.9829 -0.5783 0.51094
-1.07198 -1.36151 -0.51654
0.93737 -0.45943 -0.85924
1.35716 -1.25907 1.00199
-1.06213 -2.28761 1.95675
-3.12495 -1.09756 1.18235
-0.29174 -0.54248 2.3601
-0.6201 -0.37292 0.41625
-0.18159 -0.70587 0.27494
1.13424 -2.91606 0.76045
0.46537 -3.19128 0.09831
0.15156 -3.0833 -0.41886
-0.49858 -3.83476 1.07731
0.8218 -3.26213 -0.38159
-1.32252 -2.5332 1.03338
0.83372 -0.50891 -0.51123
-1.12787 -0.79719 -1.85997
-0.20688 -0.23592 -0.17397
0.17053 0.0079 -0.98565
-0.11899 -0.06975 -1.04505
-0.66234 -1.00515 -1.67436
1.44267 -0.92151 1.68867
0.29355 -1.65626 -0.79419
0.45964 -2.18222 -1.0422
0.39367 -3.06162 -0.30437
0.77496 -3.34498 2.13287
-0.29592 -1.561 0.85797
-0.83871 -2.13736 0.33317
1.26552 -1.10755 -0.93297
0.8509 -1.28376 0.07505
-0.38848 0.57223 -1.01361
-1.0326 -0.07523 1.45231
-1.87924 0.52394 2.02582
0.39771 0.50154 0.09899
1.24785 0.94293 0.76285
0.41378 0.9738 -0.13378
0.27075 1.63364 0.0987
0.84534 2.27545 -0.10044
1.88751 2.6936 1.46353
0.0164 2.21961 1.99
-0.27258 1.74721 -0.80874
-1.96266 1.55571 1.09206
0.87748 1.33551 0.5352
-0.86645 0.61299 0.88074
0.88264 -0.68607 0.75345
0.67076 0.31053 1.15518
0.8096 -0.76474 -0.28884
1.94832 -1.3139 0.66767
-0.81977 0.06374 -0.34121
1.29718 1.46932 -0.94158
-1.07093 1.51646 -1.66008
-0.83312 0.56343 1.30703
-1.45296 0.43172 -0.47851
-1.85366 0.51104 -0.45723
1.51418 -1.10731 -0.55411
0.97137 0.11427 0.15324
-0.69663 -0.34949 -0.01454
-0.09636 -0.59069 0.10977
-0.91909 -0.1766 -0.28266
-0.94995 0.06842 0.34144
0.02454 1.46892 -0.72703
1.64869 0.14454 1.00778
-0.36549 0.32249 0.83398
-0.0938 -0.53254 1.41264
2.09084 0.98545 0.91765
0.92692 1.93419 -0.55938
1.66295 1.83505 0.80168
0.31874 -0.0541 -1.68377
-0.07076 -0.87089 0.88124
-0.45633 -1.63019 -0.95183
-0.01133 -0.81716 -0.25946
1.88121 -3.03846 -0.12737
1.15403 -3.0283 -2.87235
0.35733 -2.86479 -0.42174
-0.87803 -3.13241 -1.86278
0.55419 -2.07303 -1.63598
-0.39315 0.07648 1.21405
0.19456 0.26622 -1.50538
-1.75921 -1.20827 0.56359
-2.56495 -1.31166 0.30661
-0.87641 -1.51578 -1.7889
-0.58944 -1.21516 0.5215
2.87531 0.00059 -0.62034
2.45276 -2.67059 2.30168
1.10587 -1.12175 -1.24627
-0.29462 -0.7533 -0.10602
-2.07803 -0.13849 0.11738
1.13148 1.60107 1.41617
0.88789 1.22774 -0.07807
-0.78338 1.89564 -0.43504
1.8097 -1.11302 1.18651
2.21246 0.21544 0.37752
2.00483 0.97001 -1.64833
0.69717 -1.7132 0.46505
0.5006 -0.36452 2.20145
-3.49081 -0.70043 1.27955
0.422 0.98316 1.15951
1.85192 1.19692 0.71293
