1.45891 0.25919 1.52813
1.92454 -2.50806 -0.89387
0.79218 -1.03811 -0.0669
0.02209 -2.08231 -0.4879
-0.8986 -1.08059 0.15748
-0.09484 -1.14426 0.73007
-1.18229 -1.90535 -1.44198
-2.02545 -1.79957 -1.22837
0.20445 -0.32361 0.13292
2.02604 -0.37111 -1.14912
3.63135 -0.29014 -0.68766
2.0214 -1.10454 -1.4912
3.8144 -2.6098 0.3689
3.0271 -3.52851 -0.84783
4.62988 -2.79898 -0.5444
3.48816 -3.18049 -0.52022
2.10271 -3.90084 -1.06787
1.55484 -3.26571 -1.50982
0.01557 -3.24095 0.63285
1.22361 -4.46217 -0.99883
1.76342 -5.58685 0.44347
0.50909 -4.41727 -1.64831
1.18032 -4.583 -1.70509
0.4075 -5.01811 -2.56296
1.32188 -3.60433 -1.72224
3.69417 -3.30525 -1.17952
4.88772 -3.00475 -2.56135
4.45658 -4.0828 -1.47242
5.49756 -3.00907 -0.73261
3.61772 -3.95302 0.71133
4.89216 -2.56771 -0.34269
4.58462 -1.44418 -1.93971
4.73827 -3.55929 -1.75316
3.60355 -3.10211 -2.24701
5.38637 -0.20145 -1.52637
5.61015 -0.69473 0.03073
3.7329 0.06307 -0.83491
3.31039 1.52285 0.13201
2.05858 0.84565 -1.10204
2.65887 0.78844 -1.20036
3.13192 -0.35158 -1.13067
2.09449 -0.86267 1.00781
3.87884 -2.14308 -1.64124
3.45809 -1.83102 -1.9153
3.01116 -1.71422 0.24719
3.29199 -1.70953 -1.28719
2.19758 -2.663 -1.54382
1.53738 -2.54092 0.07095
2.17017 -2.08804 0.44166
2.60113 -0.53724 0.45934
2.41051 -1.37383 1.17057
2.26487 -1.7304 0.13528
2.01336 -2.61875 0.1884
2.5112 -5.05588 -0.28104
1.27047 -5.71205 -1.71602
1.52768 -6.08053 0.74402
2.87627 -6.54414 -1.49947
2.56842 -5.28396 -0.41233
3.34165 -6.92182 -0.6282
3.97458 -6.76661 -3.59752
4.75352 -4.6088 -3.54521
4.09194 -5.07199 -1.13051
5.17665 -4.13319 -2.16979
3.53284 -3.76735 -2.35307
4.48694 -2.64893 -2.7197
3.69935 -0.50059 -3.25945
3.84315 -0.00137 -2.09897
2.28423 -0.07943 -1.47869
3.05471 1.25659 -1.79503
4.12143 -0.76653 0.4444
2.55633 0.41238 -0.03425
1.66328 0.01494 0.24126
1.72064 -0.36777 -0.32732
2.77187 -2.10362 -0.7761
2.58176 -2.19645 0.23878
3.9304 -3.48312 2.04823
1.69646 -3.42097 0.56403
0.7679 -3.54079 -0.11932
2.12272 -3.25271 -1.60254
2.42301 -3.15693 -1.44069
1.76138 -3.99222 -2.06412
3.16969 -4.38529 -4.02166
4.50635 -4.43345 -1.30275
3.32671 -4.12148 0.21962
4.03693 -3.06886 -1.4325
3.82153 -2.41659 -1.00872
3.93546 -0.56855 -0.61489
3.64331 0.57613 -0.2415
3.6987 0.22685 -1.92487
3.90307 1.04205 -0.8222
2.14828 1.52025 -0.11745
1.74022 1.36525 -0.26789
0.98157 1.69401 -0.29329
-0.84863 1.65374 0.89001
0.08724 1.33349 0.87693
0.25666 2.17442 0.69902
0.65117 0.34797 1.86805
1.06997 -0.29924 1.26511
2.80393 0.78107 1.62402
1.43426 0.8428 -0.90132
1.56206 0.62511 0.20182
1.66745 1.06284 0.05476
1.53103 0.37832 0.3625
1.47031 -1.46606 0.07629
0.01623 -1.52103 0.45753
0.10573 -0.20819 0.42074
-0.73293 -0.68744 -0.6901
-1.9441 -1.23555 -0.67635
-0.33216 -0.87108 0.5595
-1.86391 0.67488 -0.87219
-0.33628 1.57084 -0.88776
0.19901 1.79381 -0.9887
1.68499 3.17513 -1.54078
0.46891 1.60586 -0.63072
0.23553 1.05867 0.30077
0.57071 0.39201 0.25539
1.33598 -0.66169 0.36862
1.32043 -0.77111 0.3245
1.66272 -0.95852 -0.6172
0.89177 -0.30982 0.90942
1.47604 -0.16165 0.5679
0.06744 2.5487 0.27059
2.16722 3.03652 1.15473
2.10247 2.03829 -0.10071
1.58681 1.66761 2.56561
1.42852 1.68826 -0.13285
3.06275 2.42603 1.20981
4.85181 0.73603 -1.03386
4.56028 0.90847 1.12001
3.86353 1.53705 -0.88047
4.10038 0.79873 0.96749
3.86773 1.21671 0.35737
3.18784 0.3703 1.11945
3.30027 0.89379 0.19276
3.63179 1.33111 0.17004
4.10111 1.91406 0.51691
4.62892 1.23186 -0.9535
5.10201 -0.29851 0.762
2.94207 1.37015 0.67529
1.70875 3.67916 0.75632
3.32247 3.17326 0.45518
1.00909 1.47644 0.07331
1.70692 0.74114 1.7618
2.47809 1.88291 1.11181
3.783 0.82974 -0.1286
2.88807 0.43451 0.14275
3.25799 2.06428 0.52357
2.06375 0.24837 0.55073
2.57407 1.74014 0.66432
2.1703 1.72183 0.63501
1.12216 2.1539 -0.20986
1.08852 1.47644 -0.56334
0.11765 1.68676 0.34734
2.15727 0.10906 -0.57038
-0.08056 -0.60274 0.03707
2.52802 -0.96304 -0.56977
1.51232 -1.17012 0.8757
2.5155 -0.50472 1.11535
2.6536 -0.9387 -0.05266
1.69592 1.65501 0.27293
0.12596 -0.1947 1.35906
1.03668 -0.64901 0.62723
0.92655 -0.42744 -1.56979
-0.18816 0.61428 0.01894
0.57288 -1.23666 0.40373
1.05102 -2.07589 -1.3365
0.57727 -2.21571 0.9732
0.24197 -3.26282 0.31786
-1.01433 -4.00005 0.89871
-0.61112 -2.07252 -0.35418
-0.14897 -2.31156 -1.31402
0.82884 -3.71467 -0.24329
2.80998 -3.60376 -0.1195
3.15203 -0.55288 -1.80261
4.14025 -1.68787 -0.1216
3.02795 -0.53299 0.18454
3.12764 -1.68552 -2.38612
5.6689 0.08768 -1.51203
3.80194 0.08909 0.13991
3.5088 -0.81368 -0.03581
2.49059 -0.58363 0.0916
1.9556 0.30426 0.11939
1.66748 0.98011 -0.03148
1.00559 0.64635 0.9581
1.71538 2.0502 -0.42431
-0.49369 2.78801 0.50207
1.26374 2.46265 1.22873
1.60559 2.05339 0.56056
1.80807 0.85542 0.28234
2.04459 0.67264 0.23025
3.48067 1.33194 1.44432
5.43485 0.78155 1.533
7.10275 1.3354 -0.65387
4.87083 1.92031 -1.54087
3.30895 2.86222 0.39849
2.49665 3.2124 0.27857
2.54262 1.80751 -0.35337
2.11487 0.65657 1.12068
0.59239 0.80445 1.47697
2.80295 0.50967 0.53575
3.41001 0.16201 1.29241
3.5659 0.58887 0.44875
4.46468 -0.57534 -0.37996
4.46381 -0.15386 0.92108
3.80287 -0.07037 0.39523
4.75654 -2.07811 -0.4591
4.77506 -1.48241 -1.55683
5.21805 -1.81082 -1.11946
4.9013 -1.22915 -2.76459
2.90806 0.43589 -0.65267
1.93131 -0.58634 -1.06433
-0.23414 0.21543 -0.11009
-0.64786 0.5029 -1.51439
-0.51406 -0.67713 0.29929
-0.33323 -0.89342 -1.34294
-0.20531 1.32343 0.13799
1.436 1.91879 1.00251
2.5997 -0.01335 0.26673
1.80579 0.0437 -0.09835
2.45428 0.60011 2.18471
2.59368 -0.64739 -1.10692
1.5711 -0.66482 -0.52565
1.73815 -0.39495 -0.46449
-0.18433 -0.91369 1.4137
0.29295 -2.33794 0.5313
0.10176 -2.37945 0.85742
3.06441 -1.32986 1.42947
2.08775 -2.28829 2.54617
2.59388 -3.59947 1.91338
3.90196 -5.0182 0.38545
3.69841 -4.20739 -0.96523
4.92926 -5.65992 -0.42873
5.25591 -6.35098 0.08088
4.06571 -3.90542 -2.71513
3.4465 -2.60623 -1.08941
3.60206 -1.85034 -0.65701
2.81295 -0.36281 0.18562
3.59882 -0.04348 -2.23382
3.23947 0.02348 -0.76329
2.85764 0.18339 -2.76283
1.88018 0.49306 -0.88295
0.99056 0.68736 -0.71618
0.07492 0.84007 0.58613
-0.18453 -0.10452 -0.44513
-0.94678 -0.13976 -0.85569
-0.96118 1.67219 -1.46318
-1.39605 0.38921 -1.00229
-1.70792 1.33726 1.81194
-0.94739 1.92891 0.72068
-1.05338 0.87783 0.12589
-0.06474 0.57017 0.43894
1.12054 1.83787 -0.85815
2.05463 1.74244 1.06025
0.55122 -0.139 0.43358
2.10729 -1.07219 0.32945
1.91687 -0.29435 -1.32291
1.98178 -0.33738 -0.15894
2.8676 -0.22658 1.15464
3.3043 -1.44042 0.23776
2.83669 -1.30602 -0.07688
2.64296 -1.20466 0.51476
2.94097 0.99295 -0.07182
2.31037 0.85417 -1.14226
2.15503 3.1385 -1.65997
0.98242 3.88638 -1.19275
1.52379 3.63076 -0.15051
1.6125 3.47657 1.22633
1.83738 3.84371 -0.30958
2.22306 2.13562 1.95004
3.47801 1.063 2.10214
4.13676 0.11919 0.934
4.32959 0.66003 0.85196
3.96697 1.79779 0.35899
4.162 2.70248 0.28229
3.09821 2.68101 -2.14573
1.8453 2.02728 0.41337
0.2688 2.24746 -0.62942
-0.77963 0.9812 1.66349
2.39118 1.03318 0.06979
3.15357 0.5109 1.74226
4.00405 1.21388 -0.47595
4.47586 -0.02238 -1.07763
6.18126 0.02047 0.33061
5.30116 0.08238 0.12585
5.11262 -1.04394 -0.02986
3.35055 -1.18056 0.79781
1.72506 -1.65719 -0.95192
2.42069 -2.96023 1.63332
2.89498 -2.91501 -0.15737
0.72536 -2.63998 -1.58271
0.0802 -2.73806 0.69445
-1.58699 -3.85876 0.85281
-0.63721 -2.70529 -3.40293
0.39454 -2.25053 0.23178
0.32665 -2.40925 -0.69166
0.63937 -1.77866 -1.2736
2.23728 -2.47101 -3.04659
1.45212 -3.05362 -1.33371
0.72089 -3.29189 -0.6394
0.65932 -3.66646 -1.70043
