0.87036 -2.28529 0.93751
1.8932 -2.46382 -0.97444
-0.26009 -2.01603 -0.72216
1.5383 -0.75939 0.43582
2.40529 -1.38183 -0.20486
-0.82495 1.07485 1.0662
-1.2961 0.61507 1.09065
0.06689 1.48088 1.91289
1.11352 0.12764 2.43442
0.49083 1.37257 2.33863
1.84848 2.75315 1.1818
1.39623 2.3182 -0.16708
1.68681 0.97265 1.93771
1.91618 1.7881 2.32755
0.37246 1.87252 2.4695
-0.59789 1.42735 3.12133
1.57928 -0.64212 3.10991
1.07424 0.68304 2.51383
0.28694 1.1969 0.86163
2.099 0.09545 0.43141
1.3003 1.25195 1.38456
0.19843 1.6976 -0.87385
1.01742 2.54971 1.97621
-0.53457 0.49872 1.66615
0.54964 -0.73109 1.16261
0.43217 0.38517 1.86805
-0.13183 -0.14292 -0.10323
0.2023 -1.33472 1.36484
1.65096 2.78113 0.48339
1.0465 1.99955 1.04455
-0.6976 -0.09319 1.47112
-0.5219 1.4433 2.1287
-1.62622 0.49192 1.71967
0.88772 -0.59441 1.18421
0.19818 -1.23898 0.98875
-0.04542 -0.40617 2.43705
0.7689 1.14077 1.42022
2.44332 -0.75272 0.54722
-0.06222 -0.68807 0.57258
0.24608 -1.23298 1.66258
1.21399 -1.13791 0.40395
1.48721 1.95765 -0.97774
-0.36099 -0.48121 -0.04126
1.48723 0.31354 -1.01092
0.2908 -1.00311 -0.54119
-0.97707 -0.07789 -1.80746
0.0818 -1.18585 -1.3399
0.02895 0.09002 0.01269
-0.36784 -1.51226 0.22077
-1.37781 1.01903 -0.07213
1.76025 -0.87028 -1.4591
-0.29016 -0.23535 -0.75846
1.52142 -0.42982 0.63359
1.10731 -1.83247 1.22229
0.16156 -0.09512 0.82068
1.07101 0.5749 0.6838
0.41362 2.15693 -0.32947
-0.75626 0.6567 1.40609
0.87749 -1.81716 0.02064
1.48339 0.88316 -1.15829
-1.10597 0.6999 -0.24883
1.05012 -0.93371 1.83511
0.97864 -2.28198 3.1779
-1.48288 1.82734 2.1864
-0.23263 2.35428 -0.27017
-0.6619 1.22709 0.70424
2.37595 0.27472 1.8926
1.50267 -0.51057 2.0037
-0.67822 0.07115 2.88438
-0.16941 0.49265 2.73625
-1.35534 1.05563 3.31346
-0.19437 1.41317 0.14761
1.91543 2.02134 0.01938
1.83836 0.73909 0.35889
2.91832 0.04887 0.32909
0.91042 -1.2329 0.6384
0.40353 1.57969 0.87286
0.08399 0.9832 2.4081
-0.95276 0.3114 1.61941
0.03958 -1.12455 1.63863
0.05769 0.36118 1.84579
1.9576 0.29744 1.13808
-0.39652 0.10372 1.62189
0.41742 1.11276 -0.77889
0.15085 0.45179 -0.55273
-0.10892 0.47465 0.79994
-0.43853 -1.00048 -0.45729
-1.56384 -0.62015 1.45399
0.62463 -1.40287 3.28862
0.71302 0.3588 2.74209
2.36507 -1.7367 3.02062
1.28443 -1.23749 0.1261
-0.08668 -0.49257 1.57102
0.86587 1.18178 0.21295
2.86019 -0.03352 -0.02693
0.45197 1.20363 -1.05555
1.68516 -0.02 -0.97752
-1.75267 -1.31643 0.02893
0.52312 -0.39012 0.32836
0.32016 -1.75857 0.16505
1.18769 1.39559 -1.25535
-0.84805 0.99661 -1.56376
0.33806 0.94192 -1.40096
-0.85094 -1.89035 -2.53683
-0.84103 -0.93149 -0.1187
0.20797 0.32588 0.98548
0.79475 -0.5155 0.51122
1.56744 -0.97218 2.25735
-0.5218 -0.16047 3.03045
0.21772 0.92 2.85332
1.44643 0.4395 2.51995
-0.33553 0.61072 1.21007
0.39059 -0.57434 0.5871
0.98116 -1.74595 0.43529
1.25944 -0.16014 0.23035
0.96484 -0.8022 -0.43654
-0.65495 1.43574 -0.21948
0.04357 0.18521 0.41542
-0.02113 -0.55235 1.83475
1.19847 -2.10088 1.93514
-1.47505 -2.19994 1.49204
1.02238 -3.40412 0.81538
2.05643 -1.66766 1.19391
-0.96115 -0.16981 -1.91418
-0.11944 -1.12933 -0.85705
0.25533 -0.41051 -0.22169
1.15833 -1.65519 0.83548
2.9307 -0.01354 2.51375
2.22811 -1.16878 1.73491
1.12048 0.90075 0.51432
0.54039 0.98894 0.41643
1.13942 1.38563 -0.17893
0.06731 3.2948 1.16001
-1.80722 0.3418 -0.13697
1.30089 1.45687 0.18903
-0.45421 -0.4777 1.31022
-0.63986 0.43904 1.35869
-0.5942 -1.70761 2.07468
-0.39786 -0.42236 -0.75618
-0.5205 -1.26563 -2.0094
1.90733 -2.27342 -1.66799
0.27531 -1.67874 -0.38936
1.5162 -0.37267 -0.14871
0.62049 -1.9194 -0.08101
0.5091 -0.17977 0.56689
1.12755 -1.93302 1.88945
1.50618 0.02509 0.06772
-0.87212 -0.42497 0.58336
-1.60453 -1.10868 0.65417
0.6656 -0.14784 1.33334
-1.15659 0.8328 1.67053
0.82673 0.15156 2.15821
-0.90383 -0.23673 0.50825
-0.53645 1.35104 1.6176
0.99319 0.78733 0.60641
0.50041 -0.82407 0.03118
0.05974 -1.64512 -0.19889
1.38277 -0.40941 -1.10585
-1.99431 0.61602 0.4568
-0.95609 -1.01597 -1.89388
-0.0336 -0.66594 -0.95251
-0.84307 0.50722 0.73011
1.6769 0.65893 0.23104
0.89013 -1.85853 -0.39837
0.29966 -1.80043 1.82441
-1.053 -0.94575 0.88548
-0.17758 -0.12399 2.49102
-0.86647 0.60503 0.26306
0.18868 -0.60339 0.88588
-1.4143 -0.07885 1.61527
1.75648 -0.2454 2.14861
-0.42875 -0.92263 1.60049
0.82694 -0.93097 0.32126
1.38626 -1.52931 -0.52854
0.32396 -1.65229 -1.33268
-0.23911 -0.69182 -0.84741
0.1863 -0.67918 -0.09842
-1.24266 -0.9017 0.8675
0.82269 -1.82795 0.47396
-0.30339 -0.77719 0.43598
0.09462 1.19727 -1.17555
2.13557 1.61528 -0.18009
-0.98174 -0.53659 0.64168
-0.39634 -1.16053 1.72531
0.52529 0.57541 1.97286
0.21814 -0.42762 0.82481
-0.63891 -0.42993 1.44843
0.47694 -0.18507 -0.50071
1.50015 -0.15833 0.98996
-1.13007 1.81122 1.81783
-0.08723 -0.97223 1.62653
-1.27445 -1.92271 2.05007
-0.66897 -1.45597 2.73596
0.11624 -0.81266 0.99925
1.21201 0.79997 0.5678
-0.50274 0.76143 0.8696
2.03196 0.5424 0.40362
0.73784 -0.02792 1.36648
1.27866 -0.78732 0.46885
-1.47529 -1.44949 0.54086
0.01364 -0.10893 1.08209
0.0776 -2.39157 2.2622
0.99287 0.28467 -0.63678
-0.08389 -0.52788 1.06347
0.39389 -1.10058 0.63615
1.06533 -0.42684 -1.36604
0.81242 -0.17337 0.73435
0.88111 0.51534 0.80859
0.82519 0.22292 1.46043
2.43271 1.17098 0.61813
-0.4152 0.69593 0.01146
0.73525 1.51815 0.6438
0.19222 -0.32197 -0.66242
0.76024 -0.22618 -1.15487
-1.36841 -0.51391 0.07251
-0.27361 -1.33779 -1.31953
0.58059 0.32934 -0.96182
1.55961 -0.01514 -1.86062
1.31487 -1.06469 -1.84966
0.29581 -0.26226 0.50153
2.13629 -0.75219 1.66832
0.13163 -0.80206 1.67559
-0.65626 -0.08149 1.73017
1.92288 -0.25233 1.45083
-1.72176 0.25734 0.8106
0.51004 -0.89403 2.08583
2.17704 1.4124 2.20103
-1.9923 1.61315 1.83758
-0.42446 0.52634 1.21764
1.11836 1.46855 1.46725
-0.32436 1.51142 1.67756
-2.17668 2.25808 0.93923
-0.91058 2.71508 1.38767
0.71757 0.77927 1.0548
1.56554 -0.69416 0.0572
0.02021 -0.36188 1.2098
1.50132 0.44232 0.75058
-0.56122 0.73567 0.98019
-1.37208 0.02982 -1.38624
1.56961 1.67238 -0.42359
0.4854 0.20472 -2.86962
2.10704 0.69476 -0.33147
0.29777 -1.02528 0.80569
-0.62957 0.02409 3.23174
1.76771 -0.68987 1.98636
-0.76237 2.50928 2.13024
-1.60449 1.41577 1.50569
0.67227 -0.28818 2.124
0.88443 -0.6561 1.44238
-0.51743 -1.40184 -2.36491
2.29014 -3.0426 -1.24367
-0.32696 0.01501 0.01573
0.03909 1.18982 -0.37992
0.63585 -1.61759 -1.0046
-1.01453 1.30595 0.74738
-0.45067 1.6048 2.42595
1.61593 2.02031 0.2025
0.31024 -0.09734 0.58734
0.17695 1.47914 1.20738
1.84662 -0.73085 0.79361
-0.28 -0.73402 1.96869
0.48708 -0.35648 2.8876
0.37281 -0.45452 1.5091
0.08785 0.00311 0.70887
0.8421 0.42651 0.82473
2.05882 0.91854 0.95038
0.20698 0.61292 0.53305
-0.93029 1.35832 2.11662
-1.75989 0.44374 -0.07166
0.61609 0.85113 -0.1477
0.9552 0.4329 2.39546
0.76004 0.60475 2.21221
0.12657 -0.70023 1.53012
1.0183 -1.239 0.79476
0.48342 -1.71696 1.48891
-0.0326 -0.81828 0.71235
-0.86873 -1.34394 0.08543
1.33679 -1.06142 0.20661
1.56812 0.23322 -1.02315
-1.8411 0.58978 0.48802
1.23324 1.43002 -0.67934
1.22723 1.06019 0.91611
-0.12515 0.67861 1.02997
0.10011 -0.52987 1.21076
-0.93006 0.13776 0.58427
-1.29487 -2.00708 0.83574
1.54686 -0.04632 0.01987
0.08187 1.43348 -0.38225
-0.10975 1.63562 -0.44746
0.29803 0.40776 0.43393
-0.71476 -1.89779 1.21326
1.65724 -0.59755 1.14811
1.15599 -1.91897 -0.06575
-0.29753 -1.14896 1.13178
0.39346 -1.11451 -0.31078
-0.65198 -0.96528 1.11006
0.00943 -0.82665 1.90769
0.24811 -1.4821 1.54914
-0.64974 0.28413 1.87565
-0.68296 0.77566 1.95847
