2.59632 -0.84617 3.16251
2.71934 -1.46662 2.38667
0.18049 -2.55001 0.94212
-0.51306 -0.46563 1.04762
0.03425 -0.37819 1.40716
1.699 0.29925 -1.86009
1.44545 -0.04864 -1.59307
0.10921 -0.47025 -0.68665
-1.35866 0.10025 -0.26206
-0.09066 -2.08387 -0.55874
0.20452 -0.5234 -0.76163
-1.5045 -0.4881 -2.54261
0.54919 -0.16235 -2.35517
-1.13258 -1.23918 -4.05061
-0.33664 1.08913 -2.74805
0.75061 -1.00695 -1.67532
1.39239 -1.34395 -2.05112
0.64108 -1.2613 -1.82246
0.35511 0.17878 0.53874
-1.19365 0.63088 0.95037
-1.50374 -1.13317 0.98453
1.4529 -0.15158 0.31175
0.74078 1.41812 -1.22583
-0.9407 0.26407 -1.67446
0.72599 -1.18594 -1.34415
-0.33101 -0.22158 -0.79983
-2.10173 0.0284 -0.20664
0.48234 -0.17303 -0.1171
-2.2339 1.10672 2.12415
-0.03407 1.65536 4.27176
2.42573 1.68499 4.2928
1.1593 0.72012 6.79729
-0.07035 0.101 7.05484
1.95239 -0.28051 6.86996
2.61478 -1.10672 7.34515
0.26888 0.57731 5.89534
3.06206 -1.167 4.15717
1.24735 -1.05574 3.3856
1.30182 -0.12453 2.88011
1.83715 0.40316 3.56288
0.78015 -0.90927 3.76281
1.3895 0.34493 4.96319
1.10405 0.80616 5.30884
2.03773 -0.58522 5.29038
0.53243 -0.23002 4.35734
2.54881 1.00937 4.83396
2.12312 1.25866 4.86823
1.43125 0.52832 5.31333
0.62807 -0.62874 4.00704
-0.37011 -0.18959 4.78189
2.07352 0.73129 3.24922
0.57528 -0.24434 1.17369
2.0804 -0.2273 1.31306
0.66157 -0.02577 0.33015
-0.94054 0.30516 0.45172
2.08766 2.53967 1.23346
0.7046 2.94956 1.61935
-2.66519 -0.84533 2.25892
1.25856 -1.02375 1.71316
0.23624 -2.38637 0.99735
0.38086 -3.37778 1.45577
-0.19036 -1.97089 2.04188
0.09332 -0.77857 0.84608
1.32961 0.3916 0.87267
0.05711 0.91355 0.86428
1.8185 -0.37901 2.67063
3.09824 -2.03973 1.5325
0.64874 0.26163 1.15869
-0.28155 0.04481 0.54902
1.50322 0.66876 2.97491
-0.84766 1.45749 1.88602
-0.49695 0.2653 1.98233
1.35882 0.39703 1.58252
0.79582 -0.56443 1.04249
-0.1927 -0.1402 -0.68273
-0.72922 -1.08368 -1.40048
0.10308 -0.31996 -0.93801
-0.5472 -0.55433 -0.33917
-0.09021 -0.7134 -0.18816
-0.07613 -0.71647 2.81587
-0.40909 0.91117 1.87232
-0.54096 1.97187 2.37884
1.65161 1.03468 2.21992
1.427 0.29181 0.24362
-0.19257 0.25378 0.17912
2.33171 0.94913 -0.90732
-1.57516 0.13586 -0.48524
-0.64964 1.54605 -0.61323
0.07489 0.70265 0.4516
-0.08288 0.91071 2.16577
-0.93354 -1.77004 1.44055
-0.18233 -0.94695 -0.03738
-0.28632 -0.35448 0.17386
2.53643 2.22381 1.09443
1.86904 0.73909 -0.22066
1.464 0.37792 1.57175
2.0997 -0.71584 3.36739
1.4122 -1.65961 5.39577
1.23005 -0.84779 3.09387
0.97321 -1.24426 3.2704
1.03603 -1.66871 4.86854
1.1172 -0.70243 5.13843
1.87877 0.36508 2.99629
1.48307 0.39573 1.78307
0.32606 0.52278 1.89724
1.29459 -0.00163 2.1902
1.44914 0.24543 3.05042
0.68735 0.1254 1.9181
1.72604 -0.47365 1.5142
-0.47834 -0.77205 0.07628
2.30922 -1.22363 -0.36571
-1.07417 -0.92847 -0.73536
0.35532 -1.91645 -1.23663
-0.98355 -1.06755 -1.02599
0.69803 -1.68807 -1.49903
-2.26784 0.27768 -2.2174
-0.28693 -0.17074 -1.00168
0.69674 1.04003 -2.05865
1.10459 0.25421 -2.34934
-2.03033 1.32998 0.72923
0.96716 -0.53424 1.39254
1.99269 0.64654 2.92119
2.7297 0.71438 2.89376
1.33002 -0.02427 1.20271
0.62701 1.67988 1.13529
0.57633 1.85935 2.52851
0.07419 1.21185 2.43048
0.86421 0.6193 2.61331
1.94035 -0.21096 2.41446
0.73836 1.75407 2.75454
0.05944 2.12065 2.48972
0.6565 2.51092 3.31246
1.71792 1.11854 2.04839
2.79537 -0.57662 0.88015
0.12212 0.59744 1.20579
-1.03259 0.83659 2.5066
-0.69077 -0.75126 2.87162
0.92226 -0.80784 1.12057
1.9024 -0.02829 0.13484
0.79999 -0.19848 0.72942
-0.39202 0.76154 1.32644
0.13219 1.07935 0.26227
-0.65068 1.90161 -2.09436
-1.74339 1.40288 -1.52213
0.9464 1.13598 -1.54525
2.73279 1.19751 -0.87053
0.35756 0.69766 -1.50258
-2.39019 0.22318 -1.72953
1.37248 -0.47423 -1.54761
0.263 -0.54437 -1.26302
-1.13374 -1.64908 0.02608
-1.48257 0.074 1.41968
-0.47977 0.79172 1.18064
0.59148 -1.04719 1.4549
1.94973 -0.93602 1.57969
0.86727 0.02897 -0.14904
0.77988 0.02874 1.13028
0.13359 -0.62593 3.93963
2.03413 0.59129 3.67965
0.20881 0.19097 1.16744
-0.23568 1.14613 -1.36778
-0.31226 1.36342 2.4687
0.52542 0.77573 2.52719
0.65867 -0.03411 2.31505
0.25861 -0.15527 1.44
1.7472 -0.34687 2.84565
-1.90219 -1.65965 2.41141
0.85527 -1.8042 2.4856
-0.58324 -0.14899 3.94888
0.3277 1.97088 1.50918
-0.30977 1.03833 4.42918
0.5888 -0.8871 5.66942
2.43785 -0.81136 4.92194
3.02814 1.4345 4.46323
1.68448 -0.59087 2.62864
2.44833 -0.0102 4.05059
1.47052 -1.45211 4.85547
1.78084 -1.21583 5.03704
0.17147 -0.53198 4.95417
2.03691 -0.30956 5.73769
1.59185 -1.21023 3.37142
2.07896 -1.94541 3.98004
1.8449 -0.73674 5.36027
2.88917 -3.185 6.87806
2.53005 -1.55912 7.36791
0.45208 -0.56712 7.03677
3.89522 1.13844 7.36656
0.50969 1.78081 5.70067
2.63881 0.54143 4.2713
2.3655 -0.1598 5.50516
2.79645 -0.24045 5.23272
3.32603 -0.40107 6.83014
0.82208 -0.7479 8.60431
1.68972 -0.88229 9.17247
1.60564 -0.77888 8.06995
0.15949 -0.82689 6.801
2.86228 -0.92972 7.28973
2.88722 -0.9089 7.15219
1.91113 -1.61084 6.22336
-0.78452 -0.01315 5.57685
2.81864 -0.54709 6.19705
1.92437 2.20434 7.63726
1.37776 0.14419 6.72291
2.20065 -0.20105 4.96183
2.61665 0.06099 3.77739
2.00707 1.13897 3.37085
1.42985 -0.15389 4.68297
0.76522 -1.24797 4.12541
-0.67945 -0.41114 5.07269
0.48477 0.86079 4.44785
1.52791 0.46742 2.72336
-1.1482 0.66863 2.75871
1.71632 1.6004 2.25401
-0.05287 1.51915 2.53266
0.95891 1.18174 0.90081
2.5557 0.47452 0.16621
2.42726 -0.54745 -1.29369
1.916 -0.47708 0.28277
-0.3213 -0.8364 1.40668
0.18162 -0.49144 3.05095
-1.20951 -1.35895 2.2378
0.81985 -0.84505 1.76408
2.2729 -0.95475 2.61584
0.13143 -0.12992 1.65188
0.87728 -1.60249 1.8537
1.53235 -0.23249 1.01316
-0.75852 -0.26636 -0.4043
-0.3858 -0.33327 0.88777
1.10277 -2.95519 0.85327
1.13674 -1.14105 0.53149
-0.71951 -0.73827 1.04277
2.19026 1.51517 1.02827
0.81751 0.43774 1.87221
-0.72816 -1.38024 1.43765
-0.45268 -0.82359 2.88907
1.85685 0.83854 2.71151
1.4489 -1.00638 3.77127
-0.27662 0.03097 3.98508
-0.09037 0.07389 6.03153
0.54129 0.27108 6.35786
2.64562 0.08191 6.56088
0.68685 0.05772 6.43595
1.76253 -1.0575 6.44079
0.6776 -0.39434 6.53408
2.15964 -0.87938 5.79405
1.30567 -1.67478 5.58461
2.40389 0.1058 4.96153
1.29952 -0.8791 6.55707
1.77304 -1.05751 4.75728
0.40969 -0.80935 7.1165
2.26039 0.85693 6.45329
4.94361 0.69199 7.24588
3.6277 1.8487 5.91637
1.86057 1.18205 6.87809
2.04898 0.27436 7.65554
1.79118 0.33454 8.13139
2.81973 1.17719 7.35675
1.70787 0.76304 8.29054
4.15134 2.31881 7.86159
1.3167 3.20284 8.63813
2.01376 1.64105 5.95835
2.02095 1.40565 8.62618
2.79962 -0.43707 7.00245
2.29155 -1.02244 7.48677
3.32122 -1.3143 5.55989
3.30503 -1.05648 6.04712
1.47142 -0.73514 4.57889
1.79541 0.68789 5.32454
0.80361 1.38116 5.92263
0.26735 1.63572 6.02088
1.11017 0.67033 6.11759
1.80014 0.79437 6.00088
1.84664 0.40526 6.83068
0.27509 0.25298 6.50717
2.75232 -0.02129 4.8328
0.17516 0.52449 4.65488
1.13889 0.58605 4.36622
1.53239 0.51564 5.31077
0.31802 0.07067 4.49314
1.06809 -1.70315 3.86402
0.63574 0.17766 6.44325
0.74249 0.33476 5.23244
2.33544 1.71776 5.06235
1.1549 1.3666 6.15935
2.95684 0.72184 5.57538
1.75151 0.72562 6.62913
0.23528 0.6309 8.26352
2.34687 0.35984 7.52773
1.03998 -0.45823 7.04078
3.21699 -0.89456 3.69684
1.94828 0.38326 2.92327
1.64162 0.12825 1.08784
1.46414 -0.86919 2.72766
-0.21208 -0.44606 3.34966
0.36941 -0.58518 3.20465
0.62313 -0.6572 0.87339
-0.58335 -2.49376 2.23401
-0.00075 -0.83423 2.67292
1.24625 1.01637 3.14432
1.66671 2.04622 2.57805
