5.1446 -2.7007 -2.25651
5.95077 -1.72598 -2.23863
6.35065 -1.21095 -1.82245
4.41947 -0.9371 -1.36554
2.63209 -3.588 -2.12584
2.86692 -2.26625 -1.95197
3.11576 -4.14808 -1.92661
3.58084 -5.42752 -2.28221
5.49925 -5.36906 -2.39725
5.43766 -4.83721 -4.03763
4.81117 -4.38092 -3.40062
5.23257 -4.15851 -2.7491
5.13617 -4.89624 -3.69086
5.11181 -4.2861 -3.08698
6.81531 -3.59109 -5.07813
8.02873 -3.62269 -3.80358
9.68733 -2.38019 -3.40652
9.28596 -0.51361 -3.08135
10.26477 1.74778 -2.79543
11.17437 -0.02095 -2.73355
10.98018 -0.33851 -0.89165
9.71024 -0.84603 -0.51249
9.29002 -1.0062 -0.13274
8.54717 -1.43204 -1.18031
9.29839 -0.03276 -3.21796
7.03879 -1.14925 -2.38934
4.69669 -2.16935 -1.62439
2.77244 -1.02952 -1.91749
3.25105 -0.12177 -1.23306
4.61128 -1.03781 -0.70374
5.20288 -1.61811 -0.89238
4.02654 -1.49275 -0.83026
3.44434 -1.68442 -1.18742
2.68888 -3.61655 -2.86691
4.15316 -2.5051 -1.45709
3.77459 -1.85893 -1.8999
3.40273 -0.81149 -2.764
3.79805 -1.84851 -1.95866
3.54195 -0.29772 -2.24561
4.77645 -1.75455 -0.89544
4.00039 -1.60689 1.47724
3.63623 -1.63314 -0.74391
4.40249 0.21886 -0.11489
5.17012 -1.25874 -0.51796
5.40856 -2.22417 -0.82326
3.92909 -2.47703 -1.38015
4.22371 -2.31679 -0.81182
5.46222 -2.54718 -0.6679
5.8642 -0.97617 -0.42008
5.64494 -0.72937 0.76552
5.37047 -2.77342 1.98885
6.17498 -2.48572 -0.58634
5.27445 -2.3142 -2.4592
5.64261 -1.00351 0.26742
5.08977 -2.11438 -1.19996
5.7366 -0.62226 -2.91627
6.15035 -0.48864 -2.11546
5.94369 -0.62769 -0.74408
6.36012 1.23238 -0.854
5.24127 1.10283 0.03899
6.84026 0.60825 -0.29703
8.03295 -0.15963 -0.23019
6.04356 -0.44002 -0.35015
4.70217 1.17126 -0.25222
4.82551 1.78017 -0.76451
5.27449 2.18768 0.58631
4.63691 1.05233 0.59961
5.49573 1.33486 1.48542
5.06952 0.66745 1.23052
4.17179 0.23986 0.15873
3.75894 2.19426 0.51478
4.44658 2.3613 -0.00123
5.53969 2.57479 -0.69049
4.22474 1.59766 0.22849
5.31685 1.85855 1.21458
4.98446 3.35619 1.32585
5.90542 4.00012 0.35637
6.92921 3.18032 0.94886
6.25216 2.83957 1.11051
7.24068 1.55062 0.84505
8.51259 2.33259 0.51115
5.85957 1.87559 0.60865
5.9895 1.59708 0.1219
5.30308 1.18783 0.35048
5.40399 1.93557 -0.40992
3.91581 4.59101 -0.36563
5.10817 2.94555 1.42217
5.75605 4.11455 1.95259
6.1487 3.39596 1.66058
6.25948 1.96562 2.07858
7.01587 3.28996 1.63507
7.39915 4.23304 0.92645
7.86528 3.57164 1.47834
7.35711 3.61236 2.15999
9.40372 4.09633 2.38871
10.84771 4.61172 2.70832
10.74156 3.95481 1.15715
10.80609 2.19024 1.2172
11.86383 2.21744 1.24433
10.85481 2.7286 1.59132
12.56647 1.68214 1.04557
11.49426 1.79695 -0.07151
8.92023 2.22694 0.06697
9.03648 2.84504 -0.41072
7.7104 2.03656 -0.47438
7.83262 2.17822 -1.18174
5.51834 2.45801 0.14229
5.76424 3.45692 -0.09654
3.58504 2.868 1.30045
3.44903 2.53109 -0.78774
4.53115 2.85639 -0.86501
5.88204 2.40323 -1.128
7.04312 1.91984 -0.04114
8.17172 3.16074 0.68225
6.28838 1.26815 0.05965
6.28152 2.22932 1.68723
5.36887 2.63998 1.3872
5.14553 1.19342 0.26767
7.77643 2.70251 1.39622
6.69477 3.32612 1.01074
6.82026 1.77042 2.13619
7.76244 1.74014 1.35877
7.5897 3.40606 1.23875
6.96494 4.01338 1.57963
7.41041 3.29666 2.1532
8.88566 3.5778 3.50082
9.62125 3.83263 2.84232
9.94004 1.49101 2.25162
8.89627 1.24886 0.32969
7.29216 0.21842 1.01233
7.03529 -0.93267 1.67592
8.21717 -1.1578 2.05586
6.91265 -1.65044 0.34489
6.91383 0.77291 0.23435
4.60808 1.45801 0.84889
4.8506 1.87147 1.25471
5.68415 2.68043 1.77944
5.56512 3.26465 1.71213
6.68256 3.86738 1.91506
7.59646 3.47641 1.87032
8.61458 1.55592 1.10337
8.77185 0.53985 -0.479
8.34799 0.01454 0.8056
6.66456 -0.28738 0.3797
5.30781 -2.17102 0.59324
4.79982 -1.47667 0.92909
5.51321 -0.1013 1.25954
3.40657 1.73957 0.67917
3.1517 1.0713 0.36132
1.59441 1.32283 1.14367
1.60067 1.99964 1.66776
1.84858 1.26042 3.04567
1.04173 -1.82735 1.38289
0.04964 -3.12069 0.48631
-0.05323 -3.23004 -0.38518
1.94408 -3.35938 -1.15654
3.88526 -2.44888 -0.78086
4.07194 -2.24326 -0.20614
4.79886 -2.2005 -1.10898
4.19558 -1.27291 -1.47563
4.57214 -0.81864 -1.11822
3.26664 -0.69624 -1.82267
3.22245 -1.2937 -1.70248
2.77276 -0.25856 -0.98258
1.72097 -0.93882 -0.96058
4.30376 0.069 0.82256
4.11221 0.51665 2.40271
2.89851 1.57503 0.71718
0.67986 1.80734 1.39761
1.89661 1.63536 2.04709
1.75984 1.30988 2.52694
1.62857 1.49189 1.82209
1.58278 0.27884 1.62057
0.96546 0.65234 0.19185
0.17194 1.97737 -0.8587
2.70189 1.93338 -0.55686
4.83705 3.06291 1.62411
6.21823 2.70435 1.03766
5.37155 3.55906 2.58929
6.50264 4.07726 1.0701
5.22814 2.41991 1.7965
6.68391 4.09328 1.66895
5.62798 3.20391 2.10536
8.11386 2.58204 1.43073
7.9977 1.02254 3.02221
8.2538 0.89841 1.98149
7.63359 0.64969 0.69929
7.11933 2.41514 2.58853
6.12232 2.21887 2.4149
7.32994 2.43416 1.78514
8.6519 2.96759 2.48706
8.31173 3.45013 3.02793
9.65741 3.9757 2.44304
10.52593 3.68681 3.53369
11.95234 2.32784 0.90224
12.15455 0.84962 1.4529
11.76296 1.80797 1.64114
11.03728 2.1982 1.61315
11.41478 1.91069 0.91923
9.68125 2.04452 0.02045
7.2892 2.26317 0.33652
7.1143 4.98981 2.00965
7.12972 5.78725 4.91563
8.02693 7.2277 4.02643
7.28802 6.76108 4.15926
6.14936 6.32786 3.34793
6.50738 2.74082 4.55212
7.65585 2.25507 3.71688
8.32236 0.99131 1.56492
9.90425 -0.199 1.73101
10.24279 1.21165 1.68295
9.68928 3.05441 1.12791
9.66049 3.10418 2.53067
8.94909 1.64444 2.41854
8.55772 2.57837 0.90189
9.7816 1.11118 1.89579
11.10711 1.3756 2.19405
10.61581 0.32561 1.18852
9.31513 -0.55599 0.12633
6.50126 -0.21282 -1.38812
5.81916 1.63248 -2.80111
3.78385 1.91207 0.0268
3.6419 0.60952 -0.65309
3.48501 -0.19452 -0.44629
5.54535 -1.95042 -1.45779
4.69494 -1.18388 -0.10163
2.43756 -1.57315 -1.45771
1.1192 -2.0051 -0.68174
1.03657 -1.16951 -1.30592
1.04972 -0.00818 -0.85516
2.53136 1.51252 -0.5706
1.50882 -0.00399 0.70113
2.8698 0.24899 1.7444
3.02364 -0.42773 1.68047
3.94887 -0.3434 0.49297
2.51459 1.13263 -2.13637
0.10682 2.50568 0.26133
0.78094 3.01818 0.4299
2.08727 2.92533 1.45424
2.46504 2.32213 0.4335
4.28373 0.32019 1.84052
3.085 -0.56234 2.96721
1.53283 -0.10813 1.64854
1.14124 0.24393 0.3131
1.27193 0.45169 -0.85248
0.06191 0.47801 -3.71558
-0.25241 -0.45827 -2.67574
0.02253 -0.78044 -3.59742
1.49418 -1.57331 -2.52309
0.64917 -2.24272 -0.88229
1.72333 -1.09831 -1.18223
1.69537 -0.17825 -1.30209
1.62888 -0.09517 -0.2857
1.84289 1.1684 0.2045
1.10472 0.79531 1.51283
2.28487 0.42125 0.79581
2.7801 1.57265 0.47889
0.96808 1.5522 -0.42659
2.93871 0.07463 0.6695
3.40242 -0.19392 -0.24357
3.03168 0.21452 0.1644
1.7772 1.89465 0.8891
3.29752 1.85011 0.76096
3.69875 0.63242 1.22144
4.51587 1.47155 0.16531
1.77024 2.83059 -0.85162
1.97499 2.71764 1.89472
3.6847 1.88155 3.86358
5.22914 2.11269 3.05296
4.4544 2.3119 2.63761
3.71908 4.38072 2.98499
3.67846 3.27477 1.90903
7.59552 2.83588 2.3872
7.6519 1.90232 1.0393
6.32278 1.47695 0.88576
7.31226 0.85822 1.407
8.00375 0.38727 1.50097
8.66158 -0.35277 1.03539
7.15583 -0.98783 1.20473
6.81497 -0.54637 0.90137
7.18415 0.68759 -0.71812
4.34689 -0.66255 -0.2645
3.93635 -0.44085 1.09392
3.15919 -1.30016 -0.0631
2.23523 -0.64383 -1.26052
1.75977 -0.77016 -0.11203
3.00849 -0.1096 -0.2802
3.29525 -0.51799 1.01072
2.68644 -1.61023 2.78129
3.31244 -2.12114 2.29889
2.90709 -1.25097 0.42182
2.87222 -1.10547 0.13341
2.40669 -1.54838 -0.77619
3.41736 -1.71645 -0.66617
3.31669 -1.24481 -0.57116
3.11837 1.90148 -0.78187
3.56642 4.85978 0.46368
4.6003 4.75156 1.28473
4.44277 5.34085 -0.56717
6.65175 5.3201 0.36126
