1.69979 1.58478 0.01548
1.85821 0.5948 -1.18983
2.9112 0.12282 -0.26206
0.31187 -0.68853 -0.62721
2.61823 0.28578 -1.46854
0.65643 1.35822 -1.54071
1.53821 1.18066 -1.09478
0.51974 0.66759 -0.90804
-1.8396 -0.16266 -0.56737
-0.2356 -0.39696 0.52846
-0.15412 0.40448 -0.04953
0.04883 1.86354 0.42979
1.07584 0.7014 0.51276
1.64032 2.39995 0.3299
-0.74824 1.18182 -1.20603
-0.09658 2.29144 0.32825
0.41875 3.59237 -1.16251
0.82546 3.5341 -1.11315
0.75169 4.19476 1.65704
2.4821 4.13384 -0.83684
1.29064 4.32454 -0.16973
1.79415 3.33669 0.5311
2.02312 4.10479 -0.8404
2.33196 4.16281 1.87354
0.77228 2.95186 -0.43507
2.43421 3.7434 0.23872
1.07135 3.12305 0.88905
0.98384 3.35982 0.05471
3.81129 2.53626 1.13824
0.35605 1.98908 0.13594
2.55467 3.4451 2.01154
3.11386 3.49039 -1.32217
1.94788 2.31785 -0.58026
1.96025 3.26554 -0.50563
1.36729 1.23041 0.72169
0.8996 1.4773 -0.03936
1.35994 0.60421 -1.50369
1.33521 2.26236 -0.57796
0.7562 2.64886 0.75462
0.7329 1.59429 0.32711
1.63134 0.52558 -0.51109
0.88511 0.00272 0.67361
1.16026 0.68332 -0.37363
1.32657 0.69837 0.41112
0.02329 0.73905 0.74522
1.68476 1.39512 0.26788
0.00289 -0.02647 -1.34645
-0.48083 0.31863 1.61307
1.18894 0.45273 0.12859
1.53691 -0.23482 -0.61338
-0.26459 -0.66521 -1.13366
0.39364 1.56106 -0.83081
0.07579 0.71613 1.08695
0.37502 -0.23083 0.75794
0.99258 1.31672 0.25469
0.25474 0.90838 -1.14822
0.16773 -0.96244 0.99226
2.46237 -1.39898 0.72071
3.01608 -0.30133 -0.21368
0.79446 -0.45276 -1.32728
-2.20714 -1.19282 -0.28425
1.84174 1.17102 0.37202
1.74597 2.64307 -0.23902
0.13604 2.403 0.55611
-0.54807 2.41232 -0.05652
-1.01089 0.94225 -0.60179
2.34028 0.89762 -0.50576
4.52519 0.1219 0.07361
3.23228 0.39113 -0.90952
0.76173 1.43981 -0.87712
-0.13598 1.93296 1.02048
0.51423 0.92387 0.34748
0.74319 0.70173 1.05123
-0.25141 0.66989 0.03763
0.07009 1.21606 -1.26736
-0.63119 0.03648 0.2365
1.27306 0.34265 -0.55142
0.51098 -3.18842 -2.06377
-2.12062 -2.95412 -0.52132
-0.82006 -1.91273 1.71844
1.09571 -1.53641 -0.11155
1.91787 -1.75536 -1.09369
0.04791 0.77702 1.52736
0.95312 3.27086 1.17649
1.73046 3.84119 0.76551
-0.48239 3.75344 0.09527
-0.50312 4.414 -0.46427
3.26784 3.03351 -1.13792
1.14635 3.56332 0.15709
2.41556 2.34692 -0.29501
3.3744 0.90471 0.22652
0.72985 -0.44299 0.17127
0.28663 -0.37474 0.24472
1.39755 1.681 1.20195
1.40106 1.68382 0.67741
-0.24046 2.25226 1.20245
0.10607 2.43254 -0.332
1.23513 1.35962 -0.47977
0.50821 3.46053 -0.41262
2.36385 1.59729 -1.12156
2.09422 2.84743 0.04609
2.23267 2.02449 -0.57474
2.67294 2.24539 -0.27697
0.34763 1.75804 -0.61561
1.22944 1.58831 0.55198
0.83797 2.58727 -0.67901
0.65774 3.34996 1.57516
-0.43167 2.2153 -0.48611
-1.62034 3.45908 -0.85233
3.34321 2.46065 0.54128
0.52896 2.98808 -1.1418
1.18957 2.43368 1.62757
2.06907 2.07821 0.40402
3.62653 4.0211 0.83587
1.31558 3.22149 -0.20653
0.14461 2.63066 0.18163
0.78933 -0.30054 -1.36648
2.87018 0.05371 -1.0125
2.58866 -0.10089 -1.72062
0.80072 -0.17103 0.14279
1.15393 -0.09314 0.4165
1.86246 0.51247 1.49065
0.19424 0.67672 0.39358
-1.75082 -0.51585 2.58622
-0.82248 -0.50652 -1.59183
-0.06259 1.76531 -0.64081
0.22803 4.04716 0.48421
2.0023 2.00972 -0.75056
0.50915 1.23861 0.15244
-1.68483 1.39323 -1.13049
0.79938 0.08565 -0.33783
0.39351 0.18473 -2.22849
-0.13655 0.66244 -0.63667
0.3786 0.81596 0.74424
0.23479 1.39702 -0.8587
-0.10458 3.7995 -1.12708
0.62517 3.02366 -1.31978
-0.56148 3.83053 -0.53304
1.14947 2.82533 -0.25151
1.7116 3.53605 -0.98087
3.00223 3.5788 2.07807
3.16836 3.47287 0.58385
3.54482 2.60365 0.57176
2.0303 2.15848 -0.77702
2.34166 0.56224 1.09901
4.51903 1.72815 1.51568
0.38364 0.48728 -1.60648
1.20644 0.77335 3.30065
-1.31922 2.53713 0.09523
0.37216 3.11809 0.01722
0.39248 1.5899 0.83734
1.06253 0.65497 -0.74047
4.06187 0.37496 -0.16503
1.89804 0.00133 -1.55537
-1.49016 -0.46876 -0.1124
0.26822 0.05089 0.03528
-1.18645 -0.75318 0.00624
-1.80274 -2.4527 1.76403
1.04137 -0.69255 -0.05095
-0.22267 -0.80148 -0.77559
1.31036 0.18174 -1.14181
1.87282 0.51195 0.63853
-0.11809 -1.60113 0.11532
0.82434 -0.97105 0.432
0.40526 -1.76381 -1.22633
-0.79883 -1.18571 2.26605
-0.64036 0.05787 0.50089
1.38787 -0.03773 1.24354
0.55155 0.52126 0.31571
-0.49097 0.28711 -0.66628
-0.4097 1.31771 0.92796
2.02245 2.52787 -0.02894
2.69995 0.64597 0.84886
1.08847 1.96885 0.32058
-0.31789 2.49285 0.20327
1.6414 1.91221 1.04159
-0.10487 1.87417 1.34662
0.73175 1.39737 -0.26638
1.25757 2.04561 -1.47473
1.27162 0.86633 -1.10178
2.19376 0.85196 -0.11497
0.85385 1.99589 -0.70053
-0.07122 2.17946 0.36756
0.4052 2.2063 -0.70469
-0.40339 1.76774 1.22996
0.76741 1.81435 -1.60269
-0.08836 1.65947 -0.41346
2.64847 1.66853 0.0902
0.89907 2.87705 -1.29694
-0.4985 3.8568 -1.15802
-1.77891 3.41563 -0.27545
-1.17069 3.27784 -0.4706
1.61574 3.02928 -0.15873
4.35624 0.59354 -0.86522
2.68291 -0.56798 -0.90192
2.44647 -0.19485 -2.41072
1.96291 -1.39471 1.87232
1.23034 1.68177 1.06309
0.50553 1.27198 -0.24411
0.90469 2.1843 -0.9182
0.03938 1.57707 0.41071
-0.11323 0.53815 -0.75343
0.19823 2.30937 0.4428
0.54193 1.36889 -0.84752
-0.30748 1.90232 0.00721
0.18059 2.44759 0.82185
0.44725 -0.19752 -0.99999
0.37308 -1.798 0.60957
0.75376 -0.18503 1.37991
-0.12649 -0.51334 -1.01048
-0.58825 -1.57555 1.20013
0.30972 -2.30871 -0.90806
-0.54911 -2.07743 0.03518
-1.51835 0.70503 -0.55308
0.94765 1.32968 -0.9437
1.43006 1.54143 -0.43858
0.90281 2.57318 0.16871
1.09644 1.20009 -0.94596
0.12025 0.51645 1.80538
1.32103 0.42455 0.32555
-0.26503 0.96344 -0.21514
-0.115 2.79987 0.41554
0.84183 0.04394 -0.09272
-0.34211 0.38914 0.71662
2.01305 -0.96579 1.197
1.67064 0.28214 -0.77031
-0.81477 -0.04105 2.48001
-1.8144 -0.3532 0.35187
0.08008 2.87435 0.78428
-0.07683 2.33133 -0.5661
-0.3636 1.55408 -1.26603
0.86039 -0.11317 -0.20866
0.46015 -1.87046 -0.75918
0.51017 0.04715 0.4405
1.37595 2.09636 -0.40637
1.27116 3.84258 -0.12017
0.8775 2.33027 -1.07374
1.8108 2.60238 0.9925
0.22487 2.16036 -1.73506
1.34583 2.04285 0.57552
0.88775 3.01254 -0.31603
-1.64481 4.10349 0.23583
2.63811 3.24375 -0.34981
-0.84699 2.08737 -1.96206
3.65972 2.06914 -1.2585
1.50927 1.05455 0.91543
-1.34978 0.61795 0.57205
0.69984 1.39937 2.3415
0.48717 1.40922 -0.89952
1.23148 2.69914 -1.18562
0.37269 2.18688 0.0887
-0.48697 0.47984 0.37894
1.38802 0.24726 0.38871
2.01509 -0.51074 1.03933
1.65155 -0.581 -1.60888
1.31057 -1.47235 -1.07604
-1.60269 1.12799 0.31604
1.80276 1.36239 -1.23284
0.70479 2.75399 1.0547
2.4825 4.06811 -0.16652
0.63963 4.28953 0.43575
1.01965 3.5534 -0.73869
1.95477 2.94685 -0.66388
1.49879 2.04149 0.65173
1.53873 1.5585 0.43136
1.26327 0.83489 -0.24981
1.28488 -0.44899 1.05815
0.2178 -0.45408 -0.51718
-0.1494 0.16983 0.11451
-0.94093 0.51738 0.64226
0.53669 -0.98072 0.12515
-0.29953 -0.77879 -1.66078
-1.37636 0.23821 0.99243
-0.32722 0.06656 0.73334
-0.86223 0.79673 1.28142
-1.86333 -0.03207 0.45241
-0.00214 -0.48834 -0.02967
-0.41789 0.26377 -0.84785
0.39378 1.40054 1.08404
-1.90091 1.4894 -0.23122
-1.56544 2.03033 0.17185
1.23165 1.2535 -1.56218
0.82612 1.052 2.49555
1.31166 2.56431 0.00735
1.97199 1.56433 -0.32513
-1.00214 1.97874 0.75866
0.59645 0.49343 0.0533
0.50606 0.45098 0.3614
-0.10408 0.79631 -1.2739
0.67227 0.66703 -0.96153
2.61036 1.44033 -0.31475
0.62144 -0.08224 -0.66614
0.54553 -1.00477 -2.39859
-0.11144 -0.06393 -1.18507
0.34141 0.81857 0.72609
-0.24611 -1.03121 -0.67928
1.21212 -0.18032 0.36924
-0.07755 0.16292 -1.50349
0.53539 -1.10638 0.59501
2.27823 -2.33673 -1.37808
