7.19739 2.12431 1.56307
5.79293 4.45713 1.56176
4.25297 4.37043 3.05419
4.55424 4.55322 1.84992
5.29487 3.85955 1.59321
6.44116 1.77287 2.72155
5.9751 1.46157 2.96928
5.85489 1.9487 2.74941
5.66773 3.17932 0.82896
6.8251 2.01712 2.71983
6.50673 1.98665 1.21849
7.51957 2.61816 1.54914
7.67082 1.01289 1.96086
7.56792 1.83535 3.021
6.64573 2.88956 1.98016
7.59803 2.48056 5.2604
6.52834 1.70527 1.20041
9.31729 2.14114 2.42451
8.37482 2.63507 1.33233
6.75512 0.97612 1.27873
5.155 -0.18788 0.84162
4.4533 1.48926 3.91958
5.07361 1.94656 6.32659
7.16012 1.9196 2.10911
6.95178 0.73384 1.33353
6.52412 0.47724 2.27892
6.12038 1.36779 2.95295
5.77619 2.22406 2.30252
6.85642 2.33273 1.33216
6.68832 2.15217 2.99792
6.69769 3.06314 2.35963
8.5244 4.98962 2.04956
7.75484 4.58341 -0.01464
6.70863 3.8026 1.43117
4.80849 2.44613 3.01445
5.64197 1.42399 2.86179
4.76137 0.80727 3.94478
5.02622 0.1411 2.2709
5.3989 -0.68695 2.61961
5.2371 -1.60371 0.37019
5.33813 -0.55765 2.54078
5.22865 -0.20004 1.32569
6.04166 -0.46836 -0.92154
5.76648 -0.54757 3.74425
7.04284 -1.76441 2.28161
7.64015 -4.00403 1.96727
6.30241 -5.5908 1.41536
5.62865 -5.62172 0.72787
3.67777 -5.12764 0.41627
1.89826 -4.76865 1.5319
1.31312 -4.56891 -0.34258
1.08995 -2.69839 1.78385
-0.81189 -2.77707 2.94061
-0.19461 -2.33006 0.8983
1.7217 -0.47024 1.09004
-0.25589 -0.39353 1.76066
0.70241 0.00087 0.98581
2.07415 0.68633 0.69172
1.55061 -1.20249 -0.97669
1.87464 -0.97872 -0.17219
2.11327 -1.65165 0.60145
1.26231 -1.78582 0.21326
-0.18487 -1.80365 1.40225
0.68388 -1.57153 0.77971
0.76705 -1.29138 0.92021
1.25529 -2.1386 1.49666
1.13293 -1.12207 2.11278
0.89708 -1.0918 1.53883
1.33619 0.15823 0.1043
-0.31097 1.6801 0.43323
0.02759 1.17679 -0.3343
0.81598 0.70107 -1.43716
2.31218 -0.25862 1.43968
3.31996 -0.0818 0.94104
4.73511 0.53656 0.89648
4.23097 0.00907 2.38096
2.26141 -0.82037 0.91332
3.85124 -0.32136 0.89793
2.7236 1.2671 0.70668
3.70094 -0.43318 1.02918
3.1899 -0.24807 -0.8337
3.06077 -0.4159 0.74719
2.98889 -1.0685 -1.55988
3.48145 -1.2735 -0.48694
3.84741 -2.1073 0.1948
3.53115 -1.48245 0.41449
4.76754 -1.26409 1.40352
3.69071 -2.02082 0.70223
2.62746 -1.13258 1.3417
2.28733 0.70549 0.19955
1.48247 0.263 1.77192
1.59336 2.2899 1.58411
1.15044 4.2942 0.43004
3.04641 4.00861 -1.15193
2.03793 4.48834 0.0948
1.98024 2.99627 3.02155
3.53087 4.13781 2.39374
4.59614 3.34927 1.1798
4.83563 3.01216 2.47646
4.69474 3.7016 3.15871
4.87901 3.15457 3.44332
5.86143 3.24105 2.88345
6.10828 2.09765 3.39674
5.95496 2.07869 2.07484
6.58872 3.00075 1.05744
8.33098 3.14212 2.66887
7.80933 1.39401 2.80735
9.51725 1.40133 1.96365
10.43366 0.86045 3.42652
10.00843 0.49258 4.28543
8.66666 1.44296 1.47919
8.55969 1.08623 2.85261
7.85466 1.19093 2.72994
7.8662 1.10402 3.6976
7.93 0.73051 2.34352
7.17597 0.83862 2.37414
6.28723 0.8456 2.40672
5.66622 1.77625 1.48977
4.93135 -0.51967 1.1967
6.74267 -0.45592 1.25822
6.30207 0.71683 1.3397
5.99695 0.79476 0.55215
5.69971 -0.32077 -0.22168
4.30123 0.4629 0.54674
4.97996 -1.06716 1.47578
5.43123 -1.30612 0.8486
5.73078 -1.06766 0.8015
5.26578 -1.58181 3.44251
5.45783 0.8685 -0.5233
6.61931 -0.35297 1.23003
6.30505 0.38674 0.657
8.86562 0.47322 3.41755
6.48238 2.74205 2.37298
7.29569 2.92231 0.1069
6.63982 2.20155 2.17145
5.85218 2.79001 1.58919
5.25746 0.72707 1.66606
7.00324 1.54961 1.61264
6.4508 1.6842 2.03447
7.10757 3.07062 1.87487
6.21396 2.02286 -0.67199
6.15852 0.25206 1.01975
5.71234 -1.85838 0.21979
4.71505 0.06636 3.56659
3.05274 0.27666 1.87324
4.3566 0.26874 1.79617
5.90682 0.62609 2.31427
4.82457 0.50815 1.26535
7.49751 1.57555 0.34278
6.90152 1.58651 2.11881
6.73565 1.41333 0.10103
6.78757 -0.88142 3.13319
6.83998 -0.00345 3.06421
6.82939 0.48515 1.1587
8.14732 -0.06186 2.82032
7.50038 -0.19559 1.89114
8.52295 0.21849 1.0513
7.91882 0.47941 2.10949
8.43956 0.95186 1.29646
9.43754 -0.09892 2.23971
9.01871 -1.81595 1.4937
9.58176 -1.24934 -0.99033
7.52244 -2.7996 2.50659
8.40362 -3.79158 2.37038
6.0836 -4.39928 3.40824
5.67229 -5.73108 2.60802
5.24105 -5.07201 2.66323
7.20506 -5.63485 2.29828
7.87123 -4.57627 3.43069
7.98058 -3.93105 1.88282
7.83442 -3.92466 2.4459
7.86796 -2.42826 0.47242
7.50244 -2.64657 4.69336
7.55479 -1.48022 3.34115
8.23075 -1.43334 2.81033
11.00016 0.00303 0.94002
10.7722 -1.43502 1.97678
7.18341 -1.86938 2.12032
6.7595 -1.10865 2.71498
5.45649 -0.66152 0.72347
6.54621 -0.32738 1.27524
7.38185 0.95373 2.66007
6.56365 1.5699 2.24509
6.62119 2.42639 -0.188
6.17568 3.27157 2.45769
4.76493 3.65546 2.28647
5.36278 3.89434 1.6885
7.40706 -0.04089 3.48712
7.59242 1.26512 3.53642
8.84534 1.2481 5.25795
10.54417 1.62706 3.52482
10.8933 1.8569 2.48667
12.09224 0.56821 -0.24887
13.33696 -0.22005 2.70128
11.46452 0.42392 1.61681
10.70566 1.98805 3.57896
10.01605 1.0746 3.84373
12.01664 2.3448 3.52094
14.56008 1.08917 2.88804
14.30314 1.03883 1.67893
14.64086 -0.34502 1.64516
14.05758 1.12449 3.07386
12.38271 -0.46738 1.94887
11.73059 0.91715 3.27408
11.4586 1.13545 3.48511
12.81246 -0.80336 2.17579
14.03813 -2.09349 4.70869
14.15612 -1.291 1.55835
14.53981 -0.60532 1.87095
15.39131 -0.95648 2.00594
14.40848 0.38613 3.9576
13.75745 1.49851 3.34903
13.39859 0.5908 3.2393
11.54089 0.29157 3.29101
11.39447 -0.11384 2.70585
11.9721 1.95768 3.28293
11.30815 0.72593 1.95006
11.64096 0.05183 2.01062
11.17296 1.63461 1.721
12.27362 2.76895 3.89941
12.0664 1.88646 1.20246
11.16306 1.17539 2.4312
11.88103 0.88433 1.11748
11.74522 0.91931 6.13315
12.33193 -0.19769 4.30314
15.73929 -0.58879 0.44905
15.84277 -1.29163 2.42553
14.18795 -1.86915 3.58267
14.58673 -0.96253 2.14272
15.05137 -0.72388 3.44836
15.48024 -0.63989 2.93814
17.26206 -0.99959 2.78095
15.82764 -0.77561 2.86302
14.95422 0.46209 3.17404
13.08449 -0.06976 2.50173
12.85807 -0.15673 4.80532
12.76673 1.23816 3.39679
12.62768 0.93846 4.05263
14.63641 0.71943 2.56351
15.61757 1.9479 3.29653
14.43448 0.54211 0.99442
15.31233 0.34131 1.8762
12.84461 -0.74179 2.95784
13.30552 -1.32413 4.13057
14.28196 1.02355 4.1748
13.31442 -0.63971 3.36534
12.94754 -1.48211 2.14856
12.42693 -0.82989 2.7032
11.31852 -1.5571 3.25807
11.24944 -0.4019 2.11849
11.68052 -0.92809 2.47914
10.86386 -0.01223 2.12985
9.21812 1.28301 2.49666
10.35421 -0.52241 3.8631
11.01279 1.05849 3.02245
12.36906 3.7186 2.34785
12.80952 1.74722 4.37868
12.18454 2.35439 3.46568
12.8134 1.96388 2.21794
12.57983 3.26491 4.39832
12.17304 0.42956 2.52862
12.77153 0.97781 4.75907
12.38846 0.67306 2.7723
13.44601 -1.373 4.96511
13.92113 -2.22015 2.79052
14.59727 -1.89581 3.46953
11.62751 -3.88903 2.6837
10.19436 -3.43126 2.68505
11.20447 -3.08546 2.67981
11.30374 -3.7088 3.09084
12.30638 -2.87838 4.79647
12.15505 -3.4881 2.2874
13.43418 -2.62265 4.48857
12.29745 0.28601 3.06011
10.37139 1.08124 5.73023
10.43859 0.0728 3.83002
11.82025 -1.14961 3.92607
12.93662 0.36555 1.16868
12.27784 1.24482 1.74995
11.3392 1.21393 3.53496
10.52075 0.9635 2.15401
12.0913 -0.34023 2.05975
13.13159 0.78931 2.4173
11.2373 2.10384 0.05188
10.14682 2.13183 2.07063
9.29207 2.05212 3.63155
8.22633 2.0593 2.5141
9.70518 2.44382 2.58682
9.56837 2.146 3.15687
9.37062 3.17985 3.31436
11.11402 2.40001 2.83448
9.93224 0.38449 4.47484
9.8992 0.00786 3.10184
12.32652 -0.34814 2.33415
13.3566 0.47097 3.85704
15.45126 0.20478 3.44588
15.14072 0.78745 0.38676
14.98646 1.1446 3.07955
15.41123 -0.03425 1.90208
15.40729 -0.95375 2.51417
