3.38186 3.18072 0.78212
3.64518 3.99376 0.46807
4.12447 3.27101 0.46153
4.86728 0.62521 -1.03896
5.92358 -0.32009 0.3773
5.11188 -1.09459 -0.19423
4.5526 -1.89878 -0.2838
2.73906 -1.74078 0.22463
1.85959 -3.58502 0.08715
2.07109 -2.30363 1.37307
1.09226 -1.1429 -0.85845
3.25949 -1.26585 -0.01788
4.93556 -0.45904 0.34654
4.46736 -0.18123 0.06164
3.36866 -0.35274 -1.66172
1.77175 0.20637 0.21921
-0.13699 -0.18037 -1.31179
-0.19825 -0.3976 -0.45506
-0.83018 1.31644 0.35587
1.81446 1.98167 -0.98825
-0.48613 1.3646 0.31001
-2.44856 3.86281 -0.37236
0.00442 2.40992 0.55983
0.53184 2.8436 0.72466
-0.12428 3.76948 -2.25048
1.54479 3.42141 -1.33383
0.52888 1.7046 0.31288
-0.22519 0.70287 0.91862
0.92596 0.0772 -0.55392
2.38159 -2.22692 -0.03641
0.68236 -1.53684 -1.339
1.5405 -0.5819 -1.17713
1.99789 -0.30028 -2.01079
2.11968 -1.35309 -0.6667
1.46407 -1.52031 0.10066
1.62663 -0.07399 -1.32052
1.06045 0.00316 0.20908
1.99869 -1.22067 0.26222
2.22797 -0.03408 -1.36998
1.92037 -0.2085 0.48693
0.79706 -1.00814 0.89356
0.04813 -0.5239 0.29651
0.10639 0.52999 -0.13662
-1.56168 2.07972 1.04907
-0.1797 1.05143 -0.64776
2.01418 -0.96766 0.06212
1.5009 -1.07452 -0.0262
1.16566 0.07255 0.58332
0.74223 -1.14824 0.42469
1.65179 -0.60059 1.55126
2.37784 1.92272 -0.83163
1.44601 1.17121 0.22096
-0.01627 0.27833 -1.99111
-0.29184 -0.19199 -1.75366
1.33349 -0.92101 -0.31878
0.59158 -0.12405 -0.49669
0.7809 0.7441 -0.14634
-0.83783 -1.71244 0.16787
-0.76179 -2.01896 0.35667
-1.67194 -2.13755 1.38318
0.3156 -0.9348 1.71245
0.57522 -0.24001 -0.07036
0.13666 -0.13938 -0.31172
1.20151 -0.60164 1.02726
1.61172 -0.93307 0.6136
1.28724 -0.67166 -0.71454
-0.77919 0.28139 -0.04388
-1.63172 -1.2942 -0.90166
-0.4395 -1.39545 1.97704
0.99786 -1.30522 -1.24159
1.24352 -0.97945 -0.99387
0.57353 -1.07095 -0.1827
0.51131 2.22887 1.74722
0.44407 -0.78424 0.88682
-0.13898 -0.2934 -0.50992
-0.8482 0.77046 0.94688
1.9572 -1.28084 1.05934
3.11089 -0.06197 -1.1648
2.86079 0.47491 1.74361
4.62565 0.59769 -0.61564
2.44705 0.71927 -0.99232
2.45654 -0.82055 -1.15734
3.79481 -1.95856 -1.99581
3.26131 -3.40593 -0.70743
2.97733 -1.90046 -0.12222
4.64788 -0.15393 0.05774
4.98833 -0.26042 -0.33738
4.35407 -0.13393 -0.38314
4.42017 -0.79362 0.35425
2.2537 -0.80203 0.2344
1.09841 -0.71129 1.46112
2.34604 -0.7265 1.13954
2.07225 -0.93457 0.44849
2.0869 0.66112 -0.34874
2.33553 2.27087 -0.38277
1.72423 2.9967 -0.88279
1.54307 1.61258 1.39807
3.41964 1.34119 -0.65761
3.66527 2.29982 -0.08738
3.24715 2.7331 -0.13618
2.28668 2.02442 0.52732
0.5892 2.26487 0.90776
1.49974 1.15404 0.31159
2.94933 0.19677 -0.44301
0.38224 -0.11311 -0.4295
1.36531 -0.74928 0.44837
2.61862 -1.50376 -1.02969
0.93577 -1.07239 -0.80186
0.14424 -2.44298 -1.01421
0.39219 -1.94907 -1.88162
1.20289 -1.60624 1.34391
2.51879 -1.12356 1.22233
3.98128 -1.60856 -0.93941
3.23292 0.38056 -0.70787
3.20972 -0.77239 0.11662
3.10951 0.12962 -0.88994
3.00119 2.01685 0.7358
4.08557 1.94045 0.91189
4.42408 -0.09431 1.60598
4.65969 -0.36156 -0.63503
4.43219 -0.79859 -0.71201
2.59851 0.5575 0.06071
0.53759 0.41366 0.06101
-0.35896 0.61971 1.92914
1.01847 0.74091 0.51941
-1.1046 1.73661 0.89081
-0.57236 2.75796 -0.4733
1.92655 2.49047 -0.0496
1.00187 3.10735 -0.45813
1.47748 2.02611 0.22031
1.10077 0.78953 1.41455
1.68741 0.17764 1.25701
2.80062 0.36656 -0.71689
3.64414 1.15897 0.30968
1.13861 -0.08621 -0.51533
1.77901 0.51461 -0.48896
1.81721 -1.31998 -1.57263
1.45766 0.20761 -0.19288
0.99608 -0.07023 -1.50119
0.36151 -0.40292 0.77377
0.69121 0.19485 -0.80553
-2.27463 1.04048 -0.17813
-1.64057 2.58428 0.75153
-2.98402 1.68574 0.44318
-1.11188 1.90473 -0.93952
-1.44145 2.00065 0.70986
0.89739 1.79757 -0.56546
-1.41753 1.48205 0.82676
-0.66634 2.65699 0.47624
2.64847 2.09237 -0.44563
0.69908 2.44209 0.0687
2.48107 1.82576 -0.6933
3.23752 1.72694 -0.38681
4.40579 0.92027 1.74188
4.17467 1.48014 1.1482
3.49444 -0.27882 -0.02496
3.8126 0.38096 1.20508
4.41007 -0.58159 0.45907
4.5547 -1.21963 -0.98996
5.12481 0.12409 1.45666
3.74873 0.89404 -0.26884
2.10531 2.8495 0.80332
3.34097 2.35783 0.56524
4.37074 1.86196 0.91593
1.85442 1.97433 0.96586
3.21561 1.2798 0.47421
6.17175 -0.75224 0.19004
4.83421 -0.17693 0.44796
4.80223 -0.01873 -1.3804
5.41338 1.3577 1.41307
2.89749 0.31659 1.50111
2.52022 0.03233 -0.96028
6.01623 1.07495 1.03236
4.09151 2.4586 0.58349
3.92398 1.66366 0.95253
4.13454 2.79094 -0.43926
2.84121 3.18706 0.31428
1.52907 4.44066 1.18635
2.14222 4.14841 -0.54168
1.91322 2.94705 0.26465
2.88202 4.19655 -2.08886
4.66855 4.68401 -1.28488
3.44278 2.54913 0.93729
4.75382 2.67031 0.31771
5.45986 2.63019 -0.26641
5.6051 -0.14851 0.897
5.96214 -0.95993 1.95574
6.49563 -1.71447 0.73691
6.80122 -2.27515 2.28854
5.78744 -0.14345 -1.71089
4.7816 -0.11099 -1.80535
4.94287 3.10705 0.65901
5.89234 3.01917 -0.96936
5.98231 2.50608 0.19956
4.22047 1.54567 0.50657
6.98078 1.43316 1.97238
7.3182 -0.13384 -0.29628
8.03742 0.34178 2.0842
7.44021 1.60711 -0.56512
7.35743 1.35738 0.78441
6.41175 1.83587 1.27583
3.78946 1.90219 -0.48228
5.69011 0.8638 0.45083
4.35232 0.89204 0.09701
4.04996 0.00892 -1.4171
5.31728 0.90503 1.87073
4.21071 1.18952 -0.40759
4.16303 -0.07373 -1.56368
4.54387 1.088 -1.42343
4.73411 1.20616 0.06442
2.82904 -0.34812 -2.52985
4.36319 -0.00901 1.30299
5.06667 0.82608 0.8701
4.58179 0.7832 -1.3643
3.49302 0.47279 0.74297
1.64156 1.99884 0.36467
1.75246 1.23953 -0.07663
0.83728 -0.7779 -0.34259
1.97024 -0.02106 -0.72492
3.50576 0.88096 -0.07338
3.65055 -0.25246 1.79956
2.66581 0.1273 -1.09619
1.1735 0.54842 0.79956
0.83234 0.6125 -2.00375
1.84526 1.42682 0.58945
0.43923 2.63882 0.04468
-0.65932 2.01875 1.5284
-0.58003 0.89768 -1.99123
0.09779 1.74032 -0.2527
3.14467 -0.29201 -0.22493
2.39247 -0.01235 -1.36668
0.10348 -1.79235 -2.56905
1.79176 -2.13236 -0.95492
2.4413 -0.51308 -0.22438
1.70107 0.68134 -1.57814
1.35997 -0.57629 0.07619
0.79963 0.03797 0.29526
1.62056 0.77327 -0.70576
0.35865 1.10712 1.3958
1.65196 1.66415 0.85002
2.17531 0.26817 -0.77439
2.13971 2.89493 0.3812
-0.51362 3.35151 0.48867
0.15227 1.27597 -0.4108
-0.12887 1.08506 -1.32147
-0.10776 2.53832 -1.63121
3.65484 2.35657 -0.7087
4.34388 2.34133 1.12952
2.68002 1.23251 -0.17147
3.92002 0.97165 -0.10986
1.87456 2.89514 0.17902
4.09629 0.54515 -0.20037
2.88838 0.30555 0.34168
2.56845 -0.68028 -0.25859
3.56366 -0.34889 1.36119
2.83291 -0.23691 -0.92779
2.69094 -0.29756 -0.16096
2.3764 0.47277 0.83198
1.86573 1.71983 0.73023
1.80465 1.81141 -1.03775
2.22775 2.3028 -0.79657
2.29109 2.53591 0.23827
0.91498 2.33349 -0.47778
1.66531 1.6715 1.05594
3.7531 3.18559 -0.42711
5.02217 2.67428 0.19471
4.9894 4.30003 0.36336
4.03923 2.94944 0.31739
4.71997 0.54944 -0.73939
2.90527 3.15978 -1.15714
2.52868 2.0561 0.71138
5.52678 0.96669 0.57257
4.81455 1.37365 -1.7376
5.03935 1.58003 -0.42757
5.7221 0.13822 0.40612
5.05057 1.44421 0.53508
5.91298 1.69544 -0.82616
6.21578 1.60241 1.61779
7.32874 2.74493 0.24124
6.92292 2.94311 0.31058
7.3106 3.34932 1.07135
6.72614 3.01462 0.86343
7.67374 1.99675 -0.29128
6.03283 1.76927 -0.46597
7.18976 1.75866 0.68486
5.95221 1.20784 -1.46842
4.79297 -0.73505 0.6224
4.05117 -0.05539 0.66706
3.9835 0.05679 -1.49114
5.18111 2.80408 -1.26303
5.45478 0.89798 0.71825
4.71427 1.94761 -0.92379
3.51591 1.30969 1.1189
4.28768 1.61985 -1.71959
3.34448 1.66574 0.82979
3.15107 -0.89712 -2.15002
3.33552 0.20621 1.73215
3.51706 1.00463 0.77359
4.59327 1.81119 -1.23694
6.31408 4.15598 0.62094
