1.74737 1.29164 0.35678
2.74258 1.05614 1.3376
0.19892 -1.38343 1.01778
1.00857 0.09248 0.77127
0.7558 -0.00065 1.61735
1.28385 0.39888 2.37874
1.77885 2.01198 1.13501
1.8921 1.06302 1.52589
0.62673 -0.3754 1.89361
1.44013 -0.91129 1.4127
2.72359 -0.35807 0.08954
0.98434 -1.17984 0.68776
0.93451 -1.78615 2.05403
0.2931 -2.14728 1.88196
-1.12092 0.32585 1.20429
0.36155 0.56087 1.70794
-0.55237 0.50043 0.65398
-0.07151 0.02668 0.96237
0.08622 -1.48538 0.72662
-0.6843 -1.12212 -0.70902
-1.98088 -0.93351 -0.66508
-0.76924 -3.23775 -0.53531
0.33574 -0.87497 -2.07837
-0.44222 -0.42968 -1.54003
-0.46146 0.75995 -1.44873
-1.68492 0.50101 -0.45331
-2.16406 0.38023 1.61937
-0.55829 -0.00563 0.89785
-0.17877 0.13739 0.2691
1.91407 0.41056 1.7217
1.20709 0.03678 1.41496
-0.40844 -0.97137 2.52767
0.97491 -1.24615 3.8335
2.14006 -0.47445 1.44752
3.39185 0.07425 0.18195
2.09143 1.35743 1.78832
2.38414 2.01785 1.20866
0.56627 0.88308 0.63479
1.67485 1.39816 0.71538
1.4892 -0.3244 0.20254
1.4092 1.50364 -0.0389
0.93228 0.10898 -2.24077
1.76411 0.357 -2.22832
0.82496 0.28051 -2.87205
0.01878 -1.47474 -2.45504
2.60421 -1.2659 -1.14256
3.39553 -1.08748 -1.95085
1.8087 -1.42186 -0.80624
0.51523 -1.11413 -1.33959
1.67602 -0.18334 1.30457
1.00629 -1.87191 1.70636
-0.74241 -2.20324 1.35894
-1.13446 -1.37772 1.1865
-2.28018 0.05023 1.60252
-1.41251 -0.11046 -0.67811
-1.18304 -0.14167 -1.94132
0.16343 0.05376 -0.70175
0.44253 -0.96401 -0.32073
-0.79561 -0.15591 -1.45788
-0.30788 1.36871 -0.94322
-0.35996 0.57556 -0.25173
0.89714 0.82096 -1.53757
0.82494 0.8853 -1.35888
-2.61816 1.74736 -2.09139
-2.83522 -0.02633 -1.04288
-1.77138 0.14051 -1.77906
-0.718 -0.40686 -3.0655
0.32925 -1.3968 -1.44855
0.55295 -0.87357 -1.59494
2.65744 0.56356 -1.6964
3.69329 0.63216 -2.00283
3.25978 -0.19433 -1.72334
1.40127 -2.40629 -0.37298
-0.10908 -0.61829 1.81045
2.57331 -0.88561 1.77539
3.27756 -0.02526 3.63282
4.68149 -1.24022 4.47917
3.32835 -1.13689 3.89759
3.17269 -0.74532 3.8961
4.29367 -0.08054 3.40332
2.94968 -0.07846 3.00942
2.5604 0.22356 3.38298
2.75154 -0.49088 3.94284
3.68 -0.10461 4.03224
4.20287 -1.2341 3.81211
4.74712 -0.89889 4.00946
3.74743 0.14532 6.72358
4.08887 -1.31094 5.398
2.21725 -1.28341 6.26056
1.71221 -0.91337 7.54636
1.82304 -0.45445 7.96846
1.13276 -0.4164 7.21089
2.32634 0.14312 6.51356
2.42592 1.56383 6.1762
3.2416 1.49966 6.56695
4.63703 0.05486 5.73447
4.44532 0.92095 5.34904
3.78935 0.71396 5.29461
3.26578 -1.43983 4.86732
5.02589 -0.8495 4.87534
5.77637 -2.46271 3.29501
4.69919 0.03768 4.74808
5.81914 -0.29144 5.24109
5.7551 -1.28034 5.71647
4.06635 -0.61675 6.64224
1.05618 0.17464 7.41794
2.15217 -1.33275 6.12042
3.22499 -1.82007 5.24161
3.76 -1.92099 6.0667
1.50005 -1.19165 3.74719
2.54159 -1.69064 2.07617
2.32246 -0.53236 2.74499
2.65831 -2.18595 2.47632
2.59706 0.8941 1.89396
2.82273 1.64915 3.22661
1.36463 1.62176 3.38979
1.9448 0.88995 2.08996
3.63736 2.08383 2.29732
2.54454 -1.07809 2.68839
1.16147 -2.08498 2.43533
0.34752 -0.42605 1.72905
0.07538 0.24494 1.63779
-0.16018 -0.30677 1.07863
-0.51638 -1.01119 0.6408
-1.08094 -0.06321 -0.67659
-1.94263 0.55202 -1.57343
-1.00997 0.10595 -0.82091
-0.61282 1.67995 -1.60547
-0.61453 -0.55281 -2.63043
0.87367 1.1213 -2.62729
0.59883 -1.42392 -3.30225
-0.90677 0.88938 -2.04186
2.02312 -0.97705 -0.89623
0.23013 -1.86647 0.32345
-0.4833 0.53072 -0.38274
0.77148 -0.95117 0.69225
1.6047 -1.39298 -0.16461
3.00783 0.10584 -0.67145
4.12448 -0.79995 -0.59558
2.53738 1.07847 0.40497
1.2714 -1.11725 1.25355
-0.2944 0.57475 1.88045
0.27165 -1.27164 2.23796
2.26186 0.95468 1.55146
1.20218 -0.30037 1.78593
0.522 3.08076 2.75027
1.08914 1.3685 2.14157
2.23899 0.27079 1.96854
3.08567 0.44123 2.04183
1.66035 -0.65478 1.80103
-0.02742 -0.63247 3.02828
0.77078 1.04363 2.84734
1.47574 2.28087 1.59938
1.56926 1.49042 1.61381
1.40075 1.11591 1.73667
1.22988 0.40581 1.99981
2.44425 1.17542 1.66173
0.24814 -0.08002 1.46624
1.26845 1.33011 0.20157
3.86471 0.90446 0.50077
1.79082 0.83415 0.29908
1.97139 -0.00795 0.96638
1.69617 0.78311 1.83528
-0.34519 -0.1743 1.60682
0.28541 0.9243 1.74172
1.6512 0.93335 2.75851
1.32356 0.9521 2.45952
3.2535 -0.38428 2.69932
3.13993 -1.02258 4.25584
2.08312 -0.67803 3.8665
3.70226 -1.25587 1.45186
4.5542 -0.32608 2.96751
5.22466 1.16754 3.73509
3.85748 1.45973 3.82725
5.01654 0.48317 2.80983
4.06981 0.29549 1.42577
4.938 -0.70969 1.69706
1.85834 0.6792 1.23822
5.08029 1.24574 2.12385
2.52294 1.04707 0.81729
4.95907 2.23976 0.80584
3.97167 1.69488 1.64751
3.60308 0.51325 1.64588
2.71957 0.33664 2.65069
1.15807 0.7284 2.54861
2.53125 1.02061 0.91758
4.11786 1.15083 0.68577
1.68448 -0.76113 -0.64452
0.95328 -1.14463 -0.2703
-1.50147 -0.46035 -0.78588
-2.11302 -0.67719 0.2715
-1.77631 -0.316 -1.07905
-1.37831 -0.302 -1.95008
0.06388 0.72126 -2.06291
1.13033 1.66879 -0.82345
0.2067 2.3062 -1.75169
0.50474 -0.83441 -1.57314
1.63696 -0.87876 -0.90263
-0.17122 -0.43669 -1.52855
-1.30673 -1.59493 0.47008
-0.44195 0.48734 0.16235
1.04163 1.69662 0.59573
1.32948 0.40373 -1.18312
2.14272 -0.18461 -1.68106
-0.11931 -1.61248 -1.43715
-0.17389 -0.66756 0.3109
-0.59423 0.47258 2.09825
-1.33115 -0.36255 2.24457
-0.12655 1.09598 2.37522
0.61413 2.35961 -0.13452
0.52824 0.37318 -0.82526
0.55774 0.95119 -0.43578
2.47816 0.5396 1.01552
1.62487 1.65366 1.15506
1.21949 -0.62552 2.40622
-0.79912 -1.18128 0.99105
-0.53946 -1.28758 2.8532
-0.26579 -0.90141 3.76598
1.57786 0.13722 3.15755
2.21298 -1.05349 1.99921
3.66895 0.82985 0.67682
2.98151 0.29461 0.04859
0.17305 -0.63973 -0.71739
-0.16088 0.52837 1.81166
0.5779 2.10135 1.37949
1.66141 0.1227 2.6751
2.7038 -0.96165 2.20761
2.25385 -0.27426 2.79374
3.17858 -0.55558 1.90973
2.45839 -0.50311 2.25942
2.49608 1.55145 3.02277
4.42457 0.66549 0.52087
3.94211 -0.89128 1.49853
2.23369 0.76615 1.57957
-1.41514 -1.43395 1.29621
-1.3774 0.00413 1.20438
0.80516 -1.57091 1.26787
-0.33931 0.06174 0.88276
-0.20353 0.40252 0.90831
1.18377 0.33921 1.51978
0.74465 0.26658 0.96757
-0.35651 1.10309 1.51437
0.63866 0.7186 2.20222
2.52759 -0.41085 2.81368
0.20614 -0.53576 4.23284
1.0109 0.41315 3.92361
3.79353 0.61555 2.38193
3.84584 0.80851 1.05888
4.35259 -0.21628 1.98526
1.30277 -0.74379 0.44755
2.52305 -0.77025 0.46134
1.27824 -1.01468 2.14122
2.31348 -0.97282 4.10628
1.84907 -0.18873 2.82466
0.51281 0.33534 4.00686
2.86828 0.37328 2.39092
3.17675 1.97944 4.09453
3.60331 0.0874 2.7312
4.32165 -0.45383 4.39555
4.92623 0.78799 4.86328
4.7528 1.03651 3.80428
4.13985 0.89724 2.85952
3.22753 0.69889 4.07319
4.76566 2.01397 6.70892
4.36376 0.82632 6.22195
3.71151 0.98874 6.58966
4.19683 0.78179 6.26724
4.72244 0.25304 4.60508
4.59305 -1.01397 4.53588
3.89214 0.46237 4.83183
2.66287 -1.31012 4.96092
2.83377 -1.05465 5.76833
2.80882 0.67414 4.91201
1.60414 1.49998 6.09815
1.80351 1.16757 3.44613
2.04372 0.30084 5.46044
3.09132 -0.1904 4.58276
3.1576 0.85921 4.78522
3.60509 0.28814 4.15631
4.21697 -0.22569 2.92158
4.48211 -0.95575 5.1221
4.25777 -2.07291 5.06295
4.09329 -1.24614 4.47171
0.63044 0.38478 5.19647
2.79868 0.24983 5.55422
4.3422 1.32483 3.19543
5.27328 2.51599 4.37524
4.37938 0.11735 4.96972
3.79624 -0.29304 3.50025
3.05174 0.83739 3.01212
3.79537 0.68461 3.54132
3.0806 -0.51158 3.37842
1.84832 -0.4073 2.14988
2.43407 1.10722 1.64134
0.18581 -0.56679 3.50455
1.2412 0.97769 3.27952
3.05825 -0.61578 1.85386
4.35753 0.12069 1.42942
3.25123 -0.3928 1.91754
3.67677 0.09065 1.68516
