0.37322 2.91655 2.59024
2.23794 1.35573 1.86075
0.63885 -0.81802 2.38304
0.78331 -0.84918 1.50902
1.72364 -0.52948 0.44104
1.53989 0.61193 0.62176
0.86039 1.45911 0.971
-0.08406 0.99552 1.34087
-0.85176 1.25697 2.35575
-1.34808 2.10505 3.61994
3.07781 1.19136 4.07277
0.72939 0.34836 2.76232
0.06571 0.66563 4.54834
0.55525 0.95382 4.47737
3.5028 0.22027 4.69822
1.06082 2.65637 3.09614
1.93873 3.25299 1.71555
1.84746 3.08452 1.69428
1.33164 2.26917 1.11218
2.63468 4.20592 1.86329
1.66119 4.20133 0.02487
0.53684 3.83033 1.51032
0.77513 2.51212 2.12118
0.08469 1.95805 1.83005
2.83776 3.26102 0.40002
0.53281 1.39204 1.08733
3.35902 0.76587 -0.0302
1.42715 -0.98853 1.37705
1.68112 -0.07627 0.98775
2.28636 2.21657 0.82009
0.00134 3.07104 -0.52296
0.817 0.84494 0.41172
0.4481 1.94141 0.34968
0.67011 1.73145 -0.3976
1.14641 2.46568 -1.11212
3.08884 3.53176 -0.69464
-0.67046 2.3402 -1.10728
0.68411 1.28185 -2.07033
1.18998 1.15078 -1.47561
-0.16995 1.74127 -2.48562
0.65616 2.43954 -2.76448
2.25646 2.68653 -3.21676
-1.13086 2.65978 -2.4138
0.69147 3.5106 -1.56271
2.50282 0.81067 0.12214
-1.01841 -1.32567 -0.39827
0.02595 -0.22698 0.68408
0.38334 0.34597 1.46394
2.38772 0.25759 0.50416
-1.4374 0.56492 1.64102
-0.85361 -1.43852 2.09191
-1.49866 -1.13975 -0.4624
3.92287 -0.84436 0.27338
0.34398 -0.22848 0.22068
-0.24673 1.16752 -1.43505
1.28668 1.5796 0.44403
-0.32436 1.52529 -0.9361
0.38473 1.49838 -3.45298
0.5133 1.96947 -3.54014
-0.63586 0.3991 -4.48337
1.43785 1.80162 -3.51102
2.35036 2.96448 -3.86456
-0.59488 2.07125 -3.89559
1.51374 2.81472 -3.35983
0.1806 3.38691 -4.16855
-0.00769 4.31361 -3.32282
1.04223 3.62697 -2.08674
0.50092 2.47619 -2.3063
-1.0431 3.05786 -1.33577
-0.17354 2.11742 -1.28444
-0.27368 1.74574 -0.15548
-0.30607 2.12771 -2.48905
0.51447 1.5264 -1.3443
2.6835 1.46656 -1.80281
0.775 1.33764 -2.91342
-0.01316 1.73883 -3.41912
-0.5823 1.59412 -2.49955
1.29746 1.42367 -0.82755
-0.03361 0.50149 -0.80138
1.1484 -0.70891 0.10788
0.73085 -1.74764 0.88004
1.0255 -1.14034 2.13072
1.66497 -0.90232 2.24538
0.20399 -2.24373 2.74038
-0.09845 -1.12765 1.34643
-0.10435 -0.38884 0.10363
0.62651 -0.50716 1.00462
0.97766 -1.00109 -0.78871
1.62612 1.64519 0.63703
1.07173 4.03382 0.39353
0.59356 4.39743 0.17984
1.71663 3.63712 0.99207
1.67583 4.06494 0.51228
-0.95407 3.00508 -0.97439
1.69376 2.92269 -0.5838
0.70199 3.48087 0.42714
2.36202 4.0646 0.13073
0.81312 0.96808 -0.99786
0.20314 0.59283 -0.83881
1.80306 1.24396 -1.10477
0.42312 0.88154 0.29098
2.976 -0.87142 0.87609
0.31134 -0.68014 0.63405
1.00076 -3.18749 -0.94183
1.33072 -1.19209 -0.5404
-0.00549 -1.34155 -0.79329
-0.60103 -0.16773 -0.4119
0.44095 -0.19775 0.4031
1.48145 1.34509 0.18794
-1.34957 0.72411 0.13074
0.27269 -0.28806 -1.50221
0.80999 2.28317 -2.07291
-1.57318 1.14911 -0.4423
-1.71956 1.09682 -0.25768
1.13176 1.39021 0.37316
-0.00336 2.18733 1.0433
1.24262 1.60661 1.49797
0.68099 0.38164 2.34147
0.63615 0.65785 2.8945
3.00861 1.07776 -0.02142
2.58272 1.50053 0.46486
-0.63141 1.88722 1.48774
0.52905 -0.43161 0.43576
1.21366 -1.16653 -0.16859
1.69616 0.47394 0.18772
1.94865 0.1507 0.56565
1.69625 0.47068 1.83626
1.05195 -0.48414 2.52096
-0.9836 -0.4048 0.735
-0.04943 -0.244 1.12015
-1.03365 0.43995 0.34233
0.30817 0.813 1.07461
1.6104 1.99186 1.45291
2.03796 2.39605 0.50869
0.57926 3.32006 -0.5506
-0.18084 3.88953 0.46379
0.65244 3.03345 0.5642
0.82036 3.04507 0.55024
2.85971 4.38262 -1.13422
2.01736 3.18162 -0.25977
1.3658 2.71538 -2.3314
1.231 3.87522 -0.1853
1.35857 3.43289 0.53831
0.97115 4.16368 0.11422
1.87861 2.64693 1.67085
0.75305 4.65245 0.67081
-0.38256 4.04738 0.31079
1.8363 3.95264 0.67386
1.11548 2.07699 0.45483
3.18646 1.15089 1.9033
0.29407 2.18785 2.69717
0.83763 2.4145 1.99072
2.03595 1.32587 1.19198
0.52161 2.4318 0.93991
0.58647 4.22436 4.02338
0.47863 2.65331 3.82974
-0.64544 2.43487 4.09565
0.58476 1.31999 4.66521
-0.06554 1.14884 2.81917
3.63354 0.39718 3.06715
3.34379 -0.68706 2.92833
1.14703 -0.1991 3.90137
3.01933 0.47882 3.40214
0.56298 -0.70413 3.19206
1.78247 2.81456 0.43109
0.8956 5.25954 0.59153
-0.51829 2.40472 1.35495
-0.28357 4.04983 3.04629
0.42144 3.70735 1.55394
1.38414 2.75643 2.60811
2.37693 1.74133 3.35002
2.00207 2.26266 2.79828
1.63011 -0.25949 3.20818
3.14617 1.34808 3.17673
1.09869 1.70957 1.4665
0.03069 3.60503 1.50795
0.64213 2.15453 2.3938
1.9932 3.21643 2.09473
0.00437 4.92263 1.04929
2.42103 5.52144 1.22675
2.27826 4.64522 2.46351
0.0389 3.78895 1.56101
2.16138 3.62317 -0.16039
3.23953 2.746 -1.86321
1.35349 4.23903 -0.12852
2.79198 6.77717 -0.70853
0.69002 4.15461 -0.45343
2.36413 4.19421 -0.086
3.00791 5.27191 0.86807
2.12296 4.21004 -0.65565
0.12665 4.73688 -0.66563
3.38853 3.65228 -0.94069
2.8763 3.04828 -1.44901
0.81135 3.94339 0.22561
0.95941 4.50604 1.63915
2.33351 5.8334 2.5266
1.335 5.63749 -0.31653
1.42619 5.65834 0.32487
1.76058 4.49081 0.34179
1.16712 4.43285 0.7851
2.22291 4.33446 0.3004
0.63512 2.10242 0.19723
1.31439 1.22792 1.55617
-0.06049 1.76924 1.80009
2.26247 1.75946 0.75679
0.66515 4.01412 1.15528
1.05031 1.29546 1.8297
-1.55812 0.028 1.98812
-0.6108 0.22767 1.49578
-0.82834 -0.76568 0.41121
0.33502 -0.19055 -0.18855
-0.15233 -0.63596 -0.14245
-0.23799 -0.08504 -2.09648
0.19482 -0.45749 -1.21364
-0.58652 1.47592 -1.63901
0.28679 1.92568 0.82815
-1.38258 1.99883 -0.32952
-1.24753 1.48948 0.10267
-1.13622 2.24048 0.80888
-0.33089 0.69103 1.12695
0.48704 1.36885 0.00996
0.9421 0.94806 0.62104
-0.90571 0.71306 0.20449
1.65208 0.15157 -0.41633
-1.77766 0.96543 -0.32944
0.23939 -1.37853 0.07954
0.9045 -0.8256 -0.8376
2.25149 -1.01697 -0.70607
1.32891 -0.88803 1.16404
-1.59927 0.13731 0.56023
1.27585 1.72512 -1.17769
-1.62499 2.12845 -1.75535
1.8588 3.90673 -1.05021
0.24098 4.4092 -2.41507
0.29017 3.2824 -2.90859
2.0362 1.52229 -1.41755
-1.63137 1.81534 -1.24811
2.37922 0.41456 -2.04271
3.11411 0.51399 -1.44446
0.92183 -0.12541 -0.90766
0.29383 0.30642 -0.6763
1.20054 1.8183 -0.96599
-0.39527 2.69831 -0.81537
-1.87115 2.7452 0.08731
-0.2943 3.53536 0.77991
0.69018 3.38493 1.09917
0.0864 3.04318 0.96085
2.19847 2.00137 -0.73004
1.34042 2.62791 -1.00475
1.41735 3.22334 1.05257
0.71639 0.80026 0.97841
1.68862 -0.17555 0.29097
1.19276 1.15758 -0.97608
-0.18919 2.59885 -0.35093
1.14621 2.30607 -0.22451
0.59858 2.21251 -1.17299
1.12489 2.70081 -1.37598
2.12276 1.24588 -1.21707
0.17449 1.50886 -1.12127
1.28945 1.21528 -1.78725
0.42345 0.56412 -2.38692
-0.11525 -0.98026 -1.61779
-0.24878 0.36608 -0.44416
0.73534 -0.22704 0.64058
0.09792 -0.12433 -0.44892
-1.7133 -1.39378 1.2878
-0.14283 -1.7154 -0.54178
0.45367 0.43788 1.03453
-1.56689 0.7724 0.24297
-0.38798 1.58837 0.43172
-0.53449 1.62561 0.97622
-1.98752 0.15557 1.65211
-0.78152 0.86745 2.18082
0.41946 1.77592 1.1553
0.72309 3.98703 0.23953
1.85175 4.59754 1.10041
0.03362 1.8095 -0.38479
2.00552 3.20901 -1.71194
0.19801 2.30811 -1.03659
0.20966 1.75913 0.01693
1.22548 2.85645 0.32549
-0.95588 1.76346 -1.62823
-0.46212 1.03783 -1.09832
0.79149 1.34354 -0.03476
0.24737 0.31997 0.49455
1.13304 -0.82204 0.57257
-1.58595 0.27082 2.56844
0.86399 -0.59506 1.77495
0.79732 1.17786 0.33281
2.01716 0.66407 0.37779
0.51517 -1.10499 -0.38589
0.30417 -0.99243 1.72691
-0.60335 -0.99727 1.50347
0.50687 -0.79274 2.55401
-0.54413 -0.00352 4.01971
1.6432 2.29713 4.77922
-0.38071 2.36778 4.3599
1.61962 1.17079 4.23469
0.3556 -0.221 3.89727
-0.18563 0.6185 4.69878
