1.6257 -1.64767 2.62131
1.70103 -1.20139 2.73129
1.8451 -0.39993 3.17503
1.96335 -0.21611 2.66633
1.1653 0.53496 1.98969
1.59107 1.95688 -0.80276
1.06512 1.43802 -1.40928
1.14736 0.23369 -0.9642
1.99752 2.32606 -0.90851
0.05522 1.02146 -0.99468
-0.34799 0.13321 -1.15091
-1.42231 1.20085 -0.23599
-0.29048 1.19177 1.04489
1.1861 0.06756 1.8447
1.14587 1.18706 1.41626
1.32783 -1.02277 1.29174
1.62124 -0.54764 0.95314
-1.75111 1.47929 -0.66508
-1.70523 0.56694 0.77088
-1.69769 -0.08817 -1.09649
-2.28648 0.01954 -0.67826
-1.11584 -0.18229 -0.12045
-0.85281 0.17719 -0.15633
0.41219 1.13315 0.10389
0.01688 -0.14664 1.80514
-0.98891 0.12883 1.14084
-2.54552 1.62033 -0.54912
-0.09445 -0.9704 -1.44914
-0.1728 -0.5998 -0.36977
0.13905 0.8037 -0.49072
-1.03034 -0.278 -1.37142
-1.47543 -1.75798 -3.64723
-1.41982 -1.26196 -3.33623
-0.5051 -1.53684 -3.46091
0.06441 0.60383 -3.49493
-1.5523 1.46868 -4.71579
-1.47435 1.58303 -5.08092
-1.0768 2.25756 -5.35665
-3.07167 1.71823 -3.38757
-3.09847 1.24184 -2.67661
-2.88984 1.10239 -2.43238
-3.01099 1.99565 -0.02915
-2.16693 1.61059 -0.94508
-3.65635 1.76293 0.00046
-2.59562 1.16626 1.33736
0.4532 0.52624 1.33849
0.05483 0.23574 -0.16427
0.47804 0.01094 0.09368
0.95492 -0.53186 -0.98791
-1.34529 0.53276 0.16528
-1.99876 -0.17853 -0.9058
-0.02175 -0.31345 -0.32061
1.58983 -1.02046 1.06475
0.40621 -0.59825 0.72351
1.87809 -0.7874 -1.72768
0.78885 1.01998 -0.6288
-0.7354 -1.39855 -0.6708
-1.1883 1.37463 0.96143
-2.06778 0.82619 -1.81162
0.16946 0.34089 1.12622
1.72538 2.01869 -1.24581
-0.16866 1.86983 -0.53586
-1.16029 0.43072 0.30527
-0.07577 -0.13804 1.2004
1.60715 0.43243 1.12278
-0.41152 1.04183 0.08911
-0.12632 0.19504 0.60167
-1.08221 0.632 1.6235
-2.52343 2.06927 1.11414
-0.6412 0.97108 2.28646
-1.31461 -0.41816 1.54398
-0.44262 -0.34938 1.30819
0.73957 2.33383 2.77189
-0.7494 2.43834 3.2131
1.21001 3.53707 2.72548
1.8278 2.14007 3.3408
1.20252 0.43079 1.28609
0.966 0.70193 2.84738
0.70306 0.17718 4.3478
1.10968 0.14521 4.529
1.63844 2.42338 5.26345
1.5641 0.24531 2.43072
0.30021 -0.07265 2.1375
0.94045 0.97673 1.21471
0.30009 4.44368 0.4061
-1.32705 0.12179 1.76435
-0.05709 1.18548 1.93594
-0.32466 1.68632 1.48721
-0.33252 0.73951 3.17256
0.64546 0.7524 1.48069
0.69525 0.40772 1.76491
0.45959 1.45761 1.56392
1.40159 1.25277 1.55181
2.58487 0.24917 3.16471
0.76243 1.32504 2.5623
1.46506 0.89062 1.48064
0.29716 -0.54276 1.7649
1.07039 1.25865 0.92233
1.05828 1.44879 0.14861
-1.84393 3.38026 1.7596
-0.26573 2.14298 0.07332
-1.55078 1.05768 -0.24518
-1.16387 1.97184 -0.26694
-0.89423 1.88472 -0.92602
0.26171 1.36249 1.30316
0.22339 2.06602 0.2119
-0.11347 -0.14464 2.17905
1.24393 -0.56007 -0.37714
-0.72274 0.06094 -0.03948
-1.28896 0.43123 0.08798
-2.12245 -0.8048 0.26628
-1.44832 -0.40748 0.25736
0.12688 -0.16836 1.57481
0.34344 0.3296 2.45512
-0.22024 0.76295 1.69288
1.32238 0.05224 1.31477
1.09571 2.2799 1.33554
0.43704 0.3162 3.20359
1.98691 2.26366 4.04651
0.57348 -0.01318 2.66959
1.34214 1.12093 4.1886
1.00041 1.51636 1.60336
1.09048 0.69746 1.19449
1.81662 1.23208 2.50098
3.07896 1.06265 2.16777
1.45903 2.20293 2.92266
2.33036 0.44929 2.2199
2.5646 1.45389 1.83134
1.01469 1.08316 2.41264
3.26886 0.88401 2.63794
1.17775 0.44402 2.46829
0.73834 1.29599 2.64186
1.55885 1.07052 0.96477
0.19663 0.14739 1.29355
-0.08276 2.35311 -0.4264
-1.27989 2.66649 -0.79025
-0.95046 2.06641 0.21206
0.04523 1.57453 0.58724
-0.84534 0.73662 -0.55264
-0.32825 2.68255 1.45041
-0.37668 1.2838 1.55652
-0.60425 5.08435 2.25292
1.58435 1.07586 1.79291
1.67176 0.41137 1.76577
1.45474 1.38771 0.16298
0.51574 0.15935 1.15476
0.40865 3.33279 1.87925
0.97568 2.14911 1.68678
0.03484 1.2126 1.79362
-0.09679 1.983 0.95064
0.63063 1.3296 2.31362
1.21064 2.03246 1.10133
1.3791 0.61166 0.27338
3.63727 1.69465 -1.13732
1.10863 1.24641 -0.26657
1.10579 1.43243 1.06563
1.0237 0.1186 1.84335
0.70026 0.32639 4.26073
0.18176 -0.48924 3.86252
1.05647 -0.87903 2.27763
-0.31464 1.14573 1.62348
0.06367 -0.31743 -0.38453
-2.14997 2.34281 0.40675
-0.90821 2.87895 1.02799
1.24293 0.27409 -0.39815
-1.17906 1.94053 -3.49676
-0.33191 1.06497 -0.89756
-0.66418 -1.18976 1.29396
-0.40112 0.02982 0.59604
0.5256 -0.15406 -0.21899
-0.80299 2.07598 -0.46202
-1.68964 0.14282 -0.93566
-1.25263 1.26946 -0.33139
-0.64618 1.41917 -0.3499
0.29489 0.04622 -0.42525
0.59322 -0.77054 0.65498
1.5324 -2.68464 0.77019
-0.78352 -0.9457 -0.14018
0.76037 -0.11 1.24378
1.14767 -0.75796 -0.80303
0.28193 0.94582 1.51449
0.60792 -0.05494 -1.29223
-1.41364 -0.87071 -2.23805
-1.94767 -0.56414 -2.0678
-2.04213 -0.45528 -3.22765
0.56479 -1.44985 -4.2045
0.05299 0.21786 -3.739
0.06994 0.37074 -3.24409
-2.59763 0.90158 -3.277
-2.19009 -0.78348 -3.05519
-2.05435 -0.38721 -2.4245
-0.22959 1.36762 -2.29026
0.42846 1.31522 -0.94268
1.03966 2.13563 -0.34051
0.56892 0.82782 0.22553
0.18103 1.2799 -0.35228
0.47786 -1.18902 -1.03104
0.91011 -0.14577 0.45981
1.0046 -0.40913 -0.1946
-0.29534 2.40697 1.92671
1.0766 -1.45626 2.27499
0.93242 -1.65851 1.28306
0.80282 -1.8358 0.95912
0.66549 -0.35103 -0.08853
-1.07832 0.02887 -0.75194
-1.39042 0.91306 -2.02977
-1.22098 1.26681 -4.17345
-1.20681 1.2033 -3.7239
-0.70393 -2.09201 -2.83588
0.45811 -0.77993 -1.91904
0.87346 -0.32652 0.59064
0.73521 1.00528 1.24461
1.11209 1.41998 0.67532
0.55098 1.89861 0.09557
0.98029 0.39985 0.30635
1.31111 1.33693 1.82512
0.6553 1.15813 3.78524
1.9173 1.13904 3.40113
2.95786 -0.26613 3.86264
1.99445 0.2166 3.5014
2.67413 -1.17121 3.29039
1.10537 2.3961 1.39719
1.4096 0.66092 1.55438
1.5846 2.09353 2.59029
1.18904 0.28412 2.81225
1.22816 1.55333 2.14376
0.74684 1.36319 0.1918
1.34884 0.76079 0.245
0.79831 0.88974 -0.04171
0.58787 1.60969 -1.12874
-0.18984 -0.4351 1.71131
-0.52942 -0.38238 1.22674
-0.82237 -0.37972 0.72467
-1.9921 1.17642 -0.73053
-2.01879 0.70583 1.49236
-1.90165 -0.70679 1.5638
-1.47852 -0.0594 3.77867
1.16608 -1.45114 2.42345
1.71783 -0.15 1.61486
0.992 1.52407 -0.19022
1.17599 2.10359 0.20446
0.44524 3.02165 -1.11795
0.99149 1.98848 -0.87161
2.07921 -0.79093 -0.46393
0.72401 -0.40689 -0.66355
-0.55672 0.61968 0.50514
-1.71731 0.22111 -0.55563
-1.89638 0.19047 -0.5198
-1.56709 0.43263 -0.74151
0.59318 -0.69565 0.46451
-0.23294 -1.02163 -1.092
-0.38866 -0.8596 -1.10185
0.62671 -0.27818 -0.61093
-0.70899 0.51255 -0.93722
-0.62533 -0.44192 -1.22424
-3.08214 -0.34887 -0.67959
-1.45551 -0.87673 -0.32922
-1.83523 1.61885 -1.50093
-3.75365 -0.24093 -2.02769
-1.85327 -0.50345 -2.20188
-1.06466 -0.46373 -1.05798
-3.52448 0.94063 -0.15381
-0.5965 -0.36437 2.16331
1.16686 -0.24666 1.05485
1.02472 0.47344 1.20355
1.32764 0.34344 0.4432
1.01822 -0.56808 0.85909
0.31526 1.0446 1.33589
0.78578 1.31667 0.94148
1.05914 -0.29046 2.04591
2.01672 1.11869 1.71276
1.79189 -0.84372 1.91141
3.59664 0.2138 1.28167
1.53266 -1.60096 -0.58864
2.14315 0.81216 -0.42921
1.86571 2.44561 -1.1451
0.537 2.02752 -2.22706
-0.97442 1.87651 -2.22225
-0.49267 0.25206 -1.92804
-0.62116 0.75707 -0.29898
-0.26506 -0.5065 -0.46038
0.73483 0.346 -0.09463
-0.08426 0.32957 0.74982
-0.35732 1.38305 0.7825
-0.46146 1.66873 2.3641
-0.47882 -1.39015 1.53687
0.92154 -2.45042 2.25519
-0.5871 0.1895 3.75107
0.03831 0.3811 0.89327
1.04247 0.40908 0.7162
1.4399 1.37015 -0.55523
0.7235 2.64597 -0.78284
-0.3608 2.68965 -0.59464
1.55775 -0.70635 1.35239
1.71993 0.89264 1.64989
2.72202 1.23272 2.58057
1.43997 0.38368 3.00634
1.57487 0.04312 2.97064
0.29691 -0.56273 3.22192
-1.86563 1.41943 3.82362
