1.38353 8.90285 3.91554
0.89196 7.99968 2.19936
0.17409 7.01999 -0.24475
0.71818 5.45762 1.21425
0.14436 4.57607 1.30886
-0.13751 3.61184 1.20506
1.58648 2.23483 3.79431
0.02786 2.9596 4.10147
-0.47447 5.90909 1.98515
-0.98877 7.03741 1.62244
-1.88946 6.84534 0.80168
-2.7064 6.72712 2.40259
-0.76724 7.30128 2.46368
-0.90423 7.46438 0.9386
0.66948 6.23788 2.4864
-0.87625 6.83839 2.38345
-0.25502 7.89557 2.26692
-0.49846 8.17925 0.35008
-1.13913 6.09814 0.25063
-1.16548 5.53311 0.38664
-1.83165 6.53975 1.57164
-1.37128 4.16978 1.80973
0.15133 4.31794 1.26803
1.36103 3.58213 1.3326
1.47274 3.22299 4.34778
1.4177 3.98118 4.87242
2.05402 5.81751 3.32307
1.85854 6.16388 3.55664
3.06137 7.59536 4.49778
3.51668 7.55384 4.51812
2.6045 9.37873 1.69303
1.50921 9.77919 2.13206
1.56609 9.84806 1.09943
0.25776 8.33773 0.0631
-0.42147 6.28531 1.26163
-1.03173 5.63345 2.21756
-1.25198 6.93881 4.09441
-1.01135 8.17983 2.07904
-2.58969 8.44426 2.1833
-3.6313 7.30217 3.12882
-3.15374 6.13252 2.77357
-1.97126 5.71733 3.90593
-3.07929 6.42257 5.16225
-2.14073 7.7439 4.99554
-1.11167 9.68781 3.85428
-0.55125 10.08224 1.01844
-0.48913 9.10841 -0.36215
-1.58782 7.5403 -0.03615
-2.87379 6.88329 1.76988
-2.08604 5.72868 3.01728
-1.65197 5.40993 1.0978
-0.66774 4.0876 1.74929
0.78628 3.50761 2.1499
0.74903 3.01016 2.91093
1.65604 5.02683 3.19987
2.4718 7.44206 2.27482
3.17731 9.12188 4.23494
3.27464 10.16885 4.8956
3.51724 10.8436 3.2126
3.17403 10.09514 2.64643
3.79081 11.65539 3.46332
2.06227 10.63222 4.72132
1.49712 11.94769 3.04807
-0.79379 10.02589 1.85619
-1.44872 9.73423 2.64619
-1.85482 8.55545 0.90655
-1.76818 8.81391 0.11503
-3.4958 8.83418 1.28328
-3.7147 7.94253 2.15068
-3.83765 8.10027 4.95805
-4.2504 8.66008 4.09574
-3.0632 9.18231 3.74922
-2.17977 11.57011 4.38575
-3.56912 13.00928 2.32488
-2.33618 12.54299 3.36672
-1.97195 12.78532 3.12572
-2.19027 14.19168 2.48653
-0.40788 13.17386 4.21181
-0.54272 12.89504 3.33781
0.14692 12.37125 1.44824
-2.47634 11.2568 1.19835
-2.42732 10.83236 -0.29688
-1.3447 9.58077 0.4561
-1.29503 9.94277 -0.02757
-0.51723 8.47617 0.04325
-0.02867 7.22516 0.44566
0.59554 5.61419 1.59221
1.26722 4.88967 -0.0833
3.12313 5.13164 2.21132
2.65424 6.09616 2.75668
2.76096 8.4582 2.97864
1.22472 9.22089 3.8588
0.68422 9.48026 3.09704
1.04045 9.70187 1.63856
1.64419 8.93593 2.89745
1.8399 9.3456 3.30364
1.7417 8.03234 2.59684
1.11626 8.26461 3.62825
1.16121 8.10895 3.19912
2.39197 7.73459 0.72602
2.16888 6.15272 4.03309
3.73819 7.4353 3.16409
4.01409 8.47601 5.5971
3.05963 9.43172 5.48436
5.10484 9.04462 4.08078
4.82616 10.35508 4.08942
3.56302 8.31682 3.62523
3.28836 7.6684 3.17326
2.97267 6.6216 3.65804
3.23232 7.75383 3.32252
2.58772 10.47987 4.7928
2.36577 10.70373 2.17368
3.17024 10.03127 1.69528
2.20418 9.27669 2.23469
1.74148 10.04496 2.85125
2.82064 8.55727 2.11855
1.29823 8.42862 2.41118
0.61963 9.12734 0.28667
2.56357 8.098 1.86439
3.41339 7.21273 2.97754
3.28559 7.75104 3.25017
2.78093 9.10802 3.21183
2.32466 8.98678 3.05605
1.51507 8.74564 1.84383
0.29091 8.06954 1.43763
0.0313 8.08826 2.95609
0.12472 8.48789 1.40752
0.16519 6.5235 1.78198
0.56581 6.27709 -0.53292
0.74674 6.01836 0.11567
1.66155 5.45738 0.30121
1.00862 6.26146 2.30659
0.4011 7.49398 3.873
0.47882 8.65248 3.26272
0.36145 9.58975 2.3826
0.75953 8.51992 2.83471
-1.53439 9.48499 2.95136
-2.48225 9.34975 2.21071
-1.55523 9.27839 0.80318
-2.55151 7.98737 1.49039
-3.001 6.50593 2.77614
-2.75152 8.10593 2.15494
-1.98138 8.12405 2.59664
-2.83154 8.40804 2.80956
-3.828 9.09065 3.40118
-0.79386 10.21253 2.53369
0.60722 10.11947 2.68075
0.95222 9.60242 0.9056
-0.26371 8.70836 0.56731
-1.28601 8.34678 -0.14639
-1.70585 6.28299 2.45144
-0.06441 6.65501 3.57341
-0.83155 6.27224 2.02825
-0.56504 8.08402 3.07741
-1.24837 10.18751 2.64821
-1.94598 8.6387 0.96892
-1.17394 7.46971 1.46807
-1.45459 7.69023 2.11176
-1.94299 8.13853 2.89982
0.23779 8.90614 1.78419
-1.37591 8.02095 1.81035
-3.58886 7.70034 0.64792
-3.53875 8.26102 1.91483
-4.39648 9.88182 2.40456
-4.55377 10.0481 2.82368
-3.88231 8.04259 3.11463
-1.97371 9.50047 1.23414
-1.60547 9.63416 1.57917
-3.24711 10.39766 1.99003
-3.38074 10.73074 3.49193
-5.41139 10.65375 3.4478
-5.39224 12.46842 4.02556
-4.71937 11.68635 4.4726
-3.78262 12.10148 4.6404
-5.40251 10.80971 2.73048
-1.63463 10.8664 1.42458
-3.85625 10.12056 1.68903
-3.57372 7.80348 3.5861
-3.41251 8.27748 2.85529
-2.58524 7.99682 2.05241
-2.22804 10.30596 3.89301
-3.04425 10.39639 2.49011
-0.21237 10.61266 3.45197
-2.09949 9.34384 3.41912
-1.10269 7.11862 1.31477
-1.76342 6.67299 2.23892
-1.61846 7.32255 3.40856
-1.08952 8.72821 3.03189
-0.3013 8.37533 3.0524
0.13818 7.87579 2.95531
-0.31553 7.48716 2.95609
3.72694 7.0781 0.72286
2.80581 6.50918 0.0118
2.81619 5.96563 1.55971
3.68394 7.64734 2.85054
2.93382 8.79247 5.8637
2.32476 8.7564 5.53468
2.20391 10.3632 5.0554
1.78257 11.7306 3.56871
2.06934 10.92587 0.19096
1.35862 9.03717 -0.36207
1.38912 8.17249 1.63899
2.64836 7.6806 0.16477
3.00301 5.92989 0.54479
3.44262 5.16085 3.99971
2.77976 6.64665 3.5969
1.08155 7.41406 4.08925
3.08932 7.99428 4.47683
4.22712 8.23769 3.66277
4.82721 9.30311 2.99543
5.6541 11.13156 3.89627
4.54175 13.12076 1.68614
2.70867 12.84606 2.60406
1.84415 12.83289 1.14269
0.13123 12.68643 1.77119
1.2534 12.81375 0.0193
0.72014 12.47403 0.77661
1.40859 10.27387 -0.67707
1.81173 11.1423 -0.08216
1.22313 8.43801 3.27691
-0.0934 7.7517 2.33419
-0.46382 6.56036 2.84558
-1.66798 8.03169 3.55425
0.44174 7.77782 3.61525
0.32658 8.95934 4.1634
-0.39855 10.15587 1.34999
-1.19193 8.85489 1.26042
-0.94044 6.93771 0.65625
-0.84373 6.86166 1.16037
0.37564 6.15784 2.64321
0.35344 5.67429 2.3712
-1.0197 6.48111 2.52801
-0.19616 8.21488 4.37258
-0.67741 10.39848 3.28618
0.24707 10.23365 -0.03107
1.12678 10.53052 1.16985
-1.438 11.70724 1.75738
-3.08757 11.11644 1.2248
-2.09174 11.85055 2.18296
-1.95951 9.96668 2.22204
-2.22112 8.04822 0.38818
-1.9703 6.93738 1.3107
-2.44084 6.71327 2.90318
-1.94624 7.24788 1.81099
-2.80086 5.88788 3.47995
-2.62007 6.89464 3.76042
-1.88809 5.89252 3.2975
-0.95394 7.91146 2.5696
-1.63547 7.34724 3.19227
-1.09043 7.44171 3.3251
-2.55372 8.10801 2.35579
-2.21211 9.3885 3.65472
-1.56825 9.34982 1.99848
-1.56444 9.08712 1.52909
-1.07206 9.65211 0.48043
-1.49096 10.18763 1.9409
-0.88043 11.59093 0.66727
0.89515 9.31051 1.29514
1.82072 8.43465 0.62192
3.14014 8.16848 -0.54727
2.37376 6.88044 1.00466
2.02777 4.22361 -0.54777
2.67416 3.5817 1.61519
2.30476 4.27688 4.11454
2.26945 5.73683 3.431
3.55563 5.08904 3.57569
4.27472 3.30723 3.56058
4.10489 3.67085 3.31201
4.10538 4.25203 6.76437
3.33919 6.52016 4.99833
3.93743 7.94451 6.31937
3.24267 8.71611 5.70355
2.91713 10.4311 4.07178
2.3475 10.79171 2.15818
0.87894 10.09802 3.70057
0.58186 8.36547 0.09235
0.75424 5.99526 0.18508
0.71723 6.80293 1.10164
0.88871 7.02473 1.85035
-0.49771 6.46975 0.50146
-1.00136 5.37875 0.93005
0.54846 4.19624 2.87058
-1.09468 4.37186 3.92962
-1.48828 5.30061 4.21783
-1.77913 5.55979 3.88618
-2.2129 5.25582 1.80022
-2.40152 4.98996 1.31036
-0.70687 5.944 3.63146
1.29782 5.76576 3.66169
2.068 6.67739 1.77087
1.17585 6.29735 2.46319
1.73833 6.4349 1.63482
1.3475 6.37201 1.59276
2.13778 6.55805 1.64359
-0.28926 5.16912 4.48586
-1.17158 6.47703 3.87266
-0.74181 6.98417 5.69348
-1.44594 5.50549 3.64491
0.19342 6.75409 2.71977
1.72035 8.13395 4.72194
