0.22181 11.04803 2.4005
-0.85051 8.69829 3.46281
-1.20582 9.37589 2.25342
0.114 8.49522 1.05252
-0.44036 9.65414 0.10746
-1.20937 9.45451 2.22139
0.69376 8.00505 2.5212
1.51931 7.16566 2.91511
0.44284 8.5109 3.09323
-0.81293 8.38019 4.87049
0.52049 7.91688 6.92952
0.00896 7.37189 5.32603
-1.32252 6.749 5.49777
0.2378 8.19249 6.28594
2.63806 9.83116 6.79019
1.67233 8.1962 4.78383
1.11187 7.05068 6.71314
1.92409 7.8005 5.42999
1.58404 7.47257 5.90292
-0.81987 5.8652 7.13813
1.61566 4.77794 6.13581
0.34719 4.09275 4.29734
1.12129 3.15072 4.6258
3.46989 1.91923 4.77993
1.75916 3.30311 6.32552
-0.42632 2.40148 6.1697
0.4624 4.32803 5.37636
1.91385 4.21918 5.72698
2.28619 3.7147 6.6685
2.80774 4.01975 5.16885
1.91229 4.64948 4.81806
2.31529 4.33387 5.20889
0.79554 4.17225 5.44034
3.49575 2.82936 6.59285
1.37071 3.78927 6.36871
2.64433 3.64816 6.44407
1.4184 4.93183 5.97099
1.73384 5.91205 5.67326
0.73896 6.09703 6.73616
1.42466 5.87961 5.6747
1.84883 5.65704 5.96745
1.83553 3.45851 7.48089
0.89669 4.92236 7.43384
-0.34136 4.04537 7.19557
2.38657 3.98837 6.93572
1.22035 3.02935 4.8184
3.02468 4.32145 4.67725
0.8056 5.21417 4.08465
2.46323 7.04589 3.89526
1.77631 7.70797 7.15564
1.2704 6.86331 7.25388
3.14714 6.95377 6.81991
1.24529 8.53372 6.33468
0.94436 9.58541 6.95085
1.03534 9.95438 7.76454
3.74389 7.46501 7.48268
2.10277 8.17555 7.12924
3.02334 8.00735 5.38551
1.87985 9.20551 5.30674
1.47246 9.00335 5.22337
2.045 8.67116 6.21106
2.12166 8.27887 4.85892
1.33366 7.74841 2.50594
1.81996 7.97273 1.06739
3.15478 8.37191 1.27297
3.00419 8.02459 3.73591
1.12994 8.37182 2.01561
1.12909 9.25348 2.0949
-0.18132 10.34888 3.43294
0.29613 10.84241 2.84284
1.06901 8.85324 2.55965
1.73304 7.10134 2.57054
2.4452 5.18221 2.78774
0.14507 5.96262 2.79111
-0.46089 4.62406 2.95288
1.28266 5.34743 5.04006
1.07254 4.37179 5.22212
2.51465 3.86887 6.91239
0.99874 4.3074 4.96147
0.98951 4.79206 7.16391
2.47104 5.04485 6.99954
2.52252 4.68825 6.78284
2.52103 5.90419 6.92926
2.68639 7.52198 7.07459
2.63565 7.51836 7.10399
3.42807 6.52512 6.42253
3.3389 6.63268 6.82146
3.9619 4.63258 6.49877
2.61067 4.02387 6.09293
2.06902 4.67932 5.91718
2.1937 5.41463 6.06719
1.70818 6.49816 5.82946
2.72238 8.93466 6.87266
0.46557 8.24642 6.25654
2.15939 7.52755 5.58408
1.84321 6.90668 5.55147
4.16478 4.67639 6.15895
1.40178 3.46016 6.64535
1.41507 6.02322 6.56322
0.98062 6.69349 7.92936
2.82639 6.57823 7.7014
0.73162 5.91906 7.24827
3.42165 4.66406 6.12182
3.67147 5.05193 7.51069
1.39131 2.82385 6.35416
3.08208 2.72834 7.42904
2.30296 3.3419 7.74559
4.18572 3.73816 7.54495
2.13868 4.09188 7.0121
4.17012 4.2367 7.99856
3.03471 6.57931 7.83653
2.55292 7.07552 7.96255
2.05636 7.48815 7.82799
3.02655 7.89064 7.00918
1.54987 8.44397 5.8023
5.17385 9.65094 5.11795
2.37749 11.11104 3.66956
3.91321 10.81919 4.89887
2.88461 10.43593 5.17878
2.11582 11.96237 5.54603
0.84644 11.04869 6.18138
1.1887 11.60541 6.18327
2.40607 11.6896 6.61147
0.99088 12.71054 4.90328
2.75194 11.15286 5.14579
2.12093 9.30619 5.96363
2.17395 7.73113 5.77593
1.21289 9.7808 4.00458
1.50324 9.27367 4.264
1.02504 10.88503 3.48876
4.50853 10.01297 2.22199
3.42137 8.31307 2.35735
1.90491 8.89867 2.30956
0.47722 9.99363 3.07027
1.87083 11.24978 3.93032
1.05097 10.85516 5.01883
0.01818 9.7998 4.25738
-0.33143 11.63542 4.80514
0.8845 8.75534 5.62854
0.22657 9.0702 5.06386
1.85126 7.2502 5.80931
1.80299 5.647 5.92696
1.22759 3.40893 4.96821
0.64723 3.27072 4.68777
1.22087 2.94731 5.8237
1.59899 3.05858 6.45874
1.93965 1.60446 9.27396
1.22031 2.62755 7.22207
4.49845 3.03554 7.94415
1.77894 4.07257 8.25524
-0.69309 4.65248 7.80217
2.47139 4.24763 8.44486
0.16161 4.28339 8.79157
0.04068 4.21986 9.65406
1.96037 4.77819 9.61065
1.06665 3.41961 9.45935
2.5727 2.48125 8.46726
3.53582 2.94063 7.52107
3.46042 1.93254 7.52398
4.57151 1.75328 6.33522
4.36651 3.3496 5.76701
4.60143 2.21838 5.70185
2.63617 1.43288 3.58084
2.06079 3.23707 4.72357
3.05978 2.4406 6.01211
2.3808 3.41256 6.51138
0.74935 4.66195 7.51195
0.5891 3.55724 6.9279
0.96031 5.5402 9.39608
-0.13205 4.08265 8.98227
0.525 5.69275 7.41338
1.08184 6.21138 9.49542
2.80103 5.0805 10.91102
3.92357 2.49827 10.22694
4.32968 1.17805 8.45295
3.88605 0.74775 9.22195
2.84912 2.57547 9.52827
4.37709 5.8163 8.74434
3.56614 7.85217 7.14807
4.77286 7.31684 5.20383
3.74658 8.54169 5.1444
3.17081 11.98678 4.48734
4.31125 12.44038 4.20617
5.00332 13.07627 4.18004
2.42361 12.42544 2.94271
1.94984 13.6575 5.98653
1.35783 14.01903 3.87207
0.46762 12.7859 4.08542
1.73774 13.7346 4.58566
2.08975 13.41737 3.9893
3.28632 12.84638 3.08755
0.60354 10.80748 2.21829
1.39796 10.68401 1.53291
1.29269 11.71574 0.35588
1.34788 10.71476 0.98168
1.8933 10.34429 -0.34112
0.38328 10.86618 0.9182
-1.33544 10.73103 0.67611
0.41299 10.72932 0.5581
-0.07557 8.35862 0.5054
-0.0771 7.91149 -0.862
1.18727 5.98881 -0.3185
1.45137 4.49772 0.04267
0.24119 4.78936 0.92419
1.34307 3.9982 3.21877
0.38812 3.65599 2.77999
0.64573 3.82205 5.17726
2.13011 1.9218 5.61142
0.2991 2.9599 4.88246
2.79304 2.92861 6.38274
3.4897 3.13754 5.10223
0.99808 1.74025 4.59196
0.48808 3.26543 5.6013
0.88895 3.85453 6.7922
1.66803 4.50652 5.2792
1.5385 5.71148 6.07743
1.83768 6.16339 6.38111
3.19657 6.97382 7.06727
2.35513 6.86112 7.86702
2.23831 8.00748 7.54293
0.32235 8.40029 8.45007
1.24325 8.49046 8.77706
1.21203 7.36173 7.41246
2.59926 6.25004 6.57992
0.69766 5.51976 7.124
-0.2221 4.55611 6.95444
3.38185 4.97034 6.34786
3.88957 5.7738 8.1894
3.98067 3.9651 9.02867
1.88057 5.00802 8.97434
3.23337 4.39036 10.58769
4.23013 5.86212 10.49015
3.10055 6.21265 10.07074
2.65199 7.64914 9.96385
1.86018 7.55827 8.67529
3.27899 6.94931 8.37939
3.09686 6.9335 7.10945
3.88277 6.40883 7.13715
2.14392 8.44307 6.67147
3.43528 10.66457 3.2888
4.04467 10.32895 4.44519
1.52949 11.95108 3.16941
3.88281 12.3368 3.43793
3.41632 13.54271 1.39311
2.0165 12.30879 2.53514
1.46646 11.84559 3.74868
0.9313 12.06552 4.4043
-0.60148 12.89461 5.12411
-0.922 11.03864 4.45859
-0.61968 10.23975 5.48699
2.28535 9.79436 4.99875
2.65019 9.32712 3.72576
1.93829 6.63755 3.92102
1.90721 7.07525 5.40986
0.84096 6.49246 4.84634
1.46708 7.45432 6.38127
1.58676 6.80393 5.39724
0.86609 6.62661 3.68462
2.29951 4.96396 5.52453
1.35505 4.15325 5.03507
2.10772 3.79257 4.95036
2.0676 5.47012 5.37654
0.84421 5.7834 5.72593
1.58832 6.32554 6.09873
2.2995 7.92591 7.08324
2.29786 8.17449 7.78501
2.44958 7.38146 8.85495
3.58208 7.6865 7.23181
2.06854 6.95457 5.90951
0.63517 7.29136 5.7488
1.60651 8.62841 4.80024
2.96112 8.97336 5.00444
2.9424 9.27942 4.98889
1.86235 7.50847 5.70587
1.6779 6.75383 3.89664
2.73223 6.19878 6.25815
1.50805 5.8744 7.30563
3.81875 6.14074 6.05858
1.08776 7.30893 6.5729
1.95968 6.98459 8.55274
-0.79447 6.86497 10.1175
0.52236 4.76562 10.86633
1.18129 5.30938 11.64967
0.91598 5.30866 10.60066
2.7586 4.41676 10.30187
3.99559 2.34791 9.43316
3.36918 2.5695 8.53069
3.12485 3.46048 9.46859
1.77559 2.90464 7.34776
1.46507 3.06178 7.29318
2.32539 4.51111 7.59821
2.4601 5.54147 6.51201
4.12564 5.78772 7.89277
2.62946 5.80977 7.74654
2.25555 4.40622 7.16545
1.18129 4.39711 8.20636
0.98989 4.42223 7.88559
1.55057 5.62273 7.89937
1.29665 6.04376 7.96836
3.44452 5.91617 7.70675
