-0.07251 0.65851 -2.27756
-1.0421 -0.75765 -1.50271
-0.23895 -0.67757 -0.52356
1.3012 -0.45067 -0.98111
1.6898 1.20853 0.23257
0.8858 0.58746 -1.13204
-0.41845 0.49537 0.74601
0.01387 0.57896 -1.43861
-0.92119 0.976 0.80706
-0.147 1.77131 -0.18003
0.22372 1.22276 0.6837
-0.07315 -1.02668 1.23705
-0.08931 -1.66843 0.01961
0.2469 -0.33573 -0.34087
-1.27175 -0.2019 -1.37218
-0.82065 -0.07662 -1.25517
0.50142 0.04979 0.96455
-0.71128 0.82436 0.32504
-1.08304 0.13528 1.93499
-2.02104 1.1298 3.58354
-1.33384 -1.68793 3.41059
-1.33441 -1.77567 1.16625
-1.93725 -2.32597 0.97824
-1.33702 -1.90059 0.92378
0.0839 -1.14693 -0.57495
2.66088 1.07051 0.4817
1.59706 2.07039 -0.45659
2.44512 1.13692 -1.06089
0.44745 0.57581 0.1428
0.34926 1.55857 0.09489
1.51093 2.17193 1.44678
1.51599 2.04007 2.75447
1.96566 -0.11937 0.85118
3.03816 0.86906 1.81295
3.55729 1.40692 -0.79262
3.69339 0.64176 0.01345
2.30917 1.76989 2.40622
2.30653 -1.44442 2.73465
3.41948 0.34701 1.56711
2.12114 2.97357 0.90343
0.96223 1.15558 1.4041
0.69557 1.02611 0.57497
1.2105 0.72851 1.35733
0.74627 1.24802 1.21397
0.32524 1.24515 0.76967
0.26806 -0.81096 1.53234
-0.4181 -1.59376 -0.38207
1.62555 -0.44121 0.76064
1.56016 -0.37384 0.53081
-1.01498 0.36223 1.46858
-1.05906 0.98716 1.56081
-0.13039 0.50976 1.12059
-0.8059 -2.30266 -0.08777
-0.49481 -2.11124 -0.2577
-1.02387 -1.39957 -0.04054
-1.60992 -0.99818 1.11581
-2.43282 -0.55198 0.34134
-2.80629 0.01751 -0.0359
-1.61639 0.47418 1.0162
-1.95729 -2.65144 1.59017
-1.23567 -1.70167 0.18794
-0.50958 -1.05034 -0.33619
0.48505 0.56364 0.50753
-0.71821 1.36834 -0.29392
-0.39013 0.58561 -1.04789
-0.89368 0.2694 -1.65571
-1.12083 -0.41354 -1.27215
0.01868 1.324 0.17761
0.15083 1.11931 0.53617
-0.72515 1.46923 -0.9061
-0.55798 0.57624 -0.11667
1.74749 0.67484 2.04782
1.6608 0.76137 1.96908
2.50375 -1.06911 0.66104
1.91907 1.07306 -1.95646
-0.11344 1.01644 -1.01936
-1.00314 0.15194 0.75165
-2.29398 0.53808 0.12375
0.31326 -0.45605 -0.37134
-1.76378 1.51678 -1.82291
-1.3316 1.47671 -0.40079
-0.92782 0.77222 -2.24079
-1.19849 -0.75123 -2.72057
-1.48597 0.60501 -2.52712
-0.55381 -0.31717 -1.58188
-0.60579 -0.03107 -0.00755
-1.27331 -0.47996 0.43773
-0.67021 -1.04418 -0.54291
-0.10036 -0.39908 -0.6813
1.93213 -0.2342 -1.39442
3.66841 0.20757 -2.80135
3.73995 -0.13776 -2.28367
3.72936 1.60794 -1.29234
3.78648 2.83704 -0.51856
3.3932 2.61668 -0.6242
1.66937 2.81166 1.21045
-0.38358 3.31812 2.59481
-1.44265 2.077 -1.38318
-2.6339 -0.10869 0.33756
-3.92524 -0.34178 1.13954
-5.43114 -1.11941 1.11386
-4.81324 -0.3267 0.02075
-4.53037 -1.93727 -0.37502
-4.26201 -2.65253 0.68887
-4.65753 -1.30316 -1.98957
-3.23757 -1.78269 -3.53118
-2.32254 -0.95594 -4.11315
-0.7511 0.10729 -2.97615
-1.24357 -0.4219 -1.85459
-0.64163 1.06916 -2.14473
-2.33103 2.77557 -1.24541
-3.18229 1.97883 0.53032
-1.28839 3.20598 -0.13278
-0.71729 2.00745 -1.54571
-0.70873 1.15931 -1.85713
-2.44101 0.4731 0.44995
-0.16084 -2.17026 0.96323
-2.87733 -0.79011 -1.3312
-3.30199 1.83021 -0.72336
-2.33203 1.85373 -0.492
-2.23856 -0.23491 0.89105
-3.01282 0.60194 0.08225
-3.29216 2.82926 -0.32206
-3.48927 0.03602 -0.83505
-3.17026 -0.91102 -0.07768
-4.42127 -1.01398 -0.67377
-1.53891 -2.18755 -1.18335
-0.46677 -1.06205 -0.68542
-1.19254 0.58083 -1.4204
-1.75588 0.02511 -1.93426
-2.31574 -0.26474 -2.88868
-2.3877 -0.68193 -2.04862
-1.31733 -1.28648 -1.74348
-0.83621 -2.31287 -2.24362
0.23293 -1.00578 -2.88999
0.35998 -0.83944 -2.97339
0.04061 1.23186 -2.0911
0.40723 2.07641 -0.41525
-0.50969 1.40211 -0.93789
0.48013 2.52427 -1.46966
1.11566 2.83119 -0.78051
2.34869 2.16932 -1.29198
3.18192 0.50214 -0.26999
1.08432 1.10103 -0.95343
-0.7001 1.18769 1.16492
0.37674 -0.11135 0.15136
-1.01625 0.57318 2.51971
-0.73873 2.39264 1.65426
-0.53462 -0.45403 0.54678
0.3638 -1.06662 0.50683
-1.19465 -0.0865 -1.79969
-2.24698 -0.85354 -2.2854
-0.96921 -1.22959 -1.72312
-1.90073 0.63322 -1.70262
-0.03462 -0.74707 -0.06764
-0.17733 0.20953 -0.62227
-0.77912 1.23856 1.52972
-2.40621 -0.25873 0.99458
-1.42312 -2.36055 1.48389
-1.33152 0.1174 -0.66707
-2.37 1.36405 -3.2698
-2.38212 1.00634 -1.084
-1.87458 1.74658 0.54071
-0.82161 0.94453 -1.91118
-1.66582 -0.49919 -0.2844
-0.91928 0.7107 -1.09995
1.156 1.36262 -0.93245
-0.17843 0.69554 -0.30578
0.13164 1.7323 0.78433
-0.83582 0.94971 0.12795
0.44632 -0.07434 0.54619
-0.7172 2.64688 0.45078
-3.08314 1.08631 1.13941
-2.63898 0.4903 -0.66064
-1.89068 -0.55451 0.10975
-2.87454 -0.98757 0.95839
-1.4985 -0.52608 1.31643
-2.87625 -0.73357 0.90823
-2.91608 -1.79077 -1.06996
-3.73042 -0.06319 -1.76275
-3.49387 -0.66901 -0.86332
-2.72956 -2.11844 -1.08318
-4.16915 -1.73032 -2.23095
-3.12294 -0.67715 -3.58158
-1.49688 -0.30947 -2.60613
-0.56735 1.22632 -2.03716
0.08534 0.8363 -1.17006
-1.95581 1.21549 -2.06151
-2.77368 1.88612 -1.56159
-1.36745 -0.20929 -0.46045
-0.54408 0.93069 0.2186
-1.15877 0.45109 -1.59719
-1.34143 0.56684 -1.06416
-3.13199 -0.22095 -0.21599
-2.42994 -0.99617 0.40846
-2.86722 1.49204 1.33723
-0.67512 -0.26518 -0.9829
-1.06455 0.03493 0.47244
0.75725 -0.59912 -0.66539
1.86185 0.65306 0.83702
2.4003 0.12375 1.36532
0.13832 -0.27742 1.44553
1.03843 0.37569 1.93437
1.20256 0.63958 1.53022
0.2928 0.24117 -0.00361
-0.22234 0.09062 -0.01788
-0.13898 0.52797 -1.21716
1.98523 1.18424 -1.07359
1.49969 0.78436 -0.54093
0.87193 1.02608 -0.17945
2.25724 -0.03621 -0.26202
1.49961 1.12782 -0.79505
2.2982 -0.3073 0.679
3.35036 0.83889 0.98777
2.93519 1.15721 1.70135
2.46642 1.73511 2.36582
2.02323 2.50111 -0.35226
1.76327 1.33518 0.2761
1.3778 0.98701 0.20564
-1.03925 1.45159 0.97047
-1.22644 -0.4515 0.64363
-0.2568 -0.10979 -0.82106
-0.88381 0.19315 -0.28994
-0.34753 -0.08842 -1.57389
0.57339 1.17538 -1.98328
1.62521 0.91171 -4.04446
0.43282 0.75026 -3.06543
0.65928 2.73204 -1.49284
1.28755 1.87364 -0.75434
2.31939 1.91491 -1.02238
1.66348 2.20339 -0.91532
1.48305 1.32395 -2.28029
0.6014 1.00941 -1.87151
2.94831 1.3046 -0.87221
3.71267 1.05507 -0.88204
3.12493 -0.17683 -2.13066
2.96852 3.11544 -3.23946
1.85966 1.47544 -0.67063
1.52639 0.00556 1.48598
0.7715 0.40562 0.63685
2.29026 0.94365 0.17895
3.02581 1.40043 -1.54552
1.70754 0.20328 -1.29687
1.39897 1.79513 -0.96738
-0.00188 -1.61888 0.06018
1.67677 -1.88581 0.2572
3.03154 1.10324 -0.73504
4.24904 1.63938 0.31313
4.29146 2.90412 -0.86844
3.63488 1.0681 0.20684
2.6706 2.3302 -0.00622
1.9932 1.88282 1.03357
0.73961 2.01317 0.49269
-0.48945 1.55719 -2.18418
0.3391 1.44701 -2.07337
1.62734 0.72353 -1.42886
0.92913 -0.66215 -2.52573
2.45802 1.31679 -1.70741
-0.17541 -0.74183 -0.30728
-0.01093 1.00406 0.3294
-1.65961 1.04092 -0.4576
-2.18069 2.21055 0.1548
-2.66574 1.72324 0.55711
-2.79399 -0.20962 -0.49165
-1.69484 1.56247 -0.35292
-2.92455 0.72011 0.81623
-2.71728 -0.64471 -0.42589
-3.49909 -1.30127 -0.71575
-1.95569 -1.56724 -1.46624
-2.37096 -2.90219 -1.55069
-1.78397 0.19297 -0.10744
-1.46077 -0.83984 -0.4596
-0.76858 0.3777 0.10962
-0.71251 -0.65549 -1.71137
-0.74481 -0.37242 -0.0274
-0.86139 -0.95818 0.69914
-1.96239 0.39308 -1.47245
-1.54772 0.5614 -0.41919
0.04621 1.55592 0.80515
-2.45655 1.07875 -1.87168
-2.4165 -0.94373 -0.9222
-2.21585 -2.26942 -0.03095
-0.75893 -3.3772 -0.19805
1.01904 -1.38944 -0.66763
0.64303 0.82186 -1.13024
0.43037 0.4542 -2.53645
0.91053 2.06903 -3.55495
0.46465 0.94443 -1.92834
0.93698 0.53186 -1.97428
2.60774 0.04228 -0.44957
1.75311 -0.31798 -0.20294
0.04256 1.85183 2.22694
-0.33497 -0.25109 0.53136
-0.607 0.02915 -0.42029
0.05147 -0.50915 -0.25287
1.44348 -0.6044 1.19404
-0.40243 0.44889 1.67612
-0.386 1.16115 0.27311
-1.43968 -0.42345 -2.04723
-0.96173 -0.18717 -0.15498
