2.00314 0.93116 -0.07379
0.57913 0.30373 1.92419
0.34856 -0.10553 1.29714
-0.42444 -0.20071 0.5154
-0.13437 -0.4081 0.14929
-1.12134 -2.21845 1.30465
-1.58432 -1.78699 0.62932
0.05334 -0.71451 -0.16426
0.37173 -0.06846 1.78169
-0.79746 0.22301 1.42612
0.46801 0.74858 -0.34629
-0.19739 0.15486 -0.57001
0.65017 0.50874 -0.23868
1.71322 0.75136 0.7689
1.40704 0.44098 1.73856
2.72269 0.09236 1.82777
1.32138 0.43164 2.50404
1.16716 0.01959 -0.47156
2.1616 -0.7813 2.45266
1.82542 -1.36421 0.65207
0.78094 -1.11286 2.09043
2.41077 -1.21913 0.54067
1.91919 0.32191 -0.61027
1.61473 1.47257 -0.80211
1.55789 1.59122 0.44056
-0.21667 -0.1348 1.3829
1.13663 0.79097 0.05813
1.95508 1.8591 -0.02743
1.9428 1.44331 1.40466
2.26125 1.98423 1.86829
3.29119 -1.1163 2.43065
4.58773 -0.535 2.48969
5.06682 -0.9049 1.93556
4.19115 0.59316 2.80162
3.46065 -0.66651 1.76576
1.8282 0.11687 1.57995
2.3706 0.52161 1.01402
2.77913 -1.2047 1.38028
1.66458 -0.42293 0.75271
-0.00115 -0.5672 1.90382
-0.73895 0.06637 3.34067
-1.81541 -0.02493 3.78249
-0.76095 2.05877 1.85154
-0.00809 0.39481 1.21336
-0.90737 1.87636 1.5536
-1.10616 1.40636 2.06923
-0.05832 0.53011 0.42625
1.07564 -0.72886 0.30473
-0.16664 -0.26922 0.4861
-1.15203 -2.15607 0.55417
-2.04532 1.13277 0.44903
-1.64846 -0.52559 1.48961
-2.3688 0.91567 1.45526
-2.34873 -0.15995 1.58849
-2.74641 -0.0542 0.01287
-2.44294 0.64615 -1.11998
-2.86841 0.64471 -1.00223
-1.96089 -1.56988 -3.55627
-1.24109 0.63219 -2.63324
-1.13175 0.17493 -0.9492
0.86533 -0.20184 0.18191
-1.34968 -0.27357 -0.88544
-2.71647 -0.18011 -1.66833
-2.14261 0.37671 -1.07336
-1.30912 -0.35992 -0.21316
-1.13948 2.13096 -1.02492
0.33657 -0.0978 0.71594
-2.17705 -1.41435 0.42377
-1.32596 -1.26351 -0.74836
-0.62936 -1.12246 0.85376
-0.21059 0.50222 0.89244
0.30194 -0.17536 2.99391
-2.4628 0.88855 1.26112
-2.04387 1.37373 0.63318
-2.90478 1.20524 0.53112
-2.12125 -0.37178 0.91075
0.26289 0.33359 -1.20792
0.41733 1.28666 -0.76225
-0.391 1.66116 0.03902
0.36783 1.6072 -0.36788
1.90804 1.12544 1.85402
1.14313 0.4041 0.54329
1.00378 0.28211 1.14158
0.28191 0.05182 1.65774
-1.46766 -0.99734 0.6865
-1.57463 0.78927 1.29805
-1.59314 -0.00693 -1.11879
-2.36876 -0.20284 -1.01992
-1.86831 -0.68429 0.95863
-1.07467 0.81909 -0.02235
-1.94204 0.19539 -1.19058
-1.53899 -0.89349 -1.84303
-1.51594 -2.1342 0.23893
-1.45868 -0.304 0.38759
-2.74016 0.8727 -0.94867
-3.4787 0.26193 0.18114
-2.08934 0.57194 2.11417
1.45341 1.32377 1.914
0.54712 0.70555 0.88529
-0.1985 -0.06554 0.46075
0.45915 1.06585 -0.50721
1.92708 0.55717 -2.02998
0.86583 -1.64353 -1.9719
2.56479 -0.39344 -2.23
3.66878 0.69897 -2.43549
4.21296 0.32256 -1.85512
3.74608 1.67264 -1.83167
3.285 0.12757 -1.16739
2.73557 0.56309 0.88415
2.62385 0.484 3.11397
3.39232 -0.43165 2.38755
3.17379 -2.07268 1.92138
1.48917 2.11847 2.12315
2.88639 3.37157 2.29641
4.08831 -0.05072 1.96443
4.44547 -0.04651 1.62801
3.7574 0.02108 3.07497
3.53252 -1.47845 2.15211
2.60439 -0.37406 1.55755
0.96215 -0.55253 0.48491
1.58853 1.59943 3.09365
0.40539 1.72957 1.98759
1.78092 0.81731 2.87223
2.30626 -2.4284 3.85588
3.11177 1.40415 3.17705
3.37282 0.57995 2.51824
4.84087 0.7531 1.83071
4.67941 -1.11587 2.88267
5.17884 -1.01161 2.70815
5.08986 0.9695 2.18576
4.301 -0.08694 2.69566
3.69088 0.06328 1.70942
1.88 0.48693 0.96273
1.44953 0.44015 1.89221
-0.24619 -0.69188 -0.11776
-3.11505 -0.97103 0.4876
-1.66887 -0.31282 1.04607
-1.21699 -2.63933 1.40124
-0.85533 -0.3889 1.44789
-0.25778 -0.45185 0.97244
-0.65848 -0.52586 1.34377
-2.0537 1.22877 -0.23092
-2.28149 1.30519 -0.86201
-2.12773 -0.58233 -1.82991
-3.1551 -0.39048 -0.29055
-2.6207 1.08763 0.41162
-1.62928 -0.18813 0.93864
0.65074 1.294 0.62437
-0.73044 -1.33335 -0.81069
1.19342 0.91861 -1.46489
0.72191 -0.01606 -2.36218
0.85357 -0.02698 -0.54264
0.72052 1.45687 -0.00265
0.5465 -0.34512 -0.65356
2.75543 0.754 0.87982
3.21895 0.32252 -1.12633
1.86727 0.50783 -1.27429
1.6293 0.79978 0.33626
0.93099 -0.64957 0.54962
1.40714 -0.01888 2.2106
3.41163 1.83139 2.50896
2.19072 0.72719 1.79023
2.90945 0.33797 2.1745
2.40884 0.14947 1.44118
3.16459 0.22009 1.05303
3.66585 1.70044 0.21865
2.01296 -0.08503 -1.14654
1.89602 0.39564 -0.71203
0.67483 -1.2186 0.19805
1.64611 -0.51603 -0.13297
2.40244 -0.07252 -1.10641
-0.46346 0.53571 2.49309
-0.29364 0.17411 2.65743
-0.79938 -0.25307 2.16304
-0.88167 1.36188 2.13773
-0.0125 0.10689 1.60485
-0.29769 0.04429 -0.61602
-1.80439 0.05889 1.47547
-0.83906 0.38904 1.42332
0.09559 -0.73823 0.43096
1.17051 -0.86929 0.22774
1.7094 0.47782 -0.54367
1.35762 1.34223 -0.72121
0.72749 0.34405 -0.30218
1.00443 0.21464 1.71837
0.41091 -0.62012 2.28786
0.67281 0.77199 3.47814
1.40269 -0.50454 3.43306
1.99256 -0.54969 2.87511
1.75977 0.09249 2.64623
1.35667 -0.36389 1.99498
2.04391 0.01347 2.58277
2.05037 -0.42759 2.57079
1.17777 0.98037 2.86657
-0.2348 0.99459 3.2107
0.21971 0.6632 1.07849
1.43287 -0.19219 1.25497
-0.01776 0.66954 1.99862
-0.07778 -0.47914 1.57354
-0.09726 -1.60487 1.63984
1.00867 -0.2558 -0.35188
-0.7324 0.5594 -0.54119
-0.43035 2.23496 -0.05743
-1.83795 1.14833 -0.64628
-2.60255 0.38475 -1.18912
0.30243 0.15385 -2.15392
0.24272 0.59085 -0.66439
1.97739 2.43851 -0.17316
2.33796 -0.57274 -1.74178
1.39173 -0.0562 0.0856
1.51891 1.40768 2.3722
0.92936 1.63049 0.56038
2.66036 -0.91863 0.52547
4.43795 0.93927 1.3711
3.71303 -0.28464 -0.90205
2.22784 2.83615 -0.25369
2.45651 0.32975 1.35989
2.28619 1.1243 0.94367
0.69741 0.08959 1.55317
-0.21899 1.37217 0.8661
-0.47701 -0.11844 2.81723
-0.92358 0.69262 2.15623
-0.35424 -0.73459 1.3436
-1.09905 -0.55841 2.82249
-1.27507 0.56402 1.39372
-0.26947 -0.2999 -0.47626
-2.51912 -0.28377 -1.58869
-2.06072 -0.67605 1.31856
-1.44863 -0.70364 1.15229
-0.08623 -0.23264 -1.13634
-1.72289 -1.43511 -0.93743
-1.57436 -1.39708 -1.28321
-1.3659 -0.10091 -0.28839
-0.42943 1.33532 0.28765
-1.47008 2.4769 -0.51391
-1.32741 -0.68531 0.06652
-0.3835 -0.59202 -1.4334
-1.42922 0.69155 -1.32912
-2.66627 0.6292 -0.20037
-1.91285 -0.35289 -2.90463
-0.56125 0.94034 -3.23136
-1.7599 2.23206 0.32499
-1.83062 -1.38878 -0.90992
-1.45397 0.47754 -0.62092
-0.03617 -0.59218 0.23963
0.9072 0.33835 0.47313
-0.49056 1.56067 -0.62617
1.05707 0.33365 -1.13281
2.36582 0.99693 -1.12311
1.28594 -1.13529 0.86216
0.94577 0.71276 -0.05151
0.6093 1.48574 -1.65227
1.15315 1.45566 -1.11122
0.45536 -0.39335 1.81954
-1.67444 -1.92767 3.60688
-0.07179 -0.85245 1.48397
0.17163 0.23723 0.17131
-1.69181 0.50859 -0.46828
-1.17605 -0.54269 -0.26174
-0.60405 -0.92622 -0.04545
-1.14718 0.68409 -1.14861
-1.67386 1.22237 1.61732
-2.89155 -0.35997 0.99015
-1.46814 -0.18693 -0.76946
-0.0531 1.98286 -0.52024
0.71629 0.51937 0.50968
1.35978 -0.09688 0.22204
2.70169 0.5712 -1.22705
1.90949 -0.74073 -1.20112
1.38331 0.58541 -0.09201
1.24315 -0.13007 0.96816
1.25517 -0.17817 0.59656
0.44033 -0.09459 1.09183
1.38127 2.21593 1.32134
1.63043 0.05122 1.38534
2.86227 1.31715 -0.57682
3.12621 0.03222 2.00469
1.31184 -0.92671 0.80131
1.18703 -0.91956 -0.53761
1.3758 -0.04493 -0.65539
1.35066 0.99933 -0.13297
2.53873 -0.49332 1.14836
2.59947 0.33461 0.58041
2.48034 0.19419 0.31283
2.06886 0.31155 -0.05336
2.98983 1.28939 -0.42756
3.22016 0.81478 -1.20139
4.25419 0.86521 -0.14705
3.98889 0.05664 0.22173
3.37512 -0.97626 1.01841
2.01712 -1.93235 1.46987
4.86392 -0.38423 -0.68702
3.73213 -0.33386 2.30214
2.59522 1.86328 2.67413
1.78127 -0.10176 -1.00606
0.03275 1.70758 1.40677
2.69594 0.64127 3.46856
2.5055 -0.67397 4.061
2.44263 -1.13478 2.92493
1.56244 -0.8211 3.53951
