0.59459 -1.45595 -1.86128
1.13869 0.18874 -1.74084
2.67056 -1.19517 -0.93716
0.73486 0.82594 -1.59793
0.07312 1.22939 -0.8997
1.02718 -1.01189 -1.78222
2.07329 0.8918 -1.15569
0.69154 -1.96405 -1.48761
2.28668 -0.20577 -2.03632
-1.81059 1.16752 -2.71073
0.01913 -1.03963 -0.07749
1.96324 -0.26197 0.06497
1.09223 1.223 2.09295
0.82134 0.57902 2.37474
0.45072 2.44891 2.19536
1.95563 0.31588 1.5204
1.45728 0.43889 1.28059
0.96314 0.95245 2.20674
0.96831 1.07384 0.23251
0.93693 -2.45048 1.37427
0.60994 1.24564 -0.44115
0.43115 0.60553 0.78605
-0.73423 -0.09405 0.2718
-1.86875 0.49854 1.11888
-0.1259 -0.05836 0.65711
0.31191 -0.67994 1.07413
0.71429 -0.37319 1.09189
0.21214 1.12915 0.84122
-0.38103 0.53194 0.39234
1.65235 0.66425 0.58102
1.21455 2.15925 0.6774
-0.72549 -0.71543 0.24969
-0.06318 -0.00869 -0.55757
0.46809 1.18785 -1.86226
-1.12563 0.85786 -1.84817
-0.35403 0.32319 -0.51213
1.9531 -0.86574 -0.90511
0.27105 0.4074 1.43359
0.33439 -1.6363 -0.14646
-1.15978 0.67961 -0.78001
-0.223 -0.77461 -1.36689
0.00981 -1.15728 -1.16939
-1.47518 -1.83046 -1.30238
2.09311 1.24522 -1.54059
1.98591 -0.23571 -1.75709
1.10686 0.76064 0.64553
0.12155 0.81966 -1.81902
0.35491 0.13066 -0.7589
-0.10193 0.52248 -0.357
1.06218 -1.47708 -0.97048
0.31533 0.49272 -1.84277
0.42557 0.62169 -2.15631
-1.09475 -0.62927 -0.30143
1.35467 -0.76106 -0.63483
0.57339 0.04842 -1.92793
1.95424 -1.47573 -1.85589
1.43902 -0.5575 0.04294
1.03384 1.11262 0.94437
-0.08304 0.59537 0.85145
-1.63422 0.5722 0.45494
0.43954 0.18404 -0.1304
0.7045 1.488 -0.31254
-0.74613 0.54671 0.97002
-0.2682 -1.42219 -1.30798
0.48895 -0.42211 -0.70125
-0.94335 -0.17468 -0.24393
-0.05624 -0.18873 0.74611
1.35993 0.39401 -0.45526
0.57652 2.01976 -1.07078
-0.93493 1.2267 0.41189
-0.65646 0.44116 -0.4148
-1.15163 -0.0669 -0.73583
1.03017 -0.08677 -0.02297
0.15147 -0.24528 -1.48853
1.76048 1.46152 -0.66502
-1.01806 -0.22105 0.28757
0.26116 0.3109 -0.31277
-0.79741 -1.55598 -1.00315
-0.16964 -1.95528 -1.54668
0.65543 -0.19879 -1.48069
-1.00052 -0.04581 -2.8217
0.34239 -0.42365 -3.58634
1.4557 0.33148 -2.34874
-0.33242 0.43457 -2.72205
2.77842 -0.86141 -2.45269
0.99409 0.2139 0.30463
-0.94911 0.90894 -0.14205
1.31367 1.31119 1.52623
1.35287 0.86432 0.92214
0.57434 1.54188 1.52313
0.91439 -0.63434 1.26509
0.28239 3.69044 1.27899
1.64528 1.41971 0.78294
0.39139 -0.599 2.42149
1.55149 1.62897 0.90237
-0.61203 -0.70211 1.00709
1.93765 0.03767 2.20755
1.09046 0.89975 1.58592
1.21541 0.11817 0.5757
1.22236 0.10412 0.87014
-0.07682 -0.93927 1.04809
0.50958 -1.47957 1.70998
1.2209 -1.74316 -0.12609
2.22494 -1.10979 2.57831
0.10144 0.68813 1.42225
-0.92135 1.45699 -0.77925
2.8512 -0.814 -0.64997
0.86153 -0.51679 0.7965
0.02074 0.36867 0.69979
-0.12535 -1.90749 -0.02989
1.1642 -1.54143 -0.91512
-0.25245 -0.97204 -1.01267
-0.22233 -1.14939 0.35346
0.04679 -0.64114 0.29748
0.55464 0.43556 -1.32824
-1.1917 -0.86292 -1.64634
-1.50447 -0.08344 -0.13072
0.68684 -2.19852 1.4136
-0.4547 -1.48026 -0.33296
-0.93205 0.90054 -1.18207
-0.61866 -0.05091 -1.06345
-1.1168 -0.41358 -0.20987
-1.2736 -0.06053 -1.77654
0.18804 0.6385 0.46578
-1.00119 1.29495 0.02861
1.34042 1.45318 0.31475
-0.69753 -0.77802 0.77497
0.02263 -0.03703 0.76185
0.5959 0.70736 0.33458
-0.24255 -1.81961 0.96317
0.05513 0.65803 0.03953
0.86184 -0.82591 -0.32027
-0.52553 -0.42136 0.0353
1.17792 -0.72909 -0.66427
-0.31531 1.42359 -0.02884
0.13076 -0.95288 1.47498
0.19112 1.93487 1.20336
-1.43487 1.35634 -0.37701
0.39168 -1.47379 0.60613
0.02942 0.15398 0.35794
-0.5943 -1.1626 1.1124
0.40336 -1.21015 1.45524
2.02308 -1.06019 0.53306
0.15393 -0.52489 0.83018
-0.16067 1.78868 -0.72439
-0.40048 1.35127 -0.71382
1.27672 -1.38275 -0.45465
-0.148 2.21527 0.15035
-0.6623 -0.46226 -1.33943
0.80123 -0.34231 -0.40144
0.98716 -0.33655 -0.70666
-0.33758 -0.25634 0.13496
-1.04123 -0.56277 -0.29563
-0.94274 -2.46336 -0.22639
-1.11585 -0.87192 0.39878
0.1917 -0.57565 -1.09777
-0.99159 -0.10741 2.2025
-0.14756 0.94153 0.54781
1.26896 0.84165 0.95672
0.42416 0.93057 1.94992
1.43084 0.2528 0.94526
2.14987 -0.53351 0.92062
0.9841 0.7597 1.14197
0.3692 -0.25221 0.95349
0.26163 -0.1148 -1.56041
0.69917 -0.54327 -2.31269
0.16789 -0.51149 -1.28514
1.45918 1.04939 -2.00114
1.04224 1.22786 -0.26323
0.53463 -0.75935 -1.40379
0.14712 0.56394 -0.07257
-0.02868 -0.02657 -0.21585
-0.17086 -0.92318 -1.42565
0.10059 1.39888 -0.54349
0.63214 -0.03013 -2.11189
0.77997 0.97556 -0.62661
0.44746 0.39084 0.42642
2.54228 0.13378 1.56
-1.17707 1.24679 2.28062
0.58549 0.23474 1.56445
-0.34843 -0.74493 1.72787
0.78128 -0.38033 1.70512
0.88213 -1.06428 3.00778
-0.187 0.05865 0.99099
1.23439 -0.85253 0.81571
0.99125 -1.24614 1.58125
1.10107 -0.78037 0.27107
0.92771 0.5104 -0.01567
-0.8975 -0.9532 -0.95237
-0.021 -0.09135 1.10178
0.45571 -0.99136 0.67669
0.39626 -0.71389 1.3971
0.36496 -1.4382 1.6115
1.18117 -0.08759 2.49363
2.12747 -1.07912 2.52808
0.27333 1.36697 4.01355
0.2878 0.48025 1.92947
1.13528 1.30974 0.38159
0.91998 0.14798 0.85154
1.88388 -0.42228 0.83559
-1.32968 0.62242 -0.4324
1.34178 -0.52964 -1.6343
-0.0931 -0.2303 0.23709
-1.64801 0.56723 -0.74445
0.12165 -1.11188 -1.13615
-0.41881 0.74215 -2.5146
0.07833 0.23632 -1.54159
0.18559 1.93476 -1.79767
0.06355 -0.02648 -1.59069
0.1164 -0.93328 -1.18359
0.8299 -0.91186 -2.752
-0.37902 -0.48192 -1.35148
0.71219 0.45437 -1.9092
2.35372 -0.20663 -2.65028
0.46662 0.60814 -1.52097
1.8462 -1.02569 -1.39322
-0.16063 0.80049 -1.15727
1.59338 0.83957 -1.02735
2.38142 0.94429 -2.41022
-0.1656 -0.05072 -1.43577
-0.18305 1.50916 -0.47546
0.78481 0.88258 -0.85241
1.34368 -0.67759 -0.49326
0.60162 0.94556 -0.0934
-0.90158 -0.57103 0.44416
0.56587 0.55269 1.3811
-1.42646 1.56969 2.40921
1.54255 -0.50381 1.37523
0.68256 -0.04035 2.68471
1.21954 -0.09467 1.49505
-0.3466 0.10565 -0.01306
1.31061 1.03893 -0.65584
-1.10593 0.05613 -1.48571
1.00101 -0.16264 -0.63705
-0.1479 -0.27104 0.70248
1.69965 0.53568 0.725
-1.12712 -0.22153 -0.47264
0.67334 -0.98749 0.11251
0.29412 -0.00885 0.80285
-0.6983 1.35906 -0.14122
1.40584 0.32699 0.55942
-1.1118 0.1921 2.00185
-0.69133 0.8689 1.34815
0.74393 0.37334 1.46688
1.69768 0.99306 1.46638
0.40619 0.84017 1.24171
0.32153 -1.11969 2.17801
0.25985 1.16943 0.68923
0.66415 -1.87963 -0.57883
1.57991 1.79325 -1.59193
-0.79976 0.56906 -2.20977
-0.66699 -0.89257 -2.03826
0.23364 -0.91705 -1.34865
0.86207 -0.12038 -0.51178
1.4973 1.06869 -2.13973
-0.38044 1.32638 -1.35621
1.16905 0.34099 2.7258
-0.96148 0.20704 4.37792
1.36554 -0.19392 2.81769
0.96252 1.18199 2.64828
2.54592 0.06747 0.53202
0.45894 0.42506 0.15727
1.57868 -0.16738 -0.36869
1.75873 -0.67529 0.34287
-0.76194 2.59359 -0.26078
0.32343 0.79708 -1.50964
0.41358 -0.88355 -0.37068
-0.00198 -1.60851 -0.993
-1.19703 0.10381 -2.08154
0.75522 -1.14046 -1.03233
0.14419 -1.10233 -2.09
1.38784 0.54941 -0.55181
-0.86258 -0.15261 -1.39955
0.68284 -1.73845 -2.70141
-0.91923 0.68377 -1.10753
-0.56179 -0.3246 -0.63572
-0.34085 0.63317 -1.01128
0.80747 -0.3665 -0.94665
-0.33652 1.09689 -1.65078
-1.76908 -0.69602 -0.60884
-1.50552 -0.95027 -0.13029
0.75009 0.15684 -1.25849
-0.66324 0.39454 -0.85527
-2.15215 -0.27641 -3.39525
1.92385 -0.54727 -1.3187
-0.7818 0.96219 -0.97508
0.67212 0.35185 -2.46627
-0.00775 0.08913 -1.25188
1.93611 1.04446 -1.10796
-0.49302 0.51431 1.83005
0.48549 1.44248 2.5263
0.02762 0.2464 1.1059
-1.01926 1.19656 0.69034
0.29712 -0.42882 1.3182
-0.92009 -1.58545 1.94704
0.19221 -0.47472 3.01673
-0.84038 0.35725 1.77515
2.255 -1.51495 1.08912
2.5421 0.82484 2.17531
0.67317 -0.09975 0.46736
