0.7619 -1.19094 -1.5268
2.90172 0.92396 -2.6988
2.82499 0.28206 -3.19442
2.88333 0.69697 -1.44257
3.29622 1.58791 -0.18518
0.20408 2.3039 0.56236
1.09434 1.72133 1.38463
0.19922 0.13732 2.35298
1.86274 -0.65974 0.5808
1.83877 0.45172 0.0053
1.6093 0.4903 -1.04059
0.50911 -0.67312 -0.89938
-0.51588 -0.0647 0.1315
-0.36844 0.44992 -0.46073
0.87495 -1.22982 -0.86821
-1.43219 -1.28094 0.01012
-1.82538 -0.82441 1.21505
0.06078 -0.02572 1.25305
2.5173 0.97099 0.40046
1.42055 -0.60143 0.75033
1.32351 -0.36239 1.0993
0.95105 -1.50703 0.20927
1.75945 -0.20124 -1.5786
1.17755 1.12909 -0.81963
1.37943 -0.58085 -2.32193
0.26964 -0.10855 -1.33545
-0.21305 -0.20207 -0.85847
-0.277 0.0239 0.28536
0.33693 0.42728 1.31158
0.09926 0.03313 0.30662
0.01142 0.92961 -0.45972
-0.27903 1.76861 -0.04996
-0.31472 1.7151 -0.11581
0.18104 3.30326 -1.01605
2.348 1.75315 -1.37173
3.89825 0.55133 -0.88761
1.27628 2.16878 -0.39934
2.80322 1.99077 -0.0492
1.24534 1.5837 -0.75206
0.70799 1.11473 -1.30531
0.83577 0.22936 -1.99639
0.68995 2.16273 -0.51875
-1.51557 2.05615 -0.64905
-0.5573 1.287 0.9023
2.2572 0.96871 -0.28042
0.60464 0.89971 -0.29149
1.31977 0.63321 -0.88479
0.47166 -1.19119 0.36555
0.08963 -0.71003 -1.41826
-1.84824 -0.32596 -1.45041
-0.76473 0.12318 -0.67873
-0.07078 -1.42488 -1.60243
0.71654 0.67312 -0.45845
2.27753 -0.30698 0.95635
1.25773 0.14703 1.69024
-0.49895 1.37456 0.03502
-1.86374 1.16574 2.04668
1.71052 0.1085 0.75499
0.6845 0.12772 -0.52249
0.97 1.97428 -0.16239
0.43017 2.25783 -0.58358
1.70185 2.51763 -1.16704
0.16501 3.00453 -1.71898
2.74613 3.0179 -1.44475
1.57032 1.27842 -1.9584
2.06939 1.19291 -1.29073
-0.34192 1.29531 0.87396
1.57095 0.48091 0.30785
1.51686 2.00266 -0.14458
-0.81831 2.02626 -0.75433
-1.92756 2.43367 0.38604
-0.93721 2.88109 1.19883
1.75011 1.70482 2.40071
4.72017 2.90794 1.68155
3.31155 1.63857 0.4974
0.19403 3.37247 -1.2177
0.82324 3.09079 -0.50409
0.06126 3.3103 0.78976
0.37804 2.56737 1.05468
-0.86791 1.55562 1.77619
0.19409 0.79171 1.14798
0.54799 1.2812 0.41877
1.16372 -0.54197 -0.25924
-0.20835 -1.33911 -0.79903
0.2406 1.56484 0.90677
0.85025 0.45686 -0.30478
1.37784 0.65316 2.03187
1.43434 -1.81401 2.6171
2.33667 1.21537 3.40917
1.09367 0.36099 0.22562
1.09991 1.71482 0.15133
0.35226 0.65561 -0.33067
1.03906 0.97018 -1.61517
1.32736 -0.27296 -1.9221
2.87336 0.5432 -1.60396
1.48753 0.3989 -1.63504
0.91013 0.32229 0.20311
1.26236 0.18172 0.32911
-0.51242 1.21605 -1.34534
2.1546 0.8192 -1.44296
1.43339 1.31971 -1.07052
2.78654 1.31171 -1.17599
1.67878 1.63888 -1.58892
0.25421 1.14602 -0.93821
1.67141 0.43338 -1.31502
0.93357 1.33841 -1.10697
-1.01044 1.43502 2.77195
1.01109 1.17466 2.42201
2.71754 1.87063 2.85918
3.67728 0.51949 2.97855
1.69082 1.49557 2.00935
1.28428 1.52081 1.24702
1.88067 0.71895 1.69468
0.99333 1.32818 0.79043
0.73871 0.99666 0.10433
1.78974 0.97774 -0.59879
-0.87444 0.73135 -0.36892
0.0267 0.0284 0.6109
0.09939 -1.21962 -0.52202
-2.56102 -0.72405 -0.46606
-1.92662 -0.35168 1.01019
-0.4153 1.32709 1.92947
0.23965 -0.23944 2.16874
2.21027 -0.48666 1.68992
1.84907 -1.72743 0.57648
0.69215 -0.97921 2.91207
2.75899 -0.78735 2.18634
3.07095 -0.16485 0.72253
2.34306 0.5096 0.67448
-0.35839 -1.39602 -1.22296
0.82165 -1.94448 -2.00681
0.65263 -1.76605 0.2713
-1.4707 -0.94037 -0.44351
-0.98439 -2.40098 0.68494
-0.40867 -0.99053 -1.70732
-1.67263 -0.40637 -0.77447
-0.28639 0.32582 0.78519
1.97471 0.05492 0.75245
0.10925 -0.17141 -0.19146
2.07015 -0.81778 -0.53715
2.16758 0.15119 -0.05249
0.98269 -0.54479 0.88245
0.1674 -0.51184 1.67959
1.57851 -0.13731 1.85837
0.49804 -0.82686 0.89857
-0.50913 -0.2107 -0.38813
1.21128 -0.37565 -0.57118
0.09309 -1.27227 -0.029
-2.29696 -1.14849 1.37114
-0.30128 -0.77826 2.48331
-1.23456 0.05032 2.14741
-0.61074 0.2065 2.5172
2.24647 1.05407 3.51515
3.11167 0.72935 3.28733
3.72085 2.35111 2.00554
1.6247 5.04681 2.22136
2.80239 2.80454 3.88983
3.22366 1.42263 3.25648
5.04224 0.30785 2.01325
2.0285 1.23008 3.60338
2.16164 0.86915 2.81901
2.20174 0.07049 1.46307
0.84184 -0.2187 2.00298
1.57026 0.95116 -1.64578
1.12468 1.01802 -1.57367
1.79146 1.74797 -0.63343
-0.57721 1.1982 -0.0675
1.4115 0.89568 -0.01766
1.21132 -1.32265 -1.06951
-1.22004 2.16531 -0.4767
-1.23562 1.22676 -0.55286
-0.97556 2.98346 -1.76325
0.39774 2.20067 -1.53256
3.20442 0.77608 -1.19454
0.81802 0.92391 -0.90291
0.54036 2.10082 -1.18954
1.01985 0.90605 -0.31346
0.94044 2.55565 -2.43719
1.32637 1.0009 -1.6667
0.00598 0.47705 -0.6732
2.2152 -0.9992 -1.11366
-0.47117 -1.85672 -2.37519
-1.1876 1.24578 -0.99074
0.44575 1.3261 -1.09848
-0.07344 -0.19885 -0.50191
-0.61653 0.13844 -0.71361
-0.89728 -0.865 0.65539
-0.73075 -1.16755 1.53148
-2.01468 -1.21545 -0.57024
-1.72347 -0.78565 -0.24263
-2.24059 -0.85458 0.53957
-1.57019 -0.86296 0.13249
-1.36338 -0.58438 1.381
-1.573 -0.89943 0.98947
-1.84644 -0.65398 1.0534
0.15811 -0.22647 2.31053
1.68124 -2.60423 1.92788
1.46163 0.659 1.20246
1.3378 1.71108 -1.87044
1.79555 1.11772 -2.5351
3.0963 2.38878 -1.89668
2.77587 1.92086 -1.30935
3.47442 0.7868 -1.67441
1.27992 1.14576 -2.93147
3.57862 1.29082 -2.98616
2.92199 -0.53652 -3.63936
2.28928 -0.26532 -2.85746
3.6459 -0.23351 -1.89642
1.72186 0.40761 -2.16124
2.11559 2.00138 -2.28574
1.78875 2.26693 -1.44867
2.0076 2.32594 -1.57171
3.14468 1.06042 -1.59235
3.25186 0.47131 -2.59518
2.39322 1.3697 -2.21644
0.85495 2.23512 -1.58675
2.93515 -0.41063 -2.71134
2.45912 -0.01137 0.26571
1.85675 1.99945 -1.12175
-0.41076 2.83354 -0.85282
-0.88677 2.24718 0.64775
0.5694 2.0748 0.42479
0.87518 2.04169 2.41445
0.87089 0.59401 3.25482
1.72284 0.47658 1.88363
2.38719 -0.2123 0.50554
-0.23108 1.59009 0.13851
-0.63406 0.53671 0.62888
1.06304 1.3548 0.12741
3.60472 -0.49472 2.18361
3.51993 -1.49199 -0.08101
1.2696 -2.66875 0.51663
-0.8882 -2.4703 0.25109
-1.04462 0.46437 -0.09059
0.95188 -0.21983 0.39876
-0.3331 -0.3751 0.96522
-0.10724 0.18357 0.52107
0.59238 -0.38405 0.31864
1.272 -0.70551 1.45497
0.31482 -0.75362 1.28707
0.97666 -1.13937 0.95779
-0.10722 -0.41166 1.06416
0.93016 -0.00232 0.86985
1.28235 1.00599 0.15415
1.01674 1.45019 0.7732
0.57315 0.8787 0.43507
-0.58376 0.16041 0.07914
-0.77736 -0.06217 2.97451
0.14588 1.3511 0.56158
0.76092 0.67198 1.03315
0.61545 1.0689 1.217
2.4291 1.75576 1.97767
1.1107 2.42971 0.73115
-1.28011 1.05932 -0.65886
0.15173 2.33445 -2.25889
0.61031 1.82296 -1.9081
-0.09555 2.0231 -1.20699
0.98888 1.81547 0.73747
2.12508 0.72585 1.35223
0.68092 1.61459 1.01274
-0.14236 2.56876 2.49692
2.43765 0.38905 1.92839
3.06159 0.80918 1.24582
0.80823 -0.06655 0.64607
1.54403 -1.54458 1.27999
0.94529 -0.44325 0.88163
-1.61398 1.18099 -0.14653
-0.92132 0.91041 0.16927
-1.62195 0.45972 0.60076
-2.11257 0.45084 -0.31027
-0.71172 -1.38416 -1.57021
-0.71067 -1.70246 -2.29009
0.90302 -2.49203 -2.01578
0.0063 -0.46049 -0.63226
0.40085 0.41314 -0.43725
1.21013 -0.84943 -0.88375
-0.79609 -0.74147 -0.55382
-1.75198 -2.13458 -0.23196
-2.02246 -1.41564 0.31913
-2.02865 -2.43309 1.5214
-0.34376 -1.0013 1.06363
-0.09851 -0.57187 1.51291
0.23999 -0.82081 0.01924
0.05874 -1.37436 0.16923
-2.09106 -2.9567 0.85138
-0.65776 -1.6077 1.17463
-1.38779 -2.02641 0.08378
-0.25013 -2.21365 1.41285
-1.35397 -1.32936 1.05552
-1.9975 -0.25706 1.91094
-1.21636 1.54526 1.36961
-0.63174 0.54042 1.5228
-1.01876 -0.28782 0.5782
-1.54252 -1.58827 0.65721
-2.37598 -2.42271 -0.82829
-0.32351 -2.04563 -1.17522
-1.60158 -4.56359 -1.1201
-1.96141 -4.91339 -1.92279
-0.09006 -3.60947 -1.241
-0.13699 -1.95366 -0.59569
