4.69774 3.69547 0.99337
4.53274 3.33006 2.35504
2.44795 3.90742 0.4141
2.97135 2.95795 0.98465
2.5272 1.55438 1.43327
3.19761 3.02161 0.22815
1.46619 3.63589 1.04382
4.23709 2.80699 -1.11515
5.23181 1.50623 0.92557
3.0394 2.51542 0.78427
1.85248 2.34828 -0.04833
1.24024 1.42151 0.43672
1.75441 -0.29515 -1.46976
-1.14054 1.39984 0.27991
-0.64068 0.04589 -0.33734
-0.54968 -2.7739 1.47689
-1.38115 -2.73164 -0.55472
-0.21584 -1.67967 0.34531
0.95891 -1.57427 0.8891
2.03956 -0.1007 1.14087
2.34135 -0.58518 1.70891
2.75317 0.43085 2.15313
3.42521 0.94214 1.62516
1.51609 0.58329 0.69747
1.91351 1.72524 0.52147
1.31694 2.35519 2.43024
1.88961 2.15167 0.30832
3.11717 -0.48798 0.88939
4.70233 -0.31099 0.44935
2.31744 -1.70574 0.92909
0.65419 -3.06287 0.49679
0.68584 -1.55554 -0.10783
1.71608 -2.58271 0.18205
0.07501 -2.30205 -1.12252
1.98587 -2.38551 0.15137
3.1718 -1.26637 1.33707
1.80808 -1.89848 0.98363
2.20797 -1.31719 2.50755
2.0929 -0.84995 1.27096
3.46366 -0.37229 0.82804
2.04757 -1.78067 0.91938
1.2492 -1.20327 0.67463
0.13384 -0.51491 -0.00489
-0.07358 -0.16377 1.09423
0.01815 -1.80844 1.15888
-2.15859 -2.22955 0.44933
-1.44272 -0.31425 1.90259
0.48342 -0.55236 1.75675
-1.19878 0.03066 -0.61371
-0.50953 1.34761 1.45611
-0.13968 1.04411 -0.63435
0.39626 -0.78738 -0.12878
-0.27047 0.16066 -1.01501
0.76524 -1.09156 0.54543
0.4397 1.16731 0.54603
-0.56997 2.38784 -0.13092
-0.84427 2.10641 0.92784
2.49154 2.51224 -0.64979
2.29912 1.8961 1.29971
2.70148 -0.01825 1.72771
3.22798 -0.76146 -0.23975
3.04215 -1.06101 1.26263
2.03914 -0.27795 0.24236
2.07965 -0.80769 0.84137
1.45838 -1.46272 1.1328
2.40545 -0.51228 1.82729
0.85926 -2.39949 1.1921
0.76388 -2.84453 0.50891
1.52616 -1.18676 -0.49687
3.42383 0.00657 -0.42504
2.61622 1.06936 1.5176
1.67302 2.41327 1.60217
2.53973 2.15567 0.88745
-0.01803 3.79735 0.34104
2.17722 4.01217 0.24981
3.511 2.69395 2.93669
2.89978 2.01278 1.47072
1.61594 1.40659 2.03782
1.00403 1.80353 -0.07687
-1.01237 1.55044 0.0219
-0.11007 3.27169 -0.22222
-0.04541 0.74218 1.05218
1.18459 1.3108 -1.4655
0.89393 0.65342 -0.20323
0.17051 1.14753 -0.02616
0.09282 0.69017 0.16368
0.16664 0.89226 0.91967
-1.9621 -0.73314 1.24981
1.10731 0.80199 -0.87325
0.89147 0.88381 -0.60545
1.60017 1.66357 0.34825
2.06443 0.57571 0.84805
3.39877 0.43727 0.52689
2.99747 0.96539 2.35126
2.86465 1.93883 0.74766
1.41228 2.17194 1.54796
1.40308 0.92169 -0.41906
2.0335 0.27358 -1.06937
2.51832 0.73917 0.92949
1.51347 1.10999 0.73066
0.0299 2.44006 0.5561
0.34986 1.57995 0.57708
1.23296 1.42758 -0.5702
1.72026 0.34098 0.68301
-0.91285 -0.71975 -0.05271
-0.71869 -3.41205 -1.30685
-0.40529 -4.73757 -0.28863
1.05548 -4.34157 -1.90829
3.84819 -2.32598 -0.47294
3.38286 -3.75613 1.27069
2.08165 -4.03043 1.74266
3.89063 -4.24156 -0.4391
2.06927 -4.07074 2.58519
2.03875 -2.62624 1.34282
2.83719 -1.51568 0.54346
3.27536 0.10663 0.5863
3.04392 -0.56253 1.91395
2.91661 2.25148 2.22437
2.88868 4.10275 1.49257
3.47039 4.0248 0.92545
3.74517 3.96263 -0.7523
4.08731 3.05459 2.31071
3.59092 2.89551 2.61207
3.55132 3.19608 2.45204
3.59863 4.05343 3.40081
2.49672 4.38299 1.82116
2.67812 4.16299 2.90923
4.1078 3.4016 -1.07462
5.28429 3.16453 3.24792
6.8008 3.11377 2.75049
7.20382 1.94318 0.98217
6.04987 1.1096 1.25611
1.76787 2.17703 0.99107
1.20437 0.64825 1.79726
2.1793 1.82144 0.64333
2.4993 1.96443 0.54714
1.60788 2.78316 1.83846
2.41087 3.74418 0.61748
2.62542 3.90849 1.42354
1.27616 1.8083 1.60918
1.58533 0.73729 2.69927
1.59433 1.57838 0.44485
2.69291 1.65583 0.10234
3.70114 0.20173 0.66231
1.93427 -0.0196 1.73149
-0.03607 -1.04386 0.50077
-0.96262 0.69111 1.12739
-0.4355 2.36413 -0.5018
-1.18932 2.28196 -0.88991
0.72268 1.38858 -0.53516
1.15367 0.35248 -0.39911
1.09167 -0.2843 0.35027
0.73393 1.00774 -0.50151
-0.72969 -0.01565 -0.24548
-1.56987 1.52315 -0.47229
-1.15629 1.39342 -0.68219
1.35481 1.25727 -0.35408
-0.56969 0.45399 -0.64266
0.85456 -0.29939 -0.48449
0.39325 -1.43858 -2.11376
-0.87481 -1.66138 1.41417
-1.60019 -2.36161 0.72023
-0.35469 -0.86593 1.99391
0.31722 0.05746 -0.95669
-0.75849 0.65997 -1.22354
-0.20617 0.21717 1.02862
0.24136 -0.18406 0.89424
0.49872 0.40988 -0.18807
0.98563 0.42951 0.2526
1.00477 -0.00861 -0.05182
0.25126 0.84656 -0.35387
-0.86268 1.65162 0.12724
1.90424 2.97025 -0.72668
1.57225 2.84425 1.53098
0.95621 2.30369 -0.48184
3.08419 2.91446 -0.09186
1.31802 1.94968 1.01374
1.88976 0.79087 1.33075
2.1595 1.39546 -0.50429
1.9643 1.5907 2.38637
0.68624 0.28864 2.0718
0.31225 0.50175 0.59613
-0.06673 0.09286 0.358
0.58483 0.09427 0.92083
0.1803 0.2811 -1.97975
-1.36757 -0.06037 -1.37952
-0.10551 -0.32942 0.33617
-0.13754 0.68315 -0.57914
-0.05165 1.48947 -0.31082
1.13917 2.35751 -2.50727
-0.59973 0.48512 0.96859
-1.7133 0.52015 0.15193
-0.07888 0.4911 0.81126
0.69612 1.93008 -0.93743
1.04183 1.97076 -0.34918
2.48933 1.48352 0.55811
3.52581 1.56528 -1.1296
2.34281 0.72807 0.16763
3.78154 -1.45402 -1.15145
0.66101 -1.84737 0.43204
1.41451 -2.36316 1.20039
-0.4546 -3.42283 0.03568
0.36815 -1.62079 0.28617
2.68437 -1.09811 0.61445
1.78542 0.30395 1.78369
2.03416 1.13011 2.34646
-0.46463 3.05196 -0.11572
-0.15384 1.93404 0.88628
0.5014 2.19864 0.20459
1.40946 3.90054 -2.39094
3.53048 1.30458 -0.11335
5.14544 1.14859 0.75263
2.75595 0.05348 1.11034
0.63518 0.73958 1.239
1.28942 1.6558 -1.09626
1.67448 2.59214 -0.5733
-0.14117 1.75404 0.26837
1.98626 1.89283 1.07912
1.45881 3.23478 -0.71466
1.23975 1.42165 0.28341
3.86317 -0.2017 0.01016
1.88066 -0.90082 1.16097
0.30723 -1.31347 -0.78361
0.99631 -0.45799 -0.99593
-0.52983 -1.77434 0.25184
-1.08881 -1.45114 2.69175
0.16038 0.37896 0.01913
-0.58679 -0.42177 -1.22548
0.09179 -0.24238 0.21239
-0.04439 1.42621 -0.22743
1.83365 1.671 0.58128
3.12699 0.39588 0.10661
2.6441 -0.2816 0.04663
2.80703 1.00053 1.56704
0.98743 1.31942 1.80622
0.29775 -0.28069 -0.40036
1.13224 -1.3748 0.22896
1.5665 -0.71516 -1.89476
3.05551 -1.0916 0.52776
1.90562 -0.54847 1.62043
0.8629 0.84559 0.98502
2.66572 0.28445 0.71904
1.27287 2.03342 1.27724
0.35882 3.14433 1.50807
1.02789 2.4068 1.19203
3.96746 2.90255 -0.17614
2.45202 3.01859 2.03171
4.62716 2.50233 -0.15496
4.61322 1.83432 1.48558
3.20656 1.25057 1.22213
1.14772 0.56452 2.12568
0.03212 1.35597 0.35592
-0.59681 0.0844 -0.38174
0.70948 0.15963 -0.45763
-0.7241 -0.6175 -0.79001
-0.76294 -1.7135 0.18665
-1.99397 -1.31373 0.94222
-0.13612 -2.19135 -0.49337
-0.06914 -0.42738 -1.22693
-0.16619 -0.47222 0.20773
-1.67626 -1.44377 -0.83702
-0.09791 0.40556 -0.86653
0.71601 -1.80128 -0.21278
2.54058 -0.56221 -2.77994
1.85801 0.70792 2.08577
-0.19879 0.5251 2.60343
0.63726 -0.16133 0.25841
-0.9715 0.64414 -1.22537
-2.45174 0.84746 0.23163
-1.37453 0.61611 0.4066
0.35972 0.02478 -0.67011
-0.37168 1.00988 -0.63379
-0.61229 0.6462 1.10135
0.8578 0.35269 -1.53156
2.45515 -0.57275 -0.27589
1.69263 -0.36641 2.03837
0.58932 0.61653 -0.23228
1.60671 0.49822 0.90347
-0.2064 0.74856 -0.17879
0.27022 -0.47938 -0.23442
-0.18975 0.93301 0.83342
0.98011 1.70886 0.6808
1.09981 1.49118 0.12884
0.70368 1.56381 0.59562
1.50341 1.44903 0.27533
0.8507 0.62065 -0.28928
0.5221 -1.01877 -0.98913
2.20485 -0.3325 -0.62007
3.41292 0.87173 1.806
0.67655 1.8629 3.00803
-0.44108 2.48192 -2.12923
0.72448 3.99518 0.40782
2.33175 3.89996 -1.35028
2.64789 1.55383 1.93213
2.18091 0.84762 2.76908
1.4652 0.25973 1.26043
2.07106 1.1554 -0.12088
0.05392 0.19664 1.39092
2.10022 0.22366 1.54121
-0.18286 -0.68374 0.25434
