1.91784 0.03401 1.83147
1.3665 0.27203 3.98552
0.3722 0.68729 2.68074
1.19841 1.41903 2.20715
1.74832 1.42135 1.44693
2.55539 1.38622 0.87449
0.98932 2.43356 -0.46291
1.05106 2.88928 0.3582
0.72806 2.45384 2.72607
1.9741 2.52299 1.34026
1.62508 1.23467 0.49913
3.03475 1.63758 -1.57796
2.15957 0.71532 -1.32118
2.71306 0.07889 0.24582
3.11068 0.72889 2.97373
1.4661 1.2869 3.95037
-0.16832 1.65233 2.78225
0.07067 0.78693 1.93131
-0.17204 0.73898 1.96955
-0.53451 1.75454 1.80182
-0.29019 1.28502 -1.24473
-1.31366 0.67822 -0.1366
-1.04881 0.69844 -1.28909
-0.3301 1.09215 -0.38365
1.18121 2.04498 1.20543
2.24742 -0.42475 1.16647
2.27648 -0.69274 0.87244
-0.03425 2.16456 0.53648
-0.38251 0.86875 0.03888
1.06294 0.25701 -0.44999
1.69967 0.4942 1.69033
2.32862 0.29934 0.78741
2.5167 1.10648 0.61951
1.04558 2.16652 0.63676
1.28663 0.39963 0.66967
0.07981 0.14624 -0.45114
1.77917 -2.03961 0.85712
0.68046 -1.37652 0.60791
-0.49924 -0.70604 2.30692
-1.00252 -0.15859 2.2039
-0.58269 0.71623 0.78634
0.06434 0.83877 -0.13745
1.21172 0.4866 1.23559
1.57489 0.94394 1.28594
1.2306 0.40525 -0.10247
1.22046 1.00834 -0.97429
1.82646 -0.37721 -0.38642
0.97033 -1.31953 2.02264
1.60205 -0.5004 3.26985
-0.04929 -0.37976 3.26728
-0.02532 -0.1506 2.30995
1.25492 0.62262 1.63096
2.44951 -0.18418 1.41331
3.08455 0.46453 0.02152
3.83973 1.41627 -0.25506
2.91199 2.59474 -0.88227
3.4435 3.49763 -1.23953
3.00827 0.59278 2.95053
1.99628 -1.55706 5.02894
2.13012 -0.43098 2.46436
2.90644 0.85895 3.8169
3.61125 -0.00983 2.68991
2.39021 1.49277 2.37373
1.23956 3.62682 2.80979
2.73335 4.77086 3.60897
2.17389 3.46102 2.46935
0.57667 2.63483 2.82974
1.74776 2.12625 2.11178
2.02313 2.06257 2.58893
2.25501 1.6729 1.83754
2.41314 -0.09181 0.58021
3.0726 1.25561 0.4009
2.03706 1.19846 0.21871
2.94052 1.47349 1.78826
1.00541 0.99071 2.49467
2.4221 -0.53011 5.2363
2.4524 0.46562 2.95955
2.95722 0.68666 1.9412
3.94441 0.92906 1.79313
3.16081 1.48623 4.01571
3.74239 2.89726 1.82979
2.86392 3.29791 2.88475
4.60708 2.8322 2.71621
4.9123 0.906 4.35118
5.36536 -0.09738 5.24037
3.14821 0.73776 3.9148
3.05497 0.25845 4.90052
2.20693 0.80248 4.6918
2.31173 1.28402 4.53389
1.7934 1.4792 4.35369
0.85662 1.9105 3.02774
0.64149 2.381 2.93732
2.87595 2.54177 2.81027
2.85725 3.17132 1.81119
3.61132 3.88928 0.23731
2.93342 3.92491 -0.37448
3.80853 0.67117 -0.3507
3.36916 0.46653 1.55865
1.08585 1.59053 0.31249
0.64397 0.35763 2.153
-0.0938 -1.735 2.8197
-0.78824 -1.85826 3.95616
-0.48086 -2.02418 4.06237
-0.18755 0.26293 1.08555
1.33355 0.91434 -0.48372
0.74128 2.77423 -0.19944
1.28263 3.00604 1.33953
1.48132 2.52513 -0.46031
2.39505 3.54421 0.19571
3.20714 1.6376 0.06417
3.1888 0.84354 -1.4765
4.44672 0.18161 -1.2243
3.49835 -0.11908 0.11669
1.64564 0.81457 1.9239
2.7368 0.74169 1.8861
3.56301 -1.21646 1.63846
2.99612 -2.11451 2.63844
1.1515 -1.29124 2.32534
1.63978 -0.2346 2.15114
0.4043 -0.24805 3.19659
0.68147 0.25314 4.20142
0.25878 2.73574 3.53636
0.47879 0.37079 3.47365
0.15771 -0.14006 3.90459
-0.81497 1.50611 3.02483
-1.21148 2.07232 1.61485
-0.60957 3.45118 1.20621
-0.58106 2.63559 1.99505
2.35454 3.50179 1.7096
0.64784 2.54608 1.38346
-0.70978 1.92911 -0.51507
-0.9482 0.60946 0.05868
-0.96971 1.21019 1.84885
0.14716 0.67753 -1.36579
1.5577 0.86185 -0.31893
1.00138 0.45259 -0.13114
0.77369 0.54248 -1.22248
0.88035 1.8609 -0.52566
0.45261 0.3828 0.30921
1.0565 -0.12924 1.52709
0.8748 -1.33515 0.34564
0.86569 -0.73973 -0.0261
-0.38337 -0.38862 -1.4019
0.76029 0.04299 -1.24958
-0.8537 0.45481 -0.70932
-1.18651 -3.39033 0.4113
-2.54207 -1.48767 1.91622
-3.24319 -0.29106 1.95511
-2.60231 -0.59649 1.16224
-3.08004 -1.72814 0.14095
-2.42979 -2.65785 -0.27457
-3.79451 -0.76159 0.96849
-3.17727 0.79717 0.69734
-2.04178 -0.23142 -0.28884
-2.56477 -0.80197 -0.31104
-0.77786 -1.17515 0.04689
-0.35255 -0.84137 0.60627
-0.2488 -1.08824 0.67184
-0.35054 0.73655 -0.57156
0.17141 1.76797 0.09804
-0.17307 2.72745 0.29026
-0.63654 2.08715 -1.67786
-2.73428 1.79405 -1.572
-3.01292 0.39976 -0.53804
-1.88712 -0.61867 0.31968
-1.90167 -0.38152 1.21277
-1.87336 -3.19051 2.27728
-1.99771 -3.10346 2.96322
-2.90008 -2.34555 2.78158
-2.30694 -1.3356 1.69465
-3.24384 -0.01337 1.48463
-3.15659 2.9615 3.47663
-1.81981 1.8675 1.87528
-2.19397 2.11036 2.10343
-1.37571 1.18294 1.80864
-1.29517 2.07226 1.88887
0.45587 1.67071 0.7893
1.15993 1.48535 2.47965
0.11047 0.59399 2.23509
0.0369 1.47502 1.8389
0.38348 1.95785 2.04701
0.40155 1.24766 2.13203
0.28395 1.00432 0.95757
-1.16127 0.44595 2.20842
0.28541 1.3599 2.6073
0.57584 1.12935 1.24743
2.34323 0.57318 0.83736
1.83085 0.8004 0.5733
2.00847 1.89986 0.72662
2.54895 2.6036 -0.9951
2.60114 0.37216 0.10338
0.96831 -0.08323 -0.08405
1.22272 -0.0618 2.17656
1.26967 0.40338 1.36091
1.27364 -0.44279 0.88324
1.75372 1.76352 -0.56742
2.66609 0.19652 0.70641
2.58953 1.02259 3.58833
1.17834 2.30784 1.84597
0.82366 2.54087 1.96798
1.65233 1.67074 2.19507
1.14211 1.49994 3.25306
-0.08703 0.3999 3.34258
-0.7486 -0.80021 0.61026
-2.11316 -0.96414 -0.76009
-1.44458 -1.15712 -0.09795
-0.31777 0.38654 -0.00913
-1.41744 0.19804 -1.4151
-0.25018 1.95894 -1.50098
0.88576 2.95119 -0.71844
0.32405 1.30937 -0.08972
0.97609 0.18937 0.19977
-0.79831 2.04812 0.69541
-0.39914 1.57654 -0.00711
-0.01455 0.53711 -0.41309
1.26976 0.19268 -0.32431
2.29124 -0.36886 0.50536
2.06948 -1.22909 0.44
0.77562 0.10995 0.12121
-0.32876 1.62644 2.14029
0.15295 2.63738 2.21621
1.8548 1.57209 2.84163
1.65914 1.43482 3.56282
1.1977 2.40765 2.76438
2.18248 2.44253 1.82202
3.25438 2.90545 1.75358
2.73123 2.37524 2.33169
1.15755 0.95933 2.35829
0.81805 2.18558 2.49109
1.91426 1.4741 1.83698
2.34253 0.43217 1.83979
1.38071 1.24301 1.16253
1.58948 0.43766 -1.02281
2.27926 -0.09546 0.43796
0.29002 0.31523 2.18806
0.55669 1.19221 2.03413
1.14183 -0.36093 1.13439
1.86569 -2.07934 3.15539
1.10839 -1.53899 3.18404
1.87013 0.24218 2.23822
1.5692 0.15859 0.58428
0.67823 0.82817 -0.03165
-0.21992 2.38155 -0.41053
0.2144 2.1053 0.98294
2.42319 1.58384 -0.21335
3.26481 0.75175 -0.16393
2.4797 -0.07108 0.41526
1.72974 -0.82711 -0.76864
2.36746 -0.23846 -0.7132
0.6364 -0.36505 1.97101
0.4521 0.34599 3.8197
-0.27466 0.21414 2.04591
-0.6007 -0.06377 0.95376
0.87081 -0.49886 0.0794
-0.42596 0.62762 1.06676
0.73751 1.56898 0.7928
1.49207 1.85083 1.50676
1.74585 -0.22514 0.83067
1.43995 1.71687 -0.41603
0.34155 0.84511 0.94834
0.79624 1.61942 0.94545
0.78062 1.40456 -0.11641
0.23695 1.17604 0.27381
0.19567 -0.56691 1.38668
-0.23411 2.2465 1.59027
-0.3986 3.39104 1.26012
0.60413 1.29153 -0.66535
0.34698 0.2709 -0.56671
1.09925 0.68542 -0.06276
1.90418 1.09533 -0.4131
1.55619 3.19232 -0.74374
0.42473 3.09918 0.64031
2.36764 2.34433 1.62412
1.05969 0.43756 -0.0591
0.64767 -0.67515 0.50786
-1.15676 -2.13867 0.44902
-1.05874 -0.44578 1.2714
-0.8472 -0.17439 2.0396
-2.0498 -0.58523 3.83706
-2.75267 0.96005 1.50893
-2.26353 1.51698 -0.21675
-1.65486 0.21694 0.635
-0.7224 -0.11112 0.77851
-0.76828 -0.65624 3.29842
-0.49061 -0.17392 2.9054
-0.38885 -1.555 1.76372
-0.20191 -0.85084 1.51505
0.05195 -0.14643 1.69695
0.0773 -0.64227 0.694
0.19319 1.86172 0.64935
0.36273 0.37319 0.67583
-0.27487 0.32204 2.11829
0.59788 0.47458 2.06824
0.0321 -0.51337 1.43914
0.20422 0.56164 1.06677
2.80032 1.28599 0.4618
1.58507 2.13835 -1.36566
1.92207 0.06601 0.53075
1.25201 -1.71507 -0.56023
0.6096 -0.26109 1.55005
