2.25582 0.39677 1.00025
1.45504 2.34922 2.88168
0.62287 0.43676 1.93366
1.37495 0.52639 0.99155
1.21691 1.06068 0.45234
0.75984 0.09278 -1.4731
-0.34138 -0.99864 -0.65702
1.88584 0.31421 -0.28959
1.6368 0.93059 -1.47127
0.73055 0.99212 -3.67077
0.88288 2.14142 -2.06749
0.86619 1.26267 -1.14995
0.01249 1.59103 -1.97786
0.78312 1.17442 -1.13923
-0.83618 0.65776 -0.89015
-0.76501 -0.32957 -1.55902
2.00686 1.65506 -1.655
2.40471 -0.2463 -0.54778
0.78839 0.99019 -0.52446
-0.80118 0.47752 -1.89758
0.62373 0.85606 -2.14003
0.07716 -0.05752 -0.43939
-1.4181 1.82083 -1.17781
-1.97598 -0.13595 -0.59844
-2.50017 0.56169 0.62203
-0.50537 0.99165 1.89054
-0.46087 1.53907 2.78186
1.49986 1.50077 1.57751
1.70472 1.03008 1.77057
2.14448 1.4677 -0.99824
2.92034 1.13104 -1.8498
4.98874 1.97306 -2.12027
3.71848 1.21483 -1.89566
3.34452 0.37229 -2.68848
2.34838 -2.59644 -3.29987
0.38923 -0.60942 -3.20137
-0.01592 -0.51394 -2.9502
-0.17906 0.53169 -3.16357
-0.0458 0.85179 -3.08816
1.11714 0.3259 -1.39231
-0.14842 0.37633 -0.04202
-0.36583 -0.24089 -1.30785
-1.50847 -0.39396 0.81296
-0.31031 0.50659 -0.62973
-1.21225 -0.47939 -1.20161
0.21089 -0.4591 -1.31163
-0.57078 0.96044 -0.26017
-1.38682 -0.68623 -0.49238
-3.40901 -1.21661 0.36607
-2.81551 -0.12361 -1.45059
-2.00223 1.68656 0.12206
-0.33665 1.62802 -0.57962
-0.10955 2.22827 -0.24264
1.40629 0.80588 0.38493
-0.59461 -0.37122 0.35548
-2.67472 2.52151 1.32172
-2.17561 -0.34042 3.7206
-0.24758 -0.13408 3.57519
1.19158 0.90553 3.56332
1.1599 2.93762 4.81959
1.7229 2.54742 3.79836
2.56971 2.16378 1.65758
3.24635 2.11853 1.43775
4.78322 1.61564 2.13212
4.34441 1.86958 3.06651
0.43291 1.69633 2.43313
1.50828 2.74327 2.31009
2.31398 -0.24563 0.6075
0.34247 -0.66105 0.22066
-0.05154 -0.24661 1.63286
0.09387 -0.68882 1.04935
1.01318 0.49386 1.52351
1.8156 0.75233 1.03508
2.46728 -0.16271 0.4841
4.33849 0.11133 0.84877
2.22455 0.11111 1.20688
2.82741 -0.5904 1.99658
0.64703 -0.82876 2.02806
1.34859 -1.08436 2.78611
0.00376 0.77715 2.83553
0.71997 1.29988 3.27734
2.1543 1.24003 2.07158
-0.1173 1.70241 3.00346
0.41929 1.92522 1.72606
0.48473 2.71038 0.37674
1.79655 1.27934 0.39079
2.83889 -0.23821 -0.29126
2.2278 1.63604 -0.92607
3.22164 0.4571 -1.34574
1.66944 0.92119 0.75301
1.7552 1.49015 0.95992
0.86858 1.12373 0.90715
2.64659 2.79768 1.24323
2.09653 1.64312 1.08601
1.33987 0.49694 -0.01838
0.01655 -0.03459 1.30964
2.97801 -0.10174 0.9565
0.38693 1.20772 1.3303
-1.25677 0.74751 -0.15823
-0.55848 -0.04473 -1.25499
-0.76121 -1.18431 -1.64262
-0.38727 -0.85817 -0.9767
-0.32531 0.37015 -1.27981
-0.54408 -0.62052 -3.16744
-2.08818 -1.58239 -3.21654
-2.1847 -0.53439 -2.73177
-2.69299 -0.05552 -1.2559
-2.53643 1.26025 -1.83782
1.22439 -0.10158 -1.35177
0.46423 1.42981 -2.26491
-1.72717 1.32296 -1.57879
-2.51014 0.57942 -1.97221
-0.89459 -1.40493 -1.60443
-1.37083 1.80011 -0.61813
-1.69395 0.38196 -0.49269
-2.69683 1.88877 -0.41575
-0.01605 0.88469 -0.40039
0.83819 2.04375 -1.0046
1.57614 1.50584 -0.87184
1.47157 1.48349 -0.80249
0.60226 0.91968 -0.73184
1.70874 0.86538 -2.30155
2.12281 1.14293 -0.63046
1.94687 1.85594 -2.99661
1.58276 2.24144 -0.41544
2.32225 1.85395 -0.38161
0.02756 1.52847 -1.40794
0.8077 -0.50468 -1.89112
2.13431 0.68397 -1.89273
0.83952 0.25726 -1.20852
-0.42651 -0.06412 -2.74112
-0.25394 -1.37584 -3.33089
0.8393 0.56407 -3.85912
0.39813 2.04944 -1.21271
-1.48908 1.21054 -1.37277
-1.47368 2.58578 -1.74973
-0.55897 0.18528 0.15414
-0.27048 0.14482 0.96949
-1.16446 1.74048 0.52235
-2.08205 0.57594 0.65473
-1.58673 1.6165 0.09391
-1.19619 0.75552 1.91027
-0.58178 -0.22207 2.51381
-2.048 0.30367 3.62731
-0.22115 0.71929 4.39909
0.47856 1.63341 1.83904
0.29154 2.34253 0.41369
0.8942 3.25659 2.12438
1.53684 0.42178 0.96464
2.09051 0.91158 1.58691
2.4248 0.7786 1.04758
2.20991 0.15242 -1.18485
3.07744 1.03396 0.3018
2.35364 -1.32771 -0.68576
-0.38771 1.02064 -0.23603
0.44438 -0.3532 0.91649
0.04117 0.09994 2.0366
-1.69677 -0.14884 2.18324
-2.24048 -0.05527 2.99094
-2.85438 0.19044 2.09207
-0.47557 2.00414 1.59125
0.8479 2.14464 -0.31572
0.67805 2.22231 0.20451
0.99778 1.85496 0.86712
1.39219 2.19585 1.60903
0.23312 0.33222 2.86318
0.82945 1.44151 0.56651
-1.17171 0.50151 0.25635
-0.30365 -1.44094 -0.32398
-1.5647 -0.39362 0.545
-2.0244 -0.72273 -0.67102
-2.96771 0.61185 -0.80679
-1.07211 0.48834 0.18154
1.483 -0.00246 0.89313
0.01838 0.61045 1.69067
-0.5627 1.94705 0.71463
-0.18322 1.13638 1.59986
-0.94547 0.44353 1.04149
0.32311 1.68706 0.78025
0.91903 2.5307 0.22371
0.08255 0.62579 0.81434
1.66803 -0.7233 -0.59972
-0.48219 0.95015 0.84671
1.62386 -0.45831 0.05385
-0.95159 -1.58722 0.16857
0.25966 -1.76064 -1.36394
-0.86173 -1.23762 -0.52551
-0.14056 -0.15046 -1.39667
-0.00328 -0.67615 -0.52278
-0.8436 -2.49416 -0.37029
-1.91849 -1.12895 0.54881
-1.51299 -0.56294 -0.14761
0.15186 2.57938 1.33836
0.78582 0.20231 -0.04247
0.90998 0.29484 -1.91489
2.92054 -0.71246 -1.77545
2.31682 -0.35924 0.29519
1.20629 -0.51861 0.44848
0.71251 -0.20452 1.52623
0.01329 0.20579 2.14783
-0.40738 1.70926 1.83806
-0.50214 1.75227 2.83285
0.1216 1.49125 3.07045
0.44644 1.91806 2.64165
1.30691 2.78244 2.90337
2.94891 2.22401 1.70569
1.0403 2.31885 0.50625
0.36183 2.61972 1.38015
1.57582 1.70761 0.30324
0.435 0.69765 -0.84669
-0.16029 1.32894 1.78613
-0.40748 1.86591 0.263
-0.33271 -0.28349 0.1577
-0.17722 -1.25159 0.09874
-1.32934 -1.91924 0.86814
-1.65711 -0.29358 -0.37644
-0.94954 -0.22119 0.77018
-0.3943 0.84378 -1.50889
1.11505 -0.24658 -0.35195
1.55715 0.13539 -1.04973
1.46774 -1.47177 -0.35496
0.70381 -1.19708 0.26793
0.06415 1.91001 -0.8159
0.5078 1.49119 1.0283
0.39899 3.03319 1.96817
0.93991 -0.19381 3.35842
0.69289 2.48483 2.29115
0.36798 3.7719 1.14468
3.84659 2.56722 0.90267
3.45575 -0.78022 0.48693
1.94434 -1.18537 1.01322
0.69135 -0.34916 -1.06306
0.47125 -0.20395 -1.70773
1.84335 -0.33231 -1.89369
0.61456 1.70091 -3.12873
-0.34286 -0.00621 -2.39867
-1.4077 2.23276 -1.14684
-2.28396 1.2985 -0.86373
-2.14788 1.53577 -0.57858
-2.02827 1.67127 0.44943
-2.18934 0.49644 1.52397
0.21413 2.14862 1.22091
-0.33839 1.47273 2.96113
-0.54153 0.92021 2.13092
1.44031 2.18572 0.67552
2.36456 0.95807 -0.68929
2.21966 -0.02954 -0.94564
0.88025 0.80941 1.13426
0.38534 -0.5608 0.03155
1.53673 -0.14801 -0.50115
-1.10114 0.48527 -0.94525
0.68504 -1.84186 -0.6714
-1.29482 -1.27699 2.21535
-1.02249 -0.58831 2.09318
-1.67885 0.08916 1.79111
0.69924 0.51785 2.3284
-0.07297 -0.30616 0.67659
-1.1279 1.29566 -0.81931
1.38536 1.44313 -1.96278
1.86419 1.59465 -2.75669
3.13683 0.20979 -2.89798
1.48014 1.17488 -1.94978
0.86011 -1.40146 -0.43857
-1.6987 1.75074 0.40439
-0.42173 0.49762 -0.3375
-0.02313 0.34435 -0.42446
1.28835 0.17471 0.87746
-0.17829 1.26262 1.94469
-0.62578 0.00726 0.17135
-1.36925 2.1911 0.39816
-0.01639 0.64647 0.07894
1.03519 0.32682 -0.22159
-0.05554 -0.36838 -0.19714
0.03342 0.20278 -0.41877
-0.04204 2.36454 -1.32561
1.81533 1.44025 0.44407
0.78793 1.43029 0.25141
1.30136 1.28981 -0.56943
1.32938 -0.34044 -0.75807
1.99084 -0.39761 -1.73553
-0.03121 0.00205 -2.62581
-0.5758 2.00235 -2.59423
1.21786 2.41098 -2.48643
-0.45154 1.92792 -0.46163
-1.26048 2.76544 0.63367
-0.03909 1.37664 -1.05633
-0.37144 1.16237 -0.91319
1.76819 1.51687 -1.2873
0.64275 0.75946 -2.17307
-0.76154 0.02901 -2.30824
-0.84151 -0.13045 -1.3892
-1.63389 0.37821 -2.90578
-3.37906 -0.13405 -3.04375
-2.25042 1.53981 -4.03734
-0.38204 -0.84737 -3.60816
0.64738 1.07722 -1.45516
-0.31549 0.40594 -1.34435
-0.34307 0.31158 -0.03851
-1.59836 0.49591 -0.86347
-0.49033 -1.04897 0.23984
