0.60147 5.75658 -0.43863
0.37951 6.2774 0.90716
-0.04863 5.46804 1.5735
2.06101 3.54896 0.13791
1.61803 3.25138 0.2994
2.36014 4.72068 0.80503
2.0677 5.53885 1.67312
0.94417 4.82078 -0.25272
2.37995 5.83296 3.30788
-0.35236 5.69337 1.01364
1.2586 5.75062 0.76349
0.60183 7.85795 3.313
2.56844 6.19061 1.06631
0.7452 6.63761 1.37017
1.92321 5.7823 -0.68639
3.00015 5.09581 0.92094
-0.69239 2.56021 0.37928
0.53994 2.73038 0.45543
1.81974 4.48019 1.61453
1.02374 4.70667 0.70342
1.12024 3.60919 -1.28381
-2.26599 5.14675 0.08622
2.56431 4.8969 0.98821
-0.33682 5.02055 1.42737
1.19073 5.98555 0.16548
0.80334 6.60288 0.02516
0.99189 5.13349 -0.02807
0.98055 5.03706 -1.36401
2.35514 4.71098 1.12574
0.72097 3.10178 2.51328
-0.30188 3.33242 1.43588
3.12003 2.51143 1.80659
2.48378 2.92079 1.51448
2.92929 2.05162 0.99417
-0.79373 4.01827 2.72543
2.98249 4.47527 2.29027
1.75292 5.25877 0.04702
2.37514 3.82464 0.30596
0.75185 6.05884 1.21137
2.01162 4.88642 -0.13807
1.45819 6.0644 0.77176
0.60466 6.56257 1.32881
1.94722 5.71693 0.50402
1.07428 5.08326 0.84313
1.81092 7.34825 -0.55831
1.69826 8.85244 0.24092
1.63815 9.25818 0.99643
0.48433 8.54234 1.28117
2.38916 7.54283 0.86562
-0.79862 8.17112 0.98656
1.96986 6.6664 -0.31042
-0.52873 6.24704 -0.07546
1.124 6.70128 -1.65824
1.94126 6.97654 -0.32923
0.02155 6.70716 0.29287
0.89953 7.24588 -0.19912
1.8332 6.88824 1.17631
1.03077 7.56118 1.50782
0.38912 7.19648 -0.00226
0.96053 7.96534 -0.26281
-0.86503 6.77815 -1.43335
0.53937 6.97663 -0.85311
0.16319 7.33306 -0.18069
0.269 7.3973 -0.25693
-0.99784 6.73429 0.16774
2.2547 5.61707 1.2974
1.7927 6.19122 1.31798
0.92272 3.41805 0.2932
0.19989 3.63146 0.78684
1.06144 2.47244 -0.80039
4.16646 2.05381 -1.50612
-0.1039 2.09371 -2.21382
1.14451 1.22677 -0.08597
1.5723 3.59214 2.01731
-0.22957 1.73681 0.16851
0.39357 0.72805 -0.59024
0.24544 2.86861 0.07621
-0.08913 3.0781 -0.44684
0.06271 2.57505 0.21039
0.44755 1.58338 0.48133
-0.74772 2.24372 -1.6616
1.28003 0.74899 0.49979
-0.20301 2.10835 -0.62719
-1.83175 4.13068 0.98897
0.75409 4.30053 0.00126
1.48368 4.06688 -0.91521
-0.00613 4.83957 -1.24996
-0.21317 5.19915 -0.70056
1.54657 6.38105 0.02626
0.04701 6.65457 0.6991
0.94579 6.14245 0.13095
4.57367 7.39807 2.43473
2.64405 7.9918 2.21021
2.43429 7.37801 0.95391
-0.16094 8.94516 4.3654
2.40996 6.90601 3.36751
1.95722 7.81864 1.63891
1.00062 6.80479 0.5286
0.04614 7.50824 0.86576
0.46224 7.47736 1.62728
1.56502 7.44893 1.22348
0.83546 8.60058 -0.65468
2.35388 8.80131 -0.06825
1.20011 8.92629 2.06943
1.65356 9.06314 1.37155
1.22484 8.68403 1.11707
0.66722 8.32385 -0.37817
1.70886 7.74493 1.69689
0.85655 7.61561 0.87939
0.43173 5.583 -0.85612
-0.64809 7.01044 1.01712
0.11227 6.78622 1.95012
1.32575 7.76527 -0.60734
1.30496 5.73063 -1.36107
0.77845 6.31984 -0.15146
2.91352 3.94882 0.01574
0.21702 3.99992 1.51825
1.31755 3.19743 -0.49004
3.69559 5.06332 2.10066
-0.9732 4.71149 0.81204
-0.17455 4.10989 -1.08771
1.19789 4.88428 -0.09819
-1.09552 4.24706 1.82218
1.77565 5.05034 0.51839
1.96473 3.84974 3.06386
2.49475 2.79848 0.95104
1.44712 2.99312 1.82306
3.30436 2.66175 -0.14716
1.558 2.5761 1.05834
0.68477 1.39223 -0.46172
0.39115 3.9932 0.47154
0.81505 5.76781 0.11027
0.51783 5.49836 0.51859
0.72605 6.56105 1.69679
0.95026 4.99798 0.53365
1.49352 4.87042 -0.3815
1.42488 5.03461 -0.38612
4.198 4.7048 0.73836
1.0655 6.22569 -1.5336
3.50716 6.4899 -1.56268
0.83072 8.44921 1.44744
3.15584 6.58273 1.39025
4.39878 8.68041 2.66354
0.82192 8.31923 0.94281
-0.24039 8.36795 1.58671
1.95549 9.1138 1.53888
1.93853 6.52359 1.34415
1.70517 6.88917 1.48131
-1.05244 8.53026 1.15945
0.60275 7.53921 1.36673
1.23155 6.49364 0.92029
2.43344 7.72029 -1.60324
-0.92746 8.17978 0.11088
1.37295 6.2436 -1.07634
-0.97694 6.21305 1.85979
0.76698 4.42139 0.68455
0.69345 3.72587 1.64758
2.117 2.90201 1.38441
0.96235 1.38818 0.05651
2.48216 3.62243 1.23123
2.28725 4.21183 2.00881
1.11444 4.66841 0.63723
-0.45781 5.30281 1.06553
0.69847 5.96356 0.05527
1.46733 6.28003 0.43119
2.52204 5.21275 -1.26809
2.97161 5.16364 2.55171
2.15146 2.75171 1.13555
2.61145 4.07684 1.80784
1.48468 4.15301 1.24263
2.20693 5.80141 1.69516
2.15681 5.54506 2.12964
2.06527 4.98945 1.09487
2.26287 3.1707 0.53132
1.76927 3.61038 1.49061
0.74348 2.7956 0.30903
1.78289 4.90294 2.21853
2.9457 4.12172 0.0789
1.321 3.35615 0.13924
0.79949 3.79317 -1.96283
2.46514 3.38774 1.78563
0.36053 3.44089 0.42224
1.84031 2.97597 0.78403
2.77383 4.27052 1.36115
2.15252 5.2148 -0.98677
2.19649 4.60115 0.91468
0.62327 5.53523 -0.58581
2.30663 6.70767 -0.05778
3.08391 6.64053 2.1011
1.7181 5.99817 -0.75782
2.52353 7.62468 0.264
0.25883 7.50575 1.37139
1.20166 5.62196 1.14332
0.47151 6.96754 -0.52291
1.79424 7.55907 -1.74221
0.33545 4.85145 0.47262
2.0776 5.48233 1.79617
2.86787 6.49286 3.02375
1.47729 7.17668 2.31579
1.18696 8.38152 2.63232
3.34426 8.35731 1.66665
-0.88118 7.94757 -0.02933
-0.25344 7.32025 0.8512
0.19152 7.43517 1.72774
1.02293 6.4493 -0.73231
1.40045 5.36947 -0.6821
1.13698 4.99893 -0.91559
-0.65007 5.88318 -0.50897
0.8883 5.5873 0.6989
0.77909 7.97292 1.35378
0.74023 9.38449 1.25688
1.9365 10.31906 -0.96483
1.70815 10.29566 -0.62898
1.64717 8.67959 0.2598
1.27723 7.77042 1.09017
-0.63453 5.50881 -0.06501
0.91312 5.24225 0.09192
-0.08173 4.35952 2.55317
-0.54044 3.57143 0.78582
0.17737 3.80128 0.49576
1.13939 2.9342 -0.71514
1.3394 5.15449 0.26032
2.43725 3.75241 0.90001
-0.97356 4.98409 -2.79438
1.96863 2.28666 -1.31259
0.31154 3.59172 0.03555
2.56709 4.55201 0.2417
1.64433 4.3779 2.19058
3.86721 3.35494 1.66267
1.70764 4.88489 1.90052
2.24994 4.98011 1.20462
2.9057 6.47486 1.60493
2.43277 5.2997 0.05917
1.05556 5.77879 0.48004
2.09612 5.22244 0.71109
3.01591 3.99969 -0.22643
3.15522 2.66512 0.84875
1.62895 2.73337 0.77464
1.81881 3.9439 1.13511
1.32373 4.26537 0.83156
2.43777 5.96275 2.17004
-1.34003 4.35404 2.45422
1.84636 5.95284 2.07993
1.79075 5.73235 1.28426
1.49353 4.82915 -1.012
0.12716 4.15976 -0.96544
1.74416 4.93669 -0.02832
2.50967 5.22981 0.69281
2.78234 4.07217 -0.44627
0.68444 3.9726 2.04067
1.40958 2.7152 2.50706
1.04073 3.14136 1.84954
2.61855 4.71395 -0.75446
1.65183 5.20644 0.82771
1.61601 4.06023 1.87842
2.86888 3.31717 2.24273
1.90067 4.60192 -0.1846
2.9531 4.9689 1.7032
1.59179 5.62971 1.72403
2.36195 4.293 -1.14316
0.8843 5.46838 1.82695
1.71662 6.51893 1.22788
2.9267 5.7608 1.81416
1.32811 3.50868 0.48453
1.9457 4.57685 0.84009
0.53029 4.22469 3.13538
2.37144 4.52185 0.80528
3.96646 5.04675 -0.28199
2.15705 4.26326 -0.23926
3.6529 4.15725 0.90692
3.12823 5.26014 0.13247
0.15325 5.36622 1.62779
0.21489 8.12769 2.45577
1.8801 8.22296 2.68563
2.65941 8.55432 1.87429
1.93646 5.88911 1.79648
0.53783 5.74894 0.1609
-0.19504 5.68811 3.02919
1.79948 4.30153 0.65207
0.73757 3.97562 -0.6648
1.08649 2.52205 1.92
2.27961 4.23131 0.27057
3.73429 4.69654 -0.23638
1.44396 3.18805 -1.65491
3.02209 5.11242 1.37639
0.96386 6.57475 3.17411
-0.63541 5.46635 1.02256
0.10919 7.85697 1.52607
2.56329 7.69031 -1.02674
2.61572 5.46791 -1.33275
3.37428 5.33462 0.13777
0.82116 4.94355 0.41154
0.56011 5.40235 1.47586
-1.20193 7.89503 2.00256
3.6565 7.13765 0.13525
2.19965 7.63343 -0.78602
2.32771 6.09952 1.58615
1.19892 7.07649 3.42085
0.65194 7.26925 3.27959
-0.57525 6.36205 1.88249
