0.60201 0.18893 3.31842
0.07602 2.11985 1.92305
0.31636 3.93539 1.86995
-0.33221 2.89048 2.22146
0.48772 2.24969 2.8759
-0.31778 0.71359 0.902
0.00857 1.2742 -0.90574
0.4888 2.2889 -0.4756
0.55649 3.30771 -0.51696
1.55491 1.50145 -0.52133
3.64684 0.48654 -1.06205
1.83397 0.85445 -1.70604
1.97107 2.71771 -1.52141
2.30474 0.84505 -1.49633
0.51433 1.69594 0.36044
0.58908 2.90329 1.02226
1.02246 1.85727 1.31865
1.65183 2.09797 1.27914
1.31365 1.08973 2.29946
2.83739 0.79087 0.81427
3.43442 -0.66129 -0.12743
2.24056 0.70787 1.08313
1.78051 4.90106 1.85852
2.95801 4.97457 2.71937
2.99351 2.93029 1.40113
2.63956 1.45797 2.18413
1.67445 2.79215 1.99071
-0.10647 4.56039 2.48587
0.84777 2.49465 2.24748
0.97552 0.94622 1.88332
0.33945 2.93033 2.10513
0.78518 2.09198 2.36918
0.26581 1.58038 3.23718
-0.50203 0.07934 2.80107
-0.55217 -0.30173 3.70801
-1.18236 1.49577 1.63173
-1.06601 0.63157 3.00605
-2.32597 -0.2269 3.29789
-1.4863 2.7296 3.46056
-0.69644 2.59358 1.3763
1.25075 0.74289 2.10303
1.34202 3.00621 1.18617
2.31533 1.9844 0.53032
2.95778 2.63468 0.5543
1.971 1.27919 0.35906
1.14413 2.18541 -0.34179
0.63528 3.88132 0.12066
1.37369 0.58953 -0.09011
-0.86389 1.78017 1.63596
-0.21775 1.12052 0.41919
-0.78159 -0.57005 0.869
-0.08041 1.00529 0.50739
-0.28254 -0.11158 0.66622
1.63837 -1.22851 2.35186
1.02517 0.00415 0.91469
0.32804 0.91466 -0.21823
-0.08858 2.1956 -1.01418
0.73819 -1.18797 -1.47943
0.91868 -1.53991 0.17568
0.45743 -0.2372 1.02369
-0.4252 -0.38637 0.95419
0.52966 0.85159 0.21285
-0.62237 -0.18963 2.00574
0.77442 -0.04903 1.00385
-0.41475 0.25427 -1.18512
-1.25719 2.55349 0.18887
-1.51978 1.21841 -0.40329
-1.20766 1.36325 0.3284
-2.07359 1.46823 -0.85762
-2.90356 0.57193 -2.33311
-3.42801 1.99746 -2.62532
-4.48777 1.55565 -1.80019
-5.37221 0.59102 -4.90033
-4.25982 1.84573 -1.87352
-3.42759 4.14362 -1.11966
-2.29905 2.65552 -3.10268
-1.09024 2.93695 -2.69866
-0.30838 1.96002 -3.35251
1.30756 -0.40159 -3.17221
1.8172 1.30286 -4.75801
2.06229 1.0882 -2.34795
1.54778 2.85584 -1.76717
1.1048 2.04431 -2.24109
0.79484 1.85602 -0.56375
0.51783 0.86539 -0.08395
1.78113 0.47179 0.2253
1.2997 2.17356 -0.60219
0.88842 3.06505 0.39769
1.66236 2.48156 0.28012
1.71407 1.36392 1.52907
3.91292 -1.56999 1.75783
4.27891 0.38857 1.52214
3.01365 0.80885 0.14105
0.75462 4.49894 2.11302
2.31664 4.722 2.56004
1.81026 2.16017 3.79055
1.95484 2.82175 3.56557
-0.21579 3.87953 4.37363
0.17674 2.09415 4.93494
0.24172 2.15842 5.04692
-0.01201 1.62805 5.70996
-0.59027 2.80233 4.91509
0.07767 2.52518 3.2757
0.26521 4.32222 1.43304
0.66546 3.30306 1.09794
2.56484 2.14521 1.92045
0.31422 1.24242 2.24998
0.72625 1.56937 1.05515
-0.00684 0.79839 -1.08744
-0.29067 0.72191 -2.29411
-0.76042 0.78545 -0.46828
-3.08985 -0.18607 -0.60098
-2.6816 -0.20326 1.06253
-2.3181 2.60796 -0.60463
-3.02076 1.78731 0.46573
-1.62219 0.56264 -1.24103
-1.57132 0.85635 -2.98185
0.3434 1.75092 -2.49813
0.2705 1.55424 -2.54014
-0.64252 0.79679 -0.34839
0.36672 1.66565 -0.31219
-0.37535 2.98125 -0.60618
0.89314 2.39227 -1.52567
1.76306 0.38006 -1.79163
2.05008 -0.20735 -2.66531
1.41981 -1.2184 -2.90496
0.29908 0.89861 -1.68647
-0.10115 3.41211 -0.95536
-0.79999 2.04607 -1.1996
-1.3208 2.44647 0.04989
-1.60103 1.5712 0.91526
-2.18385 0.26687 0.27093
-1.33932 0.42899 -0.61195
-1.18551 0.06236 -0.78629
-1.59972 2.1682 -0.8849
-2.12697 0.7779 0.29621
-2.55641 0.4847 0.18042
-2.59795 0.2774 -0.65235
-3.15312 0.71877 -1.3098
-4.57387 -1.12337 -1.61312
-4.1826 -1.2047 -2.2878
-3.74728 -0.11471 -2.52727
-4.19888 1.07195 -3.6389
-3.04925 3.33895 -4.25271
-3.61832 2.20716 -5.24522
-4.32312 3.43378 -5.16717
-2.64 4.17098 -5.34753
-2.52574 5.33145 -6.10492
-2.60061 2.93316 -4.56018
-2.16062 0.55924 -3.09396
-0.694 2.34004 -4.78023
-0.59503 3.3123 -2.35289
-0.27754 3.49122 -2.35893
1.13924 2.8801 -1.27816
-0.77305 1.55528 0.7506
0.405 2.92508 1.70577
0.56941 3.41836 1.38636
0.07624 4.82352 0.66671
0.72605 2.48447 1.39061
0.03982 1.5658 1.48165
-1.20479 2.67653 1.60032
-1.25557 1.0742 1.19103
-1.75478 1.36371 0.3292
-1.2993 2.00784 -2.48437
-3.22142 2.46375 -2.43424
-3.21031 0.97802 -1.52435
-2.64764 2.24983 -1.42033
-3.40027 2.50534 -0.34462
-4.51912 2.29486 -0.9404
-5.06748 2.39046 -2.33581
-4.21467 3.12987 -1.73752
-5.60647 3.54101 -3.62785
-4.90794 3.52694 -4.09681
-5.31354 2.03752 -3.85316
-3.80568 1.59107 -3.5375
-2.29279 3.3718 -4.36027
-3.6 4.8462 -4.91272
-3.43757 2.28343 -2.53068
-2.61926 3.80537 -3.23851
-1.59563 2.3635 -2.49735
-1.47162 4.08017 -2.48956
-0.94613 3.48165 -2.42611
0.66434 3.9329 -3.92512
1.10605 2.68532 -2.09256
0.13183 2.07294 -1.77942
-0.45386 1.57742 -2.62917
-1.05285 2.44109 -3.13657
-0.21094 1.62449 -2.93213
-0.29519 0.9071 -2.95493
-0.54904 3.10324 -5.91621
0.1157 2.5562 -3.55438
1.06571 2.62829 -2.38304
1.09925 3.57404 -1.22215
0.41593 4.0648 1.84712
0.299 3.85974 1.5449
-0.89357 0.91396 1.97501
-2.0797 1.25392 1.63363
-1.52614 1.68624 2.14994
0.63397 1.6503 -0.19712
0.55647 1.98395 -1.29913
0.58263 2.32286 -1.42859
0.89502 0.50324 -1.10199
1.80135 1.28695 1.32162
1.78821 -0.35159 1.01458
2.34709 -0.35253 1.46649
1.16866 -0.66366 2.02495
3.87455 0.46899 0.32729
2.99976 0.28111 2.04779
1.25039 3.96255 1.63077
0.72089 4.44447 1.65334
0.52095 0.6594 3.31572
1.16142 1.62043 5.5603
-0.69004 1.48314 6.51664
-0.9336 0.81559 5.99719
0.74069 1.92194 3.73393
1.3781 3.37178 3.67683
1.92212 1.40796 1.81981
-1.05598 2.26476 1.09621
2.19215 4.15727 1.60008
1.26686 5.06617 3.24157
0.98143 4.49767 2.04649
1.25656 1.99805 1.43259
0.81938 1.88159 1.99462
0.8364 2.66757 0.51633
0.42677 1.12634 -1.35716
-0.64752 0.44046 -0.6623
0.79853 1.31701 1.52064
2.22423 0.20305 1.27181
2.74837 -0.2406 2.16866
0.78579 -0.38232 1.45808
-0.33048 2.82889 2.10595
1.27083 0.74151 4.19286
0.72319 -0.99437 2.53318
-1.50367 1.41158 3.02888
-2.74318 3.15833 2.22103
-4.36247 2.52947 1.59288
-4.51991 3.73635 1.67671
-5.23565 4.52358 0.79286
-6.96749 4.79907 0.79971
-5.33863 0.64844 -1.64323
-2.84705 3.09995 -2.50545
-3.17467 4.13803 -2.55549
-2.23045 1.90013 -3.12523
-2.80312 0.89204 -3.24796
-2.22554 1.18842 -1.78704
-0.58813 3.8856 -1.80997
-0.50936 3.06205 -3.68915
0.83552 2.20221 -2.34178
0.6973 2.4683 -3.51156
-0.31587 4.53732 -2.41184
-0.81227 3.53691 -2.24777
-0.17343 3.01397 -1.67052
-0.42467 2.13986 -1.0401
-0.77997 3.03107 0.72285
-0.13759 2.35189 0.96616
-0.31417 -0.41457 1.12068
-0.92772 0.30447 1.37082
-0.62044 1.08802 0.50206
-1.92821 2.06021 -0.04402
-2.11972 -0.14471 0.82619
-1.88706 -0.9435 2.37231
-1.32782 1.90848 1.39388
-1.73255 0.16716 0.1601
-0.79064 0.75558 0.1259
-1.36934 0.58419 -1.10013
-0.43808 0.9378 -0.16869
-2.46375 0.40523 -0.26555
-2.42871 -0.19473 -0.13175
-2.7465 1.56438 -1.00715
-2.18704 0.73509 -1.2864
-1.49496 2.35649 -4.6115
-1.29765 1.42542 -4.98088
-1.40704 0.37134 -4.71275
-2.049 0.28922 -5.16938
-1.37938 0.56468 -3.1937
-2.30309 4.94602 -4.45805
-1.27935 3.18946 -5.03393
0.14991 3.73388 -3.75006
0.63128 3.40523 -3.18551
-0.1156 2.80339 -1.7718
0.60368 2.53502 -0.74282
1.72055 4.05201 0.56822
1.69433 2.21806 0.12449
2.78323 0.39816 -3.24321
2.33821 0.5615 -2.216
1.98173 2.98129 -0.6017
1.8003 0.9419 -0.41561
1.59826 3.38397 -0.23004
1.23937 1.12737 1.54146
1.60115 3.01163 -0.0275
2.63997 2.13096 0.81538
2.00108 1.22639 -1.32753
0.76671 2.71156 -1.20964
0.89377 1.61588 -0.23569
0.61182 1.48166 -3.60196
0.87493 1.78198 -0.82439
0.05 -0.86332 0.07388
-0.48075 0.32537 1.13754
-1.00656 1.06396 -1.82047
-0.34733 -0.78012 -2.31656
