0.54401 0.2096 -0.23122
0.48886 -0.08228 0.58444
0.4417 0.3479 0.10324
-2.67701 -0.93619 -0.08808
-0.34893 0.24354 -0.61123
-0.2276 0.3543 0.17965
0.72024 -0.16615 -2.27718
-0.74233 -1.90776 -1.53874
0.19831 -2.21498 0.27548
-0.19161 -0.64147 1.69278
0.52513 -1.74744 0.4556
-1.56214 -1.6565 -0.06177
-0.96649 -0.53419 -0.14401
-0.32762 0.37642 0.75469
-2.5883 0.82189 -0.4662
0.58933 1.07203 -0.95268
0.49101 -0.34629 -0.2046
1.51342 -0.43457 2.43808
0.73614 -0.30713 0.07717
-1.24502 0.60375 3.02241
2.41597 0.68464 -0.18225
-0.4038 1.70702 0.56405
-1.02434 2.80333 -0.51256
-1.24385 0.15933 -0.0407
1.53027 0.90374 -1.28494
-0.90034 0.11124 -0.7262
0.1703 1.74828 -0.70798
1.36703 1.18177 0.92585
0.97239 0.07012 -0.59405
0.70211 -0.75431 -0.80716
1.40604 -2.54065 -1.56052
2.3037 -1.51921 -0.1377
-0.89078 -1.49574 -0.10554
-0.99339 -0.217 0.89078
-1.31186 -2.1748 -1.12696
0.17891 -1.45253 0.17184
0.0935 -1.10243 -0.11999
-1.54888 -1.14964 -2.27275
-1.04672 -0.85986 0.06406
0.25161 1.39004 -0.6827
0.91624 1.02169 1.0377
-0.23115 -0.70629 0.00354
-1.54452 -1.68073 0.26737
-1.26541 -0.22262 0.05916
-0.47088 1.38694 -0.15913
0.2076 1.6717 0.65315
-0.58787 1.16684 -0.04909
1.49172 0.58428 -0.78115
0.36883 -0.87186 -0.23543
-0.34727 -1.20208 1.16522
-0.21304 -0.58877 -0.41801
0.75208 -0.49625 -0.10589
1.65518 -0.15101 1.89844
-0.06599 -0.49758 0.81947
-0.88363 1.59428 0.79062
0.83985 1.08424 -0.83733
0.93258 1.01862 0.52242
1.87762 0.12584 0.21574
0.80909 1.08121 0.24103
0.56997 0.34444 -0.02035
-0.28204 -1.26499 1.18699
0.31548 -1.992 1.5027
-0.41235 0.68132 1.36232
-0.14904 0.33984 1.03303
0.80076 1.60885 0.48252
-0.25855 1.48621 0.64411
0.03269 3.82583 2.246
-0.43135 1.42625 0.81425
0.73552 2.19225 -0.49465
1.04005 0.13976 -1.1701
0.08316 -1.45997 -1.34365
-0.34772 -0.23176 -1.70984
0.75905 0.53135 1.36723
0.39238 1.22762 -1.78727
0.08106 -0.14697 -0.26729
-2.15126 -1.10408 0.04181
0.50945 0.59965 -0.48416
0.95908 -0.51448 -0.63657
-0.5273 -3.11677 0.96763
0.61326 -0.86235 -0.24518
-0.69121 -1.27452 0.09966
0.55494 -1.36267 0.61438
-0.72706 -2.48733 0.28151
-0.19305 -1.52855 -0.68001
-0.00998 1.86084 -0.56977
-0.49219 1.24909 0.94909
0.66952 1.24875 0.95639
-0.34789 0.02652 0.11164
0.1852 0.96756 -1.46971
1.68751 0.06578 1.20794
0.43652 0.57519 1.88267
1.58644 0.55579 1.52681
1.34695 1.24863 -1.85441
0.95841 1.25372 2.33701
-0.65524 -0.30461 0.56311
0.89787 -0.21219 -1.49277
0.87816 -0.96469 1.12132
0.14513 0.85914 0.28768
1.36002 2.01364 1.8863
0.18762 0.74442 -1.03626
-0.69936 -0.23363 -0.22168
1.18401 -1.78156 -0.12996
0.18289 -0.38664 0.61334
1.13763 -1.9608 -1.62858
-0.99553 -1.16344 -0.67038
0.49163 -0.27009 0.0049
-0.37681 0.90523 -0.46362
-0.57759 0.05721 0.16304
-0.01929 0.56318 0.49181
0.90683 -0.33074 0.60379
-0.62775 -2.17042 0.27333
1.11454 -1.95206 -1.49025
0.0045 -0.4835 0.52698
0.68883 -0.57854 0.1973
-1.18105 0.14456 1.70623
-0.97167 -2.29816 -0.41806
-1.07699 0.70278 -0.14496
-2.68425 -0.39906 0.40225
0.30668 1.44988 0.49493
1.86395 -0.11368 0.55513
0.23755 -0.37591 -1.21307
-1.50609 -0.21237 -0.05549
-0.50503 1.48632 -0.5057
0.60088 1.01 -1.6307
0.59052 -0.5744 -0.46274
0.00134 -0.90509 -1.54812
-1.72798 -0.39997 0.60439
1.29714 0.50666 0.41653
-0.81552 -0.12908 0.84482
1.78005 -0.9235 1.3167
1.11208 -0.45068 1.80238
-1.46915 -0.7441 -0.00256
-0.69431 0.31251 0.54114
0.70866 1.74244 0.47951
1.25595 2.34178 0.3343
-1.86936 2.19146 0.16147
-0.03668 0.4048 0.73486
-0.76487 0.05879 -0.47628
1.56457 -1.15954 1.11106
0.88345 -2.22378 -1.24642
-0.10709 -0.64029 1.57617
-0.3864 0.31697 0.6961
0.51847 1.17156 0.30499
-1.18834 -1.74634 0.63974
-0.21159 -0.58271 0.15743
-0.6222 -0.96434 -0.40429
1.45174 -0.15474 0.14387
-0.38449 -0.6328 -0.70087
0.58716 -1.93828 -0.55092
0.95594 -0.9227 0.67958
-1.12506 0.39917 0.92264
-0.79796 0.94278 1.65747
-1.54899 -0.1949 1.35486
-0.33879 -0.68154 -2.08616
0.0608 0.48523 -1.41231
-0.7757 -0.17876 0.03747
1.0892 0.28463 2.00318
-0.71724 -0.64905 1.7204
1.59179 -0.37335 0.28975
-0.97621 -1.4775 0.11417
0.26437 0.44889 0.12703
0.53968 0.80363 0.06929
-0.05368 1.23841 0.97633
0.61281 0.08488 3.03841
0.31367 -0.81402 -2.72065
0.05261 -0.89297 -0.11897
0.00538 -0.7766 -0.44901
1.32 1.27638 -1.29278
0.05003 -2.33387 -0.6021
0.68431 -0.58987 -0.19699
1.48555 -0.05995 -0.39285
-0.39445 0.63623 0.379
0.00223 -0.5716 -1.73893
-0.92329 2.0274 -1.13159
0.35707 1.41577 -0.37884
-0.63793 0.19448 0.37551
0.0788 1.19308 0.14411
-0.09879 1.32576 0.3739
0.39953 -0.0755 -1.09386
1.04791 0.69329 -0.54447
1.22066 1.28118 0.9808
1.49997 2.32243 0.53552
-1.20567 -0.29509 -0.56022
2.13335 0.11743 0.74008
0.10953 -0.97158 -0.76387
-0.10439 -0.58719 0.3308
0.08829 -0.17665 -0.39255
-0.70327 -2.52577 -0.12652
-0.22456 0.03005 -0.3202
0.80525 -0.20282 -0.59756
1.20529 -0.00889 -0.90663
-1.71836 0.69375 0.11118
-0.25549 0.32805 0.99034
-0.03059 0.45732 0.5817
-0.93709 -0.90513 -0.14251
-0.60142 -2.10608 -0.68742
0.61479 0.0643 -0.38948
0.41945 -0.0411 0.60144
1.53346 1.07472 0.48013
-0.22606 3.19632 0.79128
-0.24667 -0.08158 -0.17564
-1.27739 -1.06927 -0.90928
-0.01583 -0.60361 0.78222
0.46048 0.67886 -1.48878
-1.25885 -0.3763 -0.45947
-1.76772 -0.43463 1.24664
-0.0388 -0.84612 -0.36804
-0.72589 -0.55075 0.87468
1.2069 0.72766 -0.92188
1.10115 1.29843 0.73282
-0.77999 1.00172 1.42896
0.24626 0.29186 -0.29661
0.72056 -1.01682 -0.73636
1.66997 0.13983 -1.08094
-0.35087 0.93684 2.27665
1.74092 -0.00491 0.42648
0.07212 -0.1636 -0.86816
-0.53912 -1.43407 -0.79136
0.04889 0.21207 -2.31962
-1.75808 0.04374 0.75189
-0.05775 -2.35769 0.7814
-0.73848 -0.83171 -0.8686
-0.26109 -0.01692 0.1979
0.8665 1.25485 -1.60314
-1.20812 -0.99563 -1.44951
0.24205 -0.03737 -1.18303
-0.72936 -1.4122 0.39799
-0.42525 -0.86504 0.65093
0.55559 -0.56718 0.26419
-0.34531 1.25815 1.75347
1.01917 -0.50586 -1.34414
-1.95586 -1.21258 -0.90261
-0.82564 -0.75177 2.43201
0.83892 0.62201 -0.67985
-1.34078 0.84811 -1.09479
0.45184 0.32558 1.27386
0.18773 -0.42426 -1.83853
-0.36363 1.18035 0.32241
-0.11859 1.35865 1.03713
1.22437 1.852 0.59924
-0.11997 1.41498 0.24984
0.79991 -1.28064 0.25882
0.41169 -0.4636 0.30568
2.14156 -1.39722 -0.11631
0.04149 -1.44858 -0.39592
-1.35629 -0.21688 -1.93467
-0.29781 -0.14001 0.04758
0.54515 1.68873 -0.27624
-0.1046 -1.19822 0.04233
0.5195 -1.0659 1.4873
-0.9787 -0.96891 0.01467
-0.7893 -2.03032 0.75946
1.17585 0.44996 -1.14673
-0.22094 1.16659 2.10499
1.34314 0.59816 1.52422
-0.00647 0.15641 -0.64706
-1.62541 -1.81835 0.99952
-1.27081 2.35653 1.70458
0.39791 1.05249 0.50114
1.11353 0.21859 -0.60313
-0.95771 0.54393 0.598
1.20095 -0.12676 1.17147
1.9531 1.51856 -2.06272
-1.46789 -1.31649 0.27313
-0.15134 0.23768 0.50582
-0.48573 0.16965 -0.6365
-0.12941 -1.14443 -0.58782
-0.14838 -0.0292 -0.67206
-0.19336 0.62066 -0.11325
0.05152 -0.91331 1.35014
-1.93383 0.60897 0.7253
0.43973 0.83898 0.28293
0.46445 0.22701 -0.65234
-0.91261 1.3962 1.50991
0.12331 0.10117 0.16618
1.10319 -0.19103 0.60393
-0.47757 -1.92383 -1.64826
0.13026 -1.40782 -0.30414
0.57466 0.24523 -0.08109
-0.98389 -0.83165 -0.88623
-0.17393 0.30682 -0.04383
0.09115 2.20451 -1.49385
0.89809 0.70953 1.34842
0.31833 0.44527 -0.04649
-2.616 -1.51111 0.62085
0.85353 -1.80019 0.90343
0.11353 0.17343 -2.53314
0.50939 2.2198 1.86488
-1.00347 0.90735 1.53447
-0.69024 1.25927 0.02548
0.23981 -0.18956 0.20567
1.00777 0.74027 1.29702
-0.51606 -0.0113 0.17908
-0.4841 1.01468 -0.66209
1.04616 0.60279 -1.73761
0.75556 -0.90921 -1.24343
1.96547 0.11481 0.2219
0.00605 -1.9261 -0.45345
1.46683 -2.68909 0.51937
-0.598 -1.75942 -1.56275
