-0.21968 0.97421 2.64305
0.01621 1.87684 3.08135
-0.00527 2.41492 1.39628
0.53145 1.05399 0.9476
1.90622 -1.43956 2.75455
1.262 -2.31283 4.77373
2.3074 -1.72044 5.54326
-0.64717 -0.74888 5.37673
0.1385 -0.11278 6.09234
0.39779 0.86962 3.94931
1.23554 1.45897 1.59143
0.7767 -0.45151 1.8435
0.19198 -1.33605 0.70915
-0.58948 -0.90376 1.52983
-1.20712 -1.33947 0.36453
-0.42577 -1.19403 0.45782
0.10095 -0.00561 -0.03594
0.91493 0.30362 0.59614
2.19669 1.89884 0.98879
0.3135 3.15078 2.42436
1.7539 3.53941 3.88973
1.17216 2.69469 5.84151
1.25431 2.62051 7.44229
1.09877 1.25756 6.18674
-0.75165 -1.32766 7.24638
-1.17351 -0.97974 6.34864
-1.14483 0.00579 4.88481
-0.86592 -0.22288 5.64588
0.11213 -0.50454 1.68627
-0.66505 0.05846 1.66243
-2.81081 1.48949 1.75772
-2.30131 1.98988 1.63185
-1.89491 3.36656 2.497
-0.56719 2.38708 3.36183
1.1538 2.64779 2.47823
1.85151 3.07832 2.55881
1.47843 3.41046 4.95093
2.46807 3.86833 6.50302
2.33172 2.38063 6.88058
3.76251 1.46907 7.62522
1.87881 2.46774 8.73567
3.11714 1.45173 7.36114
2.89508 -0.97515 7.44043
2.69591 -0.76147 8.81057
2.5776 -1.6774 8.4238
0.81304 -1.08542 5.79446
1.12511 -2.18827 6.02393
0.96088 -3.22161 5.26987
0.41016 -2.68954 3.13246
-0.58506 -1.89756 4.66267
1.90354 -2.73254 7.16864
-0.27786 -3.02852 5.70606
-1.26041 -2.39937 5.54472
-1.52677 -0.6575 7.01028
-1.67219 -0.95049 6.23598
-2.50995 -1.68897 5.75939
-2.11205 -1.82349 5.17711
-1.63686 -3.00668 5.08874
-0.64116 -1.92542 4.77025
-1.741 -3.79663 2.95285
-0.97993 -2.46959 4.13782
-2.44196 -1.61213 4.63404
-3.66829 -2.68252 5.81659
-3.61698 -0.67396 4.7973
-2.39737 -0.41406 5.80803
-0.42783 -0.11588 5.61332
-0.57589 -0.9896 3.98657
-0.64159 -2.07834 1.40886
-2.93919 -2.06729 1.14329
-1.15669 -2.33686 0.84678
-2.32416 -1.86723 1.14976
-2.05458 -1.937 1.99838
-1.50565 -2.23534 2.72647
-1.78575 -0.86371 3.14161
-0.20797 0.6417 4.24939
-1.70857 0.31992 5.37954
-2.32526 -0.16413 4.95789
-0.99036 0.6292 4.70484
0.33418 -0.23591 5.48965
0.36273 -0.46256 4.74615
0.62261 0.34632 3.13936
-0.33826 -0.39723 3.65524
0.35697 2.1456 3.69825
-0.2728 3.13459 3.4799
-0.64255 3.89996 3.62427
0.00879 2.66108 3.66906
0.84434 2.58654 3.13079
1.86374 2.27524 5.3219
0.91457 2.03917 6.53124
0.70039 1.57362 5.60347
0.22983 1.71899 5.64589
0.22009 1.61156 3.19517
-0.45779 0.92402 5.12104
-1.72076 2.06769 5.51404
-1.02103 -0.01801 3.86346
1.43937 -0.52213 2.63401
0.28038 -0.75496 3.91598
0.91595 -0.55197 1.49829
-0.20882 1.2584 0.75599
0.91205 0.30516 0.95873
3.22633 0.53044 -1.06823
1.23503 0.62166 0.45722
0.17749 0.6362 1.88575
0.48055 0.80018 0.58313
-0.32375 -0.7157 0.64767
-1.35258 -0.83957 0.69506
-0.92703 -0.88159 0.24323
-0.46059 -1.98769 0.8221
1.72434 -2.47365 1.6546
0.99553 -0.77796 1.22284
-0.45533 0.63533 1.88757
-0.95877 0.95268 3.64933
0.13734 0.26494 2.30451
0.83072 0.81885 1.06977
1.84045 0.10589 1.31739
2.51401 1.03049 1.22566
1.40852 -0.18502 3.6849
1.0981 0.70547 3.02241
0.32617 2.33588 3.90813
0.11101 2.61522 2.64162
0.67739 1.18614 3.96786
0.10776 0.38084 5.60475
0.18046 1.50096 5.18213
0.26611 1.2331 4.40593
0.63384 2.4628 5.51763
0.0758 3.10221 6.12442
-0.44831 2.02256 6.04533
0.3989 1.7749 5.29851
1.11436 2.74339 4.97181
-0.67091 0.97716 5.12906
-0.81685 2.46886 7.31019
0.99394 1.28984 6.99727
0.68411 1.30095 8.81046
1.44091 0.42638 7.84886
2.32565 1.3473 5.84404
2.08918 0.66364 6.05132
1.42993 0.23379 6.77335
1.92117 1.62914 5.84022
2.1381 0.34489 4.8034
1.50031 -0.52894 4.75102
2.09701 -1.98736 4.22225
0.1089 -2.41051 4.66919
0.09462 -1.9206 3.99352
-1.11741 -0.19659 2.84817
-0.27344 0.48223 2.86485
-0.11189 0.6063 0.5039
0.44749 1.84344 0.60221
-0.16163 1.19794 1.24174
-0.60561 -1.12202 1.57515
0.50758 -0.44268 1.98378
1.29308 0.2561 2.32606
2.14659 0.6484 3.95918
-0.16537 1.7351 3.97327
0.96485 1.11182 3.34971
0.56194 -0.07144 3.15328
1.88844 -0.49993 4.67388
0.84696 -0.97641 3.83733
-0.05198 -2.38693 3.28178
-1.00698 -2.79321 2.75879
-0.7314 -1.88341 5.45481
-1.14579 -1.00892 6.23862
-2.25534 -0.00075 6.84044
-0.86458 0.55695 5.6393
0.71298 -0.06686 4.53328
0.74792 -0.50312 4.47644
0.94954 0.41631 2.38513
0.45046 0.4572 1.91296
0.69727 -1.69763 1.72877
0.7031 -1.82778 2.3251
-0.76251 -1.24551 2.4246
-0.68351 -0.91953 2.56104
0.746 -2.15885 3.05493
1.25428 -0.0866 4.17135
2.85317 -0.95774 4.00216
1.77802 -0.7854 4.03274
-0.55069 0.14553 4.35802
0.09792 0.41548 3.02536
-0.02924 1.33379 2.07736
0.65975 1.70088 1.71251
0.45959 0.79116 1.49993
-0.24816 0.79674 1.12618
1.14332 2.33228 1.3024
1.41725 1.1591 1.40044
1.66275 1.23079 1.16183
2.05898 0.9589 3.14172
2.12258 0.24165 2.15097
2.03133 -0.12242 2.83433
0.77883 -0.07956 2.7443
0.44097 -0.22935 1.99087
0.70354 0.16676 2.9305
0.00503 1.2524 2.28637
0.27754 0.44137 1.77962
-1.50564 0.90022 3.90234
-1.6744 -0.85202 4.82831
-0.69377 -2.71338 5.19951
-1.48186 -3.64256 4.89013
-1.35367 -3.7796 4.61032
-1.21131 -3.15332 2.73832
-0.85358 -2.80398 2.87995
-0.53599 -2.11257 2.55349
-0.4725 -2.70099 3.71837
-0.35758 -2.25182 2.37423
0.08229 -1.73279 2.12827
-0.83458 0.86938 3.35868
-1.16453 0.07282 3.62876
-0.73086 1.12939 2.56875
-0.37659 2.83488 1.18429
-0.32498 2.46299 0.13976
1.52146 2.89223 0.24232
1.95395 1.52461 2.01391
1.63821 1.68799 4.77098
2.28143 1.31445 4.23642
2.06717 3.25318 4.50999
1.60299 3.36477 3.55043
3.79057 1.28224 4.2315
3.56389 1.61073 6.02751
1.41136 1.5876 7.69825
0.06438 1.54262 7.31356
-0.3053 1.91959 4.98485
1.5798 1.28572 5.83911
-1.02304 -0.21318 4.24271
-1.29386 -1.20596 3.69705
-0.60327 -2.33189 1.95532
-1.56954 -0.08622 4.04863
0.85127 0.5027 4.741
0.56136 0.59559 5.31993
-0.49048 2.23165 6.00477
-0.87385 3.34433 4.5809
-0.54005 2.32909 4.51163
0.42901 0.73882 6.75036
1.4556 0.40787 6.00578
1.31921 1.17614 4.21583
0.39645 2.04607 4.64376
-0.14488 2.0967 3.46268
0.80882 1.37463 5.45334
0.21434 1.32101 5.83963
1.10445 1.09313 3.97411
1.13043 0.86537 5.5005
0.64437 1.80008 4.72116
0.81499 1.68385 4.74692
0.89882 1.15199 4.45029
1.69264 -0.35095 5.15321
0.79265 -1.27612 4.1044
0.17987 -1.84775 3.74219
1.21807 0.17515 2.40813
2.28459 -0.6796 0.69766
1.79527 -0.39368 0.68455
0.71084 0.80774 2.26706
-0.24838 0.6652 1.57682
-0.87863 -0.83666 2.59631
-0.2317 -0.37709 1.95409
0.54065 0.6795 2.25121
0.29319 0.68636 2.14423
-0.37393 -0.17506 1.79497
0.18941 0.05181 0.28712
-1.41891 0.51549 2.32588
-1.58292 1.34654 2.89425
-0.99259 2.12075 3.05891
0.86046 2.71034 2.91881
-0.29159 2.55728 2.91431
0.97683 0.24663 2.73892
0.06211 -1.1898 2.73365
-0.24978 -1.35341 1.80286
-0.96007 -0.48317 1.86255
-3.23478 0.46636 2.707
-2.74986 -2.53734 3.16398
-0.80692 -1.68493 2.43257
-1.52336 -2.74256 1.95366
-1.52267 -2.12924 3.22929
-0.721 -2.73943 2.94477
-1.90728 -3.0969 3.95555
-2.34439 -4.14449 4.04147
-2.84422 -3.25054 4.96538
-3.15991 -2.39845 6.11136
-1.25217 -2.43351 7.55137
-1.01042 -2.11552 7.44391
-1.80276 -0.91257 5.78436
-2.12953 -0.77206 6.75504
-0.14888 -1.10111 6.46245
-0.34032 0.05992 4.63877
1.14099 0.70287 4.99499
-1.09029 3.36214 4.42976
-0.32622 1.02432 4.31782
0.30352 -0.53746 4.94258
-0.50625 -0.98766 5.65717
-0.5351 -1.40575 4.53678
-1.64442 -0.98516 4.41777
-2.86936 -0.57197 5.99243
-1.95214 0.68461 4.63239
-2.99591 0.47947 3.14129
-0.51581 -0.38171 3.70767
-0.18561 1.22437 2.49706
-0.24747 2.71277 2.48532
1.27495 1.53102 2.39626
1.43153 1.99007 2.93533
1.00179 0.32584 3.37281
1.70889 0.19682 3.43113
1.45616 0.99524 3.79368
0.85381 2.48129 2.67009
-0.8223 3.97053 3.99665
