0.50462 0.97609 -1.05125
0.02146 2.24925 -0.76989
-0.66328 0.46339 -1.12593
2.21835 0.09844 -1.82259
0.73794 0.92314 -2.68008
0.3068 -0.60372 -2.58963
2.11668 -1.02662 -0.9756
0.2387 0.26496 -1.73821
-1.14274 -1.37126 -1.61926
-0.05354 -1.57276 -1.16049
1.69658 -2.30288 0.67105
-0.71701 -2.11492 0.80638
-1.25241 -1.44752 2.15943
-0.00394 0.00726 0.7023
1.44791 1.47253 0.01339
-0.51393 2.60686 -0.28425
0.56093 1.39563 2.14912
3.07701 -1.50652 2.35145
0.07184 1.80487 1.44778
0.07942 1.29209 1.79306
1.15252 1.80155 -0.80204
-0.61168 0.51851 -0.4306
0.85097 0.13352 -0.03976
-0.02094 0.69476 -0.70094
0.52375 1.04105 0.7067
0.99582 2.36901 -1.21312
-0.19268 1.56372 0.34632
-0.7507 -0.42669 0.55846
-0.24324 0.30477 -1.06609
1.1222 -0.01423 -2.90274
0.62367 -1.6878 0.03441
1.37791 -2.17999 1.28116
1.73573 -1.0591 1.91051
-1.36877 -0.09691 2.03975
-0.51529 0.36978 0.94112
-0.37542 -0.83238 0.09641
-0.60322 -0.62052 -0.9
-1.30604 -1.52448 -0.70654
0.73722 -3.39584 -1.05686
-0.03002 -2.13557 -0.27981
-0.18456 -2.29249 -0.46837
0.72636 -1.51408 -0.58947
1.84462 -2.41284 -0.46654
1.17036 -1.91838 -0.76268
1.97176 -2.20574 -0.98146
0.5609 -2.4974 0.42875
1.23132 -0.42926 0.3319
0.25797 -0.07921 -1.14908
-0.03758 -0.2739 1.95211
0.8603 -0.58138 0.9276
-0.7662 -0.35421 -1.12559
-0.1705 -1.52809 0.12112
-0.32483 -0.00664 1.02587
-0.00224 -1.76718 1.76531
-0.03356 -2.24513 -1.20735
1.93589 -0.63688 -0.62337
0.5246 1.17862 0.04923
-0.72715 -0.20415 0.52456
-1.33046 2.18116 0.60013
-0.81781 0.42092 -1.45998
0.00259 -0.31811 -1.20487
0.31123 0.70531 1.54568
0.21564 -1.35076 0.18614
2.9344 -0.69354 -0.09149
1.09788 0.3978 -0.77107
0.85556 -0.99042 -0.21426
2.30125 -0.16135 -0.18791
0.82727 1.71408 1.37369
0.91135 -0.20773 2.01803
2.894 0.48739 0.58909
-1.50092 1.87049 -0.80623
-1.50929 0.12425 -1.39332
1.49904 0.42046 -0.5381
-0.94459 1.62735 0.22244
0.508 2.56767 -0.6748
2.23364 0.60389 -1.14278
2.61575 1.02469 -2.64851
0.79809 3.06345 -0.10952
0.28896 2.3536 0.92027
1.12179 1.89336 -0.09742
3.78252 2.76706 0.92701
1.16739 1.57401 0.04186
2.36988 1.45824 0.16294
0.26025 1.20249 -1.87354
-0.66999 -0.53108 -0.32992
-0.00332 -1.77026 0.29578
-0.70463 -1.8797 -0.13888
0.33812 -1.29209 0.20797
2.47973 -0.69177 0.28893
-0.02942 0.66292 2.22655
-0.61256 0.26663 0.67733
-0.66099 -1.18706 -0.85451
0.7112 -0.67925 -1.17956
0.46167 -2.0539 -0.24003
0.17123 -2.98133 -0.97459
1.86902 -2.97008 -0.20848
1.2119 -1.96823 -2.01242
1.27186 -1.33881 -0.27248
0.38718 -1.68313 -1.2345
1.94861 -0.8843 1.03329
1.12344 0.82777 1.31852
0.02448 -0.88014 1.07412
-0.44916 -0.65232 -0.64155
0.94718 -1.13636 -0.56246
1.7831 -1.40752 0.40787
-0.02597 -0.06614 1.28676
1.0484 -0.86943 0.95956
-1.00999 -0.48258 1.21032
0.97053 0.10821 0.30152
0.53475 -0.14082 -0.34512
-0.92875 0.38308 -0.40072
-1.16918 -0.2245 -2.05401
-1.20966 -0.58414 -3.34525
0.35901 -4.27814 -3.04143
0.71107 -2.74212 -2.18002
-0.53005 -2.15298 -1.07355
2.07163 -0.79483 -1.04087
-0.10512 0.10235 -1.10082
-1.54729 -0.57738 0.51773
-1.72483 -0.60983 0.01622
-1.64328 -0.13739 -0.59578
-0.91712 0.55616 -1.83898
-0.13686 -0.89903 -0.17948
-0.79228 1.36055 -0.27428
0.34666 0.51691 -0.00564
2.44774 -0.22062 0.49715
0.05754 2.00343 0.4927
0.45561 1.69478 -1.44415
0.1687 1.32648 -0.12716
-0.20779 2.99159 0.05176
0.54773 1.84893 -0.17255
1.82992 0.57459 -0.389
0.21769 -0.30218 -0.6216
-0.18365 0.6751 0.47255
-1.03602 0.9401 -1.04524
-1.09552 0.22224 0.04227
1.32229 -0.19515 0.06449
0.84481 -1.07074 1.30436
-0.05926 -1.33562 0.33666
-0.03261 -0.25238 2.0593
0.29531 -0.29138 2.2274
-0.04578 0.61701 3.57071
-0.24615 1.09817 3.93394
-0.1671 0.60535 2.95474
-0.82161 2.42084 2.67514
1.46681 1.3151 3.82342
0.7637 3.52658 2.57523
-0.51964 5.14726 2.82988
0.98771 3.43486 1.10527
1.02563 4.40362 0.32186
2.49171 3.52972 -0.01437
2.18402 3.66625 0.20192
1.68455 4.80286 1.07298
1.81492 4.85101 -0.30505
4.44552 4.17508 -0.82099
2.45961 5.15134 0.91863
-0.39588 4.40183 2.66741
1.05317 5.35487 1.26911
1.3072 5.52792 2.65645
2.65711 5.44496 3.23797
1.17122 5.29703 1.09053
0.56804 2.42905 1.09062
1.458 2.00464 0.32799
0.89964 1.90237 -0.02432
0.12435 1.40545 -1.44257
1.61839 -1.56592 -1.52198
-0.17381 -1.90005 1.05832
-0.17168 -2.60013 1.08593
0.61836 -0.94658 -0.17684
1.73175 1.51764 -0.63221
0.03669 0.70965 -0.26372
-1.50388 1.07167 -1.45432
-1.23305 -1.03812 -2.35813
-1.06429 0.28188 -1.87486
0.28524 0.79357 -2.65269
0.26417 1.36241 -2.87162
0.38088 0.75809 -1.07613
1.15767 -1.48558 -1.37333
-0.47966 -1.20145 -0.75989
0.05683 -1.70276 -1.27411
1.59109 -1.40767 -0.01897
0.10679 -0.26246 -1.46673
-0.39763 1.38387 -2.17603
-0.72753 1.08266 -2.05425
1.0262 1.01336 -1.62021
1.41614 0.91201 -2.69818
0.59392 1.15852 -2.17629
-1.75916 -0.36907 -1.01682
2.69623 -0.91835 0.49187
1.25977 0.08549 -1.54498
0.40671 0.43295 -0.84634
-0.73758 0.78488 -1.65823
0.72372 1.53155 -0.67743
1.30709 1.69184 0.67076
0.03249 0.22626 0.55113
0.5438 -0.86199 0.99937
-0.30068 0.00407 -0.37152
1.14037 -1.11561 -1.69293
0.60501 -2.82633 -0.35753
0.15168 -1.67401 -0.15079
1.78673 -0.4177 0.81778
0.88568 1.37337 0.01046
0.75091 2.04916 -0.23923
2.01513 1.35612 -1.14387
1.70439 0.27376 0.05708
-0.04569 1.71568 0.60878
1.31956 0.3894 0.23079
-0.53665 0.76945 -0.18862
0.59118 0.79323 0.22122
0.26449 -0.63833 1.41343
0.43037 -0.14813 1.91378
0.46254 1.12459 0.97532
-0.49016 1.57903 2.10266
1.93701 1.97031 2.54937
1.3593 1.21815 0.71372
0.951 2.25794 -0.981
0.74314 1.54398 -1.24241
1.16716 3.11425 -0.05091
0.1565 2.99496 -0.75914
0.29109 0.48132 -2.95024
2.08985 0.20954 0.10636
-1.42532 -0.43235 0.05368
-0.76223 -1.69419 0.90616
-0.75058 -0.31724 0.01572
-0.04643 -0.13773 0.1528
2.20872 -0.0166 -0.48884
-0.47809 0.03786 -1.38862
-1.00899 -1.08115 0.04565
0.01655 -1.19185 -0.46769
0.83059 -1.01266 0.31899
0.01413 -1.30197 1.37308
0.15066 -1.95891 1.65652
1.53936 -0.38694 0.84313
0.92295 -0.40052 0.69381
0.7336 0.0907 -1.00115
0.69259 0.29568 0.05618
2.15898 0.50742 -0.4019
1.49229 1.03928 -0.58433
1.572 2.12114 1.39923
-1.37561 4.13113 1.37082
0.28261 1.87176 1.23465
1.78047 1.89468 0.61679
1.17552 1.47227 -1.2063
1.03182 0.39788 -1.84342
0.83072 1.34267 0.16818
0.17686 1.93213 -0.93386
-0.19186 1.18866 -1.14001
0.51615 -0.7111 -0.78383
-0.50654 -1.42475 0.66422
-0.91384 0.42876 1.13508
0.93293 -0.55483 -0.19134
1.16175 -1.07731 0.55374
2.44771 -0.17786 1.24591
1.40732 -0.7382 0.38764
0.76931 -1.07905 0.32412
-1.01063 -0.40531 2.44909
0.43457 1.83101 2.72263
-1.25809 0.53807 1.4661
-0.96864 0.1668 1.62515
-0.35696 0.35753 0.10509
-0.6634 1.37085 -0.96613
-0.25904 1.29781 -0.67849
1.11982 1.78244 -0.55071
1.61289 2.11655 0.0298
0.12798 2.53911 0.59207
-1.94236 1.58529 1.81334
-0.15541 0.16151 2.01432
1.97026 0.59326 1.97867
0.40955 1.5487 2.51559
-0.80503 3.93168 1.08413
-1.01363 4.12579 0.57198
0.02177 3.95923 0.87804
1.98397 4.52761 1.96161
0.52243 5.68896 0.6753
1.85221 6.28891 0.59683
2.18711 6.78805 1.41275
1.30098 7.17122 1.37071
0.86883 6.66003 0.23301
0.71194 6.24116 -0.43248
3.75174 5.52478 -0.33168
2.80621 5.8668 -1.17696
0.99432 4.77595 -1.32721
3.48667 4.59462 -1.84483
1.49185 6.45093 -1.63371
0.92651 5.9654 -0.11768
-0.03595 4.9208 -1.7269
0.29459 1.89343 -2.01717
2.98068 2.2803 -0.47432
-1.80604 2.57105 0.04083
-1.00218 2.15594 0.53199
1.65097 1.65284 1.05521
2.86683 1.55817 0.86002
1.60684 0.84192 1.8633
1.79318 1.06522 1.59778
0.68715 2.32424 0.84638
0.90499 0.38033 -0.3848
1.02919 -0.06951 1.64926
-0.4631 -1.51462 -1.26084
-2.27487 -0.71802 0.52108
-1.44945 -0.50069 -0.5823
