0.63963 -0.95651 -0.57462
0.26456 0.19662 -0.60402
0.25641 0.65158 -1.29906
0.43645 -0.0552 2.28511
-2.11885 0.6133 0.83432
0.89221 -1.24055 1.01906
0.20194 1.02381 1.59782
-0.82972 -0.62011 0.32453
-2.68889 -0.7273 0.88226
-1.46039 -0.45607 0.55083
0.5327 0.58235 -0.14647
0.9664 1.40898 0.72501
-0.38627 -0.31886 -0.23981
0.13863 -0.03854 0.01394
-0.7132 -0.27164 -0.1952
-1.60711 -0.62098 -0.84168
-0.43239 -2.22467 -0.61168
-0.53034 -0.70182 -0.49205
0.83921 -1.77974 -0.78117
0.34976 -0.00343 -1.17659
-1.8461 -1.6073 0.45401
-0.34931 1.11294 -1.03521
-0.55739 0.21346 -0.78756
1.45813 0.41291 -0.51428
0.58243 -0.1351 -0.13029
0.51166 2.24841 -0.8296
-0.4114 1.39301 -0.772
1.5806 -0.3652 1.38205
-0.0885 0.90849 -0.32767
1.62321 -1.79246 1.0906
2.91822 -0.68407 0.00652
1.28302 0.03784 -0.67743
1.14206 0.63924 -0.37213
-0.9843 0.22408 -0.17225
-0.70873 0.68832 0.16697
-1.05423 0.60953 -0.45896
1.27483 -0.44519 1.16019
-1.64566 -1.29066 -1.37324
0.32623 0.2802 0.24932
0.88528 0.69001 0.25681
-0.14073 0.28137 -0.02055
0.10871 -0.39879 0.61075
0.75859 2.82187 -1.18605
1.21384 1.65474 0.19545
1.23991 1.53058 1.16067
0.33167 1.82867 -0.98836
0.80636 -1.07411 0.56278
-0.21865 -1.10271 0.32458
-0.98798 -0.81117 0.00387
1.53224 -1.70083 -0.30304
1.02686 -1.48728 -0.21548
-0.18093 0.61338 -0.17882
-0.26746 -0.96475 -0.32671
0.40769 0.25276 1.76347
-0.85746 0.42701 0.45346
1.02506 -0.57818 0.42857
1.98704 1.39932 -0.4473
2.26627 0.09613 0.36237
2.0708 -0.76534 1.84942
0.84138 -0.67958 -0.14086
1.93075 0.20374 1.14826
0.89107 0.31221 -0.31658
0.9074 0.38334 -1.0541
0.45953 -0.38212 -0.27819
1.70123 -0.53446 1.06838
2.03472 -0.71922 0.01837
0.69949 1.27636 1.27106
1.2976 1.2622 -0.50402
2.39515 1.67065 -0.19304
2.17816 0.01477 -1.81247
1.07629 -0.21095 0.41946
0.18324 0.75982 1.16949
-0.28 -0.39682 -1.97801
-1.24109 -0.16536 1.49955
0.80244 0.38866 0.66508
-0.67476 -1.70621 -0.45033
-1.75105 -1.0884 0.02415
-1.05092 0.41576 -0.54709
0.10568 1.3575 -1.16372
1.1022 -0.66696 -0.6171
-0.86423 -3.09218 -0.05439
0.92968 -0.54541 1.02701
0.36926 -1.55591 1.55192
-0.30648 -0.21916 -0.57265
-0.00459 0.66058 1.23846
0.28444 -1.1327 0.25582
0.86702 -1.43402 -1.07667
0.68994 1.12284 -0.07208
-0.83232 1.09562 0.00465
0.16388 -0.06089 1.04092
-0.46685 0.44434 0.06338
0.72246 -1.38161 0.18799
-0.19699 -1.03042 1.13309
0.54485 0.06149 0.09084
0.91727 0.30053 -0.97907
0.61482 -0.17707 1.17137
1.44891 0.29842 -1.04851
0.51422 0.90252 0.18817
0.64957 -0.49551 -0.59945
-0.09568 -0.20977 -0.12619
1.96128 -0.60471 0.11326
0.55402 0.92098 -0.39342
-0.55824 0.62813 -0.08712
-0.78991 0.04088 0.43815
-1.2265 0.32381 -0.82892
-0.53616 0.49866 0.73928
-0.32426 1.59454 -0.21664
0.64866 2.93721 -1.31321
2.70566 1.15737 0.95308
1.1646 -0.74784 -0.4731
-1.2928 0.44216 0.31869
0.29724 -1.195 -0.2226
-1.05707 0.47539 -0.1006
0.08367 -0.78569 0.92519
0.32409 1.48597 -0.98209
0.00654 -0.04659 0.8069
0.96107 -0.72586 -0.1527
-0.32586 1.12798 0.7793
0.88008 1.20142 0.49232
0.47438 0.99553 -0.3372
0.88767 1.48203 0.00386
0.19602 0.43152 0.29454
0.76514 0.81076 -1.25387
-0.49529 1.26404 -0.61891
1.44901 -0.34525 -0.32386
-0.56142 0.26681 -1.54553
-0.87714 1.10632 -0.88834
-0.07662 0.69435 -1.05487
-0.38907 -1.55231 -1.90982
0.6175 -0.1136 -0.04182
1.51876 -0.1714 0.02575
1.1862 0.54166 -0.50857
1.04276 0.62238 1.39254
1.14773 2.15108 0.50427
1.7861 -2.34998 -1.38572
1.11758 -1.981 0.08344
0.66741 0.15379 -0.13218
0.46405 -0.46504 0.85512
-0.10761 -0.20394 -0.35829
-1.46857 0.20193 0.91759
0.1347 1.40616 -0.47223
1.59637 0.56178 -0.9352
1.62988 -0.74936 0.58694
0.52906 -0.13624 -0.5162
1.15298 -0.99284 -1.30807
1.28992 -0.62079 -2.54253
0.55621 -0.12888 -0.37269
1.59035 -0.46614 0.42964
-0.01152 0.19016 1.61619
1.2312 -0.96351 -1.64101
0.34489 -0.36983 -0.02005
1.00468 0.71843 0.166
-0.05069 -0.13469 -1.876
1.16778 -1.06565 -0.15105
-1.57891 -2.85754 0.4682
0.88338 -2.14643 -1.37637
-0.29721 -0.51834 0.91772
-0.91166 -1.17627 -0.61221
1.86071 -1.20305 0.07891
0.71781 -0.29088 0.77829
0.83191 -0.07965 -0.7536
-1.69537 -0.86066 0.60225
-0.83606 -0.18742 -0.61344
-1.04688 1.8177 0.86866
0.25177 1.05167 0.44896
1.21403 1.04805 -0.23678
0.07199 1.46984 0.75394
0.52585 0.92192 -0.57367
-0.6401 1.19398 1.41683
0.13813 -0.33697 -0.40423
0.68949 0.88256 0.59307
-1.08239 0.31564 1.16496
-1.04111 0.67851 0.13724
3.29189 0.95225 -0.76117
2.1047 0.00626 -1.29637
-1.05532 1.64786 1.46685
1.04602 0.0276 0.32669
0.89116 1.68901 0.82409
2.25021 -0.59283 -0.13375
1.20147 0.39618 -0.47837
0.25691 -1.30725 0.25303
0.1226 -0.15297 -0.19914
1.93402 0.034 0.18679
0.51642 1.70149 -0.30782
-1.05856 -2.09442 -0.7454
0.77595 -0.95778 -0.5066
2.69779 -0.96087 1.63385
0.38878 -0.1775 0.29557
1.65799 -0.30709 -1.28716
-1.53592 -0.85948 0.31448
0.61843 -2.06106 -2.02851
0.19618 0.05612 -0.84012
1.46516 -0.90588 1.4029
1.77999 0.08548 0.03424
0.63115 -0.61606 1.10449
0.57835 1.94532 -1.33231
0.83252 1.31974 0.94711
0.44084 0.08115 -0.664
0.47005 -1.07231 3.03035
-0.12052 0.24089 1.01158
0.28558 -0.01264 0.37248
-0.86361 -1.15409 0.17074
0.16906 -0.52498 0.3658
0.33275 -0.19039 -0.69534
-0.29586 0.59474 0.28053
-1.96323 0.04127 1.43896
-0.21432 -0.86194 -0.38532
0.13913 1.5556 1.17309
2.38459 -0.23943 -0.77306
0.48106 -0.0588 -0.78069
0.23014 0.38352 0.00987
0.66943 -0.94104 -0.5638
1.12693 -0.24451 -2.01283
0.13186 0.96363 0.70939
1.65943 -1.26714 1.1337
1.93804 -0.84396 -1.42516
-0.88807 -1.29771 0.22634
-0.15624 0.77678 0.14104
-0.61452 -0.87284 0.91121
0.05543 0.45032 0.40099
0.1093 -0.13145 0.19625
0.11702 -1.24789 -0.49115
1.5092 -0.90508 -2.35831
2.0833 -1.47852 0.30637
1.35349 0.43892 -1.44433
-0.97146 0.95621 1.1324
1.08861 -0.18416 0.34445
-0.74718 -0.39054 0.03672
-0.58367 0.87603 -1.85479
-0.41119 -1.14972 -0.23152
0.39911 -0.2457 -1.38041
1.67764 0.97082 0.37658
0.55775 0.1366 -1.30998
-0.69089 -0.66544 -1.38306
0.16231 1.5324 0.48017
0.63852 -0.74927 -0.09301
-0.74477 1.22668 0.37467
0.43212 -0.78547 1.31541
0.77094 0.02012 0.40144
-0.43929 -1.73764 0.59943
-0.6471 -0.60419 -0.11737
0.96609 -1.1682 -0.6919
0.48972 -1.09519 0.26265
1.33703 0.94959 -1.76138
-0.39011 2.16085 -1.0216
1.16658 -1.05821 -1.45436
-0.44681 -1.26442 0.76942
0.94497 -1.27044 -1.45591
-0.24656 -1.5976 -1.02116
0.86794 -0.85522 -0.39577
0.15773 1.01471 -1.24529
-0.74569 -0.20116 0.15999
-1.29759 0.90767 -1.88011
-0.41152 0.34233 0.99496
-2.01543 0.98797 1.61391
0.91555 -0.0651 -0.33402
-0.3519 1.02613 0.83458
-0.85234 -0.14983 1.0346
0.90678 -1.07168 1.67224
0.19909 0.66134 0.87329
0.70041 -1.14962 2.52067
-0.46576 -0.53024 -0.86511
2.01166 1.04599 1.66688
0.65757 -0.26103 0.33437
0.98573 0.92705 -1.76139
0.82164 0.28331 0.73263
0.8312 0.80013 -1.22948
2.56177 1.54075 -0.65731
0.32447 -0.30768 0.52206
-1.4869 -0.48202 0.23881
0.79629 -0.43482 0.35677
1.28814 -0.88952 0.7535
-0.18718 -1.20951 -1.4606
0.06615 -0.06808 -0.2824
1.42697 -1.88619 1.13957
1.43671 -1.42628 -0.52384
0.50331 -0.90282 1.06156
0.39935 0.15133 -1.36108
1.17943 -0.42915 -0.28559
-0.23368 1.28393 -0.05312
1.09452 -1.47474 -0.04999
-0.87739 0.0175 -1.07343
-0.29661 0.02364 -0.18507
0.5264 -1.79352 -0.95677
0.32379 0.02131 -0.66712
-1.13351 -1.04217 -1.56721
-0.23275 -0.11823 -0.07958
-1.15049 0.596 -0.45968
0.37996 0.62757 -0.63177
2.03878 2.6831 -1.49999
2.08007 2.333 -1.52001
1.46494 1.69133 -0.06524
0.98725 1.05643 0.5539
0.94303 0.5269 1.2169
0.85119 -1.34634 1.83186
0.1702 -1.45269 -0.50435
1.47318 1.05967 -1.38454
1.21403 0.77614 0.42817
0.73808 0.89762 -0.63424
0.73612 -0.25078 -0.25291
