-0.54962 2.4607 0.31005
-1.00118 1.3437 0.26313
0.94573 -0.04568 0.70144
0.82735 0.1647 2.02573
0.885 -1.19429 1.00893
0.78539 0.33984 0.31593
-0.20982 1.34386 -0.10494
-0.02656 0.43116 -0.00898
-0.50251 0.6979 -0.09547
-0.87485 1.66351 1.57213
-0.51999 -0.09942 0.768
1.56389 0.11904 1.31967
1.70973 0.65612 -0.47265
1.06568 1.56684 -0.27915
1.68638 2.30678 -0.3091
0.794 1.12389 0.82314
-1.02968 0.15158 1.87558
2.60481 -0.44749 0.25786
-0.01053 -0.39724 0.32136
2.57513 -0.85411 -1.5603
0.06737 0.34811 -1.12338
-0.52832 1.29416 0.31517
0.15432 -0.37135 1.80898
-0.2892 -0.13286 1.11119
1.02835 1.62217 0.35634
2.21611 0.3934 2.03822
0.80078 -0.56033 0.00827
2.23569 0.13376 -1.89245
-0.66767 0.9373 -1.45907
1.26963 -0.2242 -1.08632
0.64209 0.98612 1.01685
-0.13733 -0.2443 0.36895
2.29969 1.47681 1.67733
1.16373 1.23356 1.01178
1.12438 0.15118 1.36011
1.16435 -0.81241 0.81434
1.4017 0.0514 0.97595
0.66378 -0.03675 -0.72039
1.34842 -0.44531 -0.18
-0.89325 3.30724 2.1142
0.21437 2.13774 0.98414
-1.81958 1.7189 3.14682
0.79622 -0.71944 2.08603
0.64677 -0.08273 0.6854
1.18337 1.29705 0.07212
-1.23045 1.59267 -0.94015
-0.44087 1.5362 0.89327
-2.06675 0.14636 0.38124
-0.2 -0.54539 -0.86157
-1.12159 0.3897 0.39875
0.0348 2.76847 2.16162
0.11142 1.83555 1.30337
0.50387 0.87349 2.01913
-1.40483 2.10855 1.40404
-1.2194 0.59558 0.70589
-0.62623 -0.84526 1.13545
-0.65117 2.71736 0.87789
0.42991 1.28527 2.73444
-0.08493 -1.16587 0.81054
0.23715 -0.65566 -0.02798
-0.97356 0.1046 1.64088
-2.79935 -0.21352 1.19444
-0.49595 0.64975 0.97843
0.12967 0.98013 0.3638
0.04765 0.81255 -0.36078
-0.01532 -1.66497 -2.33413
0.5846 0.08105 -0.42855
0.05037 0.20826 0.01003
0.20528 -0.82096 0.71756
-0.8501 -1.39375 0.67992
-0.35711 -1.85273 0.69635
-0.75364 -1.20202 0.48133
-1.14376 1.11629 1.43379
-0.13232 1.24373 0.16752
1.45549 0.53304 -1.47329
0.39321 0.75771 -0.18865
0.22208 -0.65921 0.09889
-0.33529 -0.29932 1.14395
1.36794 0.30045 0.83174
-2.2921 -0.98967 1.78768
-0.87813 0.00985 0.89858
-1.82634 0.39557 0.85967
-1.10392 -0.46418 1.24381
-0.91063 -0.74428 1.53097
-0.57821 0.82515 -0.78244
-0.37906 -0.84132 0.04973
0.80795 -0.09721 -1.35066
-0.1142 -0.87328 -2.79301
-0.38797 -0.259 -0.30337
-0.08522 -0.88089 0.07397
-0.94585 -0.21316 -1.79204
-0.8115 0.01717 -1.03664
-0.83635 -1.94605 -0.3008
0.40201 -0.83737 -0.25748
0.42537 0.33245 0.79625
-0.51207 1.54864 -0.32501
-2.14193 -0.37542 0.21614
-1.08959 0.85824 1.77982
-1.67542 0.21249 0.84294
-1.44606 0.42022 0.36908
-0.31768 0.4671 1.40066
-0.23229 2.02857 -1.16475
-0.3243 -0.42285 -0.21483
-0.05545 -1.51024 0.30594
-1.08287 0.61705 -0.26594
-1.6324 -0.4179 -0.22834
-0.05125 -1.33238 1.33529
0.29641 0.27601 -0.98135
1.17148 0.54782 0.08539
0.0279 -0.84249 -0.332
0.8439 0.28386 0.60366
1.09172 0.28789 -0.10895
0.40559 -0.50976 -1.88568
-0.01324 -0.41684 -0.36579
0.06678 0.74463 -2.16915
-1.32117 0.55773 1.39952
-0.37256 0.20123 0.38832
-0.23129 -1.14233 -0.24907
-2.1154 1.5006 -0.48848
-1.0561 0.85149 -0.10853
1.15028 0.9535 -0.22408
-0.82412 0.08646 0.29549
0.83846 0.43404 -0.99539
0.89886 1.85296 -0.30229
2.96026 0.8698 0.27051
1.57384 -0.94677 1.09505
1.00145 0.28331 1.40052
0.26147 -0.51301 0.26465
1.88204 -0.13882 0.80777
1.07777 0.61716 1.7935
-0.41363 -0.56006 1.72959
-0.5881 2.35709 0.95438
-0.62704 1.54452 0.63302
0.15885 0.46529 -0.38419
1.73157 1.68225 1.11028
-0.39681 0.86417 0.07129
-1.15267 0.28871 1.33767
-0.72573 0.14556 -0.07182
-1.76223 0.78712 1.06065
-1.27889 -1.42186 0.88406
-1.76841 -0.67481 0.20751
-0.68226 0.33595 -0.19776
0.0647 -0.76398 -0.16052
-1.05536 0.07094 -0.55069
0.65315 -1.2911 0.87834
1.67758 -0.175 -0.18541
1.19362 -0.32632 0.37429
0.86612 0.35614 -1.28968
0.56026 0.08864 -1.5999
-0.97326 -0.08134 -1.56239
-2.00302 0.67598 -0.46904
-1.56055 0.72058 1.68124
-2.21659 0.40008 -0.56966
-0.08321 2.00292 1.9362
-0.88192 -0.41741 1.21746
-0.12791 -1.65421 0.19671
-1.22667 1.16511 -0.07689
-0.42595 -0.09966 -1.58338
0.40298 -1.15747 -0.61856
0.5428 -2.11 -1.34281
-1.20887 -1.79683 -0.01335
-1.25077 -2.06865 0.46649
-1.84242 -0.35537 -0.62621
-1.27516 -1.07467 2.42819
-0.82281 -0.63569 1.64047
-1.0342 -1.22367 1.08361
-1.46714 -1.49719 -0.0797
-1.14825 -0.46535 -0.18971
1.01041 -0.18738 1.27227
-0.06862 0.75584 0.57274
-0.02979 1.36386 0.79228
-0.50745 0.29787 0.71553
-2.62566 -0.33458 -0.45148
-1.86051 -1.00018 -1.59796
-0.68003 -0.50517 -0.42591
-0.33758 -0.16737 0.18901
1.22659 -0.5773 -0.65182
-0.4199 0.05076 -2.31947
-0.17466 1.02532 -1.83071
0.46579 -1.26862 -1.54419
0.62973 -2.0264 -0.06642
-0.06723 -2.78046 1.17773
0.00791 0.03304 1.26204
-0.17381 -0.39821 2.73261
-1.29124 0.05783 2.22306
-1.57066 0.20196 0.79007
-0.58776 -0.58695 1.46403
-1.18569 -0.4298 0.86594
-0.40274 -0.65571 0.36886
-0.10115 -0.47561 -1.96328
0.69773 -1.49823 -0.98556
-1.57738 0.53776 -3.70658
-1.20234 1.35446 -1.90043
-0.92845 0.71599 -0.47491
-0.97173 0.22099 0.58519
0.51477 -0.92451 0.9707
1.93096 0.15038 1.11208
1.49933 0.38071 -0.36212
-1.14421 -0.88937 -1.11263
-0.78769 0.23652 0.37119
-1.33934 0.28377 -0.6841
-1.76084 -0.54269 -0.02653
-0.46074 -0.27858 0.42437
-0.70025 -0.45255 0.59276
-0.23338 0.86719 1.01661
-0.70459 -1.97502 0.11186
-1.20411 -0.00369 0.96088
-1.53568 -1.40304 0.90997
-1.84505 -0.14511 -1.13792
-2.41711 1.13364 1.3739
-1.61008 0.28079 0.15016
-0.08688 0.17632 0.44877
-1.00445 -0.26456 -3.37366
-0.45691 -1.33676 -1.53407
-0.91525 0.07159 -1.89641
-0.87887 0.68733 -1.74463
-0.81404 -0.35895 -3.03417
-0.13528 -0.15171 -0.49154
-1.1194 -0.42884 -0.42976
-0.14468 1.06743 1.26346
-0.39217 -1.65619 -1.65365
0.82025 -1.08235 -0.12896
1.55048 0.48899 -0.656
0.77771 -2.98555 0.5132
0.34506 -0.0849 0.26447
0.24596 -1.41807 0.68507
-0.46281 -0.28813 -0.96909
-0.31651 -0.56029 -0.14729
-0.56189 -0.8412 1.9275
0.32033 -1.5832 1.1861
-1.56097 -0.64882 0.52207
-1.17759 1.43342 0.20173
1.32327 0.33644 -0.75119
0.13473 0.7414 -1.27438
-0.3944 1.43028 0.47444
-2.33167 0.3016 0.17164
0.07207 0.1266 -0.62609
0.17789 1.00405 0.49148
0.07902 0.48584 -1.77287
-0.25881 0.25357 -0.78774
-1.65843 -0.26635 -0.5698
-1.60782 0.43063 -0.47686
0.2614 0.5524 -2.37281
-0.20421 -0.22445 -0.44319
-1.30348 0.15501 -1.59865
-1.16321 1.46761 -1.85857
0.52266 -0.34281 -1.88402
0.78298 0.43367 -0.57209
-0.11679 -1.17809 -0.3575
-2.1553 0.14445 1.06116
-1.58826 -2.07917 -0.2263
-1.26756 -2.04019 -0.18593
0.03718 0.18563 0.86172
0.01416 -0.27797 0.93751
-0.27077 -0.42427 -0.48818
0.24546 -0.56888 -1.61375
-1.61946 -1.10216 -1.83821
-0.53656 -0.39278 -1.26659
-1.92971 -0.87482 0.86147
-1.37017 -0.68209 0.91545
0.19558 0.2931 -0.18275
1.19392 1.35849 0.8441
0.64255 0.58011 -0.08632
0.4913 -0.0114 -0.45547
-0.01071 0.37907 -0.97896
0.44187 0.35381 -0.30893
0.44185 0.71619 -1.51116
1.71444 0.87425 0.47854
1.33952 -0.81899 -0.13879
0.25994 1.8898 1.23269
0.38459 0.37582 1.03485
0.96024 -0.29181 2.36578
-0.12959 -0.33 2.66143
-0.29544 0.43834 0.86386
-0.78405 0.26034 1.47285
0.51779 1.02087 2.05917
0.3812 1.80397 1.98911
-1.09628 0.78269 0.66234
-0.93034 1.12069 2.38437
-0.47616 0.25624 0.48467
-1.62437 0.34662 0.89579
0.27381 0.83217 0.25232
-2.09145 -0.21678 -0.31004
-1.52628 -1.33268 0.5345
-0.36254 0.52492 3.47409
-1.2854 -1.03291 1.52342
-1.868 0.89466 0.91516
-1.05607 0.88957 -2.28597
-1.27015 1.5264 -1.72907
-2.34978 2.73637 -0.11753
-0.43542 0.00848 -0.16813
-0.76328 -1.57787 0.23728
-1.47966 -0.46975 0.70313
-1.31922 1.02091 0.00347
-0.98443 0.46044 1.46495
0.35061 0.7836 1.21283
-0.93182 -0.44271 -0.9031
1.56884 -0.80602 -0.3311
-0.84313 1.4179 0.8067
0.63746 -1.85034 1.87212
