9.56274 -2.89809 1.88004
6.08894 0.5358 0.34038
3.88668 3.15129 -0.25861
3.20506 2.27735 -0.60872
4.18869 -0.91226 1.46715
4.64173 -0.05885 1.43613
4.90156 0.09067 2.28165
5.0269 -1.30583 3.24122
3.45197 -0.35662 3.12373
3.96982 -2.62817 1.66642
3.35512 -2.69175 3.6569
4.02051 -1.88369 3.88444
4.2594 -2.30171 4.05924
7.02279 -1.29077 4.07523
4.90658 -1.65851 4.61661
5.83825 -1.85945 6.04445
5.36475 -1.46306 6.29495
5.83218 -1.56491 6.51091
6.14461 -1.65216 6.2778
7.2676 -0.81743 6.32805
7.67361 0.0316 6.06314
7.97711 -0.40656 5.89038
6.93942 0.95726 6.87429
8.6228 2.34124 5.14678
8.92129 1.2638 4.96471
8.19783 0.54485 5.41034
8.67858 -2.60475 2.80403
9.92094 -1.32466 2.45889
10.6088 -0.96494 1.17997
10.91483 -1.11225 1.17564
10.86768 -0.17067 2.29123
10.22541 -0.02052 3.00904
9.92906 -0.45283 2.87018
7.94144 0.19436 3.62476
7.6779 -0.68521 3.60746
9.51072 -1.05886 4.05875
12.22661 -1.40279 4.15835
11.31274 -2.46127 2.71678
10.99451 -1.82039 2.21983
11.79517 -0.0849 1.87486
13.8203 -1.36547 1.42934
14.05367 -1.1401 1.36025
14.02262 -0.0154 2.15964
11.45182 -0.0914 0.45544
10.41885 -0.55405 -0.28018
9.1951 -0.02606 0.44588
9.01012 2.2827 0.28274
8.27065 2.01889 0.52453
7.50782 0.2368 1.67044
6.0499 -0.16368 2.53384
4.79951 -0.17844 2.59842
5.11997 -0.69352 2.48616
7.11825 -0.51969 2.04044
7.77482 -1.19408 1.74645
7.70048 -1.60385 0.89038
7.21062 0.07826 0.47166
6.56833 0.8738 -0.44522
8.71783 0.57358 0.35451
8.69825 -1.46006 0.33572
7.83786 -1.54438 0.358
7.28821 -0.10632 -1.08397
4.95109 0.56322 -2.17627
3.58062 -0.42354 -1.86442
1.96107 -0.70165 -2.35539
0.92643 0.69349 -2.29604
2.58094 0.89445 -3.54071
3.5992 0.75204 -3.59166
1.56974 -0.02849 -2.54757
1.94753 -0.7088 -2.88304
4.53954 -1.26512 -3.474
5.0865 0.79304 -3.08781
7.05173 2.54423 -3.51718
8.42806 2.08888 -2.82861
7.0997 3.96121 -3.20335
8.57769 2.60382 -1.21844
6.8852 -0.07503 -1.96098
9.12918 -0.77231 -1.39995
11.30673 0.41752 -0.71075
11.99913 0.08741 0.67709
10.99486 1.65251 1.64865
11.27835 0.16268 2.38279
11.49576 -0.55889 2.45373
8.90541 0.30044 0.43207
8.45508 0.16484 0.66067
6.8467 0.83614 1.41619
6.27276 -0.60371 2.58297
5.35516 0.66783 2.42721
3.23295 -0.34067 0.44622
2.5178 1.27013 0.89943
2.85817 0.05184 0.89091
3.30558 -1.27911 -1.49864
3.18866 -1.90719 -0.78308
2.57708 -0.48968 -1.39708
2.95241 0.3017 -0.13066
0.63955 0.49493 1.59028
-2.24941 1.63191 1.03118
-2.74853 1.17124 0.96324
-0.85876 1.88711 2.28981
0.09208 1.8446 3.70649
0.61664 1.2942 3.7417
0.46169 -0.03787 4.02757
-0.18021 -0.43906 4.92744
2.37533 -0.65609 6.27093
5.15208 0.68657 6.41033
8.56441 0.56056 5.10068
7.88068 0.63374 3.66981
7.8896 -0.83453 4.67815
9.93448 0.88765 4.72815
10.63143 0.37643 4.78968
11.97669 1.59793 4.57562
13.65704 0.464 2.1864
16.49872 0.31282 3.31752
15.62437 -0.69839 1.34938
15.68792 0.65089 1.92112
13.66279 1.97021 0.96421
12.68592 -0.19732 1.99458
12.31967 -1.44036 3.72493
13.54003 -1.42577 3.93218
13.76379 -1.10999 3.62947
11.01013 -2.079 2.45244
9.14868 -2.72945 2.2228
11.12663 0.52079 1.86622
10.49088 2.37769 0.92824
9.55188 1.27183 -0.40695
9.37849 3.082 1.26652
9.44643 2.18942 2.06364
9.34974 0.61514 3.04732
10.57687 0.97471 4.07517
9.17068 1.0542 5.69838
8.8068 1.60827 6.29719
7.95598 0.3079 5.38569
9.24609 1.97604 5.40706
9.80145 0.75596 4.61582
10.72624 -1.2992 4.6045
9.8359 -0.59872 4.52078
11.58438 0.14231 5.02394
13.91274 0.35347 4.35263
13.69097 -0.32462 4.87764
13.43018 -1.87279 3.52685
14.55526 -0.10448 4.1311
16.20209 -0.59404 1.61939
15.42961 -0.02603 2.85132
15.88465 1.65377 3.29925
16.87876 -0.03105 4.44778
17.43908 -0.76678 2.333
16.53214 0.65639 0.41138
16.41437 -0.46799 0.99827
16.01604 -0.06191 -0.2387
15.71775 -2.14482 0.347
13.89246 -2.78844 1.2875
13.27454 -0.6793 1.04894
11.14426 0.28934 0.19489
8.94025 -0.30733 1.36015
7.93631 -1.17525 1.74715
6.77235 -1.40865 1.83255
8.30931 0.26503 0.69719
9.18534 0.83854 1.21794
9.09807 0.28934 -0.48328
8.33925 2.05457 -0.44898
7.5716 1.2488 1.24231
6.39067 -0.02236 0.14161
5.51181 -0.26763 1.5367
4.06556 0.41326 2.12326
4.30978 0.51039 2.94371
3.82834 0.77442 4.17652
3.13827 -0.25005 5.6155
3.31682 0.71402 5.71275
4.91972 -0.48068 5.86421
6.2714 -0.42565 6.04839
8.89661 -1.06645 8.35978
8.93902 0.68916 7.8704
7.7982 -0.64061 6.98934
8.29243 0.59487 6.05444
8.42472 1.02072 7.88824
7.54227 0.99268 7.73035
6.7517 1.18913 7.20664
8.32753 0.92926 5.3439
10.11702 -0.07655 5.36253
9.10383 0.30207 3.81736
8.8319 -1.65535 3.60921
7.3779 -2.22248 4.13454
8.67292 0.15794 3.81566
9.9698 0.27682 3.72894
10.24374 0.9268 3.96761
11.70692 -0.06718 4.69118
11.80377 0.00331 4.05828
11.4563 -0.12368 4.74774
13.36551 -1.081 3.54783
11.04314 -2.395 3.75656
9.70824 -0.47774 2.15485
10.25164 -0.02062 1.74191
10.61558 0.10112 1.967
10.225 -0.26711 2.91092
12.62033 -0.4257 1.26531
13.44542 -0.07164 0.75612
11.81678 1.48009 0.57533
11.25375 1.42546 -0.46734
10.57013 0.24439 -0.92923
11.48975 -0.40393 -1.09134
10.70802 1.46847 -1.03436
10.06451 1.49692 -1.5701
9.34805 1.20808 -2.91687
10.26733 0.91602 -3.68233
7.57863 1.16054 -3.34992
7.33478 1.27927 -3.51182
6.70122 2.15692 -2.22765
7.43161 0.4945 -2.61964
7.431 0.79206 -2.2927
7.41108 0.53736 -0.37619
8.25336 1.1351 -0.76003
7.26483 -1.89833 -1.96024
8.77979 -0.29683 -2.28234
8.16684 1.12673 -2.55054
8.29842 1.03381 -2.47202
8.17615 0.0319 -1.55851
7.72165 0.35397 -2.34464
6.46358 -0.17694 -3.49087
6.33765 0.64683 -2.43912
6.7377 -0.221 -1.22564
7.46957 -1.29514 -0.45984
7.91397 -1.78638 -1.90321
9.09492 -1.96046 -2.77256
8.5259 -0.74432 -2.79494
7.27014 -1.68843 -4.27719
5.52063 0.59871 -3.37961
4.62654 1.3375 -2.61041
3.62364 -0.48401 -2.70072
2.38827 -1.72313 -1.45344
5.11459 -0.63633 -1.13453
6.44478 -1.53688 -0.53268
7.91997 -0.34537 -0.61875
7.82133 -1.00995 -0.17196
6.57356 1.3692 1.14986
5.09343 0.35859 0.66243
5.42282 -1.49751 0.11175
4.54445 -1.18693 -1.09529
4.43374 0.63266 -2.17928
4.11395 -0.42443 -3.37101
2.36247 -0.66676 -2.80417
0.72638 -0.41863 -3.10636
0.60933 -0.64962 -2.99122
-0.67903 -1.27608 -2.5702
-0.00575 -1.18105 -1.80912
-0.41821 -1.45685 0.94712
0.2093 -0.35283 1.30893
2.28561 -0.65815 1.47514
2.25655 -1.26657 -1.22357
1.84905 -1.68983 -3.10357
1.53801 0.49823 -2.15333
2.19261 0.09792 -2.21824
3.00969 1.00727 -1.25435
2.86427 3.62399 -0.83799
0.98889 3.63696 -1.57577
0.25731 3.2345 -2.56993
2.897 1.96068 -3.1468
5.20304 0.79611 -0.81518
4.25862 2.43741 -0.72941
3.09247 2.79222 1.37222
2.33192 3.03976 2.88867
3.5309 3.04622 2.92665
3.75683 3.39788 3.57846
3.16178 1.22436 4.92751
4.73579 1.5246 5.39157
5.3327 1.20408 6.19167
7.41601 0.77129 4.28815
8.49402 0.09729 2.2975
9.83387 0.30092 1.79647
10.42686 -0.28492 1.1744
11.74269 0.80134 1.30826
11.27528 1.10049 1.7182
11.19184 0.23462 2.63876
10.49264 -0.81559 3.61697
9.25689 -0.24221 3.18425
9.03787 0.09835 1.85915
7.1769 -1.48596 1.31071
7.14463 -2.40466 1.77007
8.33607 -0.35431 1.1661
10.00215 -0.7856 1.45427
9.97385 -2.48233 2.21605
7.32323 1.35761 0.92804
8.99949 2.5913 -0.11358
7.60111 0.75587 -1.17724
4.06975 0.7054 -0.17312
2.75763 0.88139 -3.11173
3.44843 0.48053 -2.56104
3.99574 2.20567 -1.84581
5.76841 1.89104 -2.64326
5.9904 1.26488 -2.24766
5.79018 1.06773 -0.49363
5.75292 0.79931 1.44007
5.11231 -0.71075 -0.06373
7.23608 -1.17347 -0.09547
8.56541 -1.41818 -0.1928
8.02184 -2.60771 0.37977
7.54263 -1.3241 0.8486
7.14471 -1.07711 0.6837
7.25225 1.03482 0.21635
6.90787 1.5781 2.42728
7.16033 -0.08061 2.07962
6.43287 0.36608 2.11411
