1.65297 -0.3308 -0.30787
0.59297 1.21543 -0.03978
-0.26718 1.83128 0.65416
0.61531 1.01785 1.22511
0.62124 1.2333 -0.30155
-1.34001 -0.40065 -0.88505
-2.03914 0.80617 -0.6926
-0.23752 0.8537 2.37713
-1.06258 -0.41633 0.38729
-0.40128 -1.8507 -0.51435
-0.25832 -0.16077 0.36831
-1.76989 0.55946 0.25489
-1.50988 0.90204 3.3698
-1.6361 2.54044 1.83099
-1.67201 2.8278 -0.14974
-0.09814 2.96524 0.71634
-0.48631 2.11796 -1.23811
-0.71854 0.67824 -0.17316
0.73125 0.34565 0.35968
2.22079 0.40155 -0.79391
0.32821 1.27274 -0.89481
-0.01596 2.41346 -0.84334
-0.16735 0.35727 0.42734
-1.13334 -0.42581 -0.03303
-0.98128 0.30631 -0.6508
-1.54069 0.0463 2.52469
-3.76476 -0.15869 0.86996
-5.00776 0.47068 -0.17487
-3.29584 -2.8057 1.15559
-4.66367 -2.8269 -0.33194
-3.3329 -3.18764 0.07042
-2.03442 -4.68816 -0.15894
-1.88271 -4.3856 1.207
-2.54782 -4.502 -0.21059
-0.30282 -3.44996 0.40872
-1.53998 -2.07359 1.25258
-0.45823 -2.18339 2.06305
-1.15467 -0.80987 1.88882
0.60535 -0.00729 -0.3847
2.38309 1.26515 0.28868
3.1583 -0.36313 0.31124
1.91792 1.28597 0.39155
2.00408 0.57116 1.69646
2.55346 2.97579 2.73721
2.48295 1.93894 1.09503
3.6528 1.49466 1.75497
3.3502 0.54792 0.9066
3.25976 1.81756 1.24684
3.12646 1.96619 1.31794
2.04417 1.08907 2.58157
0.61086 1.75922 2.88556
-0.25515 0.97787 2.3309
-1.38409 3.25403 1.94663
0.88025 0.71762 0.33306
2.22237 0.08844 -1.3048
1.06865 -0.21224 -1.00474
1.47522 -0.40265 -0.50024
2.64933 -0.85697 3.8179
1.46372 0.62479 0.91768
1.09632 -0.28883 0.68515
2.24568 0.41728 1.21206
2.74192 -0.4818 -0.11586
3.78785 -0.76949 1.04843
1.58949 -0.72935 0.28379
0.76465 0.21082 1.53388
0.07362 1.66721 1.92417
-0.22982 0.22252 0.92946
0.15344 0.95563 0.73139
-0.9295 0.86353 -1.0867
-2.38616 -0.51783 1.93766
-1.08002 0.5427 0.42527
-2.04435 1.16299 -0.34912
-1.64506 1.58004 0.07043
-0.19931 0.68706 -0.94407
-0.32699 0.20516 1.52455
-2.21102 0.91271 2.0331
-0.68998 1.40789 -0.19062
-2.88938 0.56061 0.33454
-1.97744 -0.12736 -0.06111
-0.71611 0.90229 -0.31468
-2.86383 0.47063 -1.2613
-2.65644 1.37542 0.07357
-1.11463 1.07413 -0.85232
-1.67609 -0.49784 1.60169
-3.34651 0.68874 1.35702
-3.15167 0.04164 1.2493
-3.20116 0.52552 2.25719
-2.19912 -0.09108 2.48029
-1.94267 -1.5469 1.81844
-0.60127 -1.33501 1.73115
0.01105 -0.32608 0.73689
-0.33707 -0.49278 0.96096
0.59961 -0.89927 -1.12754
0.82999 -0.57033 -0.29789
1.09821 -0.91222 -0.40318
-1.16556 -0.21406 0.94282
-0.26184 2.3173 1.41392
-1.17415 0.53572 0.52803
-0.85487 0.0568 1.10602
-0.48742 -0.44302 0.21116
-0.40636 -2.37103 0.13446
-0.80324 -0.87342 0.78574
-0.48176 -0.53005 0.0871
0.13565 1.30787 0.59498
-0.38371 -0.42989 -0.04988
1.07665 -1.84804 -0.74349
3.38191 0.06423 -2.69101
1.77759 -0.39979 -0.27319
-0.21004 -0.5656 0.707
0.23386 -1.9617 0.78442
1.17982 0.79537 1.55795
-0.72758 -0.89521 -2.61666
-0.65506 -0.28552 0.09973
-0.82053 -0.16358 0.12426
-2.86637 -0.39122 0.61706
-1.5123 1.11322 1.14763
0.43098 1.27608 2.13707
1.33834 -0.40235 1.16704
1.18978 -1.12994 -0.02674
1.57061 0.41276 1.17604
0.32349 2.10058 1.04905
-0.53077 3.00041 2.34574
0.02666 1.07573 1.7555
-0.58196 -0.83195 -0.62589
-1.14172 0.33549 -0.45386
-2.03289 -0.94887 1.12367
-3.07695 -0.3285 0.75041
-0.6958 -0.88103 1.98742
0.25463 0.42366 -0.39877
2.12703 0.06676 0.91246
1.6604 -0.07057 -0.04074
1.68038 0.08539 0.41609
-0.24733 -1.03688 0.55459
1.27449 0.59175 1.57723
2.30393 -1.24078 1.69964
0.72141 0.08619 -1.17313
0.08623 -1.30782 -0.50951
1.24204 0.09988 1.36731
0.44231 0.78426 1.6278
1.40559 1.37326 -0.03538
3.88634 4.15688 0.70093
3.28559 1.07112 0.19432
2.59583 1.7874 1.42388
1.84442 1.41553 1.50282
2.28367 0.05823 1.41349
1.59642 2.33385 2.06099
1.84987 3.30903 1.64064
1.22364 2.13682 1.04593
2.86152 2.0262 0.86615
2.69849 1.06927 -1.37286
1.02209 1.36581 -1.8231
0.99875 3.02588 0.40871
1.52754 3.25268 0.23502
-0.76719 2.8483 2.76087
-0.75613 1.23586 -0.37438
0.09607 0.64689 -0.50217
0.27871 0.91354 -0.45342
0.79429 1.01709 0.22827
0.34897 1.95878 -1.3133
1.39347 1.0867 0.20645
1.28677 2.53709 -1.29289
1.08319 1.94089 0.7498
1.72656 1.02195 0.27055
2.39727 1.53645 -0.05168
0.15798 1.3423 0.48069
-0.57819 0.60092 2.09609
-0.04041 0.78467 1.18364
0.61579 1.26275 0.64722
1.65792 1.56896 -0.29952
1.7612 1.31555 -1.00554
0.83334 0.13391 0.30173
0.43744 0.04565 0.46784
0.47475 0.67037 -0.08815
0.71168 0.88199 0.02752
0.76058 2.00024 0.16341
3.14862 2.29506 -0.14448
2.35679 0.78901 0.30546
1.42346 0.0036 2.25036
2.0643 1.35465 1.42433
1.34034 1.6329 3.21958
2.44513 1.25814 3.206
3.64917 1.31286 0.61556
4.36243 1.38581 1.94837
4.00605 1.41185 2.65101
4.19047 1.99905 2.00954
1.81252 1.86326 3.58674
0.64437 4.1431 0.72531
-0.14679 3.44879 1.66544
0.06727 3.42325 1.55214
-1.21091 2.13718 1.4292
-1.25492 -0.56052 0.28879
-1.05846 0.81666 1.69269
-0.37027 -0.57084 1.99691
0.43528 0.98956 -0.74285
1.34606 0.48741 -0.69845
2.20144 1.41374 -1.04981
3.38532 2.47269 -1.09182
3.61771 1.56644 -0.63878
2.04199 -0.1184 -0.77038
1.86461 0.16203 1.04511
0.84407 1.60495 1.90684
1.39686 2.2691 1.50896
2.255 2.02883 -0.32711
1.60044 1.33295 -0.80098
1.37197 -1.14302 -0.21082
0.50227 1.37026 1.77723
1.01908 1.40297 0.86571
1.58533 1.51552 0.39199
0.64676 2.54949 0.43468
2.4281 1.80426 1.5329
2.5553 1.8146 1.39289
3.46846 1.29463 -0.11871
5.73696 1.35908 2.08375
5.27155 0.15175 0.35607
3.37852 -0.47425 1.03708
1.75289 -0.99448 1.22702
1.50835 -1.04593 2.04014
0.12761 -0.45173 2.8124
-1.14554 -0.02475 2.91382
-0.42368 -1.53313 3.20215
1.57424 -0.56893 1.13244
2.82182 0.4391 -0.65989
1.95406 -0.46853 1.29965
2.09677 0.75653 -0.31046
1.80812 2.10204 1.50552
3.16335 -1.07877 0.26895
2.55859 0.27662 0.84884
2.19577 0.20041 0.52639
2.42299 0.21059 2.0464
2.34036 0.55805 1.63202
3.43161 -0.10773 0.64294
3.26442 0.72069 0.68473
4.45299 1.11979 0.20205
4.24364 1.00611 2.33068
2.81809 3.09762 2.73303
1.17835 4.27529 2.9444
4.37121 3.21969 3.04123
3.34213 3.40848 1.55582
5.11308 4.23354 2.22323
3.69536 1.82209 1.19032
2.28243 2.18035 0.78799
2.39891 1.75306 3.62343
1.76157 0.89352 1.35121
3.53509 0.81191 0.63821
3.2452 2.13847 2.05288
4.38046 0.55225 0.62098
2.56313 -0.18917 0.64099
4.16248 1.97568 0.1763
3.19627 2.76101 2.22751
2.10694 2.55287 1.51282
0.75388 4.46795 3.58985
-1.27174 2.35541 1.14975
0.51349 1.01602 0.82981
1.30842 0.24661 0.6254
1.30628 0.87281 -1.47504
-0.68269 2.44963 1.42828
-1.0487 1.6115 -0.20426
-2.30735 1.28355 0.48264
-1.61119 0.3977 1.21979
-2.02542 -2.52251 -1.3649
-1.55386 -0.53249 -0.78852
-0.77407 -1.73648 -1.95615
-1.36212 -1.00488 -0.74159
-1.0989 -1.16417 0.8965
-1.42651 1.87987 0.30227
-1.25093 -0.32202 -0.33474
-0.0865 0.65673 -0.04862
-0.74017 -0.10517 -0.96243
0.71323 -0.53365 -0.76666
0.54717 -2.76653 -1.01041
-2.05467 -1.5469 2.01149
-2.37377 -0.01807 0.76794
-2.12079 0.47844 1.02973
-1.16441 -1.15081 0.3686
-0.91061 -1.39815 -0.44833
-1.68092 -0.88942 1.39356
0.17265 -1.01643 -1.36891
-0.34529 -0.81079 0.97794
-1.67062 -2.40131 1.5074
-1.07934 -0.22891 0.1557
-1.00017 0.58092 1.12048
1.30936 0.97335 -0.22056
2.40595 1.63603 2.07698
1.75872 0.02914 -0.7139
2.57295 -0.19553 0.17772
1.86394 2.35756 0.82159
0.11311 1.25434 2.18798
0.00147 0.63754 1.4187
1.46922 1.69092 -0.37265
1.49069 1.43901 -0.17467
0.01256 1.51605 0.21084
0.3567 -0.01172 0.90229
1.21237 0.88311 -1.40359
1.33625 0.42138 1.2254
2.0118 1.10132 -1.57162
3.9403 1.59131 0.85303
3.17908 2.73898 0.91568
1.5694 2.9176 1.627
0.83454 3.34645 2.74132
0.03367 2.10489 -0.84555
