0.87879 1.36404 0.91484
2.498 1.20727 0.50747
2.67804 1.23805 0.98394
2.84032 0.674 1.51975
2.1917 0.31957 3.75228
1.03046 -0.56728 2.19154
2.00641 -0.17435 1.27771
3.43692 3.50926 0.81972
3.47175 1.69183 2.6607
4.64744 1.57102 1.86411
3.92234 0.12411 2.3662
2.5646 -0.72303 2.62191
2.40386 2.08968 4.02753
2.00192 -0.60945 2.55915
2.19251 2.44058 2.95842
2.84872 2.39095 2.57495
3.85212 2.63756 1.64712
2.18223 0.41252 3.2619
2.6728 0.32228 3.52274
1.0754 2.59712 3.33096
2.45354 -0.06612 4.74676
2.93868 0.45861 6.4734
4.25006 0.59793 4.70412
3.93219 2.45076 3.05204
2.45714 1.36298 3.34876
2.81497 -2.70301 4.03688
0.77807 1.39868 5.99272
0.97992 1.97533 5.54171
0.80948 0.73955 5.85502
1.68066 1.92432 6.83143
3.32517 0.63347 5.44976
4.24255 0.43583 5.87137
5.25454 2.72386 4.12205
5.49902 0.85293 3.89735
4.66431 3.22699 5.03424
3.85362 1.62453 3.95871
2.51515 1.32888 3.14543
1.35053 1.03949 5.31203
2.11185 1.8839 5.89408
3.63868 1.96 5.96084
4.00097 2.51498 5.4231
4.06365 1.80746 4.7765
5.89054 2.33931 4.39331
5.79703 1.65242 3.60256
4.60149 1.36022 5.53233
4.70859 2.15067 5.28073
4.18101 1.10686 5.74194
5.59608 0.49493 6.76997
4.24627 1.94178 7.44879
4.40114 3.07215 7.11556
4.79241 1.16738 8.36474
5.99601 -0.19834 6.96769
7.31725 1.61598 5.63192
10.02343 1.50004 7.12343
10.28095 2.30936 8.41672
8.7167 2.11551 6.50131
10.17675 2.65464 7.83228
9.76155 2.46671 6.33193
9.90821 1.10796 5.01517
7.37549 1.79619 5.62685
6.71097 1.08754 6.92375
7.82561 1.21803 7.52184
5.88533 1.04579 6.84786
5.39207 4.62056 5.96688
5.64925 0.6095 7.48591
4.81239 0.89035 5.64878
4.99133 1.63286 4.18777
6.79619 1.52402 4.05232
4.44071 0.20106 3.56526
4.98295 1.99474 3.48495
5.27152 1.14752 4.43165
4.11083 0.92912 5.04669
5.45734 3.30791 5.78496
4.83607 1.77153 5.69911
4.599 1.15693 7.16786
6.00348 1.40713 5.16063
6.32739 1.47212 4.28786
8.01907 2.60558 5.83843
7.79863 0.2982 6.77409
7.726 -0.06491 6.84197
8.11837 0.53373 6.4932
7.25786 1.5414 7.32391
6.60707 1.61346 8.01537
4.58895 0.71214 6.94317
3.92036 2.14845 7.87487
6.30329 1.13115 7.21339
5.97388 -0.21434 7.04909
6.29079 1.91048 6.25451
7.6458 1.73417 6.89394
7.17446 1.93634 8.41952
7.2763 -0.86556 8.17694
8.12842 0.20051 6.59568
8.74022 0.31483 6.94684
8.20996 -0.38627 5.42279
9.0164 0.73162 3.77043
7.85331 0.05384 4.82987
9.10767 0.77663 4.8577
8.52726 3.14248 4.58061
9.58609 2.74889 4.71464
8.91071 1.94724 4.57254
8.99727 0.65585 6.15681
7.86356 0.95376 6.04847
7.57114 0.90694 8.71564
4.81987 0.93826 10.83935
5.6664 2.83805 11.5183
8.26271 2.51073 10.80149
10.09277 -0.16978 9.66521
10.66687 0.07318 9.0415
11.4092 2.28931 9.70974
11.32439 1.45624 10.77084
10.5208 1.76984 9.69296
11.02137 0.232 9.16656
10.93692 0.65601 8.7433
9.74423 -0.03262 8.28233
9.97044 -0.58983 8.24098
10.34629 0.52347 8.43969
9.75874 0.7093 8.22039
11.13843 1.16517 7.78561
12.14019 0.13611 8.05946
12.19721 0.35994 5.5736
12.26369 1.37702 5.43715
11.2389 0.57476 5.47038
9.81102 -0.21203 4.63493
10.06199 2.61746 5.11699
8.51899 1.47751 5.98725
8.433 1.57925 3.69193
5.84897 2.0422 4.58636
6.43314 2.2218 3.78993
7.87261 2.35274 4.24801
5.80412 -0.80119 2.47217
6.26041 3.11114 1.37177
4.04178 1.78086 2.32908
5.07133 3.07839 2.19129
3.62948 0.04446 1.94305
3.59541 1.08577 0.40652
3.69022 0.4444 0.64516
3.91487 0.94553 1.56201
2.73115 -0.16543 1.9594
2.76053 0.26679 0.30211
2.35185 0.37882 -0.20132
0.46988 0.98484 1.39032
1.05018 2.75382 0.34941
-0.25445 -0.59023 0.83641
1.08293 0.45568 3.12895
-0.50646 -0.32416 1.95875
-0.13684 0.97763 1.34435
1.2036 0.10627 3.81551
2.05725 0.8381 3.47874
2.00486 0.85474 3.92616
2.4509 0.78229 3.19555
3.25143 0.58854 2.45431
3.17438 2.45021 0.14597
1.38088 2.44919 -0.68438
2.84667 1.55497 -0.93325
1.51583 0.65808 -1.22272
1.18049 -0.18517 0.32488
0.35053 0.23613 0.74788
0.9691 0.0489 1.89537
0.5268 1.94639 2.55278
0.15253 1.39395 4.17731
0.53303 1.29245 3.38611
0.58476 0.60653 4.31759
2.61925 1.1209 3.66551
3.68202 2.35047 1.68713
3.04925 -0.20461 2.97874
3.5241 1.22457 3.77555
4.70372 3.63693 3.52726
6.4932 1.77079 6.91548
4.80412 1.31234 8.05672
4.50642 1.13405 6.98011
4.98196 3.14633 8.55845
3.53882 0.06824 9.78975
3.85574 -0.01821 9.4658
3.7098 -0.55079 9.27809
5.50794 1.99849 8.91016
7.37356 -0.36559 10.55188
7.87658 0.66449 8.56066
7.19129 1.52178 8.68002
8.57668 0.73146 8.97626
10.24509 0.35689 9.23148
10.27671 0.41067 8.7673
10.16347 0.05287 7.08684
9.85038 0.28961 7.94567
9.09974 3.69618 7.52458
8.91249 1.10548 7.26917
8.28884 3.25938 5.67687
8.89233 0.35124 4.78656
7.97273 0.87596 5.2804
5.72172 1.13496 6.28479
5.04301 0.19193 4.24926
6.32633 2.93795 6.24344
6.7478 1.56219 5.16465
5.80255 0.32525 6.63701
5.47608 1.35509 6.85206
5.16472 1.98735 7.36123
5.92611 2.28251 5.55366
7.62254 1.15583 5.821
7.14754 0.536 4.58328
7.42534 0.51235 4.87699
7.0336 1.1296 6.69348
7.32805 0.18014 7.47539
6.83664 1.17032 7.67663
6.46537 3.0603 6.81979
5.99842 2.36226 5.56709
7.00928 0.89826 4.17524
8.28768 2.11692 4.50518
7.41287 1.41206 3.61406
6.62809 0.85444 4.85478
7.13114 0.41244 4.5668
6.27344 2.82209 3.64205
6.21468 0.80928 2.24261
5.74425 1.45094 2.1766
4.22901 1.15389 2.38272
4.26963 2.17885 2.06165
3.76984 0.62802 3.04613
4.23813 -0.99615 3.42059
5.5772 0.40583 3.22992
3.39589 1.14003 4.7932
4.95526 0.87417 7.70637
5.25919 0.22923 9.33882
5.32591 0.53314 8.93044
3.5512 0.89119 8.03685
5.44961 0.74927 8.64378
5.76147 1.71017 5.98523
6.79103 0.84408 5.99312
6.42864 3.26519 3.90721
6.31603 1.54001 3.76791
8.39171 1.23435 2.73976
6.7855 -0.2087 3.75047
6.32483 0.96897 3.84646
5.80233 1.81948 2.69413
5.44644 1.66464 1.82477
6.17432 0.6774 1.46418
5.12141 2.02053 1.68504
4.54749 0.39775 2.11222
3.64407 0.37318 1.94005
3.60708 0.42724 1.97544
3.73494 0.26363 0.52436
4.11297 1.60865 0.62136
3.68582 -0.37352 0.90375
2.44973 1.06438 1.91097
1.93409 0.03944 1.49199
1.47543 2.32953 1.09612
2.84199 -0.33107 2.48503
2.29835 1.40293 0.90017
2.82515 0.6091 1.62238
3.23672 0.08042 0.21928
2.40924 0.61353 -0.1393
0.37103 0.44141 0.43077
0.2287 -0.67935 0.46501
-0.25996 1.24731 0.91834
0.70985 0.90119 1.28133
1.53727 0.75961 2.12744
1.99722 0.46486 1.4797
1.81524 -1.91464 0.38075
1.6875 0.76546 1.08607
1.51502 0.40407 1.51989
2.09332 -0.1817 -0.10799
1.32513 0.16181 0.31646
2.07746 0.97659 1.11867
3.03474 -0.75856 2.2526
2.5793 0.72488 4.11371
1.94619 -0.1254 4.13909
1.09532 -1.93184 3.23306
2.94108 -0.70846 3.85916
2.78433 1.52509 2.76198
2.36903 0.98978 1.48615
3.06671 1.25523 2.02253
1.74983 1.23677 2.7539
0.93662 1.38844 2.50247
-0.33266 0.35455 3.19361
0.30139 1.75265 3.05319
1.7841 0.84113 3.10449
2.33842 0.85306 2.16228
0.82753 2.2181 2.95662
1.35865 1.46563 2.57734
2.11539 1.89192 3.56445
4.27794 1.70542 4.30141
4.63508 2.84267 3.05452
5.32452 2.81903 3.67221
5.79863 0.9573 3.24135
4.66725 0.8634 5.08171
5.36552 0.80498 6.42883
5.40488 1.90046 6.25186
6.74756 0.19736 6.82328
6.63608 1.65131 5.9928
4.27801 1.50815 5.70797
4.08866 1.36065 4.81762
4.2486 1.48946 6.53325
4.02008 0.14449 8.07105
4.18812 0.56129 7.73338
4.46641 1.14488 6.31028
4.94827 1.44964 8.00917
4.42917 1.33564 7.21975
2.41482 0.2067 7.32979
2.34532 1.57793 6.37991
3.31431 -0.01893 5.61294
5.9174 0.72126 5.61748
4.89426 0.0539 5.99425
3.89807 3.19676 4.82518
