-0.79192 0.27611 0.28426
-0.28743 1.60535 0.00146
-0.96353 1.29052 -0.3896
-0.48878 -0.11428 -0.38997
-0.22214 3.50043 1.85634
1.20422 1.56377 4.08148
1.32474 -0.49254 4.90479
2.67083 0.53151 3.0492
2.34067 -0.15163 2.73008
3.13092 0.85192 0.51485
0.89795 -0.71141 -0.07778
1.60392 0.04718 1.1851
1.84368 -0.38964 0.70186
0.11158 -1.62448 1.3938
-0.32807 -0.33862 2.73906
1.10029 -1.14285 3.16022
2.36003 -0.9869 4.70692
3.88161 0.37241 5.25921
3.04332 0.18809 4.77998
1.53804 1.36993 3.43566
0.63956 0.3924 3.8581
0.04143 -0.77939 3.09345
1.41332 -0.00567 2.94876
1.10111 1.16214 2.13093
0.54791 0.8927 3.16318
2.01567 -0.71337 3.21602
3.22538 0.14643 1.32778
1.48338 2.41948 -1.16559
-0.749 1.08402 -0.55981
0.28725 0.54042 1.08086
0.16845 1.60245 2.38285
0.66801 -0.47575 3.76697
0.49158 0.58919 1.07601
1.83498 -0.50905 0.37831
1.51954 -0.36915 1.51919
0.34912 1.02067 2.03288
-0.11181 2.58951 0.85358
2.68483 0.39099 2.49777
0.75529 -0.15924 2.19409
0.97603 -1.18988 2.95005
0.9813 -0.66085 2.11142
1.80581 -1.95007 2.05333
0.60163 -0.36138 2.22928
1.13906 0.21855 3.21886
-0.05123 0.32234 3.38691
0.64729 -1.32659 2.74129
1.45233 -1.44453 3.03364
1.11849 -0.27368 2.30506
1.48049 -1.00639 2.89107
-0.22533 -0.4631 2.52575
-0.63606 -1.21161 3.63215
0.07898 0.48343 4.2512
1.69416 2.24357 4.26842
2.75171 1.14757 4.21798
2.48696 0.0471 4.19173
1.92877 -0.4104 4.03448
2.09223 -0.46927 4.49846
1.95002 -0.43753 5.50848
1.70567 -0.29997 6.75461
2.79962 0.45566 4.99024
2.88493 -0.12272 4.50478
0.79061 0.35606 4.23818
1.07432 0.49504 3.65098
0.82616 -0.94558 3.65229
-0.68315 -1.95963 3.43496
0.94268 -0.1645 2.62866
2.56281 -0.32155 2.25305
2.13233 -0.04665 2.58081
-0.41004 0.39672 2.10125
0.84638 -0.827 0.70289
1.98915 0.76578 2.06166
1.2255 -0.61667 3.00038
1.21573 -0.37794 2.24675
2.25102 0.06185 1.92966
0.89188 -0.46905 -0.20634
0.87515 0.9044 0.41043
-0.39184 -1.0077 1.17465
-0.04961 -0.46877 1.28654
0.94445 -1.17277 -1.15075
0.83446 -1.41438 0.12377
0.43324 0.03727 -2.35706
0.09414 0.00624 -1.59254
-0.3443 -1.18634 -2.09609
-1.15692 1.05427 -2.54526
-0.62833 -0.481 -3.65643
-0.17517 -0.62771 -4.28488
-0.43881 1.31888 -5.38893
-0.38407 -1.56383 -6.07188
-2.0977 -1.25427 -4.12505
-2.20724 -0.74055 -3.86749
-2.58179 -1.08089 -3.34907
-3.38933 -0.62702 -4.18005
-1.69296 -0.42146 -2.41692
-1.13141 0.20662 -2.17392
-1.36973 1.27138 -1.40701
-2.4173 -1.46904 -1.22911
-0.83587 -2.18095 -0.27025
1.0444 -1.92245 0.03183
1.93451 0.0689 -0.9007
1.46032 0.83903 -0.01983
1.12981 -0.79087 0.7785
1.08975 0.94052 0.4418
1.81 0.5168 0.32122
1.93435 -1.38248 -0.09081
2.10432 -0.22581 0.3372
0.32535 0.34326 -1.00183
0.98306 -0.55364 -1.63232
-0.27979 -1.01704 0.0101
-0.48267 -1.38922 -1.22203
-1.76742 0.03306 -2.58394
-0.98218 -1.03501 -2.32271
-2.90835 0.85102 -1.06143
-1.31974 0.30203 1.23246
-1.79685 1.31659 1.8527
-0.04047 1.257 1.96256
0.42748 1.38419 2.93341
2.14711 -0.69668 2.95771
2.97848 0.02062 4.03342
4.16139 -0.20268 1.93116
1.66501 0.82813 3.04127
1.64712 -2.30457 1.70607
0.89835 0.20853 1.19839
-0.81314 0.59246 -0.80513
-0.9832 -1.53134 0.01312
0.96708 -1.67711 -0.81795
1.20261 -0.13068 -2.83802
-0.09601 -0.03605 -3.37025
-2.75653 -1.51895 -4.47467
-2.73546 -0.79552 -4.08771
-2.62429 -1.19988 -4.21607
-3.58217 -1.51362 -3.55406
-3.8777 -0.84555 -4.48319
-5.13667 0.97149 -4.46734
-3.59778 0.58727 -4.10153
-1.72372 1.63159 -3.41235
-0.58999 0.93334 -3.57916
-2.38013 -0.40174 -1.66397
-0.20232 -0.18085 -2.67732
-0.2621 1.91637 -1.32463
-1.58651 0.68999 -1.19037
-0.47859 -1.01302 -1.09403
-1.38008 0.74946 -1.19724
-1.91478 -0.6988 -2.3039
-1.22092 -2.33315 -0.41954
-1.0102 -2.15575 -0.23396
-2.34306 -1.15107 0.59974
0.02497 0.7791 -1.39346
-1.17841 2.40746 -2.58842
-2.39158 0.7059 -3.46329
-3.4209 1.00016 -1.27977
-1.48414 -2.53728 0.05217
0.96774 -0.44076 0.72203
-0.85068 0.28273 -0.79929
-1.65605 0.93164 -0.9734
0.18848 0.21148 0.37995
1.03463 -0.35787 1.39358
1.75578 2.85061 -0.01
2.18399 -0.49623 -0.31449
3.15865 0.40327 0.34399
4.03471 -0.91635 -1.55114
1.73095 -0.12363 -0.82474
0.28845 -0.20892 -0.16294
-0.73606 0.67401 -0.87213
-0.20598 -1.04504 -2.16014
0.7742 0.73367 -2.2267
0.2533 -1.18435 -3.11857
-2.86363 -0.15123 -4.28244
-3.48232 -1.07243 -3.77623
-4.13422 1.5509 -4.74335
-4.26781 1.36048 -3.91297
-4.58699 0.08239 -4.34418
-4.44769 0.00387 -3.62888
-2.49322 -0.39274 -3.51991
-2.95643 1.18446 -2.31541
-1.15323 0.61075 -2.22639
-0.66062 -0.32978 -2.09616
-0.13564 1.66912 -1.74604
-0.53303 -0.37303 -0.97852
-1.07493 1.24274 -0.952
1.55348 0.76448 -2.30843
0.06478 0.72918 -0.79751
-1.26191 0.1454 1.34169
-0.86037 0.32171 1.58355
-0.13424 0.0064 1.25059
-1.10327 -0.7114 2.1231
-0.93134 -0.78143 0.49633
-0.13407 -0.27163 -0.46077
-0.41634 -1.33754 -0.89125
-1.42196 -1.35316 0.28741
-1.97714 -0.3271 -0.19083
-2.29878 -1.46182 -1.67292
-0.9317 -0.9994 -1.35534
-0.56306 -0.44793 -3.42797
-1.48519 -1.69215 -4.67557
-1.76386 -1.08592 -4.05296
0.74097 -0.51578 -4.58629
-3.06232 -1.15818 -5.02232
-5.10812 -0.41778 -2.8557
-4.35199 0.02941 -2.38654
-4.08346 -1.02064 -2.058
-3.57942 -1.19959 0.17008
-3.31947 0.38418 2.25392
-2.76621 1.43163 1.42219
-3.13577 -0.93861 0.56346
-1.73757 -2.129 2.54244
-0.79197 -0.244 3.035
-1.2506 0.37111 1.40112
-0.8882 0.06408 1.08807
-0.91098 1.3309 0.09114
-0.84789 1.28284 -1.14444
-1.3076 0.48203 -1.04173
0.22231 0.00702 -0.40025
-1.05759 -0.22135 -1.60732
-3.08393 -0.80623 -0.95679
-2.26982 -1.7857 0.14283
-1.69259 0.8113 0.41724
-2.36184 -0.41144 -0.07588
-2.3342 -0.04521 -0.15872
-2.56368 -1.91319 -0.34731
-1.38508 0.86251 -0.62224
-0.7514 1.1633 -2.54492
-0.27711 0.31884 -3.38381
-0.3794 0.12672 -3.35547
0.49969 1.3791 -3.76617
-0.60358 -1.68237 -5.62399
-0.78779 1.06242 -5.46782
-1.64924 -2.02329 -4.97785
-1.308 -0.01058 -4.58973
-2.88625 -0.11649 -3.65391
-2.27377 0.95484 -4.28467
-2.96539 0.23285 -4.95524
-0.88796 -0.67778 -2.92411
-2.2324 1.59907 -3.84401
-1.41217 2.08925 -3.59609
-2.84335 0.4532 -4.38649
-1.44598 0.55253 -2.87692
-1.36664 -0.01356 -2.28916
-3.35838 -0.50751 -1.79092
-0.85794 1.73197 -1.56263
-1.80905 0.6476 -0.25074
-0.94243 -0.60707 -0.26793
0.67299 1.16015 -0.98442
2.08488 -0.44159 -2.14642
-0.75427 -1.03184 -1.478
0.01664 0.3906 -1.5451
0.61088 -1.84906 -0.79427
-0.06288 -0.04184 1.93005
-0.41269 -0.955 2.17405
1.54598 -0.41209 0.83832
1.71436 -0.36268 -0.15257
-1.53533 -0.06887 -1.09468
-2.33253 -1.02346 -1.4983
-2.09413 0.58186 -3.00373
-3.63372 -0.95962 -2.09366
-1.89564 2.24634 -1.94843
-1.38554 -0.70303 -0.71848
-1.17277 -0.23318 -0.63669
-2.19284 -1.59834 0.59557
-0.59881 -1.22329 -0.42388
-0.35704 -0.67171 -0.224
0.62589 1.42072 0.48863
0.4403 -1.22462 1.59915
2.68399 -2.10209 2.1088
0.79188 -0.45052 1.08928
-0.05109 0.01975 2.15325
-0.16339 1.31525 0.27607
-0.2329 -0.27516 -1.26735
-0.93081 1.5384 -0.55145
-0.05705 0.98648 -2.27002
1.11242 -0.47305 -0.58381
-0.21208 -0.20992 0.1076
-0.62113 1.09214 1.06892
1.98816 0.02052 2.3072
-0.59049 -0.07364 1.83137
0.45034 -0.02561 4.13092
-0.96019 -0.11132 4.67678
1.37083 0.95721 4.34535
0.53389 -1.30128 2.91976
0.2085 -0.14056 2.64759
-1.20518 -0.72863 0.26684
-0.68149 1.57735 0.50968
-0.57043 0.36016 -1.76749
-0.83276 0.02213 -4.19306
-1.28106 1.44021 -3.6515
-2.97489 0.37039 -3.59375
-1.44444 1.98849 -1.91642
-0.81938 -0.00242 -1.94734
-0.92858 0.31164 -1.98287
-1.46107 2.58649 -0.69547
0.38762 0.02632 -2.30382
0.6704 2.55064 -1.68776
0.97239 0.30353 -1.16762
-0.00755 -0.13552 -1.1495
-1.68924 0.63627 -0.27356
-1.47828 1.24286 -0.51143
-2.26667 0.84044 -1.74607
-1.56387 1.32048 -0.39358
-0.00035 -1.71542 -0.50528
-0.80216 0.21718 -0.30109
2.62477 -0.1746 -2.41969
