-1.04984 -1.08177 0.45366
-1.16527 0.54216 0.36179
-0.54721 -0.18474 -0.71363
0.8268 0.59615 -0.2451
1.95183 -0.41674 -1.02807
0.74405 -0.3978 -2.78436
0.11315 0.2559 -2.42635
0.53671 -0.71626 -3.25514
0.20513 0.01197 -3.15306
-1.38935 1.55656 -4.10687
-1.49157 -0.68569 -4.20434
-2.19939 -0.24259 -4.00586
-2.34166 -2.43852 -2.394
-4.30372 -2.11993 -2.62676
-2.64401 -1.04078 -2.48133
-3.61513 -2.19044 -1.95663
-4.56162 0.90807 -3.09197
-3.87811 -0.56348 -2.3139
-4.35814 0.41725 -2.99601
-4.24917 -0.00339 -1.94286
-4.53524 0.74214 -2.09589
-4.8686 -0.16327 -1.38108
-4.77339 -0.06909 -1.86923
-5.59709 0.84181 -0.41512
-4.19947 0.78267 -0.31379
-5.064 -0.88986 -1.89152
-5.93842 2.00967 0.08476
-5.03337 0.19263 0.01884
-5.43519 -0.4649 0.41819
-3.52581 0.08962 3.27375
-4.60312 0.03756 3.11394
-3.13446 -1.1274 1.71407
-1.32922 -0.31776 -0.16487
1.18491 -0.28311 -0.13796
-0.37776 1.01964 0.54939
-1.22502 -0.03774 0.22412
-2.46289 0.26918 -1.14719
-1.3656 -0.2188 -2.01338
-0.60565 -1.25111 -2.92436
1.93167 -0.7341 -4.99729
1.10077 -1.14113 -3.14022
1.39234 1.02122 -4.69565
0.62431 0.67284 -4.17191
1.32338 -0.81293 -2.53222
0.06647 -0.279 -2.55098
-2.67934 0.26424 -1.71396
-3.41049 1.6079 -0.2364
-3.76117 -1.05832 0.33474
-5.15165 -0.21617 1.56065
-3.6193 2.39794 0.82413
-2.72071 1.85274 1.18597
-0.74121 1.88253 1.50425
-0.36571 0.22736 3.22584
1.073 0.01094 3.68765
3.58948 0.64111 4.85503
5.93565 1.79657 4.34461
6.78075 0.19959 3.83947
7.491 0.17599 3.25337
8.37494 -0.30083 2.11876
8.45256 0.78647 1.62617
6.68958 -0.84983 1.58029
3.21779 1.24653 1.27099
2.91071 1.95314 -0.03265
2.71854 -0.90669 2.13581
1.84459 0.46305 1.02311
0.77599 0.7366 0.34976
0.52798 0.41116 0.59743
0.51248 -0.33641 -0.3533
0.48413 0.00286 -0.4511
0.47723 -0.25609 0.22146
0.69324 -0.84262 -0.08836
-0.33045 0.67562 0.74738
-0.69784 -0.6051 2.44268
-2.02677 0.49788 2.41143
-1.46746 -0.27161 0.47401
-2.92954 -0.69094 -1.17824
-2.70567 0.78808 -2.21271
-4.07869 -2.32826 0.66403
-3.23314 -1.52378 0.6078
-3.16999 -0.96211 -0.72724
-1.59491 -0.85345 0.80888
-1.19714 -1.35177 -1.91316
-2.22367 0.87791 -0.90425
-0.83655 -0.4083 0.42511
-1.49361 0.18082 -1.22968
-1.74777 0.40138 -0.95713
-1.39692 -0.85895 0.14236
0.11711 -0.54847 -0.80439
-0.34354 -1.17732 -0.22261
-1.44718 0.57743 -2.27072
-1.00274 -2.06959 -1.35521
0.19802 -1.55077 -3.14962
-2.59834 -2.02234 -3.06824
-3.57668 -0.90802 -1.48985
-5.89269 -0.55897 -2.1374
-5.02421 -0.05017 -3.16021
-5.66755 0.4157 -2.95159
-5.65247 1.36139 -3.34209
-5.80293 0.13287 -1.86406
-4.68719 0.95802 -1.58639
-3.97046 1.45746 -1.11567
-2.33924 -0.56268 -0.07203
-1.35657 -0.46004 -0.30867
-2.70765 -1.57358 -0.45109
-2.5997 -1.04877 -1.19441
-1.97032 0.54911 -1.15155
-0.06319 -1.83265 -2.58695
-0.24217 1.47389 -1.71334
0.56972 2.11178 -1.1073
-0.93548 1.67115 -1.88774
0.48349 0.62885 -2.73417
0.86154 -1.35216 -1.37852
-0.39446 -0.30716 -3.46976
-1.01658 -0.77621 -5.33715
-2.71249 -1.1085 -4.57701
-3.11046 -0.87709 -2.16206
-4.33632 0.81817 -0.13544
-5.17769 1.31075 -0.74853
-6.12676 1.06199 -2.0631
-4.65327 1.01767 -1.03069
-4.13061 0.63273 -0.48856
-5.20651 -0.10745 -2.00255
-4.73254 -0.05393 -2.56427
-1.72215 -0.33657 -2.66278
-1.77291 0.85669 -1.78314
-0.58996 1.65097 -0.47951
-1.04936 0.79789 0.34744
0.44084 1.21432 0.23534
-0.15452 1.36009 -0.78126
-2.679 -1.56247 -0.76368
-2.39559 0.2144 -1.2644
-3.0273 0.41052 -2.34657
-1.10376 0.61876 -2.87398
1.90116 1.48579 -2.18781
0.92266 -0.13517 -2.23492
0.57786 -0.44306 -2.4155
-0.27382 -0.0179 -1.86957
-1.31887 -0.64807 -3.88343
0.45586 0.14536 -1.61908
0.27463 -0.83681 -1.86585
-0.72951 0.05506 -0.99337
-1.2895 -2.21814 -0.38941
-1.19244 -1.25185 0.26768
-1.85224 -1.41918 1.07972
-0.0461 2.07754 1.20717
-1.27069 -0.03379 2.87463
0.02255 0.59292 3.04892
0.89055 -0.71122 3.15291
-0.30561 -1.06478 2.49287
-0.17012 -1.76106 2.84682
0.27314 -0.92241 2.33427
2.81904 -0.20713 2.66403
2.7402 -0.82243 3.3788
1.62827 -1.13074 0.73082
1.0306 -0.21417 -0.9979
1.16949 -2.09058 -1.46907
-0.29391 -0.33215 -1.84591
-0.71409 -0.63724 -2.67285
-2.35189 0.16297 -2.55532
-5.37544 -0.79659 -2.08763
-4.48012 0.08014 -2.31989
-2.74188 -0.20904 -2.68676
-1.77724 -0.34192 -2.59401
-2.25935 -1.59135 -1.90519
-3.46607 0.99019 -1.021
-4.07473 0.12114 0.77002
-3.8285 0.31588 -0.82908
-2.83619 0.17101 -1.02965
-3.91236 -0.79401 -0.02254
-4.32476 -1.08537 0.17694
-3.18761 0.46756 1.08394
-1.85749 1.77621 1.56132
-0.53173 -0.00569 1.30666
-2.21843 -0.55293 1.21233
-2.72117 0.24261 1.85429
-3.19425 1.75497 -0.01113
-1.14286 2.00659 1.55536
-0.12926 1.07096 0.79277
-0.72524 0.18866 1.906
-0.55354 0.17389 3.33138
0.58213 1.11175 4.55818
-1.36562 0.86881 5.21058
1.16777 0.2591 5.81103
0.96267 0.44675 3.70606
2.13533 0.80863 3.53625
2.1664 -0.66015 5.8246
1.43242 -0.14585 5.00742
2.07147 0.02984 4.93045
4.61018 -0.59771 3.98692
4.71687 -0.997 2.75057
3.26936 0.0375 2.83117
4.31559 -1.55855 1.46107
2.63425 -0.93232 2.1944
1.77793 0.42127 1.17089
2.56099 0.13923 0.3241
2.15843 0.60436 0.37145
1.35764 -0.23973 2.32202
0.96104 -1.11275 -1.11704
2.11239 -0.52507 -0.84023
0.1569 0.84769 -0.13961
-0.5512 1.48599 -0.41261
-0.57554 0.68599 -1.78204
-0.06184 -0.77072 -3.11822
-0.35106 -0.40221 -5.10229
-0.84064 0.95168 -3.69168
-2.53562 0.88423 -3.59986
-1.63612 -0.5485 -1.31504
-2.95344 -0.46046 -1.5646
-2.51334 -1.16272 -1.17017
-1.62569 -0.53563 -0.86048
-0.38308 -0.44043 -2.30343
-0.03423 -1.04631 0.54953
0.18265 0.22358 0.63715
-2.25721 -0.19689 0.45621
-3.62884 -0.11838 1.42812
-4.82321 0.69332 1.15787
-5.09294 0.94775 0.76181
-4.07124 1.88596 1.11916
-2.86224 -0.31333 0.85437
-4.0897 -0.61468 0.03019
-2.24331 2.05296 -0.8736
-0.02487 2.19524 -0.59735
-0.63296 0.48829 0.74703
-0.72531 0.10883 1.14356
0.1699 0.14736 0.3458
-0.3963 -1.40223 -0.14563
0.09283 -0.52604 -1.58108
-1.53303 0.6591 -1.07394
-2.86358 1.25147 -0.51934
-3.7246 0.85902 -0.85864
-3.10666 0.03597 -1.98561
-2.38441 0.29931 -2.67887
-2.29301 -0.57615 -1.80456
-1.40593 -1.5853 -0.91345
-1.648 0.78078 -2.11115
-2.55366 0.30979 -0.80884
-1.11024 0.93408 -0.50539
-1.37899 1.52462 -2.42236
-1.36387 1.2001 -0.9546
-0.34948 0.56312 -0.65296
-0.76814 0.14876 0.88071
1.18349 0.7758 0.20635
-0.6513 1.71856 -0.31848
-0.03365 0.21859 1.67415
0.91894 -1.2839 1.15413
-0.91332 -0.75706 0.4319
-0.16286 -0.31349 0.25153
0.9352 1.3298 0.3922
0.41986 0.65101 0.40394
0.7752 -1.60825 0.7293
1.40212 -0.37554 1.38905
0.99014 0.39574 0.1235
0.61979 0.85126 0.8737
0.78944 1.33054 1.7443
-1.84818 -1.10264 2.78266
-1.31234 -0.53271 1.79937
1.21193 -0.00329 3.12888
2.11817 0.14886 2.07886
1.71168 -0.21019 2.3143
0.42455 0.67346 2.55547
2.54436 -1.43035 3.0285
3.14274 -1.13282 1.4507
2.37228 -0.71253 0.82064
4.02297 -2.04133 1.12131
2.2306 -1.28174 0.28615
1.76181 1.34888 -0.26663
1.04153 1.79366 -0.34801
1.56333 0.15121 -1.18433
1.99421 -0.59734 -1.94874
2.04484 1.2711 -2.7523
3.12491 1.1775 -3.30097
1.43758 1.84126 -1.63426
-0.33986 2.8362 1.07565
0.85294 0.84408 0.46182
-0.6 0.62091 0.38597
0.51974 0.32325 -0.11469
1.59542 -0.68834 0.16874
3.01788 -0.79604 -0.651
2.64852 -1.14317 -1.52434
2.05342 0.47354 -1.81891
1.12585 -0.30915 -0.13577
0.48662 -1.09806 -1.23413
-0.99815 0.10772 -1.22885
-1.64995 -0.4465 -1.71458
-0.67659 -0.34683 -0.75089
-3.2485 -0.61219 -0.83156
-3.57181 -1.15105 -1.69385
-2.38096 0.49402 -1.09476
-1.39455 -0.00923 -1.19975
-0.27464 2.92443 0.88528
-1.56139 -0.46274 1.02128
-1.36553 -1.48353 0.05024
-0.889 -1.43827 -0.27421
-0.8804 -0.30061 -0.08692
-0.32833 -0.0495 0.22592
-2.47574 -2.10029 0.08619
-3.44122 -1.07704 -1.43731
-3.19549 0.38276 -0.49296
-3.62739 -1.04244 -0.73265
-2.52657 -0.78946 -1.13716
