4.49241 10.9832 0.35315
2.43065 12.57887 2.34116
1.3453 12.53061 3.30252
1.9884 11.27845 1.77009
4.54244 10.27483 1.72083
3.94238 11.78783 2.02291
4.12863 12.32006 1.54026
2.40733 13.15027 1.95379
2.98333 13.90239 2.58323
3.71886 15.74982 2.03933
4.60763 15.34055 2.92753
4.6996 16.50534 0.87811
6.19362 17.01319 2.02629
6.04391 13.79725 3.09104
5.48743 13.76589 4.07267
5.60214 13.9924 2.39713
4.66949 14.23231 2.40112
5.03532 11.99799 3.79884
4.09516 11.46607 2.96412
3.83518 11.64417 3.07163
4.29002 13.16632 3.32909
3.92219 14.2143 4.92498
6.03637 14.6616 3.29446
7.02041 12.31363 4.67475
8.30613 11.53243 3.93225
8.39952 10.11834 4.66766
7.55727 10.91018 4.96901
9.26538 12.49529 4.81256
10.1786 10.67847 6.71928
11.00206 8.66238 6.86409
11.61524 8.09565 6.0808
11.86639 7.7886 7.10626
10.67647 7.25579 8.59455
10.22492 7.95968 9.81735
10.19662 7.30388 10.14524
8.22529 7.58702 9.82181
7.07126 8.44073 9.81184
5.58282 9.601 10.12209
4.53378 12.74363 11.09943
4.18251 13.76421 11.74329
2.57507 12.08561 11.05146
1.41528 11.6945 9.44269
1.84899 11.44543 7.3889
1.73158 10.45394 8.04966
1.36075 11.03942 8.11112
2.61228 10.11078 8.27858
3.36748 11.63863 7.82402
3.93943 10.86456 6.37065
2.6973 12.09 6.76598
6.30247 10.67776 4.30471
5.47617 9.18881 5.29141
6.99887 12.00069 5.44211
6.45508 10.59456 5.99088
6.91787 12.33203 6.46865
7.2732 12.36748 4.95668
8.14182 13.62823 4.46377
8.36776 14.67179 5.25281
8.74295 13.42375 6.55823
8.353 11.30876 8.32775
7.79485 10.27385 9.48817
8.18957 9.52308 8.90449
5.76972 9.62743 8.61435
5.69034 10.73774 8.32462
2.83615 13.45883 7.42153
4.13739 12.79413 8.15937
3.89457 11.56357 7.50745
4.09931 12.95614 6.25672
2.83541 15.32195 5.35688
4.97391 14.74069 3.49411
7.12489 14.10467 4.87187
7.44892 12.26468 4.54923
8.53618 11.18259 5.39997
10.17617 10.39779 4.48011
11.60157 11.37698 3.86871
11.26299 11.38772 4.51606
10.12593 11.08921 4.21259
10.64944 10.33267 6.48117
9.11381 10.81952 7.51027
9.05743 8.62281 8.25126
6.54582 9.17762 8.81089
5.20771 9.92238 7.95653
2.41605 12.59464 7.05884
2.96937 11.13682 8.84705
3.32809 10.10028 8.74242
3.40161 11.11354 7.96078
1.76992 9.04428 7.04433
3.20148 10.44617 5.83837
4.81726 11.43332 6.78804
6.90238 11.97257 4.77669
8.0351 13.29519 4.44056
7.43165 11.80682 3.78617
6.56632 10.52133 4.05209
7.47759 9.48586 5.77947
7.56667 8.24364 5.08699
6.90078 8.31673 5.99464
7.06802 8.81869 5.97262
7.2849 9.23922 6.55973
6.76025 8.46454 6.07863
6.47013 8.12356 7.62851
6.47125 8.63097 6.78962
6.09117 6.93661 7.07282
6.54357 8.00026 8.60582
5.97681 7.10112 9.58859
6.54487 7.59693 7.90872
5.59444 7.21673 6.23891
5.36517 8.24521 5.54981
4.6623 9.77891 5.69163
4.51062 9.94388 8.00266
4.41334 11.03213 8.24728
3.98428 10.44613 7.24176
4.50859 11.36552 8.06951
5.24344 10.20203 7.42218
4.64026 8.50986 6.5373
3.97101 9.38845 4.56992
4.55678 11.88259 5.43173
4.55345 11.57055 5.49546
6.41722 12.29389 5.19972
6.86101 11.99385 4.1023
7.24412 12.29157 4.84906
7.81193 11.60137 3.85287
7.0332 10.02884 4.24546
6.69177 10.16288 4.4606
5.48603 11.29717 3.83508
6.4785 11.71739 3.09887
5.72422 10.10023 2.92575
5.46485 9.234 3.3034
5.04817 8.71745 3.77858
4.93112 10.52974 3.63271
3.98551 12.16466 3.04487
6.29487 13.36398 3.80679
8.03157 12.90699 3.63949
8.11482 13.93459 4.83899
9.04446 14.63027 4.25744
8.82317 13.58445 2.08571
10.15895 12.41072 3.80609
10.26851 12.27334 4.09358
9.35291 10.80949 6.27805
9.03967 10.29786 5.78456
10.94329 10.62589 6.49804
8.34444 11.27101 8.78251
8.24601 10.23367 8.3887
9.55198 8.24615 6.93934
6.87205 8.78061 8.05255
8.51137 9.08484 8.45825
8.17385 8.90653 9.73046
7.83604 8.43099 9.83636
6.31785 10.47427 8.65818
5.26446 11.77325 7.43414
6.15156 14.43955 8.01039
4.97167 14.26422 7.87694
5.44185 14.2307 8.39454
4.15276 13.96059 8.64047
3.83359 10.49168 9.61539
3.52582 11.88772 8.83126
2.16961 13.09445 8.8802
2.3631 12.82043 8.04277
2.72353 13.26871 6.55944
3.46525 12.48003 5.48378
5.07721 12.60943 5.07716
6.23762 13.13928 4.76329
5.87367 13.81347 3.07736
5.20227 15.62804 4.11638
4.31775 14.71496 4.39682
4.92779 16.12642 6.06081
5.51417 16.72528 6.11076
7.28388 17.19366 4.26018
9.24649 16.52761 2.10702
8.26915 15.66062 3.46874
8.40835 15.18668 4.38172
6.92016 12.94059 7.83113
7.08519 12.93776 8.59929
5.82263 11.86405 8.37276
7.82707 12.12032 9.04121
6.73131 11.18715 10.10097
5.98473 12.26741 9.43103
6.09016 11.83118 9.30256
5.27093 9.23677 7.94226
2.44875 9.21734 5.77891
1.58419 9.98368 6.13533
2.54287 10.65064 6.46737
4.23801 8.41846 6.0149
4.1201 9.32504 4.29916
5.56375 10.24389 4.93706
7.90718 10.83852 5.21196
9.11604 10.26215 5.36805
8.39914 8.49852 7.0735
8.59866 9.18844 5.94407
8.83602 8.30458 6.79294
10.51114 9.24632 7.48601
11.67919 8.15481 8.71826
11.44605 7.63762 8.5073
10.3852 8.04884 10.04691
7.58275 7.40554 11.28148
6.25378 7.45851 13.66277
6.988 5.96029 12.05112
7.31933 6.09928 10.8205
5.54176 6.37168 10.63146
5.61076 5.92715 9.24706
5.16785 7.34299 8.82024
4.68593 7.16223 8.82248
6.01193 7.17535 7.01341
5.41774 7.77815 7.87533
5.6214 9.1999 5.49612
5.60363 8.88263 5.2934
6.30214 10.35987 7.22276
7.44813 10.65845 4.74781
7.23044 11.09201 5.90951
8.2724 11.31895 5.20971
9.55421 10.92127 5.6791
7.55637 9.60883 5.22766
8.24468 7.87846 6.30313
7.90462 7.96417 4.825
7.77658 8.3383 4.57821
9.90285 8.49878 4.59334
9.89534 7.46933 3.72598
7.73014 6.16809 4.18992
8.87554 5.68242 4.80642
7.81008 7.02536 7.26902
7.71794 8.10615 6.64738
8.41855 7.75475 5.52269
7.53689 8.65016 7.29197
8.35509 7.5932 8.24317
6.60378 9.17793 10.36556
6.29392 8.10753 9.26822
4.20884 7.21454 9.28355
4.31536 7.30819 9.63123
4.4238 8.07259 8.27888
5.31145 8.43873 6.01647
3.20873 7.97724 6.09118
3.2926 8.83665 4.93712
5.2398 7.16195 6.71961
4.54221 6.53179 8.50085
5.03732 9.13385 6.58413
3.81712 9.24805 4.35753
5.16049 10.04364 4.50784
6.76183 11.68674 3.25794
6.96598 11.23224 4.43716
7.29329 11.44797 3.37564
7.66432 11.76507 4.3313
7.66591 11.04169 4.27861
9.0739 10.26139 2.85946
10.87217 10.41316 4.27335
10.66023 10.89403 6.08852
9.52001 9.36909 6.67149
8.99771 9.40296 6.33306
8.57191 11.06238 7.14195
7.42711 9.23522 5.44429
5.4976 9.16093 6.69783
5.54555 10.55909 9.05528
6.8719 12.0172 8.90948
5.81949 11.63206 9.12548
3.2515 10.47989 7.25536
2.62179 10.84221 6.37307
3.79518 11.38659 5.84353
4.11342 11.1808 6.05201
2.43563 11.52083 5.53148
4.27572 11.5761 6.9963
5.66794 11.0326 5.38602
5.80325 10.27898 5.36241
4.96106 11.1314 5.65065
6.14481 10.80905 8.18312
5.80448 11.65601 8.03949
5.4035 12.3636 8.53086
5.62072 14.11796 6.89439
3.90456 15.75425 6.55225
4.60111 15.69352 7.15641
5.03941 15.01663 7.71565
4.03458 14.65703 7.33428
4.47061 15.44725 6.02066
4.45763 16.56301 7.30001
6.58518 17.21399 5.58426
6.94655 15.96147 4.49848
6.77476 15.16179 3.98163
6.96173 13.32534 5.62675
7.06521 13.45109 6.24292
7.64499 12.04238 6.82462
8.86781 12.60578 6.33036
10.20615 10.67507 5.82366
9.76587 11.19668 5.07697
9.44651 11.18953 7.14176
10.09516 9.30017 6.57288
8.24687 8.50058 7.31793
7.1469 9.83335 8.58856
6.72553 8.37912 8.0449
7.82482 8.13822 8.24236
8.30483 9.23692 8.55115
8.51141 10.11099 8.73701
7.81866 9.01497 7.56415
6.15598 10.0015 8.24025
8.48723 10.05989 7.36443
6.42987 10.34171 7.77051
5.62146 11.38657 9.11072
5.45872 12.69993 9.00459
3.52338 12.61501 10.93973
4.43351 13.79165 9.81137
3.48061 13.54715 10.28179
3.60758 13.78515 8.72726
2.51175 11.53138 7.27153
2.63544 10.39351 5.38357
4.0086 9.68785 4.34671
