-0.0524 -0.56933 0.95122
-0.95899 0.40068 -1.11939
-1.27037 -0.0847 -0.09842
0.50008 -0.72391 0.31002
-1.19808 0.32627 -1.13758
-1.12891 -0.42278 -0.29168
-1.06802 -1.47248 0.81105
-1.94204 -2.01727 1.87065
-0.10196 -0.85233 2.01208
-0.15856 0.58254 0.34871
-0.9927 -0.29092 -1.05656
1.01542 -0.02309 0.28938
1.09846 0.30353 -0.61962
-0.26773 -0.39937 0.47031
-1.12623 0.92506 -1.35303
-0.02057 -1.70414 0.76334
-1.726 -0.84358 0.22605
-0.88627 0.62675 -0.16968
-0.03698 -1.11662 1.04708
1.66333 -0.165 -0.33616
-0.49259 0.72455 -0.26053
1.6522 0.36301 0.41847
0.41117 -0.70768 0.82682
-0.94838 1.0866 1.02533
-0.18045 0.64469 0.17168
-0.1568 1.48446 -0.6505
1.90724 0.54661 -0.27654
-0.13627 1.64894 0.54742
0.13939 -0.14611 1.44199
-2.04132 -0.82283 0.66069
-0.36407 -1.70145 -0.19099
-1.87123 1.67455 0.30366
-1.2996 2.9528 1.22407
0.94341 -1.51037 1.41734
-1.52009 0.18727 0.0677
-1.53695 -0.80509 2.39846
0.88436 -0.77512 1.22075
-0.26174 -0.49656 -0.04295
-0.37124 -0.24965 -1.6636
0.64232 1.482 0.47217
0.64291 0.73931 2.26785
1.27015 1.60837 1.80074
-0.5869 1.44977 2.39806
-0.07314 1.06463 0.51984
0.8698 -0.41367 -0.78618
0.86303 -0.23375 1.37993
-0.51692 -1.0386 1.93137
0.27748 -0.47084 1.49943
0.20272 0.27617 0.89778
0.07482 0.66372 1.04732
-0.71216 0.06277 2.24616
0.99306 1.47987 0.23183
-1.51456 0.31683 -0.56124
0.91352 -0.41023 0.71361
2.12263 0.86053 0.49975
1.00203 -0.66846 1.89617
-0.30793 -0.2957 -0.96814
0.31542 0.40439 -0.05002
-1.19426 1.93761 0.92065
0.40985 0.58363 1.05913
-1.18114 0.54444 -0.11042
-0.49684 -1.35008 1.41394
0.7158 0.09287 -0.06567
2.25515 -0.20352 0.27409
0.5226 -0.90932 1.42463
-0.02477 1.64399 -0.00901
0.28635 2.18224 -0.61475
-0.3092 -1.28153 -0.6801
1.88752 0.39936 0.05591
0.03076 0.54924 1.74482
-0.21701 -1.01916 0.10773
-0.05617 -2.32235 0.07424
1.18666 0.32055 -0.49244
1.26273 -1.50094 0.61875
1.22523 -2.34824 2.52646
0.39636 -1.90897 1.38345
1.97893 -0.02729 -0.16789
-0.40131 2.18253 3.14795
0.4547 1.33307 1.10983
1.04596 -1.69898 0.87296
0.55512 -0.85186 1.90113
0.78068 -0.96082 1.32632
1.02273 0.24545 1.51718
-0.2321 0.36057 1.95891
0.17614 -1.11373 1.82698
1.07881 0.94178 0.42162
1.05407 0.96167 1.08607
-0.43253 0.47055 1.57442
1.44267 -1.14594 1.60127
0.61001 -1.20031 1.20201
-0.1463 -0.34232 0.24392
1.94982 0.8546 2.09682
-0.30543 2.04209 1.48367
-0.60819 -1.71769 0.06536
-0.55812 0.2655 0.9073
-0.02183 2.86879 2.19799
0.57958 -0.69844 1.84169
0.22106 0.42904 1.92441
-0.26112 0.40422 0.68216
0.95631 -0.10687 1.73267
-0.49993 -3.48716 2.92547
0.60265 1.83168 0.82862
0.70881 1.55634 0.27041
1.23302 0.36875 -0.38101
-0.85283 -1.65675 -0.17673
1.34884 -0.15513 0.51879
1.7363 0.03891 2.38042
0.65359 -1.22491 2.31647
-0.78209 1.02799 -0.02086
0.06616 1.27032 0.68045
0.00156 -0.66259 0.3374
1.52204 -0.08822 0.75285
0.04797 -2.31917 1.8278
1.4557 0.46592 1.00234
0.17971 -0.82541 3.17611
-0.51312 -0.2023 1.35638
2.17263 -0.32018 0.12701
2.44052 -1.95961 0.43317
2.29557 -0.65907 -0.17804
-0.41816 0.00233 0.4126
1.64922 1.07142 0.5334
1.15079 -1.11026 0.23322
1.43393 0.38756 0.58763
-0.35423 -0.03592 0.90973
0.62477 -2.23432 2.29366
-0.8358 0.42433 1.22667
0.31347 -0.54568 -0.14982
0.5385 -0.87957 1.22266
-0.81972 -0.30698 0.88835
-0.48686 0.04103 -0.19508
0.44097 -0.21445 -0.77545
0.69296 -1.04908 0.08944
-0.49821 0.05633 -0.06303
-1.29983 -0.43752 0.07268
-0.81673 0.13729 -0.75076
0.37645 -1.84988 0.16735
1.25456 -0.23085 -0.07942
1.36048 -0.35735 0.0238
1.12657 1.36627 1.21323
-0.11908 0.14798 0.37746
0.36253 -0.39464 0.80643
-1.67718 -0.87888 -1.69223
-0.05714 -0.37562 0.44957
0.6949 1.09692 0.59495
0.35108 1.661 -0.48068
-0.04679 -1.94161 -0.35833
0.70209 -1.87406 0.98861
0.45782 0.39937 1.34612
-1.19507 0.2549 2.79843
-1.16123 1.10716 2.0791
0.27906 -2.59585 2.31327
-1.14521 0.53889 1.68322
-0.04779 0.10417 3.21468
1.51157 0.40728 2.3198
0.90605 -2.32899 2.79224
2.23126 -0.03454 0.54679
0.12291 0.4666 0.70298
0.0606 -0.50603 0.03692
2.83925 0.89515 -2.57643
1.44793 -0.44533 1.44445
-0.97871 1.03974 0.15927
-0.9444 -0.2756 -0.29611
0.74287 -0.09817 0.87317
0.39345 0.44397 -2.50034
-0.88245 0.52923 -1.99143
-0.19148 2.40642 -1.3462
-0.87309 -0.46691 0.27805
-1.10287 -0.43843 0.20011
-2.53472 0.65992 1.47475
0.75626 1.13064 -0.28514
0.74716 -1.39403 -2.07253
0.81244 0.67683 0.61625
0.60605 0.30379 -0.02877
-1.69978 -0.48819 -0.61709
-0.50511 2.01079 0.08604
2.02736 1.31148 -1.58664
2.00447 0.03031 0.78982
-0.74248 -2.07865 1.42028
-1.35378 0.01896 -0.37405
0.95928 0.21284 0.30461
-0.34798 -0.51749 0.67973
0.14045 1.28513 -0.20593
0.165 0.39445 -0.32864
0.04266 -0.55298 -0.17274
0.39409 -1.6028 1.54523
-1.90767 -0.48982 2.10396
1.18682 -1.01418 -0.549
0.18017 0.1624 0.7002
0.41821 -0.74081 0.80026
-0.91423 1.84065 0.1742
0.48433 0.71421 -2.0104
0.19372 -1.06614 -0.19006
-0.16366 -1.33853 2.13847
-0.47633 0.11002 1.03144
-0.37809 0.3694 1.50343
-0.53669 -0.23446 2.86362
1.12384 1.47976 2.53475
2.22098 -0.48628 3.45613
1.355 0.34395 2.25464
0.27576 -0.26375 1.20532
1.86816 0.61896 -1.07121
2.10255 -1.13935 -2.65824
-0.02547 -0.26471 -1.26557
-0.2529 0.20105 -1.71889
0.39764 -0.52366 -0.47899
-1.28141 -0.09816 -0.63456
0.20057 0.4653 -1.3835
-0.00901 0.53397 -0.25604
-1.66651 -1.66509 -0.61683
-0.39409 0.03542 -0.70745
0.75304 0.1882 -2.7683
-0.6985 -0.30706 -0.94381
-0.0567 1.02344 1.51358
-0.28662 -0.66772 -0.35168
-0.45548 -0.99841 -0.54911
-0.79298 1.36828 0.73577
0.07886 0.3518 1.60946
1.28667 -0.18697 0.85406
2.03139 1.54758 -0.01564
1.74912 0.24693 -1.19592
1.07715 -1.39157 -0.05524
0.41101 0.2425 0.57956
0.01 0.57672 -0.68522
2.09892 -0.07151 -0.16867
0.58003 0.51935 2.98836
0.10693 1.12359 0.19606
-0.77658 -0.1541 0.73055
-0.01415 0.24574 0.34248
0.25958 -0.1962 -0.70729
-0.55677 1.83319 -1.13321
-1.378 -0.34423 1.21323
-1.01545 -0.2356 1.3534
0.55629 0.353 0.81627
-0.03918 -0.49707 -0.29704
2.11461 0.3601 0.54056
0.135 0.38881 2.24507
2.13749 -2.42853 2.03015
-0.40363 -1.13297 0.937
-1.16812 -0.48546 2.65035
0.226 1.82538 2.91937
-0.21817 1.82356 -0.37062
-2.06368 0.42967 0.61352
0.69951 -0.6887 0.04766
-0.15878 0.8952 0.73196
1.20087 -0.20728 0.47995
0.37489 -1.66303 0.13693
-0.46015 0.27514 -1.97345
0.15744 -0.61416 -1.13072
-0.26245 -0.09958 -2.35563
-0.93045 0.45893 0.0522
-0.16957 -0.09698 1.3654
-1.25581 -1.43307 -0.03212
0.55783 -0.28634 2.09909
-0.62655 -0.72561 -0.00111
-0.62255 1.22293 -0.33079
1.80891 -1.13574 -1.07909
1.82059 1.88496 0.33987
-0.66917 1.55433 1.73219
-0.96887 -0.08364 1.57846
-0.6856 1.70062 0.7506
0.6974 1.21679 -0.06546
-0.17387 -1.07354 -1.38218
0.12555 -0.22941 0.17532
-1.20743 -0.40107 0.74656
-0.88911 1.59964 1.27894
-0.38462 -1.07956 -0.22317
-1.60499 0.81424 -1.10659
-0.76691 -1.11282 1.65878
0.25556 0.48663 1.3881
-0.5762 -1.15396 0.45555
0.19351 0.14674 2.15727
0.93556 0.90745 1.56412
0.47945 0.74083 0.43056
0.29686 1.73862 2.35887
0.21749 0.2755 1.18985
0.20874 0.40424 1.83453
0.31352 -1.16279 0.48244
1.33651 1.07152 -1.15761
-0.36472 1.34394 -1.47716
0.33757 0.06777 0.37804
0.37646 -0.75143 0.87268
-0.13208 -0.35615 3.05227
0.53618 1.57891 1.60204
-0.92902 -1.47692 1.57509
1.00845 -0.63012 1.28954
2.80492 -0.06354 0.43992
1.24519 0.10859 2.73681
2.17708 1.36283 1.29104
0.43188 -1.39955 -0.32869
0.44919 1.35693 -0.58469
1.52055 0.07409 1.00911
1.40902 0.76575 1.15596
2.42742 2.54277 2.47369
0.08671 -0.54943 1.70401
2.0145 -0.15193 1.54227
-1.055 0.17427 1.78708
0.33973 1.69038 -0.3242
1.58289 0.46977 -1.34423
-0.62368 0.55129 0.41668
-1.55061 0.61617 0.994
