2.77507 0.39141 0.38014
1.42594 1.57921 -0.37362
1.21631 0.86264 -0.32208
-0.54274 1.85132 0.80283
0.5249 1.7588 -0.23361
2.06407 0.75457 0.4712
1.36705 0.63445 -0.52866
1.70723 1.54259 -1.14482
0.03358 0.56859 -0.8116
0.86731 0.31942 0.66444
-1.4988 -1.12622 0.82483
-2.30695 -2.76331 -1.05614
-3.29323 -3.2402 0.42671
-1.80902 -3.37445 -0.01011
-0.47121 -2.23702 -0.78954
1.11082 -3.09359 2.76874
1.34364 -3.09439 -1.63658
2.77955 -2.21322 2.10574
3.24327 -2.59245 -1.61926
2.96248 -1.82037 -0.17956
3.56198 -2.2941 1.43708
4.95839 -0.10931 2.22309
4.23269 1.24456 -1.67516
2.07007 0.83931 1.16976
2.38405 -0.02267 0.53899
1.88587 0.51762 1.93153
0.93753 0.10141 0.52858
-1.68521 1.58651 3.83748
-1.66025 2.11219 0.21644
0.39103 1.73412 1.8285
0.54454 2.1857 0.43231
0.21265 1.8747 -0.22058
0.63898 0.91575 -1.98696
0.99885 -0.74884 -0.10544
1.45527 0.09165 -0.75959
1.02821 -1.10177 1.13369
1.10958 -0.99007 -0.78717
2.95889 -1.84447 0.43877
2.95225 -1.23047 -0.78172
2.1038 -1.7242 1.67335
1.3237 -1.33617 2.57994
0.43452 -2.21996 0.90856
0.73632 -2.19668 0.45084
-1.11745 -1.27447 -0.68985
1.23674 -0.34477 2.17853
2.83531 0.7203 1.86943
0.56824 -0.91824 -2.03637
0.52573 0.13135 0.23486
-0.0622 1.87848 0.91974
0.19812 0.18269 0.22246
-1.58005 2.18875 0.64888
-1.27525 0.90553 0.08555
1.36195 -0.29662 -0.19495
1.26291 0.13292 -0.21843
-0.3964 0.2276 -1.52455
0.33489 1.03358 -0.50467
0.21295 0.29053 -0.75017
0.89053 -1.96087 0.71106
0.0098 -1.25458 0.93856
1.13694 -1.08758 -0.30632
0.67906 -3.2519 0.60802
0.4061 -1.94535 0.55022
-0.00166 -2.21904 1.53741
0.83004 -2.18259 -0.13336
1.65602 -1.10393 2.14344
1.83876 -1.20003 -1.07217
0.51774 1.26423 1.47339
0.68438 2.45838 -0.88493
1.57541 1.5579 0.02748
3.17968 1.68526 1.1134
2.24149 1.77913 -0.29485
2.50914 -0.59296 -0.81142
2.69586 -1.05671 1.06314
0.26613 -2.21408 -1.42048
1.89663 -1.97541 0.14684
1.91664 -1.352 0.095
2.55684 -0.68741 -0.6582
1.54457 0.70539 0.73775
1.49801 1.02998 0.58638
0.63646 1.08113 1.20345
-0.27892 -0.64459 -1.24243
0.31906 -0.42886 0.57974
0.88708 -1.57435 0.42833
0.25842 -1.08657 -0.79626
0.73599 -0.65675 2.69
0.67609 -0.53449 0.22289
1.43836 -0.09429 -0.19646
-0.86612 -0.01711 0.10649
-1.60013 -0.40976 0.50355
-0.22873 -0.24593 -1.1231
1.14895 -1.89971 -1.0572
0.91465 -3.05139 0.16883
1.82444 -2.40182 -0.4928
1.51035 -1.13669 -1.58841
0.17579 -1.55 0.39629
-0.31139 -1.96022 -1.6578
0.17872 -0.07525 -0.75444
1.30196 0.4517 -1.42894
1.80095 0.19444 -0.91266
0.85531 1.04342 -0.0643
0.65439 1.31611 0.31162
1.06518 0.74846 0.45371
1.44178 1.3175 -0.60805
2.46731 1.30934 1.01238
4.3849 1.47843 0.47075
3.39779 -0.02453 -0.12552
3.91399 -0.28135 -0.74826
1.36746 0.74534 1.38353
0.51625 1.1111 1.55718
2.5491 1.76037 2.19558
2.42776 2.33356 1.57059
-1.42357 1.89653 1.69764
-0.88012 2.02784 -0.15652
-0.80046 1.5708 -1.06736
-0.58846 1.761 0.85457
-0.19522 2.6325 -0.1476
0.68096 3.54431 0.04258
1.28832 2.24926 -1.89004
2.62491 0.78089 -0.76073
4.0312 0.50449 0.65203
0.36239 0.02375 -0.15196
-0.46134 0.17568 0.67883
0.20784 -1.06468 -1.11235
-0.02452 -1.31629 1.18057
1.26645 -0.46327 1.02558
-0.21269 -0.09622 1.46766
0.72709 -1.28411 -1.28208
0.43979 -0.91811 -0.73255
0.41072 1.84389 -2.46853
-0.86832 0.94945 0.31462
0.40795 1.60652 -0.23941
-0.02684 0.9489 0.41214
0.98164 0.72657 -1.03531
-1.19347 0.01701 -0.21891
-1.4773 0.37355 0.77584
-0.89561 0.07425 -0.27412
0.34122 -0.32074 -1.59439
-0.28192 1.50342 0.98245
0.25861 1.18465 0.56724
1.3892 0.05517 1.14943
1.41634 -0.18515 0.87441
0.02902 0.02484 0.01653
-0.3603 0.50095 -1.23164
-0.91694 -0.45746 -0.49198
-0.34436 0.60445 1.42755
-0.29309 1.27716 0.51213
-0.84974 0.81535 0.10429
1.01573 0.62596 -0.97113
1.55531 0.85032 1.10108
1.07564 1.14041 -0.24411
0.77953 0.60667 -0.13274
1.99013 1.49941 0.40877
0.42487 1.72614 1.20618
0.08943 1.01342 -0.15961
0.80246 1.16101 -0.50228
0.97563 1.18435 -0.59309
2.10527 1.69087 -0.10638
2.06117 2.86593 -0.57006
1.07954 2.85891 -1.56329
2.96027 2.81686 0.27157
2.97397 2.02046 -0.38534
1.76715 0.21258 1.25795
1.51653 0.12979 -0.11272
-0.01003 0.5198 0.3151
1.28369 2.59739 0.43705
2.45678 2.50646 0.24812
2.10433 1.34081 0.49407
1.92641 1.39941 0.29652
1.83362 3.39021 0.88141
0.98931 2.35231 0.00513
2.13422 0.83645 1.57807
1.80376 1.51592 1.10638
-0.04043 1.73856 0.19016
0.82591 3.1244 0.00438
1.27086 1.2604 0.03836
4.19214 0.01614 1.80668
3.16472 0.06513 -0.66249
2.25123 -1.09052 -1.05534
0.63684 -0.04408 -1.16572
1.8105 0.42677 -0.51757
1.81617 0.60321 0.73613
1.91643 -0.18091 1.46805
0.56587 -0.24405 2.95105
-0.50992 -0.35153 1.4595
-1.55766 1.68342 0.58529
-1.02748 2.46953 -0.45163
-0.76865 0.95769 -1.22329
-0.04483 0.36602 0.81841
0.41789 -0.31176 1.37175
-0.7692 0.63879 0.32473
-0.12167 -0.06896 -0.18169
1.68724 1.30162 0.14233
0.51167 1.23446 -1.70039
1.24542 -1.07886 -1.38204
1.48062 -0.56943 -0.5979
0.75165 0.98994 0.13536
0.75646 0.60316 0.99683
0.53992 -0.16975 -1.4601
0.15295 -0.00771 0.89427
0.4673 -0.33701 -0.445
-0.18985 0.69416 -0.56237
0.53054 0.20351 0.33942
-0.4018 -0.16718 -1.77618
0.9904 1.1105 1.70015
1.74466 -0.55139 0.44551
0.98784 -0.59267 0.83441
1.11003 -1.11402 -0.47413
0.17084 -0.52321 1.29071
-1.42695 -0.28376 1.65876
-1.67103 0.02362 0.54932
-0.92528 -0.3577 -0.2161
-0.89562 -0.46668 0.38546
-0.79244 -0.65294 1.52903
0.29662 -0.97787 0.58223
1.864 -0.98362 0.97893
2.54584 -0.86703 1.35089
1.19379 0.31241 1.51477
1.86321 2.71623 0.09521
-0.69997 4.00497 0.98849
0.69208 4.51555 0.76568
0.77208 3.47042 0.45152
2.26414 2.81597 0.50517
3.45172 1.84038 -0.92741
2.9775 1.8083 -0.317
2.3203 0.71909 1.54387
1.91648 1.82133 -1.34313
0.69891 2.03624 0.51015
1.38722 0.50682 0.98026
0.99679 0.25587 0.36068
0.22631 -0.13968 -0.7235
-0.12937 -0.82148 0.97455
-0.64726 -0.34831 -0.71423
-0.64475 -0.46771 0.81072
1.23695 0.41524 0.64354
0.84386 1.15162 0.29977
1.54109 -0.58658 -0.89909
0.5403 0.0636 -0.67965
-0.30841 0.0426 -1.07017
1.73939 0.03064 0.97176
1.25809 -1.22939 -0.20351
2.48673 -0.54027 1.04031
2.95617 0.21704 -0.60854
2.08103 3.38033 -0.34556
1.59838 2.83608 -1.23761
1.667 2.69167 0.90314
2.75851 3.87828 -0.57385
2.4711 2.22686 1.80069
3.88141 2.3484 -0.21139
1.6039 3.23663 -0.10259
2.27601 2.29931 0.56242
3.04327 1.7765 -1.31243
1.44958 1.07634 -0.7461
3.39899 0.95826 0.26391
2.52369 1.68283 0.49092
2.50235 1.15474 1.25848
1.05563 0.42925 0.38518
-0.60004 1.05895 1.1533
-1.4936 -0.16609 0.68272
-0.93872 0.53378 0.55997
-0.99291 0.71693 0.06738
-0.19799 0.41566 0.11183
1.56939 1.12552 -1.15044
2.31481 0.64153 0.14658
1.75193 -0.36936 0.20243
1.76544 0.08301 0.53725
1.99626 -0.38669 -0.00667
2.01549 -1.33653 0.10527
1.91133 -1.89865 -0.73666
0.76749 -1.21021 0.56955
2.50784 -1.02163 0.35927
3.02709 -0.65141 1.54365
2.78328 -1.17126 0.44992
2.81539 0.47962 0.73583
1.38788 0.21761 0.22638
2.53318 1.93511 0.40284
1.92898 1.64936 -0.02285
1.75825 3.40485 2.00567
2.18817 2.19696 -0.45638
2.71556 3.66816 1.08136
1.98886 1.04412 -0.91023
4.08823 1.20034 0.12197
1.20513 2.18986 0.41459
1.02631 1.35165 1.665
1.66396 2.61399 1.16183
1.28905 3.11305 0.75168
1.70216 3.81976 -1.2091
4.21275 3.67693 -0.6252
2.91852 2.93239 0.17626
1.13524 3.4998 0.86803
1.8002 5.42773 0.03124
2.37393 2.13891 -0.76911
1.95861 2.26616 -0.69267
2.51876 1.52213 -0.69315
2.04538 -0.46828 0.1143
1.24954 -0.01662 0.71343
1.15498 0.33293 -0.27234
0.89766 1.04735 1.55851
-0.45712 1.60521 -1.05904
-0.12882 2.55105 1.41825
-0.51386 3.30496 0.09167
