0.29625 -0.06424 -0.28542
-0.59636 -0.62452 -0.02149
-1.35417 1.31777 0.17553
1.11594 -0.72517 0.30853
0.9986 -0.85689 -1.564
1.29231 -0.8949 -1.40534
1.49802 -1.72104 -2.31518
1.46944 0.58274 -2.55587
0.31396 1.41724 -2.874
-0.07245 1.71032 -2.58169
-1.52704 0.38712 -3.00826
-0.48122 2.00676 -2.44252
-1.56239 2.82018 -2.46458
-1.19962 1.83834 -2.87929
-0.65049 0.63737 -3.06588
-0.92506 2.04383 -3.23503
-1.16036 2.28085 -2.72428
-2.67676 1.51572 -2.1732
0.06921 0.79845 -1.32714
-0.73282 -0.0563 -0.65211
-0.67266 0.45897 -1.07858
-0.09871 0.02983 -2.01364
1.944 0.32825 -2.91155
0.87785 0.93984 -1.21259
0.2715 0.39652 -0.89319
-1.50973 0.36658 -0.74178
-0.78664 0.45768 -0.51259
-1.61267 -0.06661 0.1524
-0.41326 -0.39694 -0.77528
0.65565 1.41568 -0.43856
-2.3317 0.18286 0.03656
-0.30435 -0.52626 -0.93343
0.60404 -0.34472 0.8354
2.0035 0.69213 1.55171
-0.81124 0.40609 1.47412
-0.89395 -0.48044 1.99406
-2.16437 0.80163 2.24529
-0.12696 0.34857 2.36823
-0.6076 2.1036 2.31984
-0.42743 0.7729 2.31388
1.10213 -0.07303 3.33254
3.33469 1.17851 4.1629
1.81507 3.06301 4.76016
-0.43222 2.48018 5.4707
0.76913 3.01112 5.01091
1.5744 4.68477 3.47027
-0.9989 2.65225 1.97254
0.32426 1.3383 0.53718
2.13605 0.7997 -0.61584
1.12348 0.11014 -1.2999
-0.20574 0.49853 -1.12326
0.35554 -1.37604 -0.18575
-0.26075 -1.052 -1.94592
-0.07805 1.20595 -1.17918
-0.17116 -0.37082 -0.30688
-0.97224 -0.06107 0.28603
0.78422 -0.83133 0.08054
-1.06989 -0.24567 0.81396
-0.93122 -1.50728 -0.11092
0.77819 -0.66154 -1.18209
-0.18946 -0.19011 -0.17289
1.72458 2.94005 -0.54581
-0.45998 1.29092 -0.74305
-0.19625 1.79562 -1.55801
-0.54236 -0.17666 -0.71674
-0.85978 -0.32251 -0.21555
1.43291 0.07545 0.30203
0.10225 0.94767 -1.35253
0.06694 -1.14551 -1.99229
0.2257 1.20154 -2.09974
-1.67005 1.11263 -1.12591
-1.12315 1.03988 -2.04351
0.53485 0.69214 -2.10318
1.79235 2.58071 -2.11581
-0.32406 1.93475 -3.43261
-0.25429 1.76458 -2.60733
-0.15986 1.96584 -2.5949
-1.21393 1.32633 -2.25445
-1.62854 0.86217 -1.38946
-1.68583 0.78217 -0.1279
-1.55306 -0.78216 -1.49458
-0.66191 -1.1587 -2.26323
-0.87379 1.4164 -2.95726
-0.44517 2.04663 -1.65898
-0.8844 0.46599 -2.50386
0.10734 1.80154 -1.75703
-0.25865 -0.09335 -2.86034
-0.92445 1.25513 -2.29167
-0.29151 2.22846 -1.52571
0.83502 -0.26313 -2.47969
-0.01285 2.54921 -1.63207
-0.4063 1.17954 -1.94538
-0.11171 0.38602 -1.48477
-1.23819 0.98144 -2.38115
-1.78763 -1.13793 -1.88754
1.25517 0.69263 -2.40762
1.7136 0.37521 -0.88941
0.29695 0.29113 -0.49997
-0.28932 1.37961 -1.21434
-1.10962 0.53203 -0.94949
-1.11398 -0.42146 0.19141
0.11374 -0.06281 1.65076
-1.08602 1.24201 2.03876
-1.43307 1.33856 1.38156
-1.66597 -0.34963 1.16698
-0.8489 0.7792 -0.27534
1.74816 0.81914 -0.28687
-0.00594 0.93527 0.28615
1.69601 0.22459 0.91756
-0.72864 0.66556 1.75006
1.24336 0.9123 1.58111
0.10621 -0.19584 3.46297
0.2623 1.33316 4.63715
-0.82325 1.19906 5.54575
-0.07954 2.50102 4.04872
0.76105 1.29233 3.07769
0.15963 1.71126 4.01287
0.10978 2.36816 4.30413
1.97748 3.51271 3.24686
1.68972 2.35062 3.49778
0.29157 0.64524 5.39674
1.34746 1.97704 6.2451
1.34703 1.97203 5.82892
0.21204 2.59242 4.56822
-1.09386 1.79234 5.23415
2.559 1.30394 2.99458
1.93462 1.03503 2.65478
-0.52023 1.60811 0.39162
1.24315 -1.31489 -0.71932
-0.14881 -0.61946 -1.31038
-0.32624 1.9882 -1.20009
0.79134 0.56888 0.34383
0.89706 -1.71236 2.07398
0.52409 -0.02599 1.98263
0.02164 1.62101 2.30146
-0.18705 2.25899 3.49502
-0.34982 1.90731 4.56941
0.80123 4.71122 4.23773
1.7742 2.60321 5.07426
1.07061 2.04589 6.41701
0.06645 1.66301 6.22798
-0.32995 1.76648 5.08034
1.92055 3.28128 5.42002
2.86222 3.58904 6.08389
0.79379 2.09917 5.96227
2.03132 0.95895 3.24515
1.98507 0.55793 4.70912
1.60192 2.79445 5.18771
0.31201 2.28062 5.89501
0.90963 -0.09425 6.19305
0.53991 2.09277 7.89367
0.3761 2.34846 6.18482
1.34634 0.4814 5.84395
2.3028 2.49638 4.47506
1.00458 2.77618 4.46055
2.12857 1.53497 4.06887
1.56195 1.5196 6.59407
1.64013 1.46522 5.79727
3.41287 2.38215 5.46535
1.66165 2.65833 6.06135
0.18151 1.35547 4.86085
0.84706 1.93054 4.42941
0.39338 1.4142 5.62167
2.36025 1.64908 5.36744
-0.01151 1.43581 6.35944
0.51268 2.22441 5.23557
2.13353 2.14914 4.55976
-0.28652 1.8033 4.74582
-0.297 2.23411 3.31267
-0.51709 2.0302 3.48333
0.19891 2.32708 4.03639
0.72323 2.67576 3.90253
0.82183 2.79623 2.36028
1.97192 1.40274 2.26312
-0.24119 0.1657 1.65495
-0.09114 -1.7861 0.15836
1.35086 -0.78138 1.64033
1.39454 -1.31361 1.84114
0.22145 0.55032 1.26923
-0.03136 0.68678 0.48938
2.08436 -0.53894 1.4622
1.00801 -0.54296 1.01781
0.4174 -0.44031 -1.03
0.3647 1.09537 -0.04622
0.95372 -0.10489 -0.14382
0.118 0.13055 1.16113
0.01477 1.74947 0.55767
0.57106 2.15512 1.25295
-0.80268 2.31536 3.48428
-0.67228 2.64084 3.02911
2.11189 2.39078 2.35131
-0.41023 0.5326 2.83571
0.40218 1.43906 2.92066
1.21772 1.00163 3.61822
0.2883 0.61842 3.21279
-0.65607 1.87345 3.55917
1.33286 1.01919 3.83406
1.67406 1.01104 2.81158
1.39378 0.67327 1.41502
0.88194 1.91741 0.36099
1.11539 0.72286 0.62431
0.88559 1.02011 1.2747
0.27345 0.68968 2.16217
0.42575 0.55182 4.14335
1.53275 3.34858 3.02935
-1.35848 4.76226 3.54317
-0.59108 1.91967 3.8701
-0.01317 1.66932 2.73438
0.8858 2.47363 1.22297
2.44279 0.90123 1.82797
1.75728 1.56392 2.64292
0.26075 1.30296 2.86769
-1.19556 0.50063 2.60544
1.13586 2.92848 2.51556
-0.55544 2.60663 4.25279
1.78478 0.92914 3.07605
0.61181 1.12355 4.12349
-0.66 2.21488 3.60814
1.95721 1.40928 0.63398
2.44466 0.59735 1.4348
0.6759 0.21636 1.9599
1.90926 0.95614 1.76621
-0.3816 0.3627 1.80958
-0.39625 -0.65436 0.88759
-0.08556 0.4896 1.18236
1.08267 -1.68593 2.51448
1.77696 0.60542 1.94864
-0.71142 -0.58847 0.07174
-1.15842 -0.28491 -1.75693
-0.15327 -0.21439 -0.28901
-0.17423 -0.5008 1.71756
0.64432 0.86208 2.13862
-0.61379 0.2668 2.00562
1.51831 -0.28902 2.00445
-0.16346 1.70432 0.71754
2.06457 -1.32438 2.10278
2.00295 -0.25049 2.13379
1.83361 1.67815 1.40923
-0.83636 0.6877 0.20532
0.96738 -1.0518 -2.00883
1.23464 1.25719 -4.42162
1.19411 1.27777 -2.77311
0.0525 0.74671 -2.74537
-0.01322 1.71819 -0.68443
-0.12736 2.0904 -0.0931
-1.42099 0.32253 2.01283
-1.35557 1.80007 3.69883
-1.37086 0.77915 1.71056
1.97485 -1.55799 2.60169
0.46112 0.61081 3.42828
0.88984 2.6422 5.11009
0.53904 0.66429 5.7513
-0.3219 2.81063 6.52052
0.87073 1.74839 6.14107
1.64073 1.93981 4.94214
2.11367 4.60119 3.93854
2.44528 2.06057 3.00166
-0.43832 1.21023 1.45239
0.64476 1.17166 1.80498
2.65437 2.31233 0.9186
2.53433 0.7884 0.76071
0.48217 -1.26368 0.83223
2.28157 -0.78265 3.10486
0.6452 0.96993 3.82129
0.0366 1.82483 3.90233
0.28625 1.21616 2.17184
1.2135 3.11055 0.81546
0.62436 -0.92054 -0.08222
0.90014 -0.55155 1.79713
0.68363 0.53762 1.65421
0.88129 1.56971 0.99629
-0.02634 0.46039 1.05108
0.82654 -0.22051 -0.18786
-0.04715 0.76555 -1.42698
1.21559 -1.28879 -0.18037
0.16835 0.55036 -1.43377
0.91902 -0.63742 -1.07401
-1.1888 0.45921 -0.87957
0.48806 1.28395 -1.78088
0.56116 2.71023 -1.00261
-0.47256 0.71444 0.07134
-1.44608 1.81618 -0.51521
-0.8932 0.99756 -0.71889
-1.11898 1.06089 -0.83513
-0.07631 1.19534 -1.76175
-0.09358 0.75429 -1.43074
0.4067 0.34465 -0.84679
-1.01184 -0.68531 0.47485
0.42586 -1.24969 1.11653
-0.42906 0.22601 0.80662
-1.31141 0.12647 1.0762
-1.79452 0.72129 2.66252
-1.16011 2.10474 1.53478
0.06199 2.74258 3.83411
-0.6472 -0.5029 2.66765
-0.11557 1.04649 1.4927
1.34109 1.12204 -1.25346
0.23212 2.40735 -0.07203
1.539 0.54652 0.31919
-0.15038 1.28394 0.633
