-0.4886 -1.93619 -2.84024
-0.86429 -2.56815 -3.29083
-1.04527 -2.9557 -1.22575
-0.85562 -3.30045 -0.88569
-0.53473 -4.55072 -1.58611
0.798 -4.77747 -2.52643
0.65469 -3.71704 -1.7145
0.79902 -1.96909 -1.77553
0.3197 -1.69689 -3.76243
-0.02781 -0.57935 -4.28416
-1.14006 -1.59688 -3.5955
-1.81458 -1.99642 -2.66249
-2.17194 -2.51451 -2.04984
-1.83045 -3.42281 -2.61785
-0.64629 -2.3864 -0.98702
-0.35362 -1.44658 -0.46458
-2.21636 -1.89737 -0.15794
-1.81689 0.0851 -0.83061
-2.66774 -0.73753 0.71046
0.06947 -0.43288 0.95079
0.89906 -0.22979 2.14576
2.05391 0.23668 2.73792
1.78197 0.57621 1.84186
1.69393 2.44977 1.39464
2.51368 1.2701 0.35708
-0.0777 -0.19649 1.74215
1.57903 -0.69327 2.1922
0.81949 -0.39067 1.47818
0.66892 1.5796 0.69281
2.65923 1.12857 0.63528
1.54893 0.72477 -0.18906
2.3082 1.03406 -2.57873
0.45767 1.87833 0.21781
-0.14357 0.89179 0.09352
-1.00528 -0.07942 0.01126
-1.73296 -0.01987 -1.74464
0.05804 -0.51572 -0.55493
0.26263 0.40775 -1.60345
0.75572 1.20481 -1.71703
-0.44877 1.83059 -0.32196
0.53719 -0.28066 0.92203
-0.76959 -0.10386 2.14417
-1.58321 -1.86032 1.54981
1.93439 -3.03248 -0.57829
2.84528 -3.45727 -0.87512
3.07343 -3.9598 -1.56856
3.20519 -5.58418 -0.72608
1.07305 -3.87508 -1.24976
0.66385 -4.00776 -0.37466
0.65971 -3.85323 -1.15893
-0.03638 -4.46252 -2.57265
-1.1958 -3.94136 -3.26259
-1.32352 -2.53466 -2.94061
-1.48908 -2.28884 -4.43133
-2.93004 -1.50448 -3.1464
-0.99096 -1.9082 -5.48338
-1.23088 -3.47908 -1.89495
-2.44858 -2.77852 -0.74307
-4.04025 -3.51194 0.64596
-4.01996 -2.07181 -1.07218
-2.59708 -1.82912 -0.85196
0.41261 -2.40286 -1.68416
1.61032 -4.05554 -2.38296
0.56258 -3.19821 -2.24736
-0.10063 -1.97371 -0.57983
-0.44059 -2.48076 -2.52522
-1.55202 -2.94358 -2.30246
-0.90839 -3.05362 -2.43986
-0.3688 -2.65928 -2.17055
-0.89038 -2.56213 -2.00906
-2.68326 -2.00137 -3.34407
-3.26706 -0.17105 -5.2933
-3.11881 0.34266 -5.54194
-3.89545 0.55126 -3.66263
-3.93063 -1.07135 -3.88191
-1.18966 -2.67186 -1.50162
-2.21338 -1.70603 -1.80204
-1.762 -1.00525 -1.73298
-0.5182 -2.09285 -1.2
-0.81888 -0.66949 -0.79328
-0.85697 0.20927 -0.60904
-0.58476 1.17486 -0.52659
-0.74931 2.79859 0.07686
1.3065 3.74464 0.42584
-1.26897 2.90975 -0.23079
-0.25447 4.58748 -0.35091
-0.03218 3.19546 -0.92859
-0.72495 2.64337 -0.32817
-0.50986 2.23211 0.15484
-0.475 0.67894 -0.77907
-2.07328 0.80981 0.04744
-0.60791 -0.77683 0.05596
-0.46466 -0.77804 0.41316
-1.03947 -0.46532 1.43338
0.04773 -0.22067 1.43314
-0.43136 -0.6683 1.14409
-0.11772 0.14624 -0.69236
-1.01597 -0.4417 0.38938
0.94742 0.27351 0.63839
1.44915 1.45188 -0.6126
1.52563 0.03003 0.10575
0.48976 0.2203 -0.39605
1.46193 0.22881 0.66391
-0.18931 0.64679 -0.34777
0.48842 1.41386 -0.21606
0.22753 2.28682 -1.00123
0.20424 1.31476 -1.23643
-2.00893 0.40133 -0.97858
-2.34582 -0.10988 0.02616
-1.23426 -1.29081 1.30177
-2.07621 -2.37485 1.38968
0.63573 -2.06072 0.77567
0.48611 -3.5068 1.61695
0.938 -4.62078 0.64952
-0.8354 -3.50164 0.17122
-2.04669 -4.57132 -0.02469
-0.66416 -5.49997 0.3848
-1.71356 -4.44256 -0.64144
-0.95168 -4.63843 -0.6278
-3.19186 -3.63681 0.44442
-1.46775 -2.6542 -0.37247
-1.4741 -2.6209 -1.65446
-1.446 -2.53447 -0.67364
-0.96866 -1.0253 -0.70571
-0.33296 -2.0376 -1.3825
0.22523 -0.50212 0.97143
0.17168 0.64136 0.14842
-0.99629 0.99687 0.13554
-0.83063 0.84119 0.88411
0.67657 0.83803 -0.8854
-1.39306 -1.44148 -1.81756
-1.03407 -0.7479 -1.0683
-0.37281 0.22534 -0.65875
-0.59781 -0.23373 0.07911
-1.06667 0.41923 0.7469
1.19822 -0.04541 0.088
1.20587 0.12844 -0.30833
-1.71287 -0.87198 -2.10859
-2.3689 -0.17218 -0.30569
-3.28667 -0.60297 1.20547
-3.33686 -0.38009 1.63193
-1.98288 -1.17025 1.74582
-1.26096 0.7741 2.36512
-0.89361 0.39715 2.06336
1.2188 0.72719 1.66904
1.10622 0.56111 1.16305
0.20539 2.23665 0.55624
0.42511 2.13063 2.09081
2.19747 2.91406 0.73635
0.129 2.38495 0.30724
1.59234 1.22035 -1.44985
1.29214 1.60075 0.52821
0.87558 1.9104 2.14294
-0.07484 1.79395 1.40581
-1.5944 0.55941 1.90124
-0.56772 0.93773 1.2281
-0.15171 0.31966 1.80342
0.79094 0.60028 1.09541
-0.63843 1.10597 1.70442
1.13562 2.38982 1.78087
0.99957 3.49778 -0.40732
0.48225 3.35341 -0.12275
-0.01367 2.86817 0.48609
-1.01574 2.04158 -0.27409
-0.91623 2.88519 0.40702
-1.33167 2.87031 -0.64635
-0.77727 2.59297 -0.01292
-0.81634 1.70275 0.21486
-0.65608 1.4855 0.66679
-1.1513 -0.11017 2.26645
-2.23129 -0.29668 1.58461
-0.59664 -1.43 0.8952
1.03757 -1.55906 0.95089
1.60799 -1.49357 2.91794
0.53782 0.21487 1.73116
1.00675 0.85583 0.13615
2.20516 2.3761 0.55032
1.09803 3.20962 -0.92788
-1.10165 1.80139 -0.82973
1.40961 -0.57641 -0.74384
0.4789 0.00878 -0.25735
-0.11705 0.6041 -0.30021
0.76813 1.66102 -0.05565
0.12877 0.96525 0.58374
-0.41765 0.9482 -0.69634
-0.74309 1.5848 -0.10591
0.60957 1.06211 -0.52468
1.67345 2.5757 0.08671
1.16772 2.16462 1.3105
1.51895 -0.0664 0.39776
2.24837 1.49072 -0.08347
2.87607 0.84218 0.4573
1.9223 0.74848 2.94239
1.34666 0.25974 1.03191
0.46525 0.0839 -0.67983
1.06273 0.20279 1.1416
0.72867 -0.16652 0.07794
1.03743 -1.99733 1.57381
2.12578 -3.26444 0.66794
0.96196 -2.67062 1.56709
-1.06134 -2.31167 1.00196
-2.28123 -1.09226 0.83099
-0.17881 -1.43411 -1.72643
-1.24999 -0.29925 -1.5143
0.36057 -0.32943 -1.1932
0.64424 1.8123 -0.69273
1.39265 2.17198 -0.93896
0.40465 3.66398 -1.45638
0.92427 1.75809 0.08869
-0.1365 1.33317 1.78641
1.39422 1.36973 3.23921
-0.07856 1.34401 2.46418
-0.08735 -0.07402 2.30113
-0.53515 0.0368 0.76574
-0.23184 0.72926 1.16596
-0.75412 -0.56868 1.7961
-0.02318 -1.39427 1.93724
0.25255 -2.2294 2.82782
-0.08636 -1.30733 3.09019
0.72454 -1.47724 1.25043
1.24325 -1.73323 1.22437
1.21654 -2.3186 1.67721
-0.65298 0.8346 -1.82257
-1.68147 0.80784 -0.85853
-1.41453 1.21138 -0.68926
-2.6673 1.66549 -0.36808
-4.3378 0.74994 1.22395
-2.55291 0.72356 -0.45112
-2.42599 -1.66406 -0.1445
-1.08286 -1.02501 1.09588
-2.67307 -1.54067 2.6841
-0.51608 -2.15919 1.3034
0.12339 -2.6794 0.47359
1.61579 -2.0451 0.91789
-0.79726 -0.56297 0.05863
-1.26194 -0.81198 -1.0549
0.05086 -1.3332 -1.10043
-0.26292 -1.69618 -1.5372
-0.53325 -1.99437 0.57828
-0.56004 -0.8865 -0.23981
-1.17735 -1.92705 -0.85275
-0.14913 -1.28161 -1.3478
1.199 -0.67153 -1.194
-0.19199 -0.39423 -0.93024
-0.64297 -2.42954 0.05286
-1.28252 -2.6158 0.03204
-1.45401 -3.00572 -0.23139
-1.98859 -2.33593 0.58915
-3.20592 -1.11458 1.13589
-2.2616 -1.30274 0.06342
-2.03547 -2.64034 1.14142
-2.15122 -3.87365 1.57347
-2.48689 -3.2286 -1.59392
-0.87665 -3.05988 -2.50704
-1.47328 -0.78085 -2.67133
-0.07236 0.042 -3.36397
-0.81823 -0.16897 -2.56223
0.66454 0.29114 -0.68376
-0.86305 1.12289 -1.74548
-1.20532 0.17597 0.03548
-1.04597 -0.93116 -0.85656
-1.55512 -1.60409 -0.48657
-0.56328 -2.38784 -0.17376
-0.2683 -1.90515 -0.95529
-0.6538 -0.65715 -3.01798
0.17963 -1.45024 -4.35929
-1.08934 -2.74645 -2.89712
-1.06506 -1.11275 -2.40689
-1.07775 -1.36981 -1.26646
-1.88001 -3.32623 -1.34951
-1.97882 -1.93526 -2.7222
-1.51068 -1.87738 -3.17223
-1.40832 -1.91271 -1.31843
-2.34781 -1.06149 0.48119
-2.96739 -0.89323 -0.53259
-1.35709 -1.01541 0.25755
-0.72006 -1.05886 -0.75686
0.05945 -1.7048 -0.366
0.39755 -2.25739 -0.27617
-0.05403 -1.58945 0.49629
0.86927 -2.30084 -0.64801
-0.77777 -2.16298 -1.56303
1.76944 -3.12128 -1.68878
0.33039 -2.37332 0.9235
-0.97586 -3.43331 -1.10449
-0.10603 -4.52568 -1.52213
-0.61303 -3.33482 -2.31321
-0.90647 -1.72491 -1.88487
-0.03766 -1.15523 -0.6703
0.28588 -1.36295 -0.40502
-0.30775 -1.25738 -2.57003
-2.41907 -0.0822 0.65537
-1.76721 -1.48851 1.16174
-2.48307 -1.04018 2.42007
0.11553 -1.38665 0.9854
-1.00123 -0.4841 1.33183
-0.29421 0.29593 0.47733
1.71762 1.09447 1.2957
0.69508 0.82748 0.00914
0.21848 1.10572 1.00758
