-3.29179 -1.19131 -0.59823 0.03358 0.90776
-3.31287 1.72255 -2.33759 -0.23491 -0.7162
-4.13866 -0.48757 -0.51245 0.05571 -0.99828
-4.81501 -0.44311 1.44548 0.51229 -0.78452
-5.43251 -1.34256 -1.25024 -0.11707 -1.35975
-7.3181 -0.18345 -1.41025 0.2411 -1.10391
-7.60741 0.23335 -0.25575 -0.752 -0.89196
-7.95054 -0.39887 -1.72711 0.30329 -1.02855
-8.89796 -0.52521 -1.40259 -0.96975 -0.37632
-8.80227 -0.75287 -1.417 -0.72892 -0.43064
-8.85276 0.85908 -1.71805 -0.97545 -0.49022
-6.87708 -1.21511 -2.84843 -0.87026 0.82915
-6.86487 -1.04087 -0.93783 -0.13708 -0.04186
-6.63612 1.58895 -3.59255 -0.6749 0.90692
-6.43539 0.09611 -2.11464 0.43539 2.19266
-6.66001 -0.62079 -3.39925 1.46562 2.35324
-5.03614 -0.82456 -2.44516 -0.19756 1.08606
-3.5563 3.95942 -1.83949 -0.10039 1.79128
-3.02749 0.96749 -1.22307 0.86253 1.66498
-3.20617 0.03714 0.17378 -1.3334 1.14202
-3.22428 2.18755 -2.71121 -2.04877 1.73338
-5.81943 0.76017 -0.35959 -2.88347 0.18312
-6.25986 -0.80387 -1.22281 -1.82753 -1.45608
-6.74939 -0.54321 -0.02351 -1.76665 -1.51066
-7.09604 -0.00086 -1.52889 -1.60093 -1.07553
-6.4824 -0.28025 -1.40784 0.5048 0.02365
-6.90176 -0.25516 -2.65903 1.7601 -0.32931
-6.65451 -0.73319 -0.34705 1.46494 -1.61766
-7.34798 0.22198 -0.79941 1.23642 -0.83366
-7.75837 -0.15728 -0.60047 -0.43566 -1.03776
-7.98764 -1.51874 -4.32458 1.61962 0.15174
-8.15855 -1.25821 -1.92707 -0.81578 1.47726
-6.58557 -1.01211 -0.92515 0.19194 1.03494
-3.55494 -0.76991 -2.44127 0.57819 -1.04901
-3.86905 -1.78544 -2.11089 1.61641 -1.35426
-2.97475 -0.53536 -1.06235 0.89799 -1.71625
-3.40473 -1.71583 -2.18702 0.88183 -1.46331
-2.72388 -0.46534 -1.47622 -0.08431 0.3329
-2.34282 -0.7908 -2.1252 0.17568 -0.26429
-1.19699 0.64004 -1.68527 0.84447 -0.9447
-0.51303 -0.12934 -1.87796 0.34401 -1.86706
-2.47767 -1.26361 -1.52814 1.02105 1.06515
-2.80487 -1.19528 -0.06033 0.6692 3.21663
-0.74638 -0.41162 0.5815 0.30052 1.23678
0.86636 0.42991 1.19803 0.01286 0.70572
1.84123 -0.32149 -0.05693 0.24945 1.02206
0.9906 1.49104 -0.0118 0.84796 -0.12769
0.39649 -0.07044 -1.77173 0.1926 -1.55113
-0.82741 -1.63835 -0.54607 0.90378 -1.41288
-0.72354 -1.99544 2.09027 -1.99062 -1.05434
-1.37464 0.11094 1.01994 -1.76971 -0.55344
0.25135 -0.34639 0.075 -1.66317 1.92873
-1.71525 0.38864 0.02209 -1.35573 0.95081
-2.26044 -0.69119 -1.00948 -2.86741 2.0595
-2.01782 -0.0052 1.46679 -0.46214 1.98934
-2.20285 -0.4764 1.07789 -2.03076 1.2746
-1.30071 1.15405 1.30122 -0.66039 2.10163
-0.01014 -0.3455 -0.66128 -1.70346 2.82515
-0.07684 1.0966 -2.63485 -0.78107 2.56937
1.69198 0.03884 -0.91927 -1.41736 1.96343
2.37169 1.28218 -0.63053 -1.29691 0.5332
1.16137 1.0642 -1.47295 -1.14548 0.8666
-0.38711 -0.47196 -0.86552 -0.42351 -0.29635
-1.44559 0.08172 1.46563 -0.24279 -0.56667
-1.62631 0.10707 0.56885 -0.96184 -0.2196
-2.87928 -1.97038 1.43595 -0.04615 -1.23406
-4.65532 -0.64749 -0.4371 3.12505 -0.60212
-4.27106 -1.87388 1.80325 0.9406 -0.07429
-5.82589 -0.32956 0.42033 -1.1239 -1.36259
-5.99626 -0.67675 -0.06725 -0.90201 -2.83869
-6.00741 1.94935 -0.31189 -1.15679 -1.28663
-7.39788 -1.41777 -2.06887 0.37775 -1.69586
-6.29251 0.476 -1.2144 0.67078 -0.05828
-5.98885 -0.49674 -0.88288 0.89783 1.66259
-4.25024 0.33763 -0.94857 4.33885 1.32071
-3.86307 0.41312 -0.48789 2.79888 0.33234
-3.33532 -1.83212 -0.89821 1.99282 -0.35515
-2.31659 -1.24123 -0.64196 -0.35714 -0.42428
-2.23029 -0.03374 -0.41868 -0.49969 0.7803
-2.36722 0.35091 -1.21197 -0.25486 0.78434
-2.34533 -0.29245 -1.99708 -0.82542 -1.16887
-1.32835 -0.62369 -0.91802 -0.3619 -2.1614
-0.96288 0.49756 -0.2892 0.47289 -1.44327
-2.32829 -2.13294 -0.11525 0.66952 -2.4418
-3.096 1.11713 0.63004 -0.17486 -2.20874
-3.51514 -0.03689 -1.29804 -0.28876 -1.94718
-2.79086 -0.57609 -2.28654 1.57504 -1.90428
-1.62518 -0.20987 -0.26352 1.48828 0.24641
-2.63436 -0.06347 0.80846 1.59848 0.52859
-3.26972 -0.37946 -0.67052 1.85693 0.3211
-2.13752 -0.63947 -0.47309 1.57384 1.34066
-0.52899 0.08662 -0.55073 0.92163 0.82167
-0.21998 1.04933 -0.00604 0.14361 1.30998
2.65791 0.89878 -1.37265 -0.0656 -0.08115
2.81786 0.1721 -1.89255 0.41077 -0.00208
3.20763 -0.73531 0.68595 0.33788 0.22501
5.02477 -1.20383 0.60407 -1.42878 -0.39884
6.46421 -1.93884 -0.22752 -0.88222 -1.53451
5.69643 0.9802 0.59186 1.42667 -0.94029
3.99456 -1.4809 0.13015 1.00329 -1.65406
2.08216 0.45616 0.79634 0.60472 -0.81926
1.56268 -0.77761 1.87608 1.38289 -1.78572
2.81573 -1.22858 2.51704 1.69607 -2.37808
4.29513 -2.00714 1.73081 -0.3919 -1.73135
5.46067 -0.74485 0.13173 0.19791 -3.07002
3.58815 -2.01706 0.99477 -0.12643 -4.18125
2.67155 -1.46604 0.33889 -0.10255 -2.01213
0.69214 -0.49558 0.22084 -0.74058 -2.52935
1.82231 0.92617 -0.18164 -1.77046 -2.53709
-0.22794 -1.48031 0.54682 -1.38642 -3.03607
-0.78839 -0.1458 1.63078 -0.25892 -2.86792
-2.46514 -0.79308 -0.97269 0.94992 -2.50371
-3.12699 0.47376 2.41976 2.7621 -3.43413
-5.68353 -1.06715 1.38455 0.91593 -3.72707
-6.3877 -2.22418 0.9364 -0.15807 -4.18622
-7.84703 -0.78902 -1.0353 -1.41189 -4.03406
-7.65343 -1.16228 -1.2035 -1.40896 -2.62977
-7.63137 -0.02819 -1.15241 -0.49036 -3.42135
-7.7303 -0.71953 0.04404 -0.26304 -3.02649
-9.46391 -0.82371 -3.41614 -0.6624 -1.24861
-10.32313 -0.5129 -1.78068 1.43265 -1.63435
-8.967 -1.30485 -2.00132 2.19536 -1.9505
-9.74491 -0.11341 -0.43628 1.76066 -1.94692
-8.0718 -0.58998 -2.85341 0.82441 -1.64248
-9.72563 1.31658 -2.14783 1.8773 -2.32505
-10.56679 -0.73497 -2.41016 1.86879 -1.38905
-10.29457 0.05353 -3.18105 0.7661 -0.91879
-8.47523 1.63197 -3.39389 1.91867 -1.50437
-7.11163 0.17147 -0.18706 -1.66064 -0.17858
-4.52367 -0.4966 -0.78958 -1.70668 -0.37345
-4.32416 -1.60651 -2.89324 -1.35709 0.88255
-4.66046 -0.66327 -3.11992 -2.36259 1.46182
-4.24262 1.17011 -2.0716 -1.81277 1.15927
-4.63848 1.66359 -3.51647 -0.76181 2.08319
-5.27797 0.01954 -0.18416 -0.01908 1.06833
-4.6941 -1.01444 -0.16469 1.56193 -1.36835
-5.41687 0.6569 -1.71216 -0.28224 -0.66743
-5.68961 -0.22476 -1.11221 -1.01045 -1.33213
-5.01552 -0.25402 -1.65082 -0.54376 -0.37926
-4.95527 0.37024 -3.06795 0.50892 1.1167
-5.90453 -0.7509 -0.93159 1.71896 1.321
-4.75281 0.24581 -0.17247 -0.17828 0.89852
-4.07668 1.3143 -1.40305 -0.19405 0.42065
-3.66445 -0.16787 -0.88609 -1.69833 2.34758
-2.56514 -0.05011 -2.27203 -1.75973 1.57757
-2.81491 -0.31391 -1.50751 -2.72487 2.53893
-2.33078 0.46509 -1.34959 -2.33649 3.36931
-1.96556 -0.00922 -1.65032 -1.18772 1.46654
-1.11922 1.29317 -2.27665 -1.81978 1.3617
-1.15855 -0.03524 0.08404 -2.49235 1.5919
