1.6387 2.69638 0.2691 0.52325 0.93948
1.50607 3.28389 0.9594 -0.57613 1.97255
0.38448 1.50543 0.5976 -1.62353 -0.27154
-0.78814 0.65552 2.67991 0.16393 -0.284
0.80371 0.98449 2.57592 0.0613 0.8013
0.40492 0.23654 1.63432 1.52561 -0.2485
-1.63959 -1.79212 0.6973 2.20758 -1.6626
-1.76271 -2.29316 -0.61656 1.08628 0.34502
-2.69683 -3.97877 -0.23277 1.68132 -0.75225
-2.11283 -2.47803 0.34271 0.44369 -2.14387
-0.95248 -0.95861 -0.68224 0.07788 -0.94408
-0.82788 -1.35244 0.48272 -0.0806 -2.02372
-2.71149 -1.78067 -0.15435 0.51328 -2.11047
-3.43524 -0.56779 0.15885 -1.28892 -0.26774
-1.27264 -0.76431 0.55811 0.83853 -1.04007
-2.07152 1.12572 0.28416 -0.83569 -1.38506
-0.69813 -0.63897 -0.26749 -0.99217 0.3787
-0.06532 1.07959 1.20467 -1.70049 -0.37325
-1.10669 1.68715 1.20378 -0.53701 0.31753
-0.3535 1.37803 1.44234 -0.68101 -0.8319
-0.44119 1.11523 -0.22551 -0.3939 -0.32925
-0.73936 1.54851 -1.00422 -0.12304 1.27918
-0.33691 2.16737 0.39545 1.61185 -0.90672
-0.02837 0.97285 0.72109 0.16401 0.13892
-1.22347 1.22327 1.74906 -0.36491 0.18583
-1.08701 0.29694 1.50676 -1.66174 2.27241
-1.42862 1.00884 2.26797 -0.35109 3.48367
-2.17555 0.18047 1.03229 -0.58188 0.28155
-1.57696 0.29988 0.04274 1.01849 -0.30771
-2.24556 1.54768 -1.86355 2.35288 0.00597
0.84816 0.5151 0.42778 1.98703 -0.69429
1.19035 1.76457 1.46557 -0.81984 0.77305
0.14076 1.24258 0.72127 0.72454 0.76947
-0.33227 1.91091 0.59538 1.15709 0.73211
-0.10703 2.44501 -0.4109 1.05976 2.50021
-1.76512 0.57165 -1.04877 1.537 1.29803
-0.8439 0.80111 0.54498 0.21493 -0.00777
-1.30139 1.97291 1.62356 -1.1286 1.72841
1.29755 2.34639 1.49354 -2.12314 0.74934
0.32511 1.72961 1.57835 -0.45579 -0.60134
0.81785 1.24113 0.72602 1.16578 -0.98796
1.19129 2.32475 0.0925 0.00539 -0.8115
-0.27528 2.20989 0.0775 0.53886 -0.7446
0.12244 1.63256 0.88713 0.98768 -0.10573
-0.448 2.1181 -1.29006 0.94916 2.82489
1.534 0.57077 -0.65706 -0.16978 2.39578
-0.2805 1.08881 0.97648 1.43835 2.81022
0.82812 1.34844 0.81447 1.04865 2.5586
2.07809 0.30977 -1.18193 -0.42377 0.37895
2.48646 0.74003 -1.14853 -0.51383 0.19286
4.70329 1.06159 0.48846 0.99619 -0.6492
4.20307 0.54777 1.48397 0.46937 2.0058
3.388 0.67136 0.72062 0.35261 -0.18223
1.81177 1.99602 1.85281 0.42335 -1.03716
0.0396 0.72101 2.44487 0.49345 -0.92338
0.74748 1.44222 0.59964 -1.03419 -0.23043
2.48621 0.85683 -1.5271 0.87421 0.79688
2.33571 0.89062 -1.25115 1.3404 0.60615
0.89518 -0.07456 1.26804 -0.44908 1.13929
1.7132 0.32395 1.21579 -2.78387 0.07855
1.3086 0.3579 -0.49567 -0.96322 1.03579
1.39892 -0.37696 -0.42045 -1.28385 -0.40569
-0.60106 1.11369 1.38183 0.93313 -0.8691
-0.13686 -1.07702 -0.92606 -0.23104 -1.85934
-0.21324 -2.3495 -0.82081 0.21119 -1.70763
-0.88149 -2.95436 -0.26965 -2.3085 -0.91614
0.25415 -1.0315 -1.77763 -1.93861 0.05469
0.29062 -0.23502 -2.28496 1.04192 0.59914
0.68965 -1.56929 -0.28195 -0.19493 -0.81799
-0.30237 -1.57999 0.29597 -0.43743 -1.83382
-2.5255 -2.27001 0.66134 0.76033 -1.38454
-1.01082 -1.97769 1.54196 2.01974 -1.42403
-0.83985 -2.80719 1.09737 1.93849 -0.86235
0.69462 -3.47124 1.0648 0.98455 -0.38247
0.07182 -2.33507 0.25508 1.12672 -1.6994
-1.81573 -1.51923 -0.21073 -0.00467 -0.80794
-0.17307 -0.83664 -0.61491 0.37921 -0.67942
0.31656 -2.5306 -3.13885 -0.64881 0.73236
-0.79627 -1.77151 -1.0893 -0.60025 -1.31377
-0.82217 -1.92452 -1.71208 -1.70878 -0.00589
1.14711 -1.31284 -1.26201 -1.4338 -0.9096
1.35792 0.22622 0.2976 -1.74301 -0.59758
-0.33102 1.12364 -1.86777 -0.5494 -1.42322
-1.9391 -0.58783 -0.97017 -1.11817 -1.85752
-2.26819 -0.48958 -0.09888 0.89356 -0.96338
-1.48872 -0.03519 0.52459 0.47372 -3.05947
-1.88283 1.53109 -0.0525 0.67537 -1.01137
-1.42324 1.86328 0.28626 0.14556 -0.68685
-0.72855 1.20831 0.56987 -0.87092 0.90664
-1.31454 0.02755 -0.46233 -2.33388 1.55978
-1.00074 0.61005 1.52483 -0.18424 0.18061
-1.39745 2.5685 1.01055 -0.26923 0.81007
-0.78911 3.52914 2.11991 -0.70753 0.60757
0.36637 2.33656 2.37213 -0.71262 0.71458
-1.89599 2.40606 -0.15457 1.72545 1.72682
-1.39662 2.85647 0.38992 1.44716 0.57169
0.32642 0.8825 0.61666 -0.51531 -0.58742
1.66336 0.03589 1.50649 -0.36821 -0.50657
1.08711 -0.77786 1.29552 0.35855 2.03226
-0.61183 0.77435 2.41885 1.7766 -0.66163
-0.29273 2.21185 -0.9557 1.65133 -1.24793
0.33185 3.57784 0.40729 3.79771 0.76598
2.00041 4.91535 -0.65847 1.55391 1.07169
-0.14236 3.19538 -0.35081 -0.51964 1.43631
0.43187 3.7848 0.60165 -0.37023 1.95106
1.51025 2.94311 1.43294 0.97595 3.07406
-0.24054 2.71925 3.97044 0.23446 2.77126
-0.61598 2.68923 1.06467 1.31387 1.50461
0.05726 2.04749 2.24803 0.80898 0.14889
0.19342 2.32766 1.20831 1.83759 1.00597
-0.14831 1.93606 0.29744 0.70772 0.2309
-1.31034 2.09807 -0.60241 -0.12684 -0.0382
-0.60502 1.6242 1.01657 -0.90717 2.14191
-0.6048 2.86721 1.82435 0.87154 3.0939
-0.33373 2.89432 1.81389 0.40654 0.61636
-2.00098 4.37304 1.2736 1.6634 2.40588
-1.64402 5.20087 1.75667 2.21564 2.63351
-1.69775 4.62875 0.47912 1.37821 2.19569
0.50191 5.00591 0.23732 1.89574 2.23331
1.89582 3.46735 1.69445 1.23827 2.226
2.61113 1.33488 0.89473 0.42436 2.47088
1.18639 0.07086 1.836 -0.3738 1.64502
2.35024 -0.14287 0.68534 0.69551 1.77542
2.42273 -0.18866 2.06725 -0.12185 1.68304
0.86634 -1.37869 0.20945 -0.49175 0.92541
2.72245 -0.92336 -0.36945 1.76397 0.22574
2.2621 -1.21652 -0.5787 1.48826 -0.34874
0.86803 -0.70418 -1.77271 1.29361 -0.29586
0.34625 -0.4767 -0.93306 1.37676 -0.00824
-0.2285 1.26079 -0.91485 2.17143 0.79074
0.79879 0.62221 -1.06973 1.28288 0.88688
1.92379 1.7219 0.06711 -0.64313 0.70424
0.35281 0.53193 -0.40543 -2.50104 0.67682
1.17462 0.11773 0.77299 -1.69853 -0.11033
1.82021 0.78471 0.13232 -0.81368 1.45244
1.91055 3.30809 -0.75039 -2.21304 -1.43995
0.8121 0.62069 -0.93344 -0.95963 0.1854
0.61494 1.06393 1.2531 0.06739 -1.11549
0.75806 0.36052 0.9281 0.9041 1.20342
1.59906 -0.7571 1.16576 0.71153 -1.71412
-0.42092 0.06907 0.48633 1.28869 0.29492
-0.49178 1.33079 -0.54637 1.33607 -0.83303
-0.32133 1.861 -2.03638 0.39971 1.24926
-1.60639 2.80328 1.03355 0.62629 -0.06277
-0.14485 2.90768 2.77906 -0.51174 0.68542
-2.0452 1.38595 1.26934 0.58626 -0.05487
-0.86976 0.92485 0.07176 1.12269 -0.50368
-1.58505 2.38498 2.09727 0.99563 1.62585
-2.71115 0.66142 2.17792 0.08692 0.73263
-0.19974 3.11237 1.0629 0.56729 0.14498
