-0.48137 0.95156 0.9568 -1.14742 -0.53571
-0.20262 1.07637 -0.1031 0.59645 -0.52402
-0.27116 0.42481 1.61822 1.70376 -1.07985
-0.40042 0.77946 -0.66908 1.04513 0.28319
-0.73434 0.56153 -1.84573 1.85874 0.27973
0.69525 -0.93755 -1.01442 3.06342 -0.36102
0.67999 -0.3458 -0.014 2.51629 0.56983
0.75636 -0.83115 -0.21262 0.55806 2.32477
1.68255 -0.54193 -1.2074 0.87452 1.07625
2.41588 0.65613 -0.21148 1.12743 1.67769
1.64668 0.40531 -0.57143 -1.44715 0.42127
2.03158 -0.04878 -0.50079 0.41641 1.99757
0.11458 0.73888 -0.30679 0.09377 0.82743
-0.42634 -0.72201 -0.22449 1.3089 0.70499
0.78344 -1.2887 0.98765 2.69437 2.73203
1.94894 0.88563 -2.09541 1.01704 1.1094
1.17899 -0.20781 0.84871 -0.4217 1.39869
1.17852 1.47317 1.27746 0.92785 0.86036
0.01362 1.45639 -0.13751 0.12035 0.22028
-0.24758 -0.15758 1.41454 -0.34613 0.72517
1.53442 -0.68049 0.94593 -0.79682 -0.83145
1.41146 1.31937 2.20021 0.23801 -0.61978
0.76031 -1.02096 -0.26321 -0.6084 0.14926
-1.72892 -0.73002 0.59468 -0.36742 -1.69764
0.80551 -1.10386 0.87929 0.79717 -1.22862
-1.42534 1.72649 -0.29644 1.2459 -0.51319
0.46984 -0.48747 -0.25157 0.73608 -0.7551
-0.32358 0.82601 0.95756 -1.72918 -1.16635
0.69923 0.03692 2.09921 0.55056 -1.28308
0.22492 0.68567 2.28503 0.12515 -1.05405
0.38939 0.40325 -0.83697 1.36136 -0.79983
0.75049 0.7004 1.24888 1.5014 -1.1798
0.17091 0.48327 -0.33551 1.96525 -1.58502
1.34931 -0.24528 -0.49734 2.07267 0.62283
0.50087 2.44323 -0.29171 2.29838 0.34396
1.73955 0.15477 -0.32556 2.79103 1.91519
0.99614 0.03438 0.73798 4.23537 1.69236
0.89593 2.88499 -0.09267 5.46496 1.33224
2.38449 1.06098 -1.05757 4.29194 1.57147
-1.4095 2.4327 -0.51186 2.72459 3.59262
2.15739 -2.30444 1.54277 2.7141 4.90762
1.97125 0.38471 0.55181 1.66895 4.28308
2.35294 1.45621 -0.22956 4.00365 3.80304
1.70106 0.14292 -1.4845 3.62051 5.60276
2.02396 0.78631 0.26213 3.99732 3.32395
2.86242 1.41594 -0.25379 3.22795 4.64604
1.22433 0.76621 -0.64165 2.70348 3.797
0.05105 -0.13941 -0.10954 3.69104 2.68514
1.70923 -0.96174 -1.60828 1.29937 3.38496
2.73242 2.09845 0.33621 1.33213 3.63644
0.97054 1.76943 0.16025 1.21148 4.29807
0.19846 1.16004 1.86941 1.93014 3.54884
-0.52664 0.128 1.09945 2.71044 1.90456
0.27391 -0.23745 -0.54144 2.30835 1.1628
0.54189 -0.38197 -0.55513 2.02413 1.68485
-0.07362 1.24069 -0.07798 -0.52118 3.11077
1.51887 0.63122 -0.73514 0.42445 3.0657
0.38153 0.80983 -0.11739 0.60031 2.6809
-0.01631 -0.97981 -0.22737 1.79394 1.83743
0.45888 -0.29324 -2.48209 1.41276 1.49538
-0.36595 -0.60206 -0.20994 0.78312 3.30002
-1.07454 -0.09667 0.59916 2.18768 3.61405
0.29472 -0.72037 1.23307 1.49224 2.22897
0.88445 -0.57205 -0.84056 0.89419 1.54534
-1.28109 -0.25013 -0.6378 1.27233 -0.90319
-0.37222 -1.44326 -0.08687 0.78702 0.20114
-0.99398 -0.14264 -0.58429 0.24767 -0.3207
-2.61065 -0.16752 -0.80032 0.53356 -0.61709
-1.23301 -2.66979 0.15281 1.37948 -0.1498
-1.11604 -0.12287 -0.50914 0.6956 -0.3034
1.0133 -1.77458 0.53811 -0.05722 0.16076
0.9645 1.26734 -2.11826 -0.93439 1.10301
-0.89264 -0.04297 -2.74009 0.04211 -0.76934
-0.7989 -0.6938 1.1658 0.82703 -1.32346
-2.03034 -0.78174 0.15663 -0.13781 -0.68104
0.03699 -0.5596 -1.50132 -1.06698 0.20186
0.17691 -1.19543 0.52742 -1.05635 0.104
0.87209 0.92926 -0.55813 -0.36457 -1.15896
-1.42836 -0.73948 0.08436 0.99268 -1.02305
-0.81483 -0.17828 -0.29024 -0.57279 -2.15553
-1.43942 -0.63837 -0.76446 -0.13673 -1.55912
-0.03015 -0.33893 0.30699 -0.34133 1.71833
-1.77322 -0.58609 -0.2232 -1.24401 1.6954
-3.17108 0.4654 -0.55924 0.58254 0.89165
-2.72281 1.06925 -0.33946 -0.40091 -0.01431
-2.67354 -1.84395 -0.84968 -2.68426 1.99605
-0.39679 -0.2684 0.48911 -1.46391 0.92385
-0.21833 0.07293 1.63895 2.7105 0.86935
-2.9053 0.64035 0.14791 0.08829 -0.14566
-1.92594 -0.00306 -1.05982 -1.57782 -0.15343
-1.64589 -0.74773 -0.46137 -2.44646 1.30653
-0.04427 0.27579 -0.43666 -0.92977 -0.24549
0.42674 -0.8104 -3.51696 2.01285 -0.64786
-0.94629 0.07228 -0.25255 0.31958 -1.56182
-0.01621 -0.9461 -1.13892 0.75223 -2.81923
-1.17313 -0.07101 -0.53451 0.72286 -2.44032
-1.016 -1.31565 0.0565 0.91487 -2.14616
-0.0412 -0.67982 -0.62863 -0.83956 -0.66894
0.89411 -0.57681 0.49876 -1.78314 -0.14499
0.69389 0.57451 0.33681 -1.40111 -0.30079
0.22818 -0.08671 0.41056 -0.86115 0.01965
0.81281 0.18708 -1.17788 -1.69787 -0.49483
0.19424 1.25063 -0.64126 -2.84007 -0.63454
-0.22291 1.12326 1.00931 -0.46221 0.76845
0.14537 0.28538 -0.15428 0.92198 0.55124
-0.81499 0.23129 -0.37281 0.51808 -1.43037
-0.79597 0.43323 1.74829 0.20532 -0.74776
-0.17182 -0.1424 -1.35194 1.6533 0.42796
0.52189 -0.84839 -0.81167 1.3967 0.68768
0.37093 -0.44041 1.0959 0.66152 -0.73939
-0.04901 -1.54488 0.08239 0.01404 -0.27501
-0.39222 -0.83372 -0.64189 -0.63398 -0.08924
-0.54078 -0.08127 -0.44055 1.36525 -1.54274
-2.79179 0.43607 0.70123 1.0385 -0.39417
-3.08942 -0.95393 -0.27877 0.60251 1.63421
0.06718 -0.51612 -0.35879 -0.66392 -0.60219
0.37994 0.90946 0.54345 -1.48494 0.84604
1.96323 -1.07508 1.17903 -0.37346 1.62266
-0.81206 0.91489 -1.35825 0.41452 1.09316
-0.49155 -0.46707 0.66319 1.29083 -1.26056
-0.62819 -0.68273 1.00779 1.67899 -1.12344
-0.40714 -0.18517 -1.16849 0.04661 0.57439
-0.88249 1.94186 0.61514 1.63444 -0.28699
1.51443 0.11058 -1.0288 1.00426 -0.10011
1.19819 0.43236 -0.52062 1.17869 1.82943
1.67523 0.17516 1.69455 1.50401 0.65141
0.57103 0.73479 -0.04036 0.38152 1.35377
-0.18976 0.25244 1.39021 0.53486 1.16967
-0.22541 1.39352 -0.67972 0.68556 2.64573
-1.58097 -0.85288 -0.36543 -0.39329 2.8246
-1.1651 0.62379 0.43423 1.41065 2.4923
-0.83855 -0.92938 1.8402 1.9436 2.45959
1.01894 0.11688 0.85602 1.10559 0.07122
0.60641 0.88712 -1.14913 0.56868 0.60227
-0.16988 -0.65066 1.99004 0.05703 1.73189
-0.8507 1.3524 1.23666 0.76841 1.35426
0.2092 -0.88146 -0.60506 1.91642 1.10748
-0.4821 -0.30888 -1.13505 0.67645 0.74031
0.26891 -0.22772 -0.55406 0.78326 0.17528
-0.50003 2.4367 0.34709 -0.084 -0.64665
-0.02093 0.64759 -0.15576 -1.41287 -1.05227
0.53868 0.12204 -0.11472 -0.60585 -0.30304
0.5789 0.39107 -0.92865 0.07337 0.82202
-1.08623 0.21317 -0.89596 -0.33528 -0.8886
-0.12469 0.33671 -1.11602 -0.34191 -1.22688
0.34739 -0.12346 -0.70494 0.77463 -1.05144
-1.93751 -0.12111 -0.8414 -0.56439 -0.70605
-1.24154 1.49535 -1.09268 -0.54423 -0.44734
-0.25359 0.32344 -0.958 -0.2537 -0.96256
0.0486 -0.15954 -0.11743 0.92064 -3.26755
