-0.48717 -1.14265 1.40316 -2.67948 0.4911
-1.24001 -0.01967 1.1676 -2.44454 -0.23796
1.16561 0.10514 1.05226 -1.37679 -2.59074
1.86778 1.65709 1.06013 0.43183 -1.04821
1.53861 2.17466 -0.27141 -1.07512 -1.50337
0.15117 1.93991 -0.60334 -1.00497 -1.42215
1.00902 1.21241 0.3352 -1.04467 -0.24952
-0.38465 1.4107 0.17763 0.01717 -0.05948
-0.41109 -0.02327 1.97845 0.07365 -0.50158
0.36482 0.00909 1.38034 -0.79555 0.47609
0.93345 -3.32515 1.75689 -0.36855 -0.60848
-0.44534 -1.51182 -0.1633 0.53952 -1.85476
-0.01723 -1.99298 -1.13306 0.62707 -1.90272
0.14443 -1.77996 -1.85319 -0.43176 -0.71527
-0.1461 -1.38757 -2.85703 -1.00699 -0.06491
-0.5687 -3.5715 -3.97832 -1.2936 -1.29073
-0.8867 -2.59794 -3.7326 0.80494 0.86054
-0.57876 -0.86003 -1.53655 -0.08041 0.69114
-1.60435 0.34728 0.11983 -2.92758 -1.27451
-0.4143 -0.35108 -0.3596 -1.82038 -1.16139
-0.46104 -1.13681 0.45239 -0.57746 0.29646
-0.81433 -0.67056 -0.95914 -0.1172 0.6047
1.44425 1.77428 0.67038 -0.8256 0.05481
0.76448 1.10833 -0.24178 0.15345 -0.78594
1.10258 0.73288 -1.64316 -0.06482 0.53131
-1.3554 -0.77468 -0.55444 -3.09214 3.04943
-1.70404 2.83848 -0.77629 -0.7803 2.17355
-0.55219 2.1242 0.6445 0.64309 1.70178
-1.80273 2.1111 1.74075 -0.19482 -0.9818
-0.61424 -1.13121 0.79942 -0.07452 -2.27778
-0.92376 -0.96131 0.25791 0.47428 -2.59354
-0.5732 -1.6964 -0.15382 -0.5624 -2.50466
0.21678 -2.6931 -0.36027 -0.59553 -2.54261
0.3174 -2.68691 -1.41432 -0.83542 -2.66301
-0.76387 -2.19005 -1.9272 -2.28748 -3.02133
-0.20323 -2.57696 -1.97997 -2.75061 -1.77915
-0.01386 -2.92775 -3.51028 -2.16165 -1.37733
0.91964 -3.62806 -2.15164 -1.01663 -1.23037
-0.69437 -3.95924 -1.81343 -1.1828 -1.04066
-0.04949 -4.7242 -1.73448 -0.74653 -0.33179
1.3359 -4.46176 -1.37927 -1.6278 0.80012
1.6749 -2.1202 -1.97565 -3.563 0.36076
-0.35789 -1.29768 -0.67209 -3.1486 0.47095
1.6199 -1.36958 0.42537 -2.43572 0.86319
-0.93305 -2.13874 0.8129 -2.08789 0.63412
0.78578 -1.01416 0.21042 -1.22008 1.38255
-0.53738 -1.26863 0.26331 1.35771 1.41207
0.67141 -0.55705 0.34704 -0.04505 0.2648
-1.54659 -0.49938 2.31164 -0.7469 0.01346
-0.48116 0.07921 2.62083 0.31828 -0.04508
0.77041 -2.04814 2.67108 -1.69725 0.50961
0.47697 -2.48551 3.8875 -0.24449 -2.55055
-2.2492 -0.92951 2.40891 -0.5825 -0.60275
-1.48532 0.59622 3.23666 -0.26676 0.78065
0.348 1.08418 3.94966 0.98123 0.80851
-1.16599 1.34373 3.22164 -1.14145 1.10769
-0.91668 1.84371 2.78657 0.05879 -0.43086
-2.32736 1.93234 3.11668 -0.52868 -0.34983
0.32716 2.83977 3.33501 -0.98798 -2.07762
-0.11836 2.03277 2.82519 -0.62222 -1.32815
1.98693 1.95753 1.91898 -0.16418 -2.36175
1.32943 3.31248 2.12754 0.55457 -0.4614
0.88747 4.71882 0.25344 1.72812 0.10221
1.58311 3.63731 1.07635 2.11664 1.25165
-0.40557 4.79539 -0.15838 2.53361 0.88836
-0.71519 2.54691 2.10915 2.31629 1.93191
0.64066 2.43571 2.46832 1.12244 0.36989
-0.08337 2.7605 0.98924 3.00115 -0.59496
0.05 1.19531 -0.07197 4.84786 -1.40902
0.51346 0.52147 -0.37308 3.15227 0.22058
-1.36769 2.40289 -1.29902 3.25458 -1.35613
0.74351 3.69296 -2.62783 2.5724 0.11497
-2.37381 2.17092 -3.05519 3.09412 0.9351
-1.82824 1.88279 -2.9275 0.76352 -0.23039
-1.90044 2.0587 -1.28942 1.35564 1.15681
-1.29646 0.28181 -0.13441 1.77057 1.89554
0.36931 -0.67351 -0.57779 1.26922 -0.90788
0.33522 -1.45744 0.14352 0.6542 -0.09342
0.35753 -0.63129 0.68279 0.69804 -0.05559
1.30114 -2.01159 2.67272 1.26051 2.05928
1.61855 -2.09984 1.34007 1.3385 2.06413
0.54641 -0.86191 1.75945 0.1784 0.80833
0.18446 -0.67449 2.05685 -1.71407 1.13666
-1.02544 1.56725 2.76606 -0.25814 0.74632
-0.76323 0.93872 1.98204 -2.48001 1.71771
0.44866 1.05322 0.02116 -1.91854 -0.149
0.37375 2.54435 -0.00569 -0.42219 0.6762
-1.20273 1.62024 1.21311 0.36405 1.04948
-0.11782 0.87297 0.13124 0.50083 1.17244
1.87948 -0.07245 1.75534 -0.25896 1.20065
-0.36957 0.27915 2.17849 0.06701 0.55501
0.0088 -0.48235 1.16807 2.31299 1.37115
1.30709 -2.46884 1.49611 2.14667 0.22934
0.2455 0.66957 2.19979 0.65226 -1.33242
-0.22043 0.31913 1.2843 0.82883 -0.63192
0.51425 0.20887 1.03878 0.17352 0.39625
0.13594 0.04216 -0.4743 -1.66322 1.05509
-0.47325 -0.27699 -0.63825 -0.75105 0.48317
-0.38824 0.00084 0.30494 -0.38435 0.54793
0.24717 2.04964 0.12901 0.35652 0.51014
0.43184 0.24941 0.35148 1.57094 0.22667
0.4553 -0.56261 -1.01697 1.07294 -0.31637
0.43969 -1.69238 0.03545 0.97984 -1.46325
-0.22728 -2.4543 -0.48998 0.71453 -1.19359
-0.6539 -2.5831 -0.4634 0.52899 -1.53989
0.11283 -0.27415 -0.22057 -0.88192 -0.51385
0.24589 1.9565 -1.69528 -0.44694 -2.24036
-0.3027 0.76816 -2.42595 -0.22626 -0.99538
-1.27438 1.20035 -1.37893 -0.39945 -1.54004
-2.07783 0.13486 -1.18612 0.11222 -0.97979
-0.26911 0.5567 -0.06983 3.38951 0.05349
-1.47102 -0.57913 -0.74417 3.89981 -0.12776
0.60475 -1.72885 -1.67735 2.82111 -1.13498
0.83767 -0.56379 -3.10381 0.51041 0.0937
1.4855 -0.38694 -2.4525 1.91423 0.79821
-1.17076 -0.42926 -1.8473 1.63908 0.89516
0.44398 0.72505 -0.84507 0.12259 0.72151
1.59069 1.25886 0.64749 -0.56083 1.35108
-0.05883 0.37404 2.03623 -0.06506 -0.74358
-0.09048 -1.5009 2.05015 -0.39461 0.36873
-0.18214 -0.51236 1.48476 1.00442 0.59718
0.31957 1.02824 1.72465 1.23603 1.71037
0.18336 1.90362 1.71321 0.06442 2.74821
-0.4997 3.38922 2.6014 1.24269 1.10638
-0.77083 3.66395 2.93417 0.62301 0.33006
-0.73333 3.54818 2.07286 1.86725 0.02147
-0.39052 4.52997 2.02371 2.78876 0.01087
0.93228 3.06447 1.53295 2.83963 -1.76647
0.84636 1.22592 0.72295 4.20294 -0.76408
1.10086 0.72175 1.48117 3.044 0.63974
-0.91042 0.65332 1.13258 3.28304 0.72556
0.72752 0.71538 1.87743 2.94004 2.31161
-0.2929 0.71073 2.53975 1.46818 2.57417
-1.01839 -0.67386 3.72536 0.64635 1.20294
-1.44039 -2.25459 2.72971 1.9016 1.26751
0.22136 -2.32634 2.17824 2.80677 0.07699
3.12701 -1.73761 2.97552 0.50126 -0.11054
1.80279 -1.09788 3.84737 1.60629 -2.40477
0.94794 -0.85404 2.074 1.96948 -3.03958
-0.90257 -0.53764 1.8769 -3.04042 -0.93639
-1.02533 1.64141 1.17016 -3.24254 2.11154
-0.23646 2.4444 -0.21352 -1.74036 2.43143
0.90548 3.12945 0.43971 -1.3642 1.99768
-0.48922 1.79786 0.10065 -0.55739 0.98769
-0.73717 2.46734 0.72738 -0.38064 0.31416
0.83761 3.01686 1.82228 1.59512 0.90701
-0.02311 1.52324 2.32671 -0.07272 0.70369
0.6276 1.4721 4.02174 1.51983 0.15989
1.07186 1.32165 1.71906 1.08002 0.20235
0.66487 1.23505 1.67938 0.46928 -0.54188
