1.16362 6.05647 0.19946 0.26786 1.48332
1.98607 5.63989 -0.30185 -1.02837 3.44766
2.57407 6.07055 0.23913 -0.63246 2.09898
0.69572 5.19787 -1.31546 1.06635 1.56477
0.30174 4.37292 0.04347 2.12469 2.28433
0.23079 2.99567 -0.15887 0.22641 1.31131
-0.84432 2.02383 0.38209 1.04014 0.31108
-1.69558 1.49346 1.7039 2.29571 1.16874
-2.35832 -0.25438 0.9108 0.09441 0.33517
-1.17072 0.69799 1.14167 -1.75242 0.2959
-1.02661 -0.23268 0.48752 -0.97964 -0.79736
1.05529 1.24293 -1.14355 1.68971 0.33038
-0.27387 1.15358 1.5098 -1.6258 -0.4705
-0.01545 2.15313 -0.44576 1.02727 0.22921
-1.32117 2.21572 -0.76277 -1.66906 0.12075
-0.78318 1.50435 -0.85307 0.64849 1.86119
0.2302 0.59381 -1.37773 -0.45703 2.78257
-0.30145 0.03342 -0.80309 2.37547 0.70218
0.02309 0.44177 0.42437 1.28798 -0.36078
-1.17294 0.03071 -0.2307 1.1403 -1.25459
-1.3387 0.37764 0.4562 -1.2688 -0.03576
-1.72837 1.04833 0.0465 -0.08067 -0.05699
-0.17054 1.61492 1.47093 -0.10201 -1.54514
0.8979 1.91835 -0.76753 0.21724 1.15435
-1.07547 1.16059 -0.82802 -0.21536 -1.08245
-0.89362 1.20271 -0.1567 -1.04705 -0.07961
0.1544 1.22835 0.58065 -0.25291 0.02787
-0.98329 1.63572 0.17444 -2.8212 1.68655
-1.47772 2.94877 -0.25929 1.41203 -0.21844
0.95294 2.48938 0.50313 0.21475 -0.10484
1.37142 3.29514 0.3205 0.71112 0.31781
-0.42571 4.5378 1.31633 0.40923 0.43283
-1.86572 5.74271 0.14349 -0.93034 1.19025
-1.49158 7.14811 1.52155 1.19816 1.16687
0.0932 7.01501 -0.6365 0.45333 2.69905
-0.26162 7.42629 0.61636 0.36274 1.83645
-1.27562 6.43842 -0.58545 -0.69122 2.31713
-3.4835 5.78246 -0.15811 1.08043 3.00855
-1.12252 5.8248 -1.01218 0.14532 1.23551
-0.27289 4.29382 -0.72609 -1.36804 1.48046
0.62166 3.49461 -0.43707 2.05709 0.05698
2.45551 3.88183 0.723 -0.16552 2.29157
1.2775 3.64037 1.68011 -0.38072 0.82825
-0.33907 4.85258 1.68929 -1.58352 0.96765
-0.26279 4.4065 -0.54665 -1.19222 1.60729
-1.51275 3.52985 0.73713 -0.0918 -0.11557
-1.92513 2.45029 0.46009 -0.30485 -0.07613
-1.47631 2.09735 -0.60847 -1.29401 1.00305
-1.52157 -0.18796 -1.37701 -0.1268 0.02355
0.18322 2.09404 0.48616 0.41904 0.25689
-1.14199 2.53128 -1.37687 0.14553 -1.49261
-1.79073 0.9781 -0.80206 -1.74354 1.53753
-1.28281 2.46193 -2.04247 -0.55805 -0.52493
1.14394 1.61222 -0.96293 1.34913 -1.24116
0.00133 3.18938 -0.46315 -0.80118 0.50415
0.04428 2.6666 -0.88009 0.53499 0.36226
0.56729 1.96956 -0.73104 -2.30022 0.52796
1.6844 2.95126 -2.27036 -0.06928 1.20255
3.63303 3.08211 -0.67484 -0.91334 -0.02944
2.10526 2.52027 0.51544 0.20118 2.73927
1.31161 3.96128 -1.28955 0.58016 0.46929
-0.09965 5.29756 0.32386 -0.04612 1.67569
-1.01503 5.28351 -1.50827 0.24412 0.84093
-0.56974 3.60014 0.61906 0.85177 1.79883
-0.30089 4.66305 0.49296 2.42577 0.04971
0.59308 3.43287 1.15763 -0.6093 0.96062
0.59285 1.58936 1.55358 0.12049 1.76483
1.34037 2.41057 1.66834 0.42756 2.19446
-0.90079 2.67565 -0.91323 2.38485 1.72638
-2.90211 2.81634 -0.56537 1.38049 0.9349
-2.18675 1.96381 -0.67715 1.75419 2.09857
-2.8289 1.07872 0.23916 1.11114 -1.96277
-3.78339 1.79456 0.87778 -1.65654 -1.49635
-1.93968 1.03911 -0.38942 1.3523 1.08766
-0.07122 1.52138 0.2982 0.29038 -0.41134
1.1481 1.64065 1.06044 -0.01984 0.91757
1.64971 1.73538 -1.505 -0.00218 -0.29375
0.61932 0.82438 -0.65637 -0.56472 1.20532
0.55691 1.32728 -0.22129 0.99739 0.16868
-0.56224 2.32144 1.52041 1.5948 0.7968
0.15108 2.73767 1.18681 0.78413 -0.50736
1.20136 3.66128 -1.40066 -0.4851 -0.66316
2.30106 3.57006 0.02493 0.63094 1.41022
2.1851 3.91037 1.75076 0.775 -1.17764
3.16985 2.30001 -0.55897 -0.93931 1.69146
1.19624 2.44642 0.94464 1.4624 1.82982
1.7807 1.30683 -1.32974 -0.49932 2.63351
1.1795 1.60993 0.57141 -0.74546 1.08895
1.17692 1.93365 0.0095 1.64341 1.66466
1.40851 0.16027 0.30928 -1.10346 1.38139
0.66573 0.73449 -1.9911 -0.36176 -0.19087
0.72456 2.02182 0.87318 0.75677 1.94903
0.24794 1.02029 -2.80061 0.21853 1.76806
0.3477 0.80104 -1.23833 -0.82607 2.54547
-0.48569 1.44027 -0.18904 0.28626 -0.10439
-2.27284 0.0319 -0.43562 -0.55508 0.75824
-3.4953 -0.00444 0.57915 0.59519 -0.79859
-4.10976 0.92648 -1.25282 0.59578 1.50189
-5.17289 0.87561 -0.38828 -0.08853 -3.20007
-4.85632 1.54016 -0.2394 0.40405 -0.34016
-2.52697 2.63594 0.72023 0.84674 -3.62747
-3.06777 0.5991 1.00487 -1.00237 -0.01072
-3.4252 -0.05534 -0.04907 0.15087 -1.18545
-3.00529 1.00698 0.10857 -0.00137 -0.76241
0.04398 0.62921 0.37654 0.01163 0.98345
1.59748 1.56072 -2.5208 -0.47202 -1.39656
1.84064 1.4216 -0.63198 1.4451 -1.61591
-0.03708 0.30076 0.86431 -1.46425 -0.35163
-0.10067 0.11531 0.5757 -0.24464 0.57878
0.1722 0.7232 -1.94809 -0.55666 1.91882
0.77733 2.57456 -0.90844 -0.5928 0.16072
-0.1781 2.4598 0.35257 0.53605 1.11482
0.09308 3.28357 0.77296 0.61669 0.75638
-0.32382 1.73898 -0.14122 -1.66267 0.94103
-2.27979 3.02462 -0.33567 0.80067 0.43519
-2.38992 4.21951 1.69773 -0.06168 0.49981
-2.9824 3.4709 -0.68341 -0.14233 0.60896
-1.0215 2.00427 0.41961 -0.00969 0.94786
-1.09543 1.0145 0.76855 -0.02563 -0.5159
0.27468 0.42617 0.32649 -0.63297 -2.41268
-0.65144 0.9634 0.39872 0.35139 0.10558
0.75927 1.24944 0.95038 0.62321 -0.46503
1.94148 -0.33862 1.26007 -2.93609 -1.65826
1.49359 -2.07472 0.26878 -0.65074 -0.77659
0.86019 -1.09216 -0.95719 0.58568 0.81187
-1.47347 -1.00174 0.0749 -0.47461 -0.18941
-1.69994 -1.39977 1.75283 -0.87434 -0.92087
-1.20918 -0.60991 0.36498 -2.0751 -1.756
-0.97138 0.09035 0.32001 0.19433 0.14541
0.11871 1.61018 -0.11045 0.37984 0.87597
0.60325 -0.15278 -0.67299 -1.44755 0.95363
-1.44411 0.43309 -1.43949 -0.71509 -0.02466
-1.52522 0.71734 -0.01026 1.12479 0.911
-0.92224 0.26746 0.3963 0.18012 -0.21586
-1.49114 1.06035 0.7347 -0.27821 -0.60189
-1.00139 0.22009 -0.15672 -0.55064 1.2209
-0.64549 0.73348 -0.82926 -0.75101 -1.75215
0.10248 -1.17942 -0.13182 0.40935 1.36743
1.63637 -2.601 -0.84307 -0.8516 -0.46741
0.35841 -2.93651 -0.77295 -1.20867 -1.24221
-0.10995 -2.13535 0.09597 -0.88587 1.39993
-1.47796 -3.10538 -0.91349 -1.12847 -0.02693
-3.47811 -5.8027 -2.50336 -1.0614 -0.57749
-4.1596 -6.23129 1.39425 -0.31427 -3.16597
-2.82951 -5.35745 2.28143 2.55459 -2.87471
-1.32917 -4.62249 -0.99183 -0.42801 -1.67201
-1.84839 -6.05721 -0.56821 -0.75493 -1.89041
-2.65016 -6.57801 -1.37517 0.31503 -2.8212
-2.16559 -4.83865 -1.83401 -0.37807 -1.06692
-2.07893 -4.8816 -1.89082 -1.91543 -2.35904
