0.46502 -1.81197 -2.73062 0.30262 0.86432
0.84407 -2.89471 -1.49198 -0.33642 0.22242
0.88939 -2.941 -3.12507 -0.54926 -0.31104
1.07645 -2.08302 -2.15052 -1.37234 0.28095
0.63985 -2.14966 -3.6673 -0.08538 0.21153
-0.65115 -0.44563 -3.39529 -2.86237 1.47512
0.65781 -1.30766 -2.26506 0.55419 0.37907
-0.99693 -1.2084 -1.7264 -0.08416 1.67909
0.68146 0.2059 -2.31953 -0.44407 0.63807
0.80094 -0.694 -2.57655 1.34807 -0.17389
-1.06157 -0.54373 -2.64635 -0.5154 0.34518
-0.89792 -0.6084 -5.31185 1.13272 -0.12383
0.05055 0.12244 -5.01569 -0.62091 0.22424
-0.18771 0.22929 -4.03441 -0.32235 1.35018
0.6238 -0.27169 -3.32333 -1.03388 0.71744
-0.46216 -1.62233 -2.68168 -2.07851 0.15269
-0.68383 -3.20331 -2.63929 -0.60506 1.63925
0.49336 -4.06978 -2.67364 -1.84461 0.85111
-0.96605 -3.39847 -4.15243 -2.2526 0.09896
0.21561 -3.33931 -2.78979 -1.06286 0.7761
-0.74902 -4.09739 -3.5327 -1.68999 1.38318
0.48021 -4.73222 -3.10437 -3.01045 0.08516
-0.05704 -5.19882 -3.23303 -1.4457 -0.03315
0.85605 -3.9625 -3.34306 0.36354 1.1143
0.1055 -1.99126 -4.69689 -0.79303 3.67423
2.21398 -2.19867 -5.57339 -1.97198 5.61562
0.8761 -2.13255 -5.60838 -0.40236 4.33239
-1.44747 -4.33358 -6.08953 -0.67875 3.1397
0.58665 -4.20283 -4.46949 -0.05497 3.18128
0.241 -2.26833 -2.85222 -2.81155 2.32207
-1.47862 -1.48088 -2.71611 -1.97831 1.72152
1.10704 -3.28804 -2.54735 -1.92162 1.11408
0.68498 -4.37966 -2.8956 -1.44299 0.65103
-1.90312 -3.31498 -3.82515 -0.76894 0.00413
-0.4101 -3.25923 -4.17582 -1.60042 0.51759
0.723 -3.33368 -4.61859 -2.29134 -0.46694
-0.30081 -3.43701 -5.72649 -2.52505 -0.37303
-0.423 -2.33072 -5.3981 -2.01904 -1.33285
-0.01507 -2.94704 -6.29465 -3.27637 -0.57854
-1.81079 -3.2486 -6.04799 -0.00784 -1.07873
0.97426 -2.26473 -5.21144 -2.14116 -1.7079
0.1201 -2.05469 -3.79494 -3.49184 -1.1623
1.71387 -0.42523 -2.86205 -2.49311 -2.414
0.90891 -1.4146 -2.58265 -2.86851 -1.16777
0.16457 -0.05278 -2.53771 0.29585 -0.91992
0.10144 0.24729 -3.06424 -1.58889 -2.67613
1.28198 -0.91086 -2.61155 -1.95884 -2.62703
-0.71394 -1.35059 -2.19374 0.35576 -2.19298
0.15748 -2.09992 -3.76912 0.30895 -2.14469
1.19513 -1.83216 -4.38229 -1.62985 -1.14907
0.62294 0.7061 -3.25526 -0.10736 -1.19382
0.63068 0.49092 -4.53694 -0.62273 -1.34083
1.32211 -1.31722 -4.63439 -3.38628 -0.64061
0.54416 0.09403 -4.83877 -1.88721 -0.11808
0.92887 -1.06209 -3.56036 -2.1016 0.41281
-1.15849 -1.27806 -3.71518 -0.95458 -0.0537
0.53932 -4.05548 -4.39193 -0.33441 0.39969
-0.36343 -3.3142 -3.51982 -3.19785 2.60539
-0.67829 -3.03907 -2.49967 -1.94985 3.07308
-0.09041 -3.16466 -1.72107 -3.30805 3.00035
0.2432 -3.35147 -0.21339 -1.09745 2.8016
-0.06356 -3.05855 -0.90019 -0.20983 2.73168
-1.26813 -3.16096 -1.38843 -0.68733 0.32603
-0.64305 -2.94311 -1.07603 -0.19296 -0.59834
-0.92189 -3.76458 -0.69562 -0.58652 0.54913
-0.24652 -1.70084 0.8664 -1.69665 1.40533
0.42291 -2.71767 1.13136 -0.31381 1.80159
0.49618 -2.37244 2.69781 -0.43206 -0.78478
0.13698 -2.38578 3.12154 0.69697 0.04475
-0.76737 -0.93009 1.71615 0.99293 -1.32994
0.01602 -0.90105 -0.03509 -0.33246 -1.46735
-1.36061 -0.10824 0.92661 -0.01894 -1.63444
-1.59532 -0.32879 1.76666 0.20181 -1.58085
-0.56229 -0.79364 1.0391 -1.58043 -1.68791
0.4581 -0.14171 0.63138 -1.18788 -0.42829
-0.69852 1.32441 -0.95138 0.1797 -0.09825
0.00716 1.50989 -0.22397 1.37975 -1.62957
1.65237 0.14075 0.36303 0.43594 -0.62028
0.20935 0.10856 -1.30327 1.8396 -0.49816
-0.07738 3.66626 -1.23304 -0.3447 1.78185
1.16325 3.79148 -2.66925 0.02518 1.50845
-0.8778 0.72638 -2.94916 3.13014 1.40356
0.21063 1.57318 -3.11316 0.49923 0.9544
-0.67923 3.31703 -2.6433 0.73499 1.91535
-1.29268 2.40392 -0.88513 0.11091 1.21456
-1.28761 2.023 -0.53356 1.3439 0.85031
1.00526 1.96548 -0.23863 1.94807 1.4979
-0.99573 2.26788 0.6904 0.78116 1.50385
0.29125 2.40167 -0.05709 2.32915 0.26032
0.18015 1.87674 0.56956 0.29437 -0.51055
-1.00039 2.95549 1.53265 0.47744 -2.34186
0.32256 2.5515 1.74319 0.25418 -1.29577
-0.2468 1.65879 0.89961 2.50487 -0.73115
-1.76008 1.64099 0.44382 1.98075 -0.85838
-0.48175 1.95397 -0.36222 2.03429 -2.28644
-0.28691 3.04322 1.07535 0.7956 -2.67302
-0.3247 3.38318 0.68916 -2.75956 -3.25554
1.88514 1.75307 -0.05571 -0.13204 -3.98942
-0.51526 -0.21845 -0.82048 1.03345 -3.63674
-0.00177 -0.3358 0.61219 -1.31926 -3.60004
0.15463 0.27136 -1.30404 -0.32485 -3.53244
1.04633 0.0975 -0.20654 -0.15758 -2.34565
1.91256 0.35389 -0.94299 -1.20471 -2.41309
-1.14863 0.46719 -1.26946 -2.57734 -4.63645
-1.52053 1.14891 -1.04241 -1.2886 -3.63606
0.43807 0.24051 0.07633 -2.31522 -2.79508
-1.9776 0.1711 0.30712 -0.48089 -1.22407
0.18883 -1.03037 1.24926 0.28077 -1.71106
0.56697 0.73454 1.25606 -0.45346 -2.19945
0.63402 1.73879 1.02722 0.97708 -2.25438
-0.06418 1.87807 2.0217 -0.28024 -2.80262
-1.90147 3.0426 3.30665 0.75332 -2.68839
-0.73597 4.04737 4.56804 0.04701 -1.95346
0.6305 2.99481 4.22691 -0.79847 -2.67882
-1.224 2.81482 2.87833 0.9915 -3.71196
1.30424 2.13155 2.68732 0.51078 -3.61938
0.63826 1.46723 1.12785 1.02118 -1.33444
-1.11011 -0.08019 1.23485 1.37872 0.12533
1.14776 0.37285 -1.32759 1.3177 0.31384
0.95292 0.96513 -1.19046 -0.3477 -0.03037
0.90592 1.5912 -1.35956 1.0322 0.37059
0.21646 2.55482 -0.32474 0.49733 1.04215
0.45659 2.71095 -0.395 -0.06924 0.17284
0.1265 2.46868 -2.71683 2.059 -1.83034
1.38316 1.91987 -2.27595 0.39337 -0.55009
-0.77811 2.96035 -1.38451 0.77879 -0.31526
0.13176 2.98346 -0.02688 -0.85525 -1.2792
1.05557 2.56586 0.47828 -1.44239 -1.94569
0.70146 2.74714 -0.7738 1.11986 -1.60989
-0.26257 1.60756 -1.36605 0.10698 -2.2663
1.82944 -0.02808 -1.36983 2.78808 -2.55775
-0.03163 0.85412 1.06499 -1.54437 -3.23957
-0.13012 0.26605 0.2309 -1.52193 -1.94633
0.41082 -0.47153 0.04994 0.0909 -2.3028
-1.36751 1.14013 1.48649 -0.09676 -1.49564
0.09562 -0.85932 1.35336 0.37836 -0.5779
-0.12225 0.6768 1.88212 -1.80621 -0.98344
0.8531 1.23486 1.87868 1.20437 -0.89717
-0.04587 0.36757 2.26425 0.3192 -1.30576
-0.28811 0.88277 1.69377 -0.01455 -1.31515
0.37605 0.23741 2.39181 -0.01829 -1.93566
-0.02046 0.70724 2.33596 -0.41156 -1.61433
-2.04123 0.04366 0.90659 1.05769 -2.10953
-0.04137 0.57877 1.72817 2.1913 -3.45448
-0.4862 0.74597 1.81478 -0.92181 -2.73483
0.44491 -0.05488 3.49201 -0.55539 -2.24352
0.2596 1.193 2.68155 0.5316 -2.62955
0.8429 0.37412 4.88456 -0.83985 -2.14314
-0.82849 -0.45371 4.24259 1.74487 -2.48267
0.64247 0.14966 2.41567 -0.68987 -3.23473
