1.66303 -0.51872 1.62742 2.80971 1.01511
1.04742 0.36249 -0.2118 2.92422 2.20764
1.44716 -0.45016 0.56194 3.2939 0.95923
-0.20088 -0.98115 0.44767 3.6725 0.30924
-0.46722 0.42408 1.37273 4.96756 1.12106
1.62608 0.26028 0.14164 3.97536 1.4801
0.49227 0.4164 1.57137 4.06671 -0.66253
0.74059 0.44356 0.92534 2.59432 1.23816
1.94121 -1.03788 0.9493 2.73881 1.54246
-0.19996 0.29324 1.55017 2.06116 1.49357
0.8577 2.30518 2.34744 0.93393 2.47146
0.44011 -0.5761 2.14133 -0.0722 0.96315
1.14586 -1.10642 4.18133 -0.47778 1.50145
-0.61807 1.55773 2.26438 -0.34831 1.93354
-0.73673 0.78626 2.34907 2.28398 2.52898
-0.22361 -0.52412 2.50742 1.67629 2.96884
-0.19612 1.8044 2.14938 3.61522 0.89129
3.13571 2.88451 1.69744 3.80278 2.66612
2.19645 1.23827 3.12314 4.12947 2.9371
1.10875 -0.01645 3.59741 3.83469 3.30784
1.23124 -1.36631 5.18609 2.79159 2.43606
-0.10521 -1.52053 2.92312 2.29293 0.03352
2.95891 1.66218 2.72375 2.51702 -1.29712
1.79008 0.70491 1.73236 2.21994 -0.48536
-0.38504 0.43361 2.55727 0.72817 -0.8622
-0.34014 -0.00789 2.47425 0.1873 -1.53854
1.27032 0.65995 1.973 1.16549 0.34232
0.552 -0.86702 1.46188 2.46727 -1.63585
-1.36973 -1.04414 1.67632 1.90371 -1.78509
0.29264 -1.58936 2.00335 4.73938 -1.73711
-0.11452 0.49865 0.17464 5.26776 -0.99898
2.63389 0.07282 -0.63303 4.83394 -1.86075
1.49242 0.2455 -1.2597 3.92676 -0.68428
1.74623 -1.08385 -1.09485 3.41145 0.12466
-0.33384 0.03869 0.43683 3.14277 -0.28161
0.05773 -0.19873 1.1564 -0.38522 -1.3716
0.29008 1.48375 0.55069 -0.3225 0.80847
-0.16249 -1.22945 -0.72904 0.28312 1.83624
-1.14938 -1.2955 -1.25322 0.53598 1.27948
0.26915 -3.18272 0.25243 0.27455 0.38389
-0.34572 0.33394 -2.22009 -0.00815 -0.84178
-0.26058 1.21179 -1.66783 3.02658 0.70326
1.04178 0.97219 -0.08863 3.02222 -0.45056
1.76284 0.63292 0.92022 1.26181 -1.51262
2.8725 0.67055 -0.49505 1.51242 -2.31387
0.77018 0.99872 0.61047 2.93947 -2.77378
-0.30498 -0.10065 2.00817 3.24469 -1.83717
2.35263 -0.17564 0.41343 1.6714 -1.21967
-0.06941 1.08431 -0.912 0.47831 -2.36872
1.66394 -0.71288 -0.23211 -0.41108 -1.61744
2.29629 0.44682 0.90606 -1.17534 -1.43537
0.88479 -2.29119 -0.07416 -2.15102 -0.97804
0.33608 -1.06164 0.12566 -4.28895 -1.62819
1.53995 0.26472 -0.50377 -4.38365 -1.28414
0.51844 -0.05499 -0.5759 -1.55116 -1.53921
-0.09994 -0.58115 0.48612 -2.05983 -2.15494
1.10552 -1.42191 1.73392 -1.98332 -1.39625
1.39587 -0.31344 1.6547 -1.99181 -1.01305
-0.46646 -0.75991 0.09526 -3.45743 -3.14937
-0.12532 0.12348 1.70339 -3.50144 -3.89358
-2.27687 0.85549 0.50534 -5.21944 -5.01439
-0.09734 2.19343 0.01659 -3.04143 -4.28091
-2.20965 -0.83146 -1.03963 -3.97793 -4.97351
-1.64268 -0.01929 -1.18081 -5.90621 -3.7563
-1.80879 -0.37638 -0.81741 -7.61333 -3.06156
-2.28272 -2.23326 -0.64654 -7.15753 -3.39887
-3.35047 -0.99549 -1.42658 -6.3753 -3.22099
-3.29405 -2.44285 -0.85869 -5.2354 -1.70156
-1.5745 -1.12564 -3.1643 -5.64929 -2.46084
-0.83229 -1.46524 -2.63075 -4.98123 -1.98511
-3.61878 -0.71035 -2.61468 -2.84505 -1.2756
-2.46939 -1.19754 -3.27913 -0.71633 -0.07736
-1.63793 -1.25331 -3.90129 -1.50792 0.284
-1.54257 -0.07608 -4.22405 -1.85731 -1.14807
0.0101 0.69348 -4.90879 -1.60733 0.03614
0.40272 1.80696 -3.37237 -1.14535 1.02067
-1.12145 0.68134 -3.64991 0.11592 -0.62355
-1.00804 0.68836 -3.08498 -1.34123 -0.39013
0.7221 1.11275 -1.2181 -2.63641 -1.05558
0.23891 -1.12052 -0.29545 -4.06149 -1.7746
-2.35384 -0.22539 -0.57716 -3.50069 -1.76551
-1.22941 0.04926 0.95535 -3.79566 -1.89523
-1.84582 -1.67667 -2.03028 -2.23574 -1.92208
-1.41709 -0.9915 -2.40901 -2.37799 -1.15044
-1.51006 -1.2799 -4.23807 -2.99143 -1.97105
0.72567 -1.60051 -4.64018 -3.77182 -2.02033
-1.38926 0.48686 -4.22473 -2.43169 -0.89456
-1.12154 0.56516 -3.77843 -1.619 -0.17804
1.01475 -1.29179 -2.3436 -1.6949 0.47538
-0.32724 0.42011 -2.24167 0.17951 0.30646
-1.12272 -1.01528 -2.53885 0.30223 0.66127
0.14281 1.6786 -3.02321 0.13225 1.02642
-0.9348 1.03936 -3.90895 1.40689 0.71783
-0.53903 0.62954 -3.00929 1.19479 -0.25841
-0.06525 -0.0907 -2.73692 0.79953 -1.65764
1.23606 0.51568 -2.23797 0.52584 -0.03825
0.95053 -0.99099 -3.42195 -0.03772 -0.01405
0.06061 -1.01697 -3.51099 -0.51331 -2.55997
0.2951 -1.68009 -4.13354 -0.33105 -2.39632
0.50141 -0.13857 -4.3368 -0.56849 -0.45614
-0.37644 -0.54591 -3.62355 1.22167 -1.21495
0.47182 -1.96613 -1.5657 0.74847 -2.92906
0.30524 1.23984 -0.56699 0.5513 -2.29532
1.74623 2.79638 -0.00344 -0.41226 -1.85674
1.14784 -0.30013 -1.30082 -2.2021 -1.01855
0.22878 -0.87646 0.4521 -1.91672 -1.91419
-1.22405 -0.47222 -0.65199 -1.88092 -1.74892
0.8437 -0.75245 -0.36937 -1.55119 -0.32574
-0.98911 -0.29133 -3.1871 -1.87854 -0.89982
-1.92047 -1.30196 -3.7181 -2.39448 -0.08841
-1.48804 -1.77473 -4.83048 -1.72723 -0.55726
-2.24358 -1.22654 -3.74155 -1.17726 -0.98717
-1.84064 0.60353 -4.47437 1.45863 -2.88683
0.28427 -0.13749 -4.30313 2.94371 -1.69079
0.02017 1.30283 -3.4561 2.95488 -0.57236
2.39439 -0.21004 -1.98509 1.00508 0.25898
1.57485 -0.22217 -0.80693 0.97439 0.63555
-0.35247 -1.4055 -0.93802 0.24785 0.69289
1.57459 -0.37834 -1.35594 0.42854 -1.66579
-0.43237 0.10808 -1.55053 -0.1229 -0.0965
-0.17997 -0.7732 -1.33299 0.16537 -0.39019
-0.28712 -0.01098 0.4676 0.14564 0.1597
0.06861 -1.10369 2.46936 -0.3664 -0.1903
-0.60994 0.65445 0.77298 -0.34395 1.10543
-0.28253 1.15352 -0.65331 -0.76875 -0.4631
0.47379 0.48977 1.1653 0.03685 -0.6127
0.25451 0.25852 -0.20317 -0.53072 -2.68042
-1.0177 0.51547 -0.70029 -0.90509 -2.47583
-2.03894 -0.35291 -0.33557 0.2297 -3.01723
-0.81171 2.77262 -0.4975 0.01687 -2.33612
-1.74643 -0.33219 -1.33601 -0.74902 -0.24865
-0.29254 -1.46618 -2.37194 -0.53741 -0.66917
1.5116 -0.50072 -2.19906 -0.756 1.37011
-0.13609 1.31253 -2.16586 -0.77866 0.80299
0.39934 -0.00553 -3.2205 -0.81992 0.46446
-0.94289 -0.48903 -1.15097 -1.14232 -0.52757
-0.0613 -1.93092 -0.60454 -0.55321 -0.51263
-2.08435 -0.61382 1.2386 0.18355 0.25118
-0.15881 -0.01491 1.52596 -0.28694 0.19736
-1.90603 0.54065 0.59518 0.57051 1.8141
-2.9335 0.20498 1.44733 -0.82363 0.24749
-0.78275 0.4526 0.14335 -3.79386 0.54683
-2.35802 0.1254 -1.9382 -2.45848 0.83003
0.25739 0.61017 0.35769 -3.80833 -0.69519
-1.05084 2.03884 -0.04174 -1.60663 -0.20064
-1.56005 0.25958 -1.22672 -1.96209 -0.36516
0.43322 -0.92642 -1.21998 -1.76049 -1.74856
0.35267 -0.03017 -1.30222 -1.55798 -1.79299
-0.65732 -0.12073 -0.84599 -0.96925 -3.22594
1.79071 0.32902 -0.85879 -0.98031 -3.51407
