1.64185 0.74114 0.57148 -1.79878 0.70465
1.30524 -0.55551 0.1876 0.77527 0.0464
0.92337 -1.57743 -0.27628 -1.11804 -0.57683
0.3165 -0.66091 0.15881 3.52688 1.60664
0.01913 -0.18716 -1.84295 -0.45298 -0.85301
-0.60497 0.64818 -0.12153 -0.1905 -1.25408
-0.11239 1.52067 0.08568 2.04019 1.46065
1.34801 2.32462 1.49831 0.02329 1.01097
0.80813 0.22602 0.74854 0.87885 2.54949
1.59402 -0.51333 0.37654 1.03876 0.90614
0.9565 -0.63649 0.36133 1.64972 -1.54057
0.15873 2.05854 1.44918 0.68167 -0.8081
-0.49467 1.55833 2.00575 -1.45746 0.35846
-0.35283 0.46793 2.95546 0.92102 -0.15429
-1.11824 2.04909 2.0299 1.41838 0.64399
-0.27064 0.30739 -0.22942 1.3933 -2.39541
-0.013 -0.55609 -0.07785 0.37271 -1.37586
0.10712 1.4241 -0.04195 -0.11292 0.69677
-0.88697 2.04597 -0.33816 -1.93201 -0.48376
-0.9615 1.87476 -0.11473 1.14605 1.50811
1.23205 1.60794 2.48231 1.10425 0.60734
1.27642 0.50591 -0.90814 -0.59636 0.09274
2.01745 0.47977 -0.81559 -1.86771 1.06807
1.3649 0.5494 -0.21487 -1.87608 -0.18372
-0.48804 -0.12112 1.60215 1.93753 -0.27161
0.55331 -0.28227 2.6763 1.42821 0.02839
1.02016 2.49387 0.4928 0.60917 0.71708
1.7954 1.45777 0.38039 1.40725 -1.78206
2.8671 0.58839 3.13742 0.21988 -0.14705
1.92293 1.06261 2.32539 -0.44455 -0.13104
0.3765 2.46139 2.4747 0.58373 1.20091
-0.55908 1.80518 2.62711 0.98782 -0.24373
1.81294 0.54322 2.52626 2.42349 0.5473
-0.03684 0.25722 2.06063 0.90897 1.61953
0.01005 -0.74034 1.9798 -1.37559 0.99435
0.04637 -0.82692 0.36047 0.12876 0.66416
0.38906 -0.89093 1.62561 0.48227 1.23839
-0.42827 0.15675 1.16766 1.4664 1.32679
2.61731 0.28961 -1.23088 -1.45273 -0.02021
0.31017 0.34673 0.05041 0.516 0.38391
0.30302 -2.31913 -1.1813 -0.6961 0.04755
-0.59442 -0.87559 0.22227 -0.37756 -0.78827
-0.18269 -1.56047 -1.67348 1.98074 0.95342
1.13419 -0.01196 -1.27924 1.09789 -0.10041
2.05614 -0.39116 -1.06012 0.74396 0.52005
1.10976 -1.84817 -1.12482 -1.32512 1.14783
1.37515 -1.91741 -0.24179 0.86743 0.05497
0.17564 -0.11578 -0.85607 2.13942 -0.54162
0.17232 0.56449 -0.29979 2.27498 -0.59147
0.35001 -0.2946 -2.01177 0.39559 0.28279
1.89774 -0.39129 -0.16933 0.54756 -0.92684
0.55163 -0.80454 1.65384 -0.57658 -2.88875
0.48229 0.92871 1.89177 0.74338 0.51694
-0.47195 1.52533 -0.90368 2.05154 -0.68745
0.415 -0.32796 -1.01187 1.39142 -1.72374
0.3178 -0.20131 -0.94739 0.42895 0.5072
1.75877 -1.84993 -1.43618 0.46408 -0.10967
3.13516 -0.60107 -3.45195 -0.30202 0.3317
2.34782 -0.58945 -2.51073 -1.82412 -0.61965
0.09468 0.31961 -1.1586 -0.07201 -1.0935
-0.36027 0.56538 -1.81806 -0.13364 -0.06725
1.08243 -0.47987 -0.99117 0.95755 -0.46619
2.05893 1.37939 -0.80353 -0.4489 0.48657
1.29991 1.3784 0.12502 0.61171 -0.28186
0.88623 1.05941 0.72272 -0.97329 1.57563
0.28908 1.5 0.75041 1.28236 1.24111
-0.00622 0.10393 -0.1904 3.01554 1.39841
1.88354 0.13877 2.46091 2.4725 -0.70377
-0.70632 -0.53565 -0.04153 0.25523 -0.38654
1.83498 -0.38479 1.05314 -0.23644 2.12536
2.90503 1.8789 0.04673 -0.69902 -0.54701
2.78921 1.25817 0.24315 1.19413 1.01913
2.21215 -0.34617 1.90533 -1.16651 2.63127
1.29628 -0.80059 0.61667 0.84644 2.10928
1.78553 1.36729 1.4878 0.35486 -0.74127
0.98303 1.453 3.08045 1.46333 -1.57962
-0.01616 1.76643 2.35911 1.18488 0.8845
-0.36033 0.73011 1.49732 -1.25547 1.19498
1.2031 0.52437 -0.53193 -1.06573 -0.93384
0.09451 0.38198 -2.24829 0.64696 -1.3419
0.30782 0.23198 -1.28387 1.28148 -0.85986
0.72756 -0.57419 -0.94618 0.8881 0.93762
1.27883 -0.93371 -1.71696 1.89384 0.97176
1.80127 -1.77633 1.64979 1.02878 0.32372
2.96014 -0.21245 0.0817 -1.0506 -2.14452
1.42775 -0.4991 -0.59148 -0.84187 -0.59748
2.20655 0.00713 0.2474 -1.32938 -0.54864
0.34204 1.07976 -1.09723 -0.43589 0.8211
0.66067 0.46033 -2.66076 0.55606 0.10299
0.1185 0.55888 -1.07306 -0.80494 0.53396
-0.45236 -0.68416 -0.31952 0.8948 -1.18325
0.96364 -0.9167 0.19005 0.83615 -0.18257
2.11807 -1.19084 3.68449 -0.82519 -0.47696
0.40904 -0.26956 1.14622 -0.71512 2.21344
1.617 1.69962 1.34869 -1.17652 -0.91436
2.18261 1.32503 0.62091 0.72988 -0.94434
1.45345 1.20502 -0.08687 0.55708 -0.30309
1.06317 0.82136 -0.07224 -0.24474 1.48441
-0.1402 1.08101 0.16846 1.10287 0.334
1.17566 -2.02382 1.52354 0.55584 1.32407
-0.4336 -1.2994 0.38017 1.01176 0.44431
-0.69624 -2.34442 2.17726 0.69705 -1.53427
-1.0958 -0.31768 2.46778 0.28247 0.00331
-1.05381 -0.03224 0.76217 -0.75763 0.72125
0.35556 -0.2991 -1.37062 -0.29368 0.27976
1.20749 -1.25412 -1.8975 -0.73002 -0.15665
-1.40631 -0.14792 -0.05034 -1.02477 0.49317
-2.10322 0.65089 0.16153 -1.56847 -0.74041
-1.32068 0.10691 1.42111 0.73866 -2.42925
-0.90742 0.06135 2.1903 -0.1835 0.43085
-0.08402 -0.33504 0.72405 -1.29123 1.00973
0.6815 -1.58307 -1.99421 -1.40147 0.21891
-1.52635 -0.6459 -1.68565 -1.53688 -0.12964
-0.84433 -0.62586 -1.44959 -0.93175 0.72923
-2.02302 -0.69208 0.31601 1.21966 -0.23226
-1.07879 1.01341 -0.90623 0.50521 -0.49245
-0.82997 -1.13802 -0.6561 0.19874 0.0015
-1.78986 -0.26506 0.47351 1.27427 -0.27224
-0.44049 1.06727 1.0145 0.00099 -1.74704
2.10815 1.54654 -0.54738 1.68516 -1.67375
2.75856 0.75298 -0.0678 -0.01512 1.62045
1.90112 1.06189 0.84965 -0.54319 -0.82529
1.33545 1.62698 0.56167 -1.52798 -0.60593
0.33423 -0.14903 0.32949 0.86455 -1.48686
0.49236 -0.44318 -1.04255 0.18496 0.78501
0.68196 -0.40311 -1.13492 -1.02549 -0.50881
0.25171 -0.10027 -0.84385 -0.92674 -1.16722
-2.10411 1.138 -0.42341 -0.38236 -0.05442
-2.49004 1.34115 0.28471 -0.46422 -0.82246
-3.40928 3.17929 0.03652 1.94831 -0.49078
-1.9411 3.69617 0.03136 0.12501 1.38114
-2.05047 2.54757 0.21293 0.38968 1.6347
-0.53324 1.31516 0.32581 0.56561 0.08612
1.384 -0.30297 1.65946 -1.5511 -0.42967
-0.19449 0.51935 1.7132 1.00164 0.81345
0.58577 1.43132 1.8264 1.11937 -0.05005
-0.30774 1.95119 -0.62369 -0.26351 1.18329
1.51547 2.96109 -1.17104 -0.4423 0.52952
1.18391 1.66537 -1.86556 -0.72967 -0.41926
0.75667 0.88928 -1.05744 -0.4877 -0.09927
-0.46882 2.04445 -0.16194 -0.77365 0.9688
-1.55272 1.10193 -0.33277 0.05318 1.79535
-1.72574 -0.11901 -1.81482 -0.89283 0.61886
-2.18049 -0.05204 -0.81368 -1.38196 -1.51459
-1.85163 -0.44175 -0.52781 -0.15933 0.97147
-1.05925 -1.98334 0.88346 -1.86567 -0.15113
-0.61406 -2.84896 0.717 -0.02819 -1.5729
1.41457 -2.3142 0.68093 -0.99764 -0.36373
1.51441 -0.37428 -0.15127 -1.30649 1.01601
0.11721 -0.04685 -0.81523 0.57276 -0.72351
