0.74656 -1.16339 -0.64483 0.05941 1.09759
0.40544 0.99814 1.38318 -0.41922 0.58094
-0.15297 -0.23717 1.30801 0.83434 1.95911
0.21134 -1.02429 0.46674 -1.52874 -1.22841
-0.57003 0.99703 -1.42291 0.72731 1.72531
-0.809 0.32763 0.51611 -1.30893 2.65155
0.10944 0.26399 -0.75607 -0.99951 1.38346
0.96119 0.14215 -2.20103 0.58282 0.29088
0.25603 0.01497 -0.55817 -0.51556 -0.86182
1.10827 -1.23024 0.26626 -1.42085 0.01364
-0.57389 -0.78009 -1.11237 -1.64091 -1.46567
-0.40857 -1.80537 -1.32171 0.23826 0.4803
-0.91699 -0.14632 -1.86065 0.40292 1.75889
2.09974 1.08242 -0.75242 0.09417 0.63985
-1.1407 -1.77027 0.45059 0.08694 -0.95083
-1.6335 -0.4937 1.22091 0.39765 1.02931
0.78065 2.52962 2.60947 0.10245 -0.67054
0.92502 0.48559 0.22554 0.46487 -0.14799
0.24698 -1.55543 0.00388 0.753 0.13074
0.7811 1.36229 -1.12367 -0.18195 -0.58269
0.00207 -0.85256 0.65424 -0.29427 1.29096
0.87522 0.32384 1.55407 0.99757 -0.17621
-0.04478 0.41726 -0.27383 0.68456 1.13748
1.80348 -0.84746 0.10921 0.15964 3.29985
1.23169 1.62983 -0.81204 0.94624 -0.53773
-0.79131 -0.2911 0.36721 -0.67147 0.36415
-0.3622 0.15768 1.47827 0.99308 -0.35386
-1.06112 0.73567 -0.17934 -0.57314 -0.46175
1.18427 -1.68723 -0.61321 -0.96949 -0.03321
0.56442 0.14413 -1.1491 -0.43716 -0.55076
0.2041 0.05205 0.01158 0.58426 -0.18793
0.13814 -0.56225 0.18937 1.35225 -0.98108
0.73719 -0.46031 0.31613 0.59502 1.13762
0.48357 -0.68223 -0.48337 1.10715 1.655
-0.20178 -0.05683 0.47936 -0.59491 1.38375
-0.43306 0.54357 0.56107 0.18443 0.44282
-1.35354 -0.19543 1.0194 0.42652 1.32635
-0.74322 -2.08001 -1.27203 -1.058 0.83061
0.55293 0.35563 -0.57011 0.91732 -0.00742
1.15035 -0.44172 1.51576 -1.05056 2.03609
1.41657 0.84308 0.6711 -0.92536 0.12086
0.15201 1.51848 0.02864 0.10235 -0.30374
0.4162 -0.47552 -0.46354 -0.0719 0.24561
-0.20222 -1.76069 -0.87759 -0.16365 0.69232
1.43038 0.30834 -1.0291 -0.75312 -0.04658
0.19474 -0.07732 -0.02749 -2.32817 0.54839
0.3214 2.12695 0.53803 -0.75916 1.23963
-1.33435 0.23968 1.65072 1.79284 -1.0084
0.36826 -1.1421 0.79924 1.58357 -1.10005
0.87173 -0.58431 2.19564 0.72225 0.03004
-0.04127 1.79804 1.2533 0.11036 0.69259
1.14944 1.1133 -2.51631 -0.33403 -0.87542
-0.82594 -1.10595 -0.01633 0.59984 0.64563
-0.68202 1.58286 0.84912 0.19172 -1.33184
-0.90035 -1.40838 1.10397 -0.67496 1.3722
-0.68228 0.19085 1.66207 0.58358 -1.08224
-0.2678 0.37913 0.86818 0.03862 -0.43514
-1.45822 0.21858 -1.37034 0.79881 0.0814
-0.16234 0.10989 -0.64401 -0.64108 -0.08029
1.26367 1.64895 -1.51942 0.00571 0.31438
-0.14074 -0.12341 0.98012 -1.22126 2.07207
-1.0735 -0.85963 -0.33971 -0.37826 0.61112
-0.95672 1.67683 0.99416 -1.07276 -0.9697
-1.39582 0.54598 -0.71649 1.48213 -1.14902
-1.34124 -0.23882 -1.39642 -0.02668 -1.32601
1.14025 -2.20168 1.54038 -0.56851 1.81452
0.31514 -1.89332 -1.08911 -0.82213 0.86085
-0.78776 0.10119 1.32352 -0.49563 0.30762
0.96839 -1.11847 1.75455 0.39432 1.17887
1.02598 -0.93249 0.78551 -0.83737 1.51868
-0.39308 -0.9188 -1.46129 0.14057 0.64605
-2.12902 -1.07476 -0.39481 0.25994 0.3971
-0.46793 -0.25729 1.66275 0.6768 0.60744
1.90018 -0.43273 2.24992 -0.3046 0.55825
1.45932 -0.38914 0.56183 0.53255 -0.87104
0.14592 0.67365 -0.32802 -1.1915 0.2249
0.87503 1.20169 -1.39958 1.3353 -1.46772
0.58149 0.77877 -0.61729 -0.38014 1.32374
2.41655 -0.40464 1.0793 -0.17038 0.10681
-0.86517 0.77081 0.7792 0.88195 -0.08868
-0.42055 -0.14863 1.6185 2.11563 -0.11278
0.68885 0.78724 0.49036 0.89475 0.04267
1.48644 0.60208 0.90536 0.54794 -1.28629
0.2182 1.44013 -1.35353 0.41829 1.55182
1.93534 0.72193 -0.29758 -2.14597 0.15327
1.39733 0.5153 1.57495 -0.38287 0.24774
0.49597 -0.62231 -2.18244 0.57073 -1.79502
-0.2633 -0.31805 -0.22655 -0.91224 1.18065
0.06099 1.97853 1.47926 -1.16281 0.69325
0.58237 1.68574 -2.42537 -0.14766 -0.88187
-0.88765 -1.2345 -1.53538 0.07958 -0.35495
0.55694 1.89409 -1.42745 0.37196 0.13147
-0.84479 -1.04663 -1.56479 -1.34921 0.66608
0.3754 -1.9492 0.10732 -0.95479 -0.18208
-0.98033 -0.03484 -0.49674 -0.72848 -1.51959
-0.5323 -0.77327 -1.0982 0.34066 -0.94017
0.39203 -0.94173 0.09346 -1.76873 1.12692
0.39483 -0.70866 -0.75333 -1.88298 -0.90114
0.49727 -0.59446 -1.10409 0.29313 -0.57666
0.15964 0.67126 0.20526 -0.83149 0.83285
0.98136 -1.42685 2.17109 -0.01397 0.71006
-0.31391 -0.7572 -0.79977 1.68232 -0.99183
1.59933 -0.42591 0.57152 0.28075 0.70608
2.15525 2.00759 -0.65599 1.69837 -1.94938
0.21773 2.83359 -0.49286 -1.68919 0.54111
-0.48578 -1.734 -1.47551 0.45704 1.13517
-0.90392 0.96731 0.42113 -1.06353 -0.3887
-0.06736 -2.4189 -1.01762 0.2476 0.17046
-0.67191 -0.75606 0.49225 -1.7042 -0.22097
0.05229 -1.21583 0.13651 -0.56376 0.48116
-1.23218 -0.01409 1.31207 1.05323 0.766
-0.27973 0.91142 0.75966 -0.59086 -1.98401
-1.06857 1.17064 -1.8146 -1.26632 0.28673
0.01149 3.54578 -1.60554 0.26187 1.96986
0.09642 1.68673 -0.19527 0.11857 -1.56384
-1.2593 -1.75716 -1.58281 -0.32249 0.04712
-0.14775 -0.80274 0.46514 0.0629 -1.49821
0.41812 1.88163 1.42558 2.29638 -1.20742
-1.01299 -0.32493 0.03409 1.02294 -2.66605
-0.17741 0.03343 -0.4627 -0.07116 0.01486
-0.32619 1.60556 -0.76707 -1.00077 1.25046
0.21796 0.66085 -0.93461 -0.72305 0.07217
-0.67758 -1.10378 0.08895 0.48259 -0.52265
0.22564 1.10897 0.2628 0.47169 -0.047
0.56944 1.32353 0.0767 -0.49705 1.65667
-1.33573 -0.64634 -0.44214 0.2911 1.37915
0.20457 0.61099 -0.37004 0.11551 0.85474
-0.56782 -1.11818 1.08728 -0.74488 0.15696
0.28338 0.41968 1.42614 -1.42441 -0.8027
-0.31433 1.96727 0.61163 0.69462 0.09616
-0.49828 -0.63031 0.32473 1.14224 -0.37337
0.05496 0.10251 0.22703 -1.12979 1.27002
-0.14306 2.17286 -0.11732 0.77212 2.87766
-0.14983 -0.21451 -0.91982 -0.63698 1.26209
-0.78522 0.30416 -0.38951 -0.01228 0.46783
1.26141 3.07748 -0.06746 -2.05536 -1.16787
-1.40096 1.09778 0.92546 -1.52828 0.67708
-1.28624 -1.51353 0.30514 -0.62142 -1.28895
-0.61688 -1.21514 0.59749 -0.25701 0.99545
1.00865 -0.43639 0.78506 -0.01501 1.43909
0.32423 1.55389 -0.16323 -1.48005 0.38236
0.70194 -1.32562 -1.34116 1.85609 0.84181
-0.58507 -0.06991 -1.48307 0.07516 -1.59025
-1.16889 0.59139 0.25316 -0.8947 -0.4538
0.65701 0.71737 0.70756 0.04216 0.56842
0.04235 0.2371 -0.68776 0.81014 0.04914
-0.30612 -0.43314 0.73343 -0.54976 1.79684
1.52569 -0.21675 0.11843 0.09268 -0.03652
-0.23114 1.73854 -0.80188 0.28728 -1.41952
-0.30633 1.97099 -0.41448 -2.65996 -0.59092
