-0.11621 1.71338 -1.01412 -2.00165 -0.74619
-0.14941 0.67019 -1.08946 -1.41068 -0.86312
0.92769 0.66812 -1.45735 -1.31244 0.21177
-0.79003 -0.2615 -3.42472 -0.77085 0.33975
-2.08103 -1.31643 -2.86579 -1.6179 0.53427
-1.96873 -0.34446 -1.56409 -0.89608 -0.36285
-2.47561 -0.8409 -2.24508 0.02735 -1.21846
-1.44332 -3.19913 -1.46128 -0.68475 -1.26921
-1.97451 -2.14511 -3.71765 -0.64938 0.35151
-1.59472 -0.0205 -3.45436 -2.00958 0.54025
-3.23322 -0.18541 -5.12109 -1.63346 2.57838
-3.99945 -2.22604 -4.9766 -0.76664 0.88967
-1.04612 -1.36283 -6.62426 -1.30693 1.23478
-2.68579 -0.88576 -7.04085 -0.01197 0.1647
-4.45836 -1.16101 -5.62028 1.3824 -0.38659
-4.64337 -1.17144 -4.50127 1.47647 0.34105
-3.04871 -1.124 -3.00368 0.88391 0.6915
-2.42164 -1.64276 -2.84825 -0.51116 0.27089
-1.92776 -2.27449 -1.70082 -0.65563 0.60828
-1.54098 -1.78241 -1.16705 -1.04831 -0.83311
-2.19387 -0.40275 -2.03511 -0.61924 -0.51331
-1.07247 -2.2084 -0.80006 -1.14952 1.16061
-2.82808 -2.57769 -1.93655 -1.94629 -0.06314
-3.44185 -1.53523 -3.38912 -2.69052 1.3441
-3.16145 -1.41891 -3.62051 -1.10056 0.25304
-2.16884 0.434 -2.33981 -0.48064 -0.08572
-2.17213 0.63557 -3.48772 0.2781 0.78571
-0.98888 -0.12573 -2.38459 0.37331 0.14851
-1.17989 0.00458 -2.04331 0.24964 1.98977
-0.17288 1.85329 -0.91996 -0.35341 1.67644
-0.21531 0.53102 -2.24346 -0.52057 0.71271
-1.06349 -0.44772 -3.7864 -1.1804 1.36271
0.21207 0.23652 -5.23171 -1.63625 1.13483
-1.89651 1.38286 -2.94357 -0.48934 2.07184
-0.55366 1.09386 -2.49995 1.0717 0.54877
0.2718 0.95489 -3.84615 1.0872 1.39239
-1.51166 0.58203 -1.26431 2.42276 1.31409
-1.07642 1.87443 -1.02572 1.29776 0.16472
-0.63495 1.3353 -1.13968 2.45632 1.03678
-1.72986 3.12178 1.85444 0.09854 0.16699
0.70412 2.636 0.34553 -1.69672 -0.63689
-0.33173 2.84859 1.49293 -0.03801 -0.71731
-0.31329 3.75367 2.47539 -0.2215 0.14915
1.19408 1.99422 1.67059 -0.83668 -0.89972
2.6296 1.41147 0.9675 -0.37847 -1.52318
2.35238 -0.06614 -0.22181 1.38029 -0.39952
1.01437 -1.45313 -0.22249 1.57603 0.26633
0.89933 -0.94162 -0.53455 1.25025 0.27264
0.32301 -0.15224 1.04759 0.93973 -0.40949
1.89973 -0.29704 2.80237 0.7552 0.2026
2.07612 1.43775 1.69004 0.68226 1.01225
2.45463 3.84328 0.65058 -1.13037 -0.47065
2.21187 3.33733 -0.15636 0.48086 1.27123
0.29055 1.80256 0.14687 1.78238 0.23124
0.12799 2.5241 0.54926 1.26561 -0.35825
0.72455 3.3296 1.19528 2.66914 -0.49052
0.46734 1.74161 1.92361 3.9628 -1.39193
0.6275 1.76916 0.64547 4.08565 -0.46462
-0.30334 1.91801 -0.10788 1.69998 -0.19899
-0.74624 2.50218 0.26528 1.34518 -1.49899
1.11511 2.50765 4.1871 2.08844 0.19499
1.08015 2.41103 5.14003 1.63601 -0.85987
0.03352 3.86879 4.15331 1.93325 -2.54773
1.01846 3.36837 5.77223 1.09392 -0.10613
1.9942 1.4759 5.22861 0.58607 1.24889
3.38422 0.66105 4.88001 1.0103 0.06254
2.99002 0.8163 3.11702 3.99125 0.53921
2.53298 1.31845 2.65783 4.21081 1.23694
1.27503 -0.06729 2.91208 3.23102 0.68819
1.50148 -0.33554 5.75715 1.32269 -0.32201
1.84612 -0.61135 6.47688 0.27329 1.22262
3.58029 2.05176 7.76241 1.33559 -0.23789
3.45354 2.80204 7.41672 0.92695 -0.17689
4.43119 4.62976 8.1192 1.03911 -0.15774
4.98015 4.9651 7.85488 0.14309 -0.93576
4.6157 3.64528 6.97355 0.45819 0.42519
3.13127 3.21635 4.34901 1.06512 1.44555
2.0741 2.84758 4.23893 -1.56073 1.0211
1.33127 3.25893 4.56358 -0.0015 0.64292
1.90841 3.4162 6.6105 0.20325 -0.71559
2.03008 2.60252 4.85715 1.43601 -0.06666
3.12946 3.56875 4.38602 1.31738 0.67248
2.26538 2.00038 4.66969 1.34494 0.49046
2.06775 1.02918 5.57556 0.86403 1.48079
3.76744 2.42634 5.68345 2.7915 -1.42843
5.67937 1.19868 5.91676 1.42805 -0.16552
3.53837 1.65816 5.28222 2.27158 -1.70137
4.76579 1.58269 4.97862 2.58548 -1.39947
4.53568 2.38612 3.98459 2.19343 -0.28088
5.14246 2.707 3.44643 3.0712 -0.22084
3.53951 2.79483 3.94283 1.18909 0.83345
2.6327 2.03285 3.44322 2.66669 -0.39635
1.06969 1.26691 5.65524 1.3296 -1.8588
1.94989 0.52604 7.93739 1.22885 -0.83206
3.2776 0.42341 9.52358 2.20445 0.03478
5.24286 1.61505 8.91148 2.55896 -0.17636
5.43435 2.27545 9.22358 3.46374 0.36129
5.6393 2.06012 8.13697 6.0102 -0.22745
6.19881 1.5664 8.5618 3.72192 0.68645
4.48843 2.48808 8.39022 1.73535 -0.22569
5.81572 5.53177 8.96169 1.16547 -0.62549
5.17427 4.22254 9.32477 0.51112 -0.82472
4.24357 5.40382 6.92132 0.8916 0.47259
3.29572 4.54891 4.71054 1.65272 -0.02435
2.9546 3.74075 4.92686 2.84335 -0.95745
2.04868 2.38841 5.36798 3.72604 -1.32146
2.69539 2.33272 7.89834 2.93487 -0.16979
4.77813 2.73978 8.19079 2.51525 -0.33181
5.0964 2.52222 9.28854 3.22487 1.54092
4.27887 3.30141 9.04592 1.46816 0.8095
5.11912 0.95872 7.3705 2.93315 -0.23335
4.79712 0.22979 6.65445 3.56341 -0.24998
3.2255 0.75591 7.54008 1.41224 -0.434
2.5085 2.62161 8.62592 2.44708 0.38009
2.64698 1.79841 9.24785 3.05383 1.26728
2.79582 1.25978 9.04217 1.01463 0.50798
2.58492 1.47621 7.84265 0.32193 0.44447
4.18551 1.48029 6.88766 0.18448 -0.11157
5.10057 0.62384 8.74805 0.23002 -0.61395
6.74652 1.88398 6.73467 1.37448 -1.00966
7.06594 1.30854 6.33347 1.72407 -0.32074
5.13532 1.95297 7.92736 0.72324 -1.79649
4.53742 1.48961 8.13583 0.86701 0.57004
4.48148 -0.12198 9.93754 -0.80913 -0.19001
4.50608 0.47341 10.38451 1.7165 0.05368
6.69702 -0.53531 10.29194 2.4512 -0.23012
6.03586 -0.08607 9.26233 3.93609 0.51264
5.44959 -0.95698 9.32991 1.75944 0.33539
5.1779 -0.14751 11.75613 1.80361 -0.51066
6.42601 -0.12754 11.27238 0.10161 -0.20574
5.62709 0.62857 11.73125 1.27992 -1.24719
5.87665 -0.08743 9.19653 0.38443 -0.51328
6.13056 0.29907 10.90953 1.06001 0.07248
4.98023 0.48573 10.18481 1.56913 1.65294
5.99174 0.25135 11.49274 0.54692 1.38886
4.55344 1.26572 8.93738 0.38864 0.51679
2.67435 0.68428 9.11311 -0.52508 3.74805
3.17625 0.79336 11.59042 -0.02377 0.5944
4.03656 3.40631 10.16972 0.35995 -1.89623
4.99787 2.22216 9.53708 1.16069 -3.77174
6.95726 1.21741 7.83036 2.26724 -1.14366
4.71572 0.32659 7.56193 2.22242 0.39062
4.06619 2.03967 5.7426 1.07216 -0.56555
4.72748 2.02869 7.21018 0.62185 -0.61005
5.78064 2.89636 7.74967 1.51219 0.05251
5.65691 2.79535 7.8276 0.27534 0.01473
5.67335 3.05513 6.06011 0.96676 -1.32558
7.38839 1.65264 7.85234 0.19561 0.74949
5.72547 2.02446 6.86696 -2.70035 0.37838
3.89629 0.76374 8.62534 -1.79194 0.36715
