-4.89322 -2.38508 -0.6221 -0.45627 -2.33332
-5.4603 -2.82422 0.25081 -1.06058 -3.84421
-4.84491 -2.57914 -1.69256 -2.31252 -1.67548
-5.61348 -2.78805 0.38616 -0.79571 -2.38478
-3.58872 -2.16442 0.5872 -0.17832 -0.81137
-3.3762 -4.53357 0.3337 -2.67457 -2.42737
-1.5999 -3.93242 0.84781 -0.61971 -0.80162
-2.86945 -3.82492 -0.14919 -1.1021 -1.83849
-0.51009 -3.31222 -1.19859 -2.37049 -1.44042
-1.64834 -3.89325 -0.59267 0.00214 -0.60782
-2.54229 -4.10496 1.62596 -0.68096 0.53088
-1.3497 -3.18429 -1.08385 -2.13123 0.28649
-2.04199 -4.11145 -0.9095 -1.01196 -0.24963
-2.63941 -3.33397 -0.37882 0.49058 -0.95733
-0.57912 -2.18278 -0.19286 1.74399 -2.84849
-0.97992 -1.46908 -1.02606 0.94832 -1.50487
-1.89214 -1.92449 0.40381 0.2443 -0.0369
-0.96155 -2.39332 1.06341 0.67602 -0.39461
0.3403 -2.3052 -1.40205 -0.72858 -0.82789
1.25704 -3.86637 0.23337 -1.01013 -1.60389
3.53689 -3.21116 0.21472 0.33487 -0.84188
3.62414 -2.40384 -2.76378 0.43083 0.72834
3.09132 -1.3362 -0.03599 0.26712 -0.17434
3.20086 -0.57917 -1.06295 -0.16063 2.27737
3.3394 -0.45373 -0.32257 1.16315 0.30724
3.78 -0.95028 -0.02953 1.37954 0.76776
3.8141 0.98284 -0.17877 0.00319 -0.51527
3.18777 1.42185 -0.90598 2.49 2.18952
2.38098 2.6462 0.0093 1.42017 2.05141
2.26716 3.37806 0.16492 2.23306 0.41749
1.43067 3.53643 1.51309 2.49034 1.01053
1.42811 3.505 -0.04435 2.22341 3.26927
1.47664 2.38116 -1.07691 -0.24908 0.22824
1.77449 2.05687 0.65973 0.00073 1.17294
2.09861 0.05593 0.60222 0.62461 1.30022
-0.83555 0.81389 0.40659 1.20741 1.84557
-2.27115 2.4389 -1.54586 0.75089 0.25216
-2.37068 1.44486 -0.89841 -0.42885 0.41884
-2.77771 1.66821 -0.41349 0.62451 0.49039
-2.37709 2.23693 -1.59441 1.96259 0.23674
-2.40766 2.19953 0.14255 1.80804 -0.00725
-2.44851 3.561 -0.33141 -0.87618 0.70441
-3.02239 3.25333 0.19673 -0.51831 0.38348
-2.79653 3.16358 -0.56004 -0.98047 -1.63276
-2.18204 0.788 0.36465 -1.9785 -2.00206
-2.03631 0.89039 -0.24205 -1.53124 -0.27859
-2.14343 2.22509 -1.57178 -1.66739 -0.71795
-2.27952 1.12093 -2.60263 0.33261 0.43563
-4.09314 1.12915 -2.24271 -1.84732 0.22304
-5.82507 0.36547 -0.03478 -0.30399 1.2447
-5.97647 1.17746 -0.59233 0.62907 -1.41704
-6.04824 0.07542 0.56602 -0.30387 -3.3982
-4.75193 -2.02938 0.31826 -0.23695 -4.22736
-4.96734 -3.01516 0.11793 -2.83736 -3.2366
-6.92715 -5.73769 1.37287 -1.54968 -4.72483
-7.0646 -6.01639 -0.40811 -2.99635 -2.48114
-6.38694 -5.82126 0.15285 -4.24444 -1.14934
-4.21014 -4.81029 -0.36244 -1.61601 -2.39434
-2.8074 -5.54361 -1.89519 -2.90261 -3.71036
-2.64603 -4.95927 -0.16149 -3.47924 -2.40867
-2.47745 -6.26713 0.1194 -2.17732 -2.10491
-1.39139 -5.225 0.55195 -1.86536 -1.25042
-3.17372 -4.52044 -0.3624 -2.27855 -0.39418
-2.93239 -5.78454 0.52544 -1.34067 1.02262
-3.17956 -6.94823 -1.5927 -1.61064 -0.12041
-4.64158 -5.90236 -0.60912 -1.77463 -0.66182
-4.65406 -6.45284 -1.16324 -1.2074 -1.15221
-0.87802 -5.09159 0.01254 0.24376 -1.60542
-2.79794 -4.49418 -0.10325 -0.22776 -2.61654
-2.95641 -4.29883 -1.11009 0.56581 -0.76445
-3.09789 -4.46315 0.67576 -1.60695 0.33684
-3.09323 -3.66148 0.21091 -1.92866 -0.79376
-4.32518 -3.16744 0.14012 -1.78629 -2.05063
-4.07699 -2.44739 -0.90537 -0.64208 -0.10681
-2.59345 -2.91358 -0.36967 -2.07217 -0.085
-1.7785 -2.50841 -2.33026 -2.24762 1.40878
-2.73823 -3.30237 1.29062 -1.34485 0.23348
-1.70862 -1.95661 0.16294 -2.0876 -0.67249
-3.66739 -1.53813 -1.14124 -1.97684 -0.76564
-2.85307 -3.07209 0.88563 0.328 -2.03018
-3.39622 -2.71801 0.58756 -0.65784 0.00053
-1.76081 -1.6773 1.59425 -2.1253 -1.3275
-1.93227 -1.08799 0.65247 -1.29219 -1.22434
-2.00955 -1.93599 -0.89546 -1.13391 -2.3778
-1.05694 -2.72554 -0.677 0.93278 -0.48667
-1.83495 -1.87959 0.28868 -1.20516 -0.58488
-3.13531 -1.18531 0.51722 0.68857 -0.7912
-4.32689 -1.03007 -1.00165 -0.17498 -1.96138
-5.18024 0.50408 -2.10293 -0.33426 -2.08625
-4.76812 1.13734 0.70866 0.03212 -1.19624
-4.1321 2.98862 -0.1186 -1.09159 -2.60614
-3.25925 1.27118 -0.16414 -1.18177 -3.00973
-4.31529 0.08275 0.21043 -1.07313 -1.51985
-3.66885 -2.00677 -2.09284 -0.00386 -3.05314
-3.00281 -2.64061 0.78902 -0.47227 -4.0052
-1.09885 -2.80729 -0.12869 -1.17271 -2.38188
-2.77662 -3.57193 0.30841 -1.12298 -2.08843
-4.68372 -2.92314 -3.30991 -0.68471 -1.09955
-4.70923 -1.7742 -1.89824 -1.18112 -2.31936
-4.07074 -2.30994 -0.2342 -0.86787 -1.18729
-5.71594 -2.9207 0.60549 -1.00955 -2.47054
-7.28686 -2.96158 0.70678 -1.80468 -0.97174
-8.05692 -2.68821 1.7897 -1.61434 -3.37554
-9.49491 -1.35798 -1.07518 -1.16494 -4.67652
-9.62469 -2.24622 -3.04716 -2.07338 -2.63501
-9.60766 -2.79126 -0.38006 -0.59014 -3.19232
-10.11817 -3.42245 -0.1786 -2.31313 -3.9054
-9.00167 -2.93785 -0.0982 -2.58184 -2.53258
-8.64047 -0.65366 -1.29594 -2.57592 -3.08223
-8.0914 -0.19873 0.20868 -3.78224 -1.32822
-8.00581 -0.91498 -0.77234 -2.71955 -2.1433
-4.92002 -1.88827 -0.25934 -4.21725 -3.53678
-6.49488 -1.3617 -0.2187 -1.79434 -2.12942
-5.44959 -2.52644 0.59739 -4.13959 -1.11104
-4.43523 -3.55057 -2.29399 -5.24907 -0.80897
-3.4969 -4.13484 -1.25415 -2.89633 -2.27713
-3.04127 -2.45822 -0.16154 -2.72846 -1.1371
-1.55864 -0.65252 -1.8094 -2.88028 0.11068
-0.19241 -1.23947 -1.74489 -2.51202 -2.99768
-0.89507 -4.32963 -0.05839 -2.53167 -1.02206
-0.46101 -3.01926 -0.81638 -2.43307 -0.63895
0.11404 -4.14243 0.08772 -0.89369 -1.55733
-2.29975 -4.96529 -0.12872 0.34541 -1.49188
-2.38494 -5.12932 -1.40628 -1.01191 -1.05553
-2.49945 -4.60307 0.42603 -0.93942 -0.68552
-1.76891 -3.81303 2.12906 0.11007 0.27026
-0.92229 -1.13194 -0.76921 -0.44535 -1.22472
-0.47405 -0.69208 0.25904 -0.52482 0.0227
-0.26625 0.18858 2.67043 -0.25962 0.32275
0.3839 1.73762 0.03502 -1.66195 -0.87922
-0.74123 0.9072 0.67762 -0.08435 -1.20283
-1.55838 0.69757 -0.31883 -0.52435 0.38125
-1.67948 0.50442 -0.71224 0.86816 -1.60016
-2.29558 -0.72413 0.63057 -1.4058 -2.29578
-1.98647 -0.13564 0.59995 -1.15564 -2.18551
-2.82931 1.35321 -1.68023 0.89534 -0.9564
-2.49858 2.04948 -2.90582 -0.741 -1.91221
-1.01714 2.40925 -1.61632 -0.06477 -2.24099
-1.25066 2.59935 -0.70683 -0.94006 -2.38084
-2.13711 1.56064 -0.53236 0.12935 0.72496
-1.45001 -0.76783 -0.4885 -0.55112 0.11028
-1.58694 -0.53922 -0.2509 -1.64947 0.70157
-2.09392 -0.40059 -0.62038 -1.39268 0.49772
-2.93428 0.12904 -0.49465 -1.32556 -1.12421
-2.57585 0.98256 -0.60601 -0.04902 -1.43302
-2.30252 0.93569 1.07548 -2.11965 -0.56045
-3.6975 1.91492 0.23773 -0.72332 1.48469
-5.587 2.82353 -1.03283 -2.27785 0.64864
-6.81817 2.13104 -0.06649 -0.3807 0.5815
-5.96355 1.48226 -0.31167 -1.73101 -2.78077
