3.43872 1.8353 2.19241 4.27412 0.89106
2.59996 1.3946 3.45909 4.80142 -0.25391
2.82109 2.09788 3.97096 4.07945 0.22501
2.73159 1.20498 5.67322 4.29367 0.80758
2.47059 0.14459 5.17365 6.38994 2.15702
1.56319 2.03167 3.11277 5.72872 1.98668
0.69176 -0.09401 3.12478 5.2254 1.35612
2.22038 1.12504 2.64186 4.57966 2.44637
3.6307 1.50382 2.81595 4.66801 0.82876
3.32918 2.30673 1.73021 5.65049 0.83129
2.92139 1.36569 2.47669 6.57992 1.04132
3.40559 3.29731 3.573 7.06737 2.20147
1.74869 0.29531 3.01084 7.74363 2.28856
1.37046 0.57236 2.14416 6.32581 2.51878
1.68798 0.90488 1.20989 5.75126 3.90129
2.58305 2.028 1.43238 6.10165 3.28912
0.83798 -0.78086 -0.65843 5.71959 2.88725
1.98919 -0.10124 -1.0092 5.24796 2.5396
1.73885 1.59083 -0.0673 3.98448 2.04344
1.42945 1.15087 0.33034 4.57866 1.14973
0.2219 -0.96851 -0.96988 4.42802 2.3754
-1.90351 -2.19139 0.53139 4.91591 2.24114
-2.27763 -1.47208 -0.55567 3.61413 0.98993
-0.9164 0.89381 -0.51642 3.18248 1.0099
-0.40088 -0.0036 0.17935 3.58306 0.97226
-1.4657 -1.38142 -0.88811 1.99425 0.58784
0.62843 -0.4545 -1.96908 1.80952 -0.85204
0.92393 2.3622 1.91475 3.27193 -0.23557
-0.71939 2.09693 3.08303 3.24033 -2.09729
1.05297 0.92485 3.19683 1.83155 -4.14168
0.21878 0.98574 1.70208 0.59011 -4.01311
1.71218 -0.84108 1.97584 0.83893 -3.89404
2.49666 -1.27975 1.52731 1.08064 -4.42785
3.36811 1.61371 1.24256 0.65927 -5.60941
3.6905 1.66639 1.84872 -0.13967 -5.32417
1.22001 0.29714 0.37628 -2.55571 -5.53893
1.31668 0.27586 -0.49872 -5.28071 -5.52373
0.95128 0.63375 1.59624 -3.29168 -4.81454
-0.15737 -0.20647 1.84153 -3.8738 -3.79586
-0.05084 -0.73216 2.73538 -4.86027 -4.25609
-0.17823 2.01528 2.6238 -4.16355 -5.03036
-0.12876 0.16378 3.39384 -5.29212 -1.91727
0.24428 -1.15985 3.33774 -4.15364 -0.91923
-0.16546 -1.09261 3.65384 -4.84944 0.28338
0.73803 -1.46135 2.98633 -3.5344 -0.2936
-0.2777 -0.27939 3.21791 -2.882 -1.76572
0.64283 0.27858 2.84196 -2.06568 -1.07384
-0.38532 0.73772 3.0876 -2.53418 -0.73026
0.76272 -1.37282 2.60999 -2.2802 -1.24067
0.56966 -1.2203 3.86721 -1.69848 -1.67734
0.30702 0.99291 2.81878 -1.4237 -2.72062
-0.21954 0.74707 2.36044 -1.09304 -2.37111
-0.13322 -0.19901 2.50184 -0.71632 -1.13388
1.80139 -1.09683 2.14891 -1.60858 0.76208
2.41112 1.26875 3.21601 -0.71243 1.18712
3.27543 1.7885 3.08536 -2.45012 1.31905
2.72233 1.48922 3.9499 -0.31257 0.00573
2.09139 0.04339 4.04244 -1.70794 -1.87611
2.15868 2.23361 4.50009 -0.53643 -2.56218
2.7229 1.57985 6.76566 -1.49025 -3.5349
2.7644 2.56333 5.77624 1.33691 -3.40458
2.55988 3.37958 6.85394 -0.47972 -5.13962
1.32711 2.10071 6.49178 -0.84329 -4.33374
2.77135 1.01244 7.04324 -0.85151 -4.19613
2.95884 0.12504 6.62001 -2.1605 -2.89747
2.69867 2.18568 5.70069 -1.95446 -1.41558
5.04124 -0.25878 6.23948 -2.43005 -1.94703
2.93532 0.55832 6.77737 -4.46851 -1.38718
3.28956 0.70631 6.16505 -5.32478 -0.34598
3.37016 3.05233 7.11438 -2.55443 0.54317
2.67496 3.48056 7.67889 -4.0838 -0.00763
3.30936 2.64184 8.00638 -4.20028 -0.79229
3.60577 1.50077 7.5995 -1.73433 -1.16444
3.82573 2.27546 6.88801 -1.17359 -1.58136
3.7802 1.79338 5.44913 -0.08282 -2.19794
4.11169 1.74478 2.92944 0.24991 -2.6875
2.74754 2.43234 2.85943 0.69809 -3.90416
2.94789 1.83138 2.67215 1.62091 -4.75399
2.13652 2.27569 3.57204 1.67954 -4.64235
3.18206 0.47729 4.20316 2.46019 -6.03327
2.38001 1.92133 2.68754 1.47998 -5.97021
3.39658 1.73239 2.69057 1.85442 -3.61115
1.57642 1.1926 3.71128 -1.48666 -3.75752
1.82968 1.31847 4.59156 -2.19384 -5.99847
0.99681 1.09148 2.82063 -3.27597 -4.91242
1.74527 -0.93575 2.57531 -2.32653 -5.64933
2.01202 -0.72411 1.16516 -1.85028 -4.6253
2.79535 1.3947 0.91725 -1.81984 -4.44749
1.88214 3.40998 1.43668 -2.12436 -4.89244
0.68015 3.06973 2.23173 -4.05772 -2.29123
1.03926 1.63899 2.12341 -6.23445 -0.77523
1.22413 2.0846 2.65327 -5.24371 -1.55599
-0.19076 1.69787 2.01821 -5.98313 -1.06011
-0.62895 0.17851 2.89506 -5.03714 -1.20946
1.37674 -0.45735 4.42173 -4.79338 -0.97504
1.24265 1.72181 4.01185 -5.73573 -2.04335
2.43765 1.57684 4.19326 -4.1041 -0.02476
0.87723 0.77817 3.15782 -1.99116 2.08363
0.83972 -0.09962 4.19455 -1.44292 2.46665
2.8253 0.45733 3.69287 -0.59904 1.78241
0.94085 1.5272 3.13462 -0.57878 0.77949
2.49982 0.76639 2.5821 -0.25518 2.00882
1.70479 0.8205 4.26687 0.95409 0.85862
1.90918 2.09137 3.88413 1.79947 0.06439
1.27396 0.1865 2.45599 2.61164 -0.3909
3.774 1.05981 2.21533 3.41337 0.31353
4.19802 0.6126 0.78442 3.16982 0.47324
2.27368 -0.30932 -0.05608 3.12641 -1.31702
2.61285 1.46638 0.70814 3.49497 -0.53028
3.37843 1.29988 -0.97923 2.38432 0.52494
4.64093 -0.04514 -0.97591 1.6001 0.65061
1.58413 1.12592 0.64434 1.71949 -0.6827
0.90287 -0.00161 -0.20125 2.21263 -1.1405
0.86574 1.70167 -2.54822 1.70315 1.32107
-1.51989 0.29481 -1.70682 0.51753 0.31701
-0.78422 0.88356 0.12871 0.5245 0.12971
-2.47663 0.01959 0.82145 0.06404 0.49361
-3.0507 1.48794 1.14096 -1.9188 0.53631
-2.00434 0.24647 2.47755 -0.82461 0.01243
-1.13447 -0.32119 3.1398 -0.17277 0.89939
2.43247 -0.33528 2.89129 -1.54629 0.40644
2.46143 0.31309 2.0932 0.13138 0.64282
1.68306 2.03219 1.33699 -1.76266 0.08216
1.36296 0.20522 0.42442 -1.06285 1.94999
1.39802 2.45133 0.16052 -2.09663 1.25235
2.26219 -1.17768 0.84953 1.32484 0.12462
-0.16774 1.2746 0.93431 0.31031 0.69163
1.45177 0.02889 1.64916 2.5836 0.42087
1.53693 0.84856 -0.10883 2.13032 -0.75842
0.97365 1.04648 -0.6591 1.15991 -0.60128
-0.51603 -0.63026 0.61134 1.98025 -0.84032
0.60645 0.27477 1.73679 2.82861 -2.49658
1.21387 -0.51207 2.05157 2.49415 -0.69804
-0.1335 -1.39914 3.46667 2.70869 -0.17565
-0.60939 0.45898 4.03541 1.43249 -0.63354
0.09086 0.06145 4.07856 -0.19813 -0.21014
0.16248 -0.6449 5.26573 0.75218 0.13111
0.20307 -0.51653 4.07836 2.12482 1.11591
0.71586 -0.85589 2.65438 1.6741 -0.08305
-0.25678 -0.26598 2.19983 0.71777 -0.2289
-0.2229 -0.19804 2.09594 0.85023 -0.77361
2.2902 -0.57517 2.49303 0.19253 -1.9251
1.49477 0.85031 2.51926 -0.90064 -1.58617
2.04765 0.8316 2.8323 -0.44545 -1.22073
1.26074 0.24202 2.50077 -1.88652 -2.42893
0.43609 -0.156 3.1423 -2.00476 -2.46164
2.27281 -0.15321 4.06621 -1.09007 -3.50806
1.17268 0.54101 4.09633 -0.75303 -2.49961
1.27844 1.94902 2.97923 0.88406 -2.56934
3.01633 2.86598 3.75093 0.46179 -3.35242
