1.20063 0.05378 0.36932 1.25423 0.06576
0.24205 0.126 -0.25661 -0.11535 -0.51283
-0.93059 -0.52108 1.35526 -0.96831 -1.76009
-1.13009 -0.34887 1.50642 -0.42276 -0.87608
0.38801 1.12691 1.23059 -1.70134 -0.04055
-0.09832 1.2139 -0.5043 -0.6796 -1.12692
0.20166 -0.02396 0.1027 0.05443 -0.26761
0.06962 1.17511 0.37602 -0.13783 -0.21159
2.02174 1.90922 0.24588 0.99586 0.57134
-0.04774 0.38932 0.90395 -0.214 -0.58886
-0.32429 -0.54397 0.46591 -0.21958 -0.61794
-0.80959 -1.98775 1.05146 -0.80527 -1.76946
0.26929 -0.13031 2.14483 -2.02599 -0.39391
1.63203 0.96133 0.62118 -3.09898 0.8341
0.18096 -2.10646 -0.00879 -3.79789 2.55884
0.23282 -0.95642 0.70595 -2.0301 1.59566
0.59695 -1.91048 -0.56933 -2.41144 -0.59347
0.29298 -1.11106 -1.99304 -1.88142 0.18693
0.84827 -1.06744 -0.61315 -1.05945 -1.56968
-0.79852 -1.7314 0.33159 -1.44527 -0.89243
-0.21692 -2.14658 1.04733 -4.60407 -0.63042
0.59501 -0.95818 -0.77887 -4.32199 -1.13928
-0.37281 -2.737 -0.35444 -5.9728 -0.90369
0.36468 -2.85263 -1.62614 -6.62582 0.21559
1.17994 -1.74622 -3.30035 -5.41971 -0.36726
0.45647 -3.97292 -2.24555 -4.45642 -0.44562
-1.98289 -2.43512 -2.66404 -3.76593 1.18549
-0.39191 -1.98032 -4.17422 -4.59167 1.39391
-0.65717 -1.83145 -5.92585 -4.63715 1.46529
-0.66448 -1.62782 -4.59186 -4.78872 -0.13271
-1.40139 -1.5639 -3.63092 -6.17556 -0.03357
0.66189 -2.418 -2.6434 -6.27471 -1.31473
-0.75833 -2.62558 -4.65621 -5.89588 -1.68499
-0.74356 -1.8671 -5.28467 -6.84192 -2.43558
0.20373 -1.76174 -5.1172 -5.66319 -4.42572
-2.56829 -2.87853 -4.92898 -4.5903 -5.14135
-1.33022 -2.87807 -5.14403 -6.28399 -4.3146
-0.06437 -2.18337 -4.61344 -4.74602 -4.75018
-0.90571 -3.70119 -5.78051 -5.37548 -3.61996
-1.32914 -5.84741 -5.17432 -4.83564 -4.35833
-2.04728 -4.14507 -4.10825 -5.05031 -2.53412
-1.20829 -3.09604 -4.48954 -6.40238 -2.8368
-0.89576 -2.51543 -6.53208 -6.57083 -2.5375
0.91814 -4.07043 -3.20986 -5.43312 -3.707
-0.1567 -3.55597 -4.58698 -4.24457 -3.36971
-1.51839 -4.12538 -3.74897 -2.97219 -4.25433
-3.01958 -0.56686 -5.6007 -1.75034 -3.04737
-0.74501 -1.7537 -4.44491 -2.42898 -3.6909
-1.16118 -1.05892 -3.04453 -2.68781 -5.66976
-1.67693 -2.22789 -2.76583 -3.46504 -5.72876
-2.26133 -2.78631 -1.94021 -4.2302 -5.25714
-1.88184 -0.26398 -2.94803 -3.87266 -4.3472
-0.94353 -0.59121 -2.65573 -4.2103 -5.29585
-0.48984 -0.77502 -0.59059 -5.4661 -6.36996
-3.03931 -2.24851 -2.36802 -4.33585 -5.11808
-1.79034 -2.02382 -3.63784 -3.43545 -5.39515
-2.25179 -2.43561 -3.08839 -3.0107 -4.71361
-0.58104 -1.07684 -2.32773 -4.01622 -5.09327
-1.14484 -1.26391 -4.40747 -3.69208 -5.1539
-2.72722 -1.82071 -3.01272 -2.01013 -3.23607
0.6364 -3.97528 -3.57353 -0.58906 -4.28392
0.41656 -2.66843 -2.12141 -0.02935 -2.51396
-1.11986 -0.67516 -2.2845 -0.18522 -3.1205
0.41978 -0.22616 -2.33381 -2.11367 -3.40934
-1.4381 0.25447 -1.70645 -0.38487 -3.78656
-1.65519 0.29495 -1.57504 -0.17674 -2.94957
-0.01407 1.17871 -0.39003 0.27616 -2.66478
-1.02211 3.1012 -0.45863 1.0919 -3.85941
-0.47542 1.01768 -0.65097 0.71982 -1.23399
-0.17321 -0.47208 -1.21792 -0.66132 -3.47475
-3.14714 0.85726 -1.28138 1.29716 -2.2658
-1.17509 -0.66166 -1.46115 0.12678 -3.4277
-0.73371 -0.90632 -0.35907 0.45378 -3.69492
-2.55853 0.28301 -0.65136 2.07016 -3.74646
-1.51727 -1.38961 -1.99463 1.36154 -4.26643
0.21469 0.76225 -1.72991 0.47728 -3.21881
-1.87353 0.87178 -1.2861 2.27631 -3.57662
-2.31553 0.7045 0.01284 3.89667 -2.10154
-2.13719 0.20933 -0.13412 5.25031 -1.88153
-0.20063 0.70819 -1.11014 6.20263 -2.49197
0.30018 0.70035 -3.52409 5.6258 -2.75063
-0.1593 2.15785 -1.66629 6.31007 -3.45062
-0.22398 3.45159 -1.17204 6.84184 -2.63724
-1.18233 1.36013 -0.19638 7.54113 -2.55683
-1.38694 3.72844 2.06907 8.2153 -2.36145
-0.89021 3.55587 2.76484 6.99541 -2.57331
-0.63975 4.4167 3.07005 5.6112 -1.92255
0.16788 2.5432 4.47231 4.36086 -0.32201
0.41715 2.83712 4.14259 5.65755 0.34604
-0.34491 3.61119 3.12129 5.60183 2.58196
-0.53581 2.33654 5.03737 5.50606 4.33288
3.21909 1.23633 4.79994 5.6862 5.93087
0.18347 0.89597 3.46327 4.39783 4.06855
1.49677 1.53392 3.39859 2.96439 2.90794
-0.96964 2.50598 3.97831 5.37835 3.32411
1.3541 -0.40137 5.16324 4.24923 4.38
-0.0118 0.63034 5.11715 4.18277 5.65064
1.7816 0.72081 3.08711 4.63964 4.05395
0.94641 1.10908 4.2035 5.23542 4.09806
1.68464 2.18499 6.04603 4.14639 3.90888
3.035 2.89835 3.80117 4.53158 4.5489
-0.12782 2.06525 4.18985 5.85149 4.51397
1.23879 1.196 3.34357 5.18751 2.57612
1.70005 1.23829 3.30551 2.50383 3.36435
1.86368 1.86272 4.21756 2.2619 3.02936
1.3958 0.71449 3.36696 2.68177 3.14078
0.81128 0.08378 2.4213 2.64806 4.39001
2.33489 0.35035 1.83727 1.58445 4.5296
0.86408 1.01742 0.54515 1.43555 5.21548
-0.24256 1.42675 3.09779 1.15127 7.54964
2.67671 -0.25424 2.29755 1.61938 7.3037
2.53283 0.5154 0.05948 0.75415 6.88492
2.31951 1.38591 1.47331 -1.38673 5.49145
0.68268 1.86876 1.95376 -2.07147 5.45979
1.96497 -0.38828 2.52067 -0.90343 4.45413
-0.97539 -1.168 1.53354 -2.19386 3.84729
1.74452 0.72 0.3769 -3.10993 3.419
0.39442 -1.89419 1.97763 -3.75369 2.90631
-0.15702 -1.69283 1.95072 -2.67307 1.43125
1.71611 -0.63695 2.07266 -4.00928 0.9578
-0.50854 -0.45612 0.34272 -5.34291 0.24767
0.99086 -0.8335 0.55397 -3.78661 0.52848
-2.65617 -2.09034 -1.70322 -5.6557 0.4631
-0.62265 -1.13174 -0.7291 -6.36439 0.09306
-0.89727 -0.65882 -4.49119 -6.31952 -0.95193
0.20767 -2.42518 -4.04934 -5.14536 -0.48158
0.18045 -2.19981 -4.53707 -4.27462 -0.3495
2.02929 -3.08787 -2.28004 -4.24942 -0.8682
-1.22984 -4.76037 -3.06926 -4.91317 -0.1919
-0.64319 -3.88276 -3.45341 -4.60884 -1.35427
-0.52571 -2.70748 -3.85667 -4.3996 -1.59305
0.46511 -2.47249 -4.03956 -3.73057 -3.15691
-1.0926 -1.24263 -2.61501 -2.3791 -3.36563
-1.97481 -1.21384 -2.03019 -4.03392 -2.92571
-0.80046 -0.33108 -3.53424 -4.20782 -2.87783
0.89394 -1.63112 -5.52118 -3.59562 -3.31438
-1.4962 -1.49412 -4.47702 -3.3817 -3.96143
-0.34537 -1.81382 -2.39472 -3.68779 -4.51787
-1.56223 0.33063 -2.26342 -2.07373 -2.9471
0.14108 -0.73344 -2.16205 -2.05475 -2.7552
-1.58905 -0.2659 -3.01262 -3.03647 -2.79932
-1.35596 -0.81202 -2.28063 -3.09527 -3.94581
-2.49899 -1.49457 -0.82893 -3.97665 -3.00931
-0.24717 -1.92311 -1.22514 -3.41658 -3.67062
-2.85373 -2.36421 -2.56829 -2.87316 -4.81836
-2.69826 -2.92897 -3.08696 -2.89627 -3.72536
-0.68936 -1.80241 -3.01073 -1.7287 -3.08547
-0.70724 -1.59585 -3.54748 -2.12257 -3.7647
-1.85774 -0.75303 -4.46061 -1.50532 -5.68868
-2.14599 -0.64399 -2.99212 -3.5057 -4.66918
