1.27803 -2.02846 1.65972 2.41996 0.902
1.0461 -1.32623 1.06965 1.94884 -0.08765
1.07203 -0.07523 1.74792 1.2333 -0.56664
-0.48515 0.27317 2.4633 -0.53884 -2.13378
0.06446 1.49181 1.1306 0.9698 -0.80128
0.05732 -0.7364 2.26679 3.20804 1.07972
0.02624 -1.94471 2.89823 2.06043 2.08399
1.96285 -1.11387 2.21959 0.20923 1.52128
0.05287 -0.76898 1.11254 0.83603 0.34966
-0.10582 0.00033 0.48666 2.46915 0.31291
-0.28416 -0.20444 0.24211 0.31554 1.48396
-0.11617 -0.74484 -0.57638 -0.53098 2.69002
0.38307 -0.49108 -2.58267 1.42798 0.84604
-0.26087 -0.95177 -2.67096 -1.26013 1.72237
-1.42964 -1.4479 -0.58539 -1.71069 2.18957
0.22212 0.1181 -0.26703 -1.21621 2.15627
-0.75054 0.21886 -0.67703 0.00791 1.77047
0.3177 -0.14951 -1.45971 0.00373 0.88814
0.2453 -0.44589 -1.10028 0.72791 -0.18968
1.33497 -0.65255 0.47103 1.88429 -2.3566
-0.51281 -0.90608 0.98407 2.09622 -1.90694
0.48093 0.35462 0.15252 -1.54989 -1.52116
0.2255 2.00971 0.93556 -0.54003 -3.45085
0.1178 2.74634 1.90519 -0.76695 -5.62446
-1.60421 2.78614 1.81928 1.74791 -5.2366
-0.91114 2.67445 0.70749 1.97212 -6.53224
-0.03064 0.8068 0.80537 -0.46175 -6.19685
-0.10995 -0.14534 2.36296 0.96017 -5.38903
0.25116 1.33608 2.38269 0.28693 -4.16099
-0.28094 1.79758 2.03239 -1.33525 -1.88401
-0.57041 1.70422 2.44818 -0.27147 -1.78154
-0.22383 1.3035 2.78662 0.6004 -1.77805
0.2803 3.07009 2.33178 0.28565 -2.95994
0.33019 1.91977 3.4481 0.77948 -1.7887
0.10678 2.35382 5.03 1.65829 -0.6071
1.46506 2.22518 4.53906 1.3934 0.14703
-1.3681 -0.1919 4.6646 3.71107 1.44109
-1.07193 2.31272 4.93202 5.26466 3.81725
-0.7306 0.76323 3.75771 2.79293 6.09971
0.16309 1.77385 4.21474 3.04771 10.09451
-2.53721 1.17401 2.79247 3.27193 11.41128
-0.72922 3.11054 0.18341 -0.30585 11.23138
1.55937 4.14319 -1.26894 0.94672 12.97161
-0.57594 4.33 -0.73957 0.84373 13.22267
-0.17561 3.01932 -1.51136 -1.09168 13.7742
-0.42753 2.15625 -3.01483 -1.47707 14.204
-0.39849 2.64754 -1.17849 -1.4189 14.72585
0.85026 0.49362 -2.79282 -0.19088 14.49845
-0.19244 -0.77303 -1.86349 -0.89683 14.732
0.24059 -0.24072 -2.21073 -1.16489 13.47769
-0.4252 -0.52546 -1.33112 -4.42388 12.92045
0.60061 0.22796 -0.66092 -1.66284 13.2116
-0.07606 1.44526 -0.71293 0.2154 12.5586
0.88645 -0.78478 0.04157 1.63117 10.45392
-1.25064 -1.84875 -0.01949 1.58159 8.67941
-0.72762 -1.90665 0.70461 0.14525 7.542
0.72065 -0.91312 0.67687 -0.10337 7.31838
0.16254 0.16665 0.87061 -2.18695 7.58409
1.78352 0.81179 1.54169 -0.01966 6.51369
-0.34886 -0.05956 0.82001 -1.03712 6.73447
-0.3336 -0.56244 -0.26207 0.10421 6.38301
1.32539 -1.34005 0.2138 -0.02397 5.02287
-0.34821 -2.55082 1.71813 1.45213 4.0339
-0.04928 0.11254 0.49357 0.18633 4.58079
-0.00743 -0.82922 -1.33651 -0.72789 5.31548
-0.94468 0.84752 -1.96268 -1.04129 4.8896
-0.92124 0.65725 -2.63448 -0.11698 4.53609
0.20808 0.70551 -3.93764 -0.08468 4.14442
-0.17494 0.82315 -4.17851 0.12347 3.42646
1.53115 0.26035 -3.84786 -1.58251 2.73342
0.4122 -0.50958 -2.80789 -3.6609 2.28217
-1.71504 -0.26757 -3.01215 -2.75794 1.12082
0.98987 0.43819 -0.55787 -3.69331 3.14314
-0.21596 -0.60501 -0.42367 -1.15391 3.46144
0.81989 -0.4044 -0.95557 -0.30272 3.74302
0.15601 -1.81958 0.38684 -0.66083 4.47269
-0.47007 -1.00826 -0.41128 -3.44458 3.72378
-0.47865 0.07126 -0.38563 -0.82075 3.45273
0.2255 -0.15637 -1.30361 -1.07514 4.71226
-2.19301 0.89761 -1.20626 0.32667 3.72449
-0.56217 0.84338 0.47718 0.13094 2.59133
0.35453 2.25682 -0.51603 -0.11455 2.52383
-0.2752 0.95084 -0.17931 -1.31398 1.35471
0.05016 -0.59706 -0.85738 0.48551 3.45879
1.77006 1.25743 0.42126 -0.0401 2.89856
-2.09544 -0.01885 -0.15695 -0.52219 3.73087
1.65193 1.76742 0.31087 -0.26552 4.06256
-0.20225 1.3069 1.5152 -1.35731 5.95609
-0.9775 0.14167 1.11434 -0.88083 5.43171
-1.45583 0.67831 1.54864 0.55569 4.53992
-0.46748 0.16833 1.24319 0.24342 4.61238
-1.53227 1.8817 2.42053 0.88854 5.37832
-0.98976 1.14325 1.84894 0.12015 5.28575
0.4086 1.05742 2.03963 1.37289 5.96047
-1.13272 0.89289 0.55001 0.18798 6.82383
0.53104 1.00027 -0.27973 -0.28355 5.82015
-1.12747 -0.00952 0.49853 -1.28026 8.03439
0.63707 -1.49773 0.81846 -1.61422 7.6091
0.3119 -0.78588 0.74793 -1.34003 7.10248
0.2362 1.43587 0.59553 -1.29482 7.29589
-0.08341 0.83438 0.37665 -1.38039 6.79771
-0.43358 1.19638 -1.32886 -1.26175 8.02359
-0.44521 1.18429 -1.23577 -0.15645 8.76447
-0.96532 0.41613 -1.36604 -0.99458 7.23318
-1.83303 0.70486 -2.09202 -0.53098 8.77498
-0.08555 0.00464 -3.40206 0.22731 9.35113
-1.17755 -0.90821 -3.06885 -2.47915 6.74059
-0.40314 -2.44176 -1.84526 -2.40963 6.65271
0.82136 -1.83624 -1.2419 -1.22438 6.82276
2.80406 -0.97106 -0.60262 -1.24644 5.92375
-0.40674 -1.29478 -0.29268 -1.60054 5.52858
-1.08983 -1.04809 0.39093 -0.66331 4.31305
1.71361 -1.66791 0.15917 -1.67505 5.13593
0.44385 -1.71868 -0.87742 0.3356 4.47587
-0.87779 -2.82664 -1.31637 1.36512 3.3846
-0.46415 -3.15694 -1.6774 1.45946 2.43762
0.94165 -3.43562 -2.19818 0.0102 3.20892
-0.81801 -1.38199 -3.86855 -0.45928 4.43698
0.82934 -1.7022 -4.42698 -0.77363 4.47916
0.50379 -1.33055 -3.69921 -0.13046 5.2615
-0.3015 -1.64859 -3.91814 -2.53827 1.70238
-0.09321 -2.58269 -5.03714 -1.85221 1.56335
0.29774 -1.15726 -4.47197 -1.37945 -1.43011
0.29191 -2.22275 -3.90116 -1.09433 -2.83519
1.27985 -3.00756 -3.17088 -0.56078 -5.35319
-0.87417 -4.61635 -2.45579 -0.45409 -4.06587
0.39179 -5.02243 -2.20173 -2.1183 -6.87551
-0.39406 -4.03761 -2.36342 -2.16424 -7.6435
0.71966 -1.65085 -3.4058 -1.2193 -8.12054
1.28033 -1.34674 -3.08475 -0.62745 -9.19696
1.4935 -1.80777 -3.367 -2.84713 -9.00327
2.87768 -0.88934 -2.49811 -1.05058 -11.21273
1.29074 -1.05106 -2.95414 -1.48974 -13.231
0.51032 -3.35634 -2.17372 -1.25647 -13.40145
-1.04494 -4.00239 -0.39444 -0.26934 -14.10693
-1.9733 -3.49671 0.87776 1.40761 -17.63925
-0.04933 -2.24168 0.48062 1.19984 -18.6071
-0.93848 -1.789 1.35326 1.61576 -17.40503
0.41357 -1.62106 0.76575 1.71131 -18.12235
2.23902 -1.44543 1.44951 1.88528 -18.29761
-0.55982 -1.06768 -0.50194 0.10355 -19.36193
-0.01048 -1.8544 -0.71386 -0.6962 -19.07426
-1.25924 0.06561 -0.42735 -0.86953 -15.59828
0.95709 -0.90247 -0.83561 0.26673 -14.16005
0.88711 -1.41381 -0.57826 0.57165 -12.43415
-0.58989 -1.94161 -1.31492 -0.63636 -12.17502
-1.30148 -0.43289 -1.72572 -0.6534 -11.31018
-0.22644 -1.19678 -1.13845 -2.38587 -11.34185
-2.20958 -2.76582 -1.68247 -0.71351 -10.59062
-0.14897 -2.64443 -2.08763 -0.45266 -11.81742
