-1.34584 -4.00866 2.05395 -1.79007 -9.85263
-0.54816 -3.65472 0.19497 -1.03438 -10.55728
0.37493 -3.36363 0.18466 -0.26417 -9.9253
0.97171 -2.72858 -0.7459 2.08315 -10.13998
0.41905 -0.68843 0.56521 -0.538 -10.96496
0.91882 -0.70921 -0.65372 0.54112 -9.74432
-0.29856 -1.20963 -1.27334 0.83386 -7.67877
-2.52055 -1.01343 0.57034 -0.81065 -5.93706
-2.04115 -0.06568 0.43898 -0.74675 -5.30346
-2.59622 0.34673 1.32212 1.49996 -3.30879
-0.8898 -0.26534 1.35806 0.90415 -2.61644
0.98049 1.48768 -0.10605 -0.93639 -0.74772
1.10651 2.37287 -0.74131 0.40392 -0.37217
-2.58177 1.00618 -0.34252 0.0915 0.21606
-0.13422 -0.26535 0.36625 0.59746 0.18153
0.32155 1.59255 -0.49897 -1.14948 0.78147
1.61133 1.62119 1.40455 0.57583 2.80421
0.22926 2.5825 0.00677 -0.5694 2.29687
1.29352 2.23982 1.15308 -2.36004 2.47644
-0.11423 2.4676 -1.76987 0.64439 3.23581
-0.74242 3.08611 -1.50876 -0.18106 3.87394
-0.17388 3.72169 -1.04841 -0.98364 4.44119
-1.02522 4.11799 -1.51708 -0.96063 5.42351
0.34243 4.0479 0.64858 -2.24419 6.43782
1.10536 3.48826 0.25598 -2.01955 6.08711
0.45703 4.82801 -0.26991 -0.88525 6.30634
0.67304 4.27565 -1.11188 1.79745 6.49008
-0.57339 4.83021 -0.77339 0.74083 7.07171
-0.39118 5.05677 0.64212 1.50238 8.16951
2.11284 4.03536 0.51644 0.66601 10.26486
0.11484 3.76245 0.81125 -7e-05 11.29259
1.09455 4.48791 1.29246 -1.81411 10.11062
0.24859 3.7439 0.66414 -1.01201 8.95266
-0.64655 4.49942 0.5637 1.19054 9.2036
1.92281 4.51694 0.41649 1.19992 9.96457
0.86701 5.16245 -0.34819 1.45578 10.2086
0.40247 4.24022 0.44314 1.07435 9.36706
-0.16842 4.36756 1.16252 -0.84199 11.10052
-0.70439 3.98841 0.89207 -0.61142 11.73577
1.00416 4.06973 0.43004 0.20806 10.23952
3.19374 2.79998 0.37444 0.69095 11.52102
0.19249 2.81644 -0.8273 -0.02419 9.88714
-0.044 4.04319 0.82473 0.9725 8.62134
-2.56068 4.72759 -0.2482 -0.49897 9.70421
-0.73198 4.60611 -1.5099 0.71302 8.91256
-1.78473 4.42744 0.11757 0.23928 7.99223
-1.4672 3.49041 0.0028 -0.64251 9.91629
0.57655 1.28107 0.24636 -2.28387 9.34671
1.85098 -0.26545 -2.73727 0.84091 6.7036
-0.04245 -1.27738 -1.68025 -1.99926 5.06573
-3.53928 -2.29126 -0.39281 -3.39084 3.15119
-1.85166 -3.4591 0.23606 -0.18809 4.12571
-1.16804 -4.03875 -0.58734 -0.79509 3.45222
0.36801 -4.52929 -0.67904 -0.41954 1.92921
-1.00711 -3.66894 -1.90301 0.01613 1.92839
0.35936 -2.80187 -0.98246 -1.399 0.78281
-0.957 -3.39711 -2.67718 -2.17333 -0.56266
0.77808 -2.32139 -2.17892 -1.70795 -0.1705
-0.96878 -2.87523 0.76307 -0.84005 0.28725
-0.72713 -2.51699 0.08039 -0.92087 -0.84127
0.33152 -3.04907 1.2228 -1.59485 -0.51579
0.48845 -2.08888 -0.13142 0.25429 -1.87166
1.08892 -1.31487 0.87237 1.10289 -1.84232
-0.53264 -1.62705 -0.56711 -0.36329 -0.49963
1.10081 -2.84793 -0.17555 0.25015 -0.53062
-0.49701 -5.0695 0.91743 0.57133 -1.78147
-0.96609 -7.02957 0.62204 0.25126 -2.3942
-0.27625 -6.32601 1.42387 0.61424 -3.64159
2.48538 -6.19458 0.66087 0.45683 -6.35648
3.54258 -5.89115 -0.46728 1.00486 -5.77165
1.44582 -5.19051 1.11108 -0.71041 -5.49203
1.74168 -5.72431 1.86587 0.23618 -5.7847
0.36879 -5.23449 -0.08422 1.59512 -6.78871
0.16675 -4.56829 -0.70359 2.68894 -8.88156
0.92451 -2.25844 0.66557 0.68446 -8.51125
0.58937 -2.32996 1.6224 0.71822 -8.81417
0.45438 -1.51887 1.5455 -0.53854 -6.18517
2.21051 -0.75092 2.1897 0.6683 -3.92787
0.07298 0.08549 1.21617 0.22617 -3.90133
1.19676 -0.85066 0.6247 0.37648 -3.64422
-0.16565 -1.09556 -0.0268 1.54526 -5.25937
2.00633 -0.21334 -0.97934 1.52346 -6.10569
0.10972 -2.38809 -1.30992 0.55264 -5.06913
-0.5839 -3.28856 0.27258 -0.89456 -5.07561
0.80444 -3.69252 -0.70946 1.99319 -7.0244
1.72049 -4.46048 -1.25174 0.22122 -7.85601
0.74284 -4.2595 0.13345 -0.00079 -8.18715
-0.45368 -3.40019 0.36626 0.12508 -8.19853
-0.19831 -1.67932 2.35041 -1.20331 -7.37741
0.8896 0.15354 0.09257 0.79083 -4.86906
0.40554 -0.33987 0.04854 1.15369 -5.21678
0.90919 -1.81007 0.63823 0.74057 -3.60393
0.71591 -2.22718 -0.23718 1.84931 -2.89989
1.22796 -1.01243 -0.08635 -0.80898 -3.35666
0.33427 -0.79407 1.49014 0.84955 -3.15632
-1.01039 0.03075 -0.02169 0.68879 -3.0446
-0.76726 -0.06834 -0.55299 0.16383 -3.46876
2.15676 0.52009 -0.06817 -0.04433 -3.91576
-0.12457 1.03182 2.15301 1.03279 -3.30257
-0.31032 2.18434 1.70545 -0.70119 -2.74427
1.16227 3.14724 -0.0207 -0.59343 -1.18889
-0.46102 2.76592 -1.10349 2.93979 0.1418
-1.80682 3.0138 0.61863 1.61845 1.76247
-0.55583 3.48557 -0.51071 -0.3499 2.84818
-0.42961 3.40957 -1.58478 1.10116 2.67699
-0.85003 3.05212 -0.62014 1.15052 3.23096
1.02897 1.34814 -0.21155 -0.10969 2.47424
2.25288 0.11555 0.93937 -1.9637 2.6388
1.0679 -0.00037 0.44582 -2.4401 1.22083
0.48032 -0.62308 1.16335 -0.4675 0.14548
1.25247 -1.96644 -0.00191 0.0275 0.60725
2.93665 -1.63634 0.07738 -0.19753 0.2898
-0.95574 -0.78716 0.4859 1.73494 -0.41243
-0.41025 -0.57741 -0.80727 2.2567 0.05292
-2.93027 -0.22067 -1.28777 1.18337 0.3438
-1.21837 -1.30281 -1.30493 0.60001 0.10532
-0.12327 -2.562 0.47538 1.20327 0.09861
1.48127 -2.31117 2.93093 -0.40371 -1.41459
1.66215 -2.96177 2.0048 -0.71477 -1.94412
1.23232 -3.19418 2.11347 -1.29545 -3.18504
0.02791 -1.39439 1.00079 1.15463 -5.01913
0.79569 -1.44031 1.18624 0.65299 -6.24476
2.9224 -1.01222 0.57104 1.52348 -5.53788
0.63847 -1.81187 -1.02692 1.56604 -4.12551
1.67405 -2.12452 -0.89694 -0.02452 -3.84473
0.95422 -1.12768 -1.56645 1.69136 -1.41841
-1.52463 -2.77618 -0.53552 2.70908 0.10866
-0.94021 -2.20094 1.20994 -1.2333 0.39605
-1.29462 -2.12278 -0.59666 -2.4438 1.97225
2.05818 -1.73725 0.84219 1.00877 1.95154
-0.10146 -1.83738 0.68094 0.66611 1.13057
-0.09411 -2.44668 0.95102 -0.32079 1.16225
0.31367 -1.94955 -1.33131 0.00627 0.85887
1.68527 1.10083 -0.85921 -0.95728 -0.75447
-0.38197 1.82712 1.89136 -0.29518 -0.07905
-0.56299 1.84175 2.24792 -2.01328 1.33213
-0.34737 0.89394 1.1419 -0.40814 3.31255
-0.63632 1.89156 0.71885 -0.56487 3.04086
0.8337 1.23046 1.63541 0.59884 4.44348
-0.26119 1.51471 1.31092 1.1188 4.42141
-0.16923 2.59991 -0.1267 -0.58715 5.41219
-1.01303 4.2435 0.64622 0.36379 4.46544
0.73874 4.33254 -0.10909 -0.54105 5.27378
1.42676 4.55811 0.38834 -0.9819 6.01674
2.18202 5.33737 -1.17593 -0.71654 7.53712
-0.79331 3.69674 -2.03088 0.8686 9.01183
2.08563 3.71288 -0.90848 -0.2928 9.18073
1.50726 3.29798 -1.16737 -0.57032 8.14551
0.78354 3.59213 0.10544 1.01911 9.06072
-0.6095 3.44833 1.62918 -0.43363 9.61146
