-1.58396 0.25401 0.9458 -0.00808 -5.18659
-1.40469 0.20356 -0.45386 -0.38192 -4.22713
-1.8439 0.10408 -0.7788 -2.31187 -3.53332
-1.15879 -0.09448 -0.09616 -0.76191 -3.9461
-0.26853 1.39828 -1.47496 -1.74747 -2.40046
1.02188 1.12535 -2.86502 -0.89527 -3.06515
1.04677 -0.6253 -0.25821 -0.05525 -3.122
-0.97807 -0.90073 -1.16089 0.08587 -2.82778
1.03349 0.33433 -3.12576 -0.08238 -2.91712
2.12415 0.47001 -2.80404 -0.33039 -5.30176
1.04144 -0.58708 -1.07391 1.40112 -5.47528
-1.9174 0.28887 0.67826 -0.77045 -4.60094
0.12876 2.40017 -0.27785 0.86112 -4.46803
1.73304 1.11929 -1.57387 0.31115 -4.01305
-0.0267 0.91873 -0.19889 -1.64023 -3.32862
0.6333 -0.91605 -2.11881 0.89599 -4.04001
-0.35496 -0.32353 -2.29039 1.03161 -4.69653
1.25759 0.12881 -1.46412 -0.05882 -4.62681
0.71688 -0.54159 -1.3049 -0.88535 -4.99812
0.94946 -0.95691 0.38795 -0.57529 -6.20716
-2.42181 0.75261 -0.26601 0.44006 -6.36179
-1.79622 -0.08493 -0.36521 0.31897 -5.36461
-0.8384 1.49046 0.63621 -0.81967 -5.07568
0.63555 -0.29202 -1.71099 1.24314 -5.53764
-0.64726 -0.50579 -2.99049 1.02707 -3.50575
0.31936 0.79058 -2.13418 0.83285 -3.41931
0.24521 -0.42377 -0.67323 0.34767 -2.35909
0.23752 -0.03739 -2.11725 0.5299 -2.68277
0.40445 0.06304 -1.80265 0.04976 -3.02918
-0.29276 -0.15657 -1.06223 -1.10566 -3.43713
-0.22943 1.04788 -1.42543 -0.22112 -5.07449
-0.32301 1.5871 -1.55446 0.58937 -5.03534
0.75535 1.90633 1.31953 1.38097 -5.58392
-0.14079 1.90748 -2.56884 0.21004 -5.16276
0.91943 1.42504 -0.44468 0.64433 -5.14659
0.47851 0.37021 -0.66296 -0.44103 -5.25033
0.63798 1.90663 -1.34513 -2.04889 -4.14579
0.3355 0.99177 -2.66473 0.15452 -2.8255
-0.0519 0.14439 0.17112 0.63142 -2.20115
-0.98797 -0.40109 -0.32787 1.25317 -1.7733
0.67662 -0.91204 -1.25796 0.32408 -3.63539
-0.49416 -0.21639 -0.92967 0.46615 -4.93451
-0.16279 -0.88671 0.95722 -0.85633 -3.88848
-0.04034 0.50262 -0.80766 -0.67436 -2.70142
0.2966 0.11312 -0.72808 -1.18117 -2.44683
-0.54971 0.16732 -2.92945 0.08292 -3.61674
0.12571 -0.57283 -0.96739 1.17457 -3.15636
0.44741 0.1645 -1.1342 -0.12859 -4.71456
-0.06725 0.16573 -0.6994 -0.09669 -4.06954
0.12937 0.21783 -2.34148 0.23626 -4.05812
0.69571 -1.26076 0.07296 -0.28204 -3.94772
1.20217 -0.33052 -0.63457 -0.66207 -4.0046
0.65009 -0.59707 -1.05929 -0.52332 -2.09739
-0.06222 -1.69131 -0.83024 -1.96474 -3.44639
1.19452 -2.42856 -1.82952 -0.31348 -3.59805
-0.22436 -2.42219 -1.68223 -0.34822 -5.55102
-0.5775 -3.41017 -1.60479 -0.80521 -5.78224
0.197 -0.0992 -0.79244 -1.02403 -6.02714
1.5001 0.36802 -0.82398 -0.50965 -7.90547
3.27864 0.41844 -0.59894 0.16631 -7.27291
1.3848 -1.27433 -2.42998 -1.23836 -6.9448
2.44419 1.06101 -1.6109 -1.08794 -6.41621
3.202 1.37574 -3.15239 0.07012 -5.78688
0.44695 1.16803 -1.84042 1.04965 -3.50996
1.19253 -0.0729 -1.0511 1.27503 -3.02983
0.49986 -1.0675 -3.53395 1.28504 -1.66665
0.50558 -0.11638 -1.15687 0.58548 -1.82871
0.03051 0.72359 -2.70324 0.81215 -1.75468
1.38745 1.32507 -1.03141 0.30459 -0.97125
1.94617 1.65078 -2.05614 2.45246 -1.69482
2.41915 2.37531 -1.45136 0.96764 -1.84556
0.69261 1.13441 -2.00752 -0.69966 -0.92704
0.66237 0.94664 -0.37519 -1.0321 -0.22283
0.0165 -0.25986 -0.52031 -1.10734 1.07965
-0.50275 0.84676 -0.12995 -1.94206 0.8668
-0.02235 -1.58979 -0.32437 0.59468 0.51022
1.14219 -1.44122 0.0486 -1.17403 0.87821
-0.82292 -1.26175 -1.8508 -2.21885 0.33793
-1.54017 -1.57153 0.19389 -1.11355 -1.2322
-1.1685 -0.31156 -0.3876 0.05577 -2.1129
-0.74332 -0.57993 -0.10727 -1.12524 -3.26821
-1.68358 -2.86768 -0.99669 -0.66996 -4.01453
-1.16801 -3.08692 -0.17863 -0.49219 -5.21883
-0.22507 -2.96842 0.12437 0.61724 -5.2471
0.28541 -2.21082 -0.59209 0.18017 -6.03481
-0.0745 -1.29262 -1.12537 -0.60385 -7.56016
-0.26452 -1.07918 -1.1115 -0.30663 -6.41109
0.58303 -1.0958 -2.10864 0.6177 -6.89613
0.72636 -1.70166 -1.5671 0.80752 -7.07949
-0.15337 -3.46218 -2.6959 0.05428 -5.99756
0.09501 -0.35306 -3.01028 0.96184 -4.13594
-0.18395 -0.36161 -0.01476 1.82793 -5.74756
0.47877 0.46179 -2.51491 2.53813 -4.21531
-0.0138 0.00971 -2.69326 0.76972 -6.89622
0.53039 0.83534 -1.36257 1.17907 -7.8222
1.57232 -1.23875 -0.39334 2.26083 -7.63143
0.76563 0.91625 -2.19863 2.19123 -6.23645
0.15129 0.39958 -1.54039 -0.62732 -7.56049
1.30395 1.01096 -1.47845 -1.20908 -7.12779
0.26114 1.76928 -3.01634 -0.2226 -6.89554
0.73236 0.91696 -2.79661 1.8686 -7.50688
0.06077 -0.18217 -3.01101 1.71086 -6.41423
-0.85601 -1.69166 -3.85885 1.65296 -6.03624
-0.56379 -1.15342 -1.06843 0.59189 -7.1641
-1.00178 -1.54841 0.13316 0.30216 -9.71712
-1.02662 0.31712 -2.19038 0.35311 -10.08182
-0.88738 0.98271 -1.45194 -0.40739 -10.64838
-0.95663 0.67277 -1.81469 -0.50762 -10.45744
-0.98339 -0.28878 -3.27411 -2.25268 -9.99707
-1.44816 0.39209 -2.7374 -2.26864 -7.6479
-0.69599 0.38743 -1.74876 -0.85103 -9.48226
-1.17235 -0.09701 -3.10673 -2.253 -6.39564
0.70396 0.68462 -3.52735 -0.57991 -6.94585
1.22828 -0.88297 -1.69599 -1.59498 -7.99121
1.43003 -0.93253 -2.3927 -0.59122 -8.44793
-1.2514 -2.66439 -3.79696 1.24716 -8.4174
1.50943 -3.61021 -1.02208 1.29279 -8.3446
-0.62202 -0.76639 -0.9249 -0.07657 -9.37413
-0.75367 -1.03883 -2.90951 -2.15661 -9.24069
1.0279 -0.82212 -1.69108 0.08243 -8.57759
0.84678 -1.56852 -2.29743 2.59297 -6.85569
-0.82753 -1.51247 -2.25438 1.53352 -6.43612
-0.37508 0.6116 -1.3946 1.68703 -7.30397
0.63839 0.91638 -0.84972 1.38454 -6.66872
0.92038 0.54487 -1.08362 0.6219 -5.90239
0.47232 0.59106 -1.71201 2.32176 -6.21621
0.82653 -0.21056 -1.23129 -1.39268 -6.75218
-0.53077 -0.89193 -2.22617 -2.00569 -5.65578
0.10367 -0.40787 -3.8193 -0.52832 -3.21369
1.76543 -0.7786 -1.20494 -0.96846 -4.97867
-0.03647 -1.13758 -3.13956 -0.56474 -4.23645
0.20175 -0.15238 -2.0538 -0.64338 -3.65795
-0.9425 0.52663 -0.844 0.09541 -4.77562
1.01862 1.15883 -2.22407 0.25426 -5.24617
-0.4699 1.28205 -2.28476 -1.36842 -4.21058
0.64633 0.97 -1.28404 -0.8002 -5.14335
0.59986 0.99757 -0.54833 0.42849 -6.5512
0.90691 -0.58648 -0.93401 0.2718 -6.48271
1.38486 -0.1569 -0.39011 0.05107 -5.72954
1.12876 -0.98153 -1.2074 -1.13539 -7.34551
1.43332 0.5453 -2.36627 -0.9573 -4.70269
0.27262 2.07016 -1.39631 -1.66112 -4.12784
-1.83328 0.58238 -3.42136 -1.0745 -3.94072
-0.3021 1.16201 -1.96969 1.11925 -1.89362
-0.41381 1.8189 -2.15749 0.4055 -1.2293
1.49548 1.59033 -1.67703 -0.64084 -0.03983
0.49326 -0.96897 -2.14037 -0.28803 -1.03593
-1.02087 -0.9109 -0.79837 0.50797 -2.81232
0.39967 -1.24593 -2.12859 -0.16969 -3.40386
1.11899 -3.63478 0.7066 0.79224 -2.82756
