-0.12865 -1.32339 -0.29253 -0.22864 -0.54993
0.8739 1.23794 0.21956 0.22707 0.83809
-1.09425 -0.3533 -0.18318 -0.88982 -0.5883
-0.65283 1.00407 -1.21549 0.99133 1.55198
-0.87252 1.64218 -0.76349 -0.05854 0.98533
0.50732 1.10262 0.1698 1.55658 0.43261
0.40269 2.48852 -0.12548 0.69929 -0.23795
0.43187 0.39497 -1.69875 -1.10241 0.0649
1.37096 3.45579 -2.82158 0.5419 -0.72559
-0.39434 0.77413 -0.54942 1.28505 0.00528
1.64367 -0.12405 0.59271 0.67704 1.17848
1.33011 -0.47914 -1.88774 0.3119 0.66688
2.06945 0.52867 -3.25779 1.20662 0.6629
0.00247 0.86723 -3.2343 3.0088 0.56127
-0.47989 1.6961 -2.30691 0.1499 1.22254
0.10361 0.66762 -2.29325 -1.44672 -0.00447
0.5552 1.11653 -2.15673 2.60444 2.70604
-0.33426 -1.40154 -2.11473 0.45923 0.98853
0.70893 -1.34836 -2.14723 1.30802 -0.75794
0.45255 -0.16376 0.09625 -0.93032 0.73321
-0.39172 -1.24714 -1.47929 0.56475 0.72799
-0.27272 0.0471 0.85812 -1.56562 0.65002
-0.17618 0.45733 -1.04295 -0.92546 1.22734
0.03398 -0.73262 -0.32168 1.23718 0.44307
0.3426 -1.6252 -1.89091 -0.17613 1.1893
-0.08789 -2.26611 0.82947 1.32013 0.94005
1.06904 -1.07907 1.45085 0.61509 0.32577
0.93948 -0.77734 1.34231 -2.18151 0.64999
-0.36574 -0.40239 2.39598 -0.50064 0.81797
0.34546 1.62658 1.39607 0.39068 0.9272
1.7994 1.90622 2.63765 -0.92532 -0.66843
0.49031 2.99674 3.81558 0.49576 -0.83838
1.73449 3.23264 4.63876 1.22215 0.50424
0.99245 0.66093 4.99218 1.82899 -0.38716
-1.1451 -0.59424 4.83579 0.91285 0.07521
-0.645 -1.87332 4.87112 1.66704 0.3753
-0.4307 0.25803 2.30607 1.17056 -0.29001
0.51057 -0.34277 3.71384 -1.08924 -1.4599
1.01883 1.19159 4.72016 -0.63848 -2.15538
0.48942 -0.42011 4.31234 -0.02719 -1.90612
1.12294 -0.93192 3.58544 2.42614 -2.10829
1.14554 -0.33187 2.58961 2.27372 -1.37346
0.42379 0.46418 2.8309 0.3233 0.51778
-0.43145 -1.61577 3.03362 0.56563 0.93688
0.02476 -0.87196 3.6639 0.66119 -0.70924
-1.05768 -0.4739 1.28643 1.27153 -2.39127
-1.88321 0.03304 1.45683 1.34577 0.04282
-0.81561 -0.77211 2.76176 -0.12076 -0.08428
-0.07263 1.04638 2.02238 0.45112 -1.63794
0.37288 2.28118 3.8571 0.38599 -1.40052
1.51313 -0.02819 2.55965 -0.32293 -0.75615
0.65644 0.40504 2.91346 0.301 -0.92142
0.6885 0.21726 2.55863 -0.77513 1.14724
0.84515 -1.65422 3.06253 0.42223 1.57429
-0.09302 -0.12833 3.95442 0.7067 1.58775
1.81264 -1.07735 1.92164 -0.13329 -0.07162
1.56259 -1.51136 1.30184 1.22332 0.58768
0.91585 0.23287 2.1747 -0.66975 -0.60482
2.23042 0.62089 2.6822 0.66575 -0.98454
2.03398 -1.60553 1.89139 0.29497 -1.12983
0.35538 1.13692 0.58665 1.65314 -3.04698
-0.66257 -0.75156 0.53814 1.39763 -1.00389
-0.78008 1.16208 0.05657 1.15215 0.57751
0.73886 -1.47973 -0.0518 0.83984 1.96792
-1.10619 -3.14209 -0.54204 1.95331 2.72927
-1.71514 -3.33281 0.80271 -1.69372 2.76025
-1.5185 0.59584 -0.11944 -0.51086 1.77435
-1.09932 1.11731 0.43409 -1.10229 -0.17114
-1.40476 2.1818 0.892 -0.56096 -0.01712
-0.6647 1.52077 0.18456 -1.84637 -0.81606
-0.77624 -1.12569 1.09063 0.20389 -0.15742
0.15045 -0.67721 0.40448 -0.9531 -1.15508
0.38082 -0.13856 0.5386 0.40488 0.30427
0.33955 0.82207 0.82804 -0.46745 2.36331
3.07313 -1.16603 0.96297 -0.03702 2.39362
2.02363 1.57821 -0.21595 1.01233 1.02304
0.85038 0.90067 0.0432 1.51889 1.00486
0.57604 -0.25242 0.23346 0.99614 0.82094
0.61375 0.00447 0.84905 1.33826 -0.29844
-0.13373 0.90564 0.22179 0.70761 2.19439
-1.08911 0.28384 -1.64683 0.13083 3.56522
-0.17117 0.93938 -1.78507 -1.6847 2.47204
0.19816 1.18251 -0.66482 0.67196 2.45089
-0.4395 1.79676 0.72224 0.04588 0.44819
-0.32191 3.33788 0.72056 0.12281 1.09128
1.03771 2.74546 -0.55671 -0.84251 0.90367
2.58567 2.02382 0.79017 0.17114 1.03529
3.12939 0.68304 0.88344 0.93567 0.56993
2.14577 1.59071 0.53656 -1.27276 1.76996
2.52943 1.31589 0.23518 0.7675 1.64612
0.60402 2.62804 -0.6593 2.4602 1.28956
2.383 2.09455 0.54946 2.06461 0.34213
0.1123 0.112 2.85601 0.57734 0.66166
0.44395 0.27082 4.12272 1.66213 0.39059
1.94074 0.93085 5.11576 0.29394 -0.54594
1.38788 -0.78127 5.28948 0.05886 0.37639
1.48236 -0.18753 3.78726 -0.93777 0.90565
2.88974 -0.19449 3.49297 0.60887 0.10062
1.30121 0.0232 5.0749 2.24949 0.41787
-1.12789 -0.60997 4.9749 1.49773 0.17931
0.09646 -0.52314 4.35367 -0.03345 -0.2677
1.95154 -0.25828 3.39009 -1.50951 -0.66992
1.46924 0.26375 3.03008 0.24465 -0.4462
1.64822 0.33779 2.79033 -0.61027 0.68338
2.46211 1.66711 1.54838 0.14342 -0.46258
0.64148 0.07814 0.52847 -1.27293 -0.77286
-0.50801 0.81817 1.09457 0.32524 0.75967
-1.19302 -0.91526 -0.13207 0.56551 2.19916
-0.71735 -1.22484 -0.60788 0.27939 1.68
0.30121 -1.1293 -1.29753 -0.36403 0.83491
-0.40932 0.31897 -0.49625 -2.31612 0.80998
-1.19762 2.34143 -0.52069 -1.02634 0.35606
0.44627 0.87283 0.03684 0.58667 -1.90536
1.11848 -0.8744 -0.01719 0.6055 -1.79294
0.31879 -0.65144 -0.26422 0.35511 -0.31525
-1.48137 -0.03125 1.79326 -0.52704 3.03878
-1.968 -1.50726 1.48714 0.31191 1.86355
-4.59309 0.63529 1.7714 0.86925 0.5945
-3.27933 1.59033 0.81089 -1.19398 -0.65758
-1.53304 2.0701 0.01824 0.16699 -1.43232
-1.15138 0.70939 0.75584 -1.45883 -0.84647
-0.48994 -0.83172 0.48517 0.15391 0.52277
-0.80341 -1.40874 -1.04673 0.70018 2.18602
-0.61552 -2.37807 -1.55301 -1.73853 1.51794
-0.99826 0.3087 -1.53406 -0.68299 0.60371
-1.1989 1.18077 -1.21516 -0.35967 -0.29188
-1.97482 0.1356 -0.90111 -1.04845 0.09232
-1.14875 0.31402 0.03582 -0.99219 -2.1421
-0.90106 0.46204 -1.4319 0.08339 -0.81573
0.97331 1.0161 -1.23054 1.12997 -0.46356
2.01182 0.9046 -0.37346 -0.15432 -2.35277
3.08307 1.69883 1.4904 -0.41809 -1.42699
1.59571 0.5009 1.49839 0.34008 -1.46596
2.25006 -2.19193 2.12059 0.69214 0.19766
2.46234 -0.19478 0.52317 1.64948 -0.19171
0.59583 -2.44503 0.94102 0.00381 -0.04746
-1.13572 0.94718 1.20605 -0.85277 0.73798
-4.37544 -0.01423 1.55789 0.05478 1.41377
-3.99134 0.69273 1.6662 1.84948 0.83748
-0.97875 0.18423 1.74452 0.4308 -0.90677
-0.18807 -1.17203 2.17576 -1.07337 -0.5514
1.74106 1.23846 1.03436 -2.39129 1.06295
1.72554 0.82846 1.45841 -1.28175 0.5181
0.36841 -1.00226 2.64261 -0.41151 0.10931
-0.50502 0.12446 2.47765 -0.04469 -0.73921
-0.53725 2.55669 1.54249 -0.59959 -0.83417
0.59276 2.13373 0.08313 -0.12071 0.37482
0.06681 1.18999 -0.15439 -0.79157 -0.0055
0.82593 -1.80931 0.55254 0.17359 -0.42573
1.28934 1.11169 -0.31091 0.49966 0.16778
