-5.18501 -3.67311 -0.94261 -1.63155 -0.84703
-3.85635 -3.26651 -1.83912 -2.19455 -0.68584
-1.42518 -3.3855 -1.49642 -2.43681 1.71835
-2.30077 -2.49724 -0.13089 -1.43852 2.95101
-2.61272 -2.23521 0.49368 -1.38854 3.21039
-2.57736 -3.57334 -1.2919 -0.40976 0.30138
-2.46383 -4.02772 -0.10572 -1.41862 1.82122
-4.1877 -3.07097 -2.5989 -1.26206 1.58429
-2.61486 -5.25419 -1.83972 -2.62375 1.35247
-2.987 -5.47784 0.44557 -1.30988 1.66411
-3.90667 -4.70648 -0.83898 -2.30727 0.94577
-5.16508 -4.73033 -0.37402 -2.67919 1.2665
-6.59813 -4.10631 -0.81226 -1.9325 1.31759
-7.33147 -4.05712 -0.13574 -0.19345 1.97316
-6.07776 -3.69671 -0.24657 -0.16526 1.49091
-8.32362 -2.86436 -0.5197 0.79415 2.0077
-8.86969 -1.58192 -1.40104 1.44192 1.32369
-9.11664 -0.94836 -0.44254 1.96122 1.28607
-8.69455 -0.8857 -1.16989 3.1317 2.40999
-10.96384 -0.59399 1.01549 2.3725 2.10919
-9.87848 -0.88512 2.34212 1.46784 1.59157
-9.6633 0.42858 0.27027 2.73124 0.29065
-8.11074 0.19953 0.46526 2.88449 -1.01025
-7.49686 -1.35876 0.38259 3.63844 1.07342
-5.88921 -0.7477 -0.51141 3.7072 0.45937
-5.31087 -1.17052 1.1992 2.02537 0.61134
-5.94777 -1.50738 0.73383 0.62267 0.99167
-5.28673 -2.84967 0.57644 1.11551 0.60184
-4.62562 -4.78312 0.11715 0.77095 0.4427
-5.61071 -4.94273 -1.51805 1.9819 1.1038
-6.61083 -5.41767 -1.26876 1.42956 0.21163
-7.1014 -6.61829 -0.77041 0.71748 2.12405
-7.30632 -7.5336 0.57521 0.99665 0.81228
-8.56327 -8.01429 0.12417 2.4719 1.09885
-8.84903 -7.68542 -2.31913 1.44248 1.43207
-9.96947 -6.75437 -1.88005 0.44445 0.51631
-11.33422 -6.43429 -1.70754 1.30355 1.28621
-13.92942 -3.94776 -1.67741 -0.36237 1.08791
-13.47569 -3.11204 -1.18431 -1.59874 1.43426
-12.45686 -1.61321 -0.55115 -0.43877 0.49525
-10.95799 -0.81614 -0.47957 1.90273 2.5171
-10.28651 -1.65366 0.04787 2.82029 1.56485
-9.90735 -1.9898 1.76006 2.21551 0.85653
-7.9723 0.17163 0.54071 0.65109 2.28077
-7.79243 0.92032 1.62388 -0.07371 0.85404
-7.16823 -0.31894 -1.36337 -0.06761 1.92623
-5.78029 -1.465 0.91652 0.81209 2.24866
-4.36285 -2.08354 -1.06396 1.39678 2.07808
-4.84729 -3.03444 -0.00259 2.29474 2.56055
-3.9657 -2.10793 0.27369 3.36941 1.15216
-3.25364 -2.39763 0.59676 2.78377 -0.08211
-2.74791 -2.10375 -1.00719 2.27355 0.91296
-1.90158 -2.64194 -1.73934 2.46442 2.40631
-1.16164 -1.28288 -0.61728 3.00284 2.45911
-1.51273 -1.81375 0.63348 4.9899 2.93269
-2.51727 -2.81873 1.58466 5.08882 2.57479
-4.1605 -2.16318 -1.04193 3.81125 1.47153
-4.33983 -1.47008 1.09644 4.59535 2.91477
-5.07036 -1.93394 -0.28607 4.47325 2.59982
-3.54211 -1.91342 0.66941 7.45719 1.10373
-2.61032 -1.40026 1.57633 8.3155 0.213
-2.6942 -1.4561 1.81096 9.31195 1.19749
-4.71651 -0.78519 -1.04432 10.8762 0.09862
-4.56503 0.09924 -2.04493 9.53687 0.11039
-3.05606 1.79544 0.18494 10.1592 -0.31548
-3.41937 1.36633 0.9288 10.22938 -1.28618
-4.53797 2.51538 -1.25587 8.87513 0.78597
-3.00689 2.04659 -0.07638 8.59108 1.11796
-3.31112 3.28197 1.25658 6.42142 0.552
-2.54533 2.7023 0.53604 7.24853 -0.65165
-1.10576 1.85601 2.35761 8.30765 -1.61317
-1.86529 0.96854 -1.60114 7.67227 -0.12036
-1.18519 -1.38722 0.53721 7.02102 0.78448
1.3408 0.9259 0.07654 7.41069 -0.55447
2.19932 0.27316 -1.1458 6.26703 1.01125
-0.24687 2.74953 0.17543 6.58857 0.0557
-1.22222 3.59524 -1.02608 2.91549 -2.08362
-0.73634 4.06648 0.8963 2.88513 -1.94755
1.27106 3.44362 2.06115 1.77573 -0.70873
1.19215 4.82895 -1.36258 2.35143 -0.82919
0.10031 5.47853 0.74607 -0.7269 -1.07531
0.57866 5.06109 0.58754 1.07471 -1.11158
2.61057 5.31182 1.05775 2.87909 -1.33095
4.08795 4.25959 0.65425 2.84084 2.12896
3.89635 4.98325 2.58394 2.40936 1.61977
4.94964 4.24779 3.15016 1.91493 0.4463
7.79806 3.59327 0.01447 3.18816 -0.94231
7.68695 2.46202 -0.50741 3.14442 -0.75186
8.68041 1.07523 -0.59689 3.42587 0.63875
11.6693 1.82092 1.15838 5.45894 -0.1996
11.68737 2.13447 -0.44238 4.42139 1.09144
12.26148 1.60445 1.80667 3.15098 0.11061
11.03988 2.21559 -0.50859 2.74986 -0.99665
11.92698 4.23205 -1.33876 1.25252 -0.18316
10.17639 5.35048 -0.29258 2.6889 0.60265
7.73817 5.05465 1.86103 0.40522 0.16435
8.06755 4.67501 0.29413 -0.78438 0.3305
7.95429 3.17294 1.89775 -1.54955 2.33135
10.7426 1.89127 -0.09124 -0.9617 0.73712
11.97564 2.73492 -1.49353 -0.76658 -0.11474
11.51098 4.21397 1.42811 0.82308 1.87919
10.18343 3.78809 2.62826 0.7371 2.37073
9.26587 2.33997 1.67962 0.69532 0.95744
9.75409 2.7196 1.3628 2.85825 0.96209
11.56674 3.89947 1.94221 5.1401 -0.12986
11.51313 3.81533 1.99225 5.55679 -0.22125
13.04443 3.40706 0.87409 3.65487 -0.00849
14.32271 2.59639 1.60268 1.84385 -1.27986
13.96387 0.88581 0.25614 1.55395 0.4156
14.43158 0.73836 1.44626 1.80406 -0.91444
14.26922 -0.00082 0.36711 1.874 -0.20888
14.98463 -0.02197 -0.02226 2.04725 -0.33678
16.02877 0.40503 -0.78761 1.3047 0.55739
15.77624 0.23612 0.1731 0.83807 -0.88555
14.5063 -0.87977 -0.16642 2.29316 -0.69284
11.15427 -1.35212 -0.72208 2.49882 -1.2351
9.24074 -3.01702 -0.41935 2.14038 -1.53339
8.404 -1.55506 -0.34865 2.40216 -1.08035
8.25595 -0.35296 -0.65909 -0.01152 -1.22983
5.66215 -0.76753 -0.40903 -0.32082 -0.29112
4.71455 -1.21203 -1.39263 -1.29475 0.01737
4.8733 -2.20673 -1.27424 -0.55412 -0.39799
3.06133 -0.59079 0.3002 -1.66534 0.30167
2.465 -0.93518 0.88638 -2.44043 -0.02403
1.53243 -0.78589 -0.38949 -3.09515 -0.86304
-0.48109 -1.99281 0.1821 -2.39755 -0.4187
-0.17027 -2.98323 -0.26391 -2.56186 -0.33648
0.09228 -3.13 -0.25769 -2.59978 1.23371
-0.48867 -0.83218 0.55401 -1.49593 -0.12028
1.58043 -1.48094 1.05929 -3.03022 -0.61184
0.86922 -1.37484 -0.7501 -2.28874 -0.11773
0.22952 -0.59985 -0.90505 -2.1846 -0.59628
-0.2118 -0.25557 -1.20319 -3.84711 0.66401
-2.47287 -0.63537 -2.21588 -5.11301 1.117
-2.04337 -1.86857 -0.04038 -5.74637 1.86162
-0.66276 -0.75936 0.54462 -3.35762 0.86562
-1.37902 0.14024 1.18982 -3.11881 -1.38438
-1.38066 1.3157 -0.3239 -2.74718 -0.86183
-3.3134 2.12659 -1.0695 -1.02496 -0.07098
-3.76828 0.70749 0.94841 -1.09044 0.98295
-3.03749 0.08295 0.85972 0.61916 -0.28451
-1.98195 1.24074 0.53363 1.0388 0.23076
-3.24586 1.08342 0.79312 1.79748 -0.32947
-3.52372 1.67118 -0.1208 -0.97859 0.99374
-3.89467 1.92608 0.81791 -0.05407 1.18338
-3.77078 0.69307 1.0924 1.83546 2.12769
-1.75175 1.83269 0.42211 2.513 -0.09134
-0.97775 1.90757 1.27951 1.79999 -0.00907
-0.39618 1.44408 0.05475 1.0109 0.92663
0.40385 2.32567 0.33056 0.67506 0.85425
