-0.34207 -0.25637 0.58677 -3.39526 0.56009
-0.89819 -1.3716 -1.01185 -3.91922 -0.85235
-0.18101 -1.65307 -3.26503 -3.76085 0.34659
-0.2078 -2.26445 -2.19817 -5.41887 2.43257
-0.59291 -1.39855 -1.91129 -4.26179 1.27022
2.06617 -1.93992 -1.48093 -3.7276 1.85238
1.93424 -1.74006 -0.89126 -3.65561 0.95596
1.45066 -0.57819 -0.40243 -4.99338 -1.4085
0.78577 0.57006 -0.58844 -4.63347 -1.2529
-0.25975 -0.12872 -1.55094 -4.4121 -0.04806
-0.85636 -0.14457 -1.35731 -7.48655 1.8167
-0.9765 0.51537 0.55213 -7.9818 -1.16106
-0.65489 2.64425 2.43559 -8.24858 -1.14318
-0.32086 2.4395 -0.04722 -6.63461 0.45082
-1.37993 2.54628 0.48373 -5.75095 1.17223
-1.15762 0.5707 0.53703 -4.53081 0.34902
0.37108 -2.06034 1.93311 -3.11793 -0.48627
1.34381 -2.05877 1.37004 -2.28969 -0.24467
1.49111 -0.68978 1.72018 -0.68513 0.33094
0.83605 -1.65206 1.29202 -0.67082 0.00627
0.59187 0.12703 1.81788 -2.34224 -0.59375
1.09196 1.0118 1.77404 -2.10803 0.08308
0.4013 1.27047 2.30787 0.29456 -0.90454
0.25482 0.11131 0.55049 -0.24711 -2.91999
-0.0977 0.25219 -0.10642 0.37972 -1.65575
-2.7132 0.46789 -0.22142 1.11862 -0.93314
-1.51424 -0.33227 1.32363 0.75014 1.70454
-0.83099 -1.05338 2.08831 0.44082 0.28758
-1.4147 -1.43415 1.09157 0.86617 -1.29093
-1.7932 -0.6942 1.09583 2.70101 -2.48446
-1.63666 0.31697 -0.1633 2.29098 -0.39343
0.00639 1.10141 -0.27735 1.96353 -1.75898
-2.07206 1.62392 -1.58719 0.81829 -1.50475
-3.21836 2.48028 -2.80859 0.38057 -0.53579
-3.01407 3.34765 -2.91914 0.02123 -0.26887
-1.23931 3.04431 -0.04364 0.44956 -0.35351
-1.31262 1.44541 0.25815 -0.9433 -1.05768
-2.01062 1.41751 0.46235 -0.79017 1.95791
-0.2564 0.85666 -1.92913 -1.01394 0.26513
0.94712 -0.26597 -2.16827 -2.38816 0.84149
0.80947 -0.52724 -0.72352 -0.81991 -0.29231
1.73674 -0.30181 1.12359 0.13544 0.17135
0.947 0.13247 0.32163 -1.12715 -1.42058
0.83122 -0.05702 2.12568 -2.34709 -0.82262
-1.32885 -0.91616 -0.12522 -3.7011 -0.61355
-0.80738 -0.34883 -1.93183 -4.80631 0.48986
-1.36284 2.19093 -2.97471 -2.89402 1.03268
0.60307 -1.08515 -2.6389 -3.89854 -1.06854
0.33234 -1.8424 -2.24545 -3.80139 -0.98035
-0.58563 -1.56893 -1.45499 -3.72505 -2.32606
-0.5243 -2.03017 -1.98891 -2.96555 -0.08669
-0.0996 -3.25041 -2.0111 -2.97038 0.34997
-1.19336 -1.01105 -1.80821 -4.1225 0.29334
-0.17233 1.52269 -1.89427 -6.36866 -0.84072
-0.32699 2.30611 -1.11935 -5.89751 -1.15398
-0.04783 1.42725 -2.44798 -5.02949 -0.37739
-1.05422 1.11853 -2.80653 -6.60656 0.38256
-1.58207 0.32179 -1.89721 -6.4426 -0.406
-1.77714 0.62304 -0.9529 -7.30106 -0.87124
-2.18947 0.38371 -1.50308 -5.68327 -0.91801
-0.75199 0.34098 0.49897 -6.62179 -1.20212
0.76017 1.91101 -0.25777 -5.85976 0.40538
0.98655 0.81471 -1.65115 -5.77194 -0.90342
-0.2943 -0.08486 -2.04216 -4.3206 -0.2328
0.28288 -1.29267 -3.09563 -2.26634 -1.24833
0.10982 0.27789 -2.07793 -3.61073 0.31285
0.67075 -0.30476 -2.41362 -3.08949 -0.48502
0.4172 -1.43403 0.08592 -3.62281 -0.99927
2.98976 -0.45482 -1.22477 -5.48106 0.45714
1.02486 -0.75558 0.38392 -5.66794 -1.5137
1.55198 -1.90591 -2.91599 -6.116 -0.34671
0.64786 -1.85227 -0.91178 -5.4176 -0.68327
-0.23917 -1.67653 -1.71164 -5.44501 0.79651
0.38952 0.3922 -1.34807 -3.84177 0.3237
-0.52707 1.18345 -1.38543 -2.85151 -0.98058
-1.2413 -0.43783 -0.37591 -4.05818 0.02062
-0.3961 0.1536 -1.21074 -5.25179 -1.31411
0.89503 -1.20925 -0.47967 -4.79506 0.99468
0.50549 -3.42733 -0.09058 -3.7508 1.08838
-0.26801 -2.89409 -0.01492 -3.51609 0.11872
2.1721 -1.46879 0.50536 -1.62776 0.4346
2.07603 0.53142 -0.4739 0.83199 -0.23827
0.81913 0.5193 0.10475 1.96015 -0.42437
-0.77392 -0.58172 -0.24962 2.4807 0.06989
0.4939 0.58623 0.68419 0.76692 -1.0064
-0.21498 1.29445 2.58215 0.91064 0.62332
0.79303 -0.11454 1.31198 0.74029 -0.54081
1.72765 -0.6183 -0.06393 1.48648 -1.31053
0.03464 0.96723 -0.96775 1.74943 -1.04321
0.95505 1.55241 -1.32096 1.53476 -0.35904
1.99146 0.03246 -1.56442 1.15561 0.43802
2.24847 -1.43209 -1.45334 1.02755 -0.21186
2.78308 -1.09762 1.42983 2.67521 0.82365
2.68172 -1.76129 3.70333 3.14595 1.14686
1.85002 -0.45395 2.85832 1.40184 1.10266
2.16912 -0.06545 3.81344 0.78537 0.46219
2.32707 -0.9819 3.70976 1.1669 -1.49906
-0.29571 -1.18078 1.85521 1.95423 -3.08372
-1.00361 0.79226 0.35453 3.46484 -0.71752
-1.02777 -0.01671 0.71954 3.44763 -1.13541
-1.38462 0.14133 -0.10292 4.01991 1.30748
0.30697 -1.406 0.49305 4.53873 0.03425
2.62412 0.17206 1.38917 4.27701 1.38668
0.67986 0.97877 1.82769 3.24192 1.48483
2.06764 -0.36547 0.95419 3.50155 0.11644
2.58559 0.83891 1.78003 2.55971 -0.17814
4.13715 0.40461 2.03298 2.11684 0.37894
1.0608 2.30444 -0.14166 3.15775 0.12887
1.38117 1.02525 1.24393 4.36772 -0.23536
0.90122 0.41556 -0.1895 3.27275 -0.27547
0.11487 0.65826 -0.75248 3.32261 -0.68398
-0.03931 0.78483 0.31953 3.40925 -0.98964
0.66986 0.48621 -0.86969 5.27657 0.78855
-1.28328 0.73769 -0.05227 4.15661 1.15864
-1.26951 -0.63614 0.29059 4.56474 1.18329
-1.50173 -0.47557 1.62696 4.22924 -2.42248
-2.7154 -1.0295 -0.44849 4.52728 -1.27008
-0.42157 -1.34708 1.75219 4.34903 1.15602
0.98368 0.27551 0.51151 2.62221 0.18925
0.88792 0.11922 -0.11202 3.10264 1.76176
0.75483 -1.33157 0.60761 3.25655 0.47656
-0.39455 -1.81398 2.43201 3.95945 -1.31023
0.03121 -0.68239 0.91368 4.38056 -0.0411
2.28704 0.59076 1.91072 3.82154 -0.56771
2.28058 1.44842 2.39185 2.93343 1.97907
1.74028 1.4929 2.11963 1.71312 -0.77832
0.56247 1.49744 1.70367 1.79858 -0.65933
0.23816 2.06951 0.77675 2.71157 -1.06318
1.01672 0.59147 0.02946 2.33825 1.03854
1.51067 -0.13279 1.11824 4.04485 0.26593
-1.0491 1.01429 2.3723 5.44252 -0.55431
0.69081 -0.85044 2.17142 5.71919 -0.73508
0.75864 0.11006 0.40999 6.44179 -0.16921
0.33822 1.57751 -0.76065 6.43144 -0.78616
-0.27869 -0.17768 1.23571 5.54893 -0.53796
1.64041 -1.01503 2.24503 4.34404 0.87041
1.86656 -0.92791 0.62786 6.20411 1.747
-0.06601 -0.24587 2.23532 5.89128 -1.25154
-1.48926 0.43019 1.64921 3.77265 -0.53528
-0.46867 0.80008 0.85276 3.19348 -1.8329
-0.72783 0.48558 1.03715 2.25435 0.29735
-0.19893 0.10867 0.98496 1.66244 -0.18846
-0.52644 -0.80106 1.01014 3.25999 -0.81866
-1.60135 -0.0124 0.3797 3.38161 -1.17124
-0.55502 0.99887 0.44393 2.63166 -0.21176
-3.60905 0.99599 0.92945 1.0548 -0.67028
-0.64331 0.22606 2.22766 0.33237 0.60228
-0.24469 0.56313 1.93674 -0.80196 0.23451
0.42004 1.70825 1.30204 -0.62266 0.16055
1.23744 1.97393 0.79421 -2.46519 0.79579
