0.08398 -0.0351 0.35144 0.31782 0.50716
-0.51694 1.88303 -0.3138 3.13773 -0.26156
-0.82163 0.00324 -0.33529 -0.18983 -0.84614
-1.2133 -1.13139 -0.97136 -0.8769 -0.54188
-1.13342 -1.55461 0.01029 -0.48497 -0.08849
-1.64204 -1.43706 -0.32604 -1.83812 -0.01203
-1.97659 -1.9868 -0.46549 -1.9287 -0.49493
-4.19065 -1.41066 -0.57925 -1.59724 0.39544
-2.71931 -0.29656 -0.56531 -0.26624 -2.31104
-1.022 -0.26627 1.20078 -0.96169 0.02193
-1.54207 -0.75546 0.36357 -0.08475 -0.5954
-1.69314 0.30026 -2.20634 0.08226 0.19787
-3.11741 1.10203 -3.87997 1.24747 0.10679
-2.94121 1.2619 -4.44147 -1.54728 -0.9943
-3.24304 1.87463 -4.52237 -1.97103 -1.27311
-3.544 -0.16495 -2.25468 -0.80853 -0.14065
-3.33407 -0.29921 -3.02695 -0.30142 -0.15018
-2.73316 -0.86185 -3.43132 0.39423 -1.79277
-2.24756 -0.71968 -3.56606 -0.28085 -1.26614
-2.67859 -0.66221 -2.69221 0.97452 -1.72353
-3.23833 -0.03732 -0.79764 0.03583 -1.37307
-1.10793 1.97984 -0.18774 0.10394 -1.30861
0.51017 1.97443 -2.53455 -1.61606 -2.14795
0.81129 0.96057 -2.06394 -1.67363 -0.83314
0.07596 -0.20363 -2.74544 -0.0234 -1.44269
0.86226 -1.27535 -1.8594 -0.05732 0.51831
0.51184 -1.85248 -0.86555 0.88559 -0.00757
0.71926 -2.39983 -2.44182 0.09223 -0.65085
0.93251 0.17834 -3.03856 0.08967 0.03907
-0.03969 -1.78847 -3.05869 0.61718 -1.25552
0.00988 -0.42506 -2.93619 -0.9804 -2.11549
-0.02744 -0.08746 -2.53678 0.89613 -1.64274
-0.02428 -1.04471 -1.67614 -1.85232 -0.81217
-0.95392 -0.93555 -1.56158 -1.75399 -2.49468
-2.39055 0.27189 -2.12701 -0.85682 -0.33659
-3.21052 1.08087 -1.53956 0.66255 -0.64132
-2.75031 0.43518 -0.91103 -0.43496 -0.38541
-1.71411 3.28516 -1.51784 -0.07394 0.75626
-0.81855 1.10401 -3.09362 -0.39338 -0.34229
-0.16285 1.4018 -1.84343 0.63275 0.49634
0.23987 0.81617 -1.42073 -0.53713 -0.26217
-0.29733 2.17272 -2.53638 1.45284 0.47564
-2.376 4.40792 -1.89249 0.70439 -0.17599
-0.29752 4.36734 -1.07016 1.20411 -1.96543
0.49673 3.40599 -1.18799 1.83726 -2.15276
0.53024 1.6023 -1.67291 -0.2457 -0.55999
0.59011 3.68276 -1.65907 -0.23936 2.12029
1.54628 2.9956 -1.72363 0.04529 0.77397
0.782 -0.10191 -0.99937 0.15924 0.37032
1.21341 0.00915 -1.90292 -0.05762 0.38719
0.84348 1.43633 -2.20983 -1.55611 0.51373
1.25151 1.29801 -2.4374 -1.81818 -1.24574
0.23533 -0.90511 -3.18228 0.1168 -0.68125
0.57028 -0.94625 -4.57014 2.1683 -1.81987
2.16896 1.26306 -3.90177 -1.60127 -0.70623
1.91545 2.27907 -4.135 -1.0891 -0.7588
3.10442 0.71393 -3.54833 0.6861 -2.05071
3.8551 0.25543 -3.6762 -0.36651 -2.39712
3.12275 0.71089 -4.3639 0.92808 0.24563
2.15437 0.84037 -4.23787 -1.58187 0.74195
2.28705 0.85693 -2.33296 -1.13125 0.35206
2.25973 -1.26731 -1.37176 -1.65945 -1.61679
4.18189 -2.2395 -0.65746 -0.93706 -1.25552
4.72407 -0.84714 1.20209 -2.1288 -1.44312
4.06562 -1.39423 -0.78509 -0.42135 -1.7977
3.98536 -0.08219 1.03826 -1.0035 -1.32374
3.10094 0.71252 -1.11703 -0.56983 -0.0717
3.4548 -3.09522 -2.1881 -0.63507 -1.30288
1.98845 -4.44039 -1.85422 0.29894 -0.34719
1.40733 -1.92835 -1.91247 1.33637 -0.28165
1.72541 0.02799 0.06123 0.29293 0.56331
0.68325 0.75965 -0.0393 0.37166 -0.12892
1.33989 2.85763 -0.88492 2.15151 -2.4988
1.73163 1.27748 -0.06677 -0.62102 -0.44803
2.57972 2.17784 0.15144 -0.27283 -2.26939
2.5793 2.19164 -0.83233 -0.9904 -1.17274
0.93891 0.72357 -1.05873 -0.65637 0.0428
0.38793 0.80627 -0.83463 2.26476 -0.92922
-0.17746 -0.19041 -1.51263 2.1292 1.32738
-0.92865 -0.83718 -2.46712 0.81353 0.51782
-1.4021 1.13579 -3.44849 0.92119 -0.12689
-1.94553 -0.51683 -4.29232 -0.82314 -2.13817
-2.59263 -0.32068 -2.63833 -0.23879 -1.7415
-2.56151 -0.93539 -2.88955 -1.12299 -0.27712
-1.6369 -0.51382 -1.30501 -0.45354 1.19608
-1.03518 -0.35052 -1.65146 -0.39019 1.81077
-1.46327 0.06718 -1.08942 -0.32554 -0.89804
-1.83015 0.27491 -1.51144 -0.39912 -2.25332
-3.08892 0.55522 -2.95939 0.09888 -0.51657
-0.93727 0.42773 -2.61229 -1.11014 -0.55193
-1.30872 0.99947 -1.9414 1.04457 -0.85692
-1.2981 0.54463 -2.18106 -1.39944 0.07256
-1.33177 1.8914 -2.94486 -2.26917 -0.51681
-1.11202 -0.30098 -0.23852 -0.41379 0.00511
1.00165 -1.30281 -0.71641 -0.55969 2.24722
1.51184 -0.42052 -1.7754 -0.7149 0.81184
0.53476 -0.67813 0.19603 -0.12608 -1.30235
-0.07695 -1.76536 0.57617 -1.3425 -0.22263
-0.14252 -1.05179 1.66946 -0.34745 -0.30532
0.42459 -1.24692 0.17076 0.52289 2.45639
0.3486 0.39529 -0.98943 0.35388 0.95015
0.64719 -1.41404 -0.46771 -1.99288 0.79057
1.57968 -1.95396 0.28982 0.40906 -0.87
0.82771 -0.53163 0.46329 0.30759 -1.09032
1.76868 1.08897 2.15596 -1.05508 -0.53926
2.56721 0.21446 0.67223 0.03259 -1.2308
3.61664 -0.28358 -1.37733 -1.08033 -0.17267
2.38265 0.13574 -2.98864 0.69675 0.3718
2.57275 -1.26938 -3.53647 0.8768 -0.57945
2.29411 1.02363 -3.50348 0.99588 0.14337
1.98339 -1.23005 -3.33383 -1.76142 -0.91056
1.90477 -1.49952 -2.94447 -1.58523 -1.37979
0.99132 -1.07108 -2.27259 0.61921 -0.69207
0.48151 0.7822 -3.65772 -1.25421 -1.30134
-0.89247 0.83676 -3.91847 0.52581 -2.25065
-1.04896 1.17449 -3.56181 -0.46541 -2.59635
-0.48116 0.89038 -3.71772 2.4824 -0.4528
-0.70901 -1.97462 -2.81904 -1.18072 1.5106
0.49088 -1.96284 -2.97205 -0.88657 1.48246
-0.67547 -3.28205 -3.77602 -1.73019 0.23613
-0.23911 -1.61746 -1.97552 -2.41653 -1.97204
-0.61372 -2.04161 -1.51185 0.06246 -1.62871
2.12974 -1.65753 -1.07317 0.16774 -1.00846
1.99255 1.18799 -1.90047 -0.28618 -1.94474
2.26817 1.24494 -3.69175 0.39938 -2.64882
1.16 1.71077 -0.9548 -0.16203 -1.39119
2.19814 0.55423 -0.60607 -0.61155 -0.17251
1.56551 -1.16379 0.32025 -1.78401 0.01372
1.02188 -2.86796 0.37129 0.65341 -0.90804
-0.7866 -3.29331 0.12721 0.83016 0.24811
-0.68855 -1.03457 0.34831 -0.69471 -1.90333
-0.57246 -0.24929 -2.11567 -0.42795 0.27238
-0.9091 -1.56565 -2.1603 1.07401 -0.29451
-0.42149 -1.62835 -1.07554 0.57751 -1.93334
2.0331 -1.244 -0.74388 1.47436 -1.09399
1.66087 -0.42325 -0.37329 2.09381 0.52078
0.93549 -0.5288 -0.86287 -2.1247 -1.7616
0.71326 -0.54293 -3.06845 -1.76084 0.35105
0.49134 1.31324 -2.39383 -0.95352 -0.3472
0.02385 1.33849 -3.39466 -0.00812 0.61665
1.03364 0.10601 -2.33236 -1.44829 -1.02177
0.17922 0.78616 -2.14278 -2.08306 -0.44749
-0.66314 0.62523 -1.15018 -0.61324 -0.85626
0.88564 0.19226 -0.65435 2.13942 -0.22993
-0.28647 -0.74228 0.42556 1.02524 -1.58197
0.3397 -0.69766 -1.15513 2.11409 -0.40765
0.28768 -1.53641 -0.14363 -1.15539 -0.73573
0.36922 -1.22643 -1.53568 0.84471 -0.27986
-0.03219 -2.17958 -1.24297 1.33816 -0.35812
0.17263 -0.27636 -1.26976 2.07791 -0.28184
