-3.36271 -0.01379 1.41499 0.37923 -0.10058
-3.39582 -1.21232 -1.13239 -1.98587 1.14855
-2.93603 0.83678 -0.74081 -1.31819 -0.27936
-2.95327 -0.91102 1.04061 0.15999 0.80734
-1.61948 -1.19897 0.99482 0.45917 1.45971
-0.88377 0.98323 -1.21031 -1.2649 1.57917
-2.21424 1.34535 -0.39391 -0.03414 1.2683
-2.56862 3.28668 -0.32645 -0.97942 0.58361
-3.01244 3.4944 2.44054 0.53357 -0.0805
-1.9928 2.28089 -0.19702 -0.14461 -0.09995
-1.55762 1.5411 -1.06364 -0.32034 0.25036
-0.30358 -0.02612 1.53545 0.86655 0.2952
-0.62388 0.33044 -0.01514 1.38725 -0.97384
0.05247 0.68859 0.31666 1.91869 -0.38063
-0.81936 0.80449 0.48885 0.03485 0.28821
0.02505 0.8248 0.08967 -0.79827 1.49124
-1.16239 2.39416 0.81686 0.3423 -0.03587
-0.32895 4.14449 -0.87393 0.25716 -0.13694
1.96707 2.7351 1.03742 3.25082 0.23995
1.59078 2.9448 0.42642 2.59855 -1.32055
0.80628 0.43061 0.63313 1.61733 2.24202
0.33624 0.98203 2.28057 1.15636 -0.74013
0.5314 -0.40608 0.36309 0.93149 1.02309
-2.07805 0.19251 1.19818 -0.1841 0.13664
-2.22497 -0.85002 0.20876 0.74265 0.63444
-0.79647 -1.92763 -1.87604 -0.84703 0.66197
-1.57244 -0.49263 -0.60684 -0.56666 1.71147
-3.6622 0.40257 0.12448 0.12216 0.71351
-4.67443 -0.73926 -1.31834 0.85054 0.61667
-3.16812 -0.9895 -1.38437 -0.55589 -0.68949
-1.92123 -1.63442 -1.14422 -1.57913 -0.61374
-2.2505 -2.55376 -0.56207 -0.65721 -0.25065
-2.60332 -2.36452 -0.6398 -0.20952 0.73704
-3.82534 -2.16317 -0.10563 0.42748 -0.94579
-3.96247 -3.27564 0.48406 -1.37806 0.90874
-3.62178 -1.60477 1.14731 1.9234 0.80571
-3.58004 -2.12022 0.7224 0.87405 0.02505
-3.87569 -1.39265 -0.46616 -1.28253 0.54388
-5.43533 0.27482 -2.03676 -0.20906 -0.84868
-6.21316 0.55978 0.95255 1.94511 2.31582
-4.85152 -0.251 0.50904 1.18788 0.52501
-3.38544 0.37183 -1.32246 -0.31338 1.29615
-3.1523 0.34898 -0.45264 -0.80013 0.08273
-2.61488 -1.30947 -0.68186 0.20505 -0.19516
-0.7525 -1.50799 1.08002 1.12495 0.28176
-2.16483 -0.16478 -0.53791 -0.06386 -0.16283
-4.02769 0.08941 0.09685 0.11472 1.09434
-4.29027 0.47671 -0.5673 1.06935 0.69236
-2.52818 -0.61038 0.28505 2.60279 -2.67373
-1.52239 1.07378 0.24826 0.50902 -0.66432
-2.24722 0.8849 0.66366 1.59182 0.72227
-0.22396 2.0357 0.00634 2.34277 -0.70349
-0.68503 2.5213 -0.05128 1.07179 1.78667
1.26348 1.08591 0.97414 1.62763 1.66791
0.82413 0.07513 1.02261 0.55555 2.4127
0.3854 1.5364 0.26555 0.36807 1.09911
0.08908 0.85042 0.89658 0.52684 0.2366
0.28662 0.4966 -0.27894 -0.25548 2.34372
1.70701 1.94838 -1.66324 0.56236 1.02352
-1.2005 1.09283 1.29338 1.54512 0.17461
-0.39575 1.06237 -1.46219 0.58395 -0.61462
0.95091 1.03322 -0.21253 0.41718 1.05197
1.22132 0.58443 1.64036 1.44111 -0.86216
0.56463 -0.8783 0.32293 -0.01534 -0.29628
0.59912 -1.89517 -1.46304 -0.08722 -0.54894
-1.02258 -2.27923 -0.10019 0.4472 -2.19892
-0.66039 -2.12225 -0.77013 1.96466 -0.46043
-0.57456 -2.52182 -0.10986 2.51461 -0.81534
-2.20595 -3.15369 0.56008 1.61793 0.94416
-2.58346 -2.42976 0.66696 -0.22042 0.98019
-3.21033 -1.25002 -1.09978 -0.83003 0.94883
-2.67065 -0.86496 -2.20286 -1.81726 1.72296
-4.67234 0.17973 0.63144 -0.76567 -1.34977
-3.24919 0.84567 -0.54164 -0.77911 0.35103
-4.66179 0.44061 -0.46823 0.0189 -0.2695
-4.03213 -0.99414 1.45502 -2.07303 -0.59375
-4.52675 -1.67532 -1.85623 -0.67054 0.07048
-4.86963 -2.45766 -1.07567 -1.57596 1.81244
-4.38475 -4.34261 -0.76151 -1.48963 0.54444
-3.84306 -1.57786 -1.32452 1.15971 2.1067
-3.57093 0.17921 -0.99894 0.40241 1.07953
-3.65285 2.1326 -0.4286 2.25162 -1.48857
-2.69325 1.44939 -0.00419 -0.01694 -0.65564
-3.00642 -1.2783 -1.34635 -0.18734 -0.06731
-0.80442 -1.13991 -0.63142 -0.17387 -1.37546
-2.05736 -1.0478 1.54465 1.43452 -0.97854
0.30596 -1.0456 1.25521 -0.56661 -2.76803
0.01767 -1.62195 0.43906 1.05239 -0.27808
-2.37476 -2.08461 -0.94643 -0.03994 -0.06858
-3.50016 -3.64193 0.55136 0.29866 0.38068
-3.16789 -3.78983 -0.70084 -2.29983 0.39876
-4.10701 -3.66491 1.49367 -0.29409 -2.07556
-4.51818 -4.44408 -0.01821 0.32083 1.14525
-4.77728 -2.91497 -0.66266 1.14059 2.01172
-4.04803 -3.36913 0.25666 1.08212 -0.19373
-5.04692 -3.78047 -0.6486 0.64964 0.41929
-6.45407 -2.56113 -0.60658 0.97537 -0.82165
-6.1022 -1.44449 -1.08837 1.6264 0.34185
-7.01285 -1.57537 -2.38544 2.99941 -0.73683
-8.05332 -0.44199 -0.72596 -0.3353 -0.21084
-8.234 -0.57608 0.36862 -2.00013 -0.41471
-6.37808 -1.47841 0.29275 -0.27725 0.16155
-6.96933 -0.49802 0.69027 -1.40481 0.40441
-7.36597 -0.38055 0.15551 1.03907 0.04836
-8.36485 0.5423 1.16341 0.1104 -0.00302
-8.1796 0.29704 0.47438 -0.25744 -0.06681
-6.70093 -0.95261 0.21625 -0.70346 -0.05195
-6.55459 -1.89136 1.0855 1.17275 -0.17748
-5.26052 -1.67921 0.09392 1.77204 0.47894
-5.02121 -1.39811 1.67665 1.33973 1.26544
-4.30455 -1.13785 0.85966 -0.37545 1.68156
-5.24921 -0.91744 -0.3323 1.23784 -0.92666
-5.18065 -2.25154 -0.92904 0.80416 -0.06389
-3.44038 -3.37969 -2.56167 1.43326 0.1395
-5.06815 -2.29667 -0.65415 2.27473 0.33887
-4.50709 -1.48501 0.16849 -1.13246 0.07603
-4.6957 -1.24561 0.49079 -0.33699 1.05779
-4.51553 0.26535 -1.45031 -1.34613 2.25378
-4.89165 1.33801 -0.58433 -1.45749 0.18188
-6.08886 1.80938 0.46257 -1.00672 1.09181
-5.50305 1.71339 -0.74642 0.71615 -0.04078
-6.17698 0.12389 -0.65989 -0.41787 -0.45337
-5.8993 -0.95112 -0.65624 0.28346 0.72881
-5.16975 -0.59947 -0.53693 0.30033 -0.65384
-4.78234 -1.58724 0.19288 -0.1623 0.01199
-3.85518 -2.09185 -0.31485 -0.70542 0.25175
-6.22486 -3.18579 -0.79292 -1.85733 0.87395
-6.27548 -1.61916 0.09766 0.77196 -0.63068
-8.00306 -1.80148 -1.51526 1.09941 0.72968
-9.4398 -0.47657 -1.22287 1.27985 -0.6718
-9.74826 -0.4802 -0.18198 0.4047 -0.29131
-9.81314 0.62781 -0.86826 -0.11392 0.5172
-7.9892 -0.03871 -1.29426 1.87615 0.07003
-6.91264 0.22518 0.0308 -0.50646 -0.2444
-7.61195 1.04578 0.92237 0.7097 -1.84758
-8.78932 1.48548 2.10051 0.94419 -1.15263
-7.73234 0.08724 -1.08473 0.34945 -1.14185
-8.22107 1.60905 -0.68376 0.68459 0.45713
-9.03168 -0.30193 -1.09934 0.03425 -0.20267
-8.53188 0.37672 1.506 1.6016 -0.22074
-8.74913 -0.12423 -0.52924 -0.18561 -0.31129
-8.14561 0.22901 -0.68786 -0.38775 0.00286
-8.69778 1.71386 -2.23808 -0.97558 -1.59401
-7.2769 1.70866 -0.11701 -0.0131 0.64335
-7.91 2.83894 -0.55667 1.68806 1.91612
-7.72387 1.61505 1.04912 1.01115 0.48256
-7.16456 2.14749 0.41164 -1.1632 0.95752
-6.83975 0.35302 0.92409 0.51615 -0.75585
-5.644 -0.56524 2.41643 1.46659 -0.41359
-5.02058 -0.50577 2.39623 0.53761 1.83377
