-5.12469 -1.38153 -2.39516 -1.4573 -5.5009
-6.34473 -0.33543 -2.79483 -3.40075 -5.97806
-5.07025 1.14069 -1.44866 -3.9402 -5.95171
-7.63515 1.16131 -0.78467 -5.60891 -6.39929
-9.23953 -0.07451 -2.0934 -5.08776 -5.30883
-10.35811 0.17055 -1.18138 -6.30216 -5.49752
-12.59306 1.68411 0.66562 -5.75239 -5.14968
-11.9408 1.4389 -0.7034 -5.62753 -7.07158
-12.64475 -0.29784 -2.48333 -5.01389 -6.51564
-14.36456 0.8333 -2.41306 -4.05201 -6.39932
-17.87162 -0.32183 -3.3436 -3.30606 -5.4093
-18.87294 0.26767 -1.51311 -2.41085 -5.32645
-19.65792 0.74548 0.54038 -0.54903 -6.45302
-20.97499 1.18157 -1.62775 -0.86983 -8.36005
-19.54324 1.17483 -1.52736 -0.25534 -8.51666
-19.31819 1.6298 -2.44035 0.656 -5.15949
-19.22212 -1.54107 -2.20793 0.40101 -3.85634
-19.2183 -1.79016 -1.13827 0.17142 -4.82672
-18.09582 -0.12247 -3.88689 0.53517 -6.23703
-17.43539 -0.81371 -1.15744 -0.11613 -5.11169
-15.67752 -1.88888 -0.57231 -2.21622 -4.83113
-14.34005 -1.66441 -0.36254 -2.55325 -4.77967
-14.43078 0.55718 -2.16584 -1.22918 -2.21686
-14.75256 1.05327 1.63771 -0.10643 -2.29964
-16.68983 -0.03822 0.74215 -0.97457 -2.78051
-15.74349 -0.18967 -0.45836 -2.33315 -4.34586
-15.17128 -1.65942 -2.36733 -1.58483 -2.91133
-14.54755 -0.09648 -0.86337 -1.75489 -3.2314
-14.05449 1.79161 -1.1901 -2.34361 -3.65017
-13.78196 0.86906 -0.7712 -2.1237 -2.25325
-14.06306 -0.9048 0.69131 -1.89127 -1.81243
-13.12089 1.94856 -0.86936 -0.28477 -1.49542
-10.50841 0.43709 0.97355 1.64428 -0.01325
-10.75426 -0.88007 2.11243 2.73705 -0.04595
-10.75879 -1.7236 1.61411 2.1301 -1.05635
-10.41146 -1.72089 0.97068 3.08693 -2.49518
-9.83879 -0.17589 0.48707 2.88038 -0.89005
-8.75021 -0.46762 -0.79882 2.42341 -0.76146
-7.96839 -0.6688 1.22459 1.6311 2.29656
-7.59853 -1.85974 1.93462 1.9168 2.33598
-5.74151 -1.63167 1.43694 1.51767 2.81629
-4.9117 -0.59458 0.12892 0.53601 1.85574
-1.5185 -0.36905 1.64826 -0.46688 1.9179
0.40004 -1.11265 2.01556 -0.86424 2.69437
0.80195 -2.24378 -0.68839 -1.104 2.06096
0.10799 -0.80634 0.05227 -1.96183 2.23752
2.05272 -0.85263 0.97038 -2.96534 2.5421
3.72717 -0.41844 1.04632 -4.69036 0.58675
2.99819 -0.8915 0.15345 -3.73625 1.65679
3.52614 -0.78008 1.05614 -2.32427 1.82928
4.96173 0.83418 0.27076 -0.81488 -0.57583
5.07442 0.20002 -1.02295 0.09146 -0.37628
2.46662 0.12883 -0.62185 -1.21603 -0.38663
2.43143 1.77819 -0.63846 -1.09325 -0.231
2.35689 0.86785 2.26594 -0.71172 1.33627
1.08549 1.88048 1.31249 -1.673 2.22506
2.88992 2.35792 0.52381 -1.07611 -0.28457
2.24718 1.06194 0.08831 -0.92629 0.06291
1.81977 2.07537 0.49123 -1.06632 -0.00205
2.70674 0.62193 1.30662 -0.25081 -0.80384
2.49804 2.72043 -1.00649 -0.29504 -0.59775
2.44918 3.12473 -0.01655 -0.84031 -1.52971
1.81224 2.99695 0.29805 -1.86968 -3.0727
2.86012 2.53035 -0.90043 -2.70096 -3.23196
2.08759 2.07973 0.04283 -2.84477 -2.45813
1.24044 -0.32303 -0.31167 -3.43868 -2.91538
1.50218 1.2274 -0.26477 -2.80414 -1.96863
-0.15399 3.34823 -0.60668 -3.44104 -1.37715
-1.81537 4.54698 0.87898 -2.57344 -4.12675
-3.7102 2.25843 0.06099 -3.35839 -3.92512
-5.83506 0.83802 0.43659 -4.44352 -4.12302
-6.23542 1.06113 -2.1294 -2.79365 -3.63027
-7.04918 -0.17214 -1.30997 -1.88755 -2.95775
-6.02352 0.55272 -1.72096 -0.75719 -1.70235
-7.53831 1.72334 -1.19762 -2.17207 -3.37326
-7.96947 1.08693 -0.53129 -4.02208 -2.70375
-7.86661 -1.14301 -0.33942 -4.95917 -4.3928
-8.07199 -1.88645 -1.15428 -4.8489 -5.32573
-7.31728 -1.10229 -0.97079 -4.63409 -3.99287
-7.89635 -1.59544 -2.93603 -3.5128 -4.46075
-9.86252 -0.69025 -1.87175 -3.98144 -5.41767
-11.61532 -0.64815 -1.78344 -3.30283 -5.93976
-12.92047 0.98905 -0.82469 -4.44054 -7.17612
-13.24843 0.69701 -2.19737 -5.12958 -7.54236
-14.45475 0.15633 -1.48868 -4.6842 -7.52973
-14.2898 1.3193 -2.24514 -4.29142 -4.42708
-14.16918 -0.23845 -2.2495 -3.7353 -5.01038
-14.55651 -0.58201 -0.89794 -2.16416 -6.07848
-16.74101 0.24014 -2.24801 -0.84643 -7.22276
-18.01889 0.76508 -2.21937 -1.10113 -6.68336
-17.11923 0.11772 -2.91475 -0.14911 -6.84585
-17.79941 1.05903 -2.22839 -0.52048 -6.44394
-18.87988 0.49816 -1.9588 -0.93629 -5.83701
-18.61252 -1.00062 -2.09817 -2.32636 -5.3532
-19.07701 -0.42561 -1.60634 -4.29336 -7.45226
-17.80778 1.40767 -0.68328 -2.91361 -5.8891
-16.83868 0.76057 -1.6543 -1.99338 -3.8403
-16.21744 0.74711 -0.74219 -1.44944 -2.52159
-16.07418 0.04013 2.32604 -1.55614 -2.32322
-17.34135 0.56442 0.31044 -1.89308 -4.13107
-17.34929 0.32909 -1.49962 -3.36301 -2.54719
-17.67223 0.28539 -0.84153 -3.63764 -2.55208
-17.19993 1.38217 -1.00366 -4.47141 -0.98403
-15.64843 1.77647 -0.92853 -3.01293 0.65638
-15.14808 2.13006 0.38584 -2.85506 0.13499
-14.41555 1.49405 -0.41713 -2.69448 -0.32513
-12.77968 0.13389 0.21099 -2.39655 -1.13077
-13.26882 0.73225 -1.11093 -2.14227 -3.0763
-12.25653 0.48112 0.02441 -3.3347 -2.75317
-10.4915 0.0971 0.18976 -2.62142 -2.99758
-9.95123 -0.33841 -0.72696 -3.63693 -2.7282
-9.73794 -1.66437 -1.26173 -4.26568 -3.23673
-9.72512 -0.73854 -0.78803 -3.55472 -4.29385
-9.71938 -2.03472 -0.71981 -3.80298 -5.12276
-9.81545 -1.27953 -2.1488 -3.24195 -4.56369
-10.24604 -1.24796 -0.22823 -4.87571 -3.75727
-11.03428 -0.71245 -1.1215 -4.66038 -3.32125
-11.32252 -1.49829 -2.17131 -6.01894 -3.39909
-11.26623 -0.95954 0.10455 -4.97566 -2.84648
-12.59041 -1.10722 -1.12354 -5.94749 -3.69058
-14.37604 0.7056 0.04987 -6.17179 -5.05427
-14.44007 -0.59875 -1.20556 -6.07936 -6.80025
-14.21623 0.63934 -1.4117 -5.10156 -7.82287
-15.05983 0.10264 -0.21348 -4.27501 -6.16963
-15.90702 0.16938 -1.5111 -4.24856 -6.35719
-18.34915 -0.90681 0.2501 -2.7463 -6.6971
-19.46782 -0.56528 -3.16057 -3.08527 -5.21166
-20.58651 -0.83299 -2.00288 -2.00927 -4.92903
-20.42292 -0.21386 -0.64951 -2.29802 -4.70294
-20.57916 1.27076 -1.23288 -2.60424 -4.71517
-22.104 0.85342 -2.82152 -3.01222 -5.58452
-21.55752 1.24902 -0.35018 -1.67848 -8.52688
-21.44304 0.8242 -3.05752 -1.65074 -8.44487
-19.85903 0.53747 -2.3032 -1.51182 -10.17178
-20.43917 2.18913 -0.42903 -2.2464 -8.77915
-21.41122 1.64716 -2.85339 -1.91575 -7.33318
-24.19843 -1.1675 -1.51503 -2.88284 -5.10121
-23.29497 -1.05506 -1.53134 -3.3487 -4.56707
-24.1004 -1.08545 -1.28045 -2.6619 -5.06441
-25.52166 0.21574 -1.3082 -3.93459 -3.61113
-26.75178 0.60313 -0.22918 -3.8126 -3.87022
-27.6853 -1.14729 -1.4243 -4.88842 -3.43508
-28.17715 -0.99553 -0.53265 -5.28351 -2.17476
-26.89202 0.50174 -1.95944 -4.43583 -3.94054
-26.46398 -0.02821 -2.01238 -3.94752 -4.38538
-25.99733 0.6067 -1.05432 -3.58785 -4.40347
-25.81554 -1.08188 -0.93883 -2.99955 -6.58332
-26.74864 -1.01898 -2.80748 -1.69917 -8.61898
-28.99324 -0.971 -1.43224 -3.26115 -9.43312
-27.72555 -1.10156 -2.34208 -3.47331 -5.79785
