14.93485 3.47858 1.42511 6.97084 0.65422
14.08035 3.25207 1.40022 6.7974 -1.50372
15.67745 5.19812 -0.14043 6.73901 -0.18186
16.31383 5.51545 -1.11645 6.7058 0.11361
15.91299 4.87219 1.33386 6.87938 0.17975
15.71826 4.9522 2.41888 8.27581 -0.06038
18.29757 5.23169 1.74693 8.08066 -3.06589
17.53555 5.54786 1.5371 7.20311 -1.89949
16.80442 5.60329 0.11815 7.42917 -1.09914
15.63093 3.9149 -0.12532 8.26031 -0.46128
16.40257 2.20348 -0.90559 8.64504 -1.64696
13.98411 1.33779 1.46164 8.69936 -0.20965
14.71579 3.71378 -0.37388 7.03211 0.08061
15.13031 1.60352 -1.33231 8.77273 -0.15663
15.49713 2.54085 -0.60649 8.20044 -0.00303
17.43518 2.15196 -1.13064 6.52281 0.35406
19.63625 3.78026 0.06757 5.75245 1.25999
20.92533 3.67354 0.11145 4.51829 0.28325
21.83537 3.79198 0.14957 4.09537 -0.84424
20.77245 2.90813 -0.29215 5.7687 -0.59467
20.91746 2.48057 -1.43595 4.95535 -0.85915
19.4276 1.81107 -1.11198 3.79614 -0.50056
18.70999 2.27617 -1.38925 4.12877 -0.27337
18.68929 4.04936 -0.35612 5.4276 0.20073
18.36805 2.6787 -0.70788 5.67623 0.12876
16.12831 0.82985 0.58697 7.10713 -0.35478
14.26089 1.95895 0.88721 7.93258 -0.93157
14.0622 3.11114 0.58459 8.11843 -0.95585
13.96778 5.35123 -0.69447 6.17575 1.6942
15.97233 6.14594 -1.63619 7.48784 -0.09708
16.74124 4.0675 0.90158 7.83505 2.18735
16.52158 3.15982 1.36939 8.41182 0.14361
16.84252 3.14017 1.01434 6.22711 2.49551
16.89451 4.97955 1.74954 4.28359 -0.54158
16.56549 5.7688 -0.97329 4.18943 1.55605
18.60412 5.11695 -0.09998 6.58028 2.15365
17.75236 3.11236 0.89694 4.96602 -0.42725
16.34478 5.00001 -1.70335 5.82215 -0.18346
15.98512 5.57111 0.90869 5.69936 1.19949
15.48465 3.57774 -0.61533 7.24866 -0.50105
16.49957 4.42518 -0.82986 8.16082 0.90777
15.88182 4.64668 -1.12978 8.16291 0.18253
14.26249 4.29941 -1.8574 7.56278 -0.57997
15.06765 4.3441 -1.18836 4.90484 -2.037
16.66531 3.44768 -0.32748 5.60309 1.48554
16.16026 3.27617 1.29116 5.44459 1.07579
15.88947 3.07642 -0.04501 5.16947 -1.12484
15.24523 1.16197 0.53554 5.3361 -0.91909
14.47674 1.48441 0.43359 5.44139 0.98932
15.32654 3.03247 0.96791 4.25575 0.01831
13.3486 2.56305 1.26074 2.52963 -0.5494
15.30509 4.3516 0.59823 3.69908 -0.56414
16.4237 2.33176 0.38427 4.66493 0.70031
15.55847 4.09936 0.46615 5.89194 -0.37969
15.11948 3.11607 0.10103 5.27017 -0.15238
14.4497 4.49002 2.72513 4.94834 -1.16696
14.27598 4.42275 2.15204 4.75058 -0.28586
14.16665 3.74836 1.81844 3.20195 -0.74768
12.77958 1.12796 0.4501 3.32801 -0.27166
13.17305 0.28259 -0.06006 2.23991 0.47905
13.24795 -0.51298 0.42239 2.29795 -0.70482
12.3956 -0.40248 1.57065 1.04512 -0.44973
11.53724 -0.02364 1.82387 1.041 -0.18934
11.40919 -1.47774 2.04308 2.63393 -0.34696
12.18438 -0.44583 0.06373 1.27413 -0.31311
10.69469 1.16359 -1.10802 1.53621 0.71488
10.0893 1.54848 0.06853 0.87236 -1.76358
8.49446 2.67739 0.32757 1.91645 -1.01229
6.31876 0.85445 -0.52965 1.94342 0.87267
7.28861 0.39428 0.20969 0.91795 0.25317
8.45841 -1.37571 -1.764 0.3669 0.20161
8.16284 0.32673 -1.08837 0.28934 -0.62197
6.56515 -0.98817 -0.65638 1.02545 -0.66811
5.09789 -0.11361 -0.58932 0.14208 -0.38704
4.24017 0.48647 -2.47378 0.61422 1.22886
4.81658 0.34377 -0.70947 3.28016 0.91251
4.3143 1.49496 0.34119 1.69501 0.60898
3.63349 2.95672 -0.39256 2.03299 0.6474
1.43975 0.65878 -1.93031 1.70614 0.67627
3.59065 1.27179 -2.10744 1.56952 0.28777
3.92834 1.58696 -1.80398 0.54649 0.77093
3.83258 0.45169 0.27654 -1.10411 -0.41821
1.0846 1.23692 1.77227 1.00184 0.98615
2.37745 0.53898 2.65325 -0.25439 1.46231
2.48286 0.54401 1.57234 0.72615 1.10281
-0.5443 1.41989 2.12298 1.05695 0.64081
0.53145 -0.45679 0.82031 3.10333 0.81408
-0.06255 -0.34407 -0.67617 2.01145 1.77275
-0.16888 1.05791 0.07452 1.71182 2.60777
2.56842 0.57198 -1.33276 1.13135 0.13682
0.74641 1.05941 -1.61445 0.35063 0.33093
0.99536 1.50322 -1.94522 2.48027 -0.42116
-0.51266 1.85826 0.06224 0.04926 0.81792
2.06322 1.74879 -1.67951 1.46096 -0.75521
1.78972 -0.37035 -0.24443 2.45651 0.5171
2.49203 -1.23472 0.77315 1.8206 -0.46619
3.61815 1.03933 1.14519 2.90534 0.911
2.02945 1.47845 -0.53133 2.12097 -1.14638
1.43587 4.10508 -0.06568 2.46989 1.20686
1.52931 4.82577 -0.26508 3.71778 -0.62229
2.39927 3.70539 0.283 3.79151 -0.17047
1.55441 3.14291 -1.61578 4.65619 -1.36637
1.55957 1.73556 -1.06403 4.56166 -0.70183
2.36468 0.4219 -1.78507 3.41767 -0.03565
3.62383 1.76709 -0.75532 3.63676 -1.99647
4.32708 1.86099 -0.64774 2.0082 0.08591
4.94737 1.70974 0.57832 2.29239 0.39948
4.21276 0.95132 0.61084 1.8035 1.56375
4.08356 1.39492 0.5886 1.87332 2.05911
4.75041 1.43141 0.80738 3.21417 2.1808
4.6115 1.43535 0.61455 3.58428 0.48988
5.90653 1.46522 -0.01615 4.37198 -0.59686
6.18313 1.71464 0.03171 1.91159 1.77179
6.54691 2.60962 -0.98574 1.98834 0.1764
7.04957 2.72351 0.09351 2.5072 1.4614
6.99497 2.44181 -1.03875 1.57664 1.27335
5.77453 2.20126 -0.01026 0.90006 0.82838
4.56802 1.91525 0.57031 0.5798 -0.18943
2.91799 0.97639 -0.15358 1.18927 0.27117
2.67634 0.9939 -0.84537 1.45842 -1.07132
2.12132 1.47017 -0.67689 1.8082 -0.70118
1.0918 0.47164 0.32451 3.54389 -0.19992
0.29082 1.71976 1.26513 1.25374 1.17991
2.29674 1.73936 2.39444 1.89815 0.25244
3.43222 3.19355 0.79247 2.08114 -0.3066
3.15404 4.6918 0.4857 1.53092 0.77536
4.02429 3.02553 0.5482 1.99204 1.19561
5.87952 3.42326 0.95971 2.49497 0.98989
8.22253 4.20716 -1.14019 4.05454 0.03065
8.6542 3.94951 -1.95332 5.19784 1.39693
8.91056 2.91891 -0.54013 5.15878 -0.76747
8.35957 3.85381 -0.1594 5.38303 -0.32167
7.55753 3.70651 0.51935 5.84984 -0.02146
9.02373 3.64223 2.71405 5.41172 -1.39544
8.57136 3.84501 0.46476 4.92326 1.34638
9.34579 5.01279 -0.45544 5.75498 -0.03221
10.17717 5.00778 0.55916 5.37495 1.61017
9.93486 5.78036 -1.42797 5.24544 -1.62695
11.83223 7.02188 -1.95361 6.60736 -0.1049
11.16919 8.49407 0.06035 6.71576 1.56871
11.11143 6.63486 0.55028 8.22054 -0.48288
11.22592 6.37818 0.89383 6.96461 -0.48078
11.47878 7.9771 1.81191 7.02574 -1.48301
11.60781 7.18017 -0.92734 8.76942 -0.58285
11.62438 6.89537 -0.89847 8.98855 -0.68558
11.26366 5.81843 -0.98705 9.69977 0.60595
12.60166 6.81938 -0.95254 9.07176 -0.67592
11.70139 6.37949 1.61373 9.24615 1.9105
12.72435 8.98533 0.22142 9.75351 1.86857
14.62548 6.59097 0.58336 9.2174 1.85904
