-0.46653 -2.23445 0.67538 -0.33299 1.91638
0.57416 -2.38339 -0.36722 -0.18588 1.0893
1.7137 -2.08896 -0.49573 -1.99659 1.68743
-0.26498 -0.95649 0.24599 0.89635 1.64581
1.35343 -1.17501 1.72397 -0.31973 0.74448
0.01863 0.00924 2.28846 -1.29782 0.24991
0.5771 -0.24498 2.38173 0.0109 -1.11337
0.11241 -0.56678 1.21884 -1.17414 -0.92806
-0.0378 -1.26067 -0.79745 1.2937 1.70787
-1.14687 -1.5492 -0.46802 -0.18356 -1.09828
0.81686 -2.3787 -1.65817 -0.5538 -0.58555
0.59608 -0.30666 -0.84883 -0.97355 -2.34724
-0.81794 -2.09857 -0.02646 -0.77608 -0.62209
-0.33062 -1.129 -2.55352 -0.87806 -1.15927
-0.26192 -2.03749 -1.11206 1.0351 -1.6819
-0.66613 -3.08385 0.43912 -0.59809 -1.33907
-1.42643 -3.8781 0.09741 -1.33242 -0.06128
-0.7766 -3.47129 -0.67933 -0.13271 -1.41649
-1.41155 -2.75996 0.27107 -1.19056 0.10181
-2.25624 -1.75513 -0.32631 -1.4954 1.27072
-1.00495 -3.76766 1.25715 -2.07753 1.07975
-1.96431 -3.36962 -0.97072 -0.06981 -0.00293
-0.14787 -2.75654 -1.59421 -1.13981 0.36297
-0.31486 -3.02782 -2.42711 -1.15817 0.77181
-1.48927 -2.03532 -3.59294 -1.8063 1.48657
-0.93205 -3.18297 -3.66846 -0.5525 0.12639
-0.99145 -3.64981 -4.11624 -0.93133 -0.19042
-0.06067 -3.75109 -3.8978 -0.03287 -1.14305
-0.52341 -3.11422 -3.80998 0.01452 -1.20793
0.84741 -2.28645 -5.20823 -0.63504 -1.56773
-0.71738 -2.90062 -5.99485 0.31219 -2.3755
-0.06867 -5.038 -5.75228 -0.65378 -1.2564
0.73795 -5.32177 -5.42603 1.80259 -2.56029
0.31051 -5.39719 -3.94084 1.95487 -2.2654
1.58472 -6.62732 -3.53704 -1.276 -2.60469
1.73998 -7.71699 -1.55029 1.9867 -1.32767
1.93054 -8.38715 0.35889 -0.35364 -1.17509
-0.12748 -7.65125 -0.66267 -0.20255 -2.3691
-0.05621 -6.90553 0.55249 0.22167 -1.57542
-1.12974 -6.26876 0.42211 0.47058 -1.77689
0.88736 -5.48684 0.3696 0.6104 -0.25045
-0.64582 -3.43521 1.20286 0.35252 0.07205
0.21794 -4.25026 0.65449 2.09943 0.42012
0.35557 -3.28083 -0.31163 -0.74851 0.97408
-1.44382 -2.13924 1.42619 0.11763 -2.23167
-0.94031 -2.59338 2.70659 -0.15855 1.58223
-0.69037 -2.82059 2.82954 -2.44036 0.67789
0.95615 -2.01315 1.75439 -0.61975 0.83356
-0.45414 -1.9114 0.05735 -1.34387 -0.02667
0.04169 -1.47279 -0.84781 0.96402 0.60819
-0.25315 -4.11868 -0.20239 -0.83715 1.48983
0.84666 -4.22862 -0.62694 0.40221 -1.01541
0.0258 -5.56541 -1.07284 -1.08436 0.13479
-1.00279 -6.76793 -0.72298 1.4939 -0.40631
-1.15645 -6.69413 0.40188 -1.45236 0.77616
0.15612 -4.87617 -1.63721 -0.09091 0.18061
0.15804 -3.37082 -1.73134 0.37952 0.5572
1.6405 -2.71542 -1.81748 -0.51148 1.27347
0.23047 -2.49977 -1.73004 -0.36145 0.51264
-0.34787 -3.53974 -1.16595 -0.00261 -0.88017
0.93572 -2.84181 0.19279 0.60244 0.11737
0.85084 -1.37556 1.38492 0.99946 -0.97665
-0.61797 -1.90492 0.97542 0.84079 -2.50577
0.50614 -1.26871 0.23578 1.11503 -1.85057
0.59053 -0.66886 0.79314 -0.22509 -1.51563
0.37423 0.50472 2.1964 0.68141 -0.08379
0.64241 2.14649 -0.98873 0.47832 -1.30378
0.72217 2.90582 -0.16304 1.40372 0.1925
0.31528 1.69855 1.47854 0.14912 0.3873
-0.23542 -0.18508 -0.09018 -0.44944 0.60481
-0.15502 1.17311 -0.21134 -1.23182 1.4101
-1.0502 1.27858 -0.28885 -0.62166 2.05791
0.91231 0.72363 0.34603 -0.02893 -0.09012
0.70305 0.56626 -0.59652 1.19174 0.28298
0.95451 -1.31514 -0.21101 -1.65022 -0.90261
1.6746 -1.27632 -0.68976 0.02156 -0.29793
0.32227 -0.9422 -1.16573 0.4758 -0.46173
-0.18147 -0.43304 -1.37474 0.22272 -1.48301
-0.26393 -0.78161 -0.1167 1.20004 -0.76774
1.31626 -0.99892 1.80698 1.20268 0.05445
0.96306 -1.18157 0.88893 0.75242 -1.51001
0.02728 -0.18937 2.29108 1.26803 -1.15949
-0.60158 0.15504 2.96041 -0.21715 -0.61069
-0.11004 1.72928 1.7005 -1.72246 -0.14168
1.30131 2.18506 1.98038 0.31077 0.53775
-0.064 1.46996 3.10273 0.79481 1.14157
-1.30832 3.80095 4.60224 -1.42056 -0.32116
-0.64917 2.98475 5.51636 -1.59892 0.47576
-0.28528 4.09029 3.18527 -0.03683 1.632
0.87471 4.85488 2.11468 0.78557 4.23416
2.53185 7.23878 0.83669 0.23475 3.29615
1.92659 7.23459 1.63588 -1.97959 0.48203
1.66327 5.98818 2.67263 0.15438 0.83878
1.47139 6.75546 1.52148 2.13476 1.41416
0.3168 8.18428 4.28499 0.45529 0.68917
-0.35094 6.89698 2.35107 0.06534 0.64071
-0.18758 7.5068 2.98508 0.42677 0.68546
0.8406 6.80262 1.02013 0.86595 0.85546
-0.13502 6.0121 2.06027 -1.20757 1.95642
0.5893 5.29834 3.14453 -0.0883 0.43498
0.80094 4.67723 3.39371 -0.67136 -0.36286
0.54984 5.51666 1.55605 1.27069 -0.65527
-0.40068 5.12607 2.29201 -1.04273 -0.06741
0.24315 4.32151 2.31453 -0.0458 1.0293
0.43784 3.02004 1.21703 -0.11319 1.8512
0.26867 3.00997 1.04606 -1.58966 -0.54667
1.0724 4.37026 -0.99558 0.03662 -0.02723
0.64561 3.798 -3.48464 -0.64274 0.58331
-0.71881 4.14441 -1.70416 0.79431 0.24185
1.12267 2.45796 -0.17335 -0.96746 1.0884
0.15246 1.3901 0.36785 -0.39547 -0.02612
0.29574 2.09874 -0.17075 1.57678 0.26071
-0.23857 2.10104 1.07808 0.28813 -0.32183
-0.15837 2.30953 0.66742 -0.54357 -0.95121
1.91462 1.84058 0.29818 -0.668 -0.3493
-0.79949 3.45373 -0.35299 0.53963 0.3369
-2.31882 3.53684 1.26379 0.48067 2.63982
-1.04812 4.05173 1.53745 0.80682 -0.25554
-1.04482 0.99875 1.38331 1.30294 1.31765
0.01705 1.68696 0.18577 1.65525 3.04486
-1.45352 0.4766 -1.89416 0.10668 -0.15293
0.00723 1.44054 -1.6819 -0.43785 1.24065
-0.31583 1.40904 -0.68055 -0.84375 0.70529
1.58035 0.88821 -0.78878 1.00225 0.72366
-0.38701 2.03122 -0.55575 1.0492 0.18704
2.59559 0.3464 -1.80976 -0.46204 -0.66395
0.76205 -0.67462 -1.3954 -0.03226 0.25342
0.69539 -3.47824 -0.41185 0.0481 0.52835
-1.08858 -3.69634 -1.51262 0.19419 0.78321
1.7998 -4.75556 -0.12609 1.50083 -2.00139
0.22187 -2.94936 0.71834 0.27768 -0.92152
0.15149 -3.16275 0.9 -0.77674 0.18552
-2.12381 -1.16202 -0.77649 -1.74735 -1.6193
-1.21928 -1.22597 -1.37398 -1.56996 0.2645
0.20382 -0.62504 -1.589 -0.17025 -0.33256
0.36709 0.87233 -2.69261 -0.85061 -0.75775
1.02061 0.78439 -3.23791 -0.63995 -0.20874
-0.16228 -0.54512 -2.4553 -0.62405 -1.08709
0.00484 -0.14486 -3.41751 0.30492 -1.37599
0.38055 -1.10691 -3.74038 0.83402 -2.57057
-0.93662 -1.81272 -3.31754 1.35754 -2.10799
0.71901 -2.22574 -1.21364 -1.57169 -1.1694
-2.62465 -3.32423 -2.13929 0.64166 -1.59348
-1.15835 -2.07289 -2.00297 -0.31094 -1.868
1.26277 -3.80584 -1.96211 -1.77375 -0.31031
0.57912 -4.46794 -1.21534 0.34761 -0.46532
0.59548 -4.36195 -3.97742 -0.33219 0.19014
-0.3016 -5.68863 -3.25082 -1.57786 -0.94488
0.87961 -5.95849 -2.73567 -1.43045 -0.92087
1.26194 -6.51557 -1.20295 2.07962 -0.41083
