-2.82789 -0.82138 -4.46947 -4.35084 -6.28778
-3.86605 0.57701 -6.98621 -2.41647 -5.76638
-4.12472 -0.38233 -6.25988 -1.46284 -4.88335
-4.94038 0.97746 -6.92461 -0.20019 -4.87173
-4.99266 2.60715 -8.09555 0.76125 -4.54241
-5.6035 1.76105 -7.17454 0.71361 -6.51358
-3.73191 1.99581 -6.41141 0.03201 -7.43752
-3.77691 1.16337 -7.06562 -0.6333 -6.21101
-2.28431 0.29641 -5.837 -1.56266 -7.19762
-4.5849 0.90329 -5.75246 -1.80435 -8.26796
-3.14724 1.67458 -5.83637 -0.09126 -7.46068
-1.01726 0.84077 -5.94245 0.4393 -6.03658
-1.97425 -0.1442 -6.88274 -1.22555 -5.49996
-2.78763 -2.12982 -4.67842 -1.46355 -7.20845
-2.19759 -1.08325 -7.14118 -0.50234 -7.27423
-2.51289 -1.50419 -7.70648 -0.73424 -6.04952
-4.11118 -0.09039 -7.38142 -1.13888 -4.73079
-3.10788 -1.4253 -4.57968 -1.54557 -4.22712
-3.94597 -2.18788 -4.92641 -0.58297 -3.76556
-5.11071 -0.72351 -6.12607 -0.2991 -3.80201
-4.1099 -0.71629 -5.96507 0.73176 -3.72992
-4.26928 -0.66002 -6.23408 -0.44782 -3.5113
-2.74137 -0.61681 -6.08929 -1.17072 -5.34898
-2.61504 -1.9219 -4.46817 -0.28919 -4.65387
-2.56807 -1.65791 -6.15469 0.29132 -4.74569
-1.63763 -1.07309 -5.54227 -1.09045 -4.66481
-4.3323 -0.17749 -5.40965 -0.28903 -5.62197
-4.73387 1.65447 -5.60805 -0.54375 -5.77826
-4.37294 0.37007 -4.85007 -0.06649 -6.4006
-3.14219 1.4265 -3.33086 0.44097 -7.07661
-3.09561 -0.28243 -3.13179 0.0399 -8.37826
-3.61186 -1.50251 -3.127 1.23703 -8.33021
-2.47979 -0.42536 -4.41907 0.47192 -6.99623
-4.32331 -2.31774 -4.81902 0.8063 -5.27965
-1.12413 -0.72013 -4.09365 0.42844 -4.19271
-1.33248 -0.76996 -4.48017 -0.46046 -4.39186
0.03201 -1.50188 -3.43113 -1.87231 -3.80542
-1.36513 -0.53264 -3.13495 -0.9153 -3.77919
-2.44011 -0.16277 -3.70923 -0.87665 -4.3667
-2.56784 -0.80777 -2.94129 -0.72045 -1.99402
-4.29146 -0.93408 -3.1588 -0.78297 -2.46969
-3.56485 -0.4501 -2.09946 -1.788 -2.51283
-4.7115 0.07685 -4.29952 -0.41361 -2.67645
-4.02461 -0.95563 -3.96176 -0.48932 -3.77493
-4.03027 -0.11941 -4.29606 0.94303 -4.2073
-3.76269 0.79583 -5.15198 0.93976 -5.66408
-2.47654 0.94803 -4.23849 -0.96062 -4.60021
-0.9674 1.77798 -4.5595 1.306 -5.31748
-2.48638 0.43177 -4.6154 1.58522 -4.72954
-3.11637 -2.58566 -2.63233 1.38341 -4.15213
-2.0059 -1.37733 -2.04835 0.99337 -5.27462
-1.21067 -0.77748 -2.90034 0.47427 -4.55154
-2.03534 0.30921 -3.68226 -0.38474 -4.84173
-1.13775 -0.0565 -2.67609 -1.27878 -6.69538
-1.46831 -2.46121 -2.98875 0.426 -6.80906
-1.77604 -2.67247 -3.50899 1.03101 -7.62236
-2.34225 -2.33151 -3.76106 0.75496 -6.17733
-2.17318 -2.25818 -3.36968 4.08624 -7.26507
-0.61446 -2.03212 -3.57759 3.64769 -6.12772
-2.71561 -0.94317 -2.08544 4.41294 -5.4739
-0.67075 0.72486 -1.43728 4.50427 -5.03506
-0.75276 1.00799 -0.55642 4.49337 -3.57662
2.75037 1.44302 0.39251 2.68817 -4.24522
1.81156 0.57924 1.37435 3.46632 -4.44779
0.64806 -0.19573 3.47295 3.62634 -3.42079
2.98579 1.12387 2.81404 3.43478 -3.2443
2.63132 0.80038 2.39208 2.3554 -0.25494
2.19141 0.23091 3.60163 0.52957 1.22671
2.84458 -2.1433 1.84495 1.28345 1.54982
3.08206 0.86576 3.18215 2.14916 3.13564
1.99364 1.95837 2.71293 1.31637 3.94039
2.09293 -0.49149 3.40301 1.5152 3.84819
2.54795 -0.31133 2.93114 0.11593 4.21622
1.6562 -0.99633 2.21211 0.75867 5.00604
2.76569 -0.87056 4.57523 1.40938 4.86314
2.9335 -2.08595 3.15814 -0.10555 3.10152
2.63553 -2.78814 2.87318 0.34479 3.88847
1.68396 0.04954 3.9988 2.1029 3.32673
1.88548 1.13075 4.99058 1.46182 2.31423
0.99357 0.12437 3.63268 -0.53904 0.6693
1.46534 1.03137 3.45846 -0.54591 0.50089
1.48536 0.14741 3.07371 -1.95773 0.4505
-0.17496 -0.43537 3.85609 -3.30691 -0.15699
-0.54811 0.53053 3.21331 -2.9294 0.74105
1.56146 0.10798 1.53105 -2.98037 0.031
1.38401 1.71824 1.04695 -2.87376 1.2625
0.29116 2.4207 1.19316 -4.66141 1.89093
-1.09046 1.35439 1.45113 -3.45681 3.28309
-1.98118 2.43501 -0.30787 -2.6597 2.77328
-2.28353 -0.68076 -1.98227 -4.25463 2.8559
-2.83627 0.70265 -4.30243 -5.11069 3.73078
-3.23705 -0.39844 -5.7762 -3.80344 3.09562
-4.26642 -0.78584 -5.69872 -3.05483 2.50847
-4.48357 0.63319 -5.81084 -3.25573 1.87048
-3.8418 -2.51225 -7.69883 -1.13926 0.93632
-2.91002 -0.61544 -7.53431 -0.56664 -1.74762
-2.90331 -2.21702 -6.09584 0.15748 -1.90694
-3.47317 -1.9589 -8.28351 -0.06453 -1.79974
-2.082 0.15834 -10.17549 1.26635 -0.85002
-1.85609 0.72986 -7.78869 -0.22373 0.49608
-3.4003 0.97246 -6.55486 -0.00353 0.22579
-3.13377 0.78366 -3.78451 -0.14562 -0.3338
-3.35657 1.02805 -3.34032 -1.7631 -1.64869
-2.51439 0.77105 -3.71684 -1.59809 -1.96221
-0.86943 -0.36245 -5.46623 -1.7062 0.34864
-2.08953 -1.41081 -7.15363 -2.32315 1.61325
-4.16076 -1.32351 -6.17997 -1.75158 1.87383
-3.73156 -1.50625 -5.90729 -0.00633 2.23207
-5.05042 -2.01744 -6.20706 0.42277 1.15098
-4.34774 0.95267 -3.36171 0.51612 1.88773
-2.89929 -1.76179 -3.50042 0.89482 2.08856
-2.6458 -1.22239 -4.05047 0.08074 2.08954
-1.38051 -0.80131 -3.98327 0.58812 -1.23058
-2.66882 0.64855 -3.32031 0.41102 -2.14034
-2.49808 -0.69305 -2.9613 -1.39226 -1.04049
0.12287 -0.59592 -2.1457 -2.35917 -1.50123
-0.84537 -0.44593 -3.0973 -3.2784 -2.17385
-3.37197 -0.79875 -2.46581 -1.04644 -5.03137
-1.7975 -0.4265 -2.19971 -1.52827 -5.50725
-2.11385 -1.55025 -4.52877 -2.23307 -6.41621
-2.83728 -1.45351 -5.38993 -1.5477 -6.67394
-1.79406 -1.44374 -6.89765 -1.18956 -6.54219
-2.44628 -0.65655 -6.95686 -2.18966 -7.19404
-4.06998 -1.85195 -5.31106 -1.86682 -6.31332
-3.4613 -2.84594 -5.74983 -1.40412 -6.75885
-2.88349 -1.82399 -7.11853 -1.0737 -6.00061
-1.77241 -0.12884 -7.02449 -1.71472 -7.72483
-3.75769 1.26315 -5.91062 -2.52962 -7.86631
-1.68115 -0.06715 -6.04334 -2.63062 -7.41578
-3.70941 0.67832 -4.08056 -3.94947 -6.06858
-1.73253 -0.00107 -4.23473 -2.8702 -4.24118
-2.41676 -0.46127 -5.32775 -1.23988 -4.12333
-2.22065 -0.81838 -4.87452 -1.01217 -6.31537
-2.3246 -0.14954 -2.08388 -2.35344 -6.13763
-1.91422 0.17446 -2.35066 -1.81245 -4.24068
-3.10067 -1.39563 -0.51513 -1.47027 -5.31279
-1.21912 0.51748 -2.17086 -2.74516 -5.36597
-1.69245 1.52702 -4.25086 -1.99302 -6.38492
-0.59591 1.11824 -4.77617 -1.30713 -6.90042
-2.6678 0.66579 -4.74732 -0.98731 -6.03392
-1.28052 0.07347 -4.49842 -1.88882 -4.48704
-3.03645 -0.64537 -4.28893 -1.82784 -2.17069
-2.63055 0.31557 -3.42128 -2.26151 -3.13198
-3.50691 0.40332 -4.28185 -3.97437 -4.65959
-1.19069 -0.54984 -4.17129 -4.76092 -4.34667
-1.71084 -0.9749 -5.39547 -3.73912 -4.11798
-3.65806 -0.8522 -4.90042 -4.30037 -2.29783
-4.19791 -0.29161 -5.46322 -4.05042 -1.54221
-4.29212 0.57672 -7.78629 -2.73083 -2.01961
-4.38775 2.36612 -8.13365 -2.55482 -3.33588
