-0.24748 3.04856 0.16421 -2.41469 1.60114
0.76888 4.03441 -0.42517 -2.51451 1.48688
-0.99924 3.52334 -0.62817 -1.43318 0.06365
0.60138 -0.11116 -2.95956 -0.79135 0.01369
0.15884 -0.02801 -2.37023 -0.18786 -0.55768
0.1171 0.07094 -2.76585 -0.71636 -0.24259
-0.32291 0.23912 -2.8852 1.03267 0.27529
-2.20856 -0.29998 -2.43211 1.30234 -0.94416
-1.09874 -1.90946 -0.06726 1.00018 -0.16909
0.29219 -0.57374 0.73701 1.89371 -0.23296
-0.33761 -0.63935 1.15929 1.94842 0.20018
-0.2433 -0.79534 0.63917 1.68359 1.1995
-0.99627 0.52915 -0.89328 0.16977 1.58806
-2.04469 0.05202 -0.87862 0.50425 1.74298
-1.97904 1.10973 -0.54137 1.18542 -0.33002
0.88045 0.96921 1.20314 1.34234 -1.08867
-0.31234 0.9471 0.39805 0.62507 -1.21971
-0.23717 2.51539 -0.582 -0.56586 -1.42273
0.69538 1.81584 -1.10812 -0.763 -1.50404
1.30317 1.04332 -0.65206 -1.28339 -0.88076
0.59954 1.96108 0.61417 -0.74296 -0.50698
0.93703 0.44345 -1.16203 -0.56751 -0.18756
0.6491 -0.75594 0.03466 -0.9378 -0.20842
1.60109 -4.11605 0.90854 -0.40232 -0.48676
-0.04561 -2.73841 -1.35816 -0.84636 0.65885
-1.7724 -3.47349 0.2949 -1.85404 -1.14351
-0.41922 -1.88333 -1.67534 -2.24379 -0.40655
-0.14714 -0.35689 -0.02601 -1.91478 -0.24044
-0.58152 0.95783 -1.01184 -1.88119 1.35598
0.97694 0.31578 -2.53825 -0.94032 -2.12993
1.45295 -0.842 -3.62595 0.73365 -3.21616
-0.19801 -3.31933 -1.93037 0.72713 -2.26875
-0.25676 -3.12564 -0.16326 0.49599 -0.56556
-0.38691 -3.86796 -1.5418 -1.28034 1.17476
0.27434 -3.17101 -0.72202 -2.10329 0.34422
0.84284 -2.57846 -1.23713 -1.09447 -0.2347
-0.04081 -1.21046 -1.45381 0.23328 -0.42834
-0.68136 -1.7265 -0.11668 0.25098 -0.19407
1.65135 0.39081 0.08117 1.14515 0.87612
0.93488 1.0014 1.46286 0.83815 -0.22792
0.98013 0.64474 -0.10774 0.84938 0.63393
0.84791 -0.65255 -0.09777 -0.36561 -0.68031
0.56416 -0.31814 2.36709 -0.74789 0.23376
-0.06455 1.52742 4.26478 -0.33399 0.39075
0.792 -0.15888 3.52925 -0.80232 -0.35988
-0.30002 -0.08209 0.79643 -0.95839 -1.10422
0.47259 -1.10037 0.52987 -3.46079 -0.9319
-1.46198 -0.35096 -1.03678 -3.22259 0.08574
-0.97805 -1.37795 -1.3262 -3.8264 -0.8915
-0.20197 -0.21008 -0.2857 -3.75648 -1.12845
-1.30668 -1.51811 -0.10252 -3.56864 -0.26316
-0.39784 -2.75859 -0.32268 -3.09248 -1.31111
1.93823 -4.89753 -0.2319 -3.03776 -1.79191
-0.84576 -4.88374 -0.16677 -1.61363 -1.49802
-1.07764 -5.9193 -0.67023 0.73113 -2.10334
-0.94126 -6.07199 -1.14919 0.76544 -1.76174
0.4748 -6.08712 -0.56412 0.41361 -0.47729
0.39073 -5.19027 -1.8343 1.18484 -0.33991
0.7372 -4.53711 -1.02701 2.3567 0.14317
0.74268 -5.16691 -2.30856 3.5403 0.79337
1.01444 -3.96885 -2.93146 3.25626 0.65785
2.51553 -4.4712 -0.29462 2.49767 0.56093
-1.00357 -3.03284 1.24026 3.01015 0.44321
0.01548 -2.11011 1.031 3.01561 2.12526
-0.463 0.38656 2.84784 3.54669 3.07036
-1.16398 0.38799 2.39942 2.96275 2.41416
-1.90529 0.73649 2.35783 2.16918 1.11443
-0.75133 3.37045 2.52377 0.83283 2.03416
-1.03805 4.77747 4.25399 -0.90533 0.88099
-0.24889 5.85755 2.83056 1.30962 1.43389
-1.9161 3.96176 2.99008 2.01655 -0.39457
-0.99318 4.01884 2.33496 1.30488 0.08221
-0.97713 4.40413 2.81901 2.32533 -0.22326
0.0956 4.46729 1.36475 2.76388 0.36111
0.1122 2.68866 0.28546 4.14956 0.86153
0.90552 3.19946 -1.49882 2.95799 0.93857
-1.72102 3.2519 0.40231 2.73642 1.4967
-2.2678 2.31493 0.29143 3.45901 1.18588
-1.07104 2.12979 1.32529 2.47059 1.62219
0.601 2.60046 2.0484 1.45655 1.77978
0.66837 3.31515 1.96652 2.266 1.05619
0.17009 4.09354 0.33943 2.78232 0.84042
-1.05136 4.9589 3.60388 2.30883 0.70561
-0.35012 5.75685 1.11184 1.41907 0.9839
-0.23945 5.23787 0.39337 2.68266 0.29274
-1.91945 3.29037 1.15741 2.32626 2.91382
-1.29363 3.86067 2.136 2.31178 1.62878
-0.55424 4.11979 0.26154 2.64848 1.11475
-0.35688 2.18265 -0.20367 1.65899 1.27953
-0.3345 2.98621 -0.87833 1.18893 0.31735
-0.38675 3.80893 0.20143 1.28884 -0.24394
0.78834 4.3401 -1.73108 0.80305 0.13546
-1.57998 4.90238 -0.371 0.78644 -0.19867
-0.22716 5.3481 -0.84006 0.29925 1.26686
0.41901 2.18597 0.49662 0.49416 2.78762
1.11825 2.70645 0.50361 -1.13848 0.74751
1.57718 2.47743 1.06484 -1.1464 -0.08424
0.81418 4.40604 0.52441 0.49391 -1.78763
-0.87871 2.83675 1.06546 0.42199 -0.97245
-0.21418 1.74184 1.42942 0.52799 -0.29472
1.10911 2.44622 0.66785 0.44032 -0.60333
0.88769 1.73282 -0.23754 0.59056 -0.34529
0.65041 -0.25392 -0.07678 -0.8775 -0.63373
2.04405 -1.08461 -0.30371 -1.02501 -0.54233
-1.42036 -2.0728 -0.20448 -1.48463 0.59663
-1.91635 -3.82674 0.52469 -2.15118 1.52036
-0.69672 -3.32477 -0.95636 -3.07923 0.11274
-0.42203 -3.40475 -1.71237 -4.12132 -2.39145
0.76333 -1.7968 -0.11976 -1.72467 -2.94353
-0.20099 -1.40165 -0.78342 -2.29553 -2.86916
0.50205 -1.38624 -1.54203 -1.14439 -0.6362
0.40057 -2.77336 -1.0662 -1.45843 -1.13751
1.128 -1.41396 -0.49403 -1.14203 -2.12991
0.86145 -1.44985 -1.1587 -2.02727 -1.66289
1.80472 -0.36572 -0.41519 -3.53217 -1.7714
-0.13149 -0.04149 0.41323 -3.12594 -0.4677
1.53343 0.05212 -0.70176 -3.9999 -2.22687
-1.19849 -1.52833 -1.33265 -2.118 -2.77239
0.4918 -2.15976 -0.82192 -1.84483 -1.49016
-1.05871 -1.04585 -1.67345 -1.00867 -1.2688
-0.09368 -2.81747 -1.82074 0.35285 -1.46566
0.38795 -4.90779 -1.24549 1.7987 -2.42696
1.29134 -5.14102 -0.7343 2.48387 0.09657
-0.16593 -4.88129 -1.31684 1.95211 -0.08312
-0.07247 -4.93744 -0.72465 1.27575 0.11404
-0.87237 -2.79865 0.7119 0.98286 1.16507
-0.80699 -2.14709 2.59172 0.78344 1.41315
0.58914 0.87348 3.91193 -1.04046 -0.09117
0.70421 1.10131 2.39027 -2.16144 -0.78716
-0.78618 2.15432 2.81299 -1.85854 -0.93224
-0.5457 2.652 1.28595 -2.26489 -2.17296
0.91788 2.21961 -0.1845 -1.27243 -1.26817
1.44126 0.11355 -1.47432 -1.77944 -2.81344
0.89541 -1.94944 -0.97247 -2.92559 -0.91144
0.26642 -3.87597 0.58925 -2.98074 0.49451
-0.39664 -3.24148 -2.16834 -2.86425 -0.73662
-2.03279 -4.3982 -1.98157 -2.27711 -0.00378
-0.6861 -6.07597 -1.136 -2.99452 -0.83745
-0.80019 -5.65005 -0.11478 -2.76974 -1.40086
-1.09072 -5.84767 -0.72396 -3.50741 0.19787
-0.12605 -6.64569 -1.57764 -2.21913 0.76165
-0.86892 -6.11935 -2.79947 -3.35888 1.01185
-0.35325 -6.57399 -1.7611 -4.7789 1.54873
-0.9072 -5.15379 -3.14094 -3.96293 -1.36318
0.13971 -4.71572 -2.86534 -4.65292 -0.99364
-0.37298 -5.08837 -1.15869 -5.33518 -0.48966
0.79284 -5.40377 -0.06598 -5.02278 -0.22482
0.59007 -5.48147 -2.32362 -3.03536 -1.87276
2.96839 -7.91306 -2.49976 -2.66843 0.21931
1.49788 -9.57109 -4.21758 -2.06789 -1.04781
