-0.66192 1.31652 0.09533 0.36798 -0.5686
-1.30577 1.25673 -0.71225 -1.67851 -1.56935
-1.21742 -1.04961 1.14138 -1.0645 -3.40259
-0.36956 -1.15462 -0.73041 0.24274 -2.0411
-2.19674 -2.19295 -0.02205 -1.18372 -2.32321
-1.52174 -0.54703 -0.87831 -1.15796 -0.616
-1.84948 0.27122 -1.39073 -1.73618 -0.51729
-0.22387 0.24702 -1.05452 -1.93156 -0.77872
0.61153 -0.21781 -1.27893 0.1979 -1.12341
-0.51132 0.29395 -1.22727 -0.90521 -0.2069
-0.34709 1.64813 -0.51772 -1.39448 -1.39621
0.20768 0.3972 0.01576 -0.64443 -3.41394
-1.38505 -0.00707 0.00697 -1.2401 -5.46638
-0.77605 -0.23991 -0.33242 -2.51119 -4.53601
-0.89517 0.06419 0.64664 1.42865 -6.14477
-3.04806 1.13873 -0.31258 -0.42327 -3.19593
-1.95451 0.78418 1.22601 -1.45004 -2.69515
-2.32736 1.37479 0.72883 -1.93531 -3.50446
-1.09421 0.99057 -0.93156 -0.19145 -2.56215
-0.66494 0.36431 -2.46584 -0.98343 -1.4786
-1.33285 0.11507 -0.41081 -1.23849 -2.873
-0.66168 -0.29054 -1.50915 0.06679 -1.84267
1.4262 -0.34823 -0.71414 -2.44473 0.1862
-0.99174 0.00266 0.11901 -1.33091 -0.07672
-0.65175 1.52423 -1.04388 -2.82666 0.46886
1.26284 2.09689 -0.68758 -0.82582 0.15796
-0.18278 1.61377 0.57214 -0.41657 -2.20114
-0.95425 2.40433 1.21945 1.05201 -2.66709
0.00269 2.37675 0.06587 -0.18453 -1.70876
-1.56266 3.05378 0.07318 -1.7799 -3.6153
-1.82891 2.38507 1.70277 -0.84617 -3.64004
-1.44616 1.40698 -1.75502 -2.18337 -3.76646
-2.5165 1.01921 -0.36686 -0.2664 -2.8831
-2.7395 -0.59039 -0.71451 0.60101 -1.7938
0.23172 -0.64379 -0.85944 0.71102 -5.06934
-1.38795 3.20658 -0.72823 0.33554 -6.54541
-0.85393 5.18066 -1.07904 -1.2663 -4.26271
-0.27898 4.37016 -2.76553 -0.79312 -3.5702
-1.31639 3.51598 -1.47028 0.36288 -4.10627
-1.08495 2.3826 0.63883 -0.91144 -2.34654
-1.36411 1.18143 0.32395 -3.20027 -3.10214
-0.67947 1.02701 1.04544 -2.74792 -2.3216
-0.54282 1.60506 -2.48394 -1.78825 -3.3218
-2.08682 1.84285 -1.05969 -0.31295 -1.50211
0.09288 1.92668 -1.29055 -1.19559 -2.20255
-1.68316 2.62466 -1.31116 -2.11459 -4.56094
0.86222 2.71475 -0.05765 -0.42271 -4.46713
-1.72498 2.18613 -1.05806 -3.0391 -3.75165
-2.23512 1.69745 -3.23567 -2.5445 -1.77776
-1.96838 0.29222 -2.80566 -2.05965 -2.59439
-0.21037 -1.65583 -1.18485 -1.24913 -3.47788
-0.04223 -0.23985 -1.62309 -1.16214 -4.7015
1.0279 -0.91948 -1.72879 -0.35828 -4.43521
-0.9899 -0.8265 0.32658 0.22419 -4.05331
-0.26572 1.2098 1.4 -1.72341 -3.18523
-3.18006 1.93528 1.80902 -1.1898 -2.24755
-2.50892 1.88251 2.22393 -2.08846 -1.41108
-1.3835 0.27674 2.31523 -0.13401 -1.99673
-0.3562 0.48888 1.14557 -0.92393 -1.92346
-0.50651 -0.60284 0.59055 -3.16496 -0.82433
-1.2199 -0.43063 0.24458 -1.67259 -1.45343
-0.09271 1.05155 0.76161 -0.45251 -1.00824
-0.86658 2.72322 0.19535 -0.74247 -1.71312
-0.65954 3.16935 -0.47447 -1.42611 -2.75047
-0.31405 3.56313 -1.00688 -0.62076 -2.06102
-1.03614 3.61918 -1.54403 0.3444 -1.19749
-1.40941 3.01089 -0.94513 -0.96676 -1.24492
0.16279 1.92782 -2.71929 -2.25205 -1.13968
0.82304 2.3827 -1.32021 -1.10253 -3.25125
0.18868 2.72308 1.03119 0.26687 -1.74222
-1.07137 1.53672 0.85562 -0.79885 -0.66955
-1.2462 0.4329 1.595 -0.30979 -0.15564
-0.14993 -1.30053 -0.37315 -0.61488 -0.45222
-0.19193 -1.86934 -1.26648 -0.97129 -0.90542
0.55651 -3.2619 1.05714 -1.66237 -0.25196
2.11424 -5.16923 -0.18773 -0.93613 -0.43957
0.3199 -5.56365 -0.50472 0.63643 -0.18724
-1.00934 -5.37446 0.11188 0.66299 -0.38045
-0.29729 -4.98866 0.47814 -1.16675 -0.90496
0.28746 -6.38459 -0.4444 0.03539 -1.27057
0.75081 -6.09488 -2.42783 -0.69267 -0.37332
0.3543 -5.44177 -0.52749 -0.02606 -0.55855
-0.44333 -6.67418 -3.48953 0.07076 -0.08839
1.542 -5.70086 -2.19704 -1.00378 0.78786
-0.04943 -5.74543 -1.17855 -1.07264 -0.54794
1.21437 -6.26773 -0.31164 -1.2758 -1.53335
-0.7825 -5.42409 -0.01124 -0.59978 -0.95258
-0.45054 -5.99501 0.70974 -1.65612 -0.25954
-1.52813 -4.97349 0.00843 1.35284 -1.85287
0.76883 -5.36279 -1.38398 -1.2702 -1.25381
-0.32707 -5.26 -0.53961 -0.64731 0.29559
-0.61114 -4.20885 -2.14596 -0.10357 -0.85568
-0.5727 -4.02833 -1.15808 -0.01127 0.38379
0.04179 -4.06225 -0.44443 -0.62196 -0.77791
-1.4228 -4.22033 -0.65835 -1.40401 -0.24714
-0.13292 -3.21308 -0.31966 0.38913 0.17021
1.33785 -2.30687 -0.56992 0.0956 -0.61507
1.2704 -1.35724 -1.11301 -1.22703 -1.04411
-0.01189 -1.14193 -1.11759 -1.11432 -0.03872
-1.98528 -0.11251 -2.06935 0.32517 1.07887
-0.35084 -0.20551 0.55708 0.4934 1.13003
0.49142 0.42749 1.27668 1.51721 -2.1094
0.63566 -0.098 1.58221 0.43135 -2.16615
0.90144 0.37175 0.54411 -0.8206 0.14776
-0.36813 -0.61094 -0.50745 0.30905 1.1773
-1.95503 1.42691 -0.27737 1.38053 1.88051
-1.52466 1.09288 -0.66119 -2.17821 2.21899
0.83039 2.36974 -0.24806 -1.79323 3.02446
2.93369 0.81393 -2.11442 -0.61776 1.1534
1.00837 0.3771 -1.78443 0.4907 -0.06668
0.59724 0.20088 -2.05852 1.9605 2.37902
0.46108 0.25893 -2.51458 1.01028 2.39467
-0.92984 2.46001 -1.06458 -0.41709 2.13868
0.94855 2.17833 -0.87878 2.28936 0.52727
1.03788 2.34298 -0.41092 2.75041 0.11818
0.06063 2.28124 -0.39307 0.45378 1.45691
0.30515 1.30044 0.74822 0.84547 -0.19446
-0.08588 1.30091 0.76739 0.32326 1.15244
0.1202 1.52826 2.37306 0.93751 -0.55069
-0.41427 0.64944 -0.02437 0.53613 -2.37221
1.07822 0.57145 -0.87594 2.02522 -0.56686
-0.66709 0.41117 0.13147 1.3477 -1.20827
-0.4636 0.12958 -0.21861 0.25342 0.93764
-0.06061 -1.46712 -0.54184 -0.02273 1.65372
0.60726 -1.26078 0.67663 -0.56544 1.53103
-0.48778 -1.80902 1.2249 0.55604 0.83169
0.67749 -1.18736 0.4177 1.06662 2.27598
0.15283 -1.4601 0.17855 -1.80822 1.98586
1.42835 -2.66383 1.4238 0.98586 1.92536
0.79627 -2.44 -1.61559 0.07673 2.41105
0.51549 -4.13689 -1.78612 1.62281 2.57266
0.31174 -3.05612 -0.20123 2.01289 1.3938
2.11729 -4.33037 -0.16048 1.00917 3.72005
0.49578 -4.30179 2.27838 0.46281 2.62406
0.27712 -4.86241 2.51259 0.65116 2.75182
1.82257 -4.37739 0.22725 1.53838 0.91258
2.67387 -3.63884 -0.77345 1.72705 1.96541
3.44273 -3.27307 1.49268 1.31973 2.50498
1.46695 -3.06614 3.34695 1.13591 2.65364
0.72466 -3.30303 3.15346 1.84575 5.8284
0.20101 -2.99113 2.88151 -0.71764 5.15378
-0.18925 -2.70822 1.18142 -1.30324 5.80029
1.1995 -3.06234 -0.27024 -0.34663 6.13701
0.212 -4.03337 0.60499 1.09539 5.78928
2.04518 -2.74808 0.43128 0.78365 5.81706
3.82316 -1.59964 2.25848 2.37 4.66297
3.2295 -0.83154 1.45025 0.97518 4.66932
1.75812 1.15076 1.57586 1.32432 4.70031
1.18817 0.00274 0.98948 4.86231 5.02272
1.07573 -0.1594 2.45637 2.23714 5.18193
