1.17929 4.43883 -1.8493 0.27189 -0.93147
0.92464 4.14203 0.38374 -0.94068 -0.6823
2.73627 4.6618 -0.2881 -1.13994 0.22158
4.57978 4.67355 -2.79767 -0.92113 1.04456
4.13717 4.55177 -1.0366 0.70605 1.93306
4.52916 3.90125 -2.03562 0.1583 0.99539
3.4071 6.13405 -0.39062 -2.02929 0.38507
2.75273 6.34378 -1.02564 -0.07329 1.25219
3.54352 6.62997 0.18529 0.06474 0.85807
3.08891 6.70219 -1.41251 0.15343 0.66185
3.93641 6.18146 -1.3409 -0.40797 -0.33525
3.06277 6.38718 -1.16221 -0.02469 0.34923
3.70894 8.10415 0.08889 -1.25691 0.40775
2.73312 7.85283 0.71379 -2.24425 0.88863
1.81506 6.23865 0.29254 -0.10499 1.1083
3.43797 4.38665 1.05649 1.29586 0.5949
3.11835 3.93406 -0.41995 -2.53962 1.65782
3.01378 5.50139 -0.76021 -1.07 2.11436
3.35715 6.37008 -0.0156 0.02958 0.35584
4.9736 6.4769 1.03582 0.43359 0.76528
3.88956 7.03225 -1.8047 -1.01356 1.79877
2.80083 5.18854 -0.3728 -0.20587 2.38657
3.67637 5.626 2.32305 -1.00689 2.11424
2.4012 4.53827 1.0147 -1.5045 0.13065
3.26952 4.58819 1.90432 -0.05305 0.04485
4.12817 3.88412 -0.40766 -0.19348 -1.07498
3.39348 3.8072 1.11276 0.84747 -0.45222
3.08255 3.72378 0.49378 -1.19382 -0.4041
3.1014 4.41912 0.4302 -0.33441 -1.97199
2.22216 5.74295 -0.7086 0.36072 -0.08763
1.51251 4.14359 -2.23126 0.16699 1.10795
1.98358 4.92284 1.75803 -2.37354 1.25458
2.10859 2.43027 0.53084 -1.32213 0.55968
3.1345 3.67059 0.30345 -0.48716 0.89235
5.3736 2.59287 0.49694 -1.09024 3.1095
4.25559 3.91988 -1.85202 0.24898 2.29166
3.04946 6.30754 0.11069 1.09085 -0.42523
2.47219 5.76766 -1.256 -0.5725 0.64969
2.55452 4.55161 1.02925 0.37623 -0.14289
1.94616 2.95909 1.3158 -1.89741 -1.61621
1.84385 2.98294 0.76469 -1.05396 0.03064
0.43174 3.14026 -0.62867 0.76609 -0.17315
0.47532 2.13979 -1.59423 -1.05958 0.04742
1.11256 2.05692 -1.34561 -0.66915 -1.769
0.53328 2.65359 -0.64289 -0.22411 -1.29882
-0.16204 1.33575 -1.17224 1.91844 0.36805
0.82366 -0.25451 -0.18329 1.09127 0.05349
1.0577 1.14908 0.02105 1.01173 -0.42618
-0.09474 -0.3215 0.22017 -0.43211 -0.36726
1.66004 1.05021 1.51214 0.98949 -0.46195
1.62165 0.36443 0.7924 1.10977 -0.54486
0.91447 1.53933 0.06564 -0.02775 -0.04096
0.73229 0.22703 -0.51071 0.49467 0.99344
2.57511 -0.22852 1.53444 0.82328 0.77799
1.30839 -0.72378 2.04402 0.59006 0.80386
2.26672 -0.08141 -0.59203 -0.11677 0.24512
3.24266 1.16585 0.35749 -0.0951 2.14239
0.47278 3.69965 0.91624 0.10813 0.91313
-0.06326 3.14916 -0.40055 -0.02322 0.48109
-1.25462 3.06749 -0.68823 -0.59116 -0.50231
-1.15602 1.73521 0.63876 -1.65845 -1.03036
1.23338 2.28985 0.06438 1.08511 -0.68201
-0.24654 2.76945 -2.61652 0.10859 -0.3953
0.6482 2.9712 1.15834 0.2591 -0.07574
2.54834 1.03706 0.99779 1.32478 0.39746
2.56255 -0.32156 -1.01565 -0.21036 -0.30444
2.81291 0.57725 0.29324 1.48363 -1.07924
1.99786 1.70336 0.87907 0.26623 -0.46538
0.31781 1.05911 -1.30531 0.9104 -0.84397
0.69295 1.06822 -1.38273 1.21329 0.2263
1.10464 1.75018 -1.56908 -0.871 0.66374
1.08404 1.74688 0.35675 0.01247 0.60096
0.20773 2.51963 0.56796 -0.74303 0.9766
-0.60363 1.90009 0.24359 -0.05456 0.13168
0.39616 1.24127 -0.85673 1.46334 -0.27091
0.59002 1.31515 -2.74498 1.08445 1.09716
1.49633 1.6516 -0.83832 0.9012 1.531
0.93471 1.37878 -0.22238 -1.0698 -0.06197
1.01226 2.26341 0.4572 0.9712 0.35068
2.23693 1.30522 0.85153 0.11783 1.99574
1.44597 1.15767 0.75141 1.14836 -0.91806
1.95181 0.67058 0.04053 0.05888 0.0467
1.95781 -0.08341 -0.49238 0.37979 -3.22275
-0.04944 -0.07574 1.97217 -0.20251 -1.75909
-1.75709 0.28783 -1.16379 -0.94186 0.70998
-1.14038 1.14008 -1.67226 -0.59624 1.21747
-0.02544 1.4974 0.57747 -0.24303 1.6391
0.91259 0.17069 -1.23359 0.07763 3.33932
-0.12708 1.13312 -0.97416 -1.17424 2.83716
-0.46624 0.35973 1.45142 -0.55229 1.10753
0.72217 -1.45156 1.658 1.57094 1.32087
1.67338 -0.44248 -0.18637 -1.31105 1.02676
0.94504 0.55913 2.23569 -1.44449 0.77379
1.42327 0.52879 1.92625 -0.31225 2.07737
1.76241 -0.1623 1.51833 0.11594 1.43165
2.47734 -1.00623 -1.64958 0.09312 1.59926
1.18773 -0.55551 -0.20117 1.03497 1.46068
-0.51745 0.35496 -1.27225 1.62212 -0.597
-0.89513 -1.37723 -0.52376 -0.01029 -0.11419
-1.80276 -0.1044 0.75016 -2.20111 0.5459
-0.38292 -0.58564 -1.17635 -0.75169 0.78255
0.62816 0.19468 -1.94722 -2.17214 0.29488
-0.87499 -0.89924 -3.39977 -0.66426 -0.42708
0.49186 -2.83693 -1.42582 -0.86086 0.13831
0.06088 -2.06202 -0.69914 -0.67997 -0.10067
-1.1206 -1.87996 0.04362 0.14189 -0.50739
-1.04586 -2.07452 -0.23579 -0.30667 1.1422
-2.08262 -2.81237 -1.58731 -0.27701 -0.58868
-1.65887 -3.94107 -0.15673 1.37982 0.30351
-2.45499 -3.35247 -0.10299 0.85198 -0.03986
-1.21633 -3.37694 1.65519 -0.00445 1.9726
-2.72037 -1.48915 -0.36229 -0.35282 1.2342
-2.81273 -3.58726 -0.23776 -0.26308 1.29027
-0.24786 -1.90791 1.59876 -1.05165 0.13457
-1.68291 -1.3532 0.93824 -0.34581 1.02208
-2.59783 -0.5474 1.91619 -0.01637 2.20713
-2.55893 -0.67947 0.70494 1.21158 0.21644
-0.86431 -1.02092 1.94125 -0.07747 0.04011
-0.77169 -0.89439 0.95178 -0.30734 0.23875
1.18617 -0.97207 2.3789 -1.28077 0.97399
1.24455 -0.27386 0.77665 -1.66735 0.22293
0.07807 0.17597 0.15155 -0.22643 -0.19118
0.67972 -1.19358 0.73196 0.41019 -0.78553
0.64186 0.09335 0.90925 -0.2607 -0.82244
0.81533 1.15601 -0.89525 -0.41756 1.34114
-0.71095 0.83214 0.26951 -1.86408 -0.85233
0.37089 0.40907 0.76448 -0.70616 0.0134
-0.2902 0.97619 -1.11474 0.29505 -0.70795
0.85928 -0.59402 -1.12143 0.00608 -0.93634
0.85371 -0.60596 0.07787 -0.14702 -1.74629
2.21431 -1.57119 -1.387 -0.39893 -0.2355
1.7563 0.6316 -0.49358 -1.46008 -1.74535
-0.12306 0.83662 -0.92821 -1.67304 -0.70436
0.61867 0.22146 -1.23697 0.811 -0.25468
-1.87916 0.6736 -0.49823 0.2863 -0.02318
-2.91012 -1.29529 -0.53641 0.37723 1.29847
-1.64433 0.11279 0.85644 0.19155 2.35013
-0.36384 -0.05353 0.71524 -0.73134 1.7602
-0.03538 1.74309 1.9977 0.71813 -0.49597
-3.24869 0.26622 2.76461 0.40498 0.82572
-3.70479 -0.31429 1.21546 0.13126 0.59254
-2.60337 -0.7634 0.54955 -2.18847 0.49087
0.25266 -0.99094 2.4422 -0.65296 -1.7896
-0.69318 -0.42059 -0.0531 0.83751 0.40441
0.64993 -0.31622 -2.12965 -0.47701 0.20908
-0.64552 -0.46107 -0.89447 0.05653 0.18014
-1.41335 -1.41258 0.41735 1.29875 0.87068
0.98324 -2.01339 0.28339 -0.38152 2.14532
1.30061 -1.73468 1.27262 1.17025 -0.717
0.1699 -1.10985 2.18515 -0.07574 -2.11375
