-11.20528 0.81911 -1.41841 -0.84335 -1.46221
-10.7336 1.39736 -2.29806 0.56434 0.03384
-9.71964 -0.35664 -4.9101 -0.43691 -0.79624
-9.58748 0.59608 -4.61187 0.44764 -0.336
-9.9127 -0.79115 -4.55009 0.29918 -1.12454
-10.98842 -1.0461 -3.12799 0.26081 -0.40142
-9.92248 -0.90238 -3.38146 0.54743 0.52745
-10.91664 -0.98422 -4.30362 -1.54921 0.82262
-11.57876 -1.28139 -3.0515 -0.05131 0.10186
-13.94186 -1.25907 -3.56645 -0.41416 -0.7122
-15.19844 0.17556 -3.11793 -2.01967 1.01077
-14.88852 1.63902 -4.6737 1.88203 -1.94303
-13.62089 1.47869 -5.10404 -0.09037 0.63131
-14.65148 -0.33376 -4.56296 0.31525 -0.4478
-14.40939 -2.88975 -4.04556 0.15976 -1.619
-16.31617 -0.20278 -3.53923 1.19484 -0.38768
-18.1575 -0.61394 -5.12851 -0.10884 1.60758
-19.0017 -0.0706 -5.5928 0.86405 -0.09888
-20.1363 -1.37413 -3.52752 -1.08546 -0.55145
-19.52348 -0.17916 -3.68621 -1.36178 0.63121
-18.57383 -0.53524 -3.30784 -0.42409 -0.66201
-19.25564 2.24499 -1.55693 1.20416 -0.40692
-20.24647 0.06916 -3.27212 -1.05344 -0.26986
-19.43756 -0.90072 -3.79365 -1.99112 -0.72617
-19.80773 0.1073 -1.8634 0.03629 -1.41835
-20.94052 -1.43865 -1.65039 0.1291 -1.34185
-19.81479 -1.58653 -1.45349 1.53835 -0.61978
-20.14803 -0.15773 -0.96195 -0.66192 1.20723
-19.80633 0.35585 -0.60101 0.91777 -0.65474
-17.72194 -1.15619 1.42141 0.36935 0.43528
-16.38644 -1.24879 2.55389 0.4193 0.32335
-16.50885 0.67543 2.0141 -1.23218 2.16827
-15.7104 0.16573 3.1867 0.23243 0.20584
-17.04197 0.06433 2.55588 0.01439 -0.71313
-17.07618 -0.29701 2.39618 0.57702 -0.98789
-15.55198 0.33023 0.41751 0.63541 1.55946
-15.23271 -0.38354 -0.42316 1.34272 0.30655
-13.44662 0.6449 1.23163 -0.89375 0.63316
-14.59027 1.04107 1.50559 -0.79048 -1.18027
-12.55124 0.89409 2.88539 0.7081 -1.81683
-13.91909 1.70816 3.39749 0.53724 0.16302
-13.7495 -0.01187 2.09979 -2.18182 0.29617
-10.25439 2.49048 1.82215 -0.3949 -0.70733
-10.45324 0.92593 2.24621 -0.75518 1.43122
-9.56418 2.97149 0.06331 -0.36867 0.71962
-8.95639 1.37646 1.06233 0.84905 -0.84667
-7.53253 0.94859 2.48222 -0.21221 -2.31376
-7.5538 1.53619 1.65321 1.19968 1.00293
-6.1983 -0.11421 0.64128 -0.22409 -0.68401
-7.51071 0.39848 -0.05979 -0.19031 -0.79437
-6.77918 -0.13264 0.19103 2.25572 1.81536
-5.67166 -2.16861 1.46972 -0.6012 -0.2658
-5.73259 -1.21975 1.0296 0.28562 -1.16151
-5.04624 -1.72676 -0.00766 1.14952 1.61922
-6.45448 0.28619 0.45537 0.13843 0.06694
-4.82954 -0.99312 1.2978 0.67497 -0.39814
-4.09176 -1.45327 1.30257 -0.49664 0.995
-2.63595 -0.75375 1.66057 1.81673 -1.44479
-2.14584 -1.77953 1.04818 0.54908 -0.07349
-2.94638 -2.91909 0.18569 3.36552 -0.96665
-1.7949 -2.30076 0.26832 1.53048 -0.12334
-1.32019 -0.36849 -0.01127 -0.86525 -0.59718
0.70992 -0.313 0.79747 0.62459 -0.29647
-0.04503 -1.6682 -0.15101 -1.20564 0.22999
0.7141 -2.06133 -1.49816 -1.00879 0.99805
-0.31543 -1.8026 -1.00249 -1.84074 -1.73142
0.34858 -1.30595 0.67311 -0.01579 -0.83908
1.03995 0.1902 0.45253 -1.01086 -0.93888
1.38561 -0.63726 0.62826 1.50816 -0.07956
1.76619 -0.99002 -0.41865 -0.47356 0.70113
2.49526 -0.37597 0.66787 0.6472 -2.83598
1.88602 -0.23035 1.71126 -2.83104 -1.25874
2.23396 0.63581 0.47243 -0.74675 -0.71495
4.15975 0.71779 -0.05654 -0.47367 0.13839
4.37337 0.12158 0.11256 2.04163 -0.68059
5.98341 -0.50549 0.20064 0.00259 1.26904
6.6096 -2.24698 0.20545 0.95603 -1.96797
8.98498 -3.34748 0.6292 -1.28468 2.03279
9.58058 -3.45635 0.34136 -0.20569 -0.38293
6.3179 -0.70037 2.17161 1.4527 0.40084
5.18378 -1.43829 0.99013 0.38143 1.06909
5.12512 0.42153 0.10573 0.2951 -0.34739
4.71821 1.17462 -1.42955 -1.55406 -1.78809
4.22724 2.2802 -1.36506 -0.89779 -0.4724
3.11707 1.20918 -1.05782 0.1179 -1.61364
3.92686 0.81506 -0.37113 -1.11798 -0.95232
4.04506 -0.8706 -1.34792 -0.23176 -1.01808
3.53243 -0.7509 0.17874 1.14874 1.04446
0.9439 -0.44032 0.66523 1.41444 -0.67191
1.486 -1.85407 1.81169 0.52247 1.10396
1.09744 -0.927 1.76717 0.73013 0.1594
0.58504 0.50675 3.1474 -2.13546 -0.38091
1.24048 -0.5069 4.12024 0.18585 -1.11116
0.37655 -0.52499 2.49602 -2.6668 -1.04511
3.2476 -0.50126 1.04251 -2.56511 -1.71919
3.55967 0.67624 0.88118 -1.04152 -2.17587
3.44586 1.28604 -0.3771 0.64218 -0.52201
3.95316 -1.02561 -1.63772 -1.04622 1.60394
5.37464 -0.28815 -2.11954 -0.95178 1.53497
6.10845 -1.04075 -0.67371 -0.09392 0.58793
5.38887 -2.2094 -0.59706 0.12139 -0.37691
4.43415 0.0559 -1.76004 -0.17211 0.3198
5.37741 0.3506 -3.09318 0.77719 0.55885
4.80052 -0.47938 -3.59445 1.20901 -0.11452
4.7363 -0.6204 -2.37599 -1.8804 0.63636
4.12842 -0.55593 -1.02277 -0.8055 2.16471
3.08663 0.46442 -2.26948 0.94547 0.48876
0.90181 1.49413 -2.93783 1.10456 -0.00849
0.11467 1.40763 -2.53361 0.27336 0.14039
-1.00633 1.81492 -2.78337 -0.01664 0.57137
1.05376 1.16457 -3.12145 0.04663 0.04751
-1.5169 0.31412 -2.65781 0.23847 -1.39584
-2.25972 0.7078 0.30201 0.85822 0.4551
-1.22361 0.36295 0.99273 1.29373 -0.7438
-0.74708 -0.01855 -0.09189 -0.05431 1.34078
-0.21992 0.77902 -0.41269 -0.2298 -0.00499
-0.7594 -1.56253 -1.28425 -0.05514 -0.21653
0.41585 -2.28893 -1.67279 0.10277 -2.0991
0.43875 -1.76149 -2.51612 -0.79552 0.4383
2.22823 -0.59173 -2.8827 1.52843 -0.21481
2.89014 -1.47327 -2.5426 -1.72074 -0.3687
2.0964 -2.75214 -3.19366 -1.5236 -1.11071
1.02756 -2.31982 -2.93164 -0.86701 0.40908
-0.00084 -2.47648 -3.16526 -0.54127 -1.2028
-1.43974 -1.52594 -2.52254 -1.33847 1.4868
-1.78814 -1.28335 -2.82497 -1.33636 -1.38446
-2.89408 -0.85947 -1.58698 -2.20257 1.12327
-4.48046 -0.90231 -1.22854 -0.18509 0.5308
-5.95656 -0.9684 -0.43757 -0.5618 0.42409
-5.03312 -0.87576 -0.34799 1.27487 -0.46224
-4.45147 -0.38336 -0.83183 -0.61781 1.04259
-4.92836 0.25094 -0.96741 -1.29157 0.05811
-5.68405 0.31923 -1.92444 -1.34045 1.46226
-4.66631 -0.84029 -2.40312 -1.33226 -0.69226
-4.25074 -0.0487 -2.01801 1.74833 -0.52287
-4.17331 -0.43306 -1.59953 -0.40582 -0.38392
-5.61503 1.59394 -3.27105 0.06953 0.94832
-4.38558 0.00547 -1.10715 -0.2604 1.49264
-6.02018 0.84319 -0.79614 0.30448 2.03855
-3.7171 -0.56344 1.22105 0.37394 0.25455
-3.17912 1.47813 1.5336 -0.61559 0.57257
-1.93909 0.52078 1.5683 1.62026 0.8544
-3.36591 0.95487 1.3804 -0.45566 0.53982
-5.55418 0.07038 3.90004 -0.76673 0.3399
-3.20526 0.5107 4.76571 0.8632 -1.74361
-3.90862 -0.22497 3.28147 0.72567 0.84878
-4.8201 -1.16205 1.90676 0.78469 1.13082
-4.94631 -1.4906 2.73324 -0.13208 2.401
-2.47205 -1.38705 2.09946 0.26087 0.351
-3.10643 0.55366 2.91274 0.18695 -0.44913
