-0.16823 0.91185 -0.66194 0.80399 -0.9445
0.91432 -0.60853 0.19204 0.15569 -0.71057
0.57465 0.46275 1.32267 -2.45411 -0.35238
0.83166 1.89455 1.33154 0.92519 1.89509
0.73166 2.92 1.42928 0.58222 1.15619
-0.69479 2.21559 1.40106 1.55581 1.90328
-0.38037 1.59673 0.07723 0.57494 1.32484
0.39559 1.61561 -0.94392 0.78626 -0.52427
1.38389 -1.40265 0.30024 0.45796 0.64606
-1.19798 -2.14874 1.45401 1.52822 -0.59112
0.55637 -0.57681 2.32168 1.72333 0.24655
0.42962 -0.96829 1.32832 3.04039 -0.8812
1.47344 0.16772 0.53654 2.28357 0.37115
-0.42361 -1.30783 0.24516 0.4462 -0.78275
0.30989 -0.26482 -1.2365 1.40425 -0.79876
-0.63311 -0.57886 -0.82325 0.27393 -0.0757
-1.68791 -0.81828 -0.07339 -0.7244 0.82723
0.87877 -0.50266 0.67909 0.29642 0.2787
0.94679 1.05258 -1.03997 -0.41359 -1.34942
-0.09887 2.49057 0.33794 0.06593 -0.5214
0.68253 3.27669 0.37114 0.07727 0.7623
0.69017 2.1886 -0.62354 -1.41469 0.19594
-0.08823 2.36288 -0.59326 -0.08916 0.48949
2.00802 2.32693 -1.10015 -0.59988 0.53351
2.06349 1.8077 0.29422 -1.1206 0.0533
0.69416 1.65594 -0.17421 0.25811 -0.65934
0.81183 1.89638 -0.26794 -1.08219 -1.64683
-0.29694 1.0851 -1.37334 0.43976 -0.06854
1.11225 3.47051 -0.73329 -0.78353 -0.13493
0.16857 2.23212 -1.0015 -0.97783 -1.4626
0.21894 2.654 -1.51835 -1.86947 -1.88074
0.57324 2.13978 -1.82784 -3.11814 -0.109
0.82808 1.07334 -2.16019 -2.33558 -3.46148
-0.62622 -0.76366 -0.87714 -2.67321 -2.01332
0.71916 -1.11356 -2.28827 -1.79767 -2.12505
-1.00015 -0.30189 -2.60654 -1.33716 -1.96486
0.68907 -1.63038 -2.47881 -0.13482 -1.51059
0.38995 -0.81274 -3.26239 -0.08635 0.69636
0.41843 0.05579 -2.70311 1.26897 1.09168
0.44388 -1.37978 -3.27038 2.4707 1.80273
-0.3324 -0.69745 0.6707 0.24638 2.77461
0.82779 0.34968 0.0777 1.8324 2.32536
-0.89806 -0.21139 0.06282 3.40738 1.24932
-0.24268 -0.98758 -0.48392 2.46544 1.29303
-0.68535 -0.57445 2.77463 1.30169 0.44684
-0.00673 0.94041 2.18058 3.35139 -0.34965
0.89646 1.27549 4.39942 1.45611 1.70179
-0.12544 0.6747 2.51183 1.333 1.11025
-1.01221 0.93655 -0.66948 -0.16402 1.22108
0.11723 2.17696 0.02289 -2.08212 -1.19488
1.58738 0.54584 -1.14507 1.2657 -1.79389
0.00496 -0.21282 -1.26624 0.51772 -0.57305
2.78594 -0.12879 -1.17126 -1.2004 -0.45337
0.03141 0.68221 -0.82398 -1.76642 -1.23058
2.14037 0.76718 -1.10089 0.39988 -2.30146
-0.43102 2.54203 -0.86357 -1.04886 -1.96852
0.96848 3.02009 -0.01778 -0.62498 -1.61324
-0.62178 2.75039 -0.59452 -2.00534 -1.96174
0.20992 3.25105 -0.54253 -0.76185 -3.99122
1.15823 2.48908 0.05062 -1.43044 -2.91074
-0.74705 -0.26934 -1.21844 -1.88717 -2.07296
-0.03563 0.31156 -2.45511 -2.03794 -2.14049
0.05184 -0.19937 -0.82569 -0.32721 -0.87372
1.85645 0.23778 0.43634 -0.60541 -0.45814
0.24058 -1.84496 -0.06324 -2.14326 -1.32991
-0.37101 -0.52742 -1.51107 -1.10721 -1.92292
0.91224 -0.72258 -2.24747 -0.38759 -1.35147
-0.61826 0.14916 -3.41985 -1.55219 -0.53262
-1.3842 2.18853 -3.4886 0.42686 -1.08274
0.00559 1.31729 -3.12513 0.51736 -0.85431
0.6152 3.55166 -1.09311 -2.30617 0.01671
-0.14331 3.7903 -2.37065 -2.86426 -2.10546
-2.07657 5.02355 -1.56101 -2.14375 -0.35117
1.06088 5.67488 0.15925 -3.02688 0.7156
1.12832 3.21264 -0.79717 -1.56822 1.33251
2.08251 2.07912 -0.87704 0.00458 0.13667
1.71333 2.33041 0.50839 1.42616 0.34226
0.41567 0.25048 0.79188 0.70438 1.30584
0.54893 0.0694 1.46242 -0.16186 1.26436
0.73211 -0.09383 0.80189 0.4194 1.98291
0.92371 -0.54947 0.92575 1.41928 0.51529
-0.567 -0.93592 1.46983 1.79032 0.39387
-0.70604 0.40064 1.64686 1.38715 0.86144
-0.22128 0.85376 1.03257 -0.20215 -0.10869
1.40694 1.43678 -0.46791 -0.27446 0.14705
-0.62179 0.94646 -0.7177 1.225 1.51243
0.33527 2.03508 0.04011 0.10586 1.70933
-0.7411 2.67608 1.06058 -0.0778 -0.12111
2.11652 -0.07237 1.09928 -0.08255 -1.05117
1.32392 -0.12868 2.98233 0.02444 -1.50052
0.6488 0.78821 1.57666 2.28708 0.73562
-0.88017 0.23881 2.30061 1.5485 0.56843
0.05152 -0.0666 0.34064 2.84997 1.46927
-0.52733 -1.40338 1.06413 0.3152 1.65156
-0.1784 -0.51764 -0.36378 0.75905 0.4505
-0.41345 -1.81005 -0.64801 -1.35064 1.13869
0.7196 -1.39597 -1.01892 -0.60472 2.32622
-0.0773 -1.66436 1.68531 -0.49297 2.06214
-1.04268 -2.19326 1.86785 -1.02881 1.15649
0.37772 -1.70005 1.43216 1.4012 -0.70504
-0.24275 -1.74832 1.8846 2.13552 -1.35079
-0.79069 0.23355 -0.28349 -0.0877 1.21952
1.23521 1.20754 0.65456 -0.01836 -0.64685
-2.01496 1.03874 -0.78085 -1.26957 0.18222
-0.56158 -0.17903 1.03351 -1.20632 0.24512
0.36145 -0.4025 0.32884 0.11918 -0.46945
0.82034 -1.55495 -0.61168 0.65528 1.40182
2.68256 -1.90446 0.54978 -0.25063 2.31132
-0.41343 -1.46808 0.6911 -0.7992 1.05212
-0.55836 -0.47063 1.47064 0.72188 -0.4642
-0.94571 0.8475 2.51793 1.79669 -0.36654
0.13548 0.06633 1.47162 -0.13546 -0.44577
-1.51427 0.52279 2.01689 0.29896 0.60751
1.10118 1.49791 1.91566 -0.38013 -1.92656
-1.12729 1.84143 1.82817 0.78113 -1.06899
-0.7794 0.92633 0.74852 0.95784 0.03251
0.19786 -0.5238 0.53759 0.69307 0.5829
0.81722 0.17086 0.20405 -1.19268 0.66343
0.07127 -1.19535 1.08544 -0.77874 -1.39028
0.11512 -1.37919 -0.50033 1.39492 -1.74463
0.28584 -0.3855 0.52313 0.62317 -0.30232
-0.27094 1.2897 -0.11099 -0.49383 0.68615
2.37524 0.66408 -0.48695 0.5283 -1.00352
-0.49386 -0.09922 0.41003 0.77661 -0.47554
-0.24382 0.34988 1.30503 1.13121 -0.36631
-0.3474 -1.38495 2.03482 0.82047 0.86743
1.07869 0.26917 2.21323 1.7819 1.43724
-1.35994 1.34517 0.29635 1.64851 -0.12461
-1.63697 0.59682 -0.17605 3.67093 0.62742
0.23485 0.46896 -0.59741 -0.2246 2.067
0.1844 0.36367 0.26816 -0.09556 3.53861
0.89734 2.31939 -0.25214 0.68375 1.4267
-0.27612 1.94956 0.2564 2.08265 2.13891
1.80894 1.09852 1.10621 2.04731 -0.5839
-0.94532 2.35382 0.49283 1.20067 -1.73369
-0.68053 2.70182 1.32921 0.20438 -1.66115
-1.6791 4.12271 0.40077 1.08663 -2.62917
-0.24738 3.2559 -0.62849 -1.06394 -1.43486
0.71974 2.6312 -1.26054 -3.29223 0.11986
-0.04942 0.78289 -1.92789 -1.95406 -1.46935
0.94118 1.09364 -2.96799 -2.35494 -1.1762
0.59286 1.50505 0.67963 -1.47136 -1.75165
2.16064 2.59408 -0.65137 -1.90237 -2.06887
0.17587 2.46491 -0.01857 -1.0326 -4.22832
0.82287 2.42568 -1.81182 -1.82953 -3.90011
1.16853 3.27147 -1.35521 -2.08968 -1.90313
2.15634 3.95457 -3.25634 -3.03443 -3.5828
0.33825 3.30008 -2.07396 -4.40964 -0.77448
1.03554 3.61788 -2.10871 -3.88091 -1.99455
2.61428 2.33322 -3.28112 -0.29636 -2.91531
