4.75802 -0.08877 -1.23186 -1.06569 -0.37059
4.75974 0.40171 -0.58548 0.82721 -0.02014
4.60262 1.1598 -0.94826 -0.4731 1.07038
2.36197 0.63909 -0.94458 -1.68874 0.75633
1.28576 0.72033 -0.94995 -1.56671 2.93769
0.0863 0.17243 -1.2803 0.64925 3.30469
-0.50778 1.03049 -1.91781 0.47304 2.96217
-1.61983 -1.96742 -2.49173 -0.63167 1.45652
-2.22786 0.01266 -2.08919 -0.08214 2.10164
0.15402 0.99707 1.48726 0.51185 1.66524
0.05912 3.28765 -0.22664 0.34372 1.82614
0.71569 1.2316 -1.70487 -2.31515 0.78539
0.2703 1.63367 -0.96456 0.00575 0.9202
-0.72391 -0.49307 -0.62892 -1.00634 0.53346
-0.9308 1.02935 -1.23911 0.3737 0.09374
-0.59456 -0.60213 -1.13513 0.50491 1.55952
-0.57524 -0.68471 -0.51363 -0.08156 1.71567
-0.94647 0.01324 -0.9668 1.05112 1.07605
-1.92241 1.00526 -2.60209 -0.66566 0.5636
-1.22093 -0.65467 -1.16715 -0.3385 1.26751
-2.61212 0.17175 0.44052 0.51764 -0.4698
-1.40119 -0.55733 0.56143 -0.76773 -1.88623
-1.01939 -2.74039 0.83903 -0.84902 -1.19922
-0.7286 -3.10376 0.31713 0.52763 -1.92486
-2.55715 -0.95269 0.30541 -1.61655 -2.86195
-2.13723 -0.90648 -0.08603 0.16978 -2.83545
-0.05072 -0.72062 0.66702 0.33355 -3.3897
0.18187 -2.3179 0.67068 0.63864 -3.56657
1.3646 -1.42939 2.10627 0.53028 -4.07309
1.23163 -2.44049 2.76167 0.75433 -4.38369
4.04849 1.07414 1.52003 1.27028 -3.71641
3.75979 -0.33556 1.7399 0.66633 -2.14696
3.50638 -0.23264 2.69556 -0.42731 -2.70082
2.45108 1.30861 1.91283 2.25941 -0.48576
2.03553 1.22941 1.32667 -0.78378 -0.42459
1.00227 0.02318 2.38807 -0.17 0.95906
1.06791 1.77716 0.97835 -0.80436 1.96047
0.8118 2.86569 1.21866 -0.76888 4.19255
1.16748 1.266 1.45241 0.44856 3.00687
0.76379 0.61005 1.07145 0.67827 4.22969
1.27662 0.9832 1.43552 1.07428 2.75627
2.89936 0.97452 0.39269 0.54442 1.29119
2.36867 -1.77383 0.31324 -0.16441 0.58465
1.84297 2.30661 0.87987 0.00119 1.6718
1.81789 0.22396 -0.23282 2.38475 1.48416
2.29539 -0.67409 -0.47135 0.07946 1.45112
2.2639 -0.12684 2.40687 -0.96849 -0.28603
2.59712 0.44965 1.07463 -1.11383 -0.08645
1.32329 1.03746 1.69669 0.75164 1.5484
-0.37091 2.26531 2.28647 -1.41797 -0.93467
0.63012 -1.59375 1.40551 0.71222 -1.09566
1.46013 1.28512 0.63265 -1.14352 -1.30304
2.39347 -0.20435 1.74543 -0.80533 -1.57277
3.23214 -0.06343 -0.26965 1.29024 0.20374
1.70508 -0.26148 -0.22247 0.76912 0.33796
1.65753 0.46141 -0.40718 1.45541 -0.1454
2.46149 -0.08723 -0.29724 0.80394 0.97756
1.75983 0.37729 -1.21015 0.36901 1.58563
1.28701 0.64321 -1.25385 -0.89111 1.56992
2.01972 0.89105 -1.25827 0.841 1.44125
1.29225 1.08616 -2.30197 -0.80812 1.22595
-0.58593 0.69469 -1.00502 0.47896 0.98339
-0.91714 0.11276 -0.611 0.6343 3.2642
-0.62513 -0.10531 0.56423 -1.43918 2.21308
-0.58769 0.03135 1.80029 -1.56413 1.53348
-1.13628 0.06139 0.66107 0.84582 0.81648
0.07844 -0.04345 -0.61225 -0.13131 1.81158
0.47694 1.60205 -0.03266 0.94729 0.96749
0.34753 -0.32666 -0.55884 1.40401 0.09527
-0.62372 -0.74648 0.18847 0.46519 1.1942
2.5931 0.95559 0.71667 1.53553 2.13825
1.96401 1.7176 0.18635 -0.99723 1.93671
2.34035 1.36364 2.59679 0.07627 2.21572
0.45916 1.69449 2.63697 -0.35325 0.85013
0.71541 0.1249 3.11162 0.14382 0.66565
0.8521 -0.48216 0.7704 0.68638 0.50938
-0.98273 1.96305 0.52595 0.88265 -0.51181
-0.49308 -0.26911 -1.02917 0.47428 0.05177
0.229 0.43015 -2.44175 -0.67061 -0.77512
0.17379 -0.74696 -1.0088 -0.80196 0.35709
2.1603 -0.72469 0.92339 -0.01557 -1.49837
1.42471 -1.14812 1.68714 -1.22476 -1.39433
1.41426 0.22255 2.0021 0.1712 -0.35838
2.84128 0.77534 1.44884 0.38204 0.69937
1.71094 0.61234 1.10184 0.02477 -1.16074
1.63757 -0.13019 1.48437 0.56334 0.71349
1.26649 -1.60316 -0.32916 1.87198 1.45417
3.01599 -0.55689 0.10994 0.71499 -0.16353
2.28763 -1.16037 -0.47922 0.04029 -0.70164
0.81046 -0.41275 -2.5847 -1.80272 -2.96056
1.21234 -1.70155 -3.47619 0.80591 -2.12079
1.76481 -0.36407 -3.57029 0.65256 0.04052
0.13609 0.71554 -1.35385 -0.51179 0.5083
0.60439 -0.72511 -1.72159 2.81012 1.81421
0.29591 1.55818 -0.60407 -1.43158 2.01938
0.24476 1.88913 -1.66415 -3.26094 1.75065
0.15206 2.65593 -0.76056 -0.60458 2.62976
1.13556 3.49104 -0.32788 -0.70827 1.92852
1.85494 -0.37684 0.19138 0.53232 2.52307
1.66123 0.4804 -0.6761 -1.80278 -0.59233
1.99926 -1.76717 -1.05562 -1.45452 0.02752
2.47116 0.6062 0.18382 -0.03455 1.04793
1.62109 1.36733 1.05695 0.22217 1.4643
0.19829 -0.72883 1.75645 -0.15324 1.61422
-0.14533 0.41543 1.44108 -1.15466 3.81564
-0.72198 1.15717 0.99028 -0.3421 4.10612
-0.72308 1.64245 2.27736 0.44691 3.68717
1.83327 1.87483 3.42686 0.17583 2.22568
1.08337 2.34765 5.33977 -0.7045 2.81934
0.3484 3.07736 4.01461 2.32597 2.62241
0.51554 1.03124 3.85683 0.62908 2.61813
-1.03336 0.98472 3.46216 -0.17108 5.30143
-2.60006 0.41876 2.42264 0.55104 4.01389
-1.49183 0.79611 2.22768 -0.19461 3.99237
-2.23947 0.4559 -0.29949 1.9883 1.13933
-2.14808 -0.85476 -0.04847 1.09639 1.25402
-2.7075 0.08854 1.17312 0.9087 -0.51966
-3.09653 -1.20061 1.78742 0.03551 -2.43888
-1.91175 -2.02913 0.34645 3.25446 -3.27754
-2.11937 -1.53556 -0.3461 2.22718 -3.11268
-0.51102 -1.26761 -0.78025 1.27417 -2.74596
-1.89562 -2.66617 0.59757 0.00546 -2.99805
-0.75512 -0.63871 1.87561 1.24248 -2.35888
-1.75206 0.7191 2.40256 -0.3338 -2.04052
-2.02133 -0.578 1.3522 -1.08801 -3.1326
-2.01907 -0.94221 0.28326 0.25251 -3.09977
-1.95834 0.0451 -0.07001 -1.13564 -2.3865
-0.72485 -0.14974 -0.03153 0.59715 -2.53316
0.18615 -0.96606 0.90611 3.05115 -2.52816
-0.45185 0.73677 -0.23496 0.78157 -3.27286
0.1916 -1.44614 0.6127 0.86596 -2.91428
-0.13489 -2.59074 1.3044 -0.09933 -0.64129
0.71268 -0.40704 0.07625 0.85706 -0.74968
0.50493 -1.25378 -0.93522 -2.32062 -0.04415
1.22576 0.75004 -0.92843 -1.41388 -1.05406
1.9129 -0.35945 -0.06137 -1.20689 -2.97055
0.11905 0.97679 0.6614 -0.30442 -1.83064
0.09182 -2.75846 0.96235 -0.43609 0.12971
0.26599 -1.19744 -0.34209 -0.26142 1.33152
-1.01561 -0.65545 -1.02035 0.82303 2.30642
-0.04408 0.94308 -1.45026 -2.12806 2.72937
-0.56097 -0.54047 -2.76908 0.8077 1.43605
-1.22091 1.59081 -1.73748 -1.70335 -1.50552
-1.36138 -0.26288 -0.74991 0.73884 -1.33343
-1.5285 0.03527 -0.83231 0.31669 -0.18739
-0.26832 1.45836 -0.5088 -3.50178 -0.36071
-0.28252 -0.63932 0.29316 -1.15983 -0.07205
0.72494 1.28061 0.19212 -0.49064 1.11673
0.44848 -0.2112 0.518 -0.52389 -0.08629
0.05822 -1.44272 1.86668 -1.14055 0.24018
