0.42257 -1.93325 -2.32249 -1.8722 -0.34066
-0.01928 0.32277 -2.20781 -2.56397 -1.03856
1.63537 1.64937 -1.56124 -0.13449 -0.76662
2.94406 -2.09891 1.29254 0.65951 0.18104
3.07311 0.58158 0.44064 0.36313 -0.8703
1.68195 -0.90559 0.30482 0.85021 -0.92871
0.74532 -1.16479 -1.07886 1.3329 0.81283
1.03468 -0.78476 -1.15637 1.71287 0.87344
1.08653 1.66845 1.00213 2.70757 0.08073
0.38799 1.50017 0.19679 0.5456 -1.2608
-0.42206 -2.1918 -1.01871 1.27778 -0.53385
-2.26971 2.02418 -0.42675 1.7659 -0.44041
-2.9283 1.33716 0.52452 0.6194 -0.91318
-4.2905 0.02204 0.27108 -0.60463 -0.40755
-5.37014 0.73888 1.21684 0.2914 0.44113
-3.48587 -0.59966 2.11624 -0.63438 -0.34782
-2.79507 -1.47202 0.12918 0.42516 -1.1201
-1.84273 0.06434 -0.49172 0.28399 -0.97645
-2.72455 0.20209 -1.0867 0.90725 -0.46272
-1.67636 0.50072 -0.1497 1.37572 -0.49391
-1.18833 0.13256 -0.05804 -0.67762 0.62302
-2.19023 0.02006 -1.59012 -0.29199 0.32181
-2.38398 -0.04492 -1.23692 0.02518 -1.79441
-2.49235 0.54564 0.57164 -0.2379 -0.80116
-1.79116 1.36492 0.38704 -0.12807 -1.71096
-1.2274 1.55425 -0.09724 1.55091 -1.40016
-1.03065 0.82655 -0.75539 0.31161 -1.89519
-2.21939 -0.78617 -0.30561 1.82774 -1.94137
-1.43347 -0.31713 -1.48911 -0.58088 -1.25819
-3.14727 1.57021 0.04765 0.57015 -0.04081
-3.16875 0.17088 -0.34719 0.32501 1.23066
-3.66907 -0.22324 0.43742 0.14391 2.16537
-2.42767 0.81472 1.13795 0.02877 2.62141
0.3241 1.03901 1.06961 0.91064 3.49029
1.86252 -0.48346 1.2759 -0.19405 3.15254
2.6384 0.90869 1.57761 -1.82891 3.21114
4.293 0.61894 -0.43898 -1.65195 2.90699
3.52604 1.3259 0.91541 1.18807 3.13769
4.22118 0.12059 -0.56713 0.82773 2.11573
3.81978 0.17457 -0.43577 -0.18511 2.85914
4.47844 -0.70432 -0.84506 0.88153 1.18216
4.84264 1.41694 0.26716 -0.44839 -0.89657
6.51736 2.59824 1.57689 0.1453 -0.85161
6.2029 -0.64064 0.91021 -0.0371 -0.8413
6.0756 1.70983 -0.09837 0.32399 0.15938
5.92896 1.11053 0.73677 0.73192 0.07201
5.22926 -0.85887 0.8327 0.73515 0.5688
5.06471 -1.3573 -0.90408 1.00711 0.86834
3.28588 0.4245 -1.91011 0.34281 -1.74327
3.16924 -0.06649 0.47379 0.67364 -1.64129
3.4113 0.81928 1.64238 0.75982 -0.18552
3.89885 1.35469 2.05004 -0.93126 -0.71395
3.17272 -0.10876 0.3613 -0.8753 0.21889
2.42393 0.20299 -0.32165 0.49757 -0.3214
1.2092 -0.02076 0.61799 -0.58903 0.77931
1.27071 0.11181 0.67196 0.95527 0.37824
2.00253 0.15857 2.6482 -0.76957 -0.06991
3.22421 0.94704 -0.60094 0.46709 -0.08504
1.91949 0.31082 0.2897 1.22032 0.32943
1.28911 -0.5833 -1.18538 0.20167 0.22722
0.78377 -0.04809 -0.80002 3.65739 1.07269
0.0826 -0.59885 -0.59233 -0.89138 0.12234
-1.1676 -0.70183 0.63717 -1.27091 1.75791
-1.00645 0.74416 -0.51762 -1.14291 -0.11689
-0.19727 -0.88552 0.63008 -0.63279 -0.81403
-0.96426 -0.06079 -0.34943 0.05367 -0.82348
-1.67382 -1.21026 -1.94789 -0.33704 -2.44371
-2.39933 0.38819 -3.50864 -0.4144 -3.37275
-3.53266 0.6441 -1.43684 -1.12335 -2.47707
-5.23685 -0.02647 -0.74598 -1.44438 -3.21274
-6.3637 -0.76562 -1.21978 0.25325 -2.91345
-7.58749 1.44048 -0.2555 -0.47476 -3.62816
-7.70857 -0.54943 -1.11232 -2.32562 -2.59427
-7.88506 -1.83972 -1.09415 -0.80585 -1.7854
-8.28175 0.48358 -1.05896 0.88016 -1.26083
-8.92561 1.89556 0.71569 -0.55493 -3.07762
-9.27808 2.16657 -0.17882 -1.1124 -1.05478
-7.88217 -1.50031 -1.65906 -1.12172 -1.98724
-8.33142 -0.20428 -0.61898 -0.93294 -2.79712
-7.18431 -0.8078 1.52719 0.53886 -3.25662
-8.95406 0.54259 -0.10737 0.03947 -3.23292
-9.56577 -0.15834 0.04208 1.57153 -1.22596
-9.59987 1.04849 -1.74401 1.35775 -1.30177
-7.2821 0.26876 -0.50257 0.87659 -1.87412
-7.45149 1.71853 -0.32839 -1.10791 0.09524
-7.61086 0.88393 -0.15066 0.78724 1.04002
-8.55553 1.78548 0.96001 0.5535 2.03061
-5.79525 -0.05597 1.77872 -0.13546 2.37476
-4.62647 0.19431 1.51023 1.47085 0.94053
-3.98016 0.79662 0.01224 2.1686 0.39441
-5.61838 -1.49758 0.36096 0.69019 -0.68109
-4.53569 0.32768 1.7033 0.13233 -0.76509
-5.31613 1.59706 0.41357 0.25639 0.27743
-4.06204 0.05275 1.08966 0.30289 0.24614
-3.00248 0.731 0.76898 -0.64768 0.38244
-1.91421 0.44415 0.35125 1.11501 -1.10342
-2.06123 0.08872 -0.18465 1.68135 0.31976
-1.81208 -0.12263 1.55876 0.04313 1.74491
-0.71754 1.00267 0.07595 2.28873 1.05085
0.16918 -0.92155 -0.81073 -0.98507 3.18012
0.65373 -0.35249 0.00844 -0.52752 3.34679
3.43203 -1.21358 -1.11071 0.2978 3.85445
6.03891 0.55529 2.12923 -2.33964 3.10246
7.24992 0.44422 -0.14938 -0.72577 0.06662
5.63445 1.12073 1.26839 -0.13133 2.41264
6.52841 -0.81148 1.97989 -0.8734 2.92228
7.676 -1.59746 1.25712 0.29943 2.43958
9.0466 0.45295 -0.74885 -0.31553 1.21706
9.19567 1.64586 -0.17092 -0.74622 0.59091
9.45671 0.81298 0.01603 1.27289 0.65065
9.5686 0.57598 0.39575 -1.51162 -1.13523
8.75893 1.35516 1.19111 0.00052 -2.43673
9.22522 -0.39175 -0.77458 1.12829 -0.85737
9.00849 0.58317 -0.34233 0.13684 0.67719
9.94983 0.10482 -1.26454 2.03018 -2.62937
9.6909 -0.96837 -2.14198 0.98054 -0.84695
9.28519 0.88685 -1.88515 -0.17034 -0.14154
6.89899 0.83769 -0.65565 1.13323 0.09861
6.99994 0.71826 0.85549 1.23125 2.03615
8.48104 -0.87978 -0.54374 -1.05605 1.21185
8.49744 -0.07978 1.99407 -1.19119 2.3695
10.69339 -0.08843 1.32741 0.77813 0.80128
10.85068 -1.47655 1.04308 0.23715 0.41267
10.48436 -0.14824 0.37924 0.88757 0.50785
11.83884 -0.36186 0.62057 -1.13635 -1.77384
11.29789 -0.72778 -0.51692 -0.57355 -0.52033
11.00686 -0.43124 0.20905 -0.34638 0.20515
10.1693 1.16849 0.30822 1.26148 0.32383
9.87807 0.37085 0.41502 -0.89344 0.53298
8.52225 -1.36818 -1.01121 -2.41435 0.00923
7.26067 -0.95892 -0.46766 -2.83858 0.0736
7.34384 0.87869 0.62548 -1.84804 0.24349
7.26729 -0.20588 2.11264 0.64747 -0.37509
5.83913 -1.21126 -0.77217 0.4432 -0.69653
4.36556 0.01755 -0.38067 -2.02096 -1.29219
3.30296 -0.92853 -0.65043 0.89736 -0.2769
3.00306 1.10827 -0.13725 0.73835 -0.26572
4.10581 -1.44115 -0.49528 0.09602 0.22663
4.0177 -1.08142 0.47895 -0.57151 0.71058
3.39273 1.81946 -0.45433 -1.10691 0.30401
3.75195 2.45274 -1.76579 0.25118 -2.08051
3.56343 0.11707 0.04966 1.30501 -1.25098
3.46021 -1.82995 -1.07127 0.54649 -0.5615
2.44617 -1.50688 0.2304 0.37714 -0.69871
1.48339 -1.10584 -0.55671 1.63787 -0.39395
1.22615 0.89394 0.06203 -0.33623 0.71957
2.53322 0.30682 0.18306 -0.59352 1.35929
2.80681 1.3903 -0.81066 1.00941 0.504
3.54205 -0.94406 -2.4988 -0.54283 0.95526
3.03684 -0.59555 0.16911 -0.53701 2.14738
