-2.09398 1.21362 -6.90643 -0.52006 -0.78873
-0.54172 1.86118 -7.84193 0.01015 -0.07934
-0.50034 1.61022 -7.95932 -0.01708 -0.51679
0.05833 2.89261 -5.4506 -1.01354 -0.39327
0.75278 2.51911 -2.62281 0.68244 -1.53746
1.07529 2.83337 -3.88218 1.62017 -2.14573
0.34521 0.88147 -3.86178 1.22092 -1.73914
0.90179 0.4997 -3.52346 0.3274 -0.51202
0.57336 0.92765 -2.11542 -0.11417 -1.30287
0.75647 1.82904 -1.88918 -1.49919 -0.74992
0.25627 0.22375 0.10157 -3.28875 -0.57011
-0.42678 -0.04019 -0.56103 -2.76078 -1.22453
-1.42402 1.27068 0.34318 -1.57105 -1.79292
-1.52004 -0.16242 0.52106 -1.77622 -3.62383
-2.07559 0.50273 0.23625 -0.95419 -1.0731
-1.6114 1.10647 0.65034 -0.73841 -0.26539
-0.06898 1.70082 0.61181 -0.65657 -0.93182
1.1927 0.95867 1.35836 -1.5617 -0.74877
-0.57642 0.17388 1.20566 -1.81276 -0.76743
-0.08687 -0.94478 -0.89935 0.69837 -0.94456
-0.67664 -0.69693 -0.4129 -1.57238 -2.24966
-1.63512 -0.49453 -0.41109 -2.52781 -1.52746
-1.24585 -0.01321 -0.14445 -0.47593 0.33443
0.77553 1.02053 0.7693 -1.43971 3.9345
2.94462 -1.29677 0.73427 1.36942 3.0691
1.93473 -0.38349 -0.25995 -2.13777 1.41462
1.18702 0.25332 0.33999 -1.52414 -0.22493
-0.35007 -0.1916 1.71919 -2.31693 -0.68314
0.77283 -0.41086 2.47092 -0.88155 -0.24741
0.48679 -0.90328 1.18273 1.10902 1.19527
1.59256 -1.44444 0.83372 0.80042 0.94006
1.13235 -0.69008 -0.90207 1.61777 1.24789
3.87982 -2.87695 -1.00824 0.22254 0.47278
2.29807 -2.6718 -2.66209 -0.61611 1.95041
0.68337 -2.48853 -2.65276 -0.01915 1.28394
-0.04846 -0.94329 -1.26759 1.29134 3.02479
1.81185 -0.99028 -0.49209 -0.83266 3.2763
-1.11567 -0.13967 0.03773 1.89227 3.99618
-1.13103 -0.88425 -0.67901 1.16759 3.79271
-0.51165 -1.83538 -0.18944 1.25122 3.03686
-0.78436 -2.0265 0.42719 0.38825 2.9085
0.04047 -2.57235 0.60029 1.80158 2.59013
-0.33005 0.50081 0.84773 0.82556 -0.31456
0.7903 0.87533 0.06072 1.40385 -0.29749
-0.23532 1.31026 -1.06783 2.08661 0.33368
0.37997 1.18792 -1.44573 1.00789 1.3707
0.03691 0.71069 -2.30713 -1.49662 1.68198
-0.02295 0.6108 -1.05596 0.03872 2.18258
-1.29219 -0.3687 1.19215 1.76724 0.50818
0.44809 -0.08138 0.76447 1.32371 0.4046
-0.75356 -0.26038 0.15491 1.53399 0.93433
-0.36255 1.04666 -0.78556 2.27378 -0.00426
-1.15848 1.35111 0.31198 1.50816 0.36169
-1.29866 1.28005 -0.39365 -0.48047 0.84326
-0.44291 0.24535 -1.79904 -0.37532 0.35513
-1.15131 0.08257 -1.9223 -0.67298 2.12353
-0.50522 1.52383 -0.62915 -0.9252 1.06391
1.54671 0.41862 -0.5951 -0.66969 1.22251
2.63618 1.7898 -2.22737 -0.45988 0.05677
0.4437 1.0272 -0.14507 1.51474 -0.44488
1.17831 0.39348 0.07146 0.89534 0.25253
2.66831 0.74664 0.78225 0.26998 0.50449
1.51935 0.95942 0.458 -0.19816 1.58991
-1.39503 1.18748 1.67852 0.59084 2.91915
0.56397 1.57191 1.56018 1.04834 2.71109
0.55421 1.46729 2.41916 1.00034 3.53947
-0.60361 1.33908 3.10269 2.41524 2.50015
-1.40088 1.65847 3.09495 4.33061 0.87975
-0.92471 -0.32839 4.33536 3.84444 -1.73823
-3.17908 1.32521 1.54121 3.76325 0.32385
-0.47584 3.04271 1.22192 3.22199 0.18808
-0.29179 2.99482 2.5821 2.27204 0.77172
1.23991 3.2054 3.18954 -0.53373 1.06617
2.96827 2.04296 2.94172 1.2309 1.88646
1.7045 0.70539 3.27648 1.74277 0.56672
0.08662 -1.10829 5.47019 1.83548 0.37931
0.00966 0.84231 4.83837 1.83555 0.76781
-0.24884 0.35055 5.94983 2.81754 -1.26772
0.02457 0.70878 4.86942 0.43113 -1.63325
0.53896 0.87296 4.04484 1.55148 0.63976
-1.34835 -0.28901 4.02285 2.64495 1.1961
-0.03688 -0.19437 4.61226 1.0805 0.58621
-0.56908 -0.73503 4.85972 -0.10954 1.12854
-0.89134 -0.70485 3.81259 0.52958 0.29964
-1.71835 0.3531 3.68878 0.42381 0.93109
1.63241 -0.56909 4.20683 0.14289 1.46802
1.1167 0.41763 3.95703 -0.63187 2.68207
1.0868 -0.04371 3.32319 -2.04575 0.99405
0.45593 1.3332 2.48923 -1.34469 0.88194
-0.4597 1.05788 2.23129 0.46108 -0.13617
1.14944 -0.70318 3.90211 1.37275 -0.74855
1.73149 -0.36791 4.76004 1.53598 -0.10731
-0.29137 -0.086 2.89452 1.78166 0.99191
0.7493 2.24985 1.83464 -0.73271 0.94573
0.35641 1.14247 -0.66988 -1.21785 0.73893
0.56024 0.01465 -0.24746 -1.36505 1.3447
0.89175 0.75907 1.39941 -0.22209 1.79746
0.80054 1.61711 2.12179 -0.88929 2.92222
-0.01394 0.46 1.02557 -0.14461 3.40964
1.02673 -1.09611 0.12435 0.33948 1.98348
0.67181 -0.94271 -1.04131 1.93093 1.5018
1.67482 -0.67722 -0.87329 0.86183 2.20123
-0.13385 -0.56505 -1.87219 1.09496 1.80404
-0.86632 -1.90149 -1.23034 -0.60281 0.68399
-0.32971 -3.13271 -2.53994 -0.60782 1.8105
-0.67824 -0.58326 -1.93695 0.47385 1.38504
-1.7194 -0.38924 -1.95432 1.42474 -0.89046
-3.49854 0.00105 -1.05986 -0.15677 0.01779
-0.32441 -0.31722 0.42985 0.62033 -1.58401
-0.59024 -0.54926 1.58987 0.41955 -3.04022
-0.56765 0.42987 0.74143 -0.06307 -3.27033
-1.83556 1.63275 2.0569 0.36737 -2.8475
-0.52838 1.45867 2.89932 -2.23349 -4.21375
-0.75325 0.84994 3.52428 -1.27973 -4.26304
-2.21484 0.53488 4.01395 -1.80022 -3.38397
-1.75436 0.28841 2.69922 -2.22132 -3.07748
-0.97468 0.81877 3.61728 -1.77616 -3.5433
-0.91335 0.88884 2.75044 -3.0443 -3.35057
-1.41957 1.13082 3.27766 -5.04116 -0.37097
-0.80342 2.76086 1.79472 -3.87399 -0.47775
0.90781 2.13598 1.8952 -5.60947 -0.92637
2.0097 0.68866 1.59898 -5.17008 -0.33837
0.53462 1.69865 1.11167 -2.97269 -0.18609
-0.29929 1.7541 3.17655 -3.72982 0.03343
0.19129 1.87547 4.65405 -0.55769 1.04006
2.9202 0.63846 3.57008 0.2021 3.48719
1.03081 -0.42352 2.88859 2.99788 2.1142
0.01008 1.10326 1.9533 1.5607 3.17102
-0.7179 0.56612 1.4591 0.29815 2.00649
-0.42142 0.42804 3.10525 0.62981 0.42203
0.34977 -0.54198 2.42234 1.09063 1.72442
0.2955 -1.13267 3.09621 1.43777 2.82096
-0.21827 -1.0931 2.2496 1.57516 2.15044
0.19433 -0.20091 3.27462 1.40559 1.07963
1.57145 -1.49395 3.63678 -0.09134 0.91688
0.87814 -0.52502 2.94146 1.36625 -0.50605
-0.6646 -1.13546 1.53771 1.63623 1.15723
-0.46587 -1.14611 1.76877 1.74029 0.54144
-0.61159 -0.26085 1.4224 0.96514 0.57604
-0.88575 -0.18566 1.26729 1.02473 -0.55808
-1.55045 -0.72135 1.99846 2.35592 -1.11193
-0.21038 -2.66435 1.55922 1.83189 -0.61452
0.24696 -1.48265 1.65336 2.46862 0.58718
-0.10687 -1.30957 0.80065 2.42527 1.75984
-0.17303 -1.47805 -0.75877 1.33251 -0.45779
-1.55954 0.99953 -0.92058 0.97364 -0.13768
-1.22629 1.9596 -1.64807 -0.43887 -0.35499
1.54498 2.15245 -0.68414 -0.03716 -0.52099
-1.01544 2.16561 -0.85954 -0.35779 -0.7459
-1.3447 2.13153 -1.17642 1.18681 -3.12202
