-5.85887 0.73614 -0.60565 1.47307 -1.25225
-3.82863 0.11466 0.20781 0.29514 -0.1687
-3.36215 -1.1593 0.22723 -0.87623 -2.43603
-3.22227 1.16876 -2.18058 -0.84817 -1.76065
-2.90452 1.36922 -3.12414 -1.52675 0.90148
-3.98302 0.44878 -2.50845 -1.26927 0.35946
-5.64269 0.58792 -1.7566 0.15163 1.90306
-5.35347 1.47048 -1.27186 -0.03632 -1.45253
-5.80074 0.88473 0.03788 -2.40558 -1.10406
-6.70561 0.36662 -0.11586 -3.59499 0.87908
-7.89148 1.36439 -1.87541 -4.62581 1.16291
-7.4771 1.87571 -2.00629 -4.74609 0.24056
-6.14767 1.31406 -0.67957 -3.26866 -2.12726
-6.42087 -1.08725 -0.64768 -3.72459 -1.91801
-5.33508 -1.47076 -0.13595 -4.17915 -1.21596
-4.13144 -1.59895 -0.95151 -2.60929 -1.18482
-4.50581 -1.39325 -1.11394 -2.68387 -1.86994
-4.89121 -1.05393 -1.15631 -1.86134 -2.12012
-5.2142 -2.35142 -0.41094 -1.85731 -1.89877
-3.84291 -1.55257 0.47329 0.02499 -0.43085
-4.57823 -1.51974 -1.23005 0.45999 -2.32858
-4.69502 -2.17175 -2.05676 -0.1788 -0.07031
-6.53956 -3.49002 -2.03942 -1.25384 -1.14765
-4.91824 -2.93639 -0.62058 0.79405 1.07982
-5.167 -2.43432 -0.26356 -0.05126 -0.54788
-5.76207 -2.19134 0.68415 2.39203 0.5978
-9.05534 -2.41741 1.52351 0.82344 -1.76628
-7.9421 -3.36028 0.41057 1.38238 0.25819
-8.14021 -3.19257 0.10268 0.65524 -0.92201
-8.73112 -4.66705 -0.2933 0.01935 0.9417
-9.47027 -4.01352 -0.66129 0.8493 1.76317
-9.02132 -4.36141 -1.09401 0.00644 -0.22795
-9.45389 -3.72167 0.29588 -0.09152 -1.76367
-10.33961 -2.50372 0.91848 1.41207 -1.04581
-10.8223 -2.58583 0.3905 0.66747 -0.24663
-11.12009 -3.06768 -0.53293 1.0008 -0.73764
-9.73477 -4.28582 0.81507 -0.17844 -0.95982
-9.29198 -4.19293 1.60376 0.57631 0.25198
-9.57343 -2.73472 0.72663 1.93906 2.08542
-8.56361 -2.1409 1.155 2.31327 1.19462
-8.67874 -2.46015 2.00529 1.37002 0.92584
-9.59965 -3.46309 1.85802 0.55727 0.30663
-11.07771 -3.45754 0.41665 -0.60913 1.23978
-9.53655 -1.80641 0.54161 -0.13946 1.75387
-8.23149 -2.08978 -0.15048 -1.3397 0.25951
-7.48461 -1.59073 1.2364 -1.8442 -0.59792
-7.79711 -0.66235 0.59986 -0.43654 1.60075
-7.45306 -0.42407 -0.02503 1.05205 3.17924
-6.89013 0.73334 0.10775 -0.9331 1.94469
-5.37347 0.78154 1.37547 -0.80055 0.18888
-6.32881 -0.98576 0.63415 -0.70769 -0.35858
-5.96332 -0.81576 0.04627 -0.71527 -0.05485
-6.2792 0.56816 0.6122 -1.33871 0.89752
-4.9798 1.38963 0.65333 -1.83934 1.70523
-4.98685 2.50903 0.78235 -3.44475 0.69427
-5.08017 0.51426 -0.10844 -2.27487 -2.40066
-3.94567 -0.66198 -0.96884 -1.2367 -1.36921
-3.51742 0.01068 -0.02534 -0.92081 -1.76331
-0.91594 0.76535 -0.25315 -0.16552 0.3307
0.71669 0.48292 -0.26499 -2.04886 0.54905
0.16294 -0.00876 -0.72112 -0.72548 3.36916
-0.14356 -1.54733 -1.74428 -0.87285 1.87623
-1.04112 -1.04391 -0.97578 -0.97728 0.68431
0.60819 -0.23176 -0.16232 0.89385 -0.06128
-1.68728 0.04244 0.15607 -0.49513 -0.50097
0.29537 0.91534 -0.39176 0.16696 -0.79149
1.30334 1.07061 -0.71733 -0.42048 -0.57691
2.04197 0.98784 -0.83905 -1.14994 -0.30785
2.24595 2.21607 -0.34958 -2.17371 1.22032
3.19042 2.18285 -1.24565 -1.04951 2.16538
2.77487 1.13012 -1.21316 -1.33495 0.01076
1.95507 0.85632 0.71964 -1.2886 -1.193
4.54055 2.04045 -0.04392 -1.50888 0.03664
5.07474 1.94021 -0.16564 -1.83114 -0.11872
4.17672 1.94238 -1.47284 -0.77828 0.41274
4.85332 0.68994 1.07525 0.38282 1.38207
5.83485 0.01214 0.59571 2.3588 -0.08739
5.80445 1.17815 1.68453 0.43694 -0.2979
6.92269 1.60365 1.86023 1.04146 0.57993
5.27124 2.37017 -0.71592 0.12192 0.28716
3.70244 1.70637 -0.84932 0.36864 1.15236
5.00703 0.64413 -0.50944 -0.06612 3.85946
4.39842 -0.62133 0.05828 1.06714 1.68084
3.23517 -1.04477 0.52782 0.91072 1.67851
2.37296 -1.92732 1.66687 0.4526 1.42131
1.13281 -1.31628 1.51998 1.3528 0.72185
0.70864 0.01249 0.91744 0.66446 0.38127
0.36537 0.09646 1.53476 1.28674 0.27336
-0.63081 0.84252 -0.77817 0.31606 -1.35618
-0.17234 0.48131 -0.44865 -1.94995 -0.84434
1.41487 -0.682 0.37718 -3.28729 0.70269
1.75873 -0.85764 -0.29241 -2.80141 0.94283
1.38706 -0.60991 1.59122 -2.72062 0.17331
0.10552 -1.02347 -0.28664 -2.79577 2.11399
0.2354 -0.08932 0.3381 -2.7769 -0.09855
-1.00261 1.32336 0.68913 -0.69425 0.35869
-0.73261 -0.24789 0.49511 -1.29276 0.5168
-2.06127 -0.83644 -0.09676 -1.86572 0.7602
-1.51273 -0.58147 2.64924 -1.59953 0.93465
1.93321 -1.11086 1.89981 -1.47969 0.18664
3.55643 -1.61085 -0.12007 0.0768 -1.22642
5.19739 -1.13929 -1.59237 0.2572 -1.1333
6.13093 -1.74731 0.35818 -0.24853 -1.50727
5.04621 -1.59963 0.86032 0.62603 -1.54199
2.93077 -3.65509 2.19008 1.05006 0.33223
2.81765 -3.55099 1.34937 2.21027 0.78111
2.70268 -2.98035 1.12343 0.1221 -0.23392
3.1116 -3.54149 -0.65571 -0.62792 0.18848
3.01852 -3.21181 -2.49242 -1.47124 -1.50768
0.78896 -2.05252 -1.30377 -2.34647 0.17164
-0.3178 -2.70463 -0.53029 -1.36738 -0.94319
-2.51046 -3.84029 0.59694 -0.63823 -0.49456
-2.75502 -3.54444 -2.4987 -0.05608 -1.48761
-2.23397 -3.86916 -0.9193 -0.15151 -1.28069
-2.54019 -2.22702 -0.60038 -0.74838 -1.41979
-3.822 -2.60368 -0.38868 -2.06 1.08921
-5.10636 -3.12481 -0.89886 -2.228 -0.67043
-7.04791 -3.73391 0.29403 -2.983 -0.69325
-8.75289 -2.03245 -0.03384 -2.62486 0.63907
-6.9137 -3.68762 -1.08034 -2.79312 -0.94282
-6.49739 -3.62376 -1.21294 -2.86158 -0.16384
-5.25354 -2.05754 -0.63953 -1.68928 -0.96084
-5.48647 -2.78745 -0.87877 -0.7757 0.77905
-6.17662 -4.50316 0.39464 -1.69905 0.38557
-6.09869 -2.73805 1.32151 -1.65415 1.2758
-6.34267 -3.40727 -0.11136 -2.20287 0.96657
-7.57067 -3.62116 1.02638 -3.05063 -0.52369
-6.38028 -3.90154 -0.87031 -3.45361 1.35057
-5.9803 -3.53696 -1.08909 -2.83365 0.98029
-8.86176 -2.11319 -0.27477 -0.88909 1.49575
-8.80076 -0.50961 -0.78517 -1.41882 1.14318
-10.58347 1.42949 1.01567 0.3728 0.67938
-12.01483 2.12803 0.21431 0.7903 0.07958
-11.13684 2.57126 0.99236 1.02334 1.36208
-9.25819 3.5763 -0.08304 -1.68258 -0.78737
-9.41333 3.63726 0.7942 -1.67866 1.1922
-9.31831 2.19143 -0.73705 -0.99097 0.02706
-8.03681 1.42566 -1.2324 -0.85699 0.89175
-8.06567 1.96923 -0.48759 0.72846 1.00973
-6.49785 1.82642 0.32353 0.08752 1.00378
-5.70529 3.17758 -1.10227 -0.30402 -0.08182
-5.01316 2.79771 -1.74903 -0.07306 0.92321
-4.78491 4.34564 -1.14167 -0.23791 -0.50645
-2.54139 3.47936 -0.05858 1.64351 -3.19708
-0.78045 3.30883 -0.03707 -0.04393 -0.22104
-1.2463 4.02182 0.66137 -0.19189 -0.1054
-0.14549 4.62009 -0.98056 -2.11585 0.1149
0.90026 4.85975 0.34092 -2.8576 0.46868
2.96266 5.16836 -0.60039 0.15674 -0.47152
2.69413 3.67267 -0.62901 -0.13944 -1.02791
