0.15208 1.0604 -0.24147 2.02365 1.1339
1.31647 3.27483 0.56542 1.65132 0.56813
2.90611 4.60877 0.03432 0.98587 -1.76571
1.4162 3.1004 -0.98347 1.25613 -0.4613
0.3302 3.34198 -1.27501 0.47816 0.16586
-0.60532 4.81282 0.3709 0.5479 1.20549
0.96936 3.36053 -0.12849 1.00893 -0.33692
0.53299 4.03533 -1.72384 2.31467 -0.0702
-1.07485 4.66428 -1.06924 0.47168 -1.5093
0.44319 4.55086 0.72613 1.36605 -1.03054
1.13615 3.42548 -0.03367 1.3369 0.10278
-0.01905 4.88837 -1.68285 1.80266 -1.03245
-0.91173 5.07552 -0.9647 3.84463 0.23526
0.7032 3.22363 0.59669 3.82042 -1.51801
-0.11728 3.72007 0.72768 1.22431 -0.83361
0.93976 4.30122 -0.94557 0.11658 -1.13639
0.76211 3.0389 -0.66937 -0.83179 2.47514
0.72654 2.0505 -2.70589 0.07421 -1.73107
0.65992 1.02407 -2.40411 -0.97907 -0.03489
-0.96109 0.64806 -4.52287 -0.03027 1.00883
-1.56299 -0.46782 -1.87704 0.69527 -0.71324
1.49415 -0.73429 -1.90358 1.92122 -0.73553
-1.55736 -1.33637 -0.6489 3.39096 2.26609
-1.40755 -1.1138 -0.11563 3.4201 -1.38841
-1.5425 -2.76609 0.12297 3.17566 1.38264
0.19181 -3.79822 0.5504 2.32455 -0.91634
1.16086 -3.23905 -0.79075 1.89287 1.60144
1.10157 -3.60698 -1.6094 1.38944 -0.8629
0.67907 -5.70843 -0.20603 0.45209 0.85664
-0.52266 -6.54789 2.56594 0.74124 -0.47182
-2.7565 -5.73715 3.69865 0.71125 -0.08305
0.54145 -6.71709 2.60771 -0.68308 -1.18864
0.4634 -7.03728 0.09317 -1.32467 0.37488
-0.57412 -5.93537 -1.17637 -0.21982 -1.94219
1.59865 -4.50136 0.10927 -0.413 1.27877
2.39095 -4.04913 0.59541 0.70562 0.47103
0.39423 -2.02325 1.22332 0.52291 0.10783
-0.13432 -0.50987 0.3122 0.77379 1.12527
-0.8802 -1.1378 -0.10067 0.12705 1.67292
0.58287 0.65694 0.47658 -0.07205 -0.17748
-0.45914 1.7051 0.3324 0.32824 -0.63987
-0.26142 -0.08797 1.01282 0.3339 -0.41789
0.86973 1.0483 1.4276 0.95732 1.53274
-1.51565 -0.00615 0.93759 0.76929 -0.3105
0.17713 -0.45508 1.07182 1.46529 -0.56607
0.2872 -0.28988 -0.90522 2.9424 0.99531
1.29387 -0.91881 -0.5025 2.33329 -1.42726
1.23634 -2.05148 -0.81371 2.18872 -0.05801
0.54197 -1.87809 -1.82147 3.42017 0.57591
1.60851 -1.26791 -1.22964 1.69818 0.91624
1.28973 0.13753 -1.36956 0.47655 -0.21041
0.09533 -0.14146 -1.10229 -1.0298 0.80227
-2.04182 0.52583 -1.01977 -0.65433 -0.27353
2.01263 -0.31042 0.91032 0.18395 0.62603
0.44966 0.06209 3.85258 2.10818 -0.26167
1.17318 0.55121 2.72429 3.86286 -0.5346
0.12766 0.04075 2.49482 3.38286 0.32811
-1.22455 0.32765 3.46689 2.20423 1.56929
-1.147 1.15892 3.29289 1.51605 0.51473
2.74224 2.10236 1.2041 1.32276 -0.6574
1.42926 2.64241 0.04934 1.53866 -1.08101
1.11754 3.38492 0.8554 -0.1127 -0.39604
0.51664 5.5121 0.29539 2.67575 -1.1689
1.04587 6.29851 -0.00428 2.23256 1.13854
0.74971 6.95516 1.53417 3.24409 -0.46774
-0.39353 6.56207 0.722 1.69983 0.01865
3.59231 5.94316 -1.51769 2.07861 2.16096
0.9384 6.43535 -0.29367 1.78436 0.7058
1.14445 7.21993 0.75535 2.54116 -1.13045
-1.09562 7.50323 1.02449 0.63399 0.04944
1.40188 7.3611 -1.67074 0.2484 0.61328
0.84141 7.40604 -1.46328 -0.09718 0.72799
1.61057 8.0487 -0.92798 0.79564 -1.27395
1.56356 7.66232 -0.46835 0.56531 0.17706
-0.47368 6.53409 -1.18933 0.47523 -0.01614
0.52218 7.38358 0.70767 -0.403 1.57739
-0.3775 5.8448 -0.33453 -1.11399 0.99503
-0.38368 7.20253 -0.69865 -0.85267 -0.73487
-0.20112 4.26342 -1.26977 -2.26626 0.18962
0.32202 3.81547 -0.09842 -2.89356 -0.85184
1.58611 2.57761 1.22043 -1.29925 -0.25212
-1.20374 2.86861 1.19932 -0.57857 0.09809
0.67922 1.91414 0.96246 -1.32542 -0.92437
0.17041 1.77655 -0.83302 0.07756 -1.48111
0.58928 0.85277 -0.63316 -1.76909 -2.31433
-0.76144 0.90926 -0.23024 -0.18527 1.04277
0.56411 2.21045 0.70841 -0.23533 -0.26086
1.57581 1.80267 -0.31557 -1.47347 0.22996
-0.44918 1.4424 -0.75812 -0.35254 -0.69356
1.92329 1.7599 0.38234 -0.51142 -0.44295
0.03086 3.27589 1.49565 -0.35646 1.0868
1.6871 4.12047 -1.33059 -1.34875 -0.18143
0.33823 5.35986 0.32379 -1.74871 -1.09629
-1.04575 5.18582 0.50022 -1.74507 -1.35306
-1.15326 5.95714 0.74202 -0.26132 -0.05432
-0.55682 5.3054 1.70194 0.38338 -2.27003
-0.66846 3.8488 1.45523 -0.78811 -0.66331
1.46448 4.37775 0.81748 -1.2236 -0.68084
0.04765 4.82846 -0.67316 -1.30595 -1.40455
0.08247 4.58813 -1.17448 -3.37007 1.23098
-0.14911 4.64835 -0.18862 -3.77941 0.51854
1.26752 5.01021 -1.59451 -2.31795 0.07565
1.79938 4.82924 -1.31966 -1.59516 -0.87319
-2.38196 5.229 -1.61401 0.49405 0.69509
0.15202 4.37658 -0.41338 -0.74201 -0.26301
0.00134 6.39125 0.17867 -0.27124 0.04132
0.41278 5.95182 1.37418 0.91065 0.66064
0.39985 6.45427 -0.59644 1.4412 -1.46018
-1.86205 5.50806 -0.6995 1.44139 0.94856
-1.34118 5.79807 -0.11645 1.07007 -1.14086
-0.71032 5.11274 -1.79158 0.4379 -0.23235
-0.53709 6.74648 1.50105 0.19812 1.20265
-1.10778 7.10812 -0.19557 0.38231 0.98747
-0.44429 5.78059 -1.83691 -0.23634 1.09275
0.78664 5.76683 -0.26186 -0.75518 1.0433
0.09701 5.97194 0.70915 -0.66088 -0.47404
0.45583 3.93554 0.26914 -0.4428 2.3309
1.08898 1.82285 1.75741 1.53406 -0.43073
-0.84886 2.79291 2.37793 2.06083 -0.63104
-0.61046 2.97611 0.1117 1.61973 0.95747
0.76049 4.12287 -1.28707 3.13901 -0.92818
1.23975 4.46907 -3.32824 3.55863 1.13706
1.15991 3.81364 -1.95265 2.41901 -0.0093
1.39565 5.11436 0.70589 0.67832 -0.62262
0.63363 2.65525 0.05719 -1.72773 -1.06943
1.81548 0.977 1.39586 -0.78165 0.71375
0.16882 0.27499 -0.3478 -1.41008 -1.43941
-0.10126 1.13137 0.52463 -0.71595 -0.81957
0.83603 0.48068 -2.31856 0.59042 0.92916
0.69428 0.39013 -1.41023 0.72015 0.06211
0.41621 1.41968 -0.30099 2.01989 0.46235
-1.02743 2.10881 -0.2092 1.42257 0.91053
-0.67298 2.3477 -0.61007 2.14492 0.61355
-1.095 0.35528 -1.27652 0.30314 0.81264
-0.73761 0.94195 -1.35361 -0.80635 1.30975
0.27588 0.87865 -0.0573 0.58471 1.34294
-0.90285 1.22103 -2.09644 -0.50571 -0.36335
-1.58486 -0.27622 -1.40299 -1.36858 1.05685
0.34637 -1.22166 -1.53895 -3.64477 1.06725
-1.47283 -2.82012 -3.29072 -2.98041 -0.93834
-0.32857 -5.89959 -2.3245 -2.01681 -2.02979
-2.58432 -6.65564 -0.16137 -1.75635 1.5678
-1.37374 -6.12033 0.10826 -2.55873 -0.74633
-1.99959 -6.32949 -0.2128 -1.38384 0.63608
-0.99541 -8.19373 0.18244 -0.98409 0.50792
-1.96278 -7.54103 0.92614 -0.37227 0.08426
-1.18525 -8.88138 1.91553 -2.0806 0.82533
-0.75695 -10.07467 0.67034 -2.57666 -0.33784
-2.20181 -11.92641 -0.39627 -2.79846 -2.85074
-0.21925 -10.08468 0.44569 -1.31581 -1.9743
