1.222 -0.42435 0.05534 0.41629 -1.26327
0.81297 -0.95611 -0.95033 -0.47635 1.11553
0.2688 -0.1541 -0.45 -0.0511 1.83371
-0.17975 -0.6873 0.57947 2.26351 0.03065
-1.36712 -1.71929 -0.33232 0.27835 0.10939
-0.33226 -1.72202 0.12785 0.9696 -0.29455
0.53902 -2.08453 1.10014 1.23292 -0.00486
-0.61621 -1.84126 -1.28616 -1.1121 0.09284
0.74754 -0.53224 -0.09317 -1.81181 -0.36606
0.5524 0.40994 0.03562 -0.4398 -0.06395
0.42398 0.13536 -0.39727 0.53927 0.15123
0.38238 -0.76045 0.18822 -1.28655 0.76691
0.65855 -0.0041 0.26604 -0.84781 0.56525
1.47981 1.2333 -0.93438 -0.29431 0.33209
0.80275 1.59993 0.10857 -0.44544 -0.94284
-1.12503 2.4796 0.78657 0.27712 -0.002
-0.71926 1.90201 0.47696 0.70864 -0.74846
0.56274 1.94997 2.03762 1.10089 0.17222
1.0358 1.3792 -0.29438 0.58511 2.04591
2.77185 2.00159 -0.01478 -0.87525 2.35564
2.10208 2.82303 2.03882 1.6103 1.63708
0.58691 1.51085 0.69032 -0.44132 0.93326
0.85868 3.2135 0.33635 0.1265 0.10975
0.73483 2.67831 -0.46145 -0.27992 0.98947
0.71142 1.86654 2.36306 2.39634 0.24384
0.4698 0.44184 -0.6528 0.34942 0.83163
-0.38746 0.32393 1.21623 -0.06345 0.64627
0.20273 -0.7599 1.65712 1.65347 0.11172
1.69862 -0.19257 0.05376 0.6189 2.44012
0.54538 -2.43267 0.26869 0.44661 1.11214
0.41339 -4.16304 1.40741 0.98506 1.23937
-0.22998 -5.86842 -0.03974 -0.241 0.79415
-1.89558 -4.55836 0.28375 -0.44304 2.26406
0.58553 -4.05802 1.58115 -1.18648 0.01373
0.65633 -2.53632 -2.45593 -0.44046 -2.1705
0.29256 -2.24278 0.01757 -1.56809 -1.48457
-0.73478 -1.90082 -1.90939 -0.4234 -0.56113
-0.22641 -1.5789 0.38301 -1.72155 -0.81496
-1.51866 -1.95171 -0.13031 -0.96912 1.13127
0.97185 -1.9134 -0.33276 -1.64797 0.30616
-0.1402 -1.02738 -1.37767 1.01051 0.25437
1.32565 0.10049 -1.85891 -2.51837 -0.49344
-1.08974 -0.02741 -0.48952 1.21564 -0.82384
-0.79648 -0.88828 0.20706 -0.55265 -2.21551
0.12069 0.68776 0.03281 -0.40927 -0.30927
-2.24058 0.12712 -1.26967 0.61793 -0.87412
-0.85003 2.9746 -0.95641 -0.41484 0.42461
0.70627 3.54455 -0.20164 1.15589 -0.80608
0.28112 2.76325 -0.90891 0.35414 0.96433
-0.23969 2.21668 0.40674 -1.80812 -1.67746
-0.98426 1.77976 -0.3274 0.15942 2.00184
1.17725 1.2692 1.3112 1.05558 0.57049
-0.59896 -0.82611 0.40827 0.41716 0.05773
-1.79365 -0.94371 2.35734 0.25918 -0.10577
0.54186 0.5716 -1.42334 1.36409 0.56022
-0.53655 1.99169 1.60066 -0.25163 1.5692
0.74366 1.19634 -0.1336 0.24962 0.6666
-0.13345 1.25101 -1.12264 -0.15181 -0.08653
-0.77757 -0.19029 -0.79723 0.7458 0.37885
0.15083 0.52396 0.33601 0.54082 0.37389
-0.37271 -0.38991 -0.36719 2.20117 0.90423
-0.96956 0.46242 0.62092 -0.91265 0.96692
-0.26674 -0.90594 -0.54554 0.86218 -0.53782
-0.95244 0.29819 1.412 -1.23509 0.05318
0.21013 -0.06408 -0.12429 1.91993 -0.03662
1.16668 0.98419 -1.42674 -0.38149 -0.5126
-0.47541 -0.8339 -0.36301 -0.35358 0.53808
-0.3784 -0.87414 0.35557 -1.07419 -0.5595
-0.8105 -1.13382 0.94611 0.21891 -1.71963
-1.03867 -0.26286 0.62404 -1.1357 1.36579
0.39196 -0.74978 -2.2035 -0.1627 -1.61042
-0.93776 -0.91465 2.17934 -0.77614 -0.79881
0.75886 -1.27709 0.0852 -0.52082 -1.9604
1.7622 -0.5143 -0.63551 -0.27953 -1.57354
2.40728 -0.92402 -0.36823 -0.51423 2.27303
1.53048 -1.08466 0.09863 -1.49345 -0.30111
1.25404 0.358 -0.24758 1.44011 -0.35458
-0.00354 -0.64991 -0.48952 -1.87091 -0.44461
0.72342 -0.18888 0.94061 -1.09194 0.2774
-0.72198 -0.76933 -0.33125 0.50353 0.11826
0.92686 1.48739 -1.11269 -0.56107 -0.70266
1.22131 1.78983 0.09368 1.27341 -0.17652
2.15508 0.54333 -0.0853 -1.62702 -0.4668
0.193 0.32721 0.96839 -1.54775 -1.00727
1.64958 -0.71731 -0.02373 0.29037 0.75548
1.96003 -0.80594 0.53682 0.21201 1.59525
0.38561 -1.95695 -0.50869 0.91642 0.54535
-2.30739 0.0229 0.11438 -0.51764 1.64273
-1.63555 0.78304 -1.34392 2.21844 -0.71497
-1.14973 0.75617 0.98043 -0.45752 -0.67945
-0.08815 -0.02145 1.08701 -0.74638 0.37191
0.30326 -0.66738 0.28213 -2.51681 0.06207
-0.47129 0.13608 1.52952 -1.52142 0.1232
-1.13068 0.24588 -0.99236 -2.17665 1.68162
1.35661 0.43319 -0.47409 1.12974 -0.0117
3.09904 0.05845 -0.32836 -0.84588 -1.64399
0.39536 -0.61887 1.41006 0.28576 0.12376
-0.5042 -0.30822 1.84628 0.87798 -0.65007
-0.51434 -1.37674 -0.41313 -1.545 0.66996
-1.67804 -1.73049 1.99526 0.61278 -0.37818
-1.01946 -1.51954 0.06656 0.31384 0.31435
-2.34474 -1.38052 0.41925 -0.44898 1.01839
-0.7358 -1.60468 0.5761 0.23203 0.96597
-0.66133 -1.51575 -1.35296 0.5338 -0.23683
-0.13263 -2.8926 -0.7768 1.25488 0.39178
-0.48084 -3.96235 -1.3737 0.84792 0.41309
-0.83269 -3.86621 0.60263 -1.21021 1.3865
-1.34334 -3.56083 -0.00397 -0.23792 -0.08008
-0.1198 -1.89973 -0.35674 -0.66966 -1.22663
1.57859 -3.97656 -1.03488 -1.03256 -2.61401
2.13825 -3.41048 0.90458 -0.77902 -2.43234
3.30545 -4.19911 -1.7701 -0.70971 -3.43874
1.68966 -3.1105 0.79682 -0.76854 -2.77143
-0.28475 -2.24107 -1.96528 0.64047 -2.08459
1.02693 -1.78297 -0.83039 0.06072 -2.27585
0.8325 -0.36306 -2.41865 -2.03859 -1.51147
1.88881 -0.10923 -2.60042 -0.61595 -1.93597
0.39323 0.4649 -1.97528 -1.09259 -1.21271
0.39813 1.06044 -2.06771 -1.25542 -1.51441
0.01446 -0.68596 -0.23037 -0.95544 -0.55533
0.67861 -0.51525 -0.77353 -0.6336 1.30088
0.3527 -2.31711 -1.41322 -0.1596 0.77445
-0.84258 -2.08428 0.50011 -1.02301 -0.04812
0.47954 -2.73855 -0.49723 1.63007 0.52593
0.16908 -2.6807 0.24441 -1.78467 -1.51918
1.46979 -1.07616 -0.1916 0.81185 -2.79465
0.91372 0.10473 0.52619 -2.07353 -1.12889
-0.31006 1.40986 -0.85271 -1.27901 -1.29567
-1.52365 1.12 -0.87136 -1.12826 -1.24452
-0.68853 3.22286 -2.19548 1.059 -0.03185
-1.19785 4.23693 0.63586 0.14581 -0.75978
-0.33016 3.52834 0.25157 0.14367 -1.14824
1.94092 3.70807 1.86481 -0.22178 0.27097
1.50483 5.01414 1.54438 1.27165 -0.5746
0.34381 4.15813 2.22368 0.96806 1.86845
-0.65851 3.62775 2.30104 2.13459 1.69427
-0.14077 2.272 -0.36692 -0.50483 2.41892
-0.4193 2.83028 2.65563 0.29166 2.05717
-0.91628 2.43488 1.08543 0.59038 0.93361
-0.12557 3.11618 1.85018 -0.02967 0.32488
0.1053 2.73361 0.55829 0.69631 1.06807
1.26924 2.51343 0.82538 0.77653 1.79939
-1.32037 2.40287 0.71292 2.12016 -0.6716
-0.06435 1.26635 0.80983 0.9376 0.85313
0.35547 2.66331 1.90149 -0.21377 0.10849
-0.46654 2.60358 2.79758 0.4286 2.00094
0.68386 1.4575 2.18299 -0.48663 1.40047
-0.6332 0.31351 0.07492 -0.50677 0.50185
-0.07875 -1.56852 1.26473 -0.64195 1.49624
-0.72073 -2.45069 0.34457 2.02605 0.95878
