1.1981 1.45056 0.25857 -1.80816 -2.28042
2.4346 1.29417 0.29228 -2.77043 -3.60906
0.39699 0.44562 -0.02632 -2.28638 -2.22726
-1.34366 0.28198 -2.07245 -1.54165 -2.69388
-0.62881 1.45773 0.05159 -1.50011 -0.63939
-0.54535 0.41587 0.42633 0.44505 -0.73663
-1.21164 -1.27187 2.15729 0.53663 -0.28034
-2.94103 -2.52699 -0.64714 -0.30009 -0.93714
-2.63929 -3.18824 0.28064 -1.40206 -0.51504
-3.57009 -1.96899 0.82115 -2.19003 -0.82319
-3.29741 -0.59686 -0.34156 -3.41392 1.31083
-2.70571 -1.02219 0.50751 -4.15141 1.62099
-2.83844 -1.69357 -1.57397 -4.07736 2.13839
-1.83193 -1.27721 -1.27401 -5.0307 -0.16225
-0.76166 -1.45499 2.07838 -5.75039 0.74787
-0.39016 -2.50992 0.85285 -4.95283 0.95934
-1.32482 -0.98954 0.10241 -4.74393 2.14285
-0.57269 0.71645 -1.57266 -4.18661 1.18326
0.11094 0.27133 -1.08353 -2.70455 0.35059
0.44425 0.85254 0.59773 -1.73619 0.23259
-2.27846 1.35782 1.0971 -2.21624 0.21025
-2.34163 0.88276 0.84008 0.66875 0.05837
-1.03169 2.14113 -0.06713 2.3271 -0.4229
-0.95236 1.66449 1.26666 3.75094 1.52012
0.70283 -0.55073 0.10655 2.49774 1.94916
0.02603 -0.61458 0.46708 1.51392 1.70528
-0.66071 0.25051 -1.93161 1.07344 2.12923
-1.45679 1.41637 2.59395 0.18376 0.57349
-0.55788 2.66047 -0.86997 1.23649 0.67163
-1.20911 3.3236 -0.11538 2.46514 -0.90752
-1.55057 3.725 -0.22655 3.86972 1.27659
-2.44905 2.5358 -0.26799 5.4468 -0.14575
-3.40921 0.21797 0.81237 5.62722 -0.36546
-2.3292 2.0897 -0.78002 3.12459 0.84683
-1.64698 2.92825 0.09909 3.03721 -0.58127
-2.22717 3.79575 -0.05104 1.84803 1.22597
-1.48067 4.47236 0.60217 1.90724 1.29956
-0.59841 3.3609 -0.80862 2.1115 0.55408
0.83999 2.46032 0.37857 1.53874 1.04211
0.761 1.34077 -0.76185 0.59401 1.06978
-0.29049 2.2085 1.92588 1.26938 -1.73355
-0.99972 2.79498 -1.52411 0.92186 -1.11099
-0.78548 1.51643 1.19164 2.98888 -0.97656
-0.8053 0.08877 0.29957 1.92744 -3.11641
0.71191 0.26912 -3.76092 2.2915 -2.5484
-0.40112 -1.0044 -0.31455 0.11129 -1.258
0.78259 -0.43043 0.04178 -1.17133 -0.72738
0.34459 -1.23936 -0.11285 -1.99651 -0.34233
-0.18687 -1.54039 0.29611 -1.67841 -2.20933
0.70266 -3.59526 -0.11694 -0.1602 -1.42385
0.9187 -3.3343 1.13028 -0.20324 -1.59042
2.57475 -1.56405 -0.25115 -0.15657 -0.96578
1.98941 -1.18167 -0.41108 -0.32748 -2.0685
1.69738 -0.76086 -0.98855 -0.55275 -0.69091
0.28668 -0.95337 0.03349 -0.60071 -1.95129
1.96996 -1.7103 1.26189 -0.82216 -1.58323
2.51711 -0.80222 -1.13473 -1.29093 -1.17125
2.6796 -1.37683 -0.43802 -1.46761 -0.93494
-0.29374 -1.9597 1.00442 -3.82904 -2.06291
0.09653 -0.7808 -0.78912 -1.99211 -1.12164
0.36729 -1.01783 -0.4868 -1.35485 -3.01327
0.60975 -1.31615 1.70779 0.09079 -3.14195
-0.77898 -0.43782 -1.60858 -1.26428 -4.40941
-2.21254 -0.51651 -0.14979 -0.39492 -2.39864
-3.27863 0.11757 -1.30835 -1.9354 -1.94827
-4.43611 -1.36662 0.9063 -1.49109 -0.03187
-4.50519 -1.89785 -1.0559 -1.88523 1.50264
-4.72391 -2.59449 0.95716 -0.9344 1.53604
-4.52503 -1.04414 0.7327 -3.46128 2.66636
-2.61505 -2.41319 -1.0207 -4.40556 1.10043
-2.07894 -2.6088 0.56402 -5.38317 2.22083
-1.89278 -0.86878 -1.27077 -5.24197 1.45773
-1.11436 0.30951 -1.08816 -5.40911 -0.73555
-0.38362 1.41737 -0.84713 -6.04846 -2.36862
0.42015 -0.02731 -0.17066 -4.77721 -3.92954
-0.07467 -0.77263 -0.14045 -3.32694 -2.25669
-0.65255 1.80455 1.89276 -4.61908 -1.83922
-2.72206 0.7972 0.56837 -1.9614 -3.3638
-2.2593 -0.32164 -0.23678 -1.85152 -2.79653
-2.92717 -1.24642 0.44216 0.26057 -1.91816
-2.45075 -1.65845 1.04823 -3.3544 -0.9154
-2.56024 -2.49162 -0.20437 -4.71304 -2.38944
-3.07497 -2.01099 0.74134 -5.86919 -2.26017
-3.54764 -3.24734 -2.40873 -4.44785 -0.36666
-2.62371 -1.51496 -1.46079 -4.00402 -0.58622
-1.39623 -2.20705 1.0726 -4.52531 0.47491
-1.38921 -2.40289 -0.07025 -5.01072 -0.80579
0.09638 -2.62388 0.80658 -6.83365 -1.62717
-0.27934 -1.54731 3.09263 -5.61027 -2.31446
-0.19953 -3.52422 0.18235 -2.90773 -1.0331
-2.54103 -0.97157 -0.26251 -3.97567 0.46758
-2.30361 -1.2211 0.69771 -2.28531 1.12005
-3.19191 -0.20032 -1.43833 -2.80728 0.95148
-1.49218 -0.5152 2.17684 -2.97976 -0.69151
-1.10096 -1.80786 -0.38187 -1.66405 0.67996
0.25482 -2.62453 0.29479 -1.05689 0.35398
1.40539 -2.4821 1.84596 -2.97191 0.77637
-0.34242 -2.02254 1.20207 -2.54678 -0.29002
-0.55468 -1.81248 -1.21997 -3.67539 -0.8609
-2.42529 -1.80091 -0.34951 -5.37059 -0.37961
-1.46935 -2.9191 -1.47694 -4.31803 -0.44914
-3.00061 -4.16301 0.57264 -3.8379 -0.93085
-2.89825 -1.17478 -0.69098 -2.49391 -1.25091
-3.38171 -2.12527 -0.69328 -3.34424 -1.31142
-2.24025 -2.08614 -0.31408 -2.52613 -0.75194
-1.14572 -1.96786 0.32008 -4.68849 -0.79453
-2.01407 -2.5187 -0.832 -6.76202 0.58959
-1.61036 -1.54763 -0.50439 -5.63471 1.41397
-1.23109 -0.33458 -0.13144 -5.87592 0.99388
0.77957 0.20421 -1.24526 -4.56885 -0.46855
-0.0687 -0.08956 -0.96826 -5.24001 -0.64457
-0.09719 -0.525 -0.01798 -3.82861 0.32841
-0.32991 0.01223 -1.34782 -3.80006 1.09514
1.09926 -1.31733 0.7511 -1.99981 -2.01113
1.69142 0.2873 0.95053 -1.12582 0.4793
1.08185 0.34099 -1.27031 -1.27701 0.51123
1.81897 0.20536 0.37067 -2.15419 0.48057
1.66175 -1.26449 -1.52027 -1.64527 0.36903
1.0352 0.15157 -0.72513 -0.76764 -0.27663
2.04493 0.71492 0.02322 -1.48987 -1.32751
2.14489 -0.93265 -0.037 -1.78038 -1.99607
1.09327 -1.74653 0.43798 -1.34769 -1.78471
0.70682 -2.93149 0.53075 -3.38993 -2.64333
0.12444 -3.37823 -0.94813 -1.76475 -1.56983
0.02724 -4.19974 -0.61112 -2.62774 -2.95639
1.22779 -4.21111 -0.54721 -2.85885 -2.06198
0.47585 -3.11921 0.32274 -3.40195 -0.30469
0.44415 -3.43689 -0.05297 -3.88448 0.41326
1.01731 -2.21646 -0.08091 -4.70087 0.05883
1.73869 -1.45625 0.65311 -7.31888 -0.01064
1.1533 -3.1501 0.32932 -7.20473 -0.68171
2.36373 -3.45099 0.97768 -6.97019 -0.94984
0.44312 0.03431 0.84492 -6.5101 -0.1228
-2.29335 0.26472 1.73547 -5.40435 -0.78376
-1.54603 -0.33754 0.40108 -2.82661 1.07733
-2.16923 -0.15518 -0.82711 -1.40822 0.35516
-2.56953 -1.03805 0.80143 -0.80394 1.54329
-1.47319 -0.07412 -0.69502 -1.08003 0.48281
-2.23583 -0.39699 0.01539 -0.77127 0.77184
-3.015 -1.25754 0.82877 -0.88787 -1.14507
-2.90876 -1.68331 1.18946 -1.89155 -1.59062
-3.9342 -0.61709 1.00837 -2.67989 -1.39227
-1.75857 1.25987 -1.08406 -3.58234 0.54745
-1.27633 3.67993 1.67937 -3.07979 1.60827
-1.53845 2.17999 0.36129 -3.57229 1.02584
0.47306 0.39514 -1.17819 -4.2804 -0.57969
-0.46807 -0.01739 0.12017 -4.63503 -0.9155
-0.532 0.01231 -0.73785 -3.67216 -0.13087
0.38033 -0.56354 -0.2627 -4.04136 -0.46186
0.18074 -1.72605 -0.48699 -4.31019 -1.52626
