0.35292 2.34238 1.44028 -0.14115 0.60147
-0.96861 1.8876 1.11902 -1.32335 0.34224
-0.83043 1.41939 0.39096 -2.26096 1.76598
-0.83881 0.26118 -1.70419 -0.87335 -2.61514
0.52501 -1.08212 -0.12856 -0.10504 -0.04311
3.11967 -2.35266 0.43427 -0.67924 -1.86957
1.09463 -2.19249 0.65635 -0.26852 0.62967
1.5598 -2.73651 -1.49756 1.14553 -0.18562
1.56564 -2.32414 0.70012 -0.40257 1.08064
0.13811 -3.39793 0.60607 -0.75359 -1.59793
-1.02786 -3.71558 -0.69718 -0.9929 0.09399
-0.59475 -2.38415 -0.84152 -0.01892 0.29739
0.13276 -4.65915 -0.17707 -0.13584 -1.02348
0.38195 -3.91961 -1.54194 1.22091 -0.46029
-0.14526 -4.79001 -0.53976 -0.21102 -0.2499
-0.29155 -3.79875 -0.45201 -0.87458 -0.82905
-1.26141 -3.54852 -1.13964 0.10603 0.40708
0.29199 -5.08663 -0.99522 -2.00208 0.19572
-1.49677 -5.14462 -2.63254 -0.01468 -0.41039
-1.82415 -4.99704 -1.75769 -0.08149 -0.13948
-0.04857 -5.1728 -2.43619 -0.58294 1.6994
0.79977 -5.80399 -1.79763 0.41386 -0.65042
-0.9945 -4.34117 -1.49744 0.11849 0.23375
-2.40282 -3.25754 -2.70442 0.03782 -0.68577
-1.8416 -4.61488 -2.20151 2.07439 -0.8022
-0.5266 -3.80215 -1.19857 1.48701 -0.9948
0.56177 -3.08381 -1.38329 0.73891 -1.9065
-0.73877 -3.31135 -0.16974 -0.14958 2.05198
0.80945 -4.29804 -1.16825 -0.83435 -0.82185
-0.30323 -4.25789 -2.06962 -0.51088 -1.07161
0.92111 -1.44943 -2.4397 1.14069 0.80148
-1.40035 -1.65208 -2.11541 2.96986 0.89846
0.12562 -1.97811 1.61498 2.92487 0.97382
0.35359 -1.56082 1.46335 1.63867 0.75356
0.21765 -0.07483 -1.45797 2.50473 -0.76127
-1.47831 0.67857 1.07845 3.14527 -0.12608
-1.14859 -0.49479 -0.04377 0.92304 0.21413
-1.52157 -1.91805 -0.68829 0.04541 -0.17643
0.09996 -1.24334 -1.13964 3.16119 -1.50382
-0.40813 -1.4299 0.97587 1.84677 -0.60988
-0.41765 -0.43885 0.71033 1.48987 -1.79403
-1.84108 0.57874 -0.67167 0.7555 -0.86799
-1.8489 0.59122 -0.27022 -0.13505 -0.6919
0.47069 0.89289 0.29443 -1.47502 1.05222
-0.13445 -0.7575 -1.94214 -1.41433 0.86293
0.97729 -1.10242 0.85361 -0.01593 -0.40165
0.07829 -3.79589 -0.84406 0.28754 -1.60417
1.00352 -5.66317 -1.0791 0.77924 -0.74915
2.26899 -5.95698 -1.33752 0.77276 0.69105
0.28527 -5.21155 -0.61397 0.39728 -0.77822
0.36616 -3.91899 -1.07964 -0.22386 1.23354
1.4063 -4.12231 -1.89478 0.00212 1.1068
1.35384 -4.4096 -2.55425 -0.5658 -0.7206
2.83908 -4.63922 -1.98276 -0.31736 1.13122
0.35713 -3.74002 -3.24351 -0.23805 0.60499
2.08479 -3.70335 -1.85367 -0.35166 1.51372
1.94001 -4.00898 -1.78935 -0.72408 0.57053
-0.7086 -3.26884 -0.24852 -0.46611 0.41737
0.16497 -2.49703 -2.09242 -0.86849 0.07305
-0.06413 -2.60188 0.09616 -0.55727 0.86037
1.49774 -1.96507 -1.28189 -0.68821 0.30399
0.80572 -0.88118 -1.30029 -0.89691 -0.06985
-0.06697 0.20634 0.78852 -0.62604 -0.78704
1.20632 -0.4681 0.24181 -0.06628 -0.99455
-1.0997 -0.42998 -0.10931 0.89457 -0.52815
0.61919 -3.10808 1.71269 1.221 -0.64474
0.07096 -2.39217 -0.47208 2.60067 -1.42025
0.50415 -2.28561 -0.90825 1.63743 0.66134
0.30355 -2.6953 0.0741 2.63095 -0.01812
0.95936 -2.1595 0.49136 2.09856 -0.12239
-1.08486 -0.22338 -1.06062 0.76303 0.32371
-0.08681 2.00057 -0.58045 0.53567 0.62898
0.95979 3.36706 0.62298 -0.7723 0.42367
0.77097 2.11793 -1.04752 -0.36726 -0.76752
1.90283 3.25362 1.19141 1.1887 0.05351
1.68326 2.20964 1.71932 0.84745 -0.32036
-0.03099 3.53731 0.69669 0.48088 -0.52248
-0.22027 3.88119 -0.55892 -1.20658 0.59808
-0.14539 4.49196 1.29214 -0.17933 1.07947
-0.69942 2.32528 0.87838 -0.37152 1.04149
0.27573 2.6626 -0.16181 -0.43978 0.56161
0.54808 2.46332 1.037 -1.3399 1.77287
-1.21402 1.23544 0.12398 -0.97467 1.3167
0.7868 1.32202 1.61378 -0.41044 -0.18086
0.53482 4.10533 0.2553 -0.82479 -1.37523
-0.16081 2.78405 0.55994 -0.82775 -0.64691
-1.52526 3.53269 1.48969 -0.92822 -1.75405
0.78485 -0.1311 0.46289 -1.36859 -0.17496
1.61741 -0.76005 1.05145 -0.62421 0.15714
0.11605 0.48983 0.17292 0.66245 -0.75818
-0.58507 -1.98166 1.85948 0.48347 0.21731
-1.23865 -2.7917 0.19488 1.69902 1.29812
-0.26147 -3.46855 -0.5677 0.49471 -1.81264
-1.83837 -3.87373 0.1767 0.43751 -1.28161
0.20961 -2.56557 1.2784 0.93141 -1.35992
-0.5403 -3.06657 -1.64498 0.93052 0.16643
-0.31929 -3.82744 0.65496 0.22674 -1.24744
0.51958 -2.50558 -2.27343 -0.58815 0.82841
-0.10925 -0.09305 -2.4665 0.53901 -0.86482
0.27484 -0.59069 -0.75541 0.78147 0.27217
-0.11439 -1.66133 -1.79584 1.78839 -0.69023
0.29332 -1.04043 -0.329 2.72071 -0.64909
0.30798 -0.21859 -1.24773 3.21302 -0.2633
-0.851 0.64814 0.72651 1.30828 0.38767
1.01593 0.36491 0.19726 0.48978 0.44007
0.34667 1.36376 -0.41654 2.15375 -0.37748
1.38624 2.12726 2.61188 1.8224 1.6433
-0.7709 1.05394 0.62969 1.8361 -0.36789
-0.52124 -0.57708 0.57187 2.7811 0.29694
-1.39516 -0.73568 0.97457 -0.21994 0.8592
-1.363 -1.1219 -0.75738 -0.70509 0.13059
1.26578 -3.06599 -0.97096 -0.84829 -0.22058
-0.14977 -4.3658 -1.135 -1.20987 -0.00852
-1.5031 -4.08692 -0.58134 -1.67683 0.21433
1.75978 -3.23278 -1.81984 0.55444 -1.07308
-1.09777 -3.53666 -1.26916 0.26609 -0.30254
-2.35735 -5.00861 -0.39485 1.01326 -0.22705
-1.75072 -2.87076 -1.74438 1.29777 -0.94208
-2.4294 -2.36454 -0.10073 0.6777 -2.05415
0.00395 -1.53153 0.10761 0.24761 -0.24313
2.12511 -1.9799 -0.58156 0.6666 -0.15025
-1.12486 -1.69981 0.33657 2.25666 -1.49417
-0.11227 -1.9873 -0.12279 0.10826 -0.24268
-1.62231 -1.11658 -0.51317 -0.93701 -2.21377
0.44808 -1.889 -0.43022 -0.65684 -1.9647
1.19153 -1.7661 -1.14087 -0.32218 -2.68754
0.63396 -2.78167 -1.48361 -0.45345 -0.46091
1.76891 -3.48336 -1.52127 0.76906 -2.01129
0.1137 -4.49798 -0.63757 0.64176 -2.11947
-1.09517 -3.0674 0.52634 -0.57785 -0.25512
-2.12492 -3.36108 -2.31956 -0.1708 -0.07291
-1.18702 -1.70381 -1.94444 1.32749 0.1957
-1.15268 -1.0278 -2.08093 -0.05986 0.08971
-0.368 -0.50787 -1.97784 -0.66627 -0.59569
0.12556 1.85894 -1.72481 -1.43518 -0.50792
1.50672 2.11611 -0.3537 -0.10585 0.86165
-1.10351 3.22187 -0.62554 -1.23415 0.72941
0.87091 2.17912 0.44076 -2.1395 -0.38372
-0.66438 2.28776 -0.64222 -2.80962 -1.03458
0.11121 1.96735 0.0122 -2.60989 -0.99631
0.60953 1.3887 -1.60959 -2.1208 -0.70264
-0.55955 0.79844 -1.40556 -0.62203 -0.98034
-0.46832 -1.47767 -0.37251 -0.11095 -0.53649
0.03362 -2.53284 0.49358 -0.97457 -0.2934
-0.12344 -1.64042 -1.18605 -1.16851 -1.33166
-1.69442 -2.3009 0.66151 -0.15595 -0.70989
-0.95151 -0.86975 -1.60769 1.48007 -1.80615
-1.98137 -1.89277 0.0086 2.44376 1.48371
-0.69427 -1.11318 0.08306 1.00249 2.08364
0.55237 -1.5016 -1.46895 0.80228 0.44575
