0.43695 -1.13579 -0.05176 -1.8461 -0.09186
0.36089 -0.58745 1.2855 0.8807 -1.80247
0.88196 -1.14897 1.16678 1.8948 -0.51473
0.23617 -1.66514 1.88255 0.24941 1.02252
1.03632 -0.18798 2.35996 0.56664 1.55947
0.56126 -1.57351 0.06325 0.83475 0.30752
-0.12435 -0.08888 -0.14165 -0.00298 0.60205
-0.266 -0.76768 -0.33491 0.55082 2.81226
-0.38669 -0.38776 0.76517 0.32963 5.05245
-0.08612 -1.25609 -0.21551 0.69978 5.84062
0.93488 -0.6534 -0.34569 1.44329 4.00616
0.72531 -1.66699 0.64527 -0.95048 4.34041
-0.28404 -0.20782 1.468 -0.09519 3.44943
-0.66316 0.17803 2.41106 -0.84981 3.2463
0.04009 0.03647 3.16977 0.50234 2.92336
-0.16857 -0.12014 1.45637 -1.04237 3.69725
-0.32895 -0.63566 2.4135 -0.26109 3.10732
-1.73458 -0.42258 1.50375 -2.5393 5.08365
-1.48648 1.21353 0.03309 -3.06068 5.54075
0.20648 2.58105 0.03883 -1.00315 6.32595
-0.13178 0.96776 -0.25376 0.4972 5.91106
-0.07969 -0.42174 -0.85903 -1.0388 7.0854
-0.60193 -2.28469 0.80562 0.15115 6.46802
-1.28674 -1.32431 1.92643 -0.3794 4.94257
1.35685 -1.51267 1.71921 0.40407 4.61525
2.55538 -2.08766 -1.00842 -0.35135 4.18734
1.28958 -1.85373 0.332 -1.31369 5.38358
-0.83498 -0.81358 -0.61724 -0.56626 6.61428
-0.67248 1.1354 0.11231 -1.08689 8.92325
0.41097 1.19204 0.41254 -0.58244 9.60725
0.72121 1.1201 -1.23053 2.95871 8.50551
-0.32562 0.42026 0.04503 0.9729 8.09954
0.55294 -0.47486 0.33254 -0.44215 5.4516
0.56874 -0.1818 0.46431 0.70044 5.00723
-0.4084 -0.03197 0.2929 -1.42769 5.38052
1.54587 1.0907 1.46622 -1.31731 5.63836
0.9022 0.0343 2.15814 -1.05249 5.18022
0.80313 0.17353 -1.06391 -1.53283 5.90789
0.76658 -0.93916 0.04731 1.2105 6.35436
1.27989 -0.56009 -0.09137 0.79681 5.05295
0.26583 1.29227 1.65629 1.00594 3.79115
0.38057 1.93134 0.92848 -0.0624 4.50855
-1.13735 2.15102 0.12597 -0.23381 2.4334
-1.71448 1.0025 -2.14691 0.09322 2.75332
0.47458 0.83972 -1.84575 -0.02035 3.15589
0.34861 -0.23316 -1.13221 -0.33494 5.03715
1.24072 1.77635 -0.1037 -0.19355 5.52578
0.7618 -0.5048 -0.1295 -0.78268 5.18556
-0.677 -1.21312 -1.36994 -0.03382 3.24052
-1.27775 -0.39918 -0.91717 -1.3418 0.88523
-0.82005 -1.20536 -2.20071 -0.06932 1.39408
-1.15415 -0.00472 -1.36119 1.00926 0.36534
-0.2865 -1.25014 -1.40341 -0.11793 -0.20839
0.8581 0.06722 -0.65849 -0.08569 0.09572
-0.42048 -1.05021 -1.05776 1.31023 -0.13979
0.02725 -0.86228 -1.27249 0.65994 -1.42053
-0.61359 0.22145 -0.59811 -0.92794 -2.40842
-1.78869 0.92063 -0.05074 -1.428 -2.99529
-1.93979 -0.32292 0.62923 -1.2824 -2.5903
-2.99476 -1.47551 -1.20897 -1.64264 -2.55593
-3.82628 -1.65268 -0.7725 -0.58081 -3.17437
-1.91879 -0.29356 -0.33875 0.59608 -2.10624
-1.36039 -3.28872 -1.16309 -1.22937 -1.96798
0.25964 -2.33447 -1.39247 -0.19682 0.26337
1.30756 -3.32676 -0.81533 -0.30687 1.01207
1.49227 -2.44638 1.77557 -0.61828 0.9223
0.64605 -1.50927 -0.16418 -0.87738 -0.63653
1.44684 -2.40774 -0.43763 -0.18971 -0.42814
1.61604 -2.2101 -2.80224 0.88698 -1.89594
-0.24243 -1.58183 -1.40149 2.72232 -1.62006
-0.09607 -0.16546 -2.04029 0.9305 -1.83517
-0.21807 1.16573 -1.10068 0.03859 -1.18348
0.41702 0.87435 -0.98713 -1.02614 -1.0463
0.87417 -0.5887 -1.23954 -1.2692 -0.95785
-0.47649 0.40787 -3.34184 -0.98518 1.09836
-1.19088 -1.15128 -2.3534 -1.36238 -0.83722
-0.47512 -2.35462 -2.04508 0.41782 -1.82079
-1.20458 -1.17466 -3.32597 -2.25733 -3.07703
-3.02596 -3.74993 -1.92496 1.00664 -2.29329
-2.72998 -1.05002 -0.70677 2.98981 -4.5342
-3.22649 -1.0337 -0.22277 0.79344 -4.78275
-3.29915 -1.3418 -0.84452 1.29056 -5.45996
-3.82521 -2.05955 -1.63061 -0.43521 -5.47927
-3.79071 -4.64791 -1.65113 -0.48344 -7.07946
-2.94085 -1.45292 -1.48102 -0.87002 -5.78745
-2.09195 -0.74685 -0.19472 -1.75174 -5.58736
-2.1954 -0.54508 -0.4848 -1.2745 -6.54817
-2.44197 -2.67755 -2.14606 -1.23166 -6.63313
-2.14311 -4.73449 -2.16392 -1.46439 -6.21557
-1.95392 -2.23087 -0.00492 -1.62682 -5.6685
-4.06495 -1.5792 0.61825 1.15203 -6.09348
-4.70061 -1.43331 1.34077 0.39083 -4.75054
-5.68455 -0.76947 -0.14363 -0.21877 -4.41655
-3.2645 -0.57426 -0.53646 -0.45269 -3.6644
-3.66704 -1.03629 0.00758 -0.44308 -2.11193
-4.24325 -2.18095 -0.12887 -0.62803 -0.85314
-2.99342 -2.7249 1.12153 0.4908 -2.40697
-2.48994 -2.76287 1.21962 -0.42578 -1.81225
-3.06232 -0.61546 0.31058 0.32491 -0.39595
-1.61675 -0.29327 -0.66723 0.15568 -0.63741
-1.98009 0.44339 -2.58327 -3.04268 -1.93268
-2.76718 0.44553 -2.04948 -0.172 -2.90573
-3.71242 -0.53672 -1.18969 -0.15963 -2.73796
-2.93081 -2.25103 -1.96017 -0.60434 -2.4473
-2.01099 0.03488 -0.16752 -0.42621 -4.08237
-1.42306 -1.68802 -1.48405 -1.02871 -2.73976
-2.34635 -3.67035 0.09599 -1.37092 -1.94001
-1.87744 -3.32165 1.48556 0.16513 -0.80049
-2.78018 -3.20426 -0.36972 -1.41087 -1.01884
-0.84564 -3.40582 0.67243 -0.51781 -0.22837
-1.03478 -2.82027 -0.06184 -1.55328 0.37469
-0.64332 -2.96307 -2.07517 -2.0928 0.2943
-1.50867 -1.67681 -2.70341 -2.07711 -0.83395
-0.74974 -2.13351 -2.60859 -2.27852 -0.18617
-0.19776 -2.14934 -1.86523 -0.84947 0.28752
-2.16503 -1.30173 0.05955 -0.401 -2.01545
-3.35242 -2.80446 2.22954 -0.73306 -3.27054
-3.26643 -1.24899 1.21009 0.12015 -2.66747
-2.70343 -2.12945 1.28145 -0.22503 -3.37773
-2.15747 -2.35359 1.0263 1.82651 -3.94082
-1.25814 -0.51581 1.03607 -1.5325 -2.98069
-1.1613 -0.32975 -0.07439 -1.51855 -1.35353
-1.26003 1.03917 -0.39902 -1.08039 -2.63317
-2.17192 1.07251 -0.24424 -0.02621 -1.42679
-1.90012 0.78653 1.27457 0.33463 -1.16361
-1.92581 -0.68472 0.6464 0.10912 -1.43388
-1.18867 -1.4144 -0.61203 -1.74334 -1.59606
-0.4582 -1.76326 -0.59717 -1.95507 0.27914
-0.57228 -1.35518 0.70534 -1.21891 0.55684
0.87997 -1.80994 0.55342 -2.00243 0.21693
1.895 -2.42618 -0.53068 -0.71067 0.17697
1.14867 -0.73797 -0.35962 -1.30604 -0.43339
0.39418 -0.72058 -1.08747 -2.20431 0.55944
1.28078 -0.1148 -0.52215 -1.32171 1.6608
2.14239 1.54213 -1.34452 -1.07511 2.30407
0.13021 -0.49403 -1.54824 1.1136 1.63789
-0.34371 -0.17095 -1.66744 3.1861 1.01719
0.41268 -0.19343 -2.03252 -0.00957 1.67486
1.52871 0.77188 -1.34175 -0.58765 1.09415
1.34849 0.58179 -0.36887 2.34488 1.60369
1.10689 0.54924 1.33279 0.5424 0.30026
0.0355 0.68309 0.23886 0.82243 0.08445
0.00476 -0.75691 -0.58912 1.24417 -0.30435
2.04187 -0.35149 1.22491 1.77802 -0.21826
3.11539 1.16694 1.38516 -1.13113 -0.50934
1.51981 1.32051 3.58638 -0.03969 -0.6978
1.99111 0.31231 1.80432 -1.09554 -0.11179
0.92062 -0.06589 2.06794 -1.19366 -0.68397
2.28762 2.8161 1.20922 0.76854 -0.2377
2.70631 3.52182 0.93601 -0.0356 1.84021
