-5.10145 -5.26421 -0.53795 -0.98665 -2.11157
-4.00827 -4.16565 -0.83058 -1.53597 -0.97792
-4.16005 -3.77468 0.38975 -1.25809 -0.34214
-5.41452 -2.95332 -0.24459 -3.46853 -0.54313
-4.61329 -2.72964 -0.00563 -1.36099 0.32629
-5.37728 -2.72949 0.46209 -1.89875 -0.22204
-4.34669 -3.12195 -0.6045 -1.10744 -0.00782
-3.76776 -1.84769 0.69724 0.88557 -1.1379
-3.78609 -2.48852 1.15107 0.31141 -2.68004
-2.53725 -1.74037 -0.43437 -0.56871 -0.06537
-1.06162 -0.44048 -0.37447 0.28606 0.51508
-2.62687 -1.03689 -0.12248 0.69648 -0.61542
-2.5316 -0.93177 0.37826 -0.92131 -0.38294
-2.62421 -1.32606 0.95747 -0.30333 -0.53469
-3.14368 -0.51733 -0.65444 0.51898 0.55329
-3.27205 -0.30838 0.38112 0.30953 -1.86176
-2.20925 -0.9404 0.51348 0.08106 1.9622
-0.69477 -2.54349 0.20079 0.75225 1.30182
-0.52608 -1.44077 1.52358 1.35206 -0.79014
-1.12071 -0.92915 -0.5227 -0.085 0.32183
-1.75487 -0.32808 1.64856 -0.3962 -0.55482
-2.14319 -0.006 1.69647 -1.09206 0.87969
-1.97806 -1.12717 -1.00862 -1.9711 1.0678
-2.44865 0.62818 1.66204 -0.90278 0.20454
-0.95415 -0.32667 1.68834 -1.69738 -0.5891
-1.91688 -1.11819 0.98621 -0.70718 -1.0132
-1.49143 -1.12641 -0.1249 1.23147 -1.10798
-0.45969 -1.41509 -1.23219 0.77976 0.30412
-2.38262 -1.37079 -3.19836 -0.80887 -0.09817
-4.08044 -2.28032 -0.36736 -0.21368 -1.0811
-3.01414 -3.14808 0.40091 -1.89748 -0.45286
-0.99825 -4.53658 -0.83668 -4.64573 0.91104
-1.10558 -3.83589 -0.53246 -0.57719 0.5978
-1.6738 -5.07482 1.51499 -0.46254 -0.28519
-0.57573 -6.34305 3.29334 0.48499 -1.23844
1.81005 -6.99601 0.98633 1.22348 0.14974
3.17941 -5.18595 1.07173 2.29522 -0.39309
3.70773 -2.74499 0.28173 3.75356 0.55969
3.62982 -2.97759 -1.20501 4.11216 -0.49134
2.34579 -2.99604 -1.37644 3.86099 0.81867
2.86311 -2.24146 1.93924 4.8807 3.28665
3.38567 -3.56084 -1.24977 3.30033 0.24291
4.29517 -1.94637 -0.41667 1.73774 -0.55452
4.77783 -1.70744 0.81772 1.6905 1.30734
6.02326 0.95228 -0.75231 1.57899 1.62051
5.04188 1.25081 -1.59716 2.52112 1.86835
5.78441 1.6001 0.06942 2.65635 0.67942
5.84947 -0.51568 1.20224 1.92265 1.75865
5.45326 1.19785 -1.29465 1.92368 0.29028
3.45118 0.87163 -0.47716 2.6875 2.49071
2.15853 1.38088 -1.13098 2.11754 0.5328
1.70174 1.05355 -1.0645 0.7656 0.38359
2.5058 1.17903 -1.24648 1.4713 1.26863
0.94742 1.71897 1.53943 0.25505 0.17108
-0.30252 1.24785 0.69042 -0.5354 0.44719
0.47252 1.44733 -0.84958 -1.49315 2.43884
-0.27901 1.29675 -0.57661 0.49651 0.92992
-0.39544 0.32409 -0.42383 0.51056 -0.00562
-1.31713 -0.25088 -1.20094 0.85484 0.96702
-1.68335 0.75227 -0.61563 0.34709 0.88533
-2.18051 -0.10875 -0.09576 -0.26825 0.13822
-3.18863 2.47703 -0.1444 0.33757 -0.93879
-3.65665 2.79298 -3.30423 0.6049 -1.9546
-4.74805 2.76808 0.23954 -0.5636 0.70095
-5.01758 3.16062 -1.77112 -1.20353 -1.94797
-4.85945 0.08 -0.5137 -1.70615 -1.30817
-5.63612 -0.81897 1.01898 -1.04218 -0.6796
-5.12189 0.72034 -1.50198 -1.58615 -0.29766
-6.82855 2.66885 1.26251 -0.4307 -0.21575
-6.54509 2.20514 1.48585 -2.70871 0.48353
-5.74773 1.86676 0.30873 -3.56552 1.20247
-4.1414 2.10184 1.25721 -1.53311 0.12709
-5.01245 1.28959 1.41859 -0.82062 -1.45484
-4.35624 1.1271 0.68026 -3.41434 -0.80474
-4.27398 1.49257 -0.43533 -1.30223 -0.33389
-4.03034 1.1089 0.99355 -0.32467 -0.72173
-3.84981 2.0562 1.44568 -1.28714 -0.08127
-3.36747 1.20039 1.22583 -0.48163 -0.57609
-2.22099 1.64039 -0.40252 -1.21812 0.44843
-2.27491 1.18569 0.6406 -2.82978 0.57982
-2.2011 -0.1409 1.35151 -0.58777 -0.8427
-1.45483 1.23486 0.10582 -0.89335 -0.83669
-0.69058 3.55852 0.1597 1.17123 -0.90812
-0.34012 2.96746 0.69183 -0.65171 -1.25289
0.76515 1.34206 -1.32243 -0.89435 0.09574
-1.7758 0.70426 -1.49833 0.34195 1.61144
-2.05373 0.22578 -0.88772 0.24507 -0.7039
-3.15385 -0.89124 0.44906 0.75548 -0.24084
-1.69931 -0.64549 0.22422 -0.72378 1.0533
-2.07323 -1.33407 -1.23514 0.32685 0.14409
-1.66841 -0.7044 -1.46383 -1.59607 -0.21825
-1.20825 -0.09861 0.50009 -0.73037 0.6254
-0.7242 1.18915 0.02136 -0.37225 1.22146
-0.3334 2.10913 -0.5422 -0.54542 -1.13585
-0.96526 2.1019 -1.27522 -0.98379 -0.56422
-2.76004 0.41054 -0.65782 -0.24284 -0.52235
-2.78682 0.449 -1.80642 -2.3774 -1.13485
-2.72121 -1.8208 -0.40152 -2.25946 -2.14766
-3.81694 -3.45415 1.08421 -1.28134 -0.15223
-4.18724 -1.9762 -0.72013 -1.52151 -0.9329
-4.50092 -0.35329 0.3868 -2.73154 -3.01943
-4.34291 -1.07664 -0.47686 -2.1637 -1.87885
-4.14108 -0.03999 -0.40325 -1.44889 -1.25477
-4.62651 -0.82269 0.73952 -1.84598 0.51231
-4.29225 -1.30409 0.02157 -2.21909 -0.9645
-4.28501 0.47346 -0.13136 -1.52352 -0.92411
-3.16964 1.36095 1.16825 -1.70955 1.10041
-1.82529 0.6137 0.91004 -2.85488 0.19736
-0.61115 1.33388 -2.19541 -1.63028 1.68655
-1.92403 2.19624 1.53473 -1.89484 -1.19091
-2.07377 4.16735 0.3597 -1.33273 -1.44579
-1.03187 3.78484 0.35011 -1.25615 1.17541
0.91728 3.67327 -0.95975 0.03176 -0.8521
0.39457 1.11998 0.37097 0.69228 -0.70401
-1.69447 1.28282 -0.05805 2.64038 -0.45456
-1.03922 1.85377 0.48706 -0.25371 -0.06653
-1.53363 0.86366 -1.47043 0.10996 0.20009
-3.42008 1.13015 -0.45026 -0.57932 1.80272
-3.34144 0.47281 0.45524 0.36402 1.18771
-3.59837 -1.15349 0.62237 -1.7369 1.30178
-3.1973 -0.97722 0.04715 -1.28294 0.45979
-2.47447 -1.53026 -0.18188 -0.39061 -0.21827
-1.55219 -1.92119 0.35064 -0.62401 1.00179
-0.68275 -2.34116 -1.42666 -0.62468 -1.17288
-2.41284 -1.92345 -0.21722 -2.78003 -1.26336
-1.92106 -1.1218 1.69756 -0.91691 0.26721
-0.66436 -1.3876 2.01036 -1.94971 0.04932
-1.13294 -0.68358 -0.29108 -1.25526 -1.57384
0.80799 -2.89454 0.12719 -0.22335 0.74483
-0.32001 -1.60772 -0.01316 1.47469 -1.24764
-0.20727 -1.9755 0.66842 0.01517 -3.1503
-1.15621 -2.04999 0.21418 0.70588 -1.68539
-1.04527 -3.86756 -0.02833 0.27629 0.98619
-0.70692 -4.9742 -0.17345 -1.49588 0.57301
0.91048 -5.83036 -0.40812 -0.44443 1.98222
1.30007 -6.34899 1.2058 -0.26558 -1.27661
2.70224 -7.55091 2.03529 1.32393 0.18336
3.23468 -6.39565 -0.14298 0.75494 1.50246
2.93508 -6.04665 0.42648 0.23522 1.23954
2.17317 -4.1373 1.369 1.39399 1.81656
0.7292 -2.94388 1.41695 0.44677 1.04528
2.5685 -4.07278 -0.80053 1.06257 0.04282
1.76641 -2.23877 -0.18049 0.86238 -0.94612
1.74176 -2.50851 1.25757 1.87775 0.51485
3.55366 -4.14623 0.36155 0.44392 0.84765
3.04328 -3.37826 -0.66008 1.41406 0.50522
2.67109 -1.64649 -0.9433 2.07242 -1.04797
0.60635 -3.05084 0.55426 0.97251 2.36055
-0.00963 -3.22009 -0.36957 -0.43471 -0.33113
-1.55999 -2.18725 -1.35174 0.26755 0.5099
