-0.55724 -0.55692 0.66835 0.1863 -5.10738
-0.78152 -0.62511 -0.64384 -0.82405 -6.98662
-1.22432 0.14761 -1.03211 -1.19809 -7.71619
1.06885 0.50302 0.75091 1.1384 -5.36875
2.08824 0.71587 -0.39251 -0.43785 -6.19246
-0.58777 -0.54521 0.0777 -0.05918 -6.83519
-0.61282 -0.07416 0.03035 -0.04432 -6.5676
-0.1814 -0.32193 1.58906 -0.22981 -4.67977
-1.92777 0.12369 -1.26057 0.91908 -4.55069
-1.0497 -0.72616 0.42518 -0.09783 -3.91461
-0.07735 1.1897 -2.02046 -1.57352 -1.67485
0.32736 0.05166 -0.08751 -0.70442 -4.43044
1.22459 0.19454 0.40503 0.23011 -5.111
0.49938 0.63209 -0.80018 0.32902 -5.43725
1.17965 1.33999 -1.08361 1.88993 -7.45869
0.46549 -0.76442 0.28508 -0.72968 -8.14059
0.17218 0.38296 0.93082 -0.98381 -7.23022
0.31035 1.24845 0.1617 0.31534 -4.10395
-0.47547 -0.25002 2.86933 1.81619 -4.92133
0.52737 0.03034 1.95002 0.64283 -3.15201
-0.18754 0.79354 0.58738 -0.08555 -3.73664
0.73852 -0.10232 -0.27429 -1.0306 -2.80029
0.3037 1.41326 2.59707 -2.00859 -1.42665
0.79147 1.67203 2.59229 -1.62253 -3.15285
-0.20567 1.66157 1.63322 -1.35924 -4.0463
0.35152 -0.10398 1.40513 -0.76868 -2.75611
0.57759 -0.42493 0.67267 0.01778 -2.81106
-0.28984 -0.67401 0.46904 -0.61749 -0.94739
1.04849 -1.25475 -0.85363 -2.94297 -1.08574
-0.9015 -3.26299 -0.22433 -1.69539 -1.00267
-0.00433 -1.34472 -1.82736 -0.20733 -0.95188
0.00807 0.3551 -0.87079 -0.82177 -1.22432
0.37102 1.58356 -2.05581 -1.43742 -1.76122
0.60283 1.67513 1.64514 -1.08864 -3.35009
-1.34574 2.65271 2.35573 0.45017 -3.24369
1.35711 2.01695 0.44757 -1.20836 -4.04963
0.23285 1.41973 0.4869 -0.7437 -2.52805
-1.3663 0.35334 1.62484 -0.36702 -0.60027
-0.79433 1.1358 2.15495 0.6202 -0.94986
0.14701 0.44323 -0.47658 0.62049 1.04305
0.3669 1.02231 0.56958 2.86529 1.14178
-0.9674 1.0746 1.07455 1.46318 0.83113
1.09584 2.15453 0.78078 1.30861 -1.16422
0.50352 0.90338 1.61245 1.716 -0.01427
-0.44879 0.8719 0.93747 0.5232 -0.02139
-0.1623 0.92499 1.72003 0.08536 0.04705
0.24167 1.50935 0.63007 -0.76814 1.16267
0.87949 0.63795 2.43685 -1.73706 1.29085
0.12914 1.24845 0.68354 -0.10938 2.80044
0.29257 -0.11437 -0.74736 1.51003 5.6276
-0.0371 0.71207 0.59302 -1.51861 5.10471
0.39657 0.38984 -0.37894 -0.8575 4.88167
0.95273 -0.4183 -0.88325 -0.27403 4.83381
2.37421 0.19032 -0.59387 1.63829 7.41868
-0.28313 -0.00761 2.57405 1.63094 7.22956
1.40315 -0.57505 -0.64118 -0.02362 6.73856
-0.09697 -1.43083 1.30263 0.76873 7.11405
0.86874 0.05232 0.45827 1.57157 6.80035
0.17503 -2.3319 0.15976 0.72692 7.09079
-0.83448 -1.61814 1.14136 0.09599 7.17791
0.07573 -2.0555 1.99868 -0.5738 8.01943
-0.31921 -1.0943 -1.54065 0.81812 6.28206
0.74534 -0.06608 -1.95878 0.21398 5.69583
-0.35537 0.91649 -0.93267 1.14805 8.06299
-0.31596 0.04872 -0.55085 0.46766 10.01451
-1.00256 0.05891 -1.25043 -2.04508 8.70033
1.5672 0.46483 -0.3779 0.15902 9.67914
0.47862 0.73023 0.28549 0.66302 9.64266
-0.50455 -0.05106 -2.45146 0.76754 9.78779
-0.99744 -0.07542 -0.79645 1.59232 11.34737
-2.01592 1.6079 0.9291 1.96952 9.2994
-0.66892 0.77743 1.49339 1.2589 10.1334
-0.34254 -0.19137 1.30697 1.52029 8.79677
-0.10609 -1.48789 -0.26329 1.56469 9.33524
0.35936 -3.54108 0.55081 -0.31866 10.21973
-1.27961 0.00998 0.9966 -0.92902 9.7394
-0.06755 -1.09606 -0.76281 0.01388 9.6869
0.63451 -1.47148 -1.65359 -0.16133 8.27524
0.58247 0.69453 -1.23633 1.2472 8.85891
-1.24149 0.49364 1.04599 2.4097 10.80145
-1.03998 -0.40289 -0.38804 0.22755 9.63647
-1.27721 0.0996 0.05038 -0.75375 9.76643
-0.50469 0.25371 0.51717 -0.98663 9.29607
1.38546 -1.98569 -0.88462 0.09427 8.63988
-0.58829 -2.0279 -0.80944 -0.47726 9.31171
0.119 -1.02244 -1.71734 0.57982 10.88146
1.2582 -0.70796 -1.14677 -0.99143 9.58813
0.52001 -1.95573 -0.21034 0.98812 9.03285
-0.91712 -2.60989 -0.11246 1.47936 7.70478
-0.07892 -2.83793 -0.77412 2.31291 5.90086
1.45743 -1.63146 -0.13057 1.69727 4.84804
0.27104 -1.28523 -1.24789 1.50721 3.06191
1.09401 -1.14818 -1.42614 0.97622 3.19332
-0.49941 1.1659 -0.49865 1.47899 3.9878
1.11197 0.76835 -1.23129 -0.27151 3.17974
-0.28108 0.66117 0.06087 -1.57829 2.3384
-0.88457 -0.60887 -0.31265 -0.26879 2.5739
-0.18585 -1.1206 -1.6253 -0.05746 0.83988
0.58799 -0.87832 0.59656 -1.04992 1.68262
0.55146 -0.80676 0.61825 -0.80398 -0.12065
-0.1051 -0.69217 -0.61214 -0.05333 -0.86915
0.26398 0.69797 -0.35344 1.60727 -1.35245
0.58141 -0.08332 -0.4348 1.85978 0.45874
0.83898 0.12107 0.39378 0.03895 0.61317
-0.09014 0.92104 0.35535 -0.45085 -0.36913
0.3901 0.13986 -0.50313 -1.29275 -0.05572
1.77835 -0.01674 -1.19068 -1.93847 2.57438
-0.22784 0.14734 0.86092 -0.7806 3.3647
0.01907 -1.63931 0.16234 -0.59091 5.15008
0.60689 -1.42132 -1.05177 -1.27907 3.66148
1.37616 -1.28132 0.99948 -0.3604 3.714
0.06848 -0.91443 0.23884 -1.71797 4.93351
-0.89844 -0.53975 -0.11633 -0.87063 4.76721
-1.03093 0.55322 -2.51213 -1.43924 4.81302
1.08017 0.16503 0.99077 -0.04733 4.5583
0.2749 0.89088 0.54999 -1.59114 3.67792
0.84835 0.24268 -0.02577 0.57639 1.52069
0.18687 -1.33052 -0.13039 0.62716 1.30339
-1.16135 -1.75983 -0.70852 1.20883 0.03693
-1.47317 -1.84174 -1.21111 1.90463 0.03814
0.89991 -2.66336 -0.93927 0.87154 0.28912
-2.33853 -3.29726 -1.47739 0.5487 -1.10903
-0.13723 -3.40019 -1.27887 0.85826 -2.94715
0.85701 -3.00026 0.47125 -0.25456 -4.00353
-0.51617 -0.647 0.17258 -1.87673 -3.33003
0.35168 -0.57321 -1.1429 -0.67624 -4.50893
-0.33775 -1.59223 -0.81062 -1.87998 -4.03125
0.74541 -2.24718 -2.7925 -0.63784 -4.30123
0.30063 -1.64259 -1.80997 -1.32827 -5.18814
2.90188 -0.28382 -1.32982 -0.4216 -6.77905
-1.13083 -0.23983 -0.29927 -0.18974 -9.57894
0.67223 0.07838 -0.15949 0.27588 -11.02777
0.03408 0.41686 0.04668 0.33086 -10.97595
0.51674 -0.75747 -0.02681 -0.08075 -9.79818
0.84911 -1.1529 -0.18516 0.19367 -11.22695
-0.59142 -0.66006 -0.32517 -1.57272 -10.41563
0.3919 -0.94695 1.16984 -0.37736 -9.01604
-0.70144 0.29724 -0.11528 -1.12316 -10.94384
-0.87787 0.98674 0.52612 -0.14187 -10.34931
0.29783 0.32427 -0.1036 -0.22991 -9.61785
0.89794 0.8402 -0.12931 1.11571 -9.90244
-0.87017 0.53599 1.64497 2.86665 -9.24094
1.39493 0.87023 1.0824 0.16002 -7.39478
0.05921 -0.53431 0.62624 -0.22031 -6.64305
2.07912 -0.18554 0.53147 -0.84399 -6.02203
0.24642 0.03568 0.83486 -0.38442 -4.93748
-0.46985 0.64298 0.05035 0.08734 -1.72463
1.32878 0.9001 -0.64521 0.19206 -3.35611
-0.88356 2.78145 0.71539 0.02909 -2.57695
-0.04034 2.89899 -1.33464 0.96351 -2.76209
