-1.93378 0.82593 -0.05563 -0.37403 -2.39814
-1.08086 -0.27371 1.76541 0.38473 -2.62551
-0.74356 2.05822 -0.6203 -0.35512 -0.27503
-1.97043 -1.8556 -1.04892 -0.38408 -2.6855
1.01285 -1.31944 -1.2245 -0.9962 -2.12137
0.04901 0.07415 -0.73217 -0.33553 -1.43518
-0.97968 -0.41226 0.07168 0.29692 -1.93185
0.83738 -1.17567 0.49477 2.28491 -2.31235
-1.30884 -0.5078 -0.13261 -0.0904 -2.72469
2.53135 0.15348 -1.57957 -0.06895 -2.43914
-0.37944 0.3082 -1.97022 -1.74101 -2.13468
1.95737 0.37784 -0.48223 -1.76409 -2.63623
-0.86453 -1.30046 0.4059 -1.41605 -2.10072
-1.53766 -3.04617 0.31347 -1.36893 -0.89999
0.55421 -0.39247 0.87255 -1.44412 -2.10976
-0.61056 -0.37475 0.98851 -2.05424 -1.10076
-1.14163 -2.60973 0.73117 -0.42613 0.0394
0.78082 -0.19137 0.82882 -1.64834 0.34292
-0.16163 0.47747 1.71643 -1.01687 0.80103
0.73251 -0.23247 1.50958 -1.2325 0.51817
1.10511 -1.17943 0.50192 -1.34289 0.5351
-0.91048 0.44687 -0.28767 -1.99537 1.68339
0.74714 -0.5387 0.6724 0.4385 2.75363
0.22864 -0.20288 -0.57137 1.83085 0.88232
2.27842 0.29691 0.18595 1.67864 -0.74953
-0.35737 2.50392 0.72636 2.06468 -0.93363
0.15518 1.31406 1.27563 1.95158 0.55201
1.01696 1.03608 -0.32309 2.53432 0.79662
-0.12162 0.77568 -1.22648 1.78041 2.29933
-0.58322 0.33493 0.06937 2.34669 2.49523
-1.57051 0.28438 0.21046 1.56478 2.05823
2.37219 1.46691 0.39465 -0.12702 3.2815
-0.59884 -1.67092 -0.1614 0.89225 3.38877
0.21994 -0.92976 -1.20681 -0.51523 1.94986
0.13418 0.3102 0.77382 1.82714 1.82995
0.75672 2.05354 0.63046 1.59474 2.18743
-0.0155 1.5108 0.74258 2.59033 2.32251
0.49115 2.01894 -1.35482 2.66201 2.30804
1.03057 1.6332 0.67154 2.40332 2.81572
-0.47358 0.33879 0.5293 1.3329 3.55808
1.76833 0.51189 -1.20485 1.67197 2.63848
0.91941 0.08399 -0.15677 2.30753 3.47811
-1.34642 -0.25245 -0.17356 1.76384 2.48129
-1.62235 0.91821 0.91476 1.57092 3.44085
0.03809 -0.38984 1.21612 1.82101 3.02365
0.31321 0.46678 0.79331 2.61048 3.85753
0.26793 0.19012 -0.19943 5.02697 5.01915
1.32625 2.19592 0.30213 2.44422 4.849
0.92944 1.98803 1.86429 2.40394 4.95524
-0.1417 0.7363 1.41794 2.64115 5.57285
2.27633 0.27794 0.12566 1.65171 5.50267
0.34658 -0.0541 -0.48656 1.06932 5.63723
1.83267 1.026 -3.60589 1.8912 5.13784
0.25308 1.5454 -1.7196 2.09667 3.76025
-1.31332 0.8426 -2.93741 2.49984 1.98953
1.05719 1.7591 -1.19755 2.49961 1.34779
-0.26986 2.27661 0.20638 2.74194 0.09578
-0.84159 1.35248 -0.5244 3.66268 -0.62881
0.78797 0.58733 -0.81052 4.23024 0.03694
1.86636 1.56122 -1.06875 3.12753 -0.31898
0.24198 2.31518 -1.90784 1.65143 -0.29845
-0.48325 2.57109 -2.12644 0.52031 -1.49098
-1.17752 3.0126 -1.41097 0.70007 -0.89357
-1.19103 0.63754 -0.69835 0.05622 -1.3723
0.43499 -1.79683 -1.03412 1.7396 -0.63828
0.03832 0.50308 -0.22027 0.17177 -1.23357
0.84797 0.02856 -0.82924 -0.55946 -0.34845
1.51228 0.77578 -1.53703 -0.64215 -0.91624
-0.01499 -1.28481 -1.06912 -1.39572 -2.46982
-0.07939 0.02581 0.7129 -1.60674 -2.63848
-0.3622 0.59959 -0.02368 -0.99716 -1.63732
0.94803 0.19172 1.67247 -1.95785 -1.31533
0.64309 -0.16731 2.23815 -0.93035 -0.44724
0.76833 -1.3733 2.12761 -0.91248 1.05138
-0.32494 -1.26663 0.37063 -1.33434 1.41486
-0.00819 -0.65019 -1.2329 -0.91091 1.76999
0.03684 -0.436 0.84952 -3.18682 -0.56562
-1.24333 -0.18663 2.04394 -2.54821 0.16217
-0.58438 -0.24197 2.27067 -0.89554 0.31735
0.79703 -0.06325 3.03066 -0.18375 0.70057
1.79132 -0.95122 -0.1119 1.0715 1.75921
1.53252 1.2052 -0.64746 1.52376 2.45057
-1.43084 0.60341 -1.65059 2.00641 2.59394
0.44912 1.25974 -0.09003 0.28906 0.1059
0.47154 1.4796 -1.51649 1.44871 0.34968
-0.97246 1.07382 -1.55377 2.01909 0.80818
-1.40909 0.25344 0.02063 3.46173 1.20423
-1.33151 0.01526 2.86305 1.6866 1.81522
-1.13536 1.06882 2.00357 0.15721 1.49561
1.74406 -0.59722 1.50552 -0.43258 2.74394
0.20697 -2.60939 0.55784 0.77924 2.3567
0.99988 -1.12787 1.60572 2.30531 3.1337
-1.86186 0.5371 1.68236 2.27603 3.3391
1.68432 2.70609 -0.00402 2.3318 3.4656
0.19648 0.05177 0.83959 2.22203 4.30677
-1.74004 0.19172 1.4771 2.5581 5.66176
1.82847 1.8628 -0.1994 0.94985 6.06775
0.37845 0.26398 0.26375 0.82585 6.00948
0.93261 0.04275 0.4043 3.94376 5.14558
-0.64985 0.89935 -1.95754 3.47451 4.24767
1.15342 -0.48457 -1.56112 4.46682 3.51631
0.49304 2.89274 -0.1912 3.48814 4.25779
-2.61081 1.72746 -0.44238 2.76399 4.52546
0.84533 1.77654 -0.78479 1.46116 4.70682
-1.32515 0.96831 -0.89352 0.26573 4.3887
-0.63602 0.53623 -0.13428 0.47295 4.54599
-0.36064 -0.74489 0.48338 2.33103 3.53382
-0.28559 0.02843 -1.37246 2.96165 2.75613
1.64703 0.07333 -1.273 3.53674 2.76143
-1.09483 0.25898 -1.45159 3.48119 3.477
-0.74291 -0.2916 0.94374 4.30998 3.10333
0.00372 1.49747 1.3319 4.61498 1.66122
-0.42399 2.25333 0.75803 3.4662 3.22296
-1.4465 1.10082 0.86639 5.0373 2.36583
-0.03059 2.64453 -0.08963 4.59402 1.89497
-1.37418 3.35203 2.4725 2.26941 2.95953
0.80297 0.65442 2.40517 1.85812 2.15223
0.46415 -0.95527 1.45738 3.00719 2.30067
0.48322 -0.07619 1.43097 3.00042 3.12701
0.33192 0.41681 -0.43999 2.05266 1.28013
-0.19043 -0.87968 -1.08705 1.19065 0.89449
-0.01363 0.32825 -0.16207 -0.01204 2.93167
-1.16864 0.7385 -0.56543 2.90235 2.00167
-0.89434 0.35636 -0.67455 1.38453 2.74307
1.41431 -1.23652 -0.57471 2.44671 3.91513
-0.94391 -0.26214 -2.52062 0.84637 2.88675
-0.23982 -0.6075 -1.40047 1.32229 1.9179
0.07426 0.62293 -1.27376 -0.11189 1.8304
-1.27678 1.29217 -0.70464 -0.15339 0.60417
0.66777 -1.11373 -1.11949 2.54131 0.87972
0.31878 0.20467 -0.91559 2.50327 1.08838
-0.03046 1.74476 -0.95591 2.21119 -0.65622
0.513 0.75884 0.34905 0.53378 -1.35727
-0.84653 -1.24528 0.26273 0.66054 -0.67545
-0.42691 -0.88258 0.52132 0.00791 -2.37793
0.82659 0.37989 -1.24297 0.12823 -0.425
1.73287 -0.41 -2.28427 -1.38008 -1.38213
-0.85853 -0.16006 -0.74615 -0.44022 -2.46181
-1.26963 -0.45608 2.10492 -2.15109 -2.42377
-1.29206 0.0189 -0.31167 -4.34164 -1.72929
-1.4841 -0.28717 -1.38581 -4.22325 -0.97262
1.30447 0.1111 -0.3257 -3.09502 -0.81656
-0.03464 -0.20756 -1.23257 -2.77932 1.53039
-0.23185 -2.90471 -0.64166 -2.21893 0.84783
0.51763 -1.70371 0.01245 -2.76142 -0.34972
-0.83068 -1.19137 0.81973 -0.47338 -0.54449
1.27962 -2.77293 1.03983 -0.89324 0.10829
0.0296 -0.78727 2.36136 1.16612 1.5447
1.37041 1.31845 2.38294 2.20906 1.52209
2.37757 1.20014 1.57644 2.61546 3.18747
