-1.20848 -1.68855 -3.00372 -0.09627 1.76124
-0.52935 -2.0628 -2.91688 -1.20738 3.09809
-1.68545 -1.39716 -5.01783 -1.65478 3.31362
-1.50065 -1.33555 -3.49786 -1.27305 4.32576
-2.47789 -0.3516 -2.04263 -1.69538 5.05843
-0.89202 -0.38151 0.08374 -3.49519 4.16973
-0.60873 0.43081 -0.49349 -4.93898 2.90516
-2.39363 0.5638 -1.14459 -5.20314 2.65593
0.39351 -0.09025 -0.55647 -5.57006 2.3503
-1.49426 0.37994 0.18185 -4.02588 2.13502
-0.01937 -1.29748 0.62646 -3.18514 2.64484
0.67935 -1.00011 1.82829 -2.76677 3.41398
1.41982 -1.21963 0.98005 -2.78221 5.57134
0.33268 0.44483 0.69678 -0.94289 5.90821
-0.87749 0.54554 0.58158 1.43507 6.66901
-1.83054 1.3182 3.14623 1.60324 7.28746
-1.02474 0.3088 1.0094 1.61435 7.35392
-0.4256 0.17632 -0.12661 2.29028 6.42724
-2.05937 -0.04869 -0.6752 0.79149 6.42536
0.17202 0.52419 -1.2391 2.39451 3.89672
1.31307 0.84361 2.55717 2.06049 5.34991
1.32619 1.47455 2.13783 1.55084 4.38977
-1.06694 -0.18149 2.46703 2.04175 3.40251
-2.42091 0.34342 4.03023 2.87183 3.17428
-0.33548 0.82614 3.7142 -0.59221 2.93783
0.58154 0.46356 2.92828 -0.15451 1.54025
0.45984 -0.04518 2.01148 0.48696 0.93277
0.4456 -0.20145 1.51571 0.98739 -0.19578
1.44562 -0.10771 1.55522 0.96724 -2.18448
1.99765 -0.02059 2.59228 2.04169 -4.00332
-0.29827 -0.26873 4.13341 1.39758 -2.64843
0.33667 0.09937 5.32153 -0.61245 -2.46365
1.60567 1.68817 4.31149 -0.69039 -1.24146
3.26137 -1.16574 2.97869 -1.03541 -2.89252
2.2302 -2.27726 1.82368 -1.62037 -2.81491
0.93721 -1.02768 3.64704 -0.96679 -3.34495
2.7813 0.36772 3.69444 -1.12443 -2.31952
2.32751 0.27674 3.9115 0.55229 -2.76043
1.75315 0.61831 5.04399 0.89382 -2.42308
0.37968 0.31781 4.61197 -0.17975 -3.82355
1.7667 1.69062 5.46234 -2.53647 -4.87605
2.57222 2.61178 3.96454 -2.03094 -3.94376
3.21434 1.27078 2.71435 -1.16096 -3.7617
1.67954 1.57981 4.43642 0.8677 -2.79918
0.37942 1.41737 5.09945 1.40755 -3.82568
0.73944 2.05538 4.39994 2.74656 -3.79713
-0.67733 2.76925 3.53357 2.46427 -2.52168
-0.43514 -0.4578 1.82161 2.2305 -2.55765
1.03372 0.82933 2.04014 3.44356 -1.72377
2.60511 -1.73402 1.33006 3.80479 -1.92684
1.92595 -1.3043 0.23748 5.62778 -1.65376
2.52988 -0.53662 -0.49491 6.44143 -2.64214
1.15403 0.017 4.42291 5.89624 -1.93002
1.39046 1.61684 4.70506 7.02579 -1.86407
0.91359 2.36095 3.83282 6.17831 -2.55881
-1.2113 1.97355 3.68441 6.37213 -2.94522
0.81767 2.73964 3.12345 7.47225 -3.55563
1.39579 2.26175 3.24874 4.08875 -4.34469
1.36094 0.74643 3.23622 5.58422 -3.40305
2.91865 0.40288 2.27048 5.00346 -5.10345
0.74474 0.76088 0.2513 5.22462 -5.01616
1.75246 -0.34987 0.56081 6.49732 -4.47885
1.03218 1.91666 1.35249 6.17308 -3.96752
-1.17381 1.67989 2.17133 4.35853 -4.78941
0.1877 1.55167 2.76165 5.37066 -5.14812
0.42902 0.48078 1.90271 2.3808 -2.94039
0.7455 -2.63561 0.16359 2.26735 -2.25406
1.44896 0.28931 0.50911 3.45374 -1.18627
0.32799 1.92669 -0.13156 2.1075 -1.2186
-0.16768 1.68547 0.43987 1.72846 -0.50387
-0.4875 2.06845 0.01574 1.59147 1.96928
-0.68302 1.88759 0.99712 -0.34759 2.30443
0.16134 -0.19676 0.36977 0.58417 2.63965
1.63236 -0.36903 0.13958 -0.43654 3.25491
1.32004 -0.13026 2.22188 -0.27433 2.36728
2.00365 0.69356 0.35631 -1.47806 3.56339
0.68942 0.18845 0.75022 -1.86664 4.90052
0.17502 -0.35696 1.09681 -1.78978 3.03196
1.06863 -0.41884 1.66176 -2.10361 2.81644
1.25876 -1.18472 0.40854 -1.45177 3.70073
-0.41462 0.02967 1.26113 -0.99539 3.45526
1.72091 -0.01571 0.68231 -1.38104 4.79266
0.32387 1.14652 1.44677 -1.07309 5.07417
1.22172 -0.17814 0.38744 -1.37909 2.54988
-0.8224 -0.12234 -0.31919 -0.78379 1.98825
0.73848 -0.54466 0.61005 -0.69539 2.29906
0.59336 -0.08823 -0.45824 1.16675 0.62583
2.27521 -0.651 0.48436 1.6073 0.81395
0.72427 -0.08972 -0.24847 1.87029 0.05901
0.29755 0.67037 -0.41737 0.65671 -0.32017
-0.47057 2.21294 2.2113 -0.07737 -2.11943
0.15748 0.99165 3.16525 -1.2544 -0.83885
0.30203 -0.77777 1.23085 -1.28165 -0.99249
-0.29779 -1.48685 -0.22366 -0.84141 -2.29713
-1.01942 0.90477 0.83944 0.43364 -2.76798
1.84582 0.81673 0.6676 1.86329 -3.41818
1.16779 1.26247 -0.38464 2.83344 -2.40372
1.95497 -0.82545 -1.21949 2.24913 -1.219
1.90007 -2.09737 -1.42184 3.44229 -0.25876
0.63257 -1.79043 0.12001 4.23321 0.97613
-0.91763 -1.65315 1.46712 3.7819 -0.57073
-2.59132 0.86698 2.75511 3.42098 0.40354
-0.38227 0.9541 1.51322 3.27755 -0.21889
0.24131 0.44608 1.80281 -0.01147 -0.98343
-0.87671 0.55348 1.75797 -1.04541 -1.18248
1.16961 0.70161 0.96904 -1.05123 -1.0953
1.92361 1.0715 0.42075 -1.16356 -0.98977
-0.37581 0.27495 0.1794 -1.09495 -1.4119
-1.54921 0.73469 -0.53642 -4.29418 -1.7689
0.2532 1.84564 0.25455 -3.92269 -1.83894
-0.15227 1.83681 1.0659 -3.54033 -1.30692
0.39255 1.27519 0.46748 -2.11444 1.54931
0.10533 1.46807 0.82006 -2.45571 0.63065
1.43193 2.0663 0.87722 -0.70912 -0.08932
0.73517 1.51494 0.28825 -1.72225 1.0184
-0.42184 -0.04987 1.0054 -0.96727 0.47592
0.70354 -1.20713 1.36168 -1.18092 0.37535
2.33304 -1.74628 1.62961 -0.59916 0.73304
0.53832 -2.00356 0.65329 -1.0213 0.74386
0.2539 -1.65947 0.48652 -1.16687 -0.28118
0.3662 0.32184 -0.19736 2.22336 -1.56705
0.0242 -0.38775 0.46881 0.16777 -3.17928
-1.15086 -1.24984 1.65729 -0.27648 -3.82872
0.72314 -0.28961 0.54258 -0.89723 -4.32591
0.02037 0.80675 1.65897 -1.39485 -4.4524
0.33956 0.68026 1.12068 -1.51991 -3.9719
0.61707 -0.71601 -0.26382 -1.20789 -3.22243
0.64518 0.15545 -0.15268 0.15052 -4.15213
-0.72082 -1.81099 0.7051 -0.16734 -3.5983
-1.55928 -1.5456 1.11175 0.13391 -1.78293
-1.12675 1.30996 2.29704 -0.09941 -3.50642
-1.35199 2.45818 2.33924 0.18642 -3.1715
-1.44317 0.51206 1.80714 -0.26936 -2.63932
-0.18506 1.29552 1.85555 -0.91932 -3.48981
0.94906 0.98802 2.26789 -1.24174 -3.53178
1.56228 0.69856 1.71596 -0.29113 -1.98702
4.13349 1.15221 0.0766 0.83278 -2.38477
1.81563 3.33918 0.65279 0.91599 -3.2508
1.91931 2.50494 0.18055 0.69015 -3.98538
1.51573 1.55272 1.55864 2.12157 -3.94597
1.91698 1.56805 2.20757 2.09405 -3.61452
-1.2297 0.84068 2.55835 2.16952 -5.55053
-1.74822 -0.01793 2.48589 1.33083 -5.27541
0.35307 0.87848 1.00496 0.95217 -5.72184
2.14892 0.46893 0.87613 0.58154 -5.8189
2.07127 -0.46025 0.64827 0.57262 -5.89181
1.8762 -1.60338 -0.4414 1.82527 -5.26573
2.13054 -0.18177 0.15719 1.6853 -5.0758
-0.03307 0.13976 -0.26861 1.67143 -3.86553
1.13891 0.85024 0.15963 0.51873 -4.14731
