1.6908 2.17991 -0.83286 -0.44374 -4.15191
-0.46235 0.76117 0.20711 2.45514 -3.57318
0.11497 -1.90823 2.11966 2.54061 -2.21724
-0.14555 -0.59777 1.23235 1.06966 -2.15233
0.70666 -2.3714 0.03538 0.01204 -1.62755
1.16076 -1.68945 0.54878 1.6216 -0.21015
0.70728 -2.68479 -0.10638 2.03672 -1.29772
1.93791 -3.72566 -1.78768 2.22616 0.1985
0.54164 -4.3309 -2.5354 2.06665 -1.06811
0.56251 -2.26806 -1.04519 -0.05438 -1.15563
0.60851 -0.1973 0.41647 -0.49006 -2.62768
0.43238 0.44238 -0.36483 0.53319 -1.23671
-0.79847 1.04218 -0.59414 0.38283 -2.4228
-1.06787 0.75769 -0.57247 -0.85465 -1.22149
-0.21159 -0.42676 0.64047 -0.53487 -0.46267
-1.25475 -1.5209 0.3542 -0.49641 -1.45031
-1.04433 -2.38564 -0.49364 0.4667 -2.84672
-0.09142 -1.49851 -0.03509 -0.81299 -4.02166
-1.89235 -1.47595 0.2508 1.0024 -3.09754
-0.60034 -1.76973 -1.70674 1.80434 -1.4189
-0.2675 -0.93881 -1.80681 1.89941 -0.53151
-1.78043 -0.98574 -0.70626 2.20207 -0.75424
0.15156 -2.11604 -1.0453 1.07122 -1.13207
0.5668 -2.35908 -0.21165 1.31254 -0.92972
-1.24887 -2.98195 1.03698 1.09332 -1.59785
-0.48546 -1.63724 -0.06352 2.06903 0.70165
-1.78336 1.94185 -0.01261 3.37873 0.922
-0.68148 0.09208 -0.80356 2.1974 0.68907
-0.27555 -0.00117 -0.43002 1.17737 0.15818
1.06502 -1.08953 -1.30241 0.30514 2.28012
0.79462 -3.17758 -1.26332 2.12852 2.8828
0.69351 -1.29451 -1.10275 0.60387 3.78747
0.03573 0.83452 -1.6386 2.20841 3.6275
1.29592 0.01023 -2.55605 2.48384 4.3618
0.34776 0.31645 -0.08621 3.7148 5.35529
0.89133 1.28837 0.10684 0.71851 6.83669
-0.26253 1.7135 1.68677 0.00017 6.64364
0.45495 2.83792 0.4411 1.47712 6.11321
-2.21847 2.06339 1.07069 0.75481 5.30661
-2.836 2.83468 -0.53185 0.90975 5.60643
-1.24497 3.11532 -1.18252 0.77536 3.05712
-1.33289 3.86289 1.29272 0.01152 2.48066
0.34534 2.49161 0.27988 1.64282 3.23092
0.05735 2.11371 0.58658 2.96971 0.17862
1.09654 3.45908 1.44714 0.52244 0.76862
1.65918 3.08663 2.04729 0.91721 1.42922
1.09805 4.63466 0.11495 0.49737 2.23164
1.35038 3.95129 1.35616 0.98132 2.97135
-0.22621 2.90952 1.75664 -0.40237 3.85294
-0.09949 3.1007 0.17296 0.22578 3.64414
1.19151 1.93526 1.66654 -0.35406 2.58857
0.47 1.74182 2.24035 1.48777 4.12285
1.10746 0.43408 2.74447 1.76441 2.09185
1.27321 3.11345 2.4888 0.99564 2.97963
-0.00179 5.14709 1.32577 1.74779 4.01133
1.44119 2.85699 1.05122 -0.25644 0.93383
0.47609 4.19523 0.01921 -0.83098 0.61635
0.38048 1.99182 2.65861 -2.6138 1.26493
1.94391 2.49988 2.09756 -2.46919 1.37787
-1.49541 2.36456 1.67297 -2.93624 1.10346
-1.78094 0.85738 0.83778 -2.30159 -1.12148
-0.41892 1.31115 1.62161 -0.8763 -0.64278
-1.57398 -0.20483 1.11361 -0.59479 -1.89868
1.03331 1.15171 0.28715 -0.29289 -1.99536
1.90572 3.16199 0.30857 0.07994 -1.42344
1.6189 2.2795 -1.22552 1.0793 -1.94761
3.10418 2.88377 -1.70156 -1.43627 -3.23391
2.42866 2.15978 -0.65108 -0.93538 -1.28732
0.2902 1.9265 0.97761 -1.75462 -1.19222
-0.30657 2.22685 1.07321 -3.25343 -3.76262
0.87531 3.73027 -1.16069 -2.63793 -3.49254
-0.48912 1.36502 -0.1088 -1.75435 -3.13864
-1.9539 1.50268 -0.1401 -1.15671 -4.09205
-0.87006 -0.42538 -1.24098 -0.99831 -3.96343
-0.28902 -0.01004 1.63725 -1.46196 -4.69449
1.38111 -2.02926 1.44539 -1.41603 -5.45025
0.09146 -3.10191 -0.622 -1.56578 -4.39216
-0.05862 -2.35746 -0.98443 -1.61913 -4.25118
-2.26273 -1.92999 0.68493 -2.18916 -5.2598
-0.29608 -2.71287 1.42557 -1.39963 -5.57119
2.45832 -2.19671 0.7478 -3.52795 -4.94178
2.75908 -4.22253 -0.9075 -2.08209 -5.73946
1.46714 -2.88272 -1.33962 -0.36597 -8.69664
1.3464 -2.73185 -1.26164 -1.02768 -9.59798
0.29251 -3.22704 -0.34456 -0.86424 -10.38405
0.142 -2.5373 -1.9691 -0.97149 -9.79762
-0.19563 -3.4335 -0.53965 -0.25845 -10.40473
-1.12608 -4.95588 -0.11338 -0.90465 -10.74965
-0.45898 -7.87027 0.2175 -1.06843 -11.56112
-0.29033 -8.79778 -1.53656 -0.47886 -11.74651
-2.1166 -6.2011 -1.61028 -1.11088 -10.06199
-1.38517 -6.02693 -3.60684 -0.16997 -11.84188
0.40579 -7.04896 -2.88057 -0.86556 -11.72865
-0.5673 -6.91475 -3.25669 -0.08231 -12.71958
0.59483 -8.02973 -1.9217 0.43351 -11.82899
0.0853 -6.84462 -4.73071 0.66697 -9.24648
-2.53717 -6.6697 -5.84211 -0.50676 -9.00963
-0.21993 -6.74989 -4.3773 -0.2167 -9.80796
-0.71511 -6.69495 -4.13186 1.18339 -8.82602
-0.90344 -8.36015 -2.24796 0.04148 -6.3195
-2.15543 -6.1173 -3.82413 -1.45158 -6.223
-2.56702 -5.93546 -2.61819 -0.65285 -6.58293
-2.89568 -6.65066 -2.18205 -0.54283 -6.62928
-1.46633 -7.04251 -0.98432 -0.26314 -7.07344
-1.12647 -6.85502 -3.07111 -1.08325 -6.61117
-2.38134 -4.76599 -3.31912 -0.59507 -5.30028
-3.57312 -3.58603 -3.23667 -1.96103 -6.69452
-3.67269 -2.1622 -2.80244 -1.88771 -6.31392
-3.01022 -3.23233 -2.98549 -2.07316 -5.5435
-3.2745 -3.98085 -0.80704 -2.79133 -5.93188
-5.69995 -4.86946 -0.9917 -0.32063 -6.03341
-4.15157 -5.02882 -2.41305 0.80111 -4.73255
-3.40345 -7.24245 -2.14799 -0.99108 -5.17077
-3.29642 -7.88588 -3.16677 -1.13949 -5.49325
-3.65608 -7.70781 -2.43045 -0.6972 -5.78706
-1.80416 -7.71935 -3.1561 0.97831 -5.42196
-2.53037 -6.2191 -4.47476 2.27333 -4.52836
-0.79223 -7.04944 -3.61078 0.29533 -2.89219
-0.72022 -6.38256 -2.91114 -0.93244 -1.71596
1.90224 -5.22788 -2.09971 -0.89125 -1.56443
-0.18925 -6.09248 -4.69431 0.66462 -2.2786
-1.87888 -3.76707 -3.64485 0.39888 -2.71057
-3.73433 -2.8706 -3.66823 1.46872 -3.49814
-3.27921 -2.6488 -1.04001 1.31572 -3.12487
-1.88788 -2.99178 -1.74787 1.77024 -2.31825
-1.64537 -4.08186 0.10716 0.49622 -2.27778
-1.9409 -2.85816 0.14159 0.73318 -1.85879
-4.30783 -2.32926 -0.9214 0.78271 -2.26707
-1.82158 -3.7586 0.10798 0.61158 -2.18059
-1.92503 -4.77954 -1.22173 1.37453 -3.03745
-0.42672 -2.74975 -0.21899 0.97375 -1.27705
0.67073 -0.94473 -1.22159 0.66161 -2.45969
-1.57065 -2.31723 -2.40839 2.55397 -0.3574
-2.82299 -2.89467 -2.01257 1.37176 -0.22437
-1.28359 -3.04325 -1.28863 2.29426 -1.61982
0.23125 -2.13676 -0.98532 2.13149 -3.4679
0.94388 -0.89705 -1.96205 1.69376 -2.02236
-0.74866 -0.67426 -1.33522 2.15223 -1.02147
0.57432 -1.19219 -0.55024 1.17343 1.36765
1.86724 -0.12563 -0.72002 2.26579 1.00481
-0.33625 -0.48542 0.04796 -0.25742 2.04838
1.05778 1.9661 -1.33928 -0.05329 1.0715
0.52611 2.07478 0.48544 -2.18536 1.45988
-0.31782 0.56571 -0.46842 0.59145 2.3284
-1.53975 1.77414 1.02671 -0.17827 0.88521
-0.80324 1.7866 2.65359 -0.65897 2.40343
-1.11883 0.65512 1.93608 -0.21084 0.72464
-0.32882 -0.11584 2.36709 0.66004 0.685
0.52977 2.72423 2.53945 -0.62247 1.58982
0.04893 0.05635 2.07844 -2.53126 1.37029
