-0.08236 -0.44306 0.49909 -0.69453 0.55938
-0.48411 -0.03746 -0.47636 -0.64754 0.95432
-0.82982 0.11956 0.35404 -1.94545 0.59705
-0.03749 0.13345 -0.84523 -2.66201 -0.19762
0.05044 -1.24378 -0.41802 -1.12524 -0.1735
-0.17895 -0.90173 0.06285 -0.59585 -0.13626
0.27252 -0.71851 0.2571 -0.0462 -1.78049
0.14569 -0.52877 -0.26582 -1.73763 -0.95126
0.54803 -0.97108 -0.8585 -0.98891 -0.70915
-0.98914 -3.19405 0.07605 -0.54951 -0.25902
-1.37916 -0.53705 -0.67936 -1.60019 -2.00343
-2.10925 0.99176 -0.36532 -0.51108 -0.98866
-1.10403 0.44501 -0.15759 -2.06215 0.23779
0.42409 -1.01133 -1.80716 -2.35434 0.31875
0.78564 1.85097 0.53096 -3.9514 -1.55107
-0.69052 1.07667 -0.14895 -3.88344 -0.89047
-2.00403 -1.3042 -0.75345 -0.07454 -1.87562
-0.31314 -0.05566 -0.17888 -1.44282 -1.43628
-0.10435 -1.28826 -0.20676 -1.34537 -1.37206
-0.76168 -3.69727 -1.2086 -0.88546 -1.34329
-0.65693 -0.00372 -0.61118 0.30061 -0.56579
1.18156 0.51238 -1.31255 0.77129 -0.94669
-0.23415 -0.78798 -0.51878 0.4886 -0.6332
-0.31887 1.81602 1.60178 -1.85038 -0.8694
-0.03552 -0.18221 1.19241 -2.66924 -0.7316
1.32184 0.3777 -0.71854 -2.43189 -2.2005
-1.01373 2.99935 0.49162 0.33326 -0.74194
-0.3812 -0.47063 1.50581 1.87316 -2.71964
0.30314 -0.62111 -0.40154 1.15454 -1.43111
-0.43838 -0.64555 -0.69478 -0.10471 -0.47127
-1.40846 -0.28346 1.94923 -0.31837 0.82806
-1.57392 -1.28292 2.48056 0.90593 1.8978
-0.52463 -0.59966 0.57088 -0.40706 0.59635
-0.88523 -1.19933 1.02223 -0.24786 1.93279
0.44074 -0.10806 2.4028 -2.08383 0.61125
-0.25765 1.86415 -0.51722 -2.23114 0.98135
0.81161 -0.87905 1.07425 -1.09491 1.71206
-1.37236 -0.84854 -0.21335 -0.2541 -0.23474
-0.53663 0.3816 -1.39037 -0.04271 -0.34616
1.22089 -2.03891 -1.09373 1.22516 -0.28206
-0.96368 -0.79795 0.44873 -0.11654 -0.1466
-0.99858 -0.77131 -0.58454 -2.00414 0.09373
-1.07633 -0.19941 -0.58572 -1.98282 -0.96526
1.99812 -0.63076 0.11446 -1.09456 0.32455
-0.21645 0.67207 2.04617 -0.31355 0.2452
-0.9451 0.98723 0.30652 -0.9209 0.85644
-0.72267 -0.0799 -0.24984 -1.5661 0.61989
0.90315 -2.10689 -1.35862 0.65843 0.21924
-0.50948 -0.21826 -1.07999 0.32936 -0.48479
-0.22924 -0.63093 -0.7622 0.04284 0.31255
0.80182 -0.53642 -1.08046 0.30103 1.56049
0.75851 -0.47318 -0.16767 0.9568 -0.38968
0.85157 -0.83045 0.51036 -0.61345 -0.5756
0.69482 -0.61894 -0.52812 -1.14822 1.36306
0.10565 -0.0403 -1.16087 -0.61166 1.42274
1.06846 -0.74664 -0.07767 0.84948 1.59929
-0.94455 0.00182 -0.46949 0.38999 2.4877
0.87968 0.22042 -0.01178 0.79748 0.91773
1.25501 -1.0652 0.12446 0.64978 0.71219
-0.38202 -2.15548 -0.73817 1.10273 0.85658
0.41043 0.44609 0.46903 0.92312 0.18501
1.07178 0.1896 0.07774 1.82835 -0.56025
-1.32465 -0.76312 -0.78365 3.32813 -1.78622
-0.59045 0.76395 0.70136 1.5308 -2.53193
-0.44067 -0.16381 -0.71625 -0.28512 -0.5009
0.5198 -0.18601 0.90736 -1.12259 1.96363
-1.69549 -0.53039 -1.29872 -1.84017 1.7345
-1.40432 0.68064 -0.80233 -2.05036 -0.02644
-1.58104 0.46858 0.04293 -0.38651 0.86795
-1.26667 -1.96699 -0.19018 -0.66933 0.27765
1.14095 -0.68411 1.34046 -0.02724 -0.62281
-1.33435 -0.05924 -0.58467 -1.22242 -2.24039
0.75702 -0.29279 0.55333 1.0288 -0.23964
-0.70454 0.81588 -0.74787 0.87107 -0.38452
0.13235 0.41765 0.21368 1.77728 -2.21194
-1.71413 0.64541 1.06765 -0.79901 -1.40649
-0.42728 1.84752 -0.21772 0.11204 0.07423
1.1785 -0.41756 -0.4895 -0.2307 -1.11159
-0.37343 0.89819 -0.17543 1.88327 0.92367
-0.39132 -1.00391 1.39565 1.9433 2.38331
0.87595 -1.14778 0.92939 1.01231 2.12869
-0.79204 -0.10872 1.25575 1.13882 3.04289
0.49239 -0.16961 -0.15007 1.90785 1.26788
0.70473 0.75978 -0.62722 3.21117 1.04501
2.51445 0.28784 0.00369 1.74854 0.4939
1.77071 -2.13183 -0.05684 -0.16927 1.98093
1.71685 -0.8529 -1.08194 -1.28367 -0.50602
1.20206 1.3644 -2.27442 -2.08802 0.58166
-0.34379 1.08779 -0.6204 -0.00635 0.45736
1.27698 0.03383 -0.58244 -0.29632 0.02093
-0.76122 -0.75578 -0.36812 -1.27538 -0.34697
0.89016 -1.20255 -0.07646 0.45217 0.17313
0.80147 -0.20172 -0.24963 2.24452 0.51913
0.14447 -0.93102 1.12091 0.14968 -0.54357
0.79314 0.62812 0.52068 0.06109 -0.68447
1.16675 -0.38899 2.39567 1.51231 -0.64668
-0.58523 0.92093 1.1277 1.34454 -0.10099
0.75416 1.53769 0.38408 1.42509 -1.59068
-0.21184 0.44243 0.13295 -0.19735 -0.46353
-0.69835 1.74627 -1.37617 0.84512 0.27014
-0.83816 0.29595 0.43261 1.01709 -0.42326
-0.55043 2.55391 0.01928 1.38369 0.52857
0.03881 -0.43949 0.66562 -0.07393 -0.25079
-0.68372 -0.68915 1.26345 -0.70313 -0.69464
0.81401 0.02308 0.24927 -1.11996 -1.78307
-0.56978 0.03979 -1.34478 -0.96341 -0.38233
0.18798 0.23689 0.75969 0.11187 0.04897
1.39013 -0.80082 0.9063 -0.46935 0.65654
-1.43493 0.82741 1.25033 -1.43229 -0.01531
-0.25739 -1.99858 0.87888 -0.88847 0.94231
0.0521 -0.4497 -0.96634 0.25662 0.81803
0.10481 -0.8507 -0.35244 2.56444 1.40233
-0.0009 0.37528 1.10686 -0.50803 0.88188
-1.42721 -0.83412 0.91305 -0.81001 1.31712
-0.73248 0.52677 0.4927 -2.11154 1.81354
1.91933 -0.01294 -0.65329 -2.53582 -1.6079
0.07246 -1.75584 -1.46719 -2.05966 -3.14487
-0.62354 -0.26115 -1.41758 -1.29854 -0.82117
0.78616 0.09359 -1.49207 -1.78854 1.1903
0.02423 -0.84329 0.54479 -0.49669 2.5559
-0.05495 1.22285 -0.04819 -0.40503 1.16334
-0.98778 0.11342 0.60539 0.11606 -0.7074
-0.26242 -0.78638 0.18555 1.39854 0.81364
0.71573 -0.58666 -0.40086 -0.78127 0.25982
-0.12445 -0.57519 0.86465 0.44506 -0.35017
-0.28752 -1.04713 -0.27662 2.33985 -1.31
-0.30268 -0.37272 0.83858 0.31055 -2.72614
0.47668 -2.13414 -0.37206 0.67195 -0.01301
1.96089 -2.02462 -0.86044 0.36006 -0.61009
-0.10439 0.78091 -0.87465 1.08343 -1.51522
0.06582 0.34156 1.72268 -1.06857 -1.58235
-0.17869 0.03473 0.78238 -0.41019 -1.92814
0.70279 -1.33824 -0.85631 1.00756 -1.10972
-1.19537 1.74631 -0.11344 0.29608 -2.61266
-1.90155 1.17848 0.34677 -0.08419 -1.06408
0.78441 0.23036 1.13069 -0.10784 0.21463
-2.16416 -0.70532 0.23763 -0.02507 1.01602
-0.77145 -0.25251 1.3545 -1.9876 2.18202
-0.37306 -0.88728 -0.11176 1.43888 2.11739
-1.66513 -0.07263 0.50555 1.24082 2.72405
0.77931 1.11571 -0.53157 -0.62564 0.56264
-0.15123 -1.0287 0.26212 0.32302 0.5298
-0.18019 0.90298 1.018 0.63224 0.59376
0.53995 -1.11344 0.13758 1.16049 1.69914
1.56213 1.17975 0.07354 2.10831 1.33882
1.05716 0.39574 1.17137 2.90471 1.04679
1.01426 -0.75844 1.71886 2.74466 0.13424
1.16873 1.38542 0.91264 1.09249 1.09352
1.32602 -0.69022 -0.01774 1.68909 0.95787
1.45707 2.81043 0.04263 1.50837 1.53552
