0.51829 -3.33478 1.18327
0.99703 -2.05057 1.35682
-0.94573 -1.65452 0.46839
0.12663 0.21369 1.36331
1.60839 -1.62215 -0.3378
-0.7793 -2.16626 -0.71128
-0.0985 -1.59476 -2.2163
0.09946 -1.38854 -0.18671
0.17194 -0.23172 0.07193
1.21271 -2.01316 0.63574
0.79586 0.4438 -0.56986
-0.52351 -1.17622 0.94111
-0.90625 -0.92953 1.2423
-0.89857 -1.76959 0.6502
-0.41945 -3.61094 0.94083
-0.95184 -2.78516 1.3282
-0.52983 -0.85193 -1.39257
-0.44922 -2.61132 -0.48437
-0.76867 -1.0264 -1.73956
-2.29602 -1.29671 -0.41172
-2.49496 -1.01143 1.20625
-1.54781 -1.25821 1.50008
-2.6643 -3.82394 0.11344
-2.23185 -6.49368 -0.76952
-0.7225 -4.69243 -1.93821
-1.11616 -6.07062 -1.01311
-0.8066 -4.74357 0.70731
-1.64796 -4.92061 -0.0496
-1.54449 -5.01178 -0.25341
-2.3811 -4.48545 -1.05625
-0.61345 -3.44246 -1.43259
-2.85853 -4.78951 -0.69838
-1.0508 -4.31879 -2.05483
0.18248 -5.30213 -1.44501
-0.55981 -7.68433 1.58035
-1.3227 -8.60264 -1.09662
-1.8489 -8.71655 -0.59626
-1.67644 -8.81062 1.20514
-0.95717 -7.74674 0.37994
-1.87128 -8.85808 -0.45613
-1.85411 -7.78834 -1.70409
-2.58918 -7.07995 -2.28162
-2.64743 -5.84931 -1.7281
-3.23969 -5.82324 -2.95366
-3.13139 -6.28648 -1.41251
-4.6807 -6.35093 -0.5849
-3.65735 -6.799 -0.62117
-3.96299 -6.84298 0.68875
-3.70352 -9.18194 -1.23145
-2.14532 -9.74122 -1.56939
-1.05522 -9.63838 -2.27271
0.85529 -9.13136 -1.69537
-0.24801 -8.59654 -2.07335
-2.91827 -9.23177 -0.85078
-2.30801 -9.50647 -0.7361
-1.89323 -9.14673 -0.72746
-3.8083 -8.74802 -2.15821
-3.8023 -9.34849 -2.64817
-3.38695 -9.98627 -3.00464
-3.70055 -8.56112 -2.409
-3.07162 -8.76565 -2.71527
-2.47758 -8.42189 -2.39819
-3.02613 -7.69345 -1.23409
-2.77724 -9.70587 -0.52831
-0.9254 -11.27153 -1.57918
-0.27009 -11.56159 -0.67064
0.06474 -13.78697 0.43182
-0.22298 -14.9384 -0.28308
-1.3937 -15.48752 -1.78127
-1.3834 -15.20767 -1.95021
1.00683 -13.23637 -1.19916
0.83907 -12.84224 1.03392
2.47429 -12.21901 1.96545
3.42411 -10.87924 -0.64575
1.48547 -11.52661 -0.36166
2.18749 -10.23143 0.0796
1.86005 -11.00349 0.9117
1.27568 -11.2806 1.67719
1.17764 -7.98062 -0.54298
0.23447 -7.05702 0.87114
0.50981 -6.11867 1.23639
-0.4157 -6.40894 0.66443
0.01207 -6.65288 -0.51047
-1.17082 -5.93719 0.58443
-1.03613 -6.77341 1.84508
-2.44059 -5.74019 0.88637
-2.20133 -5.6124 0.81076
0.02446 -5.47239 0.02272
0.45213 -6.56996 -0.44192
0.35585 -5.62372 1.01543
-0.72579 -5.14475 2.75292
-2.11442 -5.58651 -0.39871
-2.74226 -6.23718 -0.73453
-1.82736 -7.02469 0.72693
-1.6354 -7.01155 2.30423
-2.22387 -6.06798 1.20651
-1.26095 -4.27194 -1.26549
-0.44487 -6.08593 -1.33128
0.00952 -8.27047 -1.02759
1.02528 -7.763 -1.88982
0.47812 -8.59795 -1.34441
-1.64854 -9.00281 -0.24019
-1.24451 -8.36849 0.2192
-1.26168 -8.92326 -0.50321
-1.13631 -9.30232 -1.12535
-0.98812 -9.34753 0.49653
-0.90045 -10.54285 -0.63846
-0.98874 -11.6586 -0.06941
-2.55315 -12.58316 -0.46961
-2.5949 -13.34234 -0.94708
-2.69216 -14.69161 -0.05292
-1.34599 -15.96878 2.1649
-1.53604 -16.18984 -0.61244
-2.71331 -14.35975 -1.37704
0.71702 -15.96143 -0.29179
1.89983 -17.73099 0.14662
1.90187 -17.70255 0.21849
0.96115 -17.60148 -0.84849
0.66852 -17.20503 1.79831
0.39903 -17.33786 1.96401
3.0103 -16.9645 -0.25679
3.6048 -16.1495 0.13413
5.16156 -14.99323 0.63967
4.35144 -13.91422 0.78346
4.30035 -12.36751 0.8899
3.06338 -10.17137 3.42319
2.53525 -9.62136 1.60966
2.4762 -7.17052 0.54414
3.86408 -7.74901 0.47491
4.07792 -5.80346 0.98278
5.74752 -6.53157 0.40666
4.45153 -5.08233 0.95559
4.91661 -3.60396 -0.46725
5.51738 -2.11751 -0.0875
3.21554 -3.24742 1.17635
3.5504 -2.05727 3.08232
2.10252 -1.0986 3.53955
2.42642 1.96496 2.12032
2.63369 3.41718 1.27014
4.1737 3.74728 1.65555
3.05514 6.16739 0.64183
2.05275 6.21351 1.57536
-0.24608 8.79884 1.3669
-0.40846 7.65821 0.63523
0.72582 7.98516 -0.3258
0.39497 8.43128 -1.76078
0.83437 7.52273 0.07085
1.32955 7.9865 2.03674
1.26324 6.90977 -1.34786
0.15801 6.45578 -1.36591
-1.51942 6.01152 0.0908
-1.6597 7.32057 0.66627
-0.01769 5.51567 1.42288
-2.34884 4.50221 -0.10755
-2.3138 4.58277 0.17774
-1.06885 5.29891 -0.2182
-0.35561 5.67926 0.35423
-1.11932 4.14203 0.0297
-0.88471 2.68803 0.81659
0.7598 3.10251 -0.25677
1.31448 2.81652 0.63931
2.37325 4.06058 0.17824
2.84154 3.56111 -1.27373
-0.03635 4.54312 -0.41196
0.49635 5.99539 -1.05647
0.2228 6.27441 0.11302
-0.08646 6.48574 -1.21263
-0.78574 5.02371 0.09934
-2.06389 4.07616 -0.672
-2.40759 2.19166 0.87004
-3.11934 2.18653 2.04442
-1.90186 1.13246 0.36739
-1.78568 -0.65716 -0.72148
-1.88639 -1.09721 -1.23167
-1.36669 -1.56211 -1.02599
-2.45623 -2.2281 0.17635
-3.03862 -2.78392 -0.57665
-2.3271 -3.91497 -1.03028
-1.90595 -4.80052 -1.76699
-0.8918 -4.83376 -0.94225
-0.04223 -5.93539 -1.82876
-0.85397 -5.68709 -0.51555
-1.7604 -4.58545 -2.85197
-1.78069 -6.10793 -1.05751
-3.2004 -6.66124 1.98223
-3.3902 -6.43515 -0.43961
-3.85021 -5.89198 -1.62767
-4.07755 -5.95396 -0.2509
-3.79141 -6.04521 -2.36568
-1.84936 -6.37448 -4.30713
-0.09626 -5.23132 -2.50983
-0.46821 -5.54002 -3.18017
0.73253 -4.29177 -1.08694
-0.11855 -5.04267 0.21546
-0.4877 -5.10443 0.18001
-0.40045 -4.17061 1.24649
0.07102 -3.27215 1.51018
-1.09455 -1.84089 -0.51043
-1.47221 -2.08317 0.33408
-4.13465 -1.8784 -0.76774
-2.6515 -1.35277 0.85241
-2.7761 -1.52684 -0.91864
-1.49016 -1.87009 -2.34644
-0.31901 -3.30599 -0.3132
0.90057 -3.34537 -0.31608
-0.02541 -3.7907 -1.21992
0.20331 -1.81317 -2.64845
0.2634 -3.00046 -1.51907
-0.42265 -2.02269 -1.70615
-0.70201 -2.79748 -0.60654
-1.14821 -1.47193 1.38077
0.26457 0.9096 1.19229
-0.35281 0.82013 0.33436
-0.46307 1.49489 -0.58572
-0.6024 0.46838 -0.90065
0.47143 1.41681 1.8115
-1.14432 -0.05209 -0.21349
-1.85877 0.53228 -0.82159
-1.68379 0.6605 -1.16403
-0.93329 0.54586 0.48102
-0.42591 0.46628 2.10298
-1.09848 1.64089 -0.96149
-3.29686 1.13949 -1.68925
-0.19425 1.38443 -0.15846
-0.86929 -1.45653 0.99439
0.63786 -0.32346 0.40967
-0.64126 0.15168 0.9244
-0.72142 0.49467 1.67327
0.12656 -0.983 -1.66294
-0.00167 -1.67247 -1.26433
0.64129 -1.45687 -0.82563
0.27242 -0.2809 -0.28181
-0.72474 0.75006 -1.84737
-1.61552 0.43688 -0.90875
-1.01106 0.21185 -0.25239
-1.17032 -1.09193 0.12849
-0.51622 -0.30319 0.81677
-0.82218 -0.8099 1.28675
-0.86645 -1.93069 1.73559
-0.85711 -2.17569 -0.75335
0.55907 -2.76338 -0.98106
0.60086 -2.78658 0.76585
1.76096 -2.0837 1.08065
1.23989 0.92073 -0.38577
0.841 1.68699 -0.3148
0.86818 2.32262 0.00854
0.85948 1.4532 0.11229
0.33652 2.43821 -1.39948
0.30269 3.89762 -0.08276
-0.38657 4.43973 0.9082
-0.0117 4.23921 0.58602
-0.79569 6.71611 0.93692
-0.28386 6.08116 -0.51104
-0.76777 6.22531 -1.53352
-1.81393 5.94048 -0.46404
-0.44419 5.28279 -0.92298
-0.28093 3.26982 -0.24161
-1.31746 1.92646 0.35598
-0.66192 1.33118 0.8301
0.94235 2.38321 0.0391
0.69389 2.58426 0.26208
0.44098 1.24724 0.23831
2.06366 0.82069 1.21955
1.40152 0.70239 0.68646
3.30565 3.5056 2.18153
2.59032 4.70767 -0.09038
1.9963 6.82308 0.95038
2.55036 5.76353 2.9301
2.96009 6.61103 0.88029
2.04095 8.2965 0.24893
-0.50136 9.77897 1.07965
-2.14767 9.9898 2.26663
1.06374 7.41649 3.26079
0.47267 6.92475 3.12095
1.0396 5.96995 0.56114
1.5996 3.6928 -0.77506
2.87337 2.1062 -0.40316
2.12 3.37439 0.27197
3.59443 3.53114 -0.11342
2.74937 4.36355 -0.74986
2.81087 6.1538 0.31474
4.48504 6.78976 0.92721
5.22795 7.86583 1.24638
4.02404 7.68143 1.78238
4.03241 8.44206 0.33408
2.22713 6.88105 -0.02517
2.66053 5.61283 -0.4489
1.62763 5.14235 -0.86466
0.88166 3.96041 1.09893
1.87796 4.08716 0.64654
0.84308 3.3996 1.88403
2.54977 3.14682 1.98528
1.97508 2.78875 0.44815
1.6279 2.88619 -0.03651
0.78882 2.81734 -0.12288
1.72311 5.17714 0.49879
3.74672 4.12006 1.64764
2.78991 5.75269 -0.68639
1.6954 7.06971 0.12587
1.87867 7.36033 -1.53648
