3.47057 0.41979 0.24683
3.0117 0.63039 -0.60703
3.3728 -0.21652 1.36131
2.62486 1.332 1.83134
2.95096 0.73287 2.68201
3.35559 -0.64528 1.77481
2.86803 -0.55596 2.68094
2.89813 -1.94246 3.81117
2.21205 -1.72795 3.82323
2.07054 -1.22133 3.70318
1.83303 3.40906 2.35172
1.93448 0.05947 2.06475
1.73856 -1.43813 -0.02448
-0.23728 -0.82579 1.26156
0.0654 1.11758 1.91411
-0.02898 0.59839 -0.16831
0.01518 -1.15138 -1.37833
0.25491 -1.18936 -1.76546
0.84059 -0.21867 -1.32466
0.48725 0.2742 -0.95259
-0.24612 0.69667 -1.95043
-0.59524 1.16871 -0.97944
0.05193 -0.32855 -1.10663
-1.17309 0.77965 0.78195
-0.8014 -0.79215 -1.60274
0.30859 -1.12104 -3.49159
0.05934 0.90644 -3.27927
0.02821 0.33698 -4.17722
-0.64509 -0.50831 -3.48388
1.05492 1.17287 -0.77127
-0.11807 0.01146 -2.90436
0.04178 0.85638 -1.46396
-0.75522 -0.4017 -1.70972
-0.47428 1.47842 -1.33087
-0.51866 0.9613 0.72026
-1.97055 -0.51005 -0.77582
-2.8034 -0.24939 -0.46792
-2.15175 -0.06893 0.89994
-1.85165 0.58083 1.52774
-2.82183 -0.05008 1.15351
-2.49492 -0.60669 1.10068
-4.13837 0.07069 -1.07604
-2.43996 -1.53225 -1.28887
-1.73608 -1.31807 -1.86586
-2.33499 -0.69765 -2.60818
-2.953 -1.39966 -1.59642
-3.95845 0.45704 -0.35644
-3.44991 -0.30543 -1.30665
-4.01032 0.06838 -3.3219
-4.09127 0.10689 -3.75185
-2.14837 0.54202 -5.24138
-1.33325 -0.23119 -5.6922
-2.36477 -3.14541 -3.36064
-1.09784 -0.95696 -2.73865
-0.17686 0.38365 -3.92517
0.4196 -0.90913 -3.9068
-1.26351 0.86463 -2.46909
-1.52075 -0.86396 -2.07526
-2.1875 0.16647 -2.76457
-2.30926 -0.17691 -1.05134
-1.31452 -1.33591 -2.49684
-1.66881 -1.13249 -2.69142
-1.09227 0.41025 -1.20562
-2.12916 -0.85875 -3.32417
-2.17917 -0.90664 -2.10657
-3.73825 0.64162 -0.93993
-3.45652 -1.97648 -1.94923
-4.49273 1.1126 -3.87889
-4.55496 -0.06151 -3.40058
-5.74129 0.53218 -4.61673
-7.49205 -0.10859 -3.84826
-5.33601 0.40147 -4.51692
-4.69326 0.80803 -6.00413
-5.26127 0.607 -6.04805
-5.86939 0.51288 -5.73981
-7.52051 -0.60773 -5.87447
-6.73182 -0.05767 -6.26887
-5.22884 0.09917 -6.75846
-5.00129 -1.03267 -8.85504
-4.03896 -1.44263 -9.53367
-4.28118 1.18166 -9.10891
-4.08677 1.03583 -7.18029
-3.92992 1.58748 -8.46051
-4.58395 1.19126 -6.52222
-3.74168 -0.1017 -5.29727
-2.36895 -0.13601 -5.20414
-1.52826 1.03513 -5.06517
-0.8221 0.91662 -4.79187
-0.84103 0.00072 -5.95464
-2.16528 -0.52432 -6.17188
-3.17669 -0.91234 -5.18206
-0.65435 -0.76917 -4.26272
-1.14204 -0.28125 -3.87312
-1.27687 -0.61706 -4.31515
-1.80513 -1.59804 -2.32499
-1.53274 0.01424 -2.18398
-1.84755 -1.52213 -2.87001
-1.66687 -0.75709 -2.6635
-2.60521 -1.14474 -2.27915
-2.21782 -0.44757 -3.70495
-0.93266 1.89514 -4.1329
-1.17678 1.44225 -1.13549
-1.46035 -0.71053 -1.01068
-2.1713 0.98804 0.94125
-1.14531 0.75214 -2.59226
-0.70495 0.10911 -3.90051
0.75588 0.20041 -4.64177
2.50492 1.04588 -4.55934
2.46828 -1.17972 -5.13315
1.58855 -0.44105 -2.94605
2.14514 0.20929 -0.95922
1.12395 3.30124 0.82812
-0.13749 1.31376 -0.52042
-0.86617 0.99284 -1.44825
0.00123 -0.07881 0.08581
0.75548 -0.45949 -0.01155
0.29938 1.00165 -0.63514
-1.74287 0.09648 0.07687
-0.97569 -0.36941 0.24978
-1.30673 0.48385 -0.21748
0.23631 -0.77277 0.26739
-0.16567 -0.9105 1.43252
-0.78215 -0.77779 2.68542
0.01178 0.99594 2.04647
0.09485 0.06521 2.63217
0.1643 0.03137 3.27164
-0.96049 -0.98377 3.45506
-1.68971 -0.18534 3.75533
-2.8402 0.67388 4.05121
-2.96719 -0.02663 2.88566
-2.36228 -0.24508 2.57617
-0.9391 -0.76059 1.4227
-0.52602 0.36206 -0.57145
-2.36082 -0.31916 -0.66028
-2.64123 0.72912 0.78781
-3.63069 -0.38352 0.87987
-2.23373 -2.58431 -0.39853
-2.83169 0.46788 0.18593
-3.04252 0.53154 0.05776
-3.90403 2.87442 -0.31583
-4.19748 0.18928 -2.52101
-4.19696 -0.05165 -3.67925
-4.27586 -0.86268 -4.09247
-3.41781 -0.87501 -4.57313
-3.30341 -1.73099 -3.94263
-3.17857 -1.56264 -5.43348
-1.64309 -0.99328 -5.18977
-0.7365 -0.47526 -5.41289
-1.38513 -0.14515 -4.93175
-2.25519 0.50454 -4.65092
-2.14092 -1.55236 -4.58913
-1.22624 -0.23394 -4.09793
-0.7666 0.37979 -3.7706
0.22669 -1.87601 -4.7697
2.52848 0.82324 -4.9746
0.41102 1.17041 -1.82024
1.71917 -0.61719 -0.55984
1.37361 0.78928 -2.36596
0.96557 -0.98656 -0.83128
-0.05045 0.98305 -1.73987
-0.18958 -1.78208 -1.6994
1.27406 -1.52422 -2.31632
3.85188 -1.22875 -1.11151
5.30729 -2.16964 -0.88749
6.57794 -1.30855 1.14978
4.93958 0.60797 0.79165
4.74736 -1.73196 3.64439
3.24736 0.0071 3.15866
3.21907 0.334 3.82032
4.26931 0.79377 1.67526
3.05883 -0.38521 3.66489
2.44849 0.98841 3.49162
2.15461 0.39821 2.96452
0.97812 0.38154 2.33657
1.58092 -1.60053 1.43252
1.57595 0.28214 0.53024
1.67925 -0.6228 1.83602
1.01609 -0.70921 2.77643
3.82542 -0.7366 2.86642
3.54866 1.29946 0.97709
3.60627 -1.69744 2.91825
3.01944 0.0879 2.51607
2.64166 1.52666 3.50645
3.14496 0.12011 4.03876
3.08685 -0.24203 3.81214
1.81887 1.45389 5.09418
0.79383 -0.63216 5.31504
-0.40792 -0.10996 5.50303
-2.23241 -0.66611 4.21645
-2.70021 0.15543 3.82601
-4.34009 -0.23891 2.74744
-4.57668 0.20792 2.00755
-4.06835 1.24556 0.62838
-4.1461 0.48501 -0.08744
-4.01209 -2.67776 -0.73678
-5.58468 -2.55762 0.8993
-4.09909 -1.61832 -1.27265
-3.77432 0.03339 -4.09534
-5.47178 1.41866 -4.5648
-5.45646 0.47313 -4.61989
-5.53711 2.10281 -5.21277
-5.29432 -0.0666 -6.22737
-4.15175 0.19511 -6.39261
-5.1348 -0.61629 -6.53089
-3.90919 0.29475 -5.46682
-3.15333 -0.24218 -7.5107
-2.9465 -0.38478 -8.14561
-3.40664 -1.14125 -7.91151
-3.45859 -0.30363 -7.0747
-3.75039 -0.66975 -3.71171
-3.7409 0.29188 -2.86157
-3.30755 0.2265 -3.43274
-0.73851 -0.02752 -3.93107
-1.6178 0.65762 -5.21245
-0.99995 2.08085 -5.84251
1.30047 -1.90719 -6.19001
-0.55262 0.59812 -4.42791
-2.07724 -0.19486 -1.72415
-1.67601 0.19726 -0.6377
-1.70723 1.33571 -1.09842
-1.47902 -0.69883 -0.95544
-1.8297 0.32976 -1.89075
-0.73191 -0.47833 -0.88755
0.21802 2.1581 -1.86733
-0.40227 -0.59477 -1.21882
1.72745 -1.20997 -3.2392
1.89033 1.28705 -3.41095
1.44426 1.66424 -2.10265
0.96119 -0.82715 -2.17501
3.6103 -0.21558 -1.44249
3.39264 -0.38437 -0.17115
3.60432 0.03054 0.2716
2.3389 -0.35771 1.17326
1.80108 0.24003 1.61897
1.02977 -1.09209 2.40924
-0.03292 2.49401 2.61026
0.08842 0.46431 3.08481
-0.52776 0.35089 1.80232
-0.04245 0.08538 0.84036
-0.58761 -0.50403 -0.88909
-2.50384 0.12132 -2.06152
-0.99185 -0.57416 -0.94641
-0.69013 0.04938 -1.76519
-1.0222 1.2893 0.16781
-1.94776 0.03047 2.77535
-2.44344 -0.36409 2.15534
-2.1012 -0.64505 2.78129
-0.80005 -1.26479 0.85987
0.00068 0.01368 -0.75162
-0.71108 -0.29106 -0.68236
-1.10337 -0.19185 -0.46439
-1.39807 0.46662 -0.70899
0.48544 -0.53857 -1.78457
0.19998 -0.13051 -0.92356
-2.0357 -1.48989 0.98327
-3.23684 -0.84272 1.7113
-2.80016 -3.15046 0.91266
-2.56176 -1.30306 -0.60858
-3.68282 -2.53013 -1.953
-3.55239 0.28443 -0.6127
-3.45866 -0.63576 -2.42392
-2.4788 2.6188 -2.96988
-3.21714 -0.22179 -4.35885
-3.3323 -0.16667 -2.66166
-4.8218 -0.90611 -3.09824
-4.22149 2.54936 -1.82689
-6.17874 -0.19107 -2.23104
-5.79534 1.22277 -3.6429
-6.17349 0.93735 -4.14482
-5.00214 0.14367 -4.57377
-4.14401 -0.4407 -5.7354
-3.45603 0.10977 -5.35796
-2.74033 0.375 -6.18984
-1.47648 1.21462 -6.44922
-1.15355 -0.94836 -3.76432
0.55681 -0.80279 -2.17005
0.32434 1.04759 -1.63839
1.84756 0.05678 -1.46204
-0.05986 0.94775 -1.22666
-0.98574 -0.82406 -0.55664
0.57595 0.21979 -0.43843
-0.17826 -1.26794 -1.54259
0.17921 -0.7378 -0.10958
0.48548 -0.28616 -0.09228
-1.39302 -0.11463 -0.33753
-2.32656 -0.55556 -0.61742
-3.48775 1.38098 -1.49949
-5.37264 0.48649 -0.56925
-3.34544 -0.38776 0.41859
-2.27651 -0.44569 -1.74379
-0.21271 -0.31956 -2.12556
-0.10831 -0.29692 -1.47771
0.33966 -1.88967 0.00852
1.21529 0.11173 -1.29329
-0.37449 0.7228 0.54722
-0.91536 1.81379 -1.20561
-0.23831 -1.32461 0.02024
-0.69228 -0.95524 -0.33273
-1.79765 0.3311 0.03309
-1.7775 -1.10302 -0.62444
