4.57904 0.59898 0.69943
4.16594 0.2573 0.92641
3.89714 1.62661 1.67256
2.33439 3.64196 0.23895
2.20964 3.70538 1.09167
2.75019 2.89777 1.57902
4.28676 2.44489 -0.30015
1.83019 -0.58769 1.22457
2.18889 1.82723 0.06871
0.28672 4.02533 0.07669
1.80015 2.15852 1.22837
2.80427 1.01707 -0.36482
1.41141 -0.05986 -0.05071
0.514 0.11379 -0.00541
-0.04895 0.92215 -0.58711
1.23181 1.79113 1.4924
1.33195 2.84584 0.02226
1.41379 1.66456 0.41285
3.33033 0.11024 -0.66126
2.89121 0.30848 1.55359
2.83481 0.84239 2.92807
4.61995 1.62622 2.91977
5.15643 3.11145 -0.09373
3.67134 2.19789 0.88877
4.06383 2.90415 1.29974
3.95405 2.81245 3.23144
2.81026 0.43004 1.02762
1.26946 0.94646 0.3163
1.48014 2.26567 0.70319
1.87734 2.56548 0.28792
2.1241 1.47998 1.92248
2.71929 0.64881 0.04099
2.39207 -1.71713 -0.09953
3.75475 0.65371 1.27822
4.22292 3.21725 1.06004
5.51409 3.2545 -0.75913
5.32157 2.12524 0.53648
3.16495 2.68074 2.21421
2.22527 1.61791 2.51431
2.54334 1.48895 1.3741
3.03386 1.29186 -0.47375
2.35221 1.27722 0.6076
1.06028 1.46396 -0.28358
-0.24511 1.83618 -0.07289
-1.32827 0.05755 -0.4465
-0.64943 -1.67359 2.17196
-1.08506 -0.81541 -1.29731
-0.79998 1.47013 -0.97884
-1.94801 0.42668 1.3422
-2.81691 0.94324 -0.55304
-2.19146 1.03926 0.28646
-2.65487 -0.88458 -2.13773
-2.57462 -0.64112 -1.53674
-1.47676 -1.26902 -0.04954
-0.2722 -2.25416 -0.84516
1.44326 -0.88366 -1.46503
0.0554 -2.00105 -0.62749
-1.39526 0.63438 -0.5213
-0.4182 -1.44401 -0.79749
-1.7571 -0.63106 0.30471
-1.64256 -0.93725 -0.59878
-2.62362 -0.08525 -0.35503
-3.65386 -0.49306 0.12042
-3.39054 -0.41082 -0.56958
-6.19975 -1.15025 0.57796
-5.37424 -1.88181 -1.00081
-5.52971 -3.10394 -0.39348
-5.8643 -4.40975 -1.54522
-6.90496 -2.88668 -0.54931
-6.52339 -2.80917 -2.01505
-7.10885 -1.15273 -2.02646
-6.81828 -1.93578 -1.16969
-8.01342 -3.80955 -2.18954
-7.1902 -4.2309 -1.72966
-6.84734 -4.13544 -0.67465
-5.18538 -3.67955 -2.02926
-5.37839 -1.85277 -0.19914
-3.67805 0.28606 -3.14261
-3.96504 -2.9362 -0.36519
-3.91348 -4.23409 -2.25847
-3.64493 -2.90701 0.70522
-2.9011 -2.08446 -0.81543
-1.45798 -2.8335 -1.35509
-0.6225 -1.7579 1.03654
1.60685 -0.76926 -1.79602
0.24151 -1.22768 -1.89155
2.1867 0.16793 0.2607
1.76908 2.38527 -0.19531
1.35323 1.3937 1.03539
2.17171 1.87694 0.97115
3.98609 1.02572 -0.76719
1.72572 -0.8177 1.63542
1.97646 -0.80033 1.50597
2.79826 0.9566 1.36901
3.11964 1.23861 0.98636
2.9841 1.2551 -0.17252
2.27397 1.1742 -0.76467
1.51314 -0.58368 -0.216
1.27912 0.13822 1.72136
2.30102 2.47193 1.59676
2.21948 2.31881 -0.82229
2.08464 -0.11959 1.691
1.0263 -0.29202 0.27728
0.9348 0.26008 2.16629
1.0144 0.19362 0.05165
0.51126 0.85451 0.10506
-0.52154 0.96888 0.79735
-1.31343 1.62738 -1.13482
-1.65423 2.24928 1.29775
-0.67367 1.38246 -1.04488
-0.36885 1.85784 -0.12196
-1.31813 1.26781 -1.81041
-2.42602 0.12194 -0.05765
-2.10048 0.6087 -0.89607
-3.2694 -0.43704 0.8223
-1.82966 0.12442 -0.33726
-2.8006 -2.98632 0.12798
-2.72341 -2.85197 -0.64836
-3.55015 -2.72474 -1.84247
-3.48785 -0.13184 -0.46336
-3.82884 -1.62002 -0.06191
-2.14619 -0.919 -0.53164
-2.07855 -0.96849 -0.92388
-2.02084 0.12647 -1.04473
-2.80119 0.65598 -0.47693
-2.5139 0.33086 0.0515
-2.60695 -0.22271 -1.12937
-2.72331 -0.45284 -2.03034
-3.67831 -1.46281 -0.6903
-2.24541 0.17099 0.13221
-1.04103 -1.85192 -0.96983
-0.53958 -1.6989 1.28468
-1.43236 -0.41025 -0.0814
-2.9442 -0.1077 -1.70187
-3.87881 1.5173 -0.91798
-2.20804 0.39335 -1.58842
-1.59664 0.22489 0.29876
1.06457 -1.61283 -1.0686
0.76596 -1.7754 -0.43304
-1.16838 -0.77076 0.83218
0.30538 -0.90143 1.17831
2.94113 -1.13395 0.53622
2.73722 -1.63535 -0.61375
3.80006 0.91801 0.81758
4.32126 1.32072 -0.49002
4.1509 1.53761 1.54058
3.98396 2.02486 0.7572
3.02028 0.99607 0.8378
3.97952 0.77734 1.59651
4.99783 1.34747 1.36375
5.04196 1.44842 2.10095
3.88095 1.52628 0.93563
3.83889 0.65 1.86155
4.60229 2.5674 1.36009
5.14395 1.72609 1.17075
5.14348 3.17504 1.4667
5.27913 1.53462 2.57715
4.27778 1.79531 1.51719
5.13307 0.66435 1.64199
4.65824 0.82439 0.01759
3.80636 0.38128 1.67992
4.56691 2.4072 1.67535
5.51892 -0.03609 1.96321
6.88969 0.56379 0.66668
7.19145 0.19858 1.97957
6.57177 1.84736 1.54753
6.33126 2.70318 2.73585
6.84847 2.46225 1.37756
7.30909 2.89925 0.27035
6.73067 3.61666 1.74421
6.2591 5.12083 1.45818
6.25499 4.04834 0.96618
6.49084 5.42111 1.68851
4.83435 4.23431 2.12115
4.38615 2.24001 1.28457
4.69922 5.86678 2.31673
5.55211 3.13627 0.18581
3.1637 2.71721 0.3507
2.97987 2.25217 2.35499
3.76611 0.92078 1.55272
3.82944 0.87463 1.77467
4.30617 0.46862 0.03473
4.60917 2.63116 0.11895
3.2369 1.74941 1.40514
3.32294 0.75263 2.34849
3.71606 2.56552 1.68492
3.8098 -0.09047 -0.38321
1.829 2.10955 1.80749
1.59701 2.61291 1.28188
1.79546 -0.17921 -0.1839
2.59969 -0.14583 0.25689
3.20374 -0.25127 1.68321
2.56429 1.50668 1.05021
4.30968 1.44686 1.44247
2.72213 1.79022 0.15457
3.75466 3.47574 -0.28771
3.72389 2.74158 0.53303
2.76944 1.17268 1.80281
3.73496 1.30484 -0.44176
2.92807 2.3769 1.48048
3.76596 3.09625 1.31192
4.56308 3.53831 1.06009
4.48964 3.98842 0.60381
3.92897 3.95925 -1.24977
4.20501 2.54035 0.33928
3.76016 1.2726 1.1063
6.68132 1.25463 0.74312
6.50853 1.5526 2.30731
5.47761 0.51036 0.65753
4.94414 0.83716 4.55708
6.42005 1.98621 0.61126
7.64902 2.10832 0.67855
7.09143 2.15479 2.40839
8.66021 4.075 0.54308
7.40394 3.83172 1.33624
7.9325 2.48509 0.13087
9.03307 4.37394 1.56869
8.5384 4.04033 2.71224
9.14861 2.33654 2.50101
9.29395 2.38355 2.20536
11.01741 4.26409 4.03712
10.66743 4.06174 4.02768
11.62211 3.39156 1.57988
9.74288 4.34904 3.65159
9.57016 5.84102 2.59913
10.49876 5.44971 1.78221
10.23618 4.87122 2.49712
10.46748 1.18496 2.05837
9.26783 2.16006 2.90274
8.4049 2.6448 3.44595
8.50133 4.25937 3.35792
6.43439 5.43377 1.71677
5.69697 3.38735 1.27783
3.82991 4.35775 3.75347
4.15787 3.11587 1.01052
4.15965 3.04409 1.98358
4.53186 1.36238 1.07045
5.27985 1.12376 2.25237
5.55092 1.99512 0.73666
5.47584 2.51812 0.57708
5.78147 0.25816 0.16685
7.01191 0.83516 0.70346
8.5545 1.57015 0.93228
6.88916 2.36669 2.04094
5.50976 3.23587 2.94941
6.26912 2.58494 2.01212
7.77153 4.77954 3.62604
8.44683 2.82536 1.30698
9.34489 4.24624 1.33792
8.48745 3.43568 1.59332
8.79867 2.69451 1.98266
9.84964 4.33103 3.00637
10.75791 3.4562 2.21319
10.31551 2.78567 5.23196
12.7153 3.86812 1.73341
11.1199 5.86343 4.3629
11.69665 5.26476 3.05223
9.67243 6.79524 4.59532
10.18443 6.08103 1.98486
9.12585 3.18137 2.69683
10.24372 4.27693 1.96365
10.79012 5.70611 2.99278
9.57027 4.67468 0.48477
10.22272 4.08912 3.37428
12.74837 5.97749 3.40528
14.0222 6.21312 2.67745
14.24219 4.86657 3.63869
12.86676 3.15848 4.18259
13.31324 4.88678 3.10052
11.97754 6.18387 4.46445
12.57334 6.78352 3.96513
9.93763 6.45715 0.28254
10.73813 6.24345 2.10015
9.60301 4.46863 3.17069
8.21172 5.24579 4.04163
9.22203 5.75736 3.27582
8.90513 6.05667 1.39579
8.30986 4.41998 2.71056
7.57266 4.94651 1.55991
7.92616 5.32172 2.24996
7.1281 3.99601 2.71129
6.75181 2.67835 3.96645
5.47728 3.25887 -0.0117
3.38551 3.48265 2.70365
3.77409 3.65467 1.62258
2.89336 3.09467 0.65172
-0.03276 0.6316 2.60076
1.52725 1.43081 0.39565
0.67902 -0.46125 0.80414
1.02874 -1.32368 0.36363
0.84053 -0.43194 1.9228
2.06469 0.00635 0.25627
2.47994 -1.0563 -1.5413
1.42529 -1.39012 -0.33601
1.50084 -1.31711 1.60291
0.65245 0.2184 -1.04307
1.58558 0.12247 -1.69205
0.47878 0.06174 1.13738
-0.56623 2.55037 0.02233
0.14712 1.86365 0.76414
