0.59662 -0.79421 0.64914
-0.7974 -0.7622 -0.24153
-1.43617 -0.90238 -0.57885
-0.3485 -2.88748 -0.68024
-0.45974 -2.32832 -0.91411
1.19499 -1.99187 -0.30392
-0.34028 -1.01472 -2.83551
-1.54058 -0.65795 0.86885
-0.48176 -0.33455 -1.29784
-0.0905 1.20383 -2.4895
-0.85163 1.58829 -2.83221
-2.49942 0.64685 -1.02335
-2.24721 -0.38582 -2.43847
-1.24377 1.06636 -2.93556
-0.23364 0.29763 -1.74222
-0.13999 0.24124 0.66918
-0.25167 -1.50405 1.24981
-0.39226 -2.90142 1.33622
-1.5955 -4.33344 -0.83759
0.25983 -4.8492 -2.00824
0.0298 -3.99034 -2.95487
0.69242 -4.64506 -0.79084
0.71192 -4.18953 -1.06855
-0.55558 -1.53189 -1.41733
-0.25045 -1.514 -2.80578
-1.0163 -0.49981 -3.0109
-2.21662 -0.18123 -3.53188
-0.53783 1.56874 -2.8166
0.48219 0.75996 -3.80367
-0.42821 0.2716 -1.86975
0.24381 1.80877 -1.86849
-0.92713 1.64324 0.18293
-1.61898 0.93611 0.96111
-1.45913 -0.18048 1.60852
-1.70538 -0.25057 5.14509
1.38807 -2.10209 4.65383
2.66924 -1.48022 1.82509
2.35706 -0.75098 0.14126
2.43257 -0.59132 0.1695
0.40638 -0.11552 -1.52107
-0.56341 0.04542 -1.35168
-1.08645 0.77477 -0.8094
-0.25207 1.61891 0.09547
-1.62232 2.29261 -0.24884
-1.78728 0.60562 -1.66006
-0.9801 0.41775 -0.28346
0.93606 0.76974 0.74411
1.19857 -0.56667 1.44185
-0.18792 1.12428 3.95552
0.46223 0.76131 2.51646
0.84158 0.12547 -0.27259
-0.95393 2.46537 -0.52127
-1.65832 1.78104 -0.72371
-0.03469 1.41201 0.46474
0.39482 0.8188 0.99036
1.10849 1.12182 -0.9938
-1.89033 0.70688 0.10316
-1.6657 -1.88942 0.43572
0.25065 -2.32053 -0.7376
0.08816 -1.2674 -1.24134
-0.55138 0.46731 0.15617
1.03028 0.22205 -0.38697
0.08746 1.21798 -2.17727
-1.87678 1.31806 -2.94741
-0.50943 1.34613 -1.40307
-3.24688 1.64979 -0.46946
-1.76753 0.66982 -1.81155
-1.71237 0.21257 -1.30984
0.83812 0.79711 -2.77064
-0.06832 -0.31276 -1.21751
-0.93961 -3.0589 -0.57149
-0.68166 -2.23071 -0.10471
-1.84185 -1.52725 1.84824
-0.67406 -0.14221 -0.17008
-0.48032 0.65061 -1.14837
0.4211 3.31334 -0.63654
-0.60591 1.78023 -1.70966
-0.79608 3.37144 -0.71033
-0.45894 1.61332 -0.23121
-0.37135 1.54933 -0.72752
-0.2522 1.53608 1.18559
0.3802 1.17724 1.07717
1.45391 0.65288 0.72013
1.4713 0.86346 1.14116
0.07983 1.39481 1.39935
0.05768 1.63283 -0.11079
0.12028 1.62842 0.78789
1.04934 1.74956 -1.29155
-0.81265 1.86194 -1.36628
-1.4807 1.97724 1.32478
1.57675 1.28103 1.48402
-0.34571 1.04057 1.89515
0.48728 -0.08027 1.79681
0.53484 -0.76499 1.33434
-0.54277 0.3126 0.2896
-0.39878 0.66342 0.14774
0.56026 -0.03526 -0.65147
-0.33523 0.58824 -1.58282
0.0247 1.17301 -0.58498
-0.11047 1.23923 0.85545
-0.6998 0.46441 0.06233
-0.75723 -1.37079 -1.67286
-1.00996 1.30058 -2.29967
-1.67957 -0.26458 -2.11598
-1.45333 -1.49735 -2.13702
-1.4565 -1.96394 -2.55031
-1.14523 0.76565 -1.62602
-0.81382 0.28285 -2.88493
0.95651 0.39533 -2.14727
-0.85508 -0.3063 -1.41566
-0.39777 -0.40096 -2.27775
-2.22227 -0.68198 -2.33116
0.48386 -0.86673 -0.94305
-1.10183 -1.17905 0.23787
-0.68772 -0.4039 0.616
0.63724 0.97578 0.76511
0.61382 0.36802 0.57573
-0.24238 -0.9606 1.13706
0.25827 -0.76019 0.34336
2.63447 -0.3334 0.84157
3.14754 -1.16618 0.57298
0.50356 -1.04663 1.71172
0.29618 -0.47171 3.44921
2.06888 -1.15646 1.56433
1.31515 -2.20201 0.26722
0.77237 -1.51504 1.84791
0.71962 -2.32778 1.37644
0.55728 -1.9676 -0.29343
-1.67837 -0.17793 -0.17483
-0.27547 -1.32121 -0.86641
-0.81498 -1.07474 -1.20149
-1.02722 -1.84318 -2.67748
-1.9594 0.12651 -1.03154
-2.97933 0.23768 -1.71349
-0.91677 -0.45852 -2.25694
-0.8965 -2.08662 -2.27581
-2.4006 -2.25094 0.00352
-1.87987 -0.9461 -0.78846
-1.07634 0.59968 -1.0789
-3.42033 2.19432 -1.35552
-2.8304 2.46187 -1.14947
-1.30224 2.26544 -2.03736
0.2803 1.63677 -0.25452
0.33522 1.86303 -1.35971
1.40659 2.00994 0.63323
2.00765 2.54572 0.42665
0.8411 0.88597 0.83379
2.10658 0.80849 3.88974
0.38799 -1.31188 2.87826
0.92614 -0.96359 3.92577
0.9193 -0.02557 2.64969
2.1568 0.21536 1.72755
2.17793 -1.21051 2.70995
1.22309 -0.83818 2.78046
2.63222 -0.9063 4.57847
1.69884 -1.65526 1.79463
2.34047 0.05992 2.18543
0.16145 0.28664 2.2695
1.26679 1.16017 2.07483
1.98376 1.47193 1.56399
1.8422 1.78427 -0.05549
-0.20622 1.36924 0.7533
1.33906 0.31284 1.20939
1.60409 0.63576 2.27421
-1.11936 0.34576 2.28529
-0.5843 1.13668 2.65789
-0.51812 -0.70627 0.23246
-1.03333 -1.5374 0.80332
-0.98545 -1.3613 0.20329
-0.9514 -0.97169 0.68011
0.96473 1.00168 0.28285
0.88795 1.86281 0.26313
0.83324 1.29932 -1.10836
0.99096 1.04995 0.44195
0.6167 0.51953 -0.03281
0.48372 -0.38669 0.14997
-0.76947 0.21452 3.27678
0.42853 1.32356 1.76743
-1.32586 1.8423 1.45503
-1.08577 1.84095 1.31914
-0.39496 0.91201 0.47354
0.33071 1.19995 0.19443
-1.07244 -0.82557 0.92453
-1.71304 -1.09474 0.69258
0.10764 -0.51926 -0.25905
0.47004 -0.13285 1.44636
-0.54485 1.52585 1.53726
2.22943 1.42059 -1.05109
2.01471 0.12734 1.63544
0.92858 0.79467 2.95689
-0.2091 1.45466 3.32265
-0.16685 0.79427 2.32364
0.92497 1.04787 0.73486
-0.15668 2.44422 0.24927
0.96366 2.09116 3.08072
1.08174 1.75159 1.38236
2.61164 0.85691 0.40291
0.59997 -0.89053 0.77917
0.17358 -1.11878 1.17015
0.1526 -2.58257 1.91812
1.30751 -3.35794 2.11034
2.09093 -3.36535 -0.48584
1.1468 -3.50533 -0.37623
-0.34943 -3.26312 1.32781
-0.701 -2.60171 1.87932
0.50225 -3.87402 1.43063
0.46033 -1.14759 -0.54028
2.40372 -1.49673 0.33877
0.26822 0.41894 -0.64413
-0.20503 1.74518 -2.78473
-2.31962 1.08332 -1.40041
-1.71262 0.00102 -1.14928
-0.57663 -0.01141 -1.86602
-1.30683 -1.33043 -1.04831
0.14689 0.04387 -1.03299
-0.35589 1.05591 -1.05536
-0.44512 2.68104 -0.33603
-0.64552 1.41432 -1.10884
-0.04663 2.30381 -0.29292
0.36235 1.82641 -1.87238
0.34364 0.49325 0.60268
0.87909 -2.97062 0.67125
-0.05394 -4.05696 2.0864
1.02596 -4.19429 1.40335
1.20245 -1.26919 0.77073
1.7071 -1.51364 0.40804
2.38144 -1.56025 -0.43638
0.21192 -1.22505 -0.26265
0.72195 0.4127 -1.31465
-3.28679 2.05005 0.12575
-0.03379 0.09103 -1.5914
0.71593 1.22188 -3.47274
-0.30329 0.96406 -2.14888
-1.53159 1.28131 -1.14573
-0.82613 0.45346 -1.2747
-1.14396 0.29742 -0.40423
-2.75565 -1.04253 0.62013
-0.90133 0.08232 -0.72596
-2.51904 0.9779 -2.75988
-0.62989 -0.89785 -0.81835
-0.40684 0.36053 -0.7272
-1.2167 2.85686 -1.11832
-1.98482 2.60767 0.61538
0.91909 2.93344 1.15744
-1.1505 2.34323 -0.25079
-1.54192 2.21772 3.30928
-0.00125 1.91094 3.2948
1.20026 0.84577 2.40305
1.37715 0.35751 2.42443
0.30008 0.78167 3.26797
1.11971 -0.85878 2.06001
0.53242 -0.37271 0.29041
0.21904 0.17957 0.26467
-0.27101 0.99863 3.39787
2.53572 1.20577 1.21702
1.22797 0.01411 0.35784
0.8537 -1.14407 -0.23035
-0.67749 0.99919 1.38636
1.2413 0.94886 2.43204
1.41064 1.3064 1.2612
1.0176 -0.09049 1.1219
0.81642 -1.05788 1.09801
0.18665 1.35702 0.50362
0.46403 0.97628 0.16166
-1.20649 0.1228 -0.27081
-0.2627 1.56203 0.18146
1.51252 1.40305 1.17006
0.67823 0.01585 2.4248
-0.48601 -0.01192 2.56176
1.41951 -1.05174 2.82513
0.98868 -0.46614 1.15319
-0.13155 1.77643 0.90327
-0.29098 2.63343 0.14658
-0.09129 2.90155 -0.7581
-0.41252 3.48251 1.09491
1.02848 2.51594 1.30604
1.01551 2.01414 1.89129
-0.06445 1.99485 1.70169
1.25864 1.11807 -0.11
-0.68889 2.10618 0.44811
0.46557 0.36574 -0.66921
0.41308 0.77654 0.67453
-2.4113 0.23005 0.41783
-1.28906 1.39573 1.66405
-0.90459 -0.70484 0.86506
-1.59506 -0.96772 0.00184
-0.75899 -0.62555 0.44621
-0.99345 -0.51733 1.00963
-0.54384 -1.37582 0.27477
-2.53531 -0.74083 -1.07575
-1.32868 -2.82679 -1.74694
-1.41831 -2.0033 -0.31382
-0.9314 -3.07539 0.35687
-2.48021 -2.22284 -0.98313
-1.74823 -0.81934 -1.50368
-0.97993 -0.45837 -1.18565
1.24887 -1.32177 -2.87145
-0.70826 -0.71799 -3.83834
-1.2114 0.97362 -1.73512
-0.40141 -0.43618 0.24327
