-1.16617 -0.84961 5.05579
-0.9273 -0.10285 4.81619
-0.60818 -1.2031 3.08788
2.43405 0.81708 2.15572
1.97266 -0.82349 0.80001
1.46632 1.49098 -2.40827
-0.10171 0.50854 -2.40971
0.28697 0.42923 -1.5799
0.80435 0.45092 -2.23898
2.21695 -0.937 -0.72139
0.3924 0.05075 1.67587
-0.25109 -0.20389 0.57493
-0.75382 -1.12576 0.02367
-0.49548 2.64609 -0.72497
-0.96181 0.43461 -0.92978
0.6587 1.34253 -1.14549
1.44945 0.63076 -2.20911
-0.15717 0.25273 -0.4091
-0.16908 -1.2096 0.57712
0.85971 -1.14195 0.25555
-0.04061 1.59007 0.45075
-0.7455 1.3502 -1.28992
0.26468 1.68005 -2.87226
0.6183 -0.3191 -2.13427
-0.46132 0.31867 -2.68472
-0.27791 -1.18851 -1.90605
-1.72755 -1.35099 -2.94707
-2.67096 -0.7046 -3.3699
-3.60103 -1.45107 -2.68419
-0.57228 -0.1858 -3.01875
-0.29351 -2.839 -3.1137
-0.74206 -1.56949 -1.70532
-1.37011 -0.44482 -2.65218
-0.23867 -1.2415 -3.30785
1.05383 -1.93659 -3.85832
-0.2695 0.84607 -5.4376
-0.54089 -0.40581 -4.16295
-0.33613 0.60845 -2.83934
0.21907 1.08968 -4.39147
-1.36107 -0.88488 -3.24393
-1.83239 -0.56891 -5.00406
-0.48933 0.05753 -2.34135
-2.29197 -1.78742 -1.69019
-4.73037 -0.7743 -1.2329
-4.31148 -2.36244 -0.85347
-2.05671 -0.39802 0.16184
0.02338 -0.52132 -1.75155
-1.59607 -1.21141 -1.33118
-0.37 -1.3361 -2.09564
-0.96118 -1.76271 -1.8121
-0.22555 0.21104 -2.2578
-0.61207 1.42542 -2.98627
-1.00938 2.45183 -2.21111
-1.11883 0.17576 -1.51677
0.87274 0.61358 -2.48041
-0.35641 -0.70634 -1.83918
0.81495 -0.39608 -0.36285
1.21343 0.11937 0.40258
0.94553 0.66069 -0.02409
-0.84208 -0.52093 0.44964
-1.37227 -0.22337 2.7087
-1.8472 -0.34946 3.16364
-1.79865 -0.5907 1.93467
-2.07133 -1.05451 1.73353
-2.71789 -0.42716 3.16923
-1.80153 0.52457 2.98018
-0.18514 -1.85833 1.80193
-2.56159 -2.33158 1.786
-0.68681 -1.87322 0.45771
-0.4457 -0.32265 0.82468
-0.85443 1.68541 -1.21375
-1.46986 1.3445 -1.04852
0.60944 1.4513 -2.09111
1.14519 0.68441 -1.15275
1.15702 -1.19999 0.14161
1.39605 -1.10166 1.72661
-0.58874 0.10872 2.02707
-2.27853 0.99121 2.25274
-1.22637 0.36813 1.14661
0.79125 -1.41481 0.10496
1.87241 -0.48343 0.94338
1.23644 -2.03027 -0.7967
0.76593 -0.57743 -0.8006
-0.60999 -1.7421 -0.57889
1.05274 -1.40479 -1.09203
1.36598 0.72211 -1.31015
0.71441 -0.46188 -0.4668
1.6501 -0.1089 1.29291
1.0787 -1.79826 1.25191
0.12275 -0.88807 0.98662
-0.60903 1.84681 1.27114
-0.06139 -1.97618 2.3113
1.38273 0.83909 1.3831
1.0475 0.80752 1.98529
-1.68947 -0.4941 0.83839
-2.76204 -1.0044 1.25596
1.15824 1.07898 0.53287
0.08045 -0.1216 -0.4948
1.00444 -1.99094 -0.79742
0.95112 -1.95407 -1.23592
-2.36524 0.71045 -0.31308
-0.15119 -0.89031 -0.0439
-2.25353 0.48293 0.99313
-2.41834 0.55927 0.88226
-0.25283 -1.588 0.8439
-0.7718 -0.17854 2.50571
-1.1624 -2.75116 0.54826
-1.85995 -2.23352 0.36129
-1.49487 -0.50376 -0.51449
0.18147 0.3566 -0.78887
0.69774 -1.02589 -0.95681
-0.20557 -1.76517 -1.62678
0.586 0.57965 -0.56451
-0.71061 1.48937 0.57744
-0.85087 0.42131 -0.63843
-0.17766 -1.81245 -0.19908
0.69444 0.08016 -0.40759
-1.4955 0.58335 -0.04125
-0.85415 1.26443 1.03239
-1.06307 -0.4713 -0.21071
-0.35877 -0.387 -0.28491
-0.36459 1.59699 0.33883
-0.81425 1.266 0.56049
0.52615 -1.23 -0.08476
0.55557 0.33853 -0.78008
0.36149 0.00511 -0.83357
0.28539 0.51319 -0.87974
0.45722 0.22901 -0.05388
-0.88663 -1.15186 -0.38755
-1.22768 -0.3363 -0.3437
0.98945 0.03367 -0.49489
1.39238 2.68279 -0.12519
0.32731 1.46978 -0.48063
1.03957 0.73368 -0.97779
-0.56541 0.47854 -0.57479
0.71458 0.93627 0.23996
0.8574 2.43755 -0.5906
1.63688 1.36037 -1.43254
1.92619 0.48654 -0.78658
1.73848 0.51754 -0.21105
-0.15836 -0.52073 1.76763
-0.03948 0.2884 2.28876
1.14298 0.7729 2.76123
0.04031 1.29469 4.08836
0.35303 2.42271 4.70283
0.39304 -0.19554 5.94324
0.19365 0.16102 7.19689
1.09929 0.13855 7.55222
1.2013 1.72833 7.6655
1.55615 -0.05046 8.01413
0.82619 0.83504 6.70344
-0.51557 -0.79777 5.98191
1.69216 -1.28396 7.22401
-0.12372 -0.25672 6.90517
-0.18771 0.07514 6.80937
0.24423 -0.73911 6.95521
0.26817 2.08072 4.92966
0.38642 -0.90388 4.31947
1.91385 0.7537 3.79388
0.95834 -0.51743 2.9517
0.17602 0.17345 3.52287
1.21169 0.55776 2.62706
1.65949 -0.14071 3.89899
1.07974 2.44972 2.75208
1.7697 -0.09678 2.86133
1.02666 0.63658 1.44854
0.88139 0.21885 2.00659
1.67432 -2.45705 3.08315
0.75873 -0.64256 3.49365
-1.36939 2.35661 3.91575
-0.444 0.83285 3.30393
1.64535 2.15284 0.77024
0.64724 0.8019 0.95817
1.04726 -0.21104 3.79377
1.74146 0.96988 3.61955
0.67394 -0.72979 4.8843
1.74904 0.48457 2.50293
0.33605 1.90624 0.43658
-0.71198 0.91563 -0.75474
-0.47809 1.38167 -0.65891
1.50264 -0.17082 -2.3528
0.09775 -0.85229 -2.44888
0.60048 0.06682 -3.83654
1.21517 -0.26854 -3.57355
0.176 0.31776 -4.48625
0.07309 0.74213 -4.64568
1.68468 -0.43611 -4.5574
0.39981 0.46469 -4.12656
-0.57593 0.44577 -2.39953
-2.14932 2.15011 -2.51535
0.82022 0.44681 -2.20417
-1.16976 0.58809 -1.65181
-1.80242 -2.03197 0.09326
-0.81407 -2.17961 -0.51494
-1.20278 -1.9325 -0.92907
-1.6848 -0.23832 -1.07053
0.95371 -1.96531 -2.41188
2.152 -1.22231 -2.18477
0.62018 0.05197 -3.00571
-2.12127 0.7267 -2.77708
-2.43764 -0.50186 -1.6247
-0.77438 -0.06249 -2.29381
0.09918 -1.64142 -3.81356
0.6603 -1.81382 -2.88908
-0.07957 0.22406 -2.44464
-1.42112 0.11234 -3.13297
1.67432 0.76861 -0.41975
-0.76 0.65867 1.04344
-1.19906 0.88789 1.0628
0.10272 -0.521 0.42405
0.93088 0.04753 0.53525
-0.24362 -0.311 0.5575
0.93459 -1.07388 0.97287
-1.5266 -0.23804 -0.16197
-1.42345 1.68567 -1.7388
-0.84012 -0.72083 -1.65484
1.46608 0.71701 -2.34307
0.91785 -1.13415 -3.13164
-0.16562 -1.88135 -2.37997
-0.71649 -1.47693 -2.86222
0.19785 1.0557 -2.7321
-1.17212 1.84343 -4.40785
-0.63572 -1.43199 -2.60285
-0.50847 -0.75749 -0.88907
-1.41796 -1.22991 -1.3931
-2.09487 -0.46635 0.73311
0.12345 0.22007 0.41293
0.15556 0.17112 -1.19126
-0.67186 -0.23855 0.2223
-0.83369 -0.23847 -1.73785
-0.7386 -0.36465 -3.77676
-0.76734 -0.70447 -4.19257
0.20129 0.97543 -4.29054
1.75847 -0.06489 -3.69964
0.85893 -0.4723 -2.56731
0.93987 -0.82879 -1.12843
1.02823 -0.91568 -1.11832
0.05558 0.03555 -0.7116
0.26257 0.80688 -0.6776
-1.47074 0.93594 -0.17882
1.0513 1.28496 -0.68253
1.10022 0.69017 -0.75826
1.84304 1.61813 1.23143
0.14587 -0.43195 1.42968
0.22313 2.29222 3.44937
0.84217 2.84989 2.48307
0.79525 -0.83586 1.87867
1.67433 2.16854 -0.56502
0.58657 -0.13929 0.47113
-0.15938 -1.49553 1.10173
-0.37655 -1.01462 0.60376
-0.71588 -1.12785 2.03514
-0.09956 -0.69706 0.52447
-1.75498 -0.65905 -2.02284
0.28372 0.43192 -2.37796
0.40517 -0.15388 -2.68392
0.74996 1.1488 -1.74605
-0.35732 -2.35579 -2.7555
0.73087 0.40086 -1.67635
-0.04542 2.53802 -1.57251
0.14522 0.26375 -1.69608
0.40957 -0.00179 -0.27921
-0.83794 -0.55071 -0.07425
-0.12339 0.30345 0.71601
-0.49262 -0.05159 2.63128
0.46011 -0.43003 3.31842
1.1684 0.61042 3.85958
0.86515 0.72399 1.68919
-0.0321 -1.3033 0.75501
2.05445 0.47704 0.12095
1.02359 0.73694 -1.07669
2.27327 -1.78081 -1.69504
1.41394 -0.49805 -3.198
1.15237 0.47435 -2.38346
1.77795 0.7674 1.7817
-0.20228 1.59371 0.72468
0.98243 1.43705 -0.1001
0.70555 0.23509 0.87278
0.45531 0.56982 1.2274
0.36995 1.33819 0.50427
0.94975 0.27742 1.54346
0.5929 -0.92729 1.29398
0.60066 -1.46804 1.5289
1.65493 -1.87919 1.71122
1.74373 -0.14794 -0.21567
0.08075 -0.30906 -0.46669
0.74319 0.28843 -1.58177
0.17539 0.16843 -2.00242
1.3554 -0.89872 -0.83301
0.67893 0.85062 0.19574
0.1043 0.4128 -0.67982
2.16498 1.70532 -1.11093
0.83845 1.69545 -0.70002
1.33996 0.06189 -0.85402
0.8151 1.10808 -1.00883
-1.5851 1.23964 -0.23002
-1.25479 1.40595 0.63756
-1.80613 1.61835 0.41062
0.10277 0.24396 0.48482
0.73755 0.26111 2.31213
