-1.12704 1.42306 1.86112
2.17471 0.76609 1.73199
1.2821 1.43331 0.45973
-1.15375 -0.02518 0.70301
-0.69579 0.3745 0.49023
-0.40677 -0.64239 -0.39163
0.33462 -0.7041 -0.19549
-0.15908 0.90102 -2.10446
0.23956 0.4495 -0.68521
-0.81031 -0.40653 -0.08676
-1.20742 -0.26077 -0.14443
-0.0307 -1.76675 -2.17314
-1.58754 -1.20811 -0.34468
0.395 -2.35308 -0.15966
0.51395 -1.71659 0.06377
0.23957 -1.56715 0.43819
1.13279 -0.91656 -0.41627
0.56954 0.71769 -1.45468
-0.22776 -0.80032 -2.25908
1.04773 0.31099 0.19337
0.83635 0.2476 1.00353
-1.47145 0.01367 -0.1114
0.33772 -1.23378 -0.08889
0.85581 -0.05386 0.71829
-0.28855 0.48855 1.122
-1.63736 -0.24348 0.35769
0.89654 -1.19448 0.78998
-1.25338 -0.76943 -0.26153
0.71864 1.21775 0.52942
1.49443 0.15087 -0.50798
-1.26369 0.65599 -0.00426
0.71157 1.37909 0.75645
0.004 1.77263 0.60045
-1.47531 0.563 0.43855
1.11267 0.96081 0.45669
1.25412 -1.02782 2.31256
-0.21137 1.20431 -0.29715
-0.2708 3.34793 -0.30682
0.94415 2.67198 1.12218
1.42085 2.66826 1.58202
-0.00289 1.88422 2.49655
-1.1231 -0.65602 -1.41093
1.92386 -1.50658 -0.26708
0.02985 -1.18835 -0.49931
-1.83962 -0.46377 0.174
0.90117 -0.86693 0.60377
-1.59842 -0.20465 -1.03509
-1.43691 -0.25949 0.71084
1.42564 0.64201 -0.80464
-0.02733 -0.75328 -0.32209
0.07692 0.75784 0.46793
-0.86982 -0.28134 0.05897
0.4644 1.26356 -0.22485
-0.00703 0.64431 1.02127
-1.26159 -0.1952 1.01622
-0.47021 -1.15486 0.9199
0.53009 -1.99505 -0.60878
0.75699 1.00729 -1.05349
0.90002 -0.44545 1.23154
-0.14022 0.22132 0.2434
-1.75949 -0.75322 1.08051
0.80311 -2.04826 0.13015
0.90424 -0.94539 -1.60071
0.92596 -0.21975 -1.25138
0.09671 1.56117 -0.45876
-1.66193 0.475 -0.77963
-0.55955 2.92934 -0.48957
-0.89671 0.71012 1.47706
1.40818 0.08073 1.76456
0.71788 -0.99036 1.01272
0.78723 -0.12342 -0.42596
1.17403 -0.10502 1.32166
1.1804 1.79909 -0.97435
-0.33712 3.20884 1.73698
0.55085 2.28238 1.17653
-0.00659 0.29177 -0.36007
1.31588 -0.35645 0.77431
-0.2842 -1.44857 1.72403
-0.81749 0.54651 -0.60393
1.22551 1.27816 0.37477
-0.14079 -0.35224 0.54034
-1.03886 -1.14478 -1.16373
-0.57571 -0.08302 -0.16579
-0.93876 -0.74246 0.19159
0.33549 0.83177 -0.17704
-0.47241 0.40634 0.24701
0.00161 -0.86648 0.16646
0.4225 -0.03056 -0.96145
0.68672 0.28416 0.86511
-0.50459 -0.86439 1.7254
-2.27797 -1.02344 -1.11435
-1.09174 0.30646 1.4991
-0.07286 -0.82257 0.67129
0.88619 -1.09986 -0.29664
-1.40105 1.80392 -0.72889
-0.31286 1.01723 0.29393
0.12768 1.12754 0.09062
1.05832 2.40395 -0.97504
0.77671 0.54129 1.15122
0.80627 -1.42019 0.22685
1.22663 -0.56445 -0.91726
0.17727 -1.05646 1.00152
-0.1372 -1.41502 1.20964
-0.57471 -1.33086 -0.43428
-1.40731 -1.13056 1.44698
0.09529 -0.80124 -1.19661
1.39647 -0.61119 0.55526
-1.49354 0.52824 -0.42367
1.69594 0.59861 1.45705
-0.63473 1.04929 0.0572
-1.6408 -0.22093 0.0257
-1.06525 -1.48808 -0.07642
-0.36786 -2.05438 -0.56938
-0.05422 -0.86753 -0.85745
-1.99063 1.87814 -0.17428
-0.69095 1.88788 -0.92741
-1.38467 0.89996 1.299
-0.83117 1.10661 0.26707
1.34247 3.14979 1.49291
-0.29221 0.84499 1.1956
0.84324 0.5392 1.1622
1.05463 2.55948 0.42744
0.56712 2.02666 0.34023
0.03805 1.94177 0.49242
1.03403 1.53336 1.56603
0.96469 1.14213 -0.41481
-1.11041 -0.02024 0.33732
2.49602 0.00366 -1.33126
0.3288 -0.2196 0.07179
1.73296 0.10798 0.65399
0.92911 0.41044 -0.41653
-0.23576 1.04345 -0.10051
0.37607 0.63438 -1.27913
-1.04125 1.16607 -0.38216
-0.47157 1.46729 -1.19335
0.53676 -0.45146 0.87727
0.55248 -0.66081 1.12192
0.60003 -1.53826 0.27042
-0.27087 -0.46725 1.07022
0.14506 -0.89752 1.60649
-1.91945 0.7521 1.15587
-1.71698 1.6234 1.65399
-0.57705 -1.80746 0.97228
-0.69937 -1.17339 -0.32363
0.0045 -0.87067 -0.49626
1.68148 -1.59358 -1.39899
-0.7001 -0.53717 -1.41126
-0.37173 1.61772 -2.56824
0.41518 0.72136 -0.23822
1.85551 0.78252 0.81383
-2.10908 -0.75354 0.58725
0.11557 -0.37207 0.88639
0.49768 -1.24459 0.75148
0.78917 -1.85554 -0.03135
1.82608 -1.13727 -1.30091
-0.28212 0.9367 -1.61946
0.46103 0.13014 -0.3248
-1.13414 -0.6393 -1.24396
-1.57471 0.42572 0.26452
-0.65396 1.37872 0.35268
0.29088 -0.41544 2.09045
0.80043 -0.35365 0.18919
0.98961 -0.76337 0.54843
2.07866 -0.43162 -0.14582
-1.54536 0.57461 -0.2976
0.22184 -0.90424 0.16017
0.44363 0.24844 -0.1673
-0.66416 0.21666 0.47768
-1.18571 0.02761 2.70487
0.12558 -0.3871 0.10884
-0.42758 -0.85858 0.03977
1.63597 -0.72401 2.0486
1.54921 -0.33239 1.16026
-1.55491 -0.04294 1.50381
0.45214 0.56199 0.39347
0.542 -0.37601 0.50098
2.69851 -1.4897 -1.45078
-0.07716 -0.95336 -0.60395
0.9659 -1.37555 -0.83372
1.59207 -1.57964 -2.34398
0.08703 -0.47227 0.4424
0.10325 -0.54095 -0.47311
1.54938 -2.00989 -0.13987
0.75499 0.22975 0.35183
-0.59759 0.68258 1.62371
0.24742 0.41082 0.37875
-1.36482 0.69301 0.4391
0.18825 -1.36746 1.11131
-0.0108 -0.24292 -0.16194
-1.66697 0.41651 2.31206
0.72863 -0.22352 0.83124
0.55836 0.45553 0.49005
0.85061 0.1021 -1.58687
-0.27601 0.0274 -1.60373
-1.10353 2.27829 -0.72032
-1.52093 2.78649 2.49941
-1.45091 3.13849 0.05832
-0.22717 0.77915 1.03303
-0.73883 2.18958 1.34044
-0.43096 0.54917 0.50278
0.97673 3.08239 -0.65206
1.08754 0.75191 0.04661
0.54342 0.25607 0.61962
-0.91278 0.16779 1.20365
1.18222 1.65036 -0.40984
0.89298 1.13997 0.45194
0.84656 1.32837 -1.27348
0.75354 2.4136 -0.66328
0.11357 0.76887 1.6833
-1.12088 -0.22594 0.47842
-1.76866 0.59636 -0.66371
0.52603 0.7753 0.96061
0.87264 -1.36248 -1.12161
-0.35419 0.6936 0.86065
-0.60487 1.24615 -0.09643
0.64557 0.30901 0.2011
0.40879 -0.32452 -1.17343
-0.24515 -2.08649 -1.87327
-0.65961 -1.89454 -0.65998
-2.22962 -1.42275 1.28131
-0.74487 -1.20445 0.17781
-2.10342 -1.19571 0.12967
-0.2714 0.00054 -1.26033
2.95491 0.50594 -0.01237
0.27882 0.53729 -1.02127
-1.82132 1.59293 -1.28071
-1.61224 1.77067 -0.06785
1.98807 2.64536 0.36604
-1.04386 0.73216 -0.93926
0.2279 2.40023 1.72024
1.27534 1.1637 -0.17034
0.09094 1.0454 0.58841
1.96504 -0.7922 0.64443
0.69142 -1.26462 1.64781
-0.56276 -0.16669 -1.19832
-0.37857 1.59718 -1.66818
-0.26609 1.29091 0.72163
-0.83416 0.6948 0.55426
0.26182 2.57408 -0.03372
-0.92156 2.73486 -0.20129
0.85386 1.6503 1.24679
0.47823 0.67864 1.51296
-0.9922 -0.60604 1.26457
0.99852 -0.74664 -0.26487
0.13457 -0.87411 1.29964
-0.74167 -0.50215 0.85352
-0.02867 0.63642 -2.46414
1.31864 2.11383 -1.4402
-0.92118 2.59303 -1.09693
-2.0166 2.41636 1.60345
-0.01007 1.35894 1.26743
1.45322 1.47267 0.21155
-0.43893 -1.07616 -1.70012
2.82992 -2.0244 -1.05941
-1.13878 -2.18083 -0.12994
-0.63075 0.62011 -0.97473
-2.19124 -1.45173 0.82036
-1.05143 -0.82554 0.10018
2.63568 -2.29866 -1.28909
-0.34209 -3.48245 -0.84345
-2.20711 -0.67634 -0.53315
-0.45595 -0.20141 0.50185
1.14617 -0.63582 0.84477
1.43344 -1.00282 0.3678
1.03596 -1.95966 0.00698
0.979 -1.54852 -0.25878
0.20259 -1.1567 -0.28795
-0.862 -0.34516 0.49191
-0.81908 0.24916 0.21645
1.78031 -0.31732 -1.97835
0.12433 -1.4862 -1.6146
1.46805 -1.21541 0.61409
-0.9291 -2.14709 0.84491
-1.15736 -3.28693 0.91089
-0.06358 -4.39853 -0.94482
-0.34508 -3.45333 -0.07256
1.53995 -1.83478 -0.14736
-0.86329 -1.81752 -1.58318
0.51273 -0.29364 0.08695
1.94873 -0.64252 0.31566
0.53427 0.09124 -0.79766
0.73483 1.1514 -0.80179
-0.88124 0.47389 1.01962
-0.02442 -0.71591 1.65017
1.17777 0.42051 0.53153
1.09409 1.23987 -0.0537
0.76725 0.25164 1.26335
1.95154 1.77889 -0.29319
-0.0564 1.63754 0.82098
0.39515 -0.58603 1.94359
1.08723 0.49626 0.58637
-0.49406 1.26068 0.73187
1.73881 -1.85032 2.56489
0.601 1.20182 0.42561
0.56657 1.27316 -0.35596
1.36605 0.49921 0.67348
0.38786 1.56957 0.9502
-1.05046 1.96287 1.07501
2.32839 1.36423 2.53071
-1.25415 1.17272 1.23747
