0.62945 -1.16162 0.6837
0.13808 -1.28439 -0.91371
-0.05018 0.22388 0.61736
-0.81154 0.0619 1.5918
0.6684 -0.91807 1.34746
0.72405 -0.64962 3.17387
-0.90723 -0.3899 1.94223
0.634 0.45263 0.52892
-0.22135 0.06157 1.58909
0.08963 0.01655 0.06517
-0.49123 -0.52368 -1.12929
-0.10964 -0.74898 -2.00608
-0.85047 -2.33804 -1.62921
-1.81128 1.24369 -1.73605
-1.51759 0.09985 0.03953
-1.4171 -1.04086 0.10948
0.74465 -2.54549 0.61339
-0.69344 0.0749 1.22414
-1.39105 1.40701 1.7274
1.91708 -1.30673 0.37103
0.1872 0.4578 2.07175
0.34782 1.12024 -1.16992
2.19164 0.29451 -0.58606
1.15088 0.21351 -1.10629
0.25172 0.57007 -0.78756
-1.77887 -0.72855 -1.84542
-0.55086 -1.52456 -2.5578
-1.43131 -0.98202 -1.20955
-1.80211 -0.74351 -1.13867
-1.49277 0.10063 -1.28816
0.06381 0.83721 -0.54579
-0.75637 -0.04944 -0.26244
-1.89313 -0.54615 0.81763
-1.88566 1.14338 0.89175
0.52787 -0.50073 1.17066
1.16114 0.72297 0.5522
-0.13137 -1.33911 -0.67945
-0.63988 -0.83251 -0.66554
0.09806 0.58424 -2.15052
1.26691 -1.1332 -0.52802
-0.78589 0.46237 0.52949
-0.61501 -0.20726 1.59895
0.40599 1.03671 1.07145
-0.58549 -0.0229 1.03211
-0.01415 0.31503 1.04985
1.93756 -1.11099 1.34118
-0.16575 0.5864 -0.33309
-0.45632 1.01022 -1.69237
1.28548 -1.266 -2.06058
-0.13077 -1.06244 -0.48019
-0.71249 -1.53711 0.76223
-1.73994 -0.86531 0.07189
-0.73249 0.11889 -1.55067
0.08777 -0.81251 -1.11743
-1.6765 -0.31186 -1.15041
-0.47285 0.03151 -1.23678
-0.82892 0.19815 0.27951
-0.67627 1.16885 -0.82205
0.28611 -0.23723 -1.76673
0.94368 0.23842 -0.702
1.21115 -0.17873 -0.53304
0.68499 0.80166 -1.57543
2.28112 1.46802 -1.54851
0.09685 0.15062 -0.98171
0.0601 0.40071 -0.02112
-0.74629 -0.36905 -0.67326
-0.65688 -0.46515 -1.27735
0.06738 0.18466 -0.23855
-1.41611 -0.1328 -0.40816
-0.64013 -3.02321 1.04896
-1.39041 0.06816 0.64878
0.19142 -0.01075 0.21118
-0.15147 -0.60279 -0.55539
1.08559 0.02432 0.13987
-0.56292 0.49073 -0.4918
0.43925 -0.76749 0.16099
1.02899 0.84568 -0.1758
0.78617 0.73052 -0.29189
1.25814 0.60288 -0.08741
-1.36257 -0.25406 0.1359
0.81837 0.47699 0.49606
1.14862 -1.49023 -0.47709
-2.27304 -1.89906 -1.19647
0.46804 -1.13882 -1.35797
-0.21623 0.33732 -0.72266
-0.07537 -0.35346 -0.58092
-0.93104 -1.45245 -2.12444
-1.75299 -0.86258 0.0259
-0.71206 -0.4214 -1.59183
0.21077 -1.19877 -0.10643
-1.56253 -0.358 1.26751
-0.66191 0.12522 -1.35053
-1.49863 1.05594 -1.01124
-0.88965 0.60576 -1.11512
0.27563 -1.66248 -0.59521
-0.70075 0.34718 0.59481
-0.47998 0.94616 0.10359
0.3129 -0.5957 -0.47438
-0.22279 1.83562 0.06909
0.08557 0.40387 -0.69524
0.25106 1.07303 -0.18291
1.40678 0.52872 0.43832
-0.17838 -0.14385 1.21382
-0.56643 1.14083 -0.33773
2.51396 0.77808 -1.06438
0.38512 -0.99644 -0.2669
1.56387 0.65316 1.07107
1.22408 0.20999 1.85746
0.9155 -1.26673 1.29833
0.57339 0.73281 1.55998
0.23322 -0.89213 0.86642
0.10297 1.56629 0.66042
-1.07278 0.70216 -0.92002
-1.10711 0.25681 -1.32278
0.92103 0.35541 -2.34265
-0.91886 -0.86833 -3.9733
-2.94492 0.00875 -1.12695
-3.72501 -2.8921 -0.84099
-3.17508 -2.45215 0.13406
-2.85864 -0.05381 0.96034
-1.13544 0.06784 -1.94963
-0.6597 -1.6188 -2.51132
-1.67488 -2.86296 -0.97868
-0.27317 -1.43868 -1.07297
-0.10739 1.76868 0.95074
0.00023 0.66264 2.49482
-2.36542 -0.42754 1.04005
-1.1545 0.91418 1.33579
-1.3758 -0.80574 -0.7034
0.46072 -0.53555 -0.19547
-0.87987 1.12388 1.15115
-1.08722 0.40675 1.22053
1.61221 -0.04699 1.74758
0.21006 -0.44185 0.97705
0.5344 0.83762 -0.23832
0.45978 0.4117 1.40158
0.25237 -0.87756 0.45484
0.12801 0.92023 0.22039
-0.70096 -0.22562 1.14499
0.41903 -0.21752 2.03474
1.22505 -0.20154 2.0142
1.79724 0.02224 1.94666
-1.18579 0.22794 1.68215
0.74407 -0.0638 0.9421
0.74855 0.05863 -0.10513
-0.64937 0.42527 -1.52014
-1.30283 -0.33334 -2.49933
1.09689 -1.18083 -3.42725
-1.46219 -0.94872 -1.186
-1.61669 1.2348 -2.13267
-1.75689 0.54183 -0.75203
-0.53697 -0.50234 -0.64786
-0.61899 0.06148 -0.64513
-0.85066 1.20505 1.22451
-1.0974 2.02982 1.13025
0.83107 -0.92748 0.63218
-0.27913 -1.55744 2.19827
-0.45451 0.06548 2.86525
2.29026 0.00445 0.41205
0.28709 -0.89516 0.09306
2.94374 0.68767 -0.09042
-0.54441 0.31471 -0.09216
0.87924 1.04174 1.70487
0.69305 2.68437 0.21751
1.52118 1.99281 -0.04926
0.53497 0.59794 1.50352
-2.05465 2.77262 2.3974
0.99597 -1.28032 0.75454
1.41601 -0.98475 1.70745
0.19117 -0.79026 1.29904
0.75882 0.08139 -0.11489
-1.11327 0.41394 0.40906
-0.58385 1.93267 -0.90949
1.68861 -0.39719 -0.12815
1.39762 0.84732 -0.62603
-0.66156 -0.48665 -1.20078
-1.17061 -0.97772 -0.73185
-1.6748 -0.91807 0.53069
-1.9735 -1.29092 0.21566
-0.88575 -2.60538 -2.63068
-0.97307 -1.76045 0.00397
-1.39014 -0.6207 0.12854
-0.16685 0.47519 2.25807
1.25932 -1.423 2.05647
1.08779 1.28124 -1.24838
0.26672 0.95827 -1.13486
-0.09769 1.12105 -2.19147
-1.51631 0.9503 -3.25087
-2.45722 0.31208 -1.86806
-2.43712 0.96376 -1.1734
-2.19197 -2.45911 -1.52361
-2.03134 -1.12336 1.21338
1.22368 0.03759 0.87219
0.35253 0.17798 0.3703
-1.79195 -0.05625 1.18615
-2.18597 -1.38576 1.68364
-0.24797 -1.82526 0.20068
1.1942 -1.90296 0.05434
0.85195 -1.04291 -0.01501
0.41661 -2.10897 1.52757
-1.07113 0.76054 0.79337
0.14867 -0.61874 0.05694
2.01132 -3.0284 1.73686
1.6001 -1.87258 1.43779
0.58199 0.78376 -0.46012
-0.6944 1.98578 0.60279
-0.95753 0.99371 -1.15379
0.68063 0.61771 -1.4572
-0.40082 -1.64257 -0.49961
-0.96854 -1.59591 0.73046
-0.93713 -0.52707 -1.18517
0.04212 -0.44879 -0.17561
-0.36899 -0.12302 0.37596
-0.05275 -0.57019 -0.14935
0.33011 -0.61869 -0.21487
-0.35421 -0.68562 0.59873
-0.72077 2.68339 2.13734
-0.28936 -0.8062 1.56539
0.71174 -0.92419 -1.19806
1.5208 -0.64386 -1.17269
-1.89422 -0.30329 -1.53595
-0.7793 1.27539 -0.09697
-1.22583 -0.51186 0.45209
-1.19509 -0.16137 -0.52778
-0.86298 1.99724 -0.46548
-0.55385 1.00516 1.11612
0.61797 1.95965 -0.7517
0.62322 2.57046 -1.26979
-0.28326 0.69296 -1.21055
0.26145 2.04835 -0.28513
1.55309 1.29411 -0.42501
1.9131 1.03825 0.12748
2.38166 0.46863 -1.26646
0.28342 0.86727 -1.56081
0.23264 0.95818 -0.81761
-0.32073 -1.01655 -1.06914
-1.13516 -0.82271 -0.10539
-1.31511 -0.73673 0.60302
-1.24748 -0.84028 -0.0705
0.1652 -0.98164 0.09743
-0.13382 0.91029 -0.24848
-0.26421 0.93632 0.20057
-1.04422 0.92685 1.51608
-0.9766 1.61466 1.10455
0.32567 0.5306 -0.4775
-1.23373 -0.40141 1.66505
-0.25737 -0.70417 -1.19681
0.21516 -1.46013 0.14582
-1.40587 0.83696 -0.40071
-0.36379 1.14029 0.26984
-0.04667 0.23948 0.09853
1.11848 1.16825 1.13908
-1.78009 1.24593 -0.17974
-0.46311 0.14968 -2.7281
-1.56719 -2.27421 -1.03082
-3.37203 0.61136 0.71023
-0.0965 0.45112 -1.03452
0.75879 0.23327 -1.12168
1.3312 0.57117 -0.36211
-0.61453 0.0992 -0.80245
0.29948 1.59668 -0.53934
-1.57002 -1.23902 1.47638
-0.37045 0.88825 1.3282
-1.91674 -0.95957 -2.22807
-1.91299 -0.91714 -2.11811
-1.0229 -0.27164 -1.90384
-1.04641 -0.55452 -0.64045
-0.63142 -0.13388 0.59388
0.18635 -1.19323 0.36394
1.43732 -1.55875 -1.51342
-0.76084 -1.29848 -0.83957
-1.62723 -1.18278 0.36878
-2.44486 0.28052 -0.11999
-1.81512 0.20634 -0.34593
0.09145 -1.13974 -1.00578
0.30677 -2.49925 1.03468
-1.82708 0.13411 0.00972
-0.16108 1.56558 -1.01242
-0.72929 0.03497 -0.0243
0.59901 -0.71427 0.18678
-0.49095 -0.66081 1.28104
-1.06253 -1.40959 1.98673
-2.83623 -0.70926 -0.18243
-1.59711 -0.95401 -0.11731
-1.12113 -0.17057 0.81814
-0.90515 -2.09634 1.15586
-0.0932 0.60013 1.65497
1.12053 -0.87499 2.38885
0.81518 0.04325 2.20989
0.75762 0.32351 0.43833
-0.06833 2.97353 0.58788
-0.36112 -0.63962 -0.16732
-0.72362 1.46054 -0.55097
0.5806 -0.56429 -0.47925
0.38265 1.23836 1.33843
1.28801 2.1257 0.29296
1.0478 -0.12958 0.72341
0.79549 0.13859 2.05499
0.10638 -2.15908 2.27784
-1.31613 -0.75157 1.93427
