2.74875 -0.54162 1.18515
0.54534 -2.06661 0.61119
-0.47856 -0.14076 0.58395
-0.09735 -2.33362 -1.36751
-0.91353 0.20548 -1.89129
-0.70365 -0.04959 -1.29341
0.57957 0.78637 -0.55483
-0.63865 -0.2571 -0.62795
-1.35937 -2.05358 0.12665
-0.22442 0.5278 0.11913
-1.04316 -0.5642 -0.91047
-0.17877 -0.49068 -1.41251
-1.1437 0.24665 -0.57014
-2.51575 0.30142 1.09269
-1.46918 0.13273 -0.2345
-1.49164 0.18102 -1.20204
0.3447 0.73462 0.6573
0.59189 -0.13415 1.10836
1.22823 -0.38637 2.65822
1.55145 -1.46781 1.08826
0.17432 -1.59163 -0.74773
-0.86339 -0.66187 -0.26923
-0.68513 0.61873 -1.77853
-0.66687 0.19694 0.29789
-2.07337 -1.19349 0.22978
0.1187 0.18362 -1.11695
1.18794 0.52438 0.24196
2.16342 -0.28837 0.16529
2.268 1.21548 0.72339
2.00753 -0.57171 0.47663
3.52129 0.32331 -0.00386
3.19743 -0.0083 1.362
3.0668 1.10135 0.2212
2.42516 -0.18701 -2.01763
1.66937 0.23666 -1.31603
0.10839 -1.34769 -2.04903
0.40294 0.08443 -0.28098
-0.38058 0.19545 -1.60661
-1.09127 1.63317 -0.42721
-0.98287 0.00733 -0.91728
-0.32033 -0.36273 0.01716
0.79256 -0.31372 0.44003
1.59558 1.28182 0.67713
0.45002 -0.76434 -0.97111
0.48976 0.3649 0.68608
2.51895 -0.32592 0.57609
4.00413 2.19548 0.23171
2.32244 -1.39239 0.30796
0.24055 1.00656 -0.16722
-0.03818 0.45048 -1.67154
0.72131 -1.93211 0.14913
0.66776 -0.41497 1.17584
0.16342 0.86345 -1.17807
0.58909 -0.27201 -1.54223
0.00366 0.52073 -0.50725
-1.38172 1.93073 0.5497
-2.23769 -0.03626 0.02323
-1.54918 1.27469 1.22975
-2.25557 0.40892 0.51475
-0.09591 -1.06927 0.21423
0.61642 1.8469 -0.44032
-0.52404 -0.16813 -1.91064
-1.24989 0.06469 -0.10659
-1.63094 0.96312 -1.16539
-2.66704 0.1002 -0.18357
-3.21759 -0.02113 -0.58163
-4.27339 -0.33138 -1.08744
-3.98415 -0.42072 1.01076
-2.59303 -1.47191 0.36704
-2.11033 1.10377 2.08824
-2.62615 -0.39842 1.36858
-2.33387 0.22984 -0.33343
-2.77052 1.56336 0.66002
-1.14135 -0.46464 0.91498
-1.70933 1.10483 -0.01537
-2.31162 0.65453 1.39979
-1.61293 0.40972 2.31565
-1.34027 0.15277 1.84061
-0.20128 2.54603 0.57004
-1.17425 -0.59772 0.13946
-0.01307 -1.54567 1.39269
1.08133 0.57536 1.52531
0.36254 -0.28528 -1.18201
-0.07363 -1.93973 0.87143
1.28845 0.92114 0.4123
0.64083 0.27028 -1.38274
-1.93157 1.12135 1.53149
-0.61021 0.69528 1.05332
0.21094 -1.41937 0.77166
2.54569 -0.51615 0.25866
1.10791 0.89787 0.59765
0.3132 1.37105 2.67635
0.83401 -0.02396 1.30206
1.88743 0.44387 0.68514
0.62923 -0.03403 1.68908
1.98792 -1.43321 -1.08261
1.87921 1.09685 -1.53803
0.91539 0.84388 -2.53537
0.55542 0.34027 -1.42173
-0.03969 0.2038 -0.53104
-1.05802 0.64611 0.01243
-0.85325 0.68328 0.61616
0.54477 1.22193 1.85977
1.76637 -1.87451 1.85045
2.33534 -0.79249 1.51902
1.47884 1.00691 -0.62117
0.40975 -0.1107 -0.4374
1.87562 -1.40906 -0.16901
0.26088 3.19102 -0.41517
-0.21407 0.23986 -0.09258
-0.63379 0.21862 1.04786
-0.74187 -1.21694 0.36815
2.14357 0.67316 1.59651
0.57766 -0.58634 -0.20733
2.00219 -0.50415 -0.81269
2.29653 1.06023 -0.18736
3.14322 -0.16488 0.42927
0.71992 0.5916 -0.22409
1.36664 0.99386 -0.41852
2.40811 0.19005 2.01412
1.26153 0.17134 3.53732
2.32638 1.39743 2.4719
2.08353 0.75943 1.00637
1.64703 -0.04562 0.70614
1.19967 1.13143 -0.20455
1.78299 0.49314 0.87622
2.05172 0.05951 0.03649
0.71619 -0.74565 -0.73751
1.03771 -1.53123 -1.13917
0.99341 0.58082 0.0039
2.07438 -0.55127 0.08752
2.1671 0.56303 -0.18703
1.7207 0.45017 -1.13871
1.89618 -0.00278 0.21547
0.45995 0.58525 1.71426
0.17967 -0.99486 1.82763
1.05376 -2.07221 0.23423
0.38288 -0.71476 0.14981
-2.19177 0.46566 1.74866
-1.1682 1.0927 0.33348
1.92379 -0.70421 2.12182
1.59721 -0.42272 0.46562
0.97724 0.44097 -0.89297
0.66323 1.33553 -1.12044
1.97584 -0.74335 -2.92163
2.17796 -0.22616 -2.8647
0.63015 0.18304 -0.95688
0.8894 -1.01305 -0.56489
1.70754 0.76892 1.11191
1.17051 -2.69705 -0.4113
-0.1506 1.41075 -0.44693
0.88792 0.00978 -1.48035
-0.99976 1.59662 -0.14658
-1.82309 0.35124 0.01284
-0.06637 -0.89854 -0.40606
0.8243 -3.18239 -1.59491
-0.85029 -0.46573 -1.60426
-1.50101 -0.36812 -2.01997
-2.08664 0.8879 -0.37922
-3.03899 2.20666 0.66698
-2.00871 -0.69303 0.84135
-0.12928 0.79456 2.78902
0.74084 1.42754 2.71872
3.53984 -1.39838 1.59499
1.06722 0.9504 2.06842
2.90227 0.00952 2.42389
1.37219 1.75424 1.77157
0.81781 0.22303 2.0964
3.0206 -0.27742 2.662
1.66672 0.07398 1.35139
1.28705 -0.09778 -0.27646
0.792 -1.76755 -0.23446
2.03563 1.28582 -0.71775
0.03765 -0.76398 -1.15985
0.55712 1.34309 0.75831
1.4256 0.24106 1.39621
1.90675 0.36042 0.45737
1.20617 -0.59674 -0.73082
0.63656 0.60759 2.6815
0.41982 0.51254 2.55048
1.21238 -0.21 1.08121
0.19603 -0.16716 -0.18623
1.91296 -0.02624 -1.0672
0.72799 -1.24504 0.12316
0.28332 -0.13822 1.26943
1.71188 0.44669 1.37128
1.02641 -1.44777 -0.34177
0.41818 -0.35606 -0.10884
1.04042 0.2392 -1.09887
2.27166 0.43242 0.59808
0.43378 -0.04294 -0.29628
2.31131 -0.1676 1.4796
3.48291 -0.04196 0.39157
2.05401 -0.0129 0.44967
2.72712 -0.07017 1.19534
3.51758 0.44108 1.72363
1.44287 -0.12502 0.87889
0.38835 0.43208 -0.8462
0.85645 -0.32631 0.01298
-0.41017 1.08292 2.43752
1.41515 -0.00673 0.68802
1.73272 -0.12321 0.06347
-0.12323 -0.28059 -0.39507
0.862 -1.11572 1.26442
0.75899 1.31551 1.18478
0.73034 -1.30643 -0.34506
1.78321 0.0034 -1.26387
-0.39661 -0.34002 -2.17025
0.43123 0.46381 -2.07007
1.58266 1.81912 -0.58317
0.61022 0.65804 -0.67667
-0.18768 -0.73469 -0.73359
0.08939 -0.71124 0.51117
0.88734 0.31892 -0.69088
1.03249 -0.79711 -2.12769
0.29279 1.05524 0.69391
-0.79662 1.00082 -1.24744
0.66582 -0.00936 -0.43178
0.7477 -1.28166 -0.15338
1.00781 -0.4275 0.09394
-0.28918 0.32044 0.00076
-1.39817 1.65319 0.5651
-0.96154 -1.07755 -1.50287
-0.83168 0.00214 0.40054
-0.73053 -0.96674 2.2653
-1.24633 0.02693 -0.066
-0.41193 0.85981 0.50258
-1.42557 0.99437 -0.2062
-1.41142 -0.08059 -0.60747
-1.82307 0.22233 0.71413
-1.37726 -2.24512 0.18672
0.15132 -0.982 -0.51214
-2.23272 0.31448 -0.12381
-0.72806 -0.33977 0.83059
-0.45449 0.7474 1.48464
-0.18509 -0.34844 2.41522
0.22993 -0.29614 1.34433
-1.28533 0.83015 -0.49258
-0.80258 -0.32058 0.6636
-1.50105 0.64079 1.14963
-2.157 1.61196 -0.47366
-1.96471 0.09166 -1.61767
-0.91908 -1.24732 -2.03097
-0.85023 0.85689 -0.68424
0.41034 -0.82948 -2.64746
0.09403 -1.04078 0.2855
1.29791 1.07542 -0.81665
0.58413 -0.51864 -0.83499
0.56698 -1.64319 2.37848
0.57006 2.41497 2.19161
0.13498 -0.41187 1.21647
0.1072 1.28198 2.17124
-0.08634 0.71947 0.58414
0.84527 0.81326 1.08506
-0.39414 -1.0348 1.43616
0.91636 -0.45285 0.02309
1.01873 1.57052 -0.09884
0.14532 -0.77002 0.27211
0.65493 0.23179 -1.78082
-0.61095 -0.99258 -3.14926
0.26938 -2.32648 -1.97964
-0.86303 0.42256 0.31097
-2.44689 -0.3883 0.77005
-1.3388 1.89653 -1.23153
-2.88878 0.02506 -0.66229
-2.62021 -1.02379 -0.43464
-2.87546 -1.82352 0.39171
-2.58621 -0.3119 -0.90624
-3.75155 2.02191 -1.47563
-3.21041 0.63671 -1.009
-3.21152 -1.65179 -0.35512
-3.34878 0.23854 -0.35145
-3.16051 0.37076 -0.70512
-3.61501 0.09957 -0.66772
-3.33342 0.96907 -2.2653
-1.22767 0.45397 0.26572
-1.32514 -0.35505 2.01958
-0.83415 -0.11567 1.70325
-0.21834 0.44123 1.83372
0.27166 0.15601 3.42696
2.16265 1.38484 2.6278
2.10538 -0.33048 1.19447
1.06549 0.16326 0.38395
2.49699 -0.28764 0.63221
1.26583 2.04885 0.82976
1.49969 -1.29448 0.40776
1.3154 -0.92346 0.3397
1.1862 1.28611 -0.83166
-0.73934 0.14847 0.30138
0.05903 -0.28006 1.23672
0.59396 1.51973 0.21048
0.10222 0.68367 -0.01949
1.86453 -0.52004 -0.21017
2.18633 0.31031 0.11947
1.3771 -0.88482 -0.33549
0.91776 0.00947 -1.83329
0.20406 -3.26635 -1.27519
-2.81167 0.83831 -0.75322
-4.5237 1.7619 -1.30332
-3.68427 0.83416 -1.27135
