5.01246 9.30469 15.68816
7.24595 8.49778 17.68411
6.91915 9.95602 19.13393
6.16293 10.7902 18.3874
6.81863 10.40458 19.57902
7.62005 9.9097 20.13095
7.58871 10.94164 19.489
6.99949 10.36323 20.88903
7.38848 9.81589 22.07916
8.00168 9.60432 21.28268
10.17101 10.94769 21.23101
8.16291 10.63927 21.06748
7.5592 11.85009 20.16337
6.42229 11.31677 20.53433
5.06287 11.17379 18.85936
5.64349 10.97717 21.1332
5.17717 8.74709 19.85694
5.92012 8.09508 21.09443
4.51497 7.11859 20.37476
4.5206 7.0006 23.41643
2.66691 6.25754 22.11414
2.3738 5.92779 20.88174
2.5958 6.52765 19.64042
3.31562 5.03645 17.95058
2.96751 5.4364 16.44673
3.33132 3.92783 14.01238
3.87422 2.99796 13.52333
3.02034 2.61695 13.79783
3.22901 3.47373 14.3675
3.19378 2.66718 13.59774
3.08772 2.48407 10.41279
2.16067 3.44474 8.09647
1.98668 3.62199 9.48693
1.35988 4.0129 9.20428
-0.53231 3.26724 7.11999
-1.97902 2.90926 5.57805
-0.82669 1.78699 6.16511
-1.73941 1.82286 5.32034
-2.59865 0.55563 6.41444
-3.24068 -0.28801 5.26745
-2.25253 -1.18495 5.02559
-0.877 -2.12109 3.4345
-0.21173 -2.56299 3.68097
0.53028 -1.71597 3.05433
2.36914 -1.78555 0.39537
1.64461 -0.59492 -0.9674
0.97932 -1.77511 0.65946
1.36847 -1.36403 0.99951
0.10117 -0.56025 0.55327
1.46716 -0.31605 1.02706
3.35337 0.60653 1.40354
2.64636 2.58614 -0.41357
-0.27532 1.84413 -1.98867
-0.70139 2.21226 0.13942
-0.53133 0.69707 1.65977
-1.89862 -0.69347 0.56202
-1.60213 -0.98105 0.60334
-2.19579 -0.77002 0.77059
-1.65388 -0.6707 -0.16729
-1.43691 0.49465 0.13478
-0.441 -0.8827 -0.56111
-0.13691 -1.48275 -1.99262
0.90541 -2.70125 -1.05265
1.01416 -1.73167 0.01046
0.44615 -1.16083 0.31157
-0.13963 0.14518 -0.52453
-0.44109 0.08183 0.41351
0.29784 0.61891 1.32448
2.07849 2.0984 2.11106
3.08162 0.42869 0.80619
3.04739 0.98441 0.05503
2.74319 1.10375 -0.31345
3.24552 1.07853 1.0545
2.79203 -0.89344 3.18946
1.61176 0.00555 3.11237
2.70134 1.26769 3.85481
2.73073 0.41452 3.71715
2.85035 0.96156 3.1686
3.05004 0.84412 2.10547
1.69479 1.6725 1.38225
-0.92942 2.11164 2.68562
-1.47044 2.52199 2.98995
-2.62905 2.59636 3.12624
-1.58948 1.63174 1.78848
-0.83547 2.79122 0.71625
-2.14056 2.65199 1.02649
-2.66234 2.7691 0.8798
-3.32241 2.42069 1.39211
-3.51819 2.74921 1.02112
-5.8958 1.41169 1.0927
-5.18983 -0.08218 1.76358
-5.12353 -1.92185 0.58509
-4.31706 -2.50903 -0.08463
-4.2656 -3.53522 -3.33567
-3.6977 -3.7227 -2.75795
-3.89683 -4.47392 -3.62439
-4.27884 -5.16141 -3.30001
-5.12957 -5.05301 -4.1296
-3.56664 -4.20911 -4.09952
-3.92899 -3.33545 -3.53775
-3.55461 -2.37127 -5.19897
-2.80566 -6.065 -6.14148
-1.97454 -7.6231 -7.14341
-2.7492 -8.49518 -6.50915
-1.11146 -7.84301 -6.16062
-1.64694 -6.43991 -6.79031
-0.90929 -5.31131 -5.87362
-0.2403 -4.75055 -8.8088
-0.3289 -2.94678 -10.02453
-0.47243 -3.66066 -11.25392
1.50854 -2.6982 -11.09502
2.16747 -2.23513 -11.01377
4.1248 -1.79978 -9.40678
4.45699 0.01472 -8.31283
5.47074 0.16407 -5.81987
4.45725 1.3766 -3.61542
5.50587 2.3624 -2.23601
4.50628 3.85809 -0.94157
4.78455 3.12302 1.95389
4.96504 3.7218 3.46482
4.40771 2.62426 2.94479
5.30962 3.83563 4.32292
4.7032 5.04924 6.09028
6.21523 5.16995 7.71833
5.18293 4.30972 7.94408
6.40346 5.73991 8.39078
6.11379 2.88158 8.42614
4.07047 4.51011 9.57941
4.19203 4.62685 9.79836
4.64291 6.91972 9.3071
4.35607 6.03199 11.1449
3.84046 6.68703 10.53759
4.50521 5.90454 9.87602
3.29734 4.86757 8.14521
4.24612 6.16642 9.81056
2.42424 5.06764 10.92958
2.79171 6.03985 13.31095
2.85914 4.69755 12.46105
3.72783 6.01087 10.39614
4.73767 5.71713 11.15919
4.68232 6.17626 9.45134
3.14015 7.57067 10.8306
2.20787 7.25793 9.52331
2.16957 7.80774 10.26805
3.48665 7.20566 11.2893
3.2766 5.41872 11.64762
2.26105 5.9175 12.0668
2.92689 5.97863 11.83574
1.63149 5.83295 12.10266
2.43202 4.62703 12.2954
2.30311 5.45642 13.25457
1.37235 3.95495 13.2855
1.92381 4.10174 12.03849
1.14922 3.81013 10.72464
0.24587 4.156 9.78023
-0.14657 2.84451 11.36662
0.27481 2.5829 9.69877
-1.93002 1.44525 9.14994
-0.37533 0.52021 6.58113
-2.12425 0.0503 8.43882
-1.61633 0.87817 8.07035
-1.48855 1.95358 6.42873
-0.79865 0.47971 4.33609
-0.56973 1.18102 4.45764
-0.31201 1.04032 2.63767
0.0687 1.21639 2.92589
-0.94917 0.7377 1.84008
-1.74409 1.16314 1.29326
-1.3986 1.09206 1.2517
-1.73383 -0.31019 -0.30714
-3.12574 -1.98222 -0.29052
-3.62425 -1.58358 -0.52469
-3.83688 -2.09115 0.03076
-4.01404 -1.97833 -1.51731
-1.94409 -2.02276 -2.25856
-0.6411 -3.96269 -2.0769
-1.84108 -4.37479 -3.48259
-1.04856 -2.9025 -2.76778
-0.83346 -2.26494 -3.90242
-1.04952 -2.4789 -3.34882
-0.29033 -0.85622 -1.8363
0.63522 -1.4412 -2.95044
0.94533 -0.93142 -2.83349
2.83658 -1.99584 -1.65671
0.8378 -0.4209 -1.70778
0.2302 -0.40959 -2.10964
-0.36417 0.53567 -3.4114
-0.58061 0.00858 -2.52683
-3.00555 0.00372 -2.44464
-1.94155 -1.00611 -2.52424
-1.84242 -1.97158 -2.9149
-1.25425 -0.8167 -3.32456
-0.66214 -1.83553 -2.39714
-1.64677 -2.77164 -3.20177
-1.19925 -0.65021 -2.25654
-0.19048 -0.5712 -3.33062
-0.84584 -0.09397 -1.19341
-0.2678 -1.57044 -0.60814
0.21026 -0.51912 -0.30435
0.45362 1.02419 -1.23508
1.38972 3.48248 -1.6589
1.34052 2.27792 0.02522
3.18467 2.10698 1.24439
4.55078 1.72658 0.69676
3.2579 2.81212 1.52434
3.52015 3.90043 3.81302
3.7918 4.33396 4.95894
2.26635 4.53196 4.61303
2.56574 4.01374 4.50296
2.21141 3.58932 4.18606
0.51001 4.56539 6.14764
-0.08426 4.85301 5.21497
0.23344 4.24005 5.76757
0.23097 2.6162 5.10939
-1.10466 2.92535 4.9569
-0.78839 1.43195 6.64663
-0.41599 2.04879 5.84509
-0.93976 2.3522 7.78361
-1.02927 0.45911 7.72277
-0.11511 0.46212 7.8742
-0.67816 0.90865 4.74376
0.71491 -0.19726 3.85775
0.66013 -1.49133 1.47435
1.3012 -2.56394 0.01148
1.28789 -3.29071 0.78038
3.09345 -3.03067 1.25183
2.76057 -3.10361 -0.0629
2.56301 -1.57034 1.4456
4.18531 -0.89174 1.30815
3.30951 -0.15894 0.0492
4.66412 1.07065 -0.27851
4.68643 2.70569 -0.92372
3.15597 0.2628 -1.0172
2.67415 0.96265 -1.03073
2.40862 3.52275 -0.69301
1.6881 2.31655 0.48943
1.82239 2.37829 2.19613
0.15152 1.19606 2.39293
1.43704 0.33519 1.22436
2.21512 -1.43366 3.49792
4.1478 1.103 7.01546
2.50262 2.02554 7.50402
2.7151 3.15941 8.3971
2.05127 3.04579 6.93699
0.7651 3.29699 6.62988
-0.30115 3.94519 4.80089
0.13962 3.39884 4.65479
-0.2342 2.76228 5.82569
-0.41832 2.05214 6.38066
0.63688 1.37231 4.93602
-0.08449 0.25144 4.99232
0.52502 1.22367 5.08257
0.35306 0.67217 3.68774
0.94076 0.89889 4.11699
0.40001 -0.11149 1.86464
0.2706 0.03196 0.07072
0.03286 -0.97914 0.22907
0.29921 -0.93003 1.38155
1.07036 -0.36765 0.3974
0.42935 2.51239 2.60742
1.26947 2.17903 0.90469
2.63883 3.03948 1.6714
1.89388 1.56778 0.38386
2.33522 2.28878 0.02774
2.7059 2.96913 0.64737
1.83967 3.30074 2.03947
2.08773 4.3096 1.51246
0.55809 3.27457 1.14632
-1.16771 2.58571 1.43249
-0.9278 2.20786 2.50654
-1.05047 0.52793 2.18925
-1.60037 -1.06069 2.00009
0.77755 -0.02023 2.35901
-0.34169 -3.17039 2.27312
-0.8336 -3.53138 2.82404
-1.39193 -2.9719 3.59784
-1.36739 -3.61608 3.45692
-2.34432 -4.11539 2.06349
-1.34838 -4.09661 0.72567
-1.38817 -3.59151 -0.77198
0.63743 -4.0912 1.59496
1.33405 -2.88398 1.505
-0.44071 -2.70299 -0.21397
0.20402 -1.23912 0.15912
0.50797 0.9449 -2.22004
1.38741 2.58778 -2.71586
-1.02778 2.28582 -3.78026
-1.10745 3.39648 -3.96137
-0.10204 4.46273 -2.58925
-1.58192 2.72116 -0.99105
-3.02075 3.64448 -1.30977
-2.99636 1.96277 -2.08638
-1.64755 0.2521 -1.46742
-1.23085 -2.04289 0.04511
-0.9103 -2.5876 -0.80965
-1.01618 -1.81378 -0.7281
-1.01512 -2.92917 -0.39313
-1.55497 -1.76538 -0.31344
-1.82858 -2.40174 -2.2614
-2.73644 -2.84673 -2.28484
