0.36066 5.84381 1.57626
0.54182 5.92788 2.09333
0.25526 6.95736 0.779
0.06012 5.318 1.12161
-0.48509 5.81523 -0.69554
-0.40981 4.48399 0.36226
1.65023 4.00917 0.36998
1.26079 5.44396 -0.99839
1.02534 6.17973 -0.20286
0.38457 4.6682 1.5823
-0.27464 5.51906 -0.87403
-0.83959 6.73492 -0.52088
0.20727 7.02261 0.29992
0.59777 5.70532 1.55568
1.47708 7.39478 1.11409
1.28503 6.29221 1.92429
1.39307 5.34986 -0.63398
0.47238 4.92452 -0.2113
0.69351 5.85914 -0.28857
0.83108 6.19316 0.16952
-0.15694 5.9901 -2.15704
1.87137 6.23954 -0.07753
0.75975 4.34738 0.97593
-1.42136 3.03637 1.6598
-2.11002 3.54254 0.32859
-0.74128 3.58221 0.58366
-0.88396 4.0242 0.13311
-1.59171 2.34248 -0.70924
-2.1051 1.1944 -0.40956
-3.70449 2.20013 -1.40896
-2.57015 2.20237 0.44371
-1.76676 3.1536 -0.18687
-1.14792 4.48124 -0.54999
-2.39386 4.71686 -1.73011
-4.58893 3.6168 1.51049
-3.8201 5.30682 -1.44026
-3.79924 3.17917 -0.82023
-2.9866 3.58306 1.10993
-3.3808 3.27922 -0.8707
-2.0955 3.89604 -1.61225
-3.80226 4.07626 -1.742
-3.56334 4.52073 -1.00831
-4.25505 4.93828 -1.18825
-3.95818 3.5119 0.1699
-2.28429 2.27074 -0.91068
-2.1291 0.65534 -1.27738
-1.86521 0.09067 -0.93311
-0.97965 0.73824 -0.60958
-1.31821 0.55782 -1.39539
-1.67712 3.36388 -1.26648
0.61874 4.02805 0.27224
1.0788 4.72897 -1.14694
0.47786 4.71493 -0.11284
1.09074 4.91909 0.26227
1.32604 5.78261 0.10661
2.7319 6.10831 1.26489
2.61195 3.93981 1.17429
2.58488 4.65461 0.55179
3.93665 2.6543 0.50045
3.8114 4.40635 1.17407
4.86548 5.48678 0.10969
4.232 5.98933 -0.84402
4.93062 5.1317 1.45803
3.67413 4.11605 1.77538
4.12446 3.41988 0.24819
5.80176 5.15306 1.45083
5.24201 5.83026 0.77832
5.87724 4.72464 1.6228
6.29972 3.5103 -0.52881
4.56759 4.67957 -1.04857
3.32637 4.23985 0.19929
5.10938 2.20485 0.01632
4.68124 3.00735 3.72142
4.25974 3.62506 2.34297
3.8803 4.01228 3.21962
4.06959 4.16622 2.2285
2.62028 5.96349 2.66572
3.18423 5.67103 0.91427
3.24489 5.15571 2.80089
4.90492 6.63984 -0.95792
4.53199 8.28941 1.00411
3.83376 9.35682 0.02372
4.02149 9.07653 1.10827
2.89704 8.29676 2.10714
0.95868 9.37501 1.17597
0.96527 8.56949 1.11628
-0.10336 8.33442 2.57099
0.04535 7.52513 0.8942
1.2937 6.75303 0.48794
3.90156 6.41777 0.28952
4.84194 5.82294 0.84445
4.8859 5.65503 0.57866
3.11142 5.20857 -0.09016
3.31975 4.05776 1.16533
3.74636 2.76828 2.28935
4.64045 3.81501 3.80963
2.7487 4.52234 0.80392
2.37611 5.09197 -0.11092
4.04493 5.89363 -0.03625
4.51408 7.94503 -1.0385
4.55494 9.03095 2.22137
3.5784 9.58095 3.00089
2.75208 9.49805 0.92931
3.12574 8.64433 0.49555
2.796 6.39274 0.69209
2.50551 8.37623 0.99454
3.04698 7.7818 0.0331
1.27709 8.15836 0.84123
1.72822 8.54693 1.41477
1.49779 7.8414 3.59393
2.90615 8.35654 1.04488
1.81583 7.70387 1.82916
0.78077 8.68361 -0.59498
2.15293 9.07182 -0.61331
2.96115 11.45484 -1.91925
1.33588 9.28098 0.14062
1.93508 11.11405 -0.11707
1.96968 11.442 0.62952
2.66225 10.752 -0.58096
1.15535 10.2444 -1.09841
1.60535 10.07933 0.196
0.54112 9.72031 -0.83204
0.38651 9.61993 1.52757
-0.77315 7.1444 1.92805
-1.00669 7.69888 0.08605
0.54579 6.42452 1.25065
0.53005 7.12872 0.75844
0.68382 7.16022 -1.9844
0.24585 7.74136 -0.63201
0.07473 6.78381 -1.35759
-0.22537 7.27784 1.17779
-0.74452 8.46424 1.9031
-0.89785 9.19557 0.01192
1.38736 9.36583 0.04939
1.30494 8.36398 0.07009
2.87108 7.65177 -1.31192
3.42014 8.77555 1.13585
3.43565 7.32557 -1.4673
1.70127 6.3928 -0.63982
1.74392 4.21554 -0.63257
2.93303 3.45915 -0.38902
2.96753 3.29545 1.43439
1.33445 3.3412 1.7929
1.38517 2.04191 2.59423
1.10644 1.01103 1.25086
0.90341 1.15827 1.54013
1.27789 1.35463 0.09899
2.50392 1.35996 0.62738
2.62744 -1.81073 1.37815
3.35328 -1.87734 1.34536
3.04558 -1.34878 2.36379
2.28987 -1.68724 1.3008
1.50146 -1.48709 1.17771
1.37712 -1.43978 1.0877
0.47798 -1.44423 1.59318
0.51426 -1.12793 1.63445
0.03074 -0.27802 0.29469
1.13118 0.20016 0.346
0.47182 2.34887 -0.16123
1.33108 1.62313 1.56259
2.83327 2.62846 0.79964
2.39954 2.30632 -0.63739
0.59593 3.36867 0.56195
0.54622 1.58394 -0.99921
0.57363 0.82856 -1.23838
0.10303 2.69634 -0.43504
0.10424 3.53523 0.85329
-0.0072 4.05857 -1.48647
1.33023 3.22052 -0.21948
1.62657 3.25414 0.25957
0.79762 2.4716 -0.61545
0.52351 1.97481 0.49817
-1.04839 2.92208 -0.81296
-1.28463 3.66959 1.41711
-1.51853 4.03026 1.04843
-1.96471 5.47651 0.07533
-0.60244 4.95206 1.35677
-1.30284 5.23945 -0.84646
-2.32694 5.83275 -0.69606
-0.85115 6.45318 -0.26277
1.86479 8.25453 -0.25076
2.49974 7.9847 0.02334
1.12785 6.86397 -1.49703
1.00241 5.74237 -0.7493
-0.58605 4.31001 -1.95718
-0.58991 3.98629 -0.20025
0.55927 3.8656 1.15098
0.37562 3.03431 0.07227
1.75545 3.25062 -0.05855
-0.38153 2.31997 -1.19312
0.36488 1.65567 1.1071
1.81942 3.19499 -0.46827
0.73786 3.9627 0.42593
-0.25376 2.51599 -0.0444
-0.61773 2.89486 1.70847
-1.10236 2.23662 -0.55298
-3.18381 0.96136 0.56202
-3.48299 0.71913 1.45786
-1.54004 -0.93786 0.36969
-1.00109 0.50048 -1.21081
-0.88907 1.45046 -3.436
0.2548 1.1108 -2.32374
2.33976 1.97558 0.47875
1.16271 2.21403 -0.48175
0.77307 2.89488 -0.91525
-0.19277 2.26408 0.19603
-0.33932 0.76071 -0.43501
-0.35115 0.45853 0.3676
-1.38108 0.16383 0.75529
-2.32324 0.70011 0.29223
0.86643 -0.41548 -1.05853
0.30252 -0.76202 0.21755
2.41949 -1.51737 1.23314
2.16582 -3.54401 0.16609
2.94721 -2.56745 0.01711
2.29175 -3.40734 0.48093
2.95953 -3.35951 0.32924
3.17225 -3.74577 -0.25555
2.46458 -2.69917 -0.04861
2.99652 -4.21865 0.87132
2.31988 -4.93201 -0.09761
2.21492 -4.42012 0.07936
1.48412 -4.95984 1.61332
1.10085 -6.0576 2.66515
0.97156 -5.4927 1.20002
2.28955 -5.63241 0.33695
3.4862 -5.89959 0.84134
3.48701 -3.62604 -0.58879
2.58399 -2.65934 1.95562
2.17735 -3.26467 1.81612
1.93771 -2.4826 0.16092
2.81942 -2.00018 -0.35093
1.86978 -2.70495 2.49456
2.9524 -3.61511 1.23544
5.23518 -3.5853 0.32202
1.35559 -1.81157 -0.50607
0.0463 -2.07064 2.46054
1.95439 -2.80243 1.40392
1.88799 -2.20226 1.17599
2.76102 0.06211 1.36505
1.67759 -0.42003 0.71652
2.82414 -0.30978 -1.67107
3.28863 -1.45446 -0.1755
3.66692 -0.82429 0.44711
4.53096 -1.17511 0.46873
4.27268 0.12576 2.09865
3.93013 -0.53923 1.44026
2.89677 -0.59577 1.75411
3.03494 -2.80004 -0.32491
4.1034 -2.65656 0.68642
6.30908 -0.65528 1.74104
4.65341 0.12274 0.62103
5.04167 0.16116 -0.13489
4.68581 -0.64343 0.47414
4.05877 -2.37254 1.86323
3.83693 -2.15166 1.22575
3.10479 -2.9634 0.93418
2.46367 -2.95908 -0.30238
1.89177 -3.26127 2.70307
3.14246 -4.30078 3.68361
2.73986 -1.7454 1.97019
1.40247 -0.60594 1.21041
0.78114 -1.61455 1.76285
-0.35047 -0.5537 1.031
1.07841 0.28465 1.02481
1.58283 1.40846 1.94954
1.3337 1.00045 0.02477
1.67042 2.49652 1.04168
2.54824 3.03589 0.57549
2.46078 3.49973 0.76952
1.3001 2.99766 -0.35979
1.16044 3.60428 1.9697
0.05453 5.41718 0.74797
0.02289 6.61393 0.07469
0.84643 3.92674 0.09851
-0.20141 4.66979 0.82272
0.39149 4.93399 0.49575
-0.86471 3.46603 1.77496
-0.67501 3.54938 0.49309
-0.25671 2.10221 -0.12561
-0.71819 2.89419 -1.34124
-0.55142 4.42172 -0.25794
-0.63002 5.10473 -0.87091
0.58444 4.75637 -0.83176
-0.59968 4.40779 -0.28449
-1.69488 5.40351 -0.98432
-2.04927 6.42058 -1.6303
-2.0673 6.03726 -1.12889
-1.71273 6.52351 -0.36907
-0.71007 5.60243 0.06102
-0.1473 4.17979 0.7702
-0.72044 2.77764 -1.34033
-1.46058 1.88271 0.21915
-0.51544 2.5645 -0.90289
0.87967 1.17684 0.10333
1.62744 1.17387 -0.53164
1.3119 1.84596 -1.15818
2.55648 -0.08805 0.44117
1.5985 -0.95533 -0.41546
2.04114 -1.36735 0.76317
