-1.01493 0.1046 1.13099
-1.36467 -0.14006 -1.3338
-2.08693 -0.46277 -0.20068
-3.25494 1.07987 -0.6506
-3.6547 1.09882 1.99191
-3.86361 -0.30053 -0.26032
-3.77553 -1.58887 0.39524
-4.46828 -0.87881 0.61557
-5.13601 1.53497 -0.89184
-2.99226 2.43091 1.01955
-1.30215 1.69182 -0.26419
-0.43725 -0.34926 0.93152
1.30759 -1.89281 0.42614
1.73206 1.0292 0.89566
-0.10369 0.71816 -0.11019
-0.12193 1.58737 0.23938
0.44371 0.02335 2.03782
0.40247 0.54983 1.34712
0.21767 -0.57476 -0.44044
1.35827 -0.58223 -0.19565
1.57001 -0.2447 -0.44404
2.0823 -0.45695 0.14251
3.10899 -0.65484 0.15413
2.40229 -0.10393 -1.38822
2.95443 -1.39328 -0.76087
1.85747 -2.30013 -1.01404
-0.42991 -2.66518 0.03281
-0.15471 -2.52377 -0.64026
-0.67297 -1.87076 -0.94241
-2.11179 -0.00356 1.4336
-1.72766 0.68477 -1.67753
-1.2239 0.61429 0.28645
-1.00055 -0.89346 -2.42583
-1.07615 -0.80942 -1.35442
-3.47162 -1.62129 0.1511
-3.46126 -0.08774 -0.5578
-3.55479 -2.03906 -0.27231
-2.57675 -1.1818 0.43773
-4.19111 -2.9146 -0.82222
-4.87946 -1.35619 -0.90267
-4.85979 -3.03695 -0.57157
-4.63241 -2.35231 0.42784
-5.57062 -3.3862 1.37794
-4.70574 -3.48837 0.15952
-5.97554 -1.18725 -0.70604
-6.69926 -0.99207 0.47464
-4.5302 0.68469 -1.90534
-3.35033 0.65847 -0.75915
-0.97694 -1.09262 -1.30206
-1.44729 -2.2017 0.32723
-1.8659 -2.57002 0.38713
-3.34009 -1.64926 0.93977
-4.0537 -2.00156 -1.48231
-3.45414 -1.5707 -2.0957
-2.75482 -0.20624 -0.32122
-3.88406 0.53586 -0.21661
-4.05913 0.70644 -0.62007
-4.44877 -0.32937 -0.95005
-3.88321 -0.01748 -0.19202
-5.76073 0.72845 1.95666
-8.09933 -0.28412 0.72294
-6.49044 -1.43023 1.10507
-4.52797 -0.107 0.15724
-4.84488 2.03827 -0.74806
-4.02334 3.35049 1.03597
-3.2481 3.57167 -0.29933
-3.13473 1.72965 0.17259
-2.70066 -0.13863 1.25512
-5.01514 -1.08609 1.96112
-6.19895 -0.35258 0.93976
-9.62084 -0.39159 1.65983
-8.2094 -0.15272 -1.6699
-8.15012 -0.74429 -0.07421
-9.13113 -0.84219 2.11297
-9.21837 0.26721 0.74521
-10.1156 -1.48552 0.48506
-9.02448 -1.14834 -0.71336
-10.12297 -0.63779 -0.92433
-8.63217 -0.90277 0.0911
-7.28372 -1.71578 -2.02712
-7.8555 -1.68557 0.24706
-6.7138 0.53562 -0.25127
-6.9847 -1.36516 -0.01913
-5.06268 -2.23189 0.32406
-5.82824 0.20275 -0.14491
-6.47694 0.9834 -1.00598
-7.61724 0.46526 -0.78714
-7.93663 0.37898 -0.58375
-6.76163 1.76565 2.00523
-7.81569 0.16191 1.49628
-6.50625 1.601 1.24357
-7.42285 -0.43899 1.44741
-7.16615 0.79157 0.61871
-7.35157 -0.25509 0.09284
-8.04146 2.19753 1.34166
-8.55437 1.02897 0.72777
-8.94607 0.61918 1.4321
-8.64468 0.44528 1.62435
-8.12408 2.24885 -0.34158
-7.39899 1.97282 -0.03172
-5.6428 -0.80632 -1.1275
-4.94059 1.32931 0.46741
-3.85657 0.75524 -0.41476
-2.07115 -0.17145 0.71267
-1.32661 -0.28461 1.32429
-1.13658 -1.76829 1.51644
-0.99348 -1.44245 -0.00688
-1.23587 -1.31979 1.04576
-2.77813 0.73379 -0.63667
-3.11155 -0.29481 0.99656
-0.71176 -1.48937 -0.19916
-0.28736 -1.7631 0.88636
-1.68559 -0.70263 0.9752
-2.71557 -0.39721 -0.60118
-3.16675 -0.12843 0.5338
-3.48565 0.71814 -1.13285
-3.17735 0.61529 -0.19906
-2.91382 -0.95758 -2.52655
-4.24631 -1.1602 -0.77574
-4.32842 0.22584 0.61517
-4.52173 -0.10912 -0.1852
-2.31922 -2.63991 -1.71894
-2.03714 -2.21377 -0.78099
-2.20155 0.42845 -0.00453
-1.29256 0.18086 0.15285
-1.48497 -0.70755 0.43531
-3.1084 0.74578 -1.49465
-4.4946 0.2145 0.54604
-3.09882 -0.60725 0.45151
-1.73595 1.00934 -0.23733
-1.32581 1.07358 -1.28532
1.08555 1.5918 -0.27074
0.70035 0.68446 -0.87972
2.17265 0.41794 2.79654
2.11243 -1.19456 -0.36557
2.8989 -0.52244 0.50602
3.79062 -1.12872 0.12042
6.21218 -0.33222 1.1321
4.9418 0.06911 -0.06192
5.16073 0.06596 -1.73871
4.07189 -1.7094 -0.72339
5.01518 -1.21336 0.86734
4.31427 -0.78803 -0.08049
3.98337 -0.78563 0.748
6.46521 -0.06936 -0.95491
5.41181 -0.45733 -0.66208
4.46447 1.0874 -0.04545
3.62727 1.3181 0.81213
4.19166 -0.27828 0.34271
4.06861 -0.88056 1.88893
3.78118 -0.50527 0.06471
2.96837 0.57469 -2.64396
2.37684 1.04149 -0.2764
2.50166 0.47299 -2.47372
2.42726 2.87881 -0.24001
2.89026 1.49455 0.63213
2.61566 0.05527 0.05503
3.8724 -0.84338 2.56233
3.34429 -1.0149 -0.95905
2.73928 -1.65976 -1.27067
0.13033 -1.27269 -3.19439
0.82079 -1.39751 0.73374
1.83285 -1.69404 -0.11257
2.66765 -1.38728 -0.16071
1.43758 -2.80728 -0.50841
3.98498 -1.24579 0.29337
3.12345 -1.68172 -1.08024
2.77387 -1.2204 -0.71868
1.36713 -1.47816 -0.8987
2.49931 -0.67708 -1.13995
1.9409 0.12952 0.42374
2.11587 -0.27026 0.73581
2.5376 1.10523 -1.82574
1.74379 -1.14107 1.68619
3.35174 0.46856 2.41779
2.61611 -0.17472 0.58376
2.34646 0.11315 0.49904
3.60272 -0.79118 -0.48784
2.44075 -0.80662 -0.41692
2.4972 -0.94607 -1.63604
2.202 -0.73703 0.63051
-0.19512 -0.98478 -0.34429
-0.56409 -0.12745 0.47858
0.49132 1.0181 0.99256
-0.78948 0.02413 0.1918
-1.73578 -1.08542 0.04275
-2.15893 -0.43018 0.54493
-2.55594 -1.17657 -1.42432
-1.99942 -1.52469 1.03154
-1.14111 0.68748 1.01695
-2.6609 -0.74165 -1.01543
-1.81494 -1.82857 -1.7627
-1.37852 -0.42818 -0.38014
0.60574 0.16141 1.35361
1.17633 0.45889 -1.00689
-0.19443 1.61417 0.9362
0.16609 -1.22186 -0.49675
-0.74173 -0.44489 -2.5686
-1.37526 0.51685 0.53788
-3.50416 -0.93665 0.53334
-1.67825 -1.14113 -1.24641
-1.98239 -2.89572 -0.71442
-0.59114 -1.99251 0.01151
-1.93366 -1.07753 -0.25596
-1.0382 -0.03088 -0.03053
-3.17065 -1.04061 -0.74517
-2.77614 -0.97764 -0.47515
-2.0299 -1.09166 1.5237
-2.70484 -0.97241 -0.84553
-1.50072 -1.40893 -1.99387
-2.01049 -1.62716 -2.95305
-2.46981 -0.29879 -1.39124
-4.94304 -1.58807 0.37777
-4.88208 -1.4875 1.59383
-5.36777 -2.00948 0.17974
-6.19029 -2.63378 1.00057
-6.85478 -0.73397 0.12984
-6.37132 1.72144 0.81704
-3.56136 0.0884 0.68359
-3.34727 1.32581 -0.04971
-2.49488 0.84092 0.52175
-0.89777 -0.07491 1.46544
0.46651 -1.2904 0.22842
0.92847 1.07947 -0.1062
0.89761 2.35585 -0.22674
0.59735 1.37479 0.02844
0.94446 3.26799 -0.71663
1.05049 2.54736 1.90656
-0.10448 1.78952 -1.34498
-0.96728 0.9347 -0.10786
-1.90095 0.29598 0.5762
-1.68527 -0.30753 0.18613
-4.01927 -3.01911 -0.35208
-4.58517 -2.78728 1.21177
-4.72778 -2.93499 -0.58915
-5.21353 -0.83414 -1.10982
-4.7623 -0.93934 -0.82776
-5.37704 2.12049 -0.48393
-3.74444 1.40113 -0.59358
-1.79932 0.80222 -1.61286
-0.40442 0.70814 0.84623
0.22604 0.50082 0.36944
0.63891 -0.08957 -0.24835
-2.24184 0.19965 0.942
-3.10244 -0.11718 0.53644
-3.37998 0.11282 1.78733
-4.48697 0.52344 1.573
-3.30017 1.29307 -0.56251
-1.97132 2.17267 0.44797
-2.09667 1.41173 1.23435
-0.00386 0.52202 1.02668
0.96174 1.44473 -0.17649
1.44139 1.26406 0.41986
3.81989 0.89606 0.06416
4.85319 -0.64471 1.04555
6.15658 -0.05191 0.87252
6.16126 0.06475 1.67072
4.61288 -1.49427 0.34518
6.27773 -0.44986 -0.30856
5.92264 0.21457 -1.87833
5.67645 0.43735 -1.09587
4.86692 0.72705 -1.8858
3.99247 -0.11605 -0.06351
2.94079 1.10501 0.3743
2.79391 0.9166 0.44142
4.13039 -0.99853 -1.51561
5.74571 -1.07783 1.29575
4.38148 -0.9019 0.42593
2.34024 -0.90294 0.32949
3.07636 1.09732 -1.58198
1.56019 -0.30074 -1.19606
1.99118 -0.06675 -0.14223
1.16262 -0.60516 0.18421
0.30542 -0.82414 1.64557
0.4211 -1.55397 -0.35598
-0.79555 -2.47344 1.05461
-2.12586 -2.25508 1.79306
-1.98373 0.07468 1.05243
-2.93102 0.13766 2.31511
-3.9653 -0.087 -0.97361
-4.42833 -0.92689 1.01775
-3.97046 0.13973 0.48849
-2.10803 0.09094 -1.22209
-2.75677 -0.1813 -0.33781
-0.91175 1.02613 1.43536
0.50109 0.43836 0.01526
-0.1879 -2.08042 -0.92471
-0.23751 -2.66133 -0.64692
-2.48981 -1.39086 0.22546
-3.53625 -0.81963 -1.39679
-2.86764 0.36302 -1.63083
-3.59951 -0.12821 -0.14599
-3.83514 0.70166 0.03161
-4.59138 -0.80758 1.53798
-3.54315 -1.47051 -0.6107
-2.39158 -1.42051 -1.27495
-2.66011 0.40458 -1.69255
-2.22071 0.451 -2.7999
-2.16289 1.72571 -0.17013
-3.03671 2.12696 0.13597
