1.50579 -2.83454 1.01069
-0.04037 -1.61278 0.88567
-1.45147 -1.6862 -0.2199
-0.50132 0.21144 -0.41114
0.66672 -1.44778 -0.38239
-0.40769 -1.52901 0.73553
-0.51083 -3.90664 0.44451
-1.12935 -4.19101 0.68429
1.0071 -1.26759 1.23033
0.93411 0.19539 0.67594
1.93853 0.97173 -0.95786
1.18001 0.28224 0.53206
0.69161 -0.56851 1.14456
-0.20699 0.06234 2.34364
-0.04801 0.56687 0.71566
1.55782 0.61393 0.82464
-2.09424 0.69107 -1.15256
-0.96462 0.8609 -2.15095
-2.79484 1.26696 1.34987
-0.33201 -0.77102 -0.32873
0.2306 1.28495 -0.95142
-0.29359 1.60776 -0.0754
-1.4076 2.36322 0.59332
-0.98615 -0.11468 -0.33898
-0.05918 -0.15772 -0.35011
-0.13032 0.05472 0.37612
-0.764 0.6102 0.82039
-2.49155 -1.20894 -1.72383
0.92647 -1.59249 -2.17388
-2.95813 0.89744 -0.71069
-0.93821 0.83806 -0.64595
1.04598 -1.29796 -2.41616
-0.25873 -2.02599 -1.7401
-0.98301 -1.55684 0.05703
-2.94973 -0.41147 -1.4404
-0.86996 -1.76576 -0.23175
-0.79453 -1.06509 1.25873
0.285 -0.63711 -0.89248
-2.38116 -1.37117 0.3502
-1.20464 -1.18552 -0.12421
-0.52729 -0.69156 0.12071
0.6441 -0.73388 1.03436
2.34674 0.56273 0.44423
-0.21592 0.85077 -1.15542
-0.07137 0.70201 -1.86975
1.06818 0.58754 -0.58375
-0.53676 0.33227 1.09155
-0.78885 -0.98798 0.51545
-0.20444 -1.74254 0.50021
1.81516 -2.07808 0.25763
0.57298 0.38132 1.24841
1.32341 0.12697 1.26255
0.36841 -0.62411 0.1149
0.22739 0.99687 -0.39473
1.26813 0.80126 -0.11123
-1.47758 1.10355 0.17908
-0.33416 0.43163 -1.5365
0.54916 0.0069 0.46436
1.08033 -2.32 0.42998
-0.18627 -3.45109 0.83617
-0.41052 -3.28899 0.46805
-1.44569 -3.11824 0.30934
-0.51344 -2.28052 -0.58248
-0.93935 -2.13938 0.92484
-0.99603 -0.06578 0.06931
-1.15242 -0.40365 0.30052
-0.71479 0.21197 -0.61286
-1.30911 -0.23156 0.29407
-4.43488 -0.039 -0.94062
-2.14666 1.92318 -0.55475
-1.04631 1.91666 0.45948
-0.3182 0.1699 0.1488
0.83346 -0.35726 -0.57885
-0.47061 0.13541 -1.85156
1.20043 0.61338 -2.37367
-0.71014 -1.01853 -0.64683
-1.20148 1.48703 1.11779
-0.09444 -0.32871 -0.12993
-0.96441 -0.05119 -0.07805
-1.22174 0.39472 -0.41543
-0.20269 1.37965 0.03878
-1.26351 -0.31251 -0.87667
-0.21377 -0.7721 1.06547
0.2671 -0.56744 -1.76785
1.20507 -0.29608 -2.01761
-0.74825 -0.16667 -0.89399
-1.64293 -1.01679 -2.02388
-2.90848 -1.24287 -0.61825
-1.48705 -0.83817 0.07705
-1.75388 -0.76421 -0.92628
-1.31042 -1.94523 -0.97006
-1.89698 -2.86354 -0.16719
-0.53378 -2.76237 -1.09728
-0.53611 -1.50788 -0.09815
-0.31291 0.53732 -0.48333
0.71497 0.70841 -0.17504
0.71317 0.39027 -0.80068
-0.85602 -0.50318 1.04402
-0.86276 -1.1031 -1.19695
-0.19373 1.3506 0.22952
-0.95158 2.46718 -0.21815
0.61749 1.97 0.34354
-0.23689 1.58129 0.02592
-0.74141 1.70649 -0.73078
-1.53135 2.02646 -0.72267
-0.88885 2.14325 -1.04064
-0.12344 1.23031 1.33677
-2.53277 1.94312 -1.64819
0.17402 0.88596 -0.51789
0.71167 1.26958 0.07649
-1.11338 -1.92045 -0.1808
-0.16327 -2.26393 0.36479
0.2167 -2.004 0.44571
1.18944 -2.20771 -0.1517
0.31632 -3.15814 0.49708
-0.88041 -1.59465 -1.11632
-0.27764 -2.6991 -1.17542
-2.19056 -1.80186 -0.71932
-1.81208 -3.17151 -0.85525
-0.34726 -1.84926 -1.16194
-0.45908 -4.87461 -1.60195
-0.27807 -6.60689 -1.33665
-1.20705 -7.21477 -0.7571
-2.0101 -6.76563 -0.25981
-0.65008 -6.25206 0.58938
-0.09219 -5.73098 1.64556
0.66716 -4.37717 0.27538
0.10468 -4.88333 -1.35205
1.21751 -3.61028 -0.30096
-0.88129 -1.63446 0.83855
0.23721 -1.19066 0.71397
-1.01882 0.54202 1.11262
-0.01292 0.12811 1.15902
2.1152 -1.60208 -1.67602
2.20349 -2.12504 -0.4867
-0.24233 -0.57091 1.60113
0.07573 2.22135 -1.4585
-0.42475 1.71893 1.59706
-0.70492 2.15773 0.87683
-0.1192 1.79998 0.88531
-0.65405 0.36922 -1.03402
-0.80728 -1.08627 0.72602
-1.78319 -2.0929 -0.34709
-3.07957 -0.90125 -0.02964
-0.87621 -0.79628 -0.9224
-0.50903 -0.33577 0.23723
1.08519 0.69791 0.87071
2.05663 -0.84523 -0.99883
1.90118 1.92954 -1.03925
-0.45906 3.49511 -0.02914
-1.41363 4.10174 0.16768
-0.36033 1.56589 -1.32649
-0.38339 2.89427 1.69831
-0.05914 3.8317 2.16891
-2.15524 2.58969 0.38057
2.44593 1.83641 -0.17088
1.32933 1.44576 -1.68199
0.59101 1.17419 -1.01302
-0.31164 2.36774 -2.2118
-0.26593 0.72564 -0.42131
0.70522 -1.41522 1.15905
-0.38984 -0.85635 0.93092
0.16904 -0.74297 2.3576
-0.13468 0.39172 -0.18298
-0.38901 0.10582 -0.91425
-1.89446 -0.0245 -0.30905
-0.54869 1.57115 -0.85432
0.06987 1.57472 -0.43122
-0.98243 1.59002 -0.8387
0.58716 1.40264 0.77101
-1.28629 0.23355 -0.52071
0.8771 1.93999 -0.16098
0.92148 1.67123 0.78553
2.32593 0.54623 -1.61587
2.87096 -0.89612 -0.64681
1.58783 0.69701 -0.46822
-0.32573 -0.75454 0.64263
-0.64287 -0.87654 0.19228
-0.52241 -2.31334 -1.60028
-0.74138 -2.97916 0.84641
-2.45764 -1.66079 -0.6288
0.12207 -0.95581 0.17646
-0.4271 0.97424 0.08643
-0.1121 0.20189 1.16769
-0.13076 0.56367 -0.4319
1.47718 0.927 -0.49794
0.18423 0.75961 -0.30371
0.32245 0.48509 1.13294
0.01576 1.26483 2.44348
-0.28073 0.21727 -0.27112
-0.74798 -0.92306 1.46286
0.29224 -0.88445 -0.89512
0.52707 -2.06445 0.65622
0.25729 -3.36139 1.77217
-0.31267 -3.95602 -0.7256
0.33934 -3.28753 -1.24562
-0.11694 -2.82471 0.68554
-0.97696 -0.89041 -1.22779
-0.95431 -1.55381 -0.3957
-0.98702 -0.27256 0.81516
-1.19901 -1.68062 0.65184
-0.74762 -2.29058 -0.92296
1.14994 -1.88751 -1.94461
-1.1344 -2.91568 -1.54146
-0.37084 -1.33063 -1.09898
0.72302 -1.37418 -1.70074
-1.07472 -1.9631 0.8512
-1.34651 -1.37597 0.65856
-1.02621 -1.03646 -1.04884
-0.4663 -1.04043 -1.31536
0.28575 0.00434 -0.5611
-0.54439 -0.05824 0.56151
-0.42304 -0.14536 -0.60535
1.36384 -2.04596 -1.07842
2.53746 -0.15049 -0.94924
-0.48198 0.36678 0.19296
-0.49492 -0.23595 0.00241
-2.0504 -0.97602 -0.44083
0.08335 -0.75172 -0.95597
0.25708 -1.25053 0.15597
-0.58421 -0.67391 0.27518
-1.09781 -0.13706 -0.38444
0.93076 0.12717 0.63874
0.68151 -0.26108 0.86576
0.88248 -1.21431 -0.78678
-0.6432 -1.44398 -0.40619
-0.6579 -0.30405 -1.35229
-2.06489 -0.43027 -0.9033
-1.40247 -0.08932 0.98557
-0.52784 1.2445 -0.02147
-0.11255 0.02231 -0.53566
0.511 -1.76423 0.19653
-1.53558 -1.62568 1.02328
-3.30177 -1.5013 -0.06641
-1.73788 -0.19953 -0.53325
-1.96544 0.9278 -0.44965
-1.95238 0.9259 0.24458
-0.2014 0.06418 -0.59533
0.98496 1.00588 -2.06648
-1.68098 1.96877 -0.46321
-0.20207 1.91988 -1.25632
-1.60257 -1.12086 -2.40728
-0.57898 -0.18264 -0.43318
-1.00221 -0.5967 2.06369
-1.90838 -0.10579 0.03776
-1.82037 1.12472 -1.31647
0.02603 1.50343 -1.04981
-0.32865 -1.00655 0.12279
-0.51289 -1.939 0.79369
-1.09994 -4.63866 -1.27337
-1.67126 -3.84065 -0.89072
-1.19454 -4.67462 -1.28804
1.10668 -4.53142 -0.88905
0.67087 -4.17017 0.62167
-0.59279 -2.89896 0.5087
0.16286 -2.35438 -0.96265
0.97027 -3.00945 -0.17049
0.03492 -2.03763 0.1096
0.8261 -1.69034 1.98185
0.48898 -1.54005 1.67633
0.51587 -1.40775 1.24859
0.06702 -0.83745 1.17504
0.81716 -0.09538 -0.01998
1.23138 -0.95865 1.26707
1.94441 0.1323 0.07514
1.99227 -0.1006 1.24459
0.49564 0.90424 2.75672
0.9967 1.0317 0.47235
2.36984 0.97515 1.96448
1.12901 1.55943 2.32929
-1.16749 1.69785 2.54026
1.55665 3.73861 0.86941
1.26315 3.79882 0.09361
-1.30856 2.45686 1.21101
0.38599 1.27775 1.76116
1.43156 0.22158 -0.81072
2.39326 -0.43823 0.853
-1.59286 -0.02483 -0.73052
-3.27409 -0.05113 -1.80678
-0.31985 -0.33619 -1.46983
-0.67919 -2.27754 0.16238
-0.22515 -4.42512 1.10343
-0.45382 -4.13493 -0.29612
-0.02189 -4.06764 -2.28258
0.61553 -2.8054 -0.64468
0.76093 -2.368 -0.74297
-1.02673 -2.44765 -0.41628
-0.96581 -3.63973 -0.60841
-0.46221 -2.47997 0.05732
0.20436 -2.33022 0.2985
-0.41643 -2.50735 -0.79741
0.93778 -1.55057 -0.80397
1.83442 -1.52184 0.13744
1.14292 -1.00669 1.01726
0.96708 -0.13837 1.51196
-0.08286 0.60184 0.50548
0.56522 1.63203 0.4796
-2.68364 1.22577 -1.8014
-0.2461 1.20591 1.64895
-0.83937 1.07265 0.54988
