2.80204 1.20273 1.34552
1.33351 -0.28827 1.85428
1.31009 -0.43291 2.75053
1.16576 1.07318 0.8752
1.01623 -0.8342 -1.09814
1.29998 0.66389 -1.04866
1.09252 0.27177 -1.28389
-0.14401 -0.15967 -1.88535
0.87091 -0.20381 -3.6523
-0.52411 -0.00472 -2.69075
-0.56151 -0.44491 -2.79704
-0.63972 -0.26906 -3.0346
0.10668 -1.35299 -4.06858
1.17598 -2.22983 -3.63769
-0.4379 -1.5088 -2.25745
-0.87246 -1.01551 -2.77246
-1.42283 0.19913 -2.16785
-0.04174 -2.11187 -1.20058
1.4913 -0.02388 -2.52813
0.57931 0.42635 -2.07684
0.70692 -0.98848 -1.7038
0.98126 -0.68425 -2.24589
1.23207 -1.03997 -0.63322
-0.91064 0.10276 -0.29174
-0.30035 -1.69473 -0.52906
0.258 -0.34333 -1.1523
1.33067 -0.33904 -0.22878
-0.20281 -0.7952 -0.82147
-0.10419 -0.53577 -0.37556
0.98125 1.27011 1.14714
1.12462 1.46568 1.87526
1.16548 -0.62761 1.59915
-0.16094 -0.98175 1.66221
2.33415 0.19139 1.82878
2.43077 0.60902 2.14984
1.15432 1.98253 1.11168
0.5849 -0.08941 1.12488
-0.79906 -0.36938 -0.35574
-0.21573 0.60549 -0.0564
0.92813 1.83096 1.33508
-0.00629 -1.82862 -0.24985
1.46125 1.02554 0.85763
0.44453 1.13952 0.37069
-0.77232 1.3604 0.79622
0.40175 0.16726 0.38523
-0.69408 -0.041 0.96823
-1.76369 0.2183 1.95552
-2.63027 -0.8239 1.22129
-0.43642 0.31472 1.06141
-1.93141 -0.35511 -0.19934
-1.47816 -0.59172 -1.43647
-0.37667 0.71694 -0.04067
-0.5835 1.69007 0.67033
0.07409 0.05997 -0.27126
1.32809 -1.11301 -0.43996
1.83635 0.13161 -1.23259
1.01085 0.95114 0.38808
-0.70325 1.28885 0.61717
-0.75231 0.63505 1.09606
-1.20537 -1.06344 2.34893
-0.66534 -1.58986 4.48509
-1.27013 0.15382 5.71385
0.98086 -0.50729 3.42987
1.05513 2.32728 3.23699
0.64177 -0.61596 2.60706
-0.16312 1.07988 0.69904
1.45224 -0.29625 2.251
1.8444 -0.34333 2.75391
0.25972 1.48323 1.79941
0.32542 0.18572 2.2597
-0.05873 0.4391 2.56476
-0.04328 2.01533 2.32429
-1.17285 0.0973 1.20219
-0.57052 1.46389 1.61389
0.37204 2.14587 2.08041
0.84099 0.39863 2.95758
1.41609 1.52736 1.65579
2.51835 2.88298 2.77746
1.54972 -0.59034 2.5076
1.61064 1.47235 0.27861
2.13823 1.41095 2.18899
1.50067 1.17632 3.53865
1.29167 1.88 2.54658
0.88917 0.13731 3.90585
0.26615 0.4739 5.12679
1.67821 0.33153 7.13847
1.33289 0.84063 6.45374
1.93237 3.24609 5.29474
1.49917 2.02644 4.35053
1.49076 4.11887 4.08175
1.79794 2.58347 3.48346
1.71744 0.29699 4.03785
3.75354 1.56963 3.59666
3.62475 2.50505 3.32083
2.02967 2.20332 3.05164
1.18843 2.97764 3.38898
2.39786 1.20153 2.27688
1.19592 1.23804 2.36648
1.08062 2.70451 2.72112
-0.00789 0.13145 3.04392
-1.4663 -0.88929 3.48655
-0.55579 0.1955 3.20351
0.48232 -0.0126 3.55514
-0.30874 -0.47154 1.95943
0.74396 0.86458 2.42515
1.37568 1.87757 1.98767
-1.09128 0.73328 3.06996
-0.99297 1.79089 0.6515
0.02566 0.41095 0.50498
-1.20933 -1.03047 1.61124
-0.71636 -0.61674 2.77952
-0.09192 0.81572 2.20902
-0.2545 -1.73555 1.36458
-0.43928 -0.53744 3.53978
1.72819 -0.67632 1.42904
-0.59368 -0.76262 1.69884
-1.98422 0.30701 0.88365
-0.49534 1.91432 1.76473
-2.07951 1.19171 3.53731
-2.40412 0.81224 0.85958
0.19858 0.13346 -0.45974
-0.8151 0.9894 0.57168
1.35692 0.74076 -0.02735
0.43925 1.59727 -2.00638
-0.87038 1.28783 -1.90758
-0.73535 -0.04122 -1.82594
-0.94635 2.14933 -2.68074
0.48427 0.02696 -2.64525
1.87836 -2.52947 -2.37574
0.62875 2.39633 -3.22785
-0.22609 -0.96423 -3.39647
-4.03713 -0.05659 -2.81645
-0.49558 -1.68345 -4.28674
-1.56116 -0.65968 -2.91759
-0.65079 -1.66172 -2.08781
-1.8596 0.11634 -3.35978
-2.35168 -2.26774 -4.49727
-0.60955 -0.70899 -2.79059
-1.15628 -0.12037 0.00949
-3.2286 -0.93576 -0.26725
-0.54837 -1.78663 -1.06223
0.65612 -0.77886 -0.10503
2.04182 1.06093 0.23382
0.05818 0.98064 -0.8018
-0.27501 -0.36967 0.54542
-0.10892 -0.52415 1.08212
0.22193 -0.85452 1.77961
0.86971 -0.19574 1.3868
0.65809 -0.44952 1.26492
0.23706 1.73317 0.01213
1.19373 0.17375 0.66654
0.45319 0.55037 2.08777
2.07871 -0.38423 0.36174
1.47354 1.91032 1.41909
1.67051 0.76712 1.54564
1.74699 -1.73453 2.23738
3.07473 1.95412 3.68697
2.66907 2.04669 3.40309
2.61458 0.25458 2.59216
1.34287 1.38459 1.64626
-1.03819 1.51625 -0.001
0.046 0.48794 0.78728
0.31647 0.88629 0.68706
-0.08726 -1.72655 -0.33558
1.17035 1.00634 0.67438
-0.16507 1.87216 1.14435
1.05381 -0.01922 1.04614
-0.6704 0.41503 0.52532
0.01945 0.79627 -0.47232
-1.35098 -0.4895 -0.44811
-2.66026 0.55624 0.21178
-2.64797 0.14271 -0.01995
-1.38524 -1.43298 0.56643
-0.50786 -1.74464 -0.50503
0.3187 -0.81708 1.25501
-1.27986 -0.0133 2.41877
0.35058 0.30287 1.99162
1.43403 -1.61012 1.60035
0.09843 0.73388 0.80722
-0.45897 1.16617 -0.72135
-2.23709 0.49586 -0.55518
0.16481 0.34374 -0.43852
1.00728 2.12869 -0.3257
1.1951 -0.14387 -0.55912
1.57413 -1.02309 -0.42204
3.18721 1.41756 -0.51459
0.49574 1.12096 -3.98249
-0.44014 -1.26839 -4.35553
-0.34897 -0.99901 -5.0703
-0.44742 0.45027 -2.76971
1.24555 -1.11511 -2.40383
0.00738 -0.95533 -1.92426
-1.24322 -0.76789 -2.2445
-0.49013 -0.60725 -0.91605
-2.6763 -0.88097 -1.1743
-1.76339 -0.97623 -0.99773
-2.60228 0.06989 -0.84079
-3.72527 -0.84059 -0.27709
-2.41076 -0.4636 -0.57527
-1.17238 -1.56743 0.00767
-0.06235 -0.16629 -0.10374
-0.82496 -1.09455 1.15514
-1.32249 -1.23509 0.96631
-0.57689 -2.64515 0.58464
0.8438 -0.09141 0.41496
1.09234 1.09559 0.36069
-1.95793 -1.65504 -0.30905
-2.47911 -0.25609 -1.22725
-0.31696 -0.86142 -1.58146
-0.33505 1.29166 -1.25998
-0.74809 0.59408 0.52278
0.46301 -1.24477 2.1943
-0.18495 0.11937 3.12923
-1.76363 -1.46892 2.52362
-1.46915 -1.61499 2.6882
-0.59458 1.17228 3.10412
-0.99825 -1.35953 1.4285
-0.40232 0.91774 1.09303
0.13111 1.88589 1.97212
-0.53914 0.06421 2.47488
0.98542 1.39991 1.02398
0.9037 1.46216 1.33471
0.39207 1.04681 2.77282
-0.43039 0.75721 1.26801
1.40192 -2.37559 0.05104
1.38864 0.62563 -1.69227
1.34376 1.77905 -1.52448
2.40087 0.84469 0.12947
2.46018 0.64953 1.62702
0.223 0.79331 -1.05008
2.09845 -1.85956 -1.67614
0.33049 1.27956 -2.29778
2.07461 1.84791 -0.05731
1.1653 1.82855 -1.84723
0.79065 -0.17775 -0.3077
0.20127 -1.07939 -0.22127
-0.60679 -2.02359 -1.56262
-0.67768 -3.27438 -0.88645
-0.67554 1.14582 -2.38399
-2.28856 -1.03809 -1.23556
-1.80914 -1.89023 -2.48771
-3.02652 -1.2603 -1.01471
-1.03287 -2.06404 -1.15818
-0.07746 -0.39178 0.7402
-0.38457 -1.08491 -0.62962
1.45819 0.26672 -0.31947
2.10888 -1.3065 -0.30016
3.20364 1.32557 0.63128
2.55446 -0.35633 1.38518
1.79841 -0.28574 2.15036
2.29067 2.43591 1.87187
1.82969 0.14493 1.8083
0.60171 0.7517 2.87246
1.69552 -1.18902 2.70039
2.41346 2.18797 0.84893
2.53668 4.15822 0.97928
-0.6366 1.10685 1.51949
0.2041 1.41039 1.69839
0.78267 -0.6558 1.49123
1.83405 1.53427 0.71641
-0.67552 0.6405 -0.35554
-0.68442 -0.59426 -0.21334
-2.16404 -0.43034 0.60152
-1.66379 0.58751 0.09537
0.72593 0.05626 0.01136
1.57545 -0.37103 -2.07379
1.8492 -0.32927 -0.52224
2.53094 -0.05976 -0.18387
2.62123 0.60843 -1.03225
1.85505 1.00145 -1.73311
1.48432 -1.60265 -2.31731
2.10872 0.13655 -1.22768
2.94412 -0.93752 -1.43416
2.28403 1.37261 0.28289
1.68573 1.28223 0.9861
-0.25547 0.26757 -0.27173
0.70349 0.92135 -0.91943
0.81357 -1.35068 -0.41745
0.03691 0.19072 -0.95955
0.28947 -0.33949 -0.12598
-0.33744 0.83018 2.10075
0.80061 0.89692 1.54616
1.52758 -0.20443 0.95191
1.45446 1.08284 1.62537
0.7897 1.48568 1.19191
-0.00884 0.1146 0.79297
0.60754 -0.54417 0.75924
0.81917 0.63725 0.56596
1.09687 -0.59575 2.59505
0.0495 -0.46753 2.8848
-1.60592 1.82084 2.30392
-1.73017 -0.81085 1.83009
-2.34107 0.53347 1.40826
-0.21714 0.97483 1.11214
1.08049 0.7419 0.85012
0.64047 -0.84238 1.18205
1.67761 -0.03988 1.78208
0.50998 2.68198 2.5888
-0.67149 0.18531 3.82075
-0.95744 -1.4404 4.52732
