2.91128 -1.46285 -0.60996
3.01727 0.89078 1.09644
2.03879 -0.94779 0.66492
3.46628 -0.20037 -0.18442
1.60164 -0.82355 0.70851
0.89111 1.08013 -1.4557
-1.04929 3.28737 -0.63075
1.08242 2.09243 2.60371
0.2397 2.57156 0.29416
0.44987 1.10048 -0.33323
2.11159 0.72322 0.82347
1.12882 -0.04448 -2.07239
1.63619 0.47656 -0.44979
1.30568 0.88376 -2.1298
-1.19797 0.86674 0.76571
-0.95343 2.03527 1.64681
0.12661 1.66916 2.16545
2.21947 -1.17784 1.70579
4.33474 -0.63918 -0.00113
1.21725 -0.62679 0.56541
1.04619 -1.12802 -0.39355
0.50087 -0.46018 1.07981
0.40295 1.0819 1.07015
1.67244 0.74644 1.97184
1.98282 -0.83188 0.55688
0.54815 0.76187 -0.25961
0.66051 0.45059 -0.5371
0.85452 0.40539 0.54649
0.4152 -1.01189 0.05529
0.4032 -0.10581 -0.07512
-0.19589 1.48255 -1.38434
1.20092 1.01262 -0.8485
0.98864 -0.63858 -1.10887
-1.65623 0.8386 0.41351
0.16538 -0.12751 1.02172
0.9417 -0.21389 0.7106
1.05683 0.12959 0.96613
1.01486 -0.23008 0.6562
1.45862 -2.30298 1.28551
1.02272 -1.55207 -0.37814
1.20994 -2.08253 0.42646
0.03319 0.10999 0.70151
-0.24785 0.17849 1.30067
-0.07838 -0.68034 1.40879
0.77783 0.91113 0.1848
3.94463 0.57639 -0.98264
3.14757 0.69286 0.42056
2.79337 1.10761 -1.82164
3.10628 1.6107 0.82308
-0.39309 0.60811 0.29091
0.51627 2.2709 0.36148
0.34198 0.4075 -0.45468
1.01376 1.5795 0.83124
-1.04108 -0.40374 -1.34994
0.3759 -0.73414 1.51755
0.72103 -0.30353 1.38358
2.2614 0.07439 0.15583
0.63914 -1.49127 1.47561
-0.01145 -1.0947 0.89624
-1.01152 -0.72118 1.10853
-1.40738 -0.92695 -0.12369
-1.29827 0.92979 -1.73044
-1.78799 -1.22959 0.34092
-1.3023 1.14567 -0.59046
-0.36111 1.423 0.14504
-1.0714 0.43578 -1.31966
0.81812 0.50555 0.54109
1.9392 2.26857 -0.7496
1.57594 1.83712 -2.59845
0.71467 0.10341 -1.86875
-1.16612 -0.14476 -2.86203
-2.22106 -0.33486 0.39974
0.07157 -1.11982 0.70923
1.62402 -0.98543 0.68204
2.71202 -0.62609 0.54247
2.10761 -0.58726 -0.43734
-0.36489 1.0339 -0.50229
-0.97685 -0.66233 0.79088
-1.31549 1.37843 -0.04705
-1.21972 1.21174 -0.15117
-0.84516 1.04565 -0.93808
-0.99945 -0.36313 0.15239
-2.02671 -0.23883 -2.28934
-1.36511 -0.90623 -0.00685
0.05599 0.9053 -0.06588
0.15653 -1.22152 0.27327
-0.82454 -0.26627 0.98665
0.17434 -0.11397 -0.10587
0.73837 -1.07422 0.54428
0.14091 -1.02365 0.75246
-0.99797 1.18335 -0.9545
-0.30851 1.63677 -1.82906
-0.42598 -0.41687 1.52846
-2.9294 -0.00433 0.29825
-1.18506 0.35982 0.59569
-1.22746 0.68732 -0.44064
-1.96498 -0.40967 -1.33717
-1.06306 0.46812 -1.32696
0.30685 0.40552 -3.67744
-1.92922 -0.08899 -2.02559
-3.88165 1.40334 1.18605
-1.27513 0.30843 -1.46454
0.08511 -0.70401 -1.39893
0.92593 0.23915 -1.1696
-1.21783 0.49182 -1.14003
-1.56982 0.45718 1.15361
-0.57092 0.33318 -0.34555
1.18838 -0.34583 -0.00972
1.63278 -0.12245 -1.05556
1.91602 1.54873 1.1083
0.07129 1.43059 1.48009
0.24602 1.5908 1.16014
1.98069 0.60862 1.58783
1.01289 -0.09074 2.06501
0.16411 0.73759 0.52856
2.04958 0.97433 0.51259
0.35676 0.93976 -0.28516
-0.94467 -0.01421 1.68837
-0.55441 1.06185 0.30065
0.07456 -0.18607 -0.08257
-0.13991 -0.20184 0.40091
-0.67876 -0.66847 -0.3596
0.32902 1.21546 0.74603
-0.43798 1.56976 1.83735
-1.70254 0.37102 0.72536
-0.8646 -0.45217 0.73451
-0.69786 -0.77124 0.11649
0.79039 0.62658 0.7246
-1.17296 0.57241 1.36575
0.07368 0.64932 0.18435
-0.68147 1.06143 1.90608
0.60134 0.57457 1.12741
2.02596 -0.2805 -0.15387
0.86444 -1.96723 -0.99081
0.62382 -0.85123 0.49221
-0.38413 1.28797 0.06445
-1.01463 -0.25952 1.40773
-1.76959 -1.04829 -0.43052
-0.96586 -0.08795 0.51807
-0.83603 1.80814 -0.57622
-0.79764 0.08927 -0.54565
-0.03394 -0.61406 -0.91288
0.26945 0.40933 -2.20836
-0.64011 -0.29811 0.85711
0.7366 -2.09343 1.30785
1.44706 -0.77969 -0.18705
1.48988 -2.93007 -0.05932
1.56235 -0.06907 0.3688
0.99788 -0.62169 -0.09731
1.73019 2.95227 -0.80506
-2.32718 0.38654 0.90215
-2.81435 1.05273 1.9502
-1.33454 2.76911 0.58277
0.75511 1.41656 -0.08199
0.04304 -0.59154 0.42384
0.90782 -0.84959 -0.38632
0.2555 -2.29786 -0.37994
0.90802 -0.67209 -0.35323
0.84604 0.71648 0.96885
0.75985 0.44923 0.45826
1.37677 -0.64178 0.09065
0.88378 -0.38177 1.05718
-0.54905 0.72485 -0.20387
1.25334 1.39899 -0.46042
-1.05716 1.84485 -0.36741
-1.42684 3.52159 -0.8763
-2.18805 1.1282 -0.94577
-1.7465 0.88876 -2.17344
-1.25107 1.49745 -1.90426
-0.00457 0.11405 0.88874
-0.87179 1.19075 0.26998
-1.22823 0.43101 0.00081
2.00801 -0.39506 0.09566
-0.15221 0.27423 0.34971
1.38264 -2.14768 -2.205
0.84852 -2.46103 -0.78644
0.52781 -0.42733 1.24327
1.29429 0.89015 -0.33574
-1.9033 -0.20133 1.72324
0.30743 0.587 1.3209
1.76403 -0.58973 -1.22425
-0.08226 -1.0884 1.58881
-0.31456 0.32853 1.6075
-0.1927 1.65177 1.68543
0.33842 0.00197 1.32145
0.20981 0.36835 0.59172
-0.85282 0.29642 0.85968
0.23529 -0.57987 1.48247
0.67235 0.09985 1.25556
-0.9907 0.43473 1.53578
-0.85025 0.70526 -1.94668
-0.24148 0.79848 -2.47069
-1.37817 0.07747 -0.00685
0.19647 0.31295 0.56722
0.77488 2.05006 -0.64846
-1.13284 0.23203 0.79004
-1.40603 0.06699 0.7244
1.08067 -0.8169 -0.62273
2.22603 -1.01581 0.65897
2.34591 -0.53611 -0.96323
2.44774 1.27652 -1.42992
1.51099 -0.16655 -0.38384
0.66663 -0.95851 -0.02538
-0.12324 0.33346 0.84413
-0.84901 -0.09808 1.36216
0.59904 0.04068 1.60372
1.82221 0.55303 -0.17014
-0.49926 -1.79613 -1.35232
0.14297 0.24706 -0.58671
0.26599 -0.66039 -0.53652
0.53489 0.76512 1.36102
-1.31121 0.97059 -0.99358
-1.48828 0.44271 0.46889
-0.91679 1.44575 -0.56946
0.43577 -1.54015 0.36522
0.46974 -0.39635 -1.63969
0.10082 -0.76707 -1.80214
1.07778 0.84054 -2.11746
-1.35215 0.22222 0.66888
-1.4077 -0.86718 -2.16505
-0.34804 -0.2099 0.37761
0.20305 0.73852 1.00939
0.71286 -0.0121 0.89048
1.0029 -0.17324 0.7169
-0.30653 -1.11936 -1.94764
-0.39311 0.24804 0.1419
-1.87654 2.05813 0.22594
-1.16334 0.21746 -1.52504
-0.16398 -0.65849 2.21757
-1.12373 -1.47055 -0.29594
-0.02324 1.10494 -1.49191
-1.5044 1.44053 -0.15076
-1.77419 0.09128 -1.66106
-0.08916 -0.9864 0.32368
-0.42968 0.29277 0.16328
-1.55858 -0.78226 0.12891
0.2071 -1.06176 -0.02144
0.22224 -1.06253 -1.81267
0.77373 -0.21944 -0.25226
-0.51006 0.37882 -0.52763
-1.70658 0.87343 -0.12009
-0.00693 -0.65174 0.03969
-0.07277 -0.68971 0.88084
-1.16138 -0.47752 -1.60342
-0.2985 -0.57086 -1.35117
-0.95544 -0.82694 0.39861
0.1505 0.62083 1.70736
0.51554 0.24335 0.97277
-0.10909 0.42375 1.0381
0.4958 0.44982 -0.29675
0.52893 -0.21337 1.3464
0.08831 0.68375 0.04626
0.92823 0.86085 0.11283
-0.22896 -0.87817 1.47017
-0.81113 0.69244 1.0196
0.20423 -1.13951 0.31889
0.32292 -0.71636 -1.21591
-0.73956 -0.68799 -1.79332
-1.65587 0.72868 -0.79113
-0.23218 0.38096 -1.65146
-2.47496 2.2523 -1.60871
-1.35365 -0.05985 0.11088
0.11802 0.32403 -1.13244
-0.00108 0.28989 0.19586
0.43665 1.43209 -0.92326
0.8414 1.11517 -0.10008
0.96541 -0.70218 1.75235
0.93557 -0.23257 0.31342
1.83425 -0.89505 -0.96786
0.6297 0.20204 0.15609
0.95429 1.30591 0.18575
0.08089 -1.44327 -0.46604
0.56134 -0.45684 -1.26897
0.9788 0.6473 0.08388
0.20115 0.43429 -0.72128
-0.76195 0.22509 -0.99426
-1.26218 0.17053 -1.0631
-1.24137 -0.31375 -0.4855
-0.40772 -0.01153 -1.2197
-2.03697 -0.77648 -0.65645
-0.85937 0.6511 -0.7653
-2.17476 -0.69195 0.2796
-2.00101 -1.58096 -1.62418
-2.81048 0.9254 -1.06975
-1.60396 1.13155 -0.13449
-1.08178 1.80835 -0.87315
-1.51156 1.06682 0.36663
0.98788 0.41405 -0.04793
-0.74572 -0.65719 0.31659
0.88923 0.22723 -0.35169
0.21242 -2.43304 -0.62607
-0.40502 -0.9622 -0.04912
-0.97439 1.35358 0.38443
-0.99747 -1.79558 -2.03457
-0.89385 -1.62012 -0.21556
-0.98408 -0.17931 -0.86278
0.30703 -0.00058 0.20035
-0.30881 -1.02209 0.25187
0.05684 -0.15838 -0.51721
-0.55941 1.08267 -0.61327
