3.77349 0.2106 0.43983
4.95388 2.2189 1.10363
4.8186 0.54868 -1.30435
4.84052 -1.30614 -1.08103
3.81214 1.45535 0.78244
3.93221 0.40336 1.76568
4.77385 -0.37256 0.77196
5.69398 -1.43476 -1.10638
6.74866 1.66409 0.06671
7.4133 2.70449 1.29533
8.40728 2.13248 -0.21228
6.18119 -0.08691 -1.4493
4.4582 2.19944 -0.4827
6.33807 0.90182 -1.08321
5.52238 0.44508 -0.60408
4.16644 0.17211 0.15942
4.99069 1.32833 0.96909
5.24355 0.99795 2.31281
4.65853 0.23685 0.18583
5.87641 2.18244 0.31796
5.58219 1.74124 1.09131
6.2472 0.77323 -0.48871
5.70344 2.45513 0.16588
6.2541 2.69197 0.31149
5.84171 1.57614 -0.44862
3.74184 2.35995 1.82097
2.20337 2.71596 1.80182
1.24665 1.85801 0.9403
0.95044 1.58971 0.37732
0.46452 -0.87476 -0.14508
-0.47518 3.33325 -0.97732
-0.26256 2.35759 0.39781
0.0951 -1.16429 -0.12622
-0.35946 -0.62842 0.29182
-0.40002 0.8655 0.72901
-0.57361 -0.62386 -0.06944
-1.36639 -1.64823 1.54208
-0.882 -0.66777 1.44176
-1.42228 0.66761 1.05388
-1.33758 -1.82501 -1.21737
-0.1194 1.79093 -0.68248
-0.10226 0.33731 0.34721
-0.61053 1.89768 0.26866
0.36448 -0.18269 1.34826
0.39602 1.16135 0.68072
0.25839 -0.81347 0.51437
-0.36859 1.3751 -0.19494
0.12949 -0.45949 0.24805
-0.44364 -0.68309 -0.49721
-1.46657 -0.35036 0.03494
-2.45343 0.59269 -1.02395
-1.59023 1.05055 0.46471
-0.63723 0.03403 -0.97708
-0.86085 0.45331 0.15836
0.00567 -0.54142 0.41986
0.35568 0.41267 1.91952
-0.25896 -0.74862 0.78531
1.33679 0.76426 -0.20079
1.19836 0.7534 -1.47169
0.38724 0.31612 0.3658
0.42585 0.93782 0.27897
-0.50369 1.1361 0.97658
-0.78315 -1.42626 0.54453
-0.80618 -1.59899 -0.38479
-2.26485 -0.43346 0.72683
-3.18494 -0.81469 -0.67965
-1.82671 1.33755 -0.34289
-0.72734 -0.12629 -2.12439
0.34419 1.69952 -3.24347
1.59063 -0.22504 0.02317
1.29028 -0.67319 1.65085
1.91725 -0.43843 0.9086
1.59192 0.65069 0.22414
2.51527 -1.18461 -1.17985
2.22236 0.58872 -1.01536
0.88663 0.65249 -0.46099
1.43501 0.80999 -0.49314
0.8769 -0.65322 -0.63878
0.5332 0.91803 0.71754
0.22987 0.92589 2.21312
1.13606 0.57912 -0.89943
-0.56394 -0.05511 -0.17853
1.67052 -1.28984 -0.19145
1.19018 -0.46108 -0.20985
1.56925 -1.93849 -0.50625
1.25025 -0.93808 -1.15296
1.78857 -0.747 -0.2709
0.52244 -0.26458 -1.18502
-0.37769 -0.0108 -0.78824
-1.002 1.45698 -1.5146
-1.17665 0.5328 -0.69863
-1.38007 -1.20474 0.09625
-1.32137 0.131 2.21839
0.37647 -2.1283 -0.15697
0.56338 -0.55512 1.03228
0.94168 0.30552 0.05324
0.33856 0.54118 -0.34104
0.60056 0.30549 0.49616
1.84412 0.61068 0.64725
2.31471 -1.05266 0.90973
0.12779 0.81498 -0.51705
1.46067 -0.94676 -0.44136
0.75507 -0.32396 0.99649
0.79039 1.21062 1.5378
0.54873 0.99033 0.53043
0.99311 0.30542 0.64357
-0.39097 1.20547 0.68808
-2.31528 2.38216 0.05665
-0.34666 2.2438 0.75936
0.87512 0.73481 1.40027
-0.62724 -0.73967 0.01722
0.06517 0.45521 0.71448
1.16488 1.55928 -0.18583
1.06313 1.76638 0.99361
-0.0869 -0.76778 1.71473
0.15126 0.15487 -0.49198
1.43205 0.52029 1.81172
3.04769 0.1356 1.37868
3.43868 0.47415 -0.02862
4.91732 -1.16179 0.69333
6.82058 1.22318 0.1047
7.45257 2.58147 2.80224
5.19516 0.71586 2.00374
5.43655 2.54828 0.86562
4.21653 1.23307 0.28953
4.60284 2.19974 0.30729
4.75738 3.1817 -0.42998
3.75389 1.9207 1.23492
3.68384 0.05934 -1.87588
2.48197 1.80972 1.00294
3.32446 0.01868 0.21836
3.81273 2.04435 -0.61255
3.62585 0.55594 -0.56364
3.50517 0.51865 1.80936
3.95563 1.57687 3.50146
4.38046 1.28937 0.56633
3.19782 0.3762 -0.28102
3.68451 0.98145 -1.11927
4.48818 1.36753 -0.35051
4.48336 0.12569 1.88265
3.80197 2.41344 2.51128
5.49688 1.45548 2.45422
6.09852 0.26596 1.28968
5.07495 1.18993 1.4076
5.0645 0.81349 -0.11795
5.15487 2.76412 -0.5357
4.25918 0.12099 -0.52344
3.24939 2.32498 0.07903
2.64345 2.58208 0.37605
2.81989 2.20493 -0.2591
2.29396 -0.08074 1.52295
0.52046 -1.6512 1.79088
0.0355 3.32085 0.52721
1.06325 0.80677 0.88276
0.92572 0.20477 1.22708
1.37509 0.74181 -0.30051
1.25783 -0.11285 -1.44224
0.9099 -0.88048 -1.68028
0.51387 0.44838 -0.20914
0.82157 0.03833 -0.10074
1.61413 -0.28924 0.45189
1.27604 0.40589 -0.39222
0.706 -1.39383 0.67652
1.16737 2.34198 -0.64639
2.50493 0.45374 -1.4834
1.56797 0.78173 -2.79488
2.25914 1.82501 -1.93687
3.43127 -1.93692 -0.27728
4.36171 -0.16051 0.62845
3.89228 -0.27856 1.32741
2.74928 -0.53782 -0.49427
2.44316 -1.4885 0.15353
2.88543 0.80709 -0.83121
2.94513 1.18846 0.04825
2.75899 1.99365 1.55045
3.96084 1.28122 -1.16364
4.33456 0.36026 -0.13496
5.99956 0.30417 1.50998
6.33749 1.44683 1.03179
6.76377 2.06582 1.19438
4.62134 0.72145 -1.77155
5.30114 2.59069 -0.09146
4.51665 1.95402 1.63183
3.06326 1.67584 0.31186
3.93168 -0.00541 -1.60929
3.37486 0.44487 0.64585
3.99104 0.47553 0.35246
2.58087 0.17518 -0.74296
2.45712 -1.17686 -0.4726
3.11444 1.60975 0.82026
2.2732 0.79236 0.36169
1.07158 1.63521 -1.72016
2.48222 1.91222 -0.73524
3.87443 2.06479 -1.66702
5.2912 0.37123 -0.01709
6.04432 -0.31019 -0.97035
6.5884 0.44332 1.27986
8.35033 0.89176 -1.06294
6.60177 2.28475 -1.82363
5.95184 2.10517 0.87375
6.14603 2.27307 0.86154
4.8566 -0.70114 1.44196
4.6937 2.09402 1.26153
5.21589 1.46379 1.78119
4.30847 1.06521 1.08695
3.57935 0.61826 0.25986
1.7895 1.01631 0.38477
1.06696 3.18665 -0.52589
1.80902 -0.15142 -0.37267
0.52549 1.1118 -0.56155
-0.61984 1.70989 1.54861
-0.38139 1.1994 0.2847
0.24946 -1.17347 0.95007
0.35816 -0.82407 -1.41591
-0.02176 0.58813 -0.43121
0.25186 0.83062 -1.12721
0.07465 0.17042 0.24934
0.54678 -1.89873 -0.13829
1.42615 0.3569 0.22901
2.12542 -0.79702 0.43395
1.73324 -0.65605 1.06549
2.46528 0.19922 0.24953
2.91364 0.16644 0.43434
1.78563 2.42557 0.02482
0.29303 0.65792 0.25658
-1.52805 0.00268 0.61129
-1.40384 1.35874 0.70501
-1.15924 0.44076 0.89995
-2.75341 -2.18529 -0.55777
-2.80861 0.30066 -1.57594
-3.04149 0.7423 -0.75057
-2.39491 -0.43342 0.2294
-2.72254 -0.82727 0.2696
-2.41315 -1.51603 0.70702
-1.80953 -0.88493 -2.91376
-1.69357 -0.55369 -0.58757
-1.44451 -1.27171 -2.35385
-0.67058 -1.87233 0.20119
0.39052 -0.09464 -0.73996
-0.8111 0.06424 -0.50684
-1.44131 -1.49378 0.32447
-2.70039 0.10662 1.08154
-2.52769 -1.57715 0.10899
-1.4006 -1.20354 0.32888
-3.01324 -2.12816 0.29038
-3.36422 -1.01676 -1.16272
-3.28425 0.69143 1.62816
-1.58696 1.03343 0.40742
-1.395 0.85288 0.00514
-0.357 -1.5981 1.00388
0.37341 0.09457 -1.38649
-1.92161 -0.5324 -0.92353
-1.46029 -1.98412 -0.16102
-0.86879 1.23794 -0.37222
0.99403 -0.01862 0.20723
-0.4605 0.14768 -0.69336
-0.84441 -0.55315 -0.16075
-1.4489 0.83928 0.09501
-1.9009 -0.87623 0.05691
1.05666 0.94668 -0.44957
-1.08941 -0.52183 -0.79794
-1.97083 -0.2134 -0.03236
-1.70935 0.39608 0.9208
-2.05782 -1.42544 0.62886
-0.29088 -1.57878 0.67804
-0.09033 -0.89444 0.43515
-1.01389 -0.67518 -0.55772
-0.33227 -1.15745 0.35744
-0.85396 -0.79904 0.65604
-0.94681 1.34704 -0.17589
-0.66785 -0.6046 -2.01277
-1.63907 0.64076 0.16726
-2.15991 -1.51276 0.01886
0.56851 0.01839 -1.91299
1.5529 -1.04897 -0.39957
2.93276 -0.7813 -1.12107
3.76405 0.01669 -0.95774
3.79271 1.01195 0.31099
4.14916 1.89217 1.85929
2.27014 -0.1369 0.41084
3.64593 -0.73906 0.41618
3.06415 1.43119 -0.57298
2.41327 0.23789 -0.42556
3.08067 0.52681 0.19718
2.71728 -0.19354 -1.00051
3.28979 -2.01085 1.53239
2.46577 1.64522 1.06196
2.1973 1.27377 0.81608
1.42704 1.73084 0.83176
-0.23683 2.55328 -0.32888
-1.44354 0.8049 0.52473
-1.83235 0.60403 0.95968
-2.39285 -1.44355 1.64399
-2.52805 -1.11165 1.61233
-3.21841 -1.63392 0.83264
-4.50466 0.6497 2.63126
-4.30453 0.60692 -0.09694
-4.53188 -0.05463 0.45199
-5.41857 -2.01124 -0.50793
-5.66557 -0.69848 -1.30177
