-4.18704 -3.23495 -0.00274
-2.58257 -5.00507 0.45084
-3.16694 -5.85956 -0.03464
-3.09261 -5.34033 0.43167
-5.36284 -4.65501 -0.60048
-4.23065 -4.84222 -1.68534
-3.70696 -3.75757 -1.17119
-2.33251 -5.66927 -1.39702
-2.83069 -6.05486 -1.88455
-2.07554 -6.22889 -0.54899
-2.36662 -7.45127 -3.20999
-3.2813 -7.52814 -2.29151
-4.37997 -7.37768 0.37464
-4.64418 -5.87813 -0.7507
-4.96375 -5.73873 -1.41886
-5.68159 -6.56158 -1.30956
-6.03072 -7.67074 -3.03736
-5.99246 -5.85809 -1.46315
-4.28204 -5.14961 -2.86755
-3.72311 -4.72533 -2.70992
-3.92362 -2.28354 -1.72201
-3.41803 -3.4775 -3.63379
-3.23059 -3.37963 -2.71018
-4.0965 -3.92061 -1.24203
-2.73515 -4.97875 -2.40546
-3.52323 -2.85129 -1.39028
-3.36041 -2.89322 -0.82502
-3.3006 -2.98369 -1.67612
-2.93753 -3.93791 0.07877
-1.7138 -4.34174 -1.00559
-3.67913 -5.23854 -1.11631
-3.63238 -4.23422 -0.22171
-2.61866 -4.34544 -0.18896
-1.78689 -3.92041 -2.16221
-2.38628 -4.48772 -0.89728
-3.28908 -5.46131 -1.47271
-2.19915 -6.79394 -1.68902
-4.4452 -5.61122 -2.54422
-3.33623 -5.22724 -3.27334
-2.10616 -5.18375 -2.7106
-2.74149 -5.76223 -3.0928
-3.75672 -7.65708 -2.72009
-4.22571 -7.09676 -1.33246
-4.30838 -6.47185 -2.82518
-5.43524 -6.12173 -1.94029
-3.3358 -5.7837 -3.87359
-3.9234 -6.105 -4.06468
-3.40245 -3.66785 -3.55268
-3.21054 -3.56903 -3.45703
-2.18407 -3.48299 -2.65344
-2.71986 -4.67789 -2.1892
-3.49295 -5.64774 0.10991
-5.01214 -8.05948 -0.2531
-3.72382 -9.32889 -1.3804
-4.3554 -7.67726 -2.1905
-5.14298 -6.57486 -3.07392
-4.5772 -6.13864 -2.91223
-3.22425 -4.52537 -1.29603
-3.0503 -3.74272 -1.99871
-1.34401 -4.47202 -3.17105
-0.62307 -6.31806 -0.69455
-1.11162 -5.64138 -1.77056
-1.72174 -6.47832 -2.45165
-1.60482 -5.88806 -2.28215
-3.87795 -5.36379 -2.79613
-3.95205 -3.62717 -2.41671
-3.90779 -4.90274 -2.53721
-4.71848 -3.6251 -2.56129
-2.28191 -3.18145 -1.22729
-2.36723 -4.77325 -0.62394
-2.08958 -5.71894 -1.16623
-2.80514 -5.37273 -2.52112
-3.20367 -5.54254 -0.84781
-3.46287 -3.88799 -2.36041
-3.2718 -4.11174 -0.8601
-1.83411 -3.41686 -1.57045
-2.50578 -4.40018 -1.57609
-3.25958 -5.15225 -1.01014
-3.05251 -4.38205 0.64787
-3.94456 -4.59377 -0.60154
-3.94347 -2.9875 -1.47065
-4.06988 -3.22364 -1.5829
-3.07837 -3.09495 -2.04124
-2.04333 -3.83979 0.2065
-3.14438 -2.72756 0.14544
-3.87756 -2.3088 -0.64416
-0.94097 -1.24063 -1.40084
-2.21498 -2.87593 0.2054
-0.03289 -2.29613 -0.17126
-0.19433 -1.71118 -1.02749
-0.18246 -1.65402 -1.67391
0.41306 -1.13263 -1.16517
1.13939 -0.41684 -2.08864
1.55885 -0.15846 -1.73971
0.76775 -0.88598 -1.97293
0.51325 -1.38414 1.03674
1.70946 -2.22006 -0.92125
0.03578 -1.39917 -0.01901
1.03649 -2.52006 -0.08376
-0.81892 -1.88463 -1.93316
0.17278 -0.97416 -1.75014
-1.66145 -1.2087 -1.17466
-3.5802 -1.64557 -1.12771
-3.53456 -0.4613 -2.6239
-1.20631 -1.54948 -1.33493
0.61886 -3.22563 -1.64415
-0.28506 -2.28234 -0.19937
-0.40129 -2.51422 -0.41289
-1.28505 -2.71926 -0.63915
-1.05904 -2.23125 -1.13838
-2.0937 -2.83746 -1.43052
-3.66104 -1.36575 -2.2891
-1.54581 -1.19985 -0.73783
-1.79474 -1.29653 0.18722
-0.73221 -1.28901 -0.05084
-1.30216 -3.60932 0.67897
-1.30562 -3.25224 0.29125
-1.69813 -2.59159 1.27209
-1.51998 -3.58164 -1.52149
-1.93643 -3.08381 -0.32666
-0.19941 -1.68194 -0.66047
-0.7169 -2.44535 -2.37253
-0.33383 -1.89439 -2.78086
-0.62752 -3.59329 -0.44983
0.69686 -3.98064 1.00358
0.44611 -2.79768 -1.70288
-1.02204 -4.12602 -2.63097
-0.51244 -4.22343 -2.13538
-1.40151 -5.48105 -2.32444
-2.05822 -5.77532 -1.92239
-5.85209 -6.38249 -1.1359
-4.63871 -6.22956 -2.75771
-4.65995 -5.70728 -0.62854
-4.40798 -6.49504 -0.43932
-6.1464 -5.87269 -0.88655
-5.69869 -6.21443 -1.21333
-5.4724 -8.28034 -0.61522
-4.7733 -6.43271 -2.03456
-4.73728 -5.30493 -2.46849
-4.94995 -5.04364 -1.53347
-2.80243 -4.77986 -1.1709
-3.16299 -3.20576 -1.60858
-2.69307 -2.36525 -1.25869
-3.02807 -1.59703 -0.25398
-0.99401 -0.1823 -0.06365
-1.05872 -0.99568 0.07673
-0.66253 -0.82432 1.62568
-1.35338 -0.89266 0.58618
-0.93793 0.57796 -1.25901
0.18672 1.06425 -0.67186
1.47508 0.32054 -0.64875
3.12743 -0.19454 0.24909
3.25746 -0.3082 0.08182
-0.89014 0.6633 -0.46891
0.12491 0.40016 -0.33279
0.71352 0.88815 0.79964
0.61753 0.19774 0.67637
1.04375 0.61861 -2.50876
-0.05164 2.1238 -0.20802
0.33716 0.50218 -1.01575
1.07647 0.60331 0.99824
1.13076 -0.81435 -0.29824
0.56353 -1.08498 0.70523
0.45938 -2.21346 -0.45055
0.0335 -3.26383 -1.61622
0.26548 -2.40283 -0.2946
-0.52732 -3.13103 -0.81235
-1.35552 -2.66974 0.38057
0.90128 -3.07149 -1.68203
1.02531 -4.22413 0.03074
0.55244 -4.58578 -0.91583
-0.53257 -4.71869 -1.32122
-1.55198 -3.18164 -2.15937
0.53618 -1.83361 -0.50663
-0.47406 -0.68926 -2.0946
-0.0525 -0.43205 -1.87815
-0.3208 0.39445 -0.25812
0.00272 0.07955 -0.58636
-1.13556 0.3504 0.05586
-0.15857 0.30886 1.32682
-0.57907 0.36411 0.41401
-0.7268 -0.35913 0.17522
-0.17362 -0.25811 0.25864
-0.42926 -1.41918 -1.862
-0.69778 -2.1638 -0.44373
1.18292 -0.02874 -0.71214
-0.22303 -1.59577 -0.22923
-0.47345 -0.97238 -2.9075
1.74767 -1.7119 -1.69767
2.12198 -1.54161 -1.57448
2.49239 -2.29972 0.43448
0.18474 -1.89571 1.0852
-0.71872 -3.55898 -1.39579
-2.09642 -3.68957 -1.17834
-2.45156 -3.4846 -1.55763
-2.60554 -1.86677 0.05264
-0.74743 -2.44822 -1.2223
-0.38713 -3.19524 -1.93557
0.05501 -3.3468 0.17763
-1.74826 -1.37251 -0.78878
0.49322 0.60197 -1.49738
-0.08486 0.6155 -1.33691
0.5531 0.9205 0.22424
0.28039 1.54745 0.77762
0.35114 0.446 0.39537
1.27027 0.64745 -0.34133
1.19924 0.3498 -1.79136
2.21728 0.09113 -0.6423
0.74613 2.02975 -0.20838
0.91002 3.20822 0.01335
0.96953 1.32189 0.10989
-0.1986 0.75777 -0.57115
-0.99875 0.50203 1.03959
-1.37798 1.02125 1.69484
-0.70597 1.40094 -0.11855
1.99313 1.28292 -0.58879
1.69018 2.06894 2.67399
0.30589 4.85155 0.47276
2.33468 3.92965 0.3392
2.22803 3.23514 -0.58484
2.16421 2.70187 1.94309
2.31844 2.54195 0.23836
2.23495 1.45582 0.87579
2.73221 1.74802 -1.00145
3.28271 1.00264 0.58892
2.22525 1.34514 1.82455
-0.20858 0.59103 1.72037
0.21283 0.20576 1.01323
2.80786 -0.71556 1.78927
1.03141 0.43259 -0.43613
1.19756 -0.72675 0.47577
0.43623 0.57479 0.09173
-0.73269 0.0078 1.28204
-0.79294 -1.82446 -1.29164
-0.72043 -2.14789 -1.80897
-0.56351 -2.90968 1.17672
1.24226 -1.66978 1.15611
2.50596 -1.46409 0.65743
1.47944 -1.44421 -2.56624
2.64073 -0.32943 -0.88366
0.2096 -0.63216 -1.25131
-1.93201 -1.20232 0.17283
-2.60485 0.19923 0.89747
-2.40748 -0.40962 -0.47088
-4.03637 -0.46399 -2.1301
-2.3507 -0.52254 0.97269
-4.67682 -1.75843 -1.58994
-3.85748 0.25675 -1.81364
-3.39605 1.92306 0.6568
-2.92699 1.95758 -2.02105
-2.02891 3.62551 -2.83559
-2.50653 2.7229 -0.03542
-0.04332 0.83346 0.06128
0.65202 0.94193 -1.27224
1.17694 1.21083 -0.06507
1.11842 -0.48666 0.46451
1.40454 -1.74417 -0.15689
0.79905 -1.77447 0.49889
0.5486 -2.47635 0.60431
-1.88375 -1.10711 -0.18543
-2.30461 -0.66942 -0.43107
-1.92843 -0.84251 -2.38127
-2.32231 0.87512 -0.94354
-1.40449 -0.69965 0.82175
-2.79521 0.92589 1.01338
-1.43303 1.12591 0.09091
-0.98705 -0.03757 -0.01841
-2.26859 0.15714 2.04567
-1.92603 -0.81801 1.27402
0.09741 -0.92733 1.96614
-0.60654 -0.12858 1.16434
-1.32742 0.60921 -0.14654
-2.07057 2.26689 -0.31748
-2.2873 2.57139 -0.57637
-0.94911 2.40773 -1.18562
-0.93064 1.40621 -0.17891
0.1729 2.74169 1.08598
0.16953 1.30773 2.34508
0.48817 -1.56968 0.33547
0.63501 -1.154 0.39072
0.28736 -3.40084 3.27913
-0.69742 -4.02487 2.30214
-0.58605 -1.31531 0.74377
-0.51741 -0.67828 -2.55638
-2.2308 1.33147 -1.69312
-2.33603 2.05596 -1.1358
-0.15293 0.77752 -1.15044
0.30207 -0.11142 0.36923
0.72876 -0.53664 2.0405
0.92072 -0.84359 -0.77099
-0.10525 -0.02889 1.84117
-1.22597 -1.35235 -0.29757
-0.85591 -1.63709 0.21894
0.11657 -1.45935 -0.4087
-0.96332 0.20336 -2.04767
1.70864 1.31419 -0.70563
0.79747 1.98127 -0.54706
0.69914 -0.07906 -0.56936
0.85756 0.18413 0.87335
1.1079 0.33048 0.44782
