3.6373 0.2498 0.34428
4.09185 -0.37735 -0.01829
3.07233 2.48316 2.43867
3.46316 1.49243 -1.14282
0.84491 0.2079 1.01627
-0.72654 1.72676 -0.99889
-0.67594 0.91218 0.12379
-1.4588 -0.63583 -0.13506
0.33623 -0.69163 -1.29879
0.32554 -0.59749 0.56065
-2.08869 -1.09133 0.77518
-1.90756 -0.26373 -0.20167
-2.70195 -0.4012 1.04575
-0.88172 0.5952 0.8231
-0.15181 -2.0166 0.18534
1.63561 0.8031 -0.2215
1.89968 -2.15062 -0.23823
1.58362 -0.23405 0.21907
0.50881 0.60341 -0.43242
0.53479 -0.84544 -0.9306
0.16377 -1.25583 -0.14327
-0.53306 2.15615 -1.81437
-1.07354 -1.49268 0.57192
1.46491 -0.78916 -0.19963
1.72467 -1.35318 0.18747
0.8384 -1.23641 0.81398
1.8814 1.21647 -0.75492
0.5988 -2.09055 0.42783
-0.15599 1.60029 -1.11356
2.54343 0.78926 0.41945
2.15987 0.48888 -0.05677
3.6968 -1.32255 -0.49311
3.77528 0.89543 -1.39172
2.09442 -0.12653 0.48182
2.44998 1.45327 0.24556
3.04618 -0.45417 -0.28909
3.31173 2.04584 0.93255
2.82662 1.32047 0.23651
3.62924 0.15635 -0.38804
3.4908 1.5993 -1.4652
1.17027 0.18034 -0.03859
2.90514 0.51962 -0.28434
2.06829 -1.77844 0.86557
3.42649 0.56749 0.26195
2.54384 1.55395 0.45868
1.50702 -0.04358 -0.17565
2.7247 2.10123 1.07585
2.95078 1.195 -1.34451
2.02329 0.0173 1.15776
2.87497 1.40693 -0.19924
1.38477 0.70821 -0.0767
1.76627 0.98789 0.33327
2.29579 0.19354 0.63266
1.84307 0.87809 0.23689
-0.87051 1.2168 -1.00423
-2.34298 -0.35895 0.27813
-1.53412 -0.63167 0.56456
0.77262 -1.2305 -0.07019
-0.3981 -1.99393 -1.51671
-1.31552 1.11985 -0.27941
-2.79597 1.65279 1.34008
-3.60048 -1.9754 0.21377
-4.19189 -1.09739 0.41644
-1.11013 -2.70681 -0.30141
-1.54386 -1.47898 -0.03649
-1.82343 -1.28071 -0.61505
-1.82398 -2.00957 0.12931
-1.52712 -0.87019 0.58585
-1.5696 0.2185 -0.82351
-1.80304 -1.18053 -0.8132
-2.61442 -0.40156 0.52223
-3.41155 -1.56602 0.16769
-3.14649 -0.7 0.36944
-3.18632 -0.30469 -0.6758
-4.41463 -1.28987 0.3131
-4.26949 -2.33849 1.0176
-3.71539 0.28838 -0.38177
-3.38224 -0.69642 2.13971
-3.21038 -0.51211 -0.01805
-3.74066 0.04264 -1.18175
-4.24794 -0.19784 0.32961
-4.87422 -2.04714 1.43594
-2.56733 0.53463 -1.0043
-3.267 -1.15551 -2.70931
-4.15734 0.55991 -2.02672
-6.34486 -0.66302 -0.3155
-5.45561 -2.24698 -0.03277
-5.73075 -2.97824 -2.5706
-5.84612 -4.07762 -0.48916
-5.45145 -1.05328 -1.59834
-6.325 -3.95075 0.74116
-4.70001 -1.46308 -0.66887
-2.92198 -1.58613 1.03166
-1.9607 -2.87154 -0.10436
-1.46369 -2.55751 -0.8532
-2.87409 0.65775 -0.44568
-4.19382 -0.62229 0.44193
-4.27493 0.24365 -0.92609
-3.28619 -1.6292 -0.17259
-3.15109 -0.35093 0.81032
-2.14016 0.02063 0.03525
-1.54771 0.02495 -0.68475
-0.9716 0.12076 -0.1002
-0.31389 0.02441 0.82644
-0.30373 -1.95938 -1.05031
-0.74618 -1.28054 -0.05384
-0.80688 -0.94547 -0.04939
-0.34951 -1.66785 1.84025
0.79284 -0.11706 -0.21477
1.49104 1.69589 0.83229
2.1121 1.03579 0.3256
1.77011 0.1066 0.95718
1.47829 1.86927 0.40185
1.01423 0.10104 -2.74539
1.57397 1.1786 -1.30246
0.84319 -0.31104 1.53601
1.07058 0.99994 1.36515
0.68407 -1.37048 0.00377
0.76123 0.30198 0.01316
1.6766 0.67319 0.17448
1.9034 1.54531 0.00816
3.07058 0.03824 -2.53569
1.61042 -0.51236 -1.70238
2.84681 2.39214 -0.54818
3.68729 -0.22537 -1.3609
1.65178 2.94323 0.81624
1.62477 1.46856 1.75607
2.62198 0.18543 -0.52333
2.45695 -0.14766 -1.43822
3.61513 1.87916 0.087
3.27206 0.61723 -0.56298
3.87924 -0.83034 1.24083
4.92693 -0.63714 -0.88755
5.30209 0.02194 -0.50624
5.30769 0.66991 -0.03681
6.15389 0.40405 0.2049
7.14147 1.37003 0.76019
7.11091 1.70805 -0.88664
5.10846 1.95836 -0.01938
4.66646 1.63464 -0.77678
2.68899 0.26112 -0.66094
2.03173 1.51297 1.29885
1.74193 1.03966 0.51607
0.56891 -1.06723 0.00681
0.44435 1.29623 -0.52139
0.38548 -1.2319 -0.76966
-0.08967 -0.38031 -0.59639
0.99386 1.64855 0.13066
2.9627 -1.66026 0.44031
2.86411 -1.91843 1.685
3.68012 1.89886 1.92269
3.07463 1.89595 -0.50208
4.10392 2.55576 -0.02588
2.28312 0.60702 -1.27532
2.04213 0.48503 -2.23616
0.5857 0.42101 1.89267
0.04885 -0.44169 0.17415
0.21606 -1.79823 1.05544
1.29259 0.89782 0.7892
2.17367 0.25979 -0.52283
-0.13094 1.08657 -0.2996
-3.10942 -0.78443 0.09887
-2.32519 0.74074 1.02562
-1.88919 -2.08758 1.1955
-4.13541 -0.59117 0.22184
-3.63357 0.64076 0.66746
-1.88154 -1.14429 -0.60332
-3.06071 -0.63111 -1.38052
-3.41956 -0.89786 0.44541
-1.24945 0.35241 0.508
-1.02408 -1.6206 0.07859
-0.60144 -0.71218 -2.0013
-1.39636 -1.18884 0.25938
-0.08951 0.48739 -0.57696
-0.14929 -1.29143 0.38633
-1.0024 -0.39182 -0.42586
-0.53336 -1.13127 -0.11473
-0.13688 0.45684 1.18613
0.7863 0.75247 1.13504
1.63441 0.43629 0.64093
2.18577 2.22086 -1.95633
2.19277 -0.56286 -0.67748
2.76212 -0.177 -0.20683
2.30208 -0.9701 1.28093
2.07676 0.39872 0.88127
1.19635 -0.62819 -0.56842
2.866 0.23965 0.24992
3.16063 1.64993 -0.54129
2.45301 0.30011 -0.25061
2.35275 1.61639 -0.50851
1.43453 2.26319 -0.65077
1.49505 -0.59008 -0.5339
1.86087 1.65455 0.33346
2.14984 0.58015 0.96236
0.93555 -0.09498 -1.52085
0.68631 0.55859 1.9561
-1.2215 0.97283 1.08587
-2.33586 0.45629 0.01683
-1.71109 -0.58667 -0.46081
-1.72428 -1.18231 -1.10945
-4.08717 -0.85026 -0.93339
-4.69829 -1.23833 1.19443
-2.5092 -0.7958 0.87484
-0.8382 -0.95868 0.17001
-0.18348 -0.05016 1.2402
-0.28062 -0.26238 -0.33951
0.08738 -2.19098 1.07021
0.0993 -0.10822 0.25947
1.65851 -1.80728 1.53179
2.74801 -0.15507 -0.06622
2.17271 1.91174 0.17
1.20855 2.08839 0.01519
0.73404 1.0264 0.36605
-0.96144 -0.14734 -1.19447
0.41927 1.91114 -0.37544
0.69998 1.22143 1.20712
1.08337 -1.92662 0.4104
-0.58845 0.46315 0.29731
0.42417 -0.45974 0.63798
0.48712 1.0008 -1.01338
-0.29897 0.57922 0.40338
1.08335 1.10291 -0.51365
1.29681 -2.06195 -0.67731
-1.15911 1.44738 -0.63596
-2.73078 -0.47834 0.60553
-2.13631 -1.55406 -0.7501
-1.83977 -0.61456 -0.9252
-3.81533 -1.23218 1.41466
-3.01064 0.25714 0.95453
-1.90877 -0.45342 1.65547
0.12092 -0.56185 1.36829
-0.93733 0.29167 -1.20904
-1.0369 0.85434 1.0237
1.14094 0.61558 -0.14704
1.28399 -1.93308 0.3087
1.58056 -0.50267 -1.49217
1.67424 -0.02495 0.94716
2.21788 1.00499 0.0459
0.74506 0.52641 1.70756
1.49757 1.49498 0.50202
2.00278 0.8711 0.49486
1.81996 0.08372 -0.59562
3.74555 -0.1598 -0.04216
3.85586 0.28932 0.94485
2.75206 1.00437 1.27636
4.0476 0.08317 2.52544
3.96126 1.46578 0.36997
3.70677 -0.29207 -0.63534
4.02013 3.73234 -1.10886
3.23881 0.42022 2.01068
4.66009 0.92591 0.66233
3.24821 -0.04726 -0.04487
3.06369 2.35927 -0.05733
4.16174 1.4774 1.14537
4.89145 -0.10422 1.56337
3.67223 1.80174 -1.81286
3.58744 3.65516 0.27058
3.79772 2.52322 1.06235
2.97482 2.76848 -0.78881
2.04714 1.80397 0.30417
1.8972 0.29162 -0.2696
0.89745 0.2377 -0.06414
1.91304 4.75032 0.34881
2.19793 -1.07413 0.07044
3.57222 0.44514 0.88678
3.63553 -0.33347 -2.17382
2.24207 1.40327 0.72152
2.52625 -0.39634 0.77223
2.63319 0.55282 -0.10836
2.09821 -0.48438 0.7425
1.59968 0.46642 -0.43552
1.66497 1.7524 -0.79953
0.92979 0.81191 -1.53704
1.00123 0.98204 1.18946
-0.03168 -2.11985 1.52456
0.49436 0.97819 0.64826
-0.8312 0.50008 0.12974
-1.68322 2.12149 0.12403
-1.11755 -0.2012 -1.23442
0.2747 -0.40956 0.91733
0.20668 1.7159 -0.19189
0.1712 0.18506 -0.41638
-0.15247 -0.06672 -1.14727
0.09996 -0.0423 -0.03535
0.50592 -0.63854 1.38836
0.24888 0.03559 -0.59529
-0.06617 0.2317 -0.09853
0.79234 0.0611 1.81202
2.33353 1.45065 -0.3399
0.73881 0.22182 -0.01774
0.15706 1.64544 0.77007
1.57133 -0.37382 0.93379
0.89581 -0.53147 0.29109
1.34683 0.17958 -0.78856
1.09632 0.6 1.45799
2.78615 0.07897 -1.75528
2.70994 -0.82261 -0.44989
2.64039 0.22409 -0.78225
2.8837 0.77152 1.43949
3.66617 1.47337 -0.98444
