0.60316 0.25789 1.33826
2.20375 1.53685 0.8098
0.93613 1.61397 -0.09029
2.72856 -1.55877 2.04802
-0.02087 -1.00186 3.17163
-0.76151 -1.05487 1.91235
-1.90164 -1.14096 1.55504
0.21411 -1.17349 1.32765
2.04132 -0.38088 3.37902
0.20267 0.94009 2.06873
1.012 -1.07689 0.72058
-1.20236 -1.04965 0.58664
-1.88129 -0.23378 -0.66585
-1.25445 0.12919 0.14823
0.66113 2.19619 -1.21895
2.2531 0.88068 -0.63433
-0.88447 1.16995 -0.12744
0.38168 0.44918 0.92019
-0.14219 0.60519 -1.72507
-1.29132 -1.01959 -1.07557
1.52547 -0.8481 0.18
-1.51316 -0.2434 1.94637
-0.30978 -0.06704 2.40964
-0.17162 -1.44808 3.05599
-1.94666 -0.90583 3.80484
1.75412 -0.07534 5.66224
-0.58647 -0.20597 5.97083
2.18491 0.27632 5.3714
0.73973 1.1971 4.66055
1.96615 2.05341 4.59956
2.05194 1.74502 5.07545
1.76811 2.15918 5.75295
4.8154 2.5331 3.66305
1.36837 2.05264 3.42638
-0.46221 3.79469 2.85192
4.47145 3.47097 1.49237
2.25167 3.44923 0.57658
0.99515 2.64669 0.75215
0.89166 2.19461 0.56641
1.30937 1.42593 -0.69324
-0.85696 1.87959 -0.91151
0.88891 0.13601 -0.67632
-0.14481 -1.09455 0.82808
0.56204 -1.27022 1.18959
0.45411 0.08371 0.79914
1.11059 0.00175 1.42611
-0.17527 -1.2858 1.66369
0.07797 -0.59542 3.03059
0.40125 0.0007 2.33718
0.25607 0.4161 2.3285
0.57054 0.04987 1.49302
1.81429 -0.34252 -2.16763
0.56494 0.56874 -2.13808
2.96029 2.01595 -2.23735
1.90429 0.19769 -1.77074
-1.02408 0.12037 -1.63171
0.30821 0.49397 -2.31308
-0.80828 -0.57111 -2.35375
-1.60316 -1.02805 -3.34395
0.4167 -1.12991 -5.02227
-1.14122 -0.26405 -2.69397
-1.292 0.17401 -2.24159
-1.80308 0.31815 -2.23946
-0.44179 -1.21169 -2.73787
-0.36107 -0.43621 -2.88405
-0.29188 -0.33391 -1.11866
-0.90858 -2.29942 -1.50963
-1.25289 -2.86516 -2.38545
-0.45129 -2.51626 -1.62995
-2.00625 -3.10543 -1.53824
-1.0085 -2.74328 -1.83184
-2.08937 -3.27166 -2.2068
-3.15916 -3.94459 -1.84862
-1.88223 -1.85006 -1.20282
-1.67603 -1.98266 0.6603
-0.43072 -1.24601 1.3828
-1.31916 -0.55984 0.20538
-0.51438 -0.44675 0.37751
0.14173 -0.05683 1.27293
-0.97743 -0.17481 2.92361
-0.6299 2.77191 2.41602
3.0031 3.04854 3.13124
0.95249 2.56772 3.00063
1.4471 2.27936 3.22917
3.49429 5.49922 4.49646
0.58324 4.4932 4.53804
2.22932 3.71261 4.37283
1.99531 3.56903 4.26822
2.26246 2.60726 4.07442
2.45446 2.24599 4.93994
1.19808 1.86384 4.7747
1.30852 2.43121 2.63971
2.52919 1.88907 2.98879
3.31129 1.26309 3.55286
2.65839 0.3018 2.42393
1.28485 2.63823 3.94789
3.06737 2.56023 3.68454
3.07862 2.64845 4.92106
1.30255 0.93806 2.79556
2.03923 -0.47807 2.52125
0.2992 2.64959 1.84752
3.96133 4.05844 2.7305
2.80715 5.94304 2.2549
1.42955 4.69493 2.00023
2.0455 4.0617 0.61102
0.89351 0.46714 1.92703
0.94659 0.38338 2.40282
0.21459 0.87253 1.30322
0.91683 -1.28236 3.48582
1.92935 0.15255 0.87212
0.12736 1.4964 0.73531
-0.82175 2.19984 2.86143
1.46238 0.91445 1.88748
0.53049 2.13199 2.44597
1.89096 1.01661 2.68451
0.10566 0.62461 1.92051
0.34 0.37531 3.19023
1.50302 -0.94165 3.90198
1.10933 -1.10083 4.58766
0.106 -0.32701 4.52269
1.2586 -1.43841 2.01791
0.36239 1.0691 2.94391
1.41557 -0.14254 2.71433
0.95588 2.9598 1.01416
0.40026 2.90364 0.437
0.33921 2.26878 0.61201
1.40722 1.59239 0.99869
-0.33693 0.50242 0.84215
-0.29761 0.61809 -0.61842
1.209 0.88891 -0.21425
-0.4281 0.67278 -0.61249
2.35925 -0.386 -1.3065
0.07814 0.62811 0.32542
0.04023 1.04361 -0.12753
2.03733 -0.30162 -2.51393
0.41848 -0.43426 -2.06833
-0.00387 -0.37492 -0.29806
0.23883 -0.61358 -1.29708
-1.60161 0.02401 -0.34571
-1.46233 -2.9846 -0.90905
-2.97622 -0.54748 -2.86399
-0.33479 -0.06708 -3.68427
0.37437 -1.26845 -4.04819
0.48682 0.45374 -3.45126
-2.10283 -0.92142 -5.022
-1.52221 0.04108 -2.70742
-1.24161 -0.31931 -1.61685
-1.6503 -0.01512 -1.11917
-3.51495 -0.51767 -0.7305
-0.59788 -2.54765 -0.47567
0.6683 -3.19188 -0.28115
-1.16841 -1.74344 0.45138
-0.96855 -1.60541 1.94731
0.44743 -0.84363 1.80598
-1.00915 -1.89272 0.04951
0.67005 0.44588 -0.35867
1.15288 1.36314 -0.98626
1.05436 -0.36163 -1.37202
-0.03799 -0.6966 -1.46437
0.28319 -0.12237 -1.85673
-1.86399 -0.03239 -1.73929
0.6689 -0.59574 -1.71839
-0.38201 -2.16048 -1.21084
-1.09934 0.10774 0.22224
-2.07851 -0.94758 0.56044
0.39241 -0.29056 0.98351
0.76314 -2.74971 0.06678
-0.41823 -2.19334 -1.23699
-0.10747 -1.48518 -2.56368
-0.38741 -0.11631 -3.16735
-1.70011 0.11114 -3.50959
-0.30177 0.74562 -3.88211
-0.61304 1.62545 -3.95847
-1.83167 0.58314 -3.49955
-1.5064 0.53869 -3.37191
-1.30378 0.27162 -3.90174
-3.14702 -0.08893 -2.23959
-1.41418 -1.26731 -1.54285
-1.2237 -2.52227 -2.52642
-1.61454 -3.68278 -2.51881
-0.36408 -3.58028 -2.46826
0.8306 -3.66068 -2.69879
-1.07387 -0.63218 -1.51673
-1.45943 -0.73593 -1.94612
-1.38947 -1.4845 -1.81939
-1.61106 -2.95203 -1.94809
-1.05377 -2.02952 -2.68557
-1.30397 -1.43629 -2.79806
-0.22682 -1.99467 -1.71404
1.22662 -0.33996 -0.82054
-0.16025 -2.25375 0.38171
-0.91818 -1.98798 -0.0066
-1.11536 -2.46953 0.95555
-0.80948 -2.10212 0.78825
0.07046 -2.16838 1.65144
0.55738 0.63096 0.72048
-0.93567 0.68702 1.29809
-0.30412 1.14203 0.41092
0.56859 0.68281 -2.74042
-0.28577 2.22115 -3.16039
1.12226 2.13698 -3.74346
0.0873 1.53433 -2.94178
-1.01867 -0.19896 -1.94168
0.22044 0.53262 -2.38401
-1.51952 -0.43798 -1.42859
-1.5115 -1.5466 0.62525
-0.20542 -1.51258 0.50864
1.29105 -1.47661 -1.20082
-0.12423 -0.27093 -1.28739
0.44079 0.89935 0.2999
-0.24935 -1.87835 0.83493
-0.62537 -0.1622 0.89801
0.19699 -1.37498 0.39449
-0.32798 -0.46795 -0.08417
0.05411 -1.35552 0.6221
-0.88546 -0.96482 1.10558
-0.48558 -0.3208 1.59015
-1.68022 -0.93524 0.88248
0.66267 -1.73112 -1.40468
0.34295 -0.62971 0.14074
-0.06047 -0.26471 0.00334
2.5339 -0.60266 0.00545
-0.36553 -0.13461 0.04984
0.17773 -0.35349 -1.1561
-0.22609 0.36366 -2.08753
-0.29509 -0.75269 -1.56243
-0.95095 -2.05666 -2.17868
-0.2372 0.10403 -4.46977
-1.32823 0.74734 -2.87345
-0.34119 1.32489 -2.60915
0.99503 1.86101 -2.32102
-1.18871 -0.77289 -2.61273
-1.42766 -3.09068 -4.28454
-0.89041 -3.67795 -5.21129
-0.77831 -2.71934 -4.93874
0.05512 -2.45197 -3.20828
-1.70153 -1.00018 -2.31429
-0.37267 -2.33544 -2.76683
-1.41613 -1.63665 -2.10965
-2.55885 -2.94723 -1.17608
0.83403 -2.55307 -1.99493
-0.64085 -3.80757 -1.65264
-2.72033 -1.36089 -1.62271
0.15031 -2.40112 -2.16281
-0.91432 -0.63431 -1.51849
0.42403 -0.61514 -1.05823
0.2071 -1.06824 -0.67285
-1.41105 -1.73603 -1.53226
-1.41877 -2.98289 -1.40573
-0.1809 -0.9176 -1.60723
-2.03099 -0.73386 -0.24034
-1.00317 -1.69184 -1.18278
-0.40662 -1.6332 0.38065
-0.8234 -1.9389 -0.57972
0.12256 -3.78527 -1.33516
-0.31752 -2.92798 -0.76752
-0.248 -1.78719 -1.37793
-1.19913 -0.90204 -0.5801
-1.36778 -2.05515 -1.1755
-0.46462 -0.82444 -1.10907
-0.05338 -1.85415 0.25846
-2.42226 -1.56137 -0.04233
-0.73769 -1.68455 -0.97824
-0.37682 -1.82757 -0.0602
-0.59593 -1.37488 -0.33245
-0.29951 0.61993 -0.04921
-1.42469 1.08683 -1.21661
-1.11215 0.80928 -1.54013
0.63437 1.71487 -2.83511
1.20874 2.9372 -1.00668
1.02009 0.2645 -1.04381
-0.10935 -0.40043 -0.14774
-1.40796 -0.04243 1.64614
-0.28891 -1.07383 0.63241
-1.25834 0.37399 -0.50388
-1.30047 -0.59133 -0.35718
-0.11558 -1.55016 -2.51319
-0.04653 -1.6054 -2.74959
-0.82262 -0.01235 -1.44216
0.14476 0.28633 -2.38264
-2.36191 -0.36356 -3.40425
-0.74707 0.64619 -2.44107
-0.60613 0.42102 -1.65814
0.24316 0.55507 -2.8055
0.08845 0.30983 -2.33154
-0.84963 -1.59043 -1.54018
1.15345 -1.53058 -1.59085
1.13446 -1.44426 -2.75094
-0.17677 -2.40508 -3.7819
-2.05579 -3.50763 -3.37251
-1.30006 -2.75125 -2.32428
-1.50674 -1.80175 -2.69068
-1.82233 0.50772 -1.84537
0.64027 -1.04036 -1.85676
-1.80185 -2.17707 -2.21197
-1.04132 -1.93805 -2.8193
1.16263 -1.46299 -1.30845
-1.51521 -1.62093 -2.17941
-0.7532 -0.99587 -0.16373
0.65197 -1.60888 -0.14303
