-0.93981 0.94803 -0.60574
-2.38276 0.92863 -0.13939
-2.01446 -0.20888 -0.85778
-1.96967 1.00082 0.56304
-1.23786 0.77876 -1.88968
-1.9398 0.64166 -0.87781
-0.88111 -1.62891 -0.14823
-0.7435 -1.86525 -1.11009
1.65308 -1.09699 -0.05245
1.68224 -1.59127 1.10259
1.83892 -2.1991 0.54002
1.95293 -1.81944 0.1575
0.42397 -2.17917 -0.29204
-0.14747 -0.89684 1.61583
-0.18372 -0.96691 0.09937
0.93934 1.6349 1.68474
-0.15412 1.00394 -0.00281
1.12091 0.77656 -2.01874
0.62001 1.15134 -1.8003
0.71022 -0.55736 -0.70469
1.91956 -1.66393 1.36924
2.59916 -0.97306 -0.08343
1.19668 -2.55511 2.37762
0.84421 -1.57262 0.12764
-0.5648 -0.97821 -0.98112
0.66133 -1.32625 0.47519
-0.53461 0.04615 0.8284
0.47688 -0.37147 0.28303
-0.15591 -0.61989 1.95425
0.38321 -1.9282 -0.12978
0.29921 -0.39442 -1.24379
-0.34749 -2.09717 1.18903
-0.972 -2.15747 0.80831
0.07813 -1.81499 0.02637
-0.91578 -0.89191 -0.61018
-1.15708 1.14882 -0.46931
-0.70347 1.58121 0.83841
-0.55395 2.94532 0.4325
0.09668 0.5492 -0.38395
-0.95709 -0.29335 -0.65735
-1.10151 0.13616 0.66606
-0.58559 -0.64243 -0.58647
0.29538 -0.2295 -1.13158
0.33228 -1.74109 -0.8986
1.61577 -1.01932 -0.66805
0.44329 -1.10519 0.35293
-0.09076 -0.62284 -0.40048
2.43701 0.27728 -1.02102
-0.60589 2.89188 0.70867
-0.19247 2.71839 0.57523
0.02629 1.39145 0.66785
1.89245 0.99914 -0.94729
1.77209 0.87343 1.12123
-0.09797 1.34972 0.93546
1.01032 -1.13227 -0.85646
0.96774 0.62833 0.11686
0.40388 1.66444 1.12454
-0.53688 2.80233 -1.19792
-1.19157 3.61167 -0.05028
-1.0879 0.88629 1.11242
-1.09488 0.92831 -0.65758
-0.30856 2.17646 0.20956
-0.13652 2.44925 0.43984
0.2585 -0.07596 -1.43782
1.55899 0.94864 0.41786
0.80029 -0.44681 -1.97733
1.79771 -1.25025 -1.54172
1.8666 -1.47346 -0.79195
0.21094 -0.04182 0.54367
0.76924 -0.0185 -1.59616
0.8031 1.14442 -1.07754
2.51236 -0.21728 0.75206
3.05213 -0.47541 -0.28155
2.88958 -0.07571 0.09812
2.04668 0.0464 0.79303
1.45613 1.29565 -0.3456
2.18202 0.92502 -0.73525
0.57201 0.70436 0.89942
-0.343 0.07313 0.07137
0.29689 0.69551 0.34881
0.8031 -0.45261 1.94386
0.70813 0.03299 1.66487
-0.80934 1.37789 0.51036
0.14906 1.04341 -1.60558
0.38104 0.21423 0.03128
-0.74546 0.0887 -1.02465
-0.74343 1.48068 0.64654
-0.03643 -0.06897 2.07445
-0.35499 -2.52589 -0.31234
-0.31231 -0.6829 0.66721
-0.4951 0.09972 0.29407
1.31734 0.2285 -0.67478
0.94496 1.0328 -1.98806
1.33733 -0.15855 0.63111
1.26622 -0.56732 -0.89373
0.52991 0.68896 -0.44171
0.73817 1.87816 0.73024
2.34173 0.37739 -0.97054
0.74184 0.89602 -0.52578
-0.47984 -0.03602 -0.02556
-0.74319 -0.06099 0.27221
0.95662 1.03036 0.28607
2.22747 0.62969 0.19439
1.27296 -0.27518 -1.49058
0.72517 0.05572 0.99504
1.67871 1.85635 -1.40533
0.85244 3.1714 1.80293
1.67003 2.02319 -0.61425
1.8855 3.44213 -0.0935
-0.74227 3.63735 -0.05511
-0.60124 5.14591 0.70976
-0.26439 1.75764 -0.35164
0.34593 2.60238 -0.38751
-0.01357 2.13192 1.23865
-0.40584 1.9141 0.72906
0.57112 1.79415 0.15991
1.19464 -0.40435 -2.39113
1.80222 -1.76964 -0.87102
2.90316 -0.18037 -1.21308
1.34077 -0.33101 0.66098
0.41726 0.25879 0.98837
-0.37246 0.08863 0.40936
1.1423 -0.082 0.78714
0.762 -0.31543 -0.06518
0.57592 0.90256 0.73897
0.17814 0.39774 -0.24708
-0.35863 0.08679 0.07935
1.68958 1.49086 -0.00861
-0.31563 1.85933 -0.13352
-0.18939 1.76653 1.58099
-2.01487 1.00624 -0.16528
-0.97073 2.03846 1.67679
-0.43408 1.61211 -0.4485
-1.64634 -0.25523 0.74596
-0.95335 0.74615 -0.99802
-1.24119 1.13134 -0.22241
-0.65636 1.26297 -0.08831
-0.51125 0.22819 0.05092
-0.06893 -1.00765 0.60857
0.39282 0.55326 -1.05238
0.77095 -0.70368 -0.42541
0.9673 -0.51094 0.29673
-0.44656 -0.00652 -0.10885
0.51152 -0.34682 0.31552
-0.87191 -2.02491 -0.91473
-1.69173 -1.90326 1.62119
-1.13146 -3.17401 1.09689
-0.6901 -2.56795 -0.82194
-2.66063 -2.91478 -1.52305
-2.05731 -3.27383 0.05176
-4.06074 -3.61208 0.16723
-3.77341 -3.51369 -1.34445
-1.64509 -1.81428 -2.1161
-1.70929 -0.02708 -0.03239
-3.37484 -0.78395 0.24623
-2.67282 -2.20361 -2.12417
-1.48812 -2.16414 -1.97097
-0.92661 -1.74851 0.71797
0.00193 -3.4809 0.98141
-0.13164 -2.42184 0.14777
-0.01735 -2.55674 -0.82514
1.03495 -3.78659 -1.9808
1.89606 -1.88465 -1.10585
1.50137 0.12413 -1.97858
1.81385 0.31491 0.43705
2.61313 0.17258 -2.12479
2.50945 2.18769 -1.93634
3.46569 2.33913 0.11665
2.71598 1.53301 0.25539
1.84061 1.29513 0.16175
-0.27789 1.91779 0.8892
2.87691 2.47167 1.32291
1.87084 2.919 1.89057
1.39794 3.16576 1.40102
0.07235 4.03883 2.69966
0.0768 3.28318 0.70959
0.70724 3.85174 0.21273
0.87117 2.54988 0.85631
-0.15068 2.59457 0.11328
1.66211 1.23254 -2.00181
2.50423 -1.16276 0.36708
1.8181 -2.60752 0.46196
2.3968 -1.24598 0.60347
-0.41123 0.34465 -0.86639
1.13765 -0.48157 0.35905
0.97938 -0.34674 2.00314
1.76617 -1.43696 1.22748
0.659 -0.1944 -0.38903
1.76518 0.42803 0.72462
3.34428 1.26488 -0.65719
2.56027 0.691 1.81894
0.81204 0.62719 3.16274
0.22639 0.1591 0.11136
-1.09664 2.35672 2.54538
-0.73341 2.35572 -1.39372
-1.12023 0.90398 -0.69937
-2.4197 -0.50941 0.12387
-0.53468 -0.02535 -0.33388
0.8724 0.39388 -0.07856
-0.08152 -0.09633 -0.27201
-0.01053 -1.5691 0.49824
0.72829 -1.13746 -1.45888
0.55191 2.35774 -1.47884
0.27054 2.46292 1.06019
0.22127 0.62743 1.10716
1.59569 0.4634 -0.02313
2.26267 -0.59392 -0.3355
-1.05237 0.09071 1.55195
1.16343 -0.14731 1.11696
2.05877 0.77279 1.42796
1.11176 1.77314 -1.32177
-1.52468 1.27879 0.68719
-0.64851 -0.59175 -1.57773
-0.05086 0.08762 -1.01225
-0.32822 -0.38097 0.40265
0.94492 -0.25922 2.12204
1.93465 -0.56656 -0.7385
0.40018 -0.9016 0.04961
0.31871 -0.03756 -0.70018
0.89535 -0.46424 -0.24066
2.30434 -0.76301 -0.23393
-0.19904 -2.42526 -0.13161
0.14428 -1.18689 0.83557
0.07343 0.01982 0.08971
-0.38906 0.20433 0.1216
1.94591 1.03888 -0.48978
-0.29044 -1.74033 1.12835
1.36964 0.75055 -0.16468
1.9005 1.75691 -0.02649
1.51575 2.12459 0.70269
1.64657 1.83491 1.31567
-0.29857 0.92593 -1.48392
0.16638 1.85083 -0.40376
0.40378 2.66554 0.99771
-0.73386 0.68187 0.95605
0.02874 2.13556 0.52392
1.39268 0.21501 -1.9138
0.68062 1.21745 0.10612
-0.51727 -1.03841 -0.04142
-0.43269 0.21331 0.22291
1.51783 -2.01933 -0.69188
2.01896 1.37831 -0.16934
0.15258 2.09956 0.98249
-0.35897 0.54306 -0.91865
-0.19105 0.52788 0.84476
-0.45973 1.68957 1.10591
-0.53532 -0.45272 -0.84641
-2.05784 -0.15899 -1.39323
-3.6111 0.43727 -1.3085
-2.93411 -0.5424 -2.86798
-0.69539 -1.34554 0.25064
-0.13145 -0.91043 0.45974
0.08486 -0.51296 -1.60217
0.89365 -0.62397 -2.188
1.33848 -2.54935 0.6198
0.63278 -4.00548 1.03983
-1.30322 -6.0762 0.24885
0.28741 -3.07226 0.34173
1.26302 -2.17079 0.52658
1.12492 -1.39349 0.27016
0.62966 -0.28777 0.03036
-0.32231 -1.47784 -2.17568
-1.44058 -1.69619 -0.23492
-2.0922 -0.32013 1.12876
-2.54642 0.89454 -1.0667
-0.49065 -1.52546 -0.4411
-0.58258 -1.90855 -0.53767
0.16014 -1.76136 0.60794
0.12618 -0.65993 1.10093
1.94745 -1.532 -0.5907
1.05576 0.16552 0.27975
1.88992 1.68414 -0.62575
1.69621 0.14577 0.10503
-0.0587 -0.39367 0.2461
-3.10051 1.28594 1.69935
-0.40224 0.96863 0.07619
-0.3358 2.66634 1.69192
-0.64264 2.13234 0.04577
-0.89544 1.86582 0.01595
-0.79469 0.52242 -0.49118
-0.93145 -2.0438 -2.41769
0.03527 -0.82564 0.62507
1.35652 -2.36765 -2.57013
0.21136 -1.8264 1.33178
-0.11688 -2.71751 -1.20183
0.34716 -0.11792 -0.49591
-0.67932 0.2021 0.54926
-0.11558 0.37693 0.17195
-0.90004 0.34629 -0.29274
-0.58396 -0.50649 -1.33389
-0.4554 -0.89866 0.45132
0.40917 -2.0865 0.39105
-0.59429 -2.46739 0.18383
-0.40756 -1.95097 -1.56163
0.14009 -1.1959 0.25339
-0.69573 -0.86814 -2.09091
-1.34735 -0.65674 1.5821
-0.42017 -1.00918 -0.21063
0.01622 -1.36977 0.62024
1.0872 1.28286 0.81272
