2.2243 0.12678 -1.51957
0.47611 0.37149 0.36751
-1.14839 -0.46779 0.33096
-1.59557 -1.28875 -1.0579
-0.90028 -1.31434 -0.92886
-1.63426 -1.16401 0.82023
-1.41349 0.0253 0.86501
-1.7158 -1.19364 0.99737
-1.60275 -0.85947 -0.41569
-1.86844 -1.77454 0.11658
-1.38425 -0.46985 0.49561
-1.56022 0.69044 1.41571
-1.72431 -0.50241 0.0794
0.09957 -0.12055 0.30917
0.32895 -2.77313 -0.52346
2.17398 -1.46891 0.22009
0.24263 0.18961 -0.22089
-0.72007 0.84295 -0.1501
0.08542 0.82677 -0.06426
0.62521 -0.38549 0.53745
-1.30201 -0.22404 0.56739
-0.09051 -0.20821 0.8313
0.4288 0.12839 1.01073
1.211 -0.15509 0.2865
1.23048 1.68905 -0.0346
0.76874 0.6249 0.32367
0.3981 -0.84496 0.11558
-0.11957 -1.51863 1.03863
-0.21154 -1.68972 -0.04523
0.28437 -0.75624 1.31525
-0.13466 0.38891 -0.03094
-0.86286 0.57837 0.40514
0.16543 -0.88267 0.98192
0.03206 -1.15785 -0.44419
1.24702 -1.18956 -0.57654
1.11029 0.15006 0.75507
-2.01092 0.03382 -0.08262
-1.6005 0.81821 -0.4265
-0.79493 -0.07681 0.12649
-0.63353 0.76847 -0.46548
-0.02163 0.14323 -0.74064
-1.71858 1.22935 1.07998
-1.8874 0.33479 -0.01671
-1.67349 1.57736 -0.85001
-0.25044 0.93113 -0.66523
-0.49586 -1.80746 -1.03155
-0.60377 -1.49464 -1.07624
-0.56602 -1.14136 0.86078
-0.36055 -0.46554 0.73148
-0.23616 -1.35194 -1.27575
0.59989 -0.73668 -0.65006
-0.54213 -0.35796 0.47774
-0.9591 -0.85998 0.94513
-0.72082 -0.04143 -0.9706
0.04933 -2.0073 -0.47843
-1.84778 -1.46841 -0.36493
0.74243 -0.37005 -1.99918
-0.06904 1.18792 0.44638
0.296 0.19467 -0.85179
0.02984 0.74435 -0.1172
-1.4019 0.94879 -0.78417
-1.01679 -0.50463 -0.60345
-2.41909 -0.25283 -1.30464
-1.26048 0.28719 0.93242
-1.82196 3.05742 -0.77053
-1.11064 1.68495 0.79447
-0.28441 0.67596 0.49682
-0.41488 -0.67339 0.78185
0.40746 -1.70767 -0.72656
-1.63358 -2.03759 -1.24001
-1.31864 -1.38449 1.29119
-0.91169 -0.84855 -0.32027
-1.24968 0.65505 -0.13113
-1.17596 1.84148 0.35894
-1.06903 0.63946 -0.18543
0.69776 0.70183 0.90775
1.73578 0.83114 0.41021
1.48162 1.58243 -0.00335
0.14016 0.59832 -1.15281
1.67622 1.10394 1.3261
2.1965 1.54363 1.32318
2.10939 2.81927 0.13438
3.16741 1.91288 0.49999
2.12132 0.92646 0.84859
2.36849 1.0565 -1.48273
2.36686 0.00741 -1.74515
-0.34686 0.00163 -1.82401
-0.51946 -0.57622 -0.72685
0.51306 -0.4524 -1.21012
-0.34223 -0.21585 -1.81915
-1.03097 0.40597 -0.81255
0.26733 0.0471 -1.38938
-0.22196 0.83491 -1.99797
0.52623 -0.43315 0.07259
-1.00564 1.1219 -0.8946
-0.84121 0.69452 -1.16379
0.73048 1.05818 -0.53525
0.39865 -0.46485 -0.10685
1.49064 0.53582 -0.07603
1.12477 0.65641 -0.58523
2.84922 0.816 -1.02329
1.5579 -2.17982 0.31988
1.5044 -1.37226 -0.91963
-0.01197 -0.93303 -0.6769
-0.39025 -1.87773 0.26578
-2.71921 -3.48146 1.66831
-2.0069 -1.41323 0.68063
-2.93302 0.36556 -1.04458
-1.75387 -0.78866 -1.39708
-1.67919 0.61677 -1.57598
-0.61139 1.40615 -0.35731
-2.99595 1.58299 -0.38912
-1.00644 0.64441 -1.92823
-0.34847 0.63057 0.32993
-0.67555 0.87169 -0.02645
1.54509 1.01799 0.42484
1.98212 3.36414 0.32045
3.06999 2.58319 -0.91202
2.53247 1.88084 1.21745
1.88053 1.73816 0.80819
-0.1642 1.33335 -0.23188
1.91867 0.28584 1.0339
1.96114 -2.75541 -0.33452
0.46719 -1.79226 -1.48094
-1.52957 -1.27495 -0.48366
-1.84642 -1.36697 -1.20095
0.10638 -1.02744 0.18594
-2.34063 -1.86729 -1.03257
-1.84248 -0.68293 -0.3473
0.66213 -0.45719 -1.0671
-0.07425 -2.31544 -0.06227
-1.41095 -1.84162 2.31117
-2.21652 -4.06485 1.12725
-0.86778 -5.28591 0.75936
-0.81548 -3.53131 0.72596
-2.50911 -2.22415 -0.3215
-1.54202 -1.91366 1.09395
-0.05514 -1.3052 1.49672
1.36035 -1.49866 -0.23796
0.7899 -0.25269 -0.66937
-0.11471 1.48786 0.96933
-1.33306 1.58133 -0.06353
0.11829 4.5591 -0.86873
0.81879 3.04476 -1.08263
1.84975 1.5745 -0.70943
0.59448 1.4317 0.23998
2.15609 0.29654 0.61817
0.05413 1.19336 0.17683
1.14605 0.71971 -0.01576
1.43043 -0.85722 -0.43646
2.05667 -1.77859 2.23304
1.63691 -1.95682 0.27784
-0.40422 -2.14924 0.23669
-1.70702 -0.25833 -1.49545
-2.61882 -1.44664 0.61093
-0.11685 1.0422 2.78346
-1.42866 1.13783 0.17697
-1.48443 2.45588 -0.25816
-1.45228 0.48593 -0.62918
0.57855 1.60563 1.74892
0.82862 2.35417 0.2269
2.17449 1.95458 -0.84634
1.93152 0.81109 0.68932
0.66223 2.08505 -0.63937
2.25543 0.78522 2.23402
1.15331 1.25586 0.64399
1.73684 1.43105 0.83668
2.0703 2.33721 2.41402
2.14893 2.01035 0.86112
1.81927 2.69037 0.14556
2.33486 3.30912 2.07797
2.93115 3.52986 1.56479
2.42212 2.24099 -0.54977
-0.08174 3.14729 -0.00518
1.24762 3.13652 -0.32424
2.29654 3.69234 -1.03682
-0.49001 1.73631 0.08378
-1.26202 2.37018 0.65665
-0.19042 1.73744 0.59384
0.79308 1.19315 -0.46123
2.5271 2.52341 -0.57342
1.47698 3.25257 1.17518
1.95588 2.55561 0.22361
2.39669 2.16023 -2.16546
3.95662 1.41552 0.77196
2.57257 0.71352 -0.0869
3.16079 1.24436 -0.19555
2.87591 0.77547 0.88809
0.13171 -0.01877 -0.20468
-0.05434 0.79681 -0.44952
-0.88614 0.30379 1.29301
-1.86302 -2.47049 -0.55041
-0.66511 -3.22369 -0.30077
-1.87809 -3.17505 0.04732
-2.56566 -0.72922 0.0389
-1.70125 -1.62847 0.25242
-2.27626 -1.13233 -1.98419
-0.63318 -2.61998 1.03337
0.74727 -2.45253 0.41851
3.12975 -1.26754 0.80698
1.96545 -0.71098 -0.43094
1.46891 0.96355 -0.28431
0.97967 0.58627 0.55076
-0.92987 0.65501 -1.00746
-1.67366 0.09334 -1.66899
-0.10143 -1.72353 0.03046
-3.67552 -0.75122 -1.1612
-2.89165 1.22895 -0.9506
-2.16077 1.13007 -0.87285
-0.72017 1.21196 -0.78547
0.51895 2.7169 1.02574
0.46486 -0.02797 -0.01912
0.00304 0.19284 0.48309
-2.19302 -1.08917 -2.03907
-1.09841 0.11325 -1.19389
-1.29186 -1.32677 -0.91339
-2.01976 -0.63593 0.35005
-2.60892 -0.31181 -0.66263
-1.1034 0.23676 -1.26986
-0.56289 -0.23189 -0.7043
-2.84689 -0.9284 -0.46609
-1.3449 0.02085 -1.94507
-0.93133 0.66013 -1.26509
-1.11759 0.9239 -0.96954
0.47544 0.28832 -0.41753
0.93717 0.96067 0.91284
0.36718 2.64698 0.46877
-0.11431 1.43631 -0.08528
0.62516 -0.48329 0.28385
-0.67467 -0.1626 -0.45754
-0.79419 0.12805 -1.23163
-2.08438 3.0953 -1.09724
-1.32328 3.29342 0.5268
0.64144 4.5386 2.03592
2.04412 3.43185 2.50748
2.63688 3.05138 0.82477
2.97813 4.13578 0.31311
1.17007 4.16822 0.57763
0.40204 3.86979 0.08178
0.84204 3.11928 -1.11282
1.47762 2.32342 0.44075
2.45599 1.28144 1.05904
1.42773 0.70606 -1.86708
-0.33354 2.95993 -1.75547
1.62439 2.90486 0.85315
0.94137 4.13602 -0.54673
1.97941 3.74142 0.26697
2.36191 3.08124 0.02928
2.60595 2.11822 -0.52378
3.25973 2.54966 1.82686
1.90439 2.52726 1.726
1.72081 -0.39084 1.17176
1.74776 -1.00826 -0.72758
1.41258 -0.73437 1.81227
0.99019 0.40543 1.88038
0.62837 1.02796 0.94769
2.75467 -0.21544 0.75311
1.69936 -1.00229 -0.42764
0.79694 -1.26015 0.6941
-0.35599 -0.31581 0.18896
-1.89666 -1.1157 -1.37251
-1.54474 -0.55112 -0.10477
-1.57906 0.1666 -2.12631
-1.59009 0.80643 1.26037
-1.06939 1.09212 0.0895
-0.57942 0.77198 1.28356
1.36731 3.49216 0.19186
1.26992 4.68695 1.86862
-0.34449 2.99852 -1.11976
2.9857 1.4449 -1.52431
2.68541 1.54204 -1.05769
0.1959 0.95964 0.64711
0.53075 2.03305 -0.8986
0.3251 1.99911 -0.45015
-0.3787 2.33795 -0.21606
0.12111 1.35406 -0.27513
1.6281 2.05586 -0.38041
2.50605 1.16956 -0.52434
-0.38578 -0.59966 -1.29642
-1.30711 -0.47217 -1.11435
-0.91743 -2.43504 1.33611
1.15572 -1.96628 0.44688
-0.68044 -1.7003 0.5142
-1.20374 -0.2259 -0.10145
-0.99815 -1.72004 0.1492
0.53721 -1.34123 -0.53155
-0.02912 -1.78184 -0.96317
-1.66935 -2.88476 -0.51978
-0.38456 -1.34695 0.55164
-2.10296 -1.82562 -0.54763
-2.37495 0.53638 -0.21836
-2.04146 1.60785 0.2129
-2.6116 1.04641 0.4096
-1.94933 0.01222 -0.03926
-0.87349 -0.36812 0.83673
-1.26225 0.682 -0.80412
-0.16243 -0.44442 0.28563
0.75033 1.356 0.35333
-0.59984 0.24666 0.64225
1.03437 -0.43809 -0.62003
