-1.09234 -2.58496 -1.33643
-0.32919 -3.12061 -0.33798
-1.04637 -1.81837 -0.70551
-2.35543 -1.3858 -1.90893
-0.42602 1.75826 -0.56401
0.64047 1.31092 -0.6831
1.38938 2.37036 1.32565
0.91545 3.24554 1.85451
1.68364 2.92963 -0.10018
-0.50903 2.85629 0.34121
0.40817 3.81983 1.49556
2.32212 3.46768 -0.11331
1.34973 4.40296 0.02732
0.03526 4.27158 2.01375
-0.20823 4.8531 -0.80775
1.20125 2.31825 1.99937
0.59663 2.2203 2.10407
2.02742 0.72416 0.66973
1.26259 0.49555 -0.17476
-0.46944 -0.44182 -1.98065
0.11401 -0.11692 0.03304
-0.92134 1.07614 -1.06897
1.4767 0.28164 -0.25379
2.47499 -1.016 1.67894
-1.39291 0.24851 -3.23137
-2.58713 0.42703 -0.96757
-1.32571 0.24486 -0.10754
-0.27556 2.04316 0.22172
1.04882 1.32475 -0.22243
-1.06081 1.49918 1.4642
1.33599 1.67635 1.14054
-0.62436 2.95449 -0.80027
-0.12761 2.58842 0.84373
0.88085 1.15203 2.21657
1.92443 1.34608 2.73623
1.33528 0.12111 0.90254
0.95982 -0.01016 0.21787
-0.14804 1.54677 -2.1875
-2.32505 1.78671 -0.29366
-3.76419 1.03505 0.17598
-0.53534 -0.10968 -0.65909
-2.14054 -1.87048 -0.80645
-1.74347 -1.42487 2.71019
-0.31422 -3.05322 -0.14058
-0.18577 -4.08944 -1.91105
-0.13931 -3.63383 -0.09894
-0.56915 -2.82215 -0.34702
-1.39362 -2.00374 -0.20244
-0.93394 -0.95767 1.17068
-0.26364 -1.30705 -0.73183
-0.19476 -1.08054 -0.27683
-1.48864 -1.50028 -0.53773
-2.28167 -0.59076 -0.26086
0.5698 1.0875 -1.55845
-0.24997 1.07947 -0.30991
1.44431 2.45961 0.35568
0.88111 0.79837 1.55838
1.16095 1.29581 1.34747
2.29738 0.69478 0.72465
3.15148 0.08564 0.12652
2.0118 1.3941 0.49499
-1.43318 2.69581 -1.31743
-0.07661 4.77764 0.22113
-1.42413 3.62118 -0.25018
-2.35325 1.11473 0.15187
1.96638 -0.65903 1.79056
-0.52581 -1.66753 1.99616
1.34516 -2.33716 1.03512
1.57153 -2.71574 -0.12482
-0.1224 -2.79231 -2.30277
-0.0923 -1.74736 0.17275
1.08205 -1.07938 0.69262
-1.72985 -1.78535 1.06532
0.99969 -0.57627 -0.96934
0.64091 -2.39276 1.47713
1.28524 -3.8877 0.74146
-1.73643 0.48373 0.19016
-0.26464 1.79283 -0.89348
0.53329 0.1938 0.83041
0.07266 0.2054 1.03414
0.43948 -0.35451 -0.68755
-0.59518 0.17578 -1.36804
-1.66784 0.61282 0.26983
-1.48416 -1.75375 0.51323
-1.37446 -2.83763 -0.45864
-1.46116 -2.63039 0.2338
-1.28123 -2.88256 0.16536
1.16223 0.14916 -0.8435
1.12841 -0.88884 -1.55784
-0.45993 -1.20683 1.49058
-0.72473 -0.56667 -1.45119
-1.06217 -0.99511 -0.38391
0.1314 -0.78209 0.99153
0.26855 -0.73341 -1.05213
0.60839 0.75874 0.96473
0.9587 0.60313 -1.29518
0.50447 1.35151 -0.34396
-1.17118 1.06371 0.51333
-0.34257 2.60444 0.17694
-0.24334 0.2675 -1.17855
0.15323 0.69562 1.42853
-0.51423 1.58893 -0.15525
-1.31312 1.04409 1.21333
-0.78224 1.73824 0.05971
-0.34105 0.2558 0.86316
1.33313 0.09924 0.57901
0.13336 0.4128 -1.00369
-2.37329 0.23821 -0.09687
1.74053 0.0964 -0.27556
-0.26491 -1.76738 -0.93886
-1.81016 -1.2291 -0.17769
-0.2035 0.10654 1.11881
-0.5852 0.30234 -0.74255
1.03165 -0.65138 -1.58783
-0.25341 -2.12621 -0.87568
-3.01996 -1.7264 -0.48143
-0.71974 -3.68584 -0.00614
-1.21425 -4.30423 -1.20015
-0.57554 -4.0725 -1.65333
0.15185 -4.44643 -1.8275
-1.44524 -3.44271 -1.90589
-2.46242 -2.28779 -1.0723
0.03872 -2.61088 -0.42224
-0.48044 -3.13023 -2.07698
-1.04322 -2.76157 0.44554
1.10777 -2.59409 -2.75431
-0.65794 -0.49184 -1.71107
-0.20963 0.56435 -1.42814
-0.41955 1.72269 -0.59444
1.2321 0.45537 -0.48251
-0.55524 1.06797 -0.17457
-0.02997 1.00298 0.69735
-0.46925 1.59818 -0.3727
0.24978 1.98362 0.1847
1.64839 1.94313 0.76679
1.5084 2.18456 -0.95833
0.9336 2.33668 1.47875
1.26006 2.05052 1.83057
1.05347 3.0368 0.05094
1.04267 2.50274 0.49616
-0.53678 3.56084 0.48192
-0.80777 0.74306 0.61767
2.57703 0.80844 0.77537
0.11535 0.83571 -0.18553
-0.94576 2.68182 0.87161
0.014 1.29703 -1.42727
-0.59068 0.30903 0.96395
0.14031 0.12522 1.63666
1.39095 -2.00334 -0.24004
0.36908 -1.5249 0.54448
-0.74775 -2.55472 -1.07811
0.25618 -2.21285 -2.29499
-0.89065 -0.4375 0.83279
2.21575 0.5066 -0.57576
-1.51995 -0.75483 -1.27314
0.87366 -1.36608 0.20819
1.33235 -1.83874 0.08619
0.12271 -0.32406 -0.93045
-0.55399 0.57153 -0.43826
-0.60275 1.17854 0.69995
1.11043 2.32746 -2.55708
-1.0787 2.53184 1.50365
1.91605 3.38968 0.27584
-0.09659 1.90042 0.32794
1.6791 1.53033 -0.94064
-0.21354 1.95645 1.01178
0.03831 1.89544 1.86637
-0.36016 3.56696 0.56903
1.07436 3.82711 1.17039
0.96021 3.85904 -0.47185
-1.05387 4.29956 1.06096
-2.39659 4.31226 0.71306
-0.61428 5.62511 0.67055
-2.82993 2.6743 1.10254
0.18611 3.35533 2.30027
-0.79941 1.85025 2.00783
0.84385 1.44129 0.70877
0.33604 2.40696 -1.28147
0.03708 2.74645 -0.75906
-0.55277 2.5948 -0.39693
-0.2386 1.33514 0.65849
0.27523 2.48406 -0.80925
-1.28167 3.37604 1.41828
-0.79452 3.49583 1.52476
1.29688 1.78036 1.33351
2.31159 2.65334 1.43561
0.09267 3.83552 -1.17237
-1.97366 4.33167 0.38049
-1.87261 3.70198 1.01304
0.6871 1.71141 2.00795
-0.47699 1.13909 -0.14309
1.04945 1.28764 1.47126
1.05075 0.55093 1.08169
0.68936 -0.1005 1.94265
1.60649 0.74038 -2.04306
0.10604 1.24691 0.8045
1.60823 2.05178 -0.59225
-0.45992 0.48472 -0.18541
-0.43364 1.96964 1.01358
-1.04703 -0.30485 0.48834
-0.46805 -0.61977 0.91905
0.7644 -1.22706 -0.90575
0.49492 -0.34709 -0.68762
1.3318 0.94857 -0.28834
0.05169 0.89123 -1.7144
-0.11877 0.75381 2.44229
1.20046 1.24588 0.38394
0.98209 1.46485 0.06921
0.13539 2.84324 -0.70136
-0.66495 2.00675 0.81299
0.48986 0.9018 -0.00476
0.2798 -0.3625 0.60666
-0.13831 -0.23661 0.03744
-1.27558 1.01321 -1.04117
0.47644 -0.2075 -0.48686
0.98968 -0.99279 1.46079
0.56517 -0.21079 0.93375
-1.30899 -0.70444 0.49943
-0.38306 0.23504 0.63418
-0.81128 -0.1196 -1.65448
-0.54869 -2.09562 1.69953
-0.46472 -2.39598 -0.89291
0.59071 0.1852 -0.98073
0.225 -0.51229 0.29662
-0.38187 0.00763 -0.02325
-0.6039 0.5412 0.11127
-0.01718 -1.67796 -1.16378
-1.36168 -1.4331 -0.38079
1.23374 -0.25177 -0.96912
-1.48877 -0.86764 -1.86342
-0.01056 -1.75209 1.32123
3.64164 -2.56249 -1.71284
1.0472 -3.16644 -1.50443
-0.65594 0.36029 -1.06504
-1.11226 1.16132 -1.98446
0.59951 1.2744 1.67412
0.30388 1.2707 -1.19909
0.66012 1.72705 -1.16107
0.57588 -0.35606 0.09437
-0.04449 0.71404 -0.31536
-0.11264 0.19604 0.56559
0.60123 0.28988 -1.0145
0.83741 1.90196 -1.21258
-0.96811 1.82081 -1.95245
-0.65125 2.61514 0.41097
-1.16074 0.52573 0.04135
-0.91025 -0.93162 0.43568
-0.99819 -0.88499 0.21879
-0.34787 -0.12168 -1.00147
1.15952 -2.26146 -1.66265
0.78154 -0.33249 -1.00697
0.84111 0.78522 -1.00796
0.97015 3.32627 0.17507
0.99935 4.50827 1.02613
2.10868 5.83717 0.91865
1.14526 4.74949 3.34404
1.28611 5.47505 2.92144
-0.69214 4.15457 -1.26289
-0.6294 1.61277 1.10885
-0.80561 1.71045 1.22189
0.01362 1.67925 1.19415
0.19088 0.10175 -0.57384
-1.11486 0.95754 0.25247
-0.97059 0.12173 0.44577
0.4643 -1.31146 0.04111
-0.90208 -2.35624 -0.14546
-2.96832 -1.80821 1.96505
0.37087 -1.13591 -0.94813
0.531 -2.06273 -0.98767
-1.63485 -2.61186 -0.49937
-1.24282 -0.03007 0.30344
-0.03017 1.08935 -1.36798
-0.66118 1.33334 0.68117
0.11368 0.20696 1.23815
-0.34831 0.81358 0.40964
2.89011 1.50141 1.08168
3.13648 2.29479 1.47196
2.13208 2.59509 1.17615
0.36309 4.08779 0.97117
0.7166 3.50885 -2.26951
-0.84145 4.50411 0.61489
-0.06798 5.51933 0.80393
-0.22912 2.44185 -0.54301
2.07616 0.49569 0.92446
0.04725 -0.31974 0.93101
-1.15215 0.32156 -0.68448
-2.59899 1.14313 -2.55272
-0.77356 -1.76187 -0.3236
-1.046 -1.54841 0.82923
-2.81763 -1.28353 0.12252
-1.25663 -0.74622 -0.32462
0.97476 -3.6638 -1.72583
-1.75278 -3.6817 0.53822
-2.98699 -3.43245 -0.6677
-1.23607 -4.01474 -0.32207
0.28932 -2.76652 -0.84776
-0.9196 -3.78641 -1.53788
-1.58627 -1.27561 -1.40767
-0.82316 -1.68208 -0.57558
-0.49025 -0.48483 1.52369
