-2.96793 -1.76466 -5.51899
-3.5752 -1.91179 -6.61434
-2.82762 -1.16546 -7.93408
-2.68479 -4.19124 -8.17102
-2.39244 -3.10078 -7.45657
-2.67429 -2.69433 -6.74189
-3.36119 -0.81831 -6.82191
-5.35621 -0.98175 -7.66447
-4.34808 -2.14727 -8.86417
-1.61322 -3.43425 -9.63665
-1.25124 -3.13676 -10.30816
-2.24078 -4.12131 -8.68684
-3.43324 -4.34306 -8.77369
-4.50819 -1.90707 -8.34706
-3.1643 -2.96755 -9.77809
-4.11118 -3.09738 -9.28282
-4.18678 -2.77714 -10.09121
-2.70797 -2.73784 -9.72196
-4.47715 -3.37538 -7.60628
-2.31201 -3.28005 -6.64297
-2.89337 -5.69011 -7.92467
-4.54759 -3.24338 -6.49208
-5.74825 -0.21914 -6.4806
-5.13773 -1.35759 -8.13141
-4.76401 -1.89565 -8.28638
-6.19839 -2.87322 -7.89457
-4.17408 -2.29505 -8.27396
-1.93672 -2.70184 -11.00927
-3.00028 -2.19541 -9.89323
-3.41939 -3.94908 -8.32003
-3.95605 -4.72904 -7.29706
-3.37427 -2.33494 -8.34933
-1.81061 -2.18812 -7.93481
-3.64129 -2.93583 -6.59222
-5.1374 -3.5152 -5.24057
-5.81234 -3.68114 -5.88247
-6.74586 -2.90251 -5.40167
-5.65155 -2.68325 -7.60632
-5.77867 -4.37507 -7.58949
-6.14225 -3.39847 -7.88073
-6.18128 -4.90204 -9.17189
-5.84264 -4.33954 -11.08529
-4.80129 -4.00597 -11.84107
-7.33916 -4.89862 -10.86543
-6.315 -4.74139 -10.8376
-6.24588 -3.87716 -11.36841
-8.19844 -4.47485 -10.10962
-8.79452 -3.53769 -12.36267
-6.50035 -4.3708 -13.65012
-6.9074 -3.57858 -14.71199
-5.43599 -4.76094 -13.90359
-4.91963 -3.45989 -13.52032
-5.06645 -4.88354 -12.56216
-4.58754 -2.90042 -13.00094
-2.27659 -5.67929 -12.80638
-0.9175 -5.32334 -11.73306
-1.65031 -4.23314 -9.77349
-3.57057 -4.34032 -9.20913
-2.80615 -3.6573 -9.05373
-2.74887 -2.23059 -8.9667
-2.05318 -2.05974 -9.5612
-3.16361 -1.5379 -10.17869
-2.55249 -3.54108 -12.20337
-2.6884 -4.33639 -11.76608
-2.35926 -4.93865 -10.88138
-3.47557 -3.97221 -10.63786
-3.6093 -2.18074 -9.82116
-3.47548 -2.45354 -10.64963
-4.12424 -3.94294 -10.85101
-1.80785 -4.10774 -9.97638
-2.48828 -4.72046 -10.35889
-3.85691 -3.03294 -11.62131
-3.23456 -2.07655 -11.43738
-3.35056 -3.79128 -11.70853
-2.89436 -4.32863 -10.20825
-2.41483 -2.68832 -8.84729
-2.77844 -2.33521 -9.35805
-3.84305 -1.78967 -9.07153
-3.81645 -3.83389 -8.87435
-0.96805 -3.94878 -8.83281
-1.68872 -3.33992 -5.52504
-1.87099 -1.88679 -3.22135
-2.92474 -1.00985 -2.8856
-2.03048 -2.67075 -4.582
-1.54894 -2.77921 -3.61135
-0.64387 -0.74626 -4.1878
0.15698 -1.12731 -4.33917
-0.3402 -2.18586 -3.6951
0.1809 -3.05473 -3.24819
-0.15919 -1.69826 -2.40077
1.15331 -1.44732 -2.46108
-0.86314 0.31585 -2.40958
-0.59703 -0.80156 -2.14013
-0.71251 0.16088 -1.62749
0.4967 0.37906 -1.30572
0.82006 -1.49761 1.26837
0.99271 -1.42367 0.04429
0.67558 0.10305 0.66365
0.19829 1.45269 0.6163
-0.72869 0.12611 0.91064
-0.71608 -1.60046 -0.08142
-0.18848 0.34419 -0.68
0.46254 0.95569 0.487
-1.01468 0.24675 0.80231
0.40768 0.04829 -0.6392
1.86333 0.53294 -0.52671
1.4603 -0.82494 -0.23072
1.14449 -2.41505 1.26522
0.09423 -2.74824 2.38502
-0.44224 -0.63556 -0.01381
-0.62067 -0.73085 -0.75614
-1.76332 -0.80009 -2.43506
-1.53234 -2.10419 -2.87015
-1.78555 -2.24094 -2.46732
0.70797 -0.08905 -2.47307
1.22006 1.75831 -2.55401
-0.52257 2.27758 -0.84655
0.18364 1.86063 -2.74679
0.01702 0.88792 -4.42741
-0.72357 -1.09171 -3.64399
-0.46852 -1.69019 -3.53251
1.25899 1.16208 -3.93846
0.20912 -2.08474 -3.15716
-0.62443 1.03742 -2.76064
-0.37355 0.25344 -2.66356
-0.94644 0.05853 -1.34718
-0.8324 0.86067 -2.41638
-0.31085 0.04461 -1.7696
0.31126 -0.77498 -1.66655
0.17372 -0.71409 0.28767
-1.13987 -1.89852 1.20576
-1.04813 0.68562 0.37274
-0.90815 -0.00441 0.09032
-0.09737 0.41468 0.47121
1.38422 0.6902 0.49417
1.59331 -0.3592 0.691
1.47826 -0.18559 2.24812
1.84747 0.58832 0.9083
1.88783 -0.34573 0.72141
1.16344 -0.36859 2.77526
3.56639 0.79124 3.90203
3.19711 0.81384 6.9769
1.89735 1.3156 5.96188
2.9592 1.26133 5.62699
1.55438 1.49318 6.12724
2.26913 2.04087 5.82916
3.20324 3.70689 5.90571
1.7485 1.01229 4.91442
0.48159 2.21547 5.38613
0.41266 2.13684 3.97478
1.09131 -1.08851 5.40915
1.30492 1.26459 5.24679
2.20397 1.43514 4.13201
2.25939 -0.5671 5.15795
1.2907 -0.71492 4.96266
2.71134 -1.17259 3.48388
2.73076 1.07353 4.338
3.47159 2.21948 2.92036
2.9804 1.30579 2.80565
1.40941 -1.01937 4.08801
3.39066 2.60985 5.30844
4.29723 2.81124 5.11688
2.85543 3.02234 7.12109
1.74879 4.72508 6.8911
2.20083 3.46472 6.57631
2.734 1.39334 8.2303
2.38052 1.99734 9.22009
1.99271 4.239 8.63753
1.93568 4.11167 6.83351
4.06336 2.07946 6.69134
2.76936 3.39407 7.33454
3.95583 1.46573 7.44232
3.47616 2.73542 5.91368
1.80191 1.7857 6.11138
1.6055 1.41571 7.36377
2.66745 3.57837 8.59641
2.32345 1.7239 8.04739
4.01423 1.84504 7.26101
5.0232 1.48944 8.50097
3.29286 1.54434 8.75241
2.56539 2.55258 9.31233
2.14875 2.87452 10.50688
3.46068 3.70075 11.14201
1.28079 3.71315 11.36905
0.04152 2.41523 11.33906
1.60579 3.24156 9.61384
1.2879 3.66865 9.01922
3.66954 2.23101 9.17344
3.91655 2.44791 9.6191
4.53894 3.96244 8.93573
3.56623 3.97466 9.06498
4.05256 2.04045 9.577
4.28568 2.36207 9.43089
3.50878 1.98196 8.73167
2.97212 0.62248 9.68304
1.03442 3.12182 7.66707
1.66482 2.18547 5.5522
1.70269 1.98615 4.72812
2.94106 1.28457 6.12481
1.67166 1.13073 7.42669
3.63026 2.18222 6.03471
4.0466 2.40235 5.30105
2.54766 3.4819 6.06682
2.74911 2.61585 6.42261
2.81443 3.63997 5.29949
2.26416 0.69244 5.82858
3.42522 0.68697 4.32426
2.56827 2.53803 5.70857
2.62084 1.8126 4.71229
4.35033 1.93325 3.80995
2.8887 -0.75194 4.5097
1.14961 0.48867 4.50081
1.44519 2.38007 3.46216
0.74399 0.87602 2.43409
-0.41006 1.26261 0.83657
-0.44999 1.09951 1.88341
0.31363 -0.50489 0.55824
0.93484 0.65705 1.07546
0.55727 0.09101 1.37071
-0.02192 0.87426 1.94285
-0.59636 0.15675 2.97881
0.37134 -0.39708 3.20649
-0.50365 0.68355 2.68409
-0.96169 1.19299 1.98335
1.60944 0.733 1.29388
1.78815 0.27403 0.94173
1.92054 -0.86503 -0.97058
0.91968 0.02853 -1.05575
1.16606 0.24877 -1.23735
1.50685 -1.80078 -0.88959
0.99902 -0.23582 0.48925
-0.0866 0.15829 2.80387
0.82737 -0.12107 4.07388
2.65297 0.74436 3.88647
0.84563 1.5617 4.3267
2.70028 3.09034 3.24417
1.51074 0.89853 2.48912
1.91031 -0.1229 5.0016
2.95456 0.36714 6.03863
2.25218 2.90026 6.80512
0.97637 2.33746 6.74542
0.75505 2.58351 5.94839
1.40583 -0.40208 4.09316
0.36777 0.66161 4.65794
0.61443 -0.72481 3.7273
-0.89302 1.84546 2.8861
-0.54311 0.77341 1.97398
-1.32556 -1.09931 2.66939
-1.61815 -1.12492 0.53046
-1.17258 -0.05952 -1.14008
-0.7591 -0.34949 -1.39912
-1.29009 -2.49052 -0.54737
-0.5054 0.33983 -0.53238
-0.02868 1.31762 -1.38509
-0.79628 0.19666 -0.52913
0.07404 -0.87764 -0.57672
-0.50378 1.1043 -0.01946
-0.13461 1.09626 0.85081
-0.64818 -0.33932 0.56066
-0.93552 0.93759 0.7466
-0.94232 0.74079 1.07113
-1.586 -1.08541 0.36027
-0.67161 0.30682 -2.36605
-0.23028 -2.22617 -0.91689
-0.65523 -1.25674 -1.25037
-1.22026 0.01354 -0.58089
-2.37338 -0.46933 -0.50325
-2.7299 -1.17666 -0.61726
-2.51155 -0.3792 -1.29387
-4.12205 -0.11413 -1.21568
-3.62891 -0.26423 -2.03777
-2.68302 -2.70002 -2.5153
-0.48241 0.59645 -3.10482
0.04499 0.43 -2.63171
-1.99205 -0.29335 -1.82348
0.19896 -0.26689 -2.22664
-0.13599 -1.22249 -2.81951
-1.31835 -0.0434 -3.28515
-1.75285 0.67182 -3.24219
-1.26646 -0.4858 -4.62175
-1.01622 -2.11204 -3.88331
-0.15852 -1.53418 -5.08478
1.42728 -1.41427 -4.47182
1.42411 -1.71389 -2.55475
1.74005 -1.1643 -3.03222
0.65944 1.23299 -2.49772
0.52509 1.3956 -2.69873
-1.26882 -0.75062 -3.37617
-0.23794 0.47394 -3.23814
0.79451 0.18669 -4.45429
1.14522 -0.47566 -3.67806
-0.27166 -0.34611 -1.8163
0.67816 -2.30102 -3.3229
0.64391 -0.61621 -2.93526
0.4771 -1.34634 -2.85188
-0.98966 -0.80184 -3.21683
-1.24522 -0.01806 -3.59927
-1.57769 -1.14602 -3.16035
-0.73693 -2.11875 -3.10403
-1.35624 -1.1891 -2.76185
