1.27607 -0.00805 -1.13609
0.99726 0.21302 -1.7936
1.47159 1.68983 -0.45721
1.01293 1.43353 0.03092
0.05469 1.01502 1.30364
-1.48923 0.58543 2.05509
-0.68806 0.38503 4.35917
0.45692 -0.08613 2.52404
0.20046 0.32677 2.26502
0.14359 -0.00076 3.55257
-1.87536 -1.77563 3.6285
-2.38674 0.25259 3.96722
-1.30719 -0.73968 3.95316
0.54127 -0.09621 2.71511
-0.36694 -0.69386 2.13128
-2.50209 0.15291 1.33789
-1.72353 0.27562 -0.28258
-0.3543 0.4972 0.06447
-0.41245 -0.73475 -0.00359
0.24926 1.86628 0.86799
0.01755 0.47341 -1.17545
-0.16006 1.26131 -0.53546
1.05312 -0.2757 -1.25491
-0.23561 -0.60031 1.06298
-0.21597 -0.75529 1.26267
0.59989 -2.27359 0.71757
1.23216 -2.80627 0.55872
1.40432 0.18434 0.98296
2.12166 1.75405 0.84812
2.29068 1.09726 1.38586
-0.29132 0.44635 2.60749
-2.03939 1.67028 1.37801
-3.20394 -0.41001 -0.23074
-4.29733 -1.35039 -0.00554
-4.5938 -1.91993 -0.80018
-3.91585 -2.41512 -0.2095
-4.1458 -0.73732 -0.29772
-3.38225 -1.93719 -0.40115
-2.57265 -0.81994 -2.03674
-1.5857 -0.77081 -3.37698
-0.15784 1.07915 -4.68641
0.05561 0.70335 -4.77416
0.07719 0.6517 -4.59604
0.50264 1.14786 -2.5732
1.59404 0.87157 -3.4161
0.68806 0.80912 -2.58631
0.2935 1.74675 -2.82078
1.36586 0.61291 -3.17835
1.67531 0.04988 -3.84224
0.42377 0.27697 -3.39379
-0.29978 -1.38895 -1.31208
1.11291 0.1288 -2.07514
-0.36863 0.43734 -0.60361
-0.1377 -0.67703 -0.14535
-0.91641 -2.34133 -0.27745
-1.06298 -0.58853 0.7873
-0.68353 -0.81367 -1.33187
-1.17882 1.96764 -0.65266
-0.96063 0.54324 -1.30113
0.03344 -0.00116 -2.07047
-0.09486 -1.37642 -1.60283
-0.10088 0.90542 -0.61113
1.19405 -1.48666 -1.39101
-0.59007 0.08935 -2.39225
-0.80472 0.89125 -3.05278
-0.71347 -0.91972 -2.96809
0.26791 0.60287 -3.048
-1.63414 0.4128 -3.86666
-0.43343 -1.55135 -4.89265
1.00683 -0.81114 -6.56587
-0.87124 -0.46973 -6.37501
1.60369 -1.60223 -3.53441
-0.55477 -1.70168 -4.62832
-0.94598 -0.8721 -1.70585
-2.57028 -0.0681 -0.02846
-2.58845 0.88288 -1.13303
-2.2621 -1.45923 0.54991
-1.21057 -0.40955 0.48764
-2.44384 -2.29264 1.52745
-1.90233 0.5881 1.80266
-0.83456 -2.38012 0.70294
-1.10268 -0.22601 -0.21195
-1.35338 -2.04217 0.18361
-2.15031 -1.96646 -2.14096
0.57898 -1.9662 -3.13999
-0.03931 -0.96025 -0.61359
-0.77212 -1.7056 -0.85198
-0.38951 -3.03424 -0.87518
-2.01198 -0.84517 0.44272
-1.53889 -0.69673 1.02904
-0.68139 -0.39064 0.29812
0.08049 0.12683 1.59305
-0.73928 0.75149 0.96408
-1.63343 0.61367 -1.06889
-1.31985 -0.06436 0.33911
-0.41339 -0.032 -0.1047
1.02043 -0.95865 0.37422
0.41751 -0.452 -0.48001
0.56569 1.59934 -1.4015
0.64366 1.39022 -0.47414
1.67133 1.61858 -1.35992
-0.22035 0.28545 -1.15044
-0.40469 2.0403 -1.00182
-0.76436 -0.45895 0.07739
0.10681 2.95648 0.23337
1.495 -0.25829 1.46718
0.17952 -0.99854 0.29598
0.82692 0.41934 1.48005
0.20637 -1.61123 2.48493
1.71063 -0.1333 2.42971
-0.9698 0.49459 1.87604
-0.5773 1.7739 2.21753
1.38742 -0.16619 1.38971
1.73516 -2.2854 -0.34905
1.70371 2.24577 2.38899
0.53444 2.94984 0.64259
1.60256 2.20049 -2.49211
0.2338 1.74398 0.38541
-1.06539 0.09714 0.832
1.4408 -0.77957 0.92374
1.99759 0.878 0.92923
3.00674 1.27429 1.02093
2.82201 -0.61933 0.93208
2.94288 -0.32876 -1.14374
3.64163 -0.60847 -0.13394
2.2519 0.16512 -0.49307
1.34791 0.63123 -0.39047
0.70463 0.70719 -0.37487
1.13433 0.95462 0.53298
-0.29618 -1.15802 1.74878
-0.40202 -0.05074 2.52181
-0.36679 0.6611 2.81357
-1.22686 -1.11066 1.21404
-1.27135 0.03201 2.24323
-2.12551 -1.1525 2.86938
-3.46736 -1.60584 -0.56823
-2.58462 -2.82646 0.31231
-2.5015 -1.60055 -0.74333
-1.97275 -0.36667 -0.45047
-3.20944 -1.45945 -1.71369
-3.64834 -0.69682 -2.42808
-2.90805 -1.84237 -2.96321
-4.26831 -1.06047 -2.58846
-4.36087 -0.3264 -2.9607
-2.3131 -1.97299 -3.22894
-1.45342 -1.22201 -5.34126
-3.27783 -1.8887 -3.74309
-3.45145 0.62683 -4.71918
-1.19358 0.21112 -4.15524
-2.48249 0.34373 -3.54328
-1.07949 -0.09066 -2.29366
-0.99469 -0.70742 -1.44221
-0.67569 0.0837 -2.22114
-0.00773 -1.31345 -1.96134
0.74391 -0.50457 -2.45072
0.20027 1.63162 -2.10864
1.44372 0.02946 -2.42644
1.93414 0.38082 -1.49664
0.32111 1.69653 -0.16894
1.4132 0.56614 0.89679
1.9377 0.50594 -0.46015
-0.18807 0.48061 0.62657
-0.14356 0.65644 0.66771
1.26309 -0.8013 0.34498
2.03825 0.03844 1.76864
0.61872 0.14793 2.26193
-0.61318 1.98185 1.2609
1.12887 2.07452 0.02818
0.89393 0.03662 -0.31863
-0.32797 2.34693 0.08412
0.44816 2.3674 -0.44767
1.65582 0.65261 -0.44487
0.61332 -0.49747 -0.18602
0.49317 0.8722 -1.05549
1.57678 0.81138 1.1986
2.53965 0.28492 2.06289
3.47465 0.64861 2.03617
3.06435 1.60952 -0.28581
2.95207 1.37729 -2.13588
1.59593 1.39809 -1.28688
2.03092 2.68394 -0.56449
2.53126 3.11047 1.27159
2.22181 1.00609 0.99689
1.63936 0.04418 0.95926
2.81048 2.07761 0.66729
2.04423 1.60104 0.19419
2.64095 0.98193 -0.3364
3.02769 0.99273 1.4205
2.84542 1.69311 2.0228
2.47353 0.19721 0.98514
2.7767 0.59514 0.18529
2.00848 1.37878 -0.92117
1.9178 1.03699 -1.42582
4.20515 1.41492 -0.08884
3.20911 -1.89402 -0.14931
3.86198 0.80456 1.12072
4.61258 0.17993 4.68676
4.52298 1.56199 4.04054
4.47085 2.65658 4.75525
1.91371 2.80469 3.12086
0.26208 1.6659 2.98624
0.96628 0.0112 5.63537
2.74845 -0.79386 5.5972
2.2236 0.12052 4.79307
2.56762 1.75405 3.44592
2.68032 0.92535 4.0344
0.33666 0.37786 2.27703
0.13232 1.2843 2.03334
0.14917 -0.62605 2.45721
0.29935 -0.98807 2.30803
0.70338 -0.64291 1.18305
0.18861 0.74503 2.01868
1.1815 0.10776 0.23615
2.62647 1.27235 0.82853
1.06901 0.41255 1.5766
1.0173 -0.11942 1.32523
2.26913 1.5359 0.07205
2.43663 2.26632 -0.23026
2.23534 1.09388 0.53555
2.83687 1.64022 -0.06184
3.75276 2.62812 1.03795
3.11233 -0.59419 1.41962
3.10049 1.33223 -1.00348
1.77358 1.72931 0.68395
0.51262 -0.30832 -0.2648
1.08901 2.53995 -0.61328
1.80053 1.41929 0.17615
2.22891 -0.62752 0.06457
2.13927 0.567 0.60949
0.85475 2.22571 -0.04397
-0.58246 1.12193 -0.45725
-0.76926 0.05621 -0.10065
-0.64372 -0.89015 1.29405
-1.00143 -1.55222 2.68947
-1.44059 -0.3914 2.2965
-0.51145 0.12501 -0.3854
-0.39352 0.46994 -0.84141
-0.36931 -0.24073 -1.86011
-0.81795 1.9783 -1.68647
-1.12616 0.81017 -2.62173
-2.24244 0.1996 -2.43913
-1.40567 -0.76936 -1.61825
-2.51639 -2.15657 -1.57645
-0.08486 -1.21396 -2.01667
0.53672 -1.15618 -0.93247
0.32231 -0.59656 -2.03834
0.15896 -0.77258 -1.2553
-0.87738 -0.5518 -1.94
-2.49323 -0.03721 -1.62489
-1.21151 1.24844 -1.95117
-1.39494 0.2558 -1.07146
-1.50533 -0.95461 0.14582
-2.48388 -0.61959 0.50804
-1.44553 -0.88236 1.47308
-0.14335 -1.14918 0.64726
-1.62126 -0.73718 0.3629
-1.31785 0.73884 1.13903
-0.97214 0.07135 0.24271
-0.64047 -0.02078 -0.30357
0.95487 -0.3117 1.11848
0.11887 2.69403 -1.42978
0.03913 0.69489 -1.47239
-0.49815 0.08275 -1.01496
-1.0711 1.16595 -1.43309
-1.58996 1.14644 -0.69962
-1.28192 -0.0509 0.64735
-1.03437 0.6536 -0.6782
-0.49008 -0.91246 0.67698
-0.67775 -0.30915 1.33762
0.71922 1.45794 0.16118
0.06755 -0.24467 -0.99465
0.72629 -0.31025 -0.92484
1.49702 -0.95086 -1.80832
-1.31 -0.10656 -2.54958
-1.08009 0.55888 -1.7639
-0.44275 -2.25393 0.32227
-1.0982 1.25737 0.63519
-0.389 -1.57152 0.11996
1.54548 -0.68761 -0.00488
3.35827 0.10211 1.43708
1.139 -0.53501 -0.03211
1.19981 -2.65742 0.3205
1.53793 -1.52309 -0.21381
0.78891 -1.07052 -1.60944
0.35707 0.14728 0.70346
-1.15258 0.05133 1.4779
-1.05678 0.20052 1.98069
-1.63216 -0.30109 2.22746
-2.21345 0.19293 0.92522
-0.98213 0.60344 -0.05842
-2.48641 -1.30662 -1.04293
-2.41478 -1.27686 0.46221
-2.37505 -0.28127 1.32851
-0.68278 -0.04535 1.32761
-1.51334 -0.22008 0.47518
-1.48565 1.19423 0.88279
-1.78654 2.17942 1.10528
-3.21971 -1.1354 -0.60381
-3.07003 -1.63576 0.37111
-2.28118 -1.53313 0.16663
