5.25798 -1.2285 0.47218
5.83501 -0.28186 1.23995
6.51354 -1.32029 -1.03675
6.02476 -1.89475 -0.82947
5.21303 -1.54728 -0.61467
4.91659 0.79401 2.02663
5.67285 -0.61638 1.14243
4.96462 -1.1304 1.79769
4.51434 -3.03697 0.39205
4.46822 -0.90454 0.64269
4.91945 1.11391 -0.10842
5.0156 3.38285 -0.27968
7.54483 1.89292 1.20154
6.54869 1.40396 1.23064
7.20493 1.0243 0.67631
6.73762 -0.61769 -0.22946
5.49489 1.36496 1.87263
6.07737 3.04537 1.56168
5.21716 1.37745 0.1774
3.71199 1.89241 -0.6983
3.03888 1.3089 0.24768
2.6563 1.76711 0.14119
2.67663 2.69524 -0.04755
4.58627 1.9863 1.06737
3.14077 -0.08597 1.02771
2.92912 0.18453 -1.56136
2.12796 2.26673 -0.06316
2.6256 2.78348 -0.38319
2.14793 2.39764 1.11905
1.08271 1.02922 -1.91863
0.66445 0.51124 0.3719
-0.19683 -0.49098 0.24897
-0.13566 -0.99194 -0.93019
-1.79168 -0.62118 -0.46283
-2.24592 -0.58376 0.1183
-1.35651 0.37777 0.02949
-1.48784 0.40129 0.66852
-0.56928 -0.31834 -0.45137
-0.34669 -1.48467 0.03678
-1.26942 -1.05488 0.0657
-1.96761 -1.08854 -1.0171
-0.58224 -1.84647 -0.32626
-1.76517 -0.96011 -0.57688
-1.92758 0.81072 -0.73765
-0.71759 -0.28812 -1.15882
0.69888 0.39885 -0.3624
1.02916 -0.25317 -0.67399
0.65275 -1.21157 0.85924
1.29589 0.86841 0.32519
0.70516 0.38597 0.15248
0.52562 -2.30242 0.19623
-0.93107 -1.32933 -2.08061
0.69042 -2.53423 -0.53089
-0.21242 -0.64371 2.24652
-1.44677 0.02568 1.32341
-2.34236 -2.77727 0.49173
-2.64318 -1.6066 -0.30665
-2.94927 0.37047 -0.09618
-3.29312 0.36662 0.02348
-1.46771 1.05522 -0.36532
-1.46227 0.87639 1.40426
-0.95332 -1.12269 1.05067
-0.53765 0.75179 0.75786
-1.66513 -0.00909 -1.93407
-2.95143 0.96685 -0.11824
-2.08009 -0.00879 0.61196
-1.25413 -0.59012 1.13356
-2.21916 -1.23466 0.2467
-2.62175 -1.0006 0.70016
-2.92391 -0.79383 0.93769
-3.53429 0.61575 -0.9141
-4.32022 3.89999 0.24937
-2.60273 2.01011 0.6284
-3.54741 1.6451 -1.20828
-3.64548 0.25919 -0.49199
-1.95436 0.32554 -1.33636
-0.97199 0.34049 1.39811
0.27894 0.44424 -1.07979
0.43189 1.59678 -0.29024
1.75794 0.35981 0.9879
1.20771 2.15745 -0.91885
2.59097 0.43407 -1.19887
0.71701 0.03621 -1.14169
1.686 0.22238 -0.76014
1.5483 -0.1183 -0.13149
0.67528 -0.00137 -0.31798
-1.66804 1.41588 -1.01968
-3.13814 -0.17848 -1.28627
-2.02609 0.51576 0.55683
-2.14801 0.0475 -0.88317
-1.92555 0.87926 0.4664
-0.40172 2.19134 -1.19137
0.88981 0.63238 0.75866
-0.07462 0.21892 1.41363
-0.2371 0.75422 1.22739
-1.41368 -0.4176 -1.3046
-0.7177 2.28305 -0.06769
0.74507 2.28464 1.17209
3.13744 1.05643 -0.17731
2.15822 0.49591 -2.10355
1.04762 -2.59525 -0.42456
-1.73467 -2.20908 -0.25266
-1.73784 -0.60449 -0.38068
-2.90367 -1.43139 -0.34321
-4.51021 -2.53039 -0.52658
-4.05081 -0.84798 0.15726
-3.45841 0.1266 -0.39866
-2.32359 -1.00967 -0.89397
-1.24861 -0.34279 -2.39842
-1.62434 0.10938 -2.34868
-0.30449 -0.19492 0.72013
0.12721 0.18778 -0.44896
0.96405 -1.32834 -0.75813
-0.45786 -1.74381 -0.76269
-1.3152 -0.78002 0.13778
-1.32591 -1.34492 -0.2155
-3.07332 -1.53691 0.80642
-3.74897 -2.04381 -0.74445
-4.16525 -1.35106 -0.39472
-4.4477 -0.79094 0.07809
-3.4376 0.01973 -0.33508
-2.99517 0.66978 -0.88932
-1.45599 0.1811 0.63214
-2.7329 1.05978 -0.39193
-1.50787 0.18191 -0.12434
1.76172 -1.61128 -0.46972
2.54188 -1.31193 0.87806
2.30182 1.05619 0.11101
2.66845 1.31447 -0.04657
4.65916 0.66652 0.31351
2.58964 0.2666 0.0894
3.36927 -2.26554 0.25583
3.47355 -0.7986 0.74895
2.57145 0.24798 -0.3205
2.34241 -0.04587 -1.0142
1.94695 1.77242 0.2758
2.20746 0.63023 0.48671
2.89607 1.5488 -0.04695
2.90991 0.95097 -0.17017
3.74428 1.24211 0.45654
4.01585 1.42467 1.08162
2.45255 2.13912 0.45257
4.34911 1.48998 -0.0019
5.72195 1.02583 0.69034
6.01667 -0.38687 0.11946
6.34942 -0.16592 -0.46508
3.92271 0.2262 -0.63372
2.96979 1.37778 -1.68858
2.00488 0.45405 -0.51949
1.32653 -2.19783 -0.49247
0.54926 -1.25551 0.20329
-0.6754 -0.59517 0.51638
0.26729 -0.11633 -1.27618
-0.18133 1.22233 1.24479
-0.88818 0.20116 -2.08524
-0.35397 1.82369 -0.76027
-0.87809 0.46607 -1.92833
0.22385 -1.31149 -0.32293
-2.10496 -1.53695 0.53207
-1.38449 -0.79709 0.13062
-2.34816 0.08377 1.54084
-3.86658 -0.28564 0.08497
-4.47469 0.40091 0.52941
-4.2581 -0.81256 0.22462
-2.25 1.64671 0.96214
-1.92909 1.4089 2.51683
-2.27687 1.6759 -0.02882
-1.70313 1.88402 1.57072
0.89628 3.16957 0.18249
2.5301 1.12554 -0.01024
2.51802 0.40363 -1.2577
3.17463 1.23426 -1.56748
3.82336 2.86156 -0.09148
4.84633 1.33714 0.66274
5.11256 0.12412 -0.09755
5.81554 1.55316 1.85497
6.18653 0.90609 -0.9579
6.05766 1.35495 0.23785
6.28256 2.4782 0.87868
6.98589 2.06063 0.95942
7.2811 1.33127 -1.49392
7.48314 2.27695 1.99844
8.52064 1.2613 0.62978
10.4574 0.77145 -0.75086
10.22603 1.72108 -1.60451
12.48851 -0.30665 -0.24676
13.45613 -1.56956 0.51179
12.60264 0.41141 0.75405
10.60045 -0.90916 0.63739
9.06309 0.30746 0.06008
7.93684 -0.34022 0.98517
8.23005 -0.37068 0.54759
9.39594 0.33013 -0.00037
7.53608 0.74755 2.65186
7.307 0.9659 -1.67939
7.25071 2.4385 0.14294
6.80317 2.42813 0.69684
6.86036 0.881 -0.91628
4.24036 -0.05887 -1.41064
4.54329 0.0676 -0.25213
4.64552 1.41983 0.2079
3.66531 -0.42965 -0.21902
4.08731 0.73326 0.60452
4.10736 0.05067 -0.40214
2.48564 0.37219 0.27672
1.1881 -0.54688 0.63585
1.62795 -0.13552 0.10386
2.94268 0.34179 -0.99073
3.20943 2.11085 -0.30479
4.01484 0.32222 1.61119
4.15351 0.28744 1.44167
2.09839 -0.70056 -0.29766
1.85072 -0.53481 0.2672
2.07543 0.6851 0.30327
1.91969 0.48385 -1.29428
0.38222 0.66955 -0.65687
2.0945 1.23374 1.23553
2.5325 1.30494 -1.25253
1.04063 -2.45603 -0.32345
0.93675 -1.00559 -0.12847
1.73006 -0.2975 0.24894
2.25457 -0.85682 -0.72983
0.72343 -0.93985 0.36212
-0.07211 -0.41025 1.99834
-0.83083 -1.19681 0.42635
-1.63721 -1.47446 2.917
-1.17077 0.31971 1.38441
-2.47562 1.73489 -1.50506
-1.5506 2.16261 -0.99005
-0.23183 2.91408 -1.01871
0.58158 2.18429 0.89996
1.0936 1.88752 -0.61909
-0.26158 -0.16734 -0.52853
0.71836 0.8937 1.03962
1.58142 1.70877 0.69426
1.08034 1.82708 -1.34694
1.47567 0.06736 -0.44408
0.11173 0.07506 1.00808
0.0817 0.56805 0.46954
0.00119 -0.70024 -0.19471
0.95904 0.06276 -0.87343
1.39168 1.08497 -0.55696
0.6278 -0.88976 0.52143
0.49625 -1.212 0.45814
-0.66487 -2.05164 0.39886
-1.79063 -2.03263 0.33454
0.31795 -1.14068 2.64238
-0.2128 0.76121 -0.06525
0.32829 2.50778 0.75018
0.38553 0.56517 -1.0699
1.16193 -0.93837 -0.66351
1.05227 -0.06435 0.3032
-0.31872 2.62386 1.18836
-1.56927 1.7046 -1.42559
-1.38364 0.03157 -1.0044
-1.83072 0.10629 -0.14463
-3.17477 1.63427 0.43183
-2.74362 0.38229 -0.30801
-1.97306 1.87358 2.00416
-0.37108 0.72416 -1.01523
-0.41474 2.18394 -0.83133
2.54437 0.46225 -0.70657
2.05021 0.58673 0.50759
2.45482 0.23237 2.93679
2.44151 -1.76218 -0.83303
0.80484 -1.33292 0.29393
0.0329 -1.18864 0.14952
0.98094 -0.83839 -0.01028
-0.48421 -1.87959 -1.27802
-0.73345 -1.57451 -1.32617
0.33065 -0.71653 -0.64841
-0.17298 0.17954 0.26326
0.47892 -1.51477 0.57632
-1.13834 -0.86193 1.26602
-1.5875 -0.14131 -1.07659
-0.47766 -1.1267 1.83061
-0.93929 -1.31815 -0.92079
0.05731 0.51698 -0.19654
-0.91756 -0.67658 0.41213
-0.61975 -1.08839 -0.63573
1.49902 -0.85821 -0.03666
1.13895 -0.48472 -0.35718
1.66736 -0.16182 0.21751
0.54353 0.94008 -0.22411
0.75881 1.1326 -0.26325
1.31678 1.84846 0.09946
1.36641 1.74903 1.02519
2.1098 0.3306 -0.10126
0.53874 0.47842 -1.29819
0.49881 0.37586 -0.71854
0.14211 0.55707 0.04642
0.75346 1.20182 0.19818
0.58939 0.85663 -0.02953
0.64202 0.09254 -0.29892
-0.13253 0.89438 -0.14387
0.95893 0.51375 1.74658
1.46863 1.42928 -0.40928
2.17942 0.63384 -0.50736
0.87491 -0.23593 -1.18504
1.31441 2.44392 0.16237
