-4.41508 1.77562 -1.39941
-3.04169 -0.47401 -1.37933
-3.96166 1.11537 -3.33177
-2.16708 1.1698 -1.66238
-2.99297 0.99995 -1.57899
-1.7627 0.89999 -0.36338
-0.66352 -0.52702 -0.79744
-1.57824 -0.07781 -0.17165
-1.48398 0.36773 0.92811
-2.53759 1.09502 0.26736
-2.25278 -0.13093 0.27988
-3.3286 -1.01644 -0.71646
-3.92025 -2.4842 -0.5447
-4.81687 0.05212 -1.54864
-5.2315 1.93511 -1.38406
-5.27131 1.67687 0.02472
-5.52958 -0.47057 0.33817
-5.80948 1.46563 -0.66339
-6.27132 2.41195 1.23647
-7.48647 3.50148 -0.97663
-6.84284 3.0549 -1.9283
-5.12547 2.06492 -1.12338
-3.84658 2.48037 -0.39187
-2.66902 2.13532 0.31004
-1.60715 3.21323 -0.79884
-1.76563 1.10615 -1.68348
-1.37105 2.17258 1.1602
-1.31027 1.81126 -0.17597
-0.51673 0.75748 0.9607
-1.99943 -0.83118 1.30657
-0.67107 -1.62915 -0.06751
0.16553 -1.19037 -2.19173
-0.13755 0.47116 -0.65666
0.12578 -0.66201 -0.46686
-0.24781 -0.04902 1.24669
-0.61179 1.0264 -0.36933
-0.9285 -0.89616 0.25449
-1.81803 -2.00411 -1.71823
-1.59142 -1.60142 0.13521
-1.24675 -0.80714 -0.7916
-0.69614 -2.14505 -0.3717
-1.29173 -2.82021 0.48159
-2.7925 -3.3638 -1.02188
-4.27294 -2.74553 -2.06564
-6.46296 -0.09197 -2.96701
-4.65656 0.13445 -0.78452
-6.66636 -0.06979 -1.33519
-7.12648 -0.40738 -1.8892
-6.88109 -0.48343 -2.23855
-6.80121 -2.3314 -3.10228
-6.05758 -3.16153 -3.9429
-7.42058 -2.56868 -4.01769
-5.44038 -2.04493 -3.13775
-5.45441 0.17821 -3.88286
-5.98189 1.33073 -2.63123
-4.3027 0.05598 -2.84002
-3.08164 -0.99214 -1.32042
-2.69702 -0.98919 -2.42433
-2.33094 -0.53206 -0.24593
-1.75147 -1.68615 -2.61827
-2.42625 -0.59546 -0.55651
-1.85216 0.2634 1.1187
-1.85458 -0.05867 -1.28794
-0.09391 -0.87137 -0.73026
-0.8417 -2.37853 -1.36991
-0.41767 -1.69124 -2.04165
1.03197 -2.94954 -1.17819
-0.18656 -1.79796 -0.99746
-1.56623 -0.27011 -0.56969
-2.15574 0.6257 -0.33315
-2.05446 0.58729 -1.17301
-1.05397 -1.04058 -0.84561
-0.42309 0.54162 -0.93186
-0.49619 1.52881 -0.57669
0.52313 2.0365 -1.80248
-0.1806 1.74065 -0.78573
-0.52952 2.20278 2.29237
-0.86622 0.50349 0.59665
-0.56715 0.60854 -0.00876
-0.08322 1.05238 0.49523
1.22845 -0.36694 1.00727
2.08702 -0.10313 0.39205
0.70687 1.72906 1.06706
1.60268 0.70903 1.47606
1.25131 0.71776 0.78932
2.47766 -0.26983 1.24047
2.64707 0.32351 0.85097
2.65332 0.93204 -0.3956
3.15417 0.19399 -1.30759
3.18721 -0.61792 -0.14874
4.85422 -0.93698 1.74745
3.50929 -1.19213 0.73055
1.90951 0.43261 0.28471
3.4641 0.22734 2.36486
3.8861 -0.90707 1.99447
3.04091 -2.13237 2.51719
1.91365 -2.68837 0.84006
1.44058 -0.12339 -0.41567
2.96547 -0.73119 0.44261
4.33511 -0.59737 0.649
3.00595 1.00331 1.27077
4.06247 -0.94988 2.12736
4.16659 -0.51441 3.29008
4.40195 1.69476 0.60164
3.51818 1.46039 0.6064
4.4393 2.58542 1.92854
6.23121 1.0141 2.56397
5.20621 0.0123 1.83936
2.73428 1.42832 1.64773
2.62975 -0.17975 1.56368
2.46036 0.253 -0.874
2.73958 0.27066 -0.1792
2.85683 0.97943 0.54316
1.76436 1.00678 1.4919
2.22532 1.04792 1.94059
0.54117 1.8276 1.35224
-0.22156 1.48329 1.46558
1.44112 0.60697 1.64465
0.78937 1.69934 -0.36598
-0.19068 2.1242 2.03429
2.24924 1.91143 3.8542
3.82272 1.2987 3.48805
5.68302 -0.73412 3.13822
5.2786 -1.20446 1.45144
5.44573 -1.51637 0.23108
4.46545 -1.45232 1.00232
4.39643 1.72626 4.04322
3.45214 0.72332 1.70126
2.75982 -1.09377 1.38264
0.74195 0.00286 1.70021
0.46961 0.35097 2.95493
-0.52127 -2.95365 1.68501
-2.35606 -2.37521 -0.0944
-2.92643 -0.98683 0.8885
-2.3562 -1.08382 -1.3045
-3.07958 0.98402 -0.55735
-2.00625 0.50215 -0.98024
0.76938 -0.64662 -1.01127
-0.07738 -1.22534 0.50248
-1.12837 -1.14867 -0.80875
0.48954 -0.19777 0.01157
1.04779 -0.42411 -0.07628
0.32539 0.43197 -2.34317
0.01313 1.22675 0.50483
0.34045 0.80191 0.32883
-1.72146 0.02893 1.24186
-1.96289 -0.73791 -0.01222
-0.43532 -0.03423 -0.15541
1.1018 0.78121 0.06524
1.67178 -0.29244 -0.1445
1.952 0.1343 0.04059
3.30062 -1.94006 0.44854
2.74725 -0.22533 -0.41788
2.07016 0.82675 -0.43969
2.13727 0.91127 0.49858
0.72328 1.02177 2.80311
-0.191 1.57803 1.08273
-1.68796 1.44891 0.14701
-1.06703 -0.19005 -1.32177
-0.95338 0.51503 -0.92524
-2.72562 1.10706 -1.84351
-0.87101 1.09382 0.53009
-1.01306 1.78427 0.23179
-0.90088 0.27434 1.3244
-1.09217 -0.28278 -1.76711
-0.69826 -1.80949 -1.26153
-3.52252 -2.60375 -0.3033
-4.61275 0.31748 -1.26594
-3.69551 1.118 -0.67717
-3.47288 1.45317 -1.98949
-3.54426 1.41516 0.19848
-1.88986 -0.34256 0.11733
-1.34398 -0.38257 -1.02379
-1.30284 1.72123 -1.2144
-0.95771 -0.15085 1.66037
-0.16959 -0.60831 1.2965
-1.08733 0.47309 1.7344
-0.50544 0.97303 -1.01513
0.79818 0.72884 -0.51943
1.10404 -0.64077 0.17012
-0.98194 0.11536 1.49613
-2.3624 0.75706 1.21059
-1.41031 0.57152 0.49215
-0.53266 1.42556 0.23837
1.31413 2.96569 -0.0683
2.54976 0.06673 0.33327
2.55724 -0.54686 -0.14452
1.27614 0.52816 1.63837
1.51383 -0.98094 2.53586
1.94621 0.36559 2.17498
2.38644 0.23043 -0.14327
1.30687 1.07221 -1.67742
1.18561 1.32968 0.80641
0.52559 0.36758 -1.05081
0.78755 1.33352 1.29842
2.51416 1.83439 1.51572
2.08006 1.89604 3.25539
2.22101 0.37271 0.77979
3.15377 2.94007 2.24397
5.18866 1.15988 1.35702
4.51455 2.03931 1.40753
4.79141 1.4061 1.683
2.79054 -0.42249 3.58827
1.18081 -0.58728 0.78944
1.86843 0.10186 -0.98353
3.84939 -0.06256 -0.76946
2.78048 -1.48066 0.19158
2.40485 2.08194 1.9416
3.42134 0.38377 1.92242
2.59474 0.5901 0.44726
2.33755 -0.67379 1.1863
2.71709 0.96513 0.75337
2.27918 -0.88052 1.62437
-0.14485 -0.65826 0.16787
0.20543 0.44961 0.02262
0.98359 -0.21539 -0.11084
2.789 -2.44097 -1.80641
1.85828 0.3901 -0.3105
2.83571 -0.52487 1.5547
2.83636 -0.8815 0.79972
4.19681 0.45126 0.02242
2.40069 0.51039 1.38456
2.53587 -1.12758 1.16447
2.93987 0.85349 -0.48557
3.03229 1.0662 2.30497
2.68361 0.31845 1.9476
3.15571 -0.6008 1.56192
3.00396 -0.83622 -0.03155
1.37745 -0.69 -1.6077
-0.00368 -0.24774 -1.21439
0.95445 0.36137 0.17417
1.25126 -0.64248 0.48395
0.87958 -0.62224 -0.34759
0.18288 0.02801 -0.38998
-0.15247 0.51522 1.54599
-1.5029 -1.22475 0.10432
-2.6222 -2.3015 -1.04259
-4.18362 -1.29096 -1.38029
-3.40715 0.22095 -0.61205
-5.14288 -0.46926 -0.75259
-6.15406 -1.77065 -0.52029
-6.39179 -2.12341 -0.01279
-6.23926 -2.64905 -1.88704
-6.21894 -0.68612 -3.19589
-5.90929 -0.54261 -4.26138
-5.68197 -0.43471 -2.44639
-5.78927 0.24294 -2.81439
-4.69401 0.37244 -1.26473
-5.2478 0.2195 -2.81119
-5.21236 -1.53517 0.0847
-5.69099 -2.73506 -1.14095
-5.1885 -1.62038 -4.16554
-5.95043 1.65407 -3.52729
-4.85697 -1.4626 -1.45769
-5.74767 0.23509 -3.28613
-6.00595 -1.27634 -1.3083
-6.84233 -0.67012 -2.70831
-6.07498 -1.12092 -2.22484
-4.8183 -1.15875 -3.03233
-4.84374 -1.88793 -2.3402
-5.51796 -2.69634 -0.84505
-7.12195 -2.22304 -2.30951
-8.90573 -1.54574 -1.26138
-10.00695 -1.44377 -3.79849
-10.42334 1.1546 -2.1663
-10.0736 -0.60369 -3.39563
-8.17614 -0.91981 -3.03482
-7.19094 0.86322 -3.8933
-8.64315 1.93416 -2.36454
-8.12132 1.16109 -0.39602
-7.60195 0.91352 -1.10402
-7.65286 0.48805 -0.98614
-7.23232 -0.18067 -2.0617
-7.51915 -1.23751 -3.03165
-7.36252 -1.48037 -3.62234
-7.74143 1.4939 -3.43065
-7.53889 0.12814 -1.67734
-6.84601 0.70473 -2.81862
-6.75336 2.05217 -2.16607
-6.74038 0.81356 -0.5596
-6.63825 0.05015 -1.51173
-6.09471 -0.63565 -1.05016
-7.40036 0.88662 -2.88062
-7.38985 -0.09594 -2.09086
-8.07794 0.23357 -1.74941
-8.62389 -2.73874 -2.10974
-8.54136 -1.5146 -3.02971
-8.73222 -1.89311 -1.32839
-8.14402 -1.77043 -3.60045
-7.89761 0.33372 -4.11754
-6.69298 0.3896 -4.33178
-7.49701 -0.69558 -1.49022
-7.66891 0.82201 -1.86081
-6.14347 0.3614 -0.56581
-5.14157 0.09354 -3.70194
-5.729 -0.30319 -0.83908
-6.0991 -0.77866 -2.57034
-5.5637 0.05933 -0.76663
-5.09753 0.03105 -2.53344
-5.28643 -1.42707 -3.96642
