2.06019 2.15023 0.235
-0.51887 1.69776 -0.70316
1.07803 1.46965 0.93973
-0.29975 1.31031 -1.10951
0.88364 1.26792 0.32951
0.36156 0.42722 0.06639
-1.30155 1.08334 0.63788
2.41305 4.37689 0.50714
-1.22261 5.63217 -0.1201
-0.06454 5.28231 1.51661
0.96019 3.24403 2.64711
0.81239 3.04552 1.99805
2.23801 2.25713 2.115
-0.27247 1.58245 2.5652
1.86691 1.88665 2.42958
1.95285 2.09341 2.56616
-0.43515 2.36676 1.72119
2.5545 2.01355 2.87487
2.96679 1.60402 1.79784
1.35092 1.1777 2.20718
1.47418 3.68351 1.62623
1.34395 0.87781 2.37867
-1.64579 0.50202 -1.1584
0.41932 1.1683 -1.11959
1.07253 1.49944 -0.38706
-0.84386 2.63995 -0.04589
1.12922 4.23285 0.89451
1.41828 3.04048 0.52696
0.60966 3.34521 -0.02505
0.22982 3.81931 -0.27848
-0.4057 3.60296 -2.11979
1.05923 3.26137 -1.72886
1.51544 2.08888 -2.75538
2.15721 1.61128 -3.1946
2.07674 2.48869 -3.59229
-1.32484 3.09326 -4.27391
-0.08403 2.05805 -3.79098
0.23472 1.61273 -3.41082
0.0707 -0.05687 -2.94824
-1.45537 0.98803 -3.11465
-0.74698 2.71617 -1.81606
-2.32073 1.15356 -0.81261
0.48097 2.60435 -2.05644
1.70008 2.62522 -1.0741
-2.1095 3.21853 0.54819
-0.77921 3.00434 1.64364
1.06656 1.75522 0.86692
0.4138 1.66117 0.91362
0.6977 2.89869 0.23071
-0.26116 0.80509 -1.95011
1.26726 -0.52851 -1.06696
0.78743 -1.3776 -1.26219
0.43489 1.11424 -0.03566
-1.10636 1.13064 0.0122
-1.55122 1.81685 0.89322
-0.95636 1.70534 2.40066
0.42834 2.80126 0.41357
1.078 2.10354 -1.02614
1.25325 2.17579 0.52403
2.13522 1.37337 0.15047
0.6023 1.73937 1.18364
-0.04715 2.94333 -0.03852
0.3669 1.97636 -0.20637
0.26556 2.01117 1.14795
-0.08305 1.79058 2.33019
1.13993 2.28683 3.28195
0.81805 1.75587 1.81198
1.66404 2.87092 1.94959
0.85665 2.86989 1.5209
1.99168 3.2573 1.13419
2.00348 2.52419 0.54737
1.97426 1.62584 1.76619
-0.28451 -0.768 0.79847
1.43163 -0.27485 -0.13391
1.14106 0.47931 1.31362
-0.21561 -0.40744 0.77703
1.18459 0.04266 -0.82312
-0.72313 -0.37119 0.0302
-0.51271 0.2967 -1.23601
-0.26811 -0.74258 -2.22213
-0.28343 -2.89813 -1.75259
-1.45968 -2.05708 -1.51197
-0.43494 -1.85883 -0.02685
-0.41145 -2.179 1.29798
-1.66469 -1.94618 1.04649
0.35927 -0.27857 -0.8201
-0.34221 -2.07125 0.58183
0.56344 -0.47189 0.37343
-1.32312 -1.79023 0.57284
-0.47775 -0.5514 -0.90874
1.03343 -1.20821 -2.45434
-0.02114 -1.20265 -2.31881
0.99274 -0.81671 -1.09355
1.21005 -0.71792 -1.9324
-1.93058 -0.61406 -0.71431
-0.10622 -0.31691 -0.89211
-1.48853 -0.09543 -0.95702
0.84518 0.43065 -2.28898
0.95391 -0.00452 -2.56022
-0.74531 2.02183 -1.67366
0.47007 1.02463 -1.44536
-0.58715 1.91795 -0.78417
-0.27973 1.1645 -0.39855
-1.11169 0.93982 0.29488
0.39148 3.13052 -0.07623
-1.17282 4.11999 -1.17882
0.45506 3.10382 -2.42196
1.16747 2.43265 -2.37771
2.2045 2.10842 -1.34204
1.26417 3.08665 -0.86875
0.2208 2.36599 -1.48575
-0.17562 1.40341 0.3378
0.20927 -2.13298 2.22186
1.3527 -1.93631 1.82448
0.32127 -1.12624 1.47065
-0.19112 -1.10411 1.03614
-0.33791 0.19419 1.35238
-2.39869 0.23787 -0.51664
0.0461 0.60043 -0.9784
0.29241 -1.00464 -0.8609
0.13093 -2.40267 -1.45409
1.04212 -2.53884 -1.05747
-0.35133 -3.23907 0.35178
-0.69603 -2.85637 1.47532
-1.77242 -3.89125 2.52711
-1.6166 -4.47679 1.29652
-0.5412 -5.01767 1.34278
-1.25554 -4.7706 1.71889
0.63489 -2.82358 0.5309
-0.64037 -1.48229 -0.21705
-1.66895 -1.41738 1.26801
0.44489 -1.18202 0.39393
0.52448 -1.54398 0.65918
-0.49262 -1.49676 2.29687
-0.76826 -0.8168 2.43163
-1.35379 0.4421 3.3134
-1.58433 0.80936 3.04258
1.67725 0.84131 2.31786
-0.4421 -1.0249 0.76122
0.44781 -0.49495 0.40044
-0.63642 0.10228 0.28374
-0.24779 0.84793 0.39578
-0.81694 1.20725 -0.6583
1.01316 0.35027 -0.07873
0.56901 0.23298 0.76894
0.78854 0.36063 -0.01037
2.78711 0.9704 -1.39749
0.14567 1.87601 -1.60691
0.74524 3.28265 0.18873
2.09294 3.5056 1.73765
0.82624 2.30063 0.75838
-0.61938 1.88916 0.29097
2.25201 0.93312 0.0362
0.81419 -0.66373 -0.02433
1.15135 0.35035 1.94938
0.63212 -1.2331 1.95554
-0.63457 -1.21052 1.72568
-0.3418 -1.48727 1.27219
-1.40529 -2.47598 1.95541
0.58074 -1.88331 0.55049
-1.4329 -3.86614 -0.08742
-0.1712 -4.50539 -0.04961
-0.59627 -5.69492 0.41268
1.0038 -5.14272 -0.95587
-1.72605 -4.17217 -0.29895
-1.01658 -3.24476 1.06655
-3.37245 -3.63427 -0.08274
-0.46562 -2.1365 -0.70994
1.24657 -2.94283 0.34168
-0.7196 -3.05115 -0.80052
-0.551 -2.7173 1.00992
-0.62493 -3.78235 2.15183
-2.07104 -3.07692 1.83615
-0.09427 -5.35633 2.48039
-2.11546 -5.04106 2.24545
-0.99862 -4.93349 -0.25931
-0.8824 -3.17404 1.21354
-0.99009 -3.33128 0.62914
-1.32054 -4.36106 3.19246
0.382 -2.73577 3.30558
-0.6144 -2.43299 2.45055
-1.22127 -2.06202 2.75995
-1.01059 -2.12161 0.33543
1.27308 -1.47953 1.22168
0.97506 -3.97486 2.5834
1.69411 -3.6774 1.12872
1.45544 -0.87153 -0.13772
-0.84031 -0.50128 -0.08865
-2.0832 -1.071 1.08509
0.5771 -1.40791 -0.08126
-0.10131 -0.09 1.13922
-0.60473 0.4167 1.54957
0.57305 -0.03473 0.39375
-0.30878 0.70902 -0.83929
-0.4931 1.16476 -1.91648
-0.27091 0.08931 -1.10909
0.50763 -0.61577 -0.71161
-0.08391 -0.56845 0.75754
-1.25471 -1.7084 -0.18745
-1.48812 0.07623 -0.43754
-1.54601 -0.36897 0.82084
-1.75314 -0.24302 2.06992
1.41604 -0.21922 1.41077
0.58105 -0.48503 0.14744
-2.39929 -1.16784 0.05204
0.07458 -0.29703 0.15528
0.14137 -2.72545 -1.40226
-1.18219 -1.87753 -0.36157
-1.04568 -2.13796 -0.96148
-0.67232 -0.65322 -1.88472
-1.91228 -1.72168 -0.22798
-1.01281 -0.71617 1.04559
-0.6783 -2.4764 0.67777
-0.84457 -2.53488 0.75953
-0.03644 -2.94189 1.569
-0.42489 -2.7508 1.7278
0.70103 -2.86785 1.52664
-1.22854 -1.38598 1.26352
0.96047 -2.42328 2.27911
0.45371 -1.27542 0.47607
0.70253 -1.37099 1.21367
0.24923 -0.28775 0.13537
-1.26639 0.26207 0.55908
-0.21113 -0.84212 1.59945
-0.26277 -1.51182 1.81768
1.69935 -2.19289 2.15774
-1.758 -1.1063 1.02302
0.69943 1.40809 1.82717
-0.57893 1.66868 2.44703
1.89171 -0.44461 2.41977
-0.91569 -3.67675 3.01001
0.96128 -3.54018 2.23706
0.17008 -1.56939 2.03037
-1.06309 -1.04023 0.36877
1.47511 -0.75024 1.88888
0.54835 1.17788 2.83565
-0.36756 -0.1805 2.27976
-1.5967 1.57924 2.48674
1.01341 3.04039 1.12505
-0.89991 1.31153 0.35959
0.29609 0.61861 0.53896
2.23887 -0.40097 0.57119
1.24098 -1.41894 -0.06579
2.43507 -0.64469 -0.69106
0.23534 0.62776 -1.50426
-1.37706 1.23058 0.54077
-0.87977 2.05534 0.75203
0.20933 1.44906 0.89991
2.41582 -0.70716 0.43278
1.61464 0.80233 0.18925
-0.3018 1.45352 0.30616
0.78927 3.54468 0.17061
-1.18251 2.05097 -1.05329
2.52237 1.9878 0.18463
1.4236 1.41388 0.04608
1.63285 2.53727 -1.20317
0.58073 3.06915 -0.34361
1.34933 3.23122 -0.46656
1.41328 1.44629 0.67254
0.47248 2.72175 2.00569
-0.8143 3.26498 0.61091
0.46347 4.71347 0.82919
-0.37213 2.18182 1.74937
0.43894 2.65094 0.44968
1.65203 3.50121 0.97535
-0.55736 2.01492 1.13565
-0.225 1.97044 1.41867
2.54601 1.45147 0.57193
1.66722 0.29052 -0.75637
1.77798 1.37549 -0.10025
0.81015 2.36895 2.90476
0.44585 1.31395 2.26712
-0.06787 1.75518 2.59443
0.6529 2.83215 0.91281
-0.82624 1.25368 3.25349
1.52691 1.06814 1.28701
1.55655 0.37748 1.08365
-0.47677 1.37602 -0.18615
0.24207 0.90378 0.15157
1.88894 0.95647 1.67071
1.43907 -1.50853 2.59054
0.61946 -0.46569 2.15048
-1.0024 -0.42067 2.95099
0.43319 0.13931 1.3719
1.60999 0.82213 -2.39524
1.9601 1.33756 -1.89204
1.04842 0.98068 -0.86844
-0.3862 0.13774 -0.37018
1.07763 1.27275 -1.57757
-0.67847 1.0406 -0.74625
-0.31565 1.46282 1.04359
0.3909 1.69814 1.05894
-1.60254 1.54601 1.87672
1.20913 1.53272 1.22564
1.6287 0.78311 1.47447
-0.70168 0.36352 1.50204
1.8996 -2.03593 2.52179
-1.19 -2.6997 2.44721
0.28571 -2.5098 2.13122
-0.59128 -2.87131 1.40727
