-0.78313 -3.8887 1.64672
0.92058 -4.20077 1.17647
-0.0972 -2.97246 -1.13721
-0.79338 -1.66992 0.77546
-0.67732 0.19562 0.477
-0.14065 0.15758 0.17525
-1.78246 -1.22953 1.02967
-0.66833 -2.6814 -2.37925
2.1 -1.89578 -2.62403
0.25082 -3.46468 0.1393
0.02475 -2.85012 -1.88558
-1.53394 -2.20837 -0.71136
-2.70099 -2.86349 0.80022
-0.46566 -4.32191 2.4635
-1.71169 -3.8004 1.43209
-0.19368 -3.71577 1.07984
-1.59022 -3.32113 -0.50708
-1.17294 -2.33083 0.28183
-1.14387 -3.01538 0.6397
-0.78213 -2.44957 -0.07037
0.19005 -2.99628 -1.41145
-2.0932 -1.56589 -0.4713
-1.111 0.13701 0.6834
0.54989 0.41026 -0.21955
0.36232 -0.18632 -0.12968
-0.01263 0.20528 -0.03966
0.9495 0.53 -0.20296
1.51519 -1.23289 0.19843
-1.03138 -3.04033 1.01337
-0.27986 -3.88731 0.82953
0.04171 -4.78756 1.84285
0.04217 -6.70663 2.13686
0.18876 -6.99701 1.41476
-1.4397 -8.34935 3.3849
-1.3513 -8.21467 0.25686
-1.97948 -7.63813 2.2135
0.05034 -7.26724 -2.08119
-5.17516 -6.55934 -1.76353
-3.32494 -4.77074 -1.71169
-1.61624 -3.77868 -1.8606
-1.6196 -2.52763 -1.17252
-1.02968 -2.302 -2.46234
-2.06966 -0.65125 -0.25527
-1.42753 0.1017 -0.88299
-1.32505 -0.65306 -1.97924
0.44955 -1.50306 -0.73238
-0.38507 -1.23122 -1.97169
-1.03369 -1.53865 -1.12681
1.76749 -0.87408 -1.11828
-0.84611 0.01567 -1.91405
0.85678 0.18782 0.00566
-1.80831 -0.0064 -0.21417
-0.64415 0.46293 2.42458
-0.57371 0.22802 0.22554
0.65614 -1.36975 -0.90829
0.12354 -1.34032 -0.66639
-0.73371 -3.68563 0.00655
0.12261 -3.10822 -0.97588
-0.20103 -2.7212 -0.58562
-1.79031 -3.15955 0.5145
0.5925 -4.22173 -0.6935
-0.06532 -3.26697 0.1437
-0.99218 -3.07796 -2.26914
-1.73628 -3.34439 -1.19748
-1.6227 -3.85986 -1.06327
-0.79165 -6.30077 -0.92931
-2.06319 -5.94422 0.61092
1.17827 -6.95782 -1.69159
-0.57858 -8.23851 -0.81167
-3.67946 -7.7997 -1.50642
-2.43594 -7.4863 -1.38308
-2.60755 -5.91262 1.33441
-2.6352 -4.0731 -0.33535
-0.0758 -2.40198 -0.48927
-2.79232 -2.72235 -0.37054
-1.91823 -2.44643 -0.15519
-1.27936 -3.14835 -0.39747
-0.53556 -3.35999 -0.80819
-0.04589 -2.68391 0.57168
-1.04566 -2.27832 -2.79787
0.90242 -0.58467 0.32803
-1.88249 0.39534 -0.10433
-0.63778 1.29501 0.69736
-0.10596 0.91055 0.40907
0.8052 2.63234 0.23294
2.03078 3.20236 0.92893
1.33908 3.69516 0.99967
-0.36317 6.0631 0.94922
1.04746 5.30977 -1.66722
2.12281 4.82773 0.92208
0.13751 4.3831 -0.88269
-0.06672 4.41893 -1.24976
1.49791 2.62224 -1.38429
0.6516 3.05859 -0.32187
0.75108 3.10459 -2.04411
1.54198 1.53846 0.14925
0.74016 1.49019 1.4967
1.0749 1.16698 -0.22408
1.02148 0.81854 -0.50004
-1.20242 0.66731 1.87898
0.73711 1.11287 1.37585
1.16057 0.95879 1.02341
2.38746 0.06658 0.98561
0.39844 0.06642 1.70458
2.17361 0.46355 1.09774
0.86538 0.82999 2.21212
0.47768 -0.62595 3.13832
-0.09288 -2.85739 2.28144
1.21892 -1.70753 0.2055
2.93964 0.81948 0.6145
0.22698 0.10205 -0.88176
0.96625 0.74165 -0.84165
0.18861 1.48322 0.55209
-0.31565 0.88656 -0.04976
-0.63675 0.07725 -0.60639
1.18403 1.67084 -0.55334
-0.73484 2.50922 -2.2629
-1.37799 3.56203 -0.56774
0.47338 2.66279 -1.46078
0.18614 2.82473 -1.68681
-0.25025 3.99783 -1.7524
1.00992 6.13012 -1.71109
-1.75694 5.02394 0.87587
0.91779 3.77463 -0.03608
0.34135 3.13069 -0.85691
2.6275 1.60797 0.55562
1.42329 0.10559 -0.84414
1.25177 -1.51193 -0.40866
-0.65425 -0.4852 -1.77883
-0.59554 0.63648 -0.7432
-1.65571 2.13409 -0.30053
-0.21203 4.30224 -0.42381
-2.4575 4.4988 0.69233
-0.364 2.22732 0.92339
1.20629 0.43565 -0.24249
1.13419 -0.05951 -1.54958
-1.22092 -0.9752 -1.88177
1.78769 -0.27393 -0.70767
0.4447 -2.25653 -1.01831
-0.48873 -3.48031 -2.17456
-1.01285 -2.35643 -0.81441
-0.20143 -0.8525 1.47319
1.00909 0.80761 -0.76147
-0.61314 -0.40709 0.3458
-1.8291 -1.32824 1.41729
-0.43258 -0.50356 1.21461
0.98377 1.06334 1.42891
1.61127 2.38653 0.67477
1.80171 2.50542 0.47815
-0.89169 2.74086 0.57035
1.32845 0.82372 -0.82605
2.30843 0.18686 -1.80615
-1.90004 1.08962 -1.69229
0.19325 3.00105 -2.31524
-0.06117 0.734 -1.78392
-0.00633 1.84341 0.81643
2.06379 1.61545 0.471
-0.5562 0.15019 0.36558
-0.84251 -0.7871 -0.12616
0.1246 -3.52411 -0.1553
0.09217 -2.73062 1.14195
-1.2479 -3.05015 1.727
-0.85522 -3.60332 0.50394
0.25901 -4.03102 0.1604
0.90513 -4.4842 -1.17444
1.28652 -4.51066 -1.12292
0.06749 -3.5895 -0.56625
-2.73042 -4.31204 -0.46283
-1.93394 -3.92255 0.53289
-1.15626 -2.91386 1.05842
-1.90003 -3.14761 1.46604
-1.09154 -3.29312 0.20418
-1.06588 -3.31864 -0.95163
-0.62552 -4.75943 -0.56433
0.04627 -3.63712 -2.21743
-0.88826 -4.12052 -1.44457
-1.94693 -3.19871 -0.00757
-1.00887 -2.08263 1.57637
-0.45943 -0.6564 2.39462
1.10277 0.54526 1.47909
0.69089 1.28333 0.66236
-1.01707 -0.59241 -0.85359
0.36039 0.87821 -0.67096
-0.61856 -0.78846 0.11842
0.76527 1.26358 -0.09937
-1.46263 -0.19738 -0.18989
-0.27842 -0.87148 0.69474
0.96119 0.1216 -0.49414
-1.98475 -0.58671 -0.81108
-0.5879 0.28123 -0.18226
-1.52512 0.51295 -0.20881
1.23638 1.1923 1.51678
-1.26023 -1.3946 0.42427
1.88248 -3.16357 -0.63128
0.51313 -1.82719 -0.96919
0.65295 -0.05676 0.10251
0.25261 2.25231 -0.75739
-1.85975 3.11569 -1.10855
-0.66636 3.12668 -0.26127
0.05092 2.44883 -0.19994
0.03429 1.79417 -1.16902
0.92915 1.84114 -1.43864
2.08588 3.06305 -0.9991
-1.62289 1.56904 -0.45586
-0.15725 2.42604 -0.88748
0.05305 2.28016 -0.33365
1.30599 2.41574 1.05287
0.24268 3.70022 0.16814
-0.0795 2.61192 -0.25079
-1.0641 1.86584 1.5427
2.037 2.02572 1.20955
0.20034 2.21813 1.68369
0.72974 3.78446 1.63739
2.62183 2.71019 -0.43606
1.18375 3.20176 2.49383
0.9874 3.04002 1.53529
1.20378 2.28846 2.14975
1.42262 1.46609 1.576
1.42597 2.16872 0.21381
-0.11381 4.29796 0.62963
-1.40656 1.14703 0.07939
0.42099 0.73348 0.54563
-0.06029 1.27316 0.4402
0.49178 0.60169 0.59865
2.06096 -1.61923 -0.36723
1.54877 -1.64051 -0.89164
0.24324 -4.03057 -1.32238
-0.4611 -4.36951 1.207
0.58939 -3.65865 0.60529
-1.07473 -2.94056 -0.05979
0.57873 -1.67845 -2.49893
-1.39729 0.21627 -1.34764
-1.37021 0.45926 0.12779
0.29081 -0.25189 -1.20375
-0.38045 -0.07696 -0.74402
1.52789 -0.64755 -0.06785
-0.86863 -2.00852 -0.05831
0.5288 -2.30869 0.50495
0.10705 -3.80066 -1.23833
-0.64756 -3.62188 -0.40863
-1.65668 -4.18339 0.61678
0.46708 -2.95694 -0.44949
-2.59355 -2.37049 0.98649
0.17436 -3.99967 0.19101
-0.39054 -4.4251 -0.49991
-0.28887 -3.60891 -0.26637
-1.40594 -4.17406 -0.22577
-2.664 -3.72226 -0.79446
-1.61042 -4.64824 0.14378
-1.5693 -4.92566 1.07794
0.09341 -5.54179 0.41353
-1.13973 -5.18419 -1.37094
-1.18604 -3.79341 -1.48821
0.59761 -3.41868 -1.359
-3.15399 -2.40436 -1.09094
-4.20297 -1.79068 -2.12551
1.19653 -1.25794 -2.05405
0.39367 -1.77167 0.44554
-1.50997 -0.09108 -0.24169
-2.08073 -0.72481 -2.79482
-0.28215 0.7979 0.38547
-0.72051 1.42662 1.11473
-0.90399 1.21878 -0.03754
0.8651 1.06974 -0.01096
0.45458 1.16949 0.24084
0.11771 0.39239 -0.1055
0.35281 -0.24492 0.98733
-1.24996 -0.95766 1.28088
1.8093 -1.35496 0.9507
-0.08606 -2.10772 0.48693
0.34018 -2.04231 -0.26006
1.10192 -1.52726 -0.98646
-0.22268 -0.82312 1.03574
-1.46903 -1.42816 -1.30623
-0.00494 -1.75679 0.06123
-0.17438 -2.14436 1.03285
-1.77987 -1.54864 1.82741
-2.20085 -2.20396 1.27468
0.81424 -2.52913 1.71791
-0.93791 -2.05191 2.43104
0.6426 -2.11498 0.77543
-0.11606 -0.35429 0.13405
-0.37221 -0.4866 -1.35169
1.22198 0.79026 -0.97306
0.37535 -0.22975 0.25111
0.37361 0.19617 -0.97467
-0.99342 0.381 -0.69206
1.99507 0.4316 -0.4948
-0.556 0.13544 -0.43674
0.0878 -0.58971 -0.4976
1.04508 1.0158 -0.40389
-0.57014 2.34181 1.11305
-1.85801 2.59303 0.0196
-0.78837 2.63927 0.42299
-0.46838 0.45263 1.90336
0.73628 1.71414 2.00384
1.66879 0.87305 -0.28337
-0.25135 1.0263 1.1486
-1.46125 0.74077 0.32252
1.21117 -0.92181 0.86578
