0.30686 -0.05876 0.41443
-0.05619 0.47895 -0.27811
1.48601 0.13632 -0.34795
0.20111 -0.89692 0.19635
0.85065 0.55145 0.11974
0.90266 -1.75608 -0.52036
0.63502 -1.53936 -1.07209
-0.90345 -1.16101 -1.25574
-0.25402 -1.22617 -1.10807
-1.16552 -1.46015 0.02375
-0.70067 -2.71991 0.02921
-0.67688 -3.08806 -2.06938
-1.3062 -2.14547 -2.43388
-1.11423 -2.19222 -2.15446
-1.89849 -2.00291 -3.10083
-3.09421 -2.43151 -2.20773
-3.0089 -2.06217 -1.23654
-4.51861 -0.10057 -0.75812
-2.27704 -0.11751 -0.8249
-2.3328 0.61734 -0.66214
-1.59358 1.18485 0.00383
-1.28077 2.27534 0.00325
-0.45211 2.84564 0.2856
-0.52639 2.65963 -0.08466
-1.7054 3.30014 1.96635
0.87679 4.54032 1.48857
1.42154 4.71351 0.7861
3.47718 3.26235 1.76866
2.1004 2.3829 0.03861
1.75644 4.32693 1.16817
1.7506 3.45703 0.60696
0.61408 3.15264 0.47801
1.755 2.90522 0.07276
1.54451 2.19783 -0.40952
2.26166 3.00366 0.00408
2.94798 3.06665 1.9519
2.86444 4.02663 1.71649
2.25845 3.94697 0.60488
2.48117 2.631 3.48173
0.97625 1.35074 2.53547
2.32219 -0.33831 1.7443
5.34239 0.66232 1.65899
2.23644 0.43986 0.20265
2.26089 -0.39682 -0.37835
3.40388 -1.55864 1.33333
3.37875 0.08357 -1.9792
2.67386 -0.32663 -0.8168
1.04829 -1.17749 -1.10238
-0.39369 -2.07619 1.3406
0.7526 -1.44219 0.37558
0.62031 -1.47219 -1.77912
-0.82464 -1.54308 -0.21425
-1.68843 -1.22562 -1.80407
-0.60862 -2.6955 -0.95714
-1.04792 -0.14401 0.68178
-1.41416 -0.6949 -1.11476
-1.21479 -0.68933 -1.40423
-1.07192 -0.25475 -3.66071
-1.10875 1.38376 -1.99436
0.25031 1.9327 0.55762
1.00067 3.08026 -0.29468
-0.50539 3.01148 0.1294
-0.70317 2.29213 1.94049
1.01053 3.23163 0.44267
0.87941 2.62732 -0.01392
1.31274 0.92514 -0.46283
1.00701 -0.05877 1.41448
2.4599 -0.1584 -1.48148
2.25441 -0.14015 0.07805
0.2573 -1.25013 -1.3296
0.40374 -0.51996 -0.60123
2.26058 0.72101 -0.37239
-0.52718 1.16824 0.17674
-0.1792 1.80952 0.79923
0.11849 0.6408 -0.11351
1.69292 0.40636 -0.59055
1.65358 3.28607 -0.2273
1.08906 2.90505 -0.17609
0.4147 3.37643 0.69377
0.53981 4.69269 0.95859
1.10334 3.6009 0.94893
2.17459 1.09555 0.80101
2.4396 1.50784 1.34432
3.66838 0.90266 1.56661
2.23301 1.85833 -0.33444
2.94703 3.36686 0.98363
3.28071 2.81786 1.87916
1.59714 0.91582 1.65204
1.154 0.45249 1.54911
3.18955 -1.13297 -2.36224
2.22824 -1.60797 -2.49057
3.35933 -2.83501 0.13274
2.57746 -0.10044 1.08896
0.11435 0.58435 -0.38832
-0.71188 0.10061 0.37796
-2.09864 -0.7734 -1.51725
-0.34147 -2.5844 1.57632
1.00319 -3.2402 1.0132
-0.42517 -0.1127 -1.73321
-1.12182 -0.64633 -2.79112
-1.9961 -1.86996 -2.22963
0.59145 -1.61451 -1.01133
0.16607 -1.37324 0.0995
-0.72989 -2.51493 -0.05545
-1.6318 -3.23148 -1.63743
-2.16638 -3.53428 -0.68399
-1.05571 -2.58097 -0.81203
0.34091 -0.83016 -0.53345
2.4532 -2.01816 -1.63546
0.52156 -1.30316 0.21168
0.63778 -0.0782 -0.33045
0.65631 0.47206 -0.56629
1.17838 0.04857 0.55686
-0.36413 2.13399 -0.39229
-1.63888 0.44714 1.66214
-1.4248 -0.33004 1.98766
0.33302 1.56526 2.34474
0.14625 1.01686 2.36213
0.73141 0.623 1.69119
1.30215 -0.53901 0.81134
1.52924 -0.25467 1.05278
2.03735 -1.64207 2.17064
0.71158 -1.62272 0.77679
-0.29097 -1.80479 -0.07049
0.49018 -0.55397 -1.71603
-0.8184 0.70914 -2.14082
-0.91631 1.51762 -1.05713
-0.30605 1.40257 -1.06461
-1.25846 1.60958 0.66542
1.29582 1.69681 -2.47848
1.9253 1.98091 -0.93609
0.91683 -0.75991 2.18893
0.52887 -0.45424 3.07663
0.24681 -1.83656 3.12171
0.91512 0.25319 1.73359
-1.01403 1.29014 1.78529
0.06262 0.96189 -0.56926
-2.91073 2.0714 -2.12923
0.24804 0.81029 -1.46074
2.06265 -1.10975 0.53111
1.88721 -1.30166 -1.02564
1.81513 -2.66157 -0.72126
0.28213 -3.15291 0.01439
-2.60308 -1.65342 -0.83969
-0.8962 -1.27069 -0.11059
-0.7124 -1.85135 0.5876
-0.83915 -1.26861 0.27841
-0.28327 -2.89235 -0.37155
0.49715 -3.55301 -2.0531
0.74311 -4.07524 -1.23377
-0.38265 -5.23263 -0.49131
-1.03849 -5.10255 -2.19175
-2.20785 -3.69687 -1.79231
-2.81447 -4.2229 -1.91084
-0.12329 -2.85527 -3.42764
-1.3353 -1.53108 -3.06788
-3.15572 -2.35292 -2.17746
-3.1741 -2.41458 -1.14344
-2.04585 -3.70947 0.41541
-3.88952 -2.65099 -0.64566
-2.7475 -0.90927 -0.55791
-2.70876 0.27208 -0.63647
-1.97502 -0.17717 0.10588
-0.37347 -0.24249 0.9557
-1.24441 -0.50739 -0.73896
-1.42798 -1.09345 -0.50762
-0.58658 -0.3423 1.03899
-0.08129 -0.50248 -0.19006
0.91031 -0.3421 1.20476
-0.17266 0.24836 -0.15966
-0.90302 0.08056 0.06726
-0.47685 -0.08469 2.32317
-1.24559 1.20998 0.41209
1.0421 0.86887 -1.19325
1.81961 2.55015 0.31943
2.51549 2.04804 1.35845
2.50068 1.87034 1.55753
0.24555 1.83633 0.77443
-0.85363 1.42336 0.17109
0.42793 -0.02005 -0.75023
0.9443 -1.71023 -0.60278
2.0348 -0.42832 -0.10415
0.96224 0.49937 -1.05751
0.715 -0.05564 1.0535
-1.86045 1.98219 1.04544
-0.66458 2.20972 -0.18453
-1.47173 2.27808 -0.90579
0.10607 1.49098 -2.82279
1.49235 1.56175 -1.19495
1.55326 2.58701 0.35964
0.29986 2.15198 0.84605
-1.54317 1.91953 1.91116
-1.03241 2.55809 0.33278
1.11364 0.99266 2.60772
1.18788 0.47542 2.40312
0.11649 -0.91549 2.51253
1.26614 -1.64336 1.15952
1.69495 -1.7901 1.56951
2.38622 -0.53352 1.86075
1.16747 -0.92648 0.02251
1.36589 -1.08506 -1.78642
0.22735 -1.16605 -0.58437
1.47375 -3.45446 1.30271
1.5318 -3.3921 1.44727
0.71139 -3.85634 0.16385
1.20617 -4.068 0.24595
-0.54917 -4.71867 -0.8747
-1.29468 -4.88645 -1.59237
-0.68881 -4.73722 -2.53981
-0.59616 -4.00906 -1.23166
-1.41491 -1.92006 -0.98963
-2.21687 -2.1321 -1.11062
-3.27423 -2.45188 -0.64887
-3.54918 -1.87544 0.94543
-1.13035 0.16636 -2.24138
-2.34526 3.0339 -2.30329
-0.62324 2.28176 -0.12733
-2.9917 1.17446 2.75797
-0.91426 0.25613 1.01009
-0.35201 -0.08445 0.83209
-0.27035 0.77975 1.31244
-0.1907 1.34018 0.71207
0.13942 0.55059 -0.84804
-0.90065 0.78614 -0.49188
1.98287 1.33302 -0.85306
2.29344 0.51661 -0.22006
3.24834 1.37291 0.52861
-0.3199 0.67386 -0.20058
-0.82121 -0.3844 -1.27515
-0.20036 -1.4111 -0.64217
1.89126 -1.29477 -0.97739
1.62264 -2.43209 0.89052
0.60222 -2.83582 -0.04181
-1.58205 -2.93663 -0.90343
-2.01892 -3.79456 0.41879
-1.28755 -3.05513 0.4659
-1.68336 -2.0296 0.72781
-0.9249 -1.78897 0.37217
-2.34841 -0.90558 -1.90685
-0.56343 -0.83104 -0.66342
-0.25046 0.75805 -1.08873
-1.22603 1.89219 -1.84688
-2.63884 1.14374 0.54836
-1.48959 1.3199 2.4171
-0.90927 1.52652 1.65746
-0.10332 0.01738 -0.34768
-0.10471 -0.62901 0.26305
-0.23678 -0.24773 1.77805
0.54898 2.05282 2.31765
0.69241 2.53535 0.03553
-1.50218 2.62115 1.1589
0.37989 3.62756 0.37514
1.45426 2.1265 -0.21003
1.89247 1.77968 0.15828
1.54446 0.59247 -0.09808
0.92724 -0.56235 -0.61313
-0.70344 -0.59615 1.16852
-0.66831 0.0631 1.19324
-1.43184 0.26666 -0.23918
-0.12709 -1.37466 1.22894
0.04167 0.19224 1.75986
3.10909 -1.02082 -0.51692
-0.52157 -1.77259 0.53538
0.44019 -2.84446 -0.94898
0.42998 -3.12206 -0.49232
0.03295 -2.26699 -1.74284
-1.92093 -0.23787 -1.10757
-1.26041 -1.40743 -0.98291
-2.51708 -3.1582 -0.10079
-1.22041 -3.35846 -1.28373
-0.53475 -2.25743 0.07848
-1.11167 -2.84184 -1.28802
-2.85152 -1.91827 -0.50498
-1.09772 -2.81109 -0.03409
-1.84226 -1.39209 -0.96064
-1.19098 -1.92145 -2.10967
-0.49055 -2.67372 0.9657
-0.64151 -3.09261 1.6259
-1.69509 -3.32934 -0.18041
-2.61632 -2.29174 1.68337
-2.57115 -1.53949 -0.24338
-3.04743 -2.61095 0.04845
-0.17079 -2.23571 -2.42312
-0.77502 -2.13859 -3.88724
0.34121 -2.46096 -2.64727
-0.37439 -2.71954 -0.39371
0.57136 -0.28166 -1.10323
-1.53148 -0.54878 -1.42379
-3.50831 -2.15113 -0.89358
-1.96674 -2.80345 -1.09666
-1.33598 -3.55231 0.06105
-1.27569 -4.01531 -0.32031
-1.1447 -4.18353 -1.31367
-1.34848 -3.28878 -1.69948
-1.56269 -2.59703 -3.48127
-1.47723 -3.34205 -1.69868
-2.44198 -2.26595 0.96157
-0.96473 -2.6385 -0.70654
-1.32076 -2.13439 -0.43994
-0.7681 -2.87455 -0.92383
