0.67237 1.37246 -1.39449
0.63498 -0.77356 -0.0399
1.11019 -0.36262 -0.58037
-0.75927 -1.56938 1.82485
-0.07562 -2.69325 -0.62137
0.65583 -1.72366 1.48438
1.28505 -1.42566 -2.41985
-0.20366 -1.37667 0.08181
1.59847 -0.10665 0.08145
-0.30059 -0.57984 0.07676
-0.19277 -0.12837 -1.32164
-1.6566 -1.7366 0.06279
0.07886 -0.66466 1.57584
-1.25799 -0.72241 1.97345
-1.80027 -2.11047 -1.19492
-1.09704 -2.51454 -2.56801
-2.264 -3.5783 -0.58549
-0.34295 -3.73208 -0.38806
-0.41809 -3.87798 -0.76912
-1.94949 -3.361 -1.5375
-2.50525 -4.53001 -1.41556
-0.98256 -3.93329 -0.3789
-1.47181 -2.52463 0.08365
-1.06398 -1.34802 -0.22242
-1.02358 -2.82034 -0.77269
-2.42081 -2.81625 -2.55318
1.39301 -3.27666 0.60621
0.82826 -2.8062 -0.39426
-0.2292 -1.35139 -0.45941
-0.12017 -0.93525 -1.70365
-1.1588 -0.76934 -1.96817
0.02847 0.16156 -1.16827
1.1204 1.19516 1.37044
-0.91264 1.2699 -0.54789
-0.23839 0.51124 -0.96414
0.556 0.79092 -1.01231
0.43497 0.44722 1.06371
1.43746 1.03698 -0.45392
0.21984 1.90515 -2.09161
0.93412 1.34724 -3.13743
1.9316 1.22355 -1.31898
0.77354 1.17363 -1.95009
0.95369 1.67825 0.22711
-0.9754 2.84067 -0.35391
0.01036 0.93536 1.61664
0.60188 2.91484 3.04216
0.22711 1.21255 2.64672
0.28894 1.52959 0.39277
-0.93596 1.24462 1.77107
1.3154 -2.06877 0.67573
0.92197 -2.39226 0.90599
0.0841 -3.26398 -0.31929
0.07004 -2.07408 -0.25302
0.5868 -0.8434 -0.53263
0.37392 -1.38196 0.12127
-2.75118 -0.18856 0.97807
-0.83263 -2.20818 0.19803
-1.17272 -1.08587 -0.1439
-2.43673 -1.54379 -0.3194
-0.0419 -2.10254 -1.04094
-0.35096 -2.12515 -0.24027
-0.629 -2.21961 -1.0655
-0.95994 -3.67998 0.9378
-0.72117 -2.04716 1.59752
-2.50721 -3.21949 0.56601
0.14523 -1.55991 -0.11737
-1.42298 -2.09773 -1.10823
1.00986 -3.70511 0.1818
-2.21441 -4.36026 1.54518
-0.99628 -3.2627 1.79985
-0.43451 -1.26293 -2.62884
-2.12215 -1.06828 -1.92338
-0.90451 -1.92693 0.08979
1.14726 -2.63332 0.08478
-0.40841 -1.63 -0.3695
-2.71854 -0.90948 -1.07662
0.4858 -1.34687 -1.81765
-0.19427 -1.60771 -0.13594
-1.13931 -2.12576 0.76817
0.33895 -1.40505 0.72037
-1.20508 -0.37367 0.54231
-1.2178 -0.25509 -0.7396
-1.88694 -0.81784 -1.15878
0.23503 -1.2586 -0.80663
0.53977 -0.32662 -0.89564
-0.50948 -0.67666 0.19594
-0.84437 0.83729 -0.67166
-0.75403 0.15751 0.22249
0.50835 1.57178 -1.39009
-0.59985 2.83185 -2.2996
-0.79231 2.0314 0.4268
2.01232 3.67515 -0.89647
0.68023 3.15573 1.39065
-0.33767 3.49708 1.69
1.02095 2.70192 0.13172
-0.74592 1.97596 -0.11439
1.55213 2.36313 2.71195
1.9651 1.83972 0.83622
1.59838 0.26995 3.0197
-0.21835 0.9807 0.01365
2.098 1.81044 0.51463
2.33056 0.00598 -0.83761
-0.10677 0.54825 0.85139
1.83835 1.26485 1.47149
-0.81265 1.25149 1.36041
0.03317 0.97912 0.26667
-1.13755 2.37017 -0.15455
0.8781 1.94952 1.28115
0.54051 2.91462 1.12785
0.48962 1.38255 1.3068
1.20553 2.79484 2.77729
0.02248 5.0027 0.38884
1.10219 4.93883 2.27597
1.97546 5.0762 1.69103
1.37031 5.25266 0.36793
1.27086 5.83957 2.45594
2.33314 4.84059 1.22685
2.38055 4.55443 1.7829
2.428 5.04133 1.59632
1.26103 4.75933 0.19577
1.57931 3.83764 2.43371
0.2946 4.20279 0.49452
3.20944 3.79505 0.05051
2.16865 5.00244 0.73629
-0.53197 4.92202 1.55913
2.41716 4.40661 0.0369
0.09752 3.26978 0.55204
0.24329 1.90347 1.4333
1.16801 2.73746 0.47966
1.80062 3.26594 1.2563
-0.40524 3.72841 1.57137
0.18843 2.78592 -0.26847
0.2852 3.0112 -0.17855
-0.44796 2.78715 2.20769
2.72389 1.11321 -0.10237
0.46205 -1.19441 1.43069
0.29758 0.70806 -0.15226
1.3035 0.84511 2.05603
0.61063 1.35492 -1.63958
0.82891 -0.14559 -0.14463
-0.3613 -0.28485 3.99927
-0.62252 -0.20431 -0.15541
1.29641 1.16591 0.12748
-1.1832 0.92682 -1.06177
0.78829 1.2387 -0.92054
2.66313 1.61489 -0.11548
1.9401 1.90718 1.71791
0.42374 2.59885 -1.07043
-1.33381 4.19916 -0.17272
-0.11174 2.57261 -0.35817
2.55134 3.4803 1.1129
0.26993 2.96439 0.69464
0.33315 3.36681 0.98134
-1.21307 2.09363 2.39091
0.59166 1.12002 -0.47054
0.31685 0.25356 0.26987
0.63278 -1.40268 1.61076
0.79311 0.23409 -0.00952
0.14486 -0.87864 -0.31198
1.65522 -1.10848 1.18187
0.66707 -1.09143 -0.54285
0.64881 -1.51973 -1.63321
0.17281 -3.07466 0.89945
-0.45636 -1.64662 -0.87392
-0.45179 -0.5346 -1.51469
-0.33058 -1.0937 -2.56442
-0.62955 -2.71251 -1.33354
-0.31198 -2.35646 -0.06742
0.18214 -1.57817 -0.6338
-0.69063 -0.34674 -2.72739
-0.29393 0.47099 -0.99121
-0.41117 -0.90365 -2.4416
0.20041 -0.40715 -0.82904
0.63495 -1.98767 -1.69828
-0.39853 -1.49542 -1.3536
0.29319 -1.85787 -0.86004
-0.85205 0.22553 -2.683
-0.29086 -0.19146 0.8972
0.37474 0.26749 -1.32784
-0.05376 -0.34294 -1.31218
-1.75371 -0.65686 -0.39689
-0.86547 -1.1914 -0.04706
-0.00281 -1.76233 -0.89493
0.14615 -0.70583 -0.27608
-0.78279 -1.4789 0.1006
-0.14638 -0.6101 -0.99125
0.53707 -0.0909 0.85567
-1.20662 -0.78218 0.81325
-0.81848 -1.36108 -0.59884
-0.42409 -1.77051 -0.101
1.3479 -0.13468 0.26187
-0.7516 -1.33463 -1.41957
0.24347 0.04134 -0.25971
-0.75775 -0.94347 0.42253
-0.35319 -1.2592 -1.75766
-0.67367 -1.00909 -1.08734
-1.0874 -1.58363 -2.15839
-1.20677 -1.23022 1.43249
-1.98181 -1.20941 -0.28113
-0.1324 -2.45119 0.73119
-0.14669 -2.13452 -1.09782
-0.1815 -2.75314 -0.77844
-0.11747 -3.84093 0.3683
-1.89502 -3.67007 -0.11828
1.12295 -3.84262 -0.43357
-2.28651 -4.10212 -0.23077
-1.0111 -4.50354 -3.24033
-1.04246 -4.68252 -1.72099
0.67636 -6.53355 -1.33159
-0.81337 -7.03274 -0.99536
-0.10013 -8.01309 -2.29017
-2.66699 -7.3279 -1.26211
-1.70766 -6.95597 -2.64062
-1.58742 -8.29097 -2.46574
-2.54859 -6.83185 -2.80696
-1.23472 -7.85894 -3.5848
-2.02597 -9.6711 -2.65045
-2.97444 -8.8555 -0.47011
-3.89634 -6.34299 -1.65451
-2.10372 -5.73561 -2.51822
-2.60122 -5.75181 -2.84423
-4.4466 -5.21098 -3.24714
-2.26258 -4.89196 0.31905
-1.21109 -5.2012 -0.43572
-2.904 -5.89805 -1.42324
-1.74061 -5.46023 -1.94615
-2.02966 -4.27014 -1.47345
-3.22306 -4.06655 -0.14565
-2.03441 -4.94886 -0.39796
-0.22004 -5.31241 0.68218
-0.77257 -4.81 -3.37386
-2.1964 -4.42177 -2.26451
-2.2483 -4.96538 -3.08647
-2.56048 -5.27979 -0.64023
-3.12303 -6.9229 -1.09586
-1.21073 -5.12743 -2.20718
-1.85537 -5.60362 -1.68919
-3.35508 -5.89847 -0.81574
-3.33728 -5.21534 -3.31375
-0.76889 -5.43883 -1.62013
-0.56639 -4.5803 -0.63756
-2.407 -4.07251 -2.09067
-0.23979 -4.27449 -0.34288
-2.69754 -5.47631 -0.71142
-3.16757 -5.44958 -1.03541
0.17594 -6.72854 -1.86714
-1.15375 -5.8673 -2.26445
-1.232 -5.17521 -0.55252
-1.03207 -5.12748 -1.60869
-1.90611 -4.88569 -1.7692
0.01037 -6.15719 -3.11175
-2.67451 -4.93453 -1.11515
-1.87008 -5.4868 -2.96809
-2.89865 -5.99573 -3.43978
-2.83962 -5.87594 -2.59789
-1.22998 -7.12579 -2.24632
-0.17064 -5.37343 -2.95904
-0.72915 -4.6131 -2.55082
-2.49166 -4.38715 -2.68349
-1.40756 -3.9826 -2.01851
-2.48237 -3.07618 -2.5256
-2.83961 -1.5938 -1.11789
-0.79502 -3.21576 0.94058
-0.59901 -2.19552 0.05309
-1.38755 -2.01392 -2.11505
-1.67885 -1.50586 1.01812
-0.53971 -2.27776 0.2551
-1.12161 -3.32285 -0.34857
0.17501 -3.99743 -0.63079
-0.01803 -3.34174 -1.03152
-2.40843 -3.37428 -0.35113
0.16567 -4.05139 -1.22092
-1.39899 -4.89618 -0.83947
-1.23723 -3.12537 -1.46126
-0.43919 -3.60794 -1.86618
-0.9881 -4.94709 -2.07632
-1.9315 -4.6257 -1.74809
-0.62157 -3.98219 -3.06732
-1.21214 -3.62232 -2.12253
-1.97149 -2.76491 -0.53102
-1.44378 -2.58599 -2.39955
-1.77956 -3.15298 -1.57352
-1.34017 -2.8188 -1.26939
-2.24087 -4.37438 -1.86897
-2.57466 -2.47325 1.12948
-1.68947 -2.50075 0.57569
0.04856 -2.23963 -0.47981
-2.44845 -1.43911 -0.10439
-0.02358 -0.47158 -0.91696
0.65785 0.33783 -0.46671
-0.59902 1.80825 -0.78787
-1.34091 2.64658 -0.47248
-0.05013 0.44426 -0.4711
0.66213 -0.74919 -2.09283
0.84701 0.28173 -0.92172
-0.29621 -0.84669 -0.80783
0.84219 -0.77766 0.41883
-0.34375 0.45443 1.12344
0.2798 1.38275 -2.2344
-0.17134 2.16442 -1.55606
