-0.47423 -1.65224 -1.05698
-1.23303 -3.61802 -0.53223
-1.05919 -2.99477 -0.7148
-1.6065 -3.91354 -0.27537
-0.40413 -3.62352 -0.87995
0.42656 -4.75377 1.58306
-0.68735 -4.68052 -1.39626
-1.38442 -6.18088 0.83454
-1.49572 -5.75443 -0.49674
-0.57745 -5.68806 0.78163
-2.43893 -5.08645 -1.39373
-1.46203 -5.03279 -1.61872
-0.65263 -5.71842 -0.04012
-0.63283 -6.38602 -0.9568
-0.1022 -6.08702 -0.61863
-0.86098 -5.50194 -1.97555
0.69433 -5.60244 -0.42105
-0.79112 -5.54267 -1.31347
-1.82763 -4.69494 -0.59183
-2.8132 -4.98279 0.55321
-2.38244 -3.21022 1.61867
-1.10445 -2.34869 2.66305
-0.37145 -1.57538 1.47701
0.04084 0.00115 -0.12755
-1.4366 -0.03728 -0.89066
-0.49084 -2.6423 -0.2343
0.15334 -2.67458 2.01887
-0.76727 -1.01616 0.95791
-1.12134 -0.20036 0.88497
1.92458 0.04282 1.39443
0.01254 -0.43045 1.03305
1.79412 -1.09792 -0.05354
0.17057 -0.58818 -0.74591
1.18367 0.52928 1.02576
0.25705 1.58321 3.38315
0.36625 4.93743 2.31081
0.15889 4.71665 1.32921
1.50919 4.06539 -0.56574
0.72335 1.82645 0.89394
1.82835 3.75407 1.51902
2.99248 3.46452 0.90454
3.04932 4.16547 -0.04814
3.39849 3.70688 -0.50734
2.48516 2.4196 -1.54805
1.45652 2.3146 -0.57556
1.36611 3.44042 -1.20121
1.67448 1.59505 -0.41398
1.32609 3.80241 -1.5595
1.71676 1.77056 1.08797
0.75988 1.93147 0.108
1.26254 2.28278 0.62148
1.43611 1.70015 0.95965
2.05627 2.05491 -1.49206
1.21647 -0.59938 -1.80603
0.71589 -1.77735 -1.42374
1.34003 -3.29454 0.32591
-0.34318 -3.9019 1.04417
-1.87725 -4.10885 0.3338
-2.07018 -5.1435 1.78402
0.64359 -4.49599 2.37417
-0.80728 -3.44156 -1.0068
0.71713 -2.52987 -0.61199
0.82137 -1.05883 0.19181
-1.61547 -1.44726 0.45952
-1.18813 0.12703 1.22444
0.142 0.0125 2.25698
-0.99731 -0.1247 -0.3601
-0.01161 1.77657 0.20324
-0.41183 1.38749 -1.1905
0.96315 -0.55723 -0.46339
3.29801 -1.48357 0.4375
0.06033 0.21013 -0.20056
1.5988 -0.5854 0.69375
0.43605 -0.05049 -1.16923
0.00311 0.86842 0.86736
0.38878 -0.273 2.5838
-0.02309 -1.39129 2.86867
1.02837 -0.53611 0.95121
0.47038 0.38175 1.00597
2.27095 2.98392 1.02241
-0.431 3.32685 -0.00972
-1.52843 4.23025 0.26473
1.0852 4.21081 -0.21583
-1.49579 4.39989 -0.46879
-0.77949 4.12787 -0.77302
0.1613 3.93506 -0.84796
0.00644 4.92828 0.23021
0.45451 5.50081 -0.94477
-0.85128 4.66113 -0.05978
1.93322 6.3187 0.185
1.45273 6.90956 -0.43131
1.23089 6.25077 -1.08086
2.39867 3.8936 0.10972
0.84851 4.81185 -0.17157
0.81483 4.88358 0.16991
1.45987 3.1609 -0.37675
2.80976 1.95295 2.34967
1.78408 0.67786 1.92883
0.78875 0.40531 0.15816
1.49965 0.55152 0.55413
1.92885 2.68325 -0.27178
1.29535 3.69626 -0.86883
1.52062 2.2139 1.92933
-0.33073 3.542 -0.39555
-0.07492 2.99106 1.53198
2.06538 4.03977 1.0445
1.99377 4.56729 1.30033
1.93203 4.07725 -0.0905
1.97365 3.41689 1.50117
2.08327 4.28411 1.36463
0.67791 3.63243 2.87156
1.14824 2.88273 1.14868
2.66493 2.65193 0.87466
0.90507 2.17807 1.32196
0.64176 2.57914 0.24593
0.00624 2.44731 1.81384
1.14881 3.79109 1.30479
-0.12676 6.67899 1.46047
0.04933 6.42364 -0.22348
0.18665 4.91502 -1.56857
1.44378 3.38114 -0.24756
0.82237 2.9568 1.38974
0.03513 2.45975 0.82578
2.18497 3.56715 -0.80651
1.59457 1.91663 0.58497
2.21831 0.25905 1.19312
1.16682 0.56269 0.41381
0.77661 -0.77014 -1.47219
1.84267 -0.82972 -0.02796
1.28267 -0.96788 0.93765
0.20932 0.79041 -0.0367
0.02769 0.29468 1.72327
0.07631 1.27732 3.58839
1.80096 1.58238 0.21721
1.55551 2.175 2.21583
2.53278 2.9098 1.77465
2.93635 3.07022 1.92168
1.66426 3.72465 2.02385
0.76789 4.06909 0.87455
1.41692 3.37952 0.93583
2.86275 3.21447 -0.47166
1.43152 4.3067 -1.58858
3.53165 3.42737 -0.58034
0.94628 2.34 -1.56047
0.14815 0.66214 -2.88054
1.73097 0.80258 -1.63663
-0.26177 0.80252 0.07694
-1.01898 1.64841 1.6033
0.66652 0.75733 -1.65053
1.45708 0.62282 -0.58286
1.31505 1.01025 -0.04903
0.77463 1.04775 -0.07622
2.28208 -0.32401 -0.03633
2.4551 0.39137 1.28449
2.3736 1.36857 1.34537
3.01781 0.84064 0.42255
1.57785 1.7607 -0.74758
0.03033 1.19572 -1.69971
-0.20412 1.19933 -1.0469
-0.34984 1.2232 0.67437
-0.67632 2.53269 0.55362
-0.58405 3.06059 1.07581
1.48263 2.46221 1.17634
0.14573 2.22517 -1.18692
-0.41711 3.17323 -0.40591
0.96881 3.44307 0.18605
0.25301 4.53207 -0.58042
2.45455 4.30898 -1.16569
0.48474 4.36876 0.8258
-0.10594 3.86626 1.91563
0.17854 4.99702 -0.59716
1.63017 5.1366 -0.65976
2.22244 4.63332 0.81887
2.46003 4.9237 0.73639
2.45055 5.50909 -0.07802
3.29379 4.60473 -0.57259
3.31246 4.3726 1.06286
3.25268 4.67778 0.49377
1.27024 5.00479 0.37991
2.24588 5.08922 -0.70974
0.69151 4.97291 -0.29828
2.23424 3.8243 -1.70938
1.88522 1.9354 -0.76282
1.86735 -0.11558 -0.44707
2.50045 0.77274 -0.94518
3.75313 1.47973 -0.54573
0.15082 0.74674 -0.47816
1.17441 -0.00876 -1.01239
0.0488 -0.61703 -0.13467
0.22851 -1.10353 0.05425
0.27063 -3.18638 1.3609
-1.03663 -2.17846 0.48561
2.36057 -2.87485 1.20894
1.79592 -1.10413 1.47168
0.86878 0.01345 0.32585
-0.80923 2.13802 -1.73483
-0.27197 0.13792 -0.31191
-1.1303 0.03104 0.36871
-1.96367 0.4638 0.44883
0.21445 -1.21647 0.96296
2.51258 -0.48079 -0.3008
1.61839 -0.9401 0.58913
-0.2338 -0.70603 -0.04578
-0.06619 -1.2957 -0.19541
0.50032 0.19871 -1.58343
-0.808 1.98009 -1.12878
-2.11238 1.99701 -0.17663
-3.16358 1.44298 0.95061
-1.88813 2.66849 0.54319
1.32396 3.78052 0.07149
1.97822 5.67163 -1.06756
-0.08515 5.05443 -1.17983
-0.79343 4.36256 0.10592
-0.59588 3.78099 -1.20494
0.58535 2.20956 1.53231
2.55468 3.0915 -0.54243
2.01339 3.07711 -2.08317
1.7782 3.6289 0.16978
1.1814 1.67828 -1.1764
1.35686 1.25119 0.3181
1.70083 1.03566 -0.70709
0.60994 1.01892 -0.45408
-0.8564 1.73083 0.05222
0.87501 1.76722 1.84378
-0.0646 2.39875 0.51869
-0.04634 2.1833 0.09866
1.12743 1.16486 2.54651
1.09197 1.41438 0.64443
1.39204 1.24436 0.35249
2.55127 0.39568 -0.13586
1.76993 -0.59244 -0.33791
1.50335 -1.16021 -2.4069
-1.02318 -2.16021 -2.14048
1.42957 -2.39931 0.56126
0.66028 -3.91819 0.06562
-0.25725 -3.66939 -0.68804
-0.48769 -2.37349 -0.36618
-0.85849 -3.9798 -0.46066
-1.05281 -3.26598 -0.3981
-0.72029 -3.34243 -0.64926
-1.87366 -1.87827 1.22747
-1.58445 -1.05561 0.79923
-3.25189 -0.43356 0.96331
-1.44087 -1.20188 0.0836
-0.5174 1.03609 -1.18088
1.43899 -0.03404 -0.77647
-0.42902 -1.01386 -1.52897
-1.18539 -0.027 -2.01905
-0.14726 -1.71423 -1.13247
-0.88919 -2.54544 -0.46795
-0.64034 -3.46508 -0.65804
-0.71838 -0.75563 0.8034
-2.0791 -1.0986 0.18786
-2.52972 -2.57165 0.51062
0.3247 -1.88612 -0.66404
-1.34002 -2.65243 -1.05137
-0.84449 -1.49672 -1.55034
-1.85129 -1.8607 -0.45925
-2.44841 -1.61137 0.11827
-1.0062 -2.79598 1.26345
-2.20586 -3.63816 1.2098
-0.43363 -4.78226 1.93772
-0.69333 -6.54919 3.09074
-1.32271 -3.92995 0.09585
-1.2587 -3.08182 1.65863
0.54386 -3.4759 0.24922
-1.74182 -6.35209 0.23724
-1.79785 -5.32013 0.02995
-3.84094 -4.21327 1.99119
-2.99772 -3.42099 1.22572
-1.45839 -1.27397 -0.41241
-1.38909 -1.28836 -0.04561
-0.87957 0.10499 0.63711
-0.83351 1.34445 -1.66522
-0.35497 0.07715 0.66153
0.60372 -0.86516 0.1336
-0.3399 -1.06153 -1.34695
0.43237 -1.45189 -1.71482
0.70381 -1.11374 0.01916
-0.64665 -1.91964 -0.1285
-1.41761 -0.25824 -1.01776
-2.04691 -0.60519 0.78012
-0.85046 -0.57252 1.24786
0.86958 -0.09438 -0.81198
0.56765 -0.13495 1.35739
-0.94982 -1.75816 0.73665
-0.84727 -1.42143 0.72609
-1.2866 -3.07305 0.56421
-0.31423 -2.67923 0.56805
-0.51113 -2.31005 -0.14757
-2.23527 -2.59411 -0.1247
-0.79235 -2.51148 1.06385
-0.95903 -2.01857 0.30363
-0.94508 -2.59287 -1.0724
-1.30234 -4.52257 -0.61277
-1.19303 -5.23904 0.8164
-1.70529 -4.72261 0.55925
-1.3622 -2.49184 2.0486
0.17946 -1.90968 1.75761
-0.84011 -1.85368 -0.06105
