-2.63046 -0.67009 -1.18581
-2.62238 -0.41151 1.90977
0.18818 -0.24486 -0.44167
-0.80215 -0.43036 0.53008
-0.88349 -0.22001 -0.66784
-0.90709 -2.92276 -0.39288
-0.4956 -1.11237 0.00438
-0.86861 -0.54326 0.54952
0.65939 0.22667 -1.33813
-0.82319 0.24198 -0.11541
-1.45202 1.65131 -1.22324
-0.29445 -1.34279 -0.40736
-0.16197 0.43104 0.66326
0.9554 -0.18133 0.57085
0.07642 -1.72541 -2.08725
-1.6741 -1.35797 0.34328
1.39168 -0.02464 -0.14662
1.78046 -1.16408 2.94746
0.27554 2.12276 -0.89934
-1.56694 0.08446 -1.67675
-0.03041 0.93334 -0.17403
-2.01649 0.21911 0.5044
-0.32492 -0.84836 0.92817
-1.87645 -1.5389 0.15159
2.61381 -0.04233 -0.2617
-1.01991 1.39848 0.45495
-0.44367 0.75128 0.79049
-0.35879 0.46456 1.71913
2.80903 2.49129 2.18933
0.61839 -1.70296 0.08367
-1.05227 1.23906 -0.2992
0.09152 0.54688 -1.75318
-1e-05 -0.007 0.12706
1.95764 -1.23152 0.39875
1.38289 -0.80325 -0.46143
-0.74126 0.43156 1.50255
0.12603 -1.29247 -0.2906
0.2997 0.3184 1.0571
-0.44032 0.21719 -0.45744
0.51371 -0.80847 -0.38992
-0.60069 1.2171 -1.09031
-1.1182 -0.8136 -3.16683
-0.95275 0.97319 -0.3563
-1.15415 0.7418 1.76847
-0.21694 0.32324 -0.78014
1.10711 -0.76692 -0.20845
-1.04638 -1.83726 0.54225
-1.24374 -0.43537 -1.56807
1.6596 -0.04298 -0.67376
0.49734 -0.35456 0.2712
-0.98388 -0.22322 -1.11681
0.0235 0.7333 0.7138
-0.71413 -0.68211 0.12843
-1.08775 -0.15084 -0.56069
-0.57103 -1.30609 1.16898
0.39857 0.17719 0.65459
0.68083 -0.48659 -0.34454
-1.21746 1.11866 -1.39593
-0.11076 0.03056 -0.40642
-1.082 0.34736 0.30691
0.23059 -0.60729 1.57762
0.91413 0.16925 -0.27748
0.70169 -1.022 -0.45811
0.25856 1.3541 -1.90003
0.35162 -0.51664 -0.665
-1.04923 0.00253 0.16265
1.39926 0.84354 1.86727
0.23038 -1.03829 -0.3656
0.16529 0.08317 -0.01481
1.58618 0.97972 -0.75271
0.81137 -1.28673 -0.61964
0.3943 -0.07915 -1.22837
-1.75792 1.14106 -0.26602
-2.37733 0.47645 -1.73784
-0.31136 0.27386 -1.28767
0.0363 -0.53779 2.48155
-0.68518 0.02361 -1.26807
0.27792 0.09827 0.85888
-0.28851 -0.88824 -1.9701
-1.59213 -0.23324 -0.49169
-1.0424 -2.04744 0.08487
0.20138 0.92778 0.27887
-0.42201 -1.08776 0.64529
-0.73377 0.1981 -1.51394
-0.43904 -2.08056 -0.54368
0.71074 0.10512 -0.65365
-0.2321 -0.69473 -0.36499
-1.03397 0.46965 -1.80186
-0.46296 -0.4097 -1.5238
-0.05014 -1.37283 -0.32249
0.23062 0.74536 -0.72109
0.99999 -1.18232 -1.16122
0.09601 -0.61923 -1.0068
1.81157 -1.58193 -0.53014
0.92559 1.34135 0.1602
-0.83131 1.10562 -1.73729
-0.46617 0.46524 0.84932
-0.1703 0.82326 -0.08077
-0.91811 -1.30144 1.38807
-0.53861 0.41878 -0.33084
-1.4493 -2.93884 0.04408
0.81421 -0.53381 0.52448
-1.14701 -1.86113 0.05493
2.05422 -0.04173 -0.65985
1.1389 1.33605 -1.4122
-1.01893 -0.13437 0.39747
2.05207 0.36538 -1.56605
-0.83907 -0.00055 -0.0595
-0.90956 1.11438 -0.41664
-0.80549 -0.26366 0.10236
1.04079 1.40464 0.2548
1.57069 -2.81912 0.28149
-1.3519 -0.10339 0.32291
0.14596 -0.41404 -0.07352
-0.55821 -1.40035 -0.83462
0.7791 0.71582 -0.10445
-1.94937 -0.99451 -1.39391
0.62677 -0.35396 -0.61744
0.0306 -2.44951 -0.10034
0.83993 -1.37762 0.82688
2.14238 0.68633 -0.19197
-0.05858 -0.98609 2.0929
0.63585 -0.45608 0.40376
0.0454 -0.88654 0.02417
-0.60107 1.02924 0.81053
0.22126 -1.29921 -0.83118
-1.47939 1.18947 -0.33257
0.04586 0.53793 0.45597
2.07036 -0.69015 1.13444
-0.18816 -0.17157 -0.85112
-1.17271 1.08425 0.86019
-0.47593 1.46577 -0.87121
0.23852 0.12354 0.12441
-0.25709 0.04389 0.45164
0.29984 -0.48136 -0.2667
-0.90248 0.81089 0.09423
0.93076 -0.3906 0.8953
0.7043 -0.29312 -0.64769
0.77672 0.67059 1.37886
0.5633 -1.81993 0.63378
-0.57123 -0.46464 1.81604
1.40916 0.26901 0.70173
-0.31924 0.78767 -0.50593
-0.50089 -0.15375 -0.47365
-2.67979 -0.7625 1.34783
-0.49918 0.73803 1.34294
1.17655 -1.13225 -0.28943
1.30547 0.72813 0.54381
1.07553 0.90483 -0.58127
-0.6611 -1.19091 0.44473
0.01346 2.46323 0.67084
1.95318 0.49476 -0.01952
0.62576 -0.40793 1.46419
1.2039 -0.17573 -0.59241
-0.50553 -0.88285 1.05806
1.84745 0.23105 -0.06061
-1.02889 -1.07059 -0.0428
0.66771 0.24438 0.99532
-0.3388 0.05333 1.21867
1.17089 -1.23855 0.66569
1.05918 -0.64366 -0.02671
-0.30949 -0.65514 0.6011
0.62892 -0.88511 -0.16737
1.9206 -0.53372 -0.25299
-2.97819 -0.87476 -0.61177
0.17895 0.38784 -2.3353
-1.19407 -0.21571 0.53701
2.03025 1.68067 -0.17161
0.41763 -0.64427 -1.97859
-1.36684 -1.10038 0.64875
-0.03117 0.22286 0.131
1.36387 -1.13401 0.27389
0.07475 0.02296 -0.82397
-0.24214 -0.68534 -0.38513
-0.20478 -0.80224 -0.91332
0.63696 -1.70946 -1.19434
-0.27081 0.235 -0.68334
1.12414 -1.2316 1.50485
1.51766 0.23882 -1.66333
-1.83611 -0.55305 1.01452
1.18766 -0.02923 0.99511
-1.781 1.27727 1.37566
0.04316 0.20721 -0.35586
0.95196 -0.59446 -0.08575
1.10263 1.32463 -0.93997
-0.16797 0.11609 -2.67123
0.25066 0.71948 0.86938
-2.24637 1.48517 -0.82006
-0.22944 1.81555 1.28728
1.08028 0.42842 0.4596
-0.10282 -0.67968 0.80618
-0.17352 0.39869 -0.70199
0.98373 -0.09099 -0.5405
-0.81035 -0.82337 -0.10689
1.20343 0.51615 -0.76476
-0.05933 0.35455 -0.17487
0.2837 0.15845 0.35635
1.04973 0.2554 -0.30315
1.28629 2.24557 -0.71109
-2.42979 1.31597 1.61476
0.41246 1.22121 0.61835
0.91319 -1.03186 -0.33433
-0.87151 0.68406 -1.38861
-1.07888 -0.556 -1.70329
0.72859 0.88765 -1.02922
-1.26271 0.67944 -1.11075
-1.49433 -0.80239 -1.99833
0.28391 -0.34115 -0.48715
0.1033 -1.25706 -0.32815
-1.43641 1.00294 -0.11043
1.20204 -1.32065 -1.01578
-0.83487 -0.5376 -0.35883
-0.15605 -0.05456 -1.55879
0.46984 -2.42765 -1.48099
-0.14911 0.83964 0.72686
-1.21867 -1.16832 -1.09358
-0.2274 1.30966 1.11402
0.09102 -0.67109 -0.33458
0.58497 -0.35399 2.22837
-0.74439 0.60004 0.96262
-0.62061 -1.011 0.89459
-0.40523 -0.37887 -1.35998
0.16545 -1.70723 0.36051
-0.11825 -0.53592 1.01076
0.90406 -1.61537 0.30729
0.89105 -1.02259 -0.17019
1.03551 -0.02921 0.98712
-0.809 -0.87035 0.32456
0.22686 -1.60034 0.59389
1.04357 0.86791 0.48435
1.30185 -0.52464 0.94496
1.53208 -0.88965 1.16863
1.17023 -0.26516 -0.52742
0.03995 0.20414 0.39788
-0.08733 0.20266 1.92503
2.04753 0.06015 -0.5679
0.20075 0.71209 -1.2389
1.08051 1.79717 0.72202
-0.53398 0.97822 -1.08319
-0.74471 -1.23767 0.15749
0.03854 0.96171 -1.45903
-0.51108 0.48903 0.82009
1.43648 0.49072 -1.64293
-1.26859 -0.6699 0.32026
0.38273 0.91897 -0.32779
-0.06833 0.95685 0.38433
0.71509 1.99173 -0.37195
-0.11372 -0.94 -0.75085
0.36841 -0.36323 -0.03118
0.62627 1.73744 0.14807
1.14229 0.73846 0.45723
0.28377 1.24227 1.24595
0.96697 -0.78068 0.79583
-0.29193 0.16405 0.9141
-0.77291 0.45429 1.12748
1.32755 2.30679 0.27904
-0.48387 1.12968 -0.0965
-0.77731 -0.54312 -0.79836
-2.16776 -0.71279 -1.23244
-2.39816 0.82532 -0.07036
-1.20596 -0.0035 -1.69513
-1.63651 1.66875 -0.5904
-2.67823 0.31276 0.53436
-0.93007 0.19128 -1.03928
0.34405 -0.67866 -0.77939
-0.09375 0.15861 -0.13611
-0.04902 -0.01187 -0.73999
-0.90266 -0.15647 -0.06212
0.49476 -0.20038 -0.44532
1.17064 -0.5551 2.42035
0.90028 0.40341 -0.23526
-0.69992 -1.78399 -0.74529
0.47118 -0.99492 0.86138
-1.64742 0.74576 0.86185
0.52303 -1.64587 -0.93705
0.17941 0.02723 -0.7158
-1.21511 -1.16739 -0.79375
-0.61988 1.03674 -0.17835
0.11657 -0.7411 0.92287
0.02612 0.1505 2.15975
-0.71398 -0.49431 0.3039
0.3881 0.32819 0.15328
0.30348 -0.07854 -1.49135
0.83412 -0.2545 0.10968
-0.88426 -0.78861 0.48107
0.91239 0.7578 1.24637
-1.51429 2.01639 1.57768
2.17988 1.03514 -0.07755
0.2282 -0.66358 0.02716
1.07065 -0.91462 -0.50124
0.83858 1.88204 -1.39916
-0.43079 -1.24423 1.05122
-0.54246 -1.2385 1.62215
0.01836 -0.60956 2.58408
2.44772 -1.81111 -0.66174
0.73451 0.95361 2.39007
0.61063 -1.50449 0.3025
1.31744 0.42289 3.01077
1.00048 -0.06408 0.45746
-0.24239 1.05629 1.1117
