0.98331 2.02062 1.29363
-0.66141 2.14819 0.54771
1.29988 1.95067 0.07777
1.29089 -0.19688 0.25037
0.98891 -0.79943 1.12154
-0.6208 -0.48078 1.12252
-0.68623 0.03585 0.55177
0.47289 0.01584 0.03763
-0.46971 2.56451 1.29855
1.43438 3.4673 -0.34554
1.49656 4.92225 -0.15919
0.56687 3.89488 -0.12476
1.28151 5.20784 -2.55702
2.45173 4.56607 -1.06987
1.19881 3.53046 -0.05676
1.20533 3.09266 -1.40055
0.09025 0.97048 -0.48269
0.7915 -0.01991 0.9437
0.59399 1.26989 0.80688
0.91761 0.55256 0.94078
1.56938 0.78848 0.80621
-0.1161 1.40615 0.89344
1.14874 0.87458 1.12602
0.26857 0.79498 1.44219
-0.79425 1.44593 -0.00332
0.95432 0.79041 1.49268
0.14778 0.72801 -1.83506
-0.16218 0.62454 -0.02031
0.509 1.24195 0.9077
0.4214 1.43008 1.9699
0.8181 2.32664 -0.54787
0.9452 2.41415 -0.26489
-0.38023 0.10979 0.48225
-1.02399 1.86095 2.20477
-0.31493 3.22548 0.56897
-0.11896 2.7264 0.23945
-1.08433 2.18955 -1.08008
1.20038 2.51426 0.00663
1.00368 2.11288 1.4532
0.482 2.839 -0.39894
-0.91629 3.89333 0.76505
0.43315 4.01038 0.63997
0.68122 3.02138 0.04353
0.424 1.53254 0.61821
-0.17592 -0.70804 0.70759
1.65775 -2.0492 -0.12427
2.5558 -0.31226 0.57453
0.30214 0.64185 0.74575
0.95317 1.27439 0.19405
0.71764 1.45388 0.80585
0.35483 -0.12349 -1.17139
2.37112 -1.47467 0.06623
0.44941 -1.66597 -0.49099
0.07251 -1.83899 -0.49633
-1.16232 -2.61235 -0.67627
-1.68571 -2.80481 -1.25405
-0.19328 -4.60891 -2.48218
0.75181 -2.68644 -0.77328
-0.16314 -3.58017 -1.05469
-2.12831 -2.69492 -0.06157
-1.68606 -3.40905 0.73785
-1.02559 -4.37154 0.47066
-0.0398 -4.09202 0.62158
1.39101 -2.85894 1.26737
0.77236 -2.58215 -1.22514
-0.18285 -0.74029 -0.44534
-1.23217 0.02746 0.85398
0.1377 -0.67663 -1.74054
0.14824 0.50181 0.15781
-1.47761 -0.38464 -0.01861
-0.00337 0.3729 0.09939
-0.10148 -0.88563 -0.91304
0.47314 -1.92477 -1.57083
-0.16261 -0.14916 -1.60299
-0.88518 -0.38544 0.28719
0.17875 -1.54957 0.21549
-2.34379 -0.71181 -0.53313
0.68962 -0.31038 1.10786
-1.09468 -1.68929 0.42645
-0.9912 -2.16924 0.59705
-0.51517 -2.27265 -0.44612
1.81049 -3.74023 -0.49442
-0.54338 -3.07502 -2.40186
0.25803 -2.15997 -1.10903
-0.3409 -1.01306 -1.48204
0.16702 -1.55992 -1.41962
-0.75601 0.40622 1.00735
-1.68954 -0.90405 -0.40247
0.58932 0.63695 0.30647
-1.82528 0.00562 -0.15304
-0.97479 0.70287 -1.04633
0.49336 0.99881 -1.74814
-0.61766 0.81285 0.24924
-1.42731 0.73909 -0.80884
-0.64292 1.06307 -0.75822
-0.19533 0.76602 -0.88581
0.81911 -0.13802 0.2664
0.49852 -0.02722 -0.89506
-0.48327 -1.59612 -1.58481
1.12046 -2.81178 -0.21587
0.12813 -2.19733 -0.72421
-0.57697 -3.05319 0.96906
-1.29573 -4.07084 0.83222
-0.14784 -2.77217 -0.3072
-0.47253 -1.99578 -0.32387
-2.21881 -2.26272 0.2649
-1.7606 -3.11787 0.14081
0.61655 -3.88046 1.80971
0.82111 -3.89782 1.26665
-2.61557 -3.17272 -1.41551
-0.87249 -2.58859 -1.89051
-1.14399 -2.30313 -1.05167
-1.56254 -3.10557 -1.25722
-2.91655 -3.71775 -1.86614
-0.65533 -4.04277 -1.2096
-2.21983 -4.80909 0.08705
-0.95906 -5.73931 -0.93564
-2.82082 -5.94429 -2.07153
-1.06312 -4.62836 -1.34571
-1.05471 -4.04779 0.16359
-1.47625 -2.75465 -0.41137
-0.81197 -3.5833 0.43161
-2.30387 -2.41557 -0.70986
-1.07152 -2.30694 -0.48786
-2.10204 -2.02715 1.59388
-3.11425 -2.44297 1.52049
-0.58603 0.01824 0.24823
-1.55938 -0.13155 0.14391
-2.413 -2.0979 0.45983
1.78131 -1.31563 -1.69301
-0.4419 -2.26163 -1.69023
0.60119 -2.06879 -0.93649
-0.77021 -2.02579 -0.31662
0.85294 -0.58437 -0.42997
-1.12572 -1.84397 2.69172
-0.45594 -3.61178 0.83358
-1.46217 -3.82773 0.34555
0.26497 -3.45618 1.10971
0.16272 -3.19722 -1.37488
-1.15401 -3.53246 -0.53798
-1.26625 -1.55672 -1.15895
-2.57113 -0.4483 -0.15561
-2.38752 0.6483 -1.19097
-0.0013 -1.13108 -1.46922
-1.64941 -1.74783 -0.10945
-2.8907 -0.723 -2.23063
-1.80644 0.32395 0.70251
-1.91385 -0.62354 0.95739
-1.35983 -0.5756 1.48945
-0.99569 -0.65483 0.17075
0.17126 -0.50739 1.3268
-0.73374 -1.29051 1.89842
0.49477 -0.29389 1.6725
-0.76487 -1.5851 1.69153
-0.2129 -2.47218 -1.573
-0.87191 -0.4213 1.21299
-1.51815 0.28892 -0.48875
-1.22851 1.03564 -0.19815
-1.35101 -0.42565 -2.10927
-0.37619 -1.45809 -0.04565
-0.73725 -2.17446 0.05084
-0.6798 -2.17319 -1.30818
-0.69064 -0.64309 0.67042
-0.15162 -1.6417 2.1517
-0.77237 -1.69285 0.3896
-0.49656 -1.82699 0.87524
0.66102 -1.54435 -0.86692
-0.89159 -0.35973 -0.52413
0.02904 0.77904 -0.47149
0.57564 -0.11293 -0.5234
0.30883 -1.79039 0.00566
1.53834 -4.78478 0.61157
-1.34232 -4.22124 -0.62104
-0.05748 -6.48272 -0.19821
-0.09055 -5.31263 -0.98633
-1.00753 -3.01218 -0.67902
-2.51913 -2.58106 0.85823
-2.03992 -3.13351 1.5551
-2.52821 -3.68882 -2.26958
-0.93265 -4.22157 -0.51997
-1.86385 -5.30115 -0.62328
-1.36205 -4.51088 0.96146
-2.69179 -3.45485 -0.66311
-2.57361 -2.25953 -0.59678
-0.90002 -2.19928 1.6209
-2.45791 -1.99696 0.89783
-1.54612 -1.95633 -0.71745
-0.59154 -1.82609 -0.06969
-1.4516 -1.41779 0.22894
-0.90995 -2.07757 -1.78793
-1.31503 -2.04161 -1.24209
-1.29116 -4.62117 0.64846
0.20114 -3.9178 -1.28684
-1.0141 -3.47182 0.09937
-0.00887 -3.31764 0.78062
-1.70348 -3.45632 0.06306
0.09814 -2.57567 0.56371
-0.72466 -1.18072 0.48395
-2.07008 -1.32803 1.35019
-1.59816 -0.1512 0.36464
-0.74962 0.59267 -0.31452
-0.30797 0.28552 1.68463
-0.69646 -1.09657 1.25225
0.6874 -1.57809 -0.21222
1.70172 -1.87664 0.6769
2.58846 -2.02475 -1.17699
1.10946 -1.55117 -1.93252
-3.17957 -0.88122 -0.37194
-1.41649 -2.09475 -0.70856
-0.18009 -0.99039 -0.54819
0.17458 -1.77521 1.04218
-0.16409 -1.80253 0.74439
-0.01589 -2.15513 -0.17125
-2.27881 -1.9516 -0.13121
-0.48641 -2.44719 0.54485
0.13812 -0.96822 0.37119
0.23709 -1.19328 2.55861
-0.62458 -0.90797 2.67647
-0.09641 -0.78859 0.97873
-0.77657 -2.13551 -0.11229
-0.41317 -2.49898 0.01466
0.20362 -1.4288 -1.05342
1.76361 0.53084 -0.40151
1.08106 1.7572 -0.08218
-0.89908 2.1396 -0.74234
-1.32283 1.11383 1.94633
-0.55633 0.64237 0.24788
0.50589 1.39071 1.15288
1.64763 1.7803 0.21714
1.45629 0.31092 1.61598
0.49153 1.27193 0.14645
-0.0606 1.65438 0.60671
-0.02022 1.85784 -1.46751
0.13936 1.85911 0.02548
-1.03888 1.42729 0.7633
0.97267 0.12934 0.6778
0.30491 -0.44791 0.41548
3.06297 -2.22366 0.258
1.95212 -2.75288 -0.2694
0.34508 -2.73649 -1.37215
0.53804 -1.61193 0.36635
-0.15654 -0.68974 0.6131
-0.79293 -2.57276 0.01294
-0.3095 -2.39272 1.24837
0.35627 -2.51888 0.82645
-2.37562 -3.66638 2.53148
-0.85035 -2.9971 0.66075
-1.59663 -3.51239 1.35438
-0.20435 -3.93524 -0.9847
1.12041 -1.61502 -0.38931
0.51361 0.09086 1.07075
0.50804 0.94526 1.77876
-1.04227 1.27527 0.23837
-0.7632 2.25285 -0.59723
-1.87887 1.46537 0.40633
-0.72925 2.1275 0.11347
-1.01294 2.52798 -1.15008
0.98143 1.91267 0.67403
0.59166 0.91774 -0.03335
0.00467 1.25532 2.43405
-0.65547 1.0811 1.21206
-0.72878 0.8095 0.60317
1.37589 1.74663 -0.66809
1.40795 0.05505 0.91706
0.50306 1.36747 -0.83077
-0.46342 1.57503 -0.11437
-0.99001 0.03085 0.84737
-0.85169 0.2562 -0.39624
-0.96954 -0.22417 0.45112
1.03792 0.84017 -2.28635
0.44662 -0.11703 -1.14391
0.05597 0.98688 -0.13506
0.31345 0.55548 0.39756
0.28321 -0.68004 -0.28825
2.11949 -0.85506 0.1328
0.76873 -1.29699 0.49977
2.91074 -0.21052 -0.33588
0.70278 0.27714 -0.30254
0.55596 -0.20764 -1.66103
0.60566 -0.09981 -1.9565
-0.79579 -0.92975 -0.70551
-1.8679 -1.32067 -0.29153
-1.25092 -1.55822 0.68072
0.25588 -1.2188 0.14896
-2.1269 -2.40201 0.30177
-1.1631 -2.73702 1.15798
-1.63228 -1.44448 0.45913
0.55032 -0.99683 1.02588
-0.71959 -1.45865 -0.12723
-2.5859 -0.10404 0.76225
-0.57831 -0.68486 0.4734
-1.01896 0.37977 2.20292
-1.63247 1.40015 0.43625
-1.0421 -1.23102 0.41525
-0.13999 -1.06192 -0.68914
-0.08409 0.21248 -1.31676
1.69877 2.63709 0.67139
-0.42192 3.22599 1.47307
0.12296 1.11183 1.716
0.60484 1.27801 0.6018
