1.67152 -0.67162 3.39729
-1.03489 0.00203 3.52578
-0.92382 -0.63037 4.7188
0.96028 -0.482 2.21489
-1.7767 1.00209 1.49632
-2.93935 -0.80391 0.81396
-3.5754 -2.2249 1.0026
-2.54746 1.58182 2.2648
-0.40295 0.65589 2.57247
0.16753 -1.40489 2.63295
2.38806 1.21943 0.39002
2.74916 2.68747 -1.67383
1.07623 1.73649 0.31787
1.66234 1.00227 0.09696
2.72483 1.40935 -0.65894
2.9415 1.72916 -0.80471
0.3484 0.798 0.17181
0.55718 0.27419 -0.33503
-1.1832 -0.12569 0.39185
-0.7456 -0.22488 -0.67589
-0.89398 -0.87982 1.00832
-1.60766 0.67843 0.25905
0.34495 -0.72322 -0.74227
0.73044 0.73249 -0.4152
0.33276 0.72636 -1.51489
0.79601 -1.5635 -2.30654
-0.12969 -0.60298 -1.01767
-1.24128 0.98353 -1.72748
-1.55547 -0.36227 -0.70387
-1.06069 0.03675 1.10294
0.77337 -1.29423 0.66794
0.12769 -1.03939 2.31961
0.17117 1.03994 1.24145
0.74794 -2.9415 1.79737
1.57721 1.35843 3.2344
1.33099 1.97848 3.85477
1.87735 1.21486 3.1449
2.5746 0.44207 3.27147
1.18825 1.13597 2.52251
2.29799 -0.41696 5.16399
1.68892 1.99537 7.55629
1.23437 0.89314 8.80888
1.02747 1.38271 8.6434
1.78385 0.70008 9.51555
0.40374 0.95921 9.79824
2.29599 0.70276 10.75079
1.47446 1.52068 10.56783
1.7838 0.26449 10.2981
-0.20119 0.79616 10.82275
0.56222 -0.85027 10.07034
1.0593 1.19539 9.91779
-1.72583 -0.79198 8.76293
-0.38646 -1.95921 6.0696
-1.80404 0.37242 5.98542
-0.94747 -0.29644 4.76558
-0.63349 -1.04944 4.97567
-1.49369 -0.62066 4.20029
-0.30797 0.62023 3.23334
-0.64569 -1.25066 1.79283
-1.30548 -0.99972 2.02153
-0.9612 0.90646 1.61696
0.29928 -1.0983 -0.45509
0.43644 -0.11997 -1.0643
1.86815 -1.51421 -0.57726
1.82824 0.47592 -1.21683
1.34062 1.503 -0.81712
-0.29137 1.30075 -0.07327
-1.30616 0.52976 -0.24522
-1.64528 0.8876 -0.39519
-0.97426 0.66168 1.12849
-1.14331 0.30775 2.3303
-1.02188 -0.27652 2.91485
-0.41665 1.58373 2.41147
-1.26604 0.636 2.4462
-0.98021 1.08205 1.5126
1.33837 -1.11496 1.46961
-0.01197 0.1622 3.00353
-0.41671 0.57089 2.65297
-1.3652 -1.67408 1.6369
-2.05128 -1.4535 2.56186
0.11379 -0.30198 1.61434
-0.25296 1.19859 1.293
1.26019 1.32248 0.78046
0.15593 1.17644 0.16179
0.49684 0.08004 -0.93875
-0.2101 -0.3832 -1.40319
0.19443 -1.66716 -0.07684
0.15454 0.97641 -1.1962
0.3491 1.05245 -1.56649
-0.61467 -0.54502 -2.38739
-0.2258 -1.87853 -4.49644
-0.80853 0.00755 -4.27638
-2.31785 -0.77158 -2.60327
-1.00991 -0.61514 -0.63107
-0.36861 -2.2912 -0.92672
0.16952 0.16084 -2.46109
1.03572 -0.40661 -3.83746
0.3953 -1.53702 -6.86461
-0.00065 -0.51921 -5.28789
1.68988 0.23823 -5.80981
0.91908 0.40266 -6.96024
1.59741 -0.25626 -5.42842
1.75735 0.49006 -5.30218
-0.02577 0.87982 -5.17977
-0.2624 -0.99058 -5.52415
0.12296 -0.1933 -4.21115
0.36251 -0.38277 -3.22023
2.01778 -0.20095 -3.03383
0.54106 1.91904 -2.66701
0.41233 2.09416 -1.08651
-0.10522 -0.80447 -2.15793
-0.34917 -0.04773 -0.53228
-0.0039 -1.12382 -0.32889
-0.30517 -0.27642 -1.7748
-0.6722 0.31145 0.84009
-0.14146 1.148 0.01379
-0.56753 0.35641 0.00597
2.39404 0.28108 -0.35474
3.52702 0.9536 0.09717
1.02818 2.07197 0.53634
0.75883 -0.57441 0.5669
1.50485 0.76839 0.98631
1.04678 0.21011 1.92189
0.12116 0.67129 2.45248
1.82387 0.49877 2.60842
1.7782 0.81853 2.26535
0.1884 0.31934 3.00039
0.33265 1.09012 3.71264
-1.57799 1.72409 3.4326
-0.47314 -2.14089 2.58754
0.32179 -1.34129 1.73818
-0.45683 -1.39785 2.90568
-1.70095 0.00474 1.19594
-0.16387 -0.96953 0.86357
0.57135 -0.33652 -1.22718
-0.01054 1.20892 -2.62156
1.82317 0.3393 -1.95447
-0.16811 -0.01741 -1.28134
0.50479 -0.55276 -3.01438
-0.70169 1.1421 -4.88467
0.86208 1.01113 -3.61457
1.48509 1.11149 -5.01653
0.00359 -1.94575 -7.03606
-0.10855 0.17159 -5.78491
-0.55291 1.04161 -5.56371
-2.29157 0.10248 -5.90299
-0.90375 -0.24081 -7.39875
-0.5613 -0.00605 -5.95867
-0.766 -1.42564 -5.02052
-0.61096 0.6962 -5.29991
-0.82817 0.13322 -3.77201
-2.26847 -0.14624 -5.17705
-0.1784 -1.94496 -4.11856
-0.51578 -0.30105 -5.27587
-0.23017 -1.38647 -3.51902
0.98625 0.09515 -4.33302
1.35917 1.90937 -4.93199
2.51562 0.10796 -6.15857
2.01766 0.62066 -8.07102
3.07946 0.57832 -8.69708
1.36936 2.15243 -7.52674
2.20625 0.01006 -7.03689
0.23799 0.39769 -5.58015
-1.05384 0.83719 -3.74023
-0.35223 -1.74158 -1.99165
-0.77759 0.28815 0.04641
-1.20723 -1.0609 0.93481
-0.902 -1.83189 1.63307
-0.82813 -0.31669 0.59473
-0.46978 0.16851 0.72517
0.4982 0.32178 1.54413
0.81993 0.81653 0.65667
-0.32865 1.51518 -0.17144
0.79477 -0.83834 -2.18029
1.63598 1.49387 -2.13427
-0.83328 0.55336 -2.17818
-1.19987 1.10605 -0.94221
-2.48281 -0.02961 -0.10841
-2.40661 -0.3805 0.10699
-1.95488 -1.16511 2.5771
-1.20306 0.54914 1.26436
-1.10422 1.24105 1.6561
-1.85077 -2.15478 -0.31749
-1.15285 -0.41846 -0.41057
-1.625 -1.09405 -1.662
0.8386 -1.66038 -0.96031
1.97342 0.64556 -1.92619
2.40278 2.02372 -2.39183
1.38025 0.39213 -3.83489
2.10253 1.47722 -3.44415
1.94762 1.72941 -1.23222
0.32661 2.53887 0.70035
-0.13797 -1.57978 1.65458
-0.1223 0.14981 4.11755
0.28603 -1.31579 4.77167
-0.30689 -0.04263 7.38765
-0.97538 0.88356 6.14782
0.05529 0.91257 7.40327
-1.18549 -1.33989 5.88868
-0.01807 -1.36319 5.15856
-0.65022 0.53694 4.51346
-0.14135 -0.83803 4.64974
-0.7338 0.67126 4.9103
0.24943 0.13245 5.34323
-0.83426 -0.09011 4.4783
-0.31378 1.34189 3.35237
0.92379 -0.31448 2.85489
-0.27678 -0.87891 3.08303
1.35373 -0.34464 0.77309
-0.4293 1.65966 -0.05581
-0.53664 -1.71302 0.64049
-1.62534 -1.11382 0.66443
-1.85398 -1.59882 0.92363
-2.12892 0.69562 0.02466
-1.24021 0.59614 -1.0016
-1.05877 0.69869 -2.33531
-1.53235 -0.80214 -3.26249
-0.68544 -1.28917 -4.48071
0.12661 0.14937 -5.38136
2.055 1.01261 -5.74295
2.02745 0.30191 -6.88082
2.30261 0.90316 -6.30834
0.45322 0.20872 -5.28797
-0.42874 -2.2245 -3.60811
0.01424 0.76336 -3.56369
0.24989 1.54815 -1.9012
-0.36635 -0.52559 -1.75506
-1.34974 -0.13386 -0.49323
0.40072 0.47475 -1.16847
1.81304 -0.84606 -2.07745
0.92263 0.80432 -1.81586
1.39158 -0.89043 -4.13375
0.39347 -1.24724 -2.41953
-0.49591 -0.74438 -1.99309
-0.48614 2.81944 -0.97018
-0.05603 0.50326 -0.19349
1.09649 -0.33573 -1.27827
1.88331 0.71569 -2.3054
-0.02187 0.91718 -1.04308
-1.19848 -0.18642 -0.81536
-2.36326 -0.52828 -1.03444
-1.84156 0.68775 -0.46778
-0.50097 0.88598 -0.16482
-0.83814 -1.35594 -1.81199
-1.45729 0.51672 -2.47392
-1.86948 -1.23408 -3.57284
0.12333 0.35767 -4.3965
1.59152 -0.97863 -1.97539
2.9925 0.81005 -3.10153
1.4197 2.35993 -3.01094
1.94604 -0.91638 -4.81026
-0.13009 0.32048 -4.48406
-0.84873 -0.81666 -4.52359
-0.27782 0.63849 -4.11633
-0.28615 -0.13371 -2.67228
-0.01591 -0.51133 -2.01909
0.18925 0.82358 -2.38421
-0.99104 -1.14323 -0.82352
-1.99434 1.01053 -0.89032
-1.17119 -0.20791 -0.44758
-0.81392 0.42966 1.54558
-0.16422 -0.51109 2.21386
0.76943 -0.95991 2.1755
1.19132 -1.17884 0.79087
2.29138 -0.48423 -1.0864
0.62617 2.82438 -1.37453
-0.43548 -1.72098 -0.26169
-0.22029 0.04064 -0.85298
0.38074 0.47295 0.46486
2.10326 1.15064 2.55433
1.35475 0.12414 1.93729
1.82158 2.20396 -0.65012
0.17554 -0.6395 0.55379
0.03688 2.75626 0.8914
0.68288 -0.1684 0.75701
0.62426 1.43596 1.73361
-1.97424 1.37307 0.96433
-2.16218 -1.35343 0.77982
-1.36474 -0.46304 1.51758
-1.16797 -0.51103 1.46342
-0.12751 0.73739 1.54224
0.43879 0.96434 0.72295
0.41895 0.92548 -0.13097
-0.16499 -0.36367 0.57179
0.79741 -0.41383 2.5
1.08295 0.71714 2.3981
0.35783 0.93259 3.23672
1.3504 -0.83347 3.56695
0.36696 0.23924 3.96476
-0.0766 -0.03717 2.04928
-0.2529 1.9184 1.97758
-1.34467 -0.69123 2.65426
0.11791 0.07619 2.79257
0.05846 -0.66451 1.05884
0.6432 0.92191 -0.31902
0.78707 0.98901 0.36576
0.36985 0.42259 -0.55336
0.04914 -0.84474 -0.85567
0.03268 -2.06326 -1.3642
-2.44617 -1.58401 -1.5045
