-6.36568 -2.59491 0.89306
-6.59001 -3.34532 0.26322
-5.12099 -3.63529 1.80749
-4.17685 -2.42384 0.86932
-4.72708 -2.32951 -1.64938
-3.21551 -0.80146 -0.82319
-4.31081 -2.02241 -1.89796
-7.73806 -2.09931 -0.57701
-6.97524 -2.93984 -3.09978
-6.43763 -3.38453 -0.12875
-4.32838 -1.71576 0.80855
-5.63242 -3.44991 1.87566
-6.1247 -0.7981 0.95657
-5.6484 -1.92742 -1.31139
-5.88659 -1.1375 0.08495
-5.22268 -1.55035 -1.11008
-6.86489 -2.57559 -2.15578
-4.36181 -1.60465 -0.86875
-5.99035 -1.43988 -0.18477
-3.96293 -2.62092 -0.93832
-4.07603 -1.35074 0.26758
-4.48896 -0.8391 -0.67442
-5.3544 -2.72159 0.66321
-4.44492 -3.49456 0.48368
-3.84176 -0.73261 -1.10535
-3.01224 -2.33782 -0.26764
-3.61514 -0.55055 1.39451
-4.92704 -1.11382 -1.21747
-4.85576 -1.5761 -3.48801
-5.12872 -0.7051 -2.01758
-5.71656 -0.54385 -0.87226
-6.49308 -1.54377 -0.5334
-6.45552 -1.74016 -1.40439
-6.21865 -2.73384 -0.59289
-3.51569 -1.65941 0.35421
-4.51799 -1.03507 -1.03087
-6.40842 -0.3173 -1.17339
-6.67543 -3.07529 -0.62
-5.30618 -4.29292 -0.22622
-5.05374 -2.4638 0.14342
-5.7167 -1.81845 0.59335
-3.29287 -2.69241 -0.39003
-4.43957 -1.94984 -0.96298
-7.60307 -2.5665 -1.86691
-7.22412 -0.94483 -0.31053
-4.81761 0.51399 2.56711
-6.19138 -0.36594 1.68233
-6.51664 -0.93829 1.31313
-6.03332 -2.80728 1.75457
-3.68739 -1.79065 1.46414
-2.75788 -3.75889 0.78663
-5.13053 -3.11088 -0.93838
-5.77108 1.00626 0.99305
-7.05522 -3.50581 1.12563
-6.58641 -2.40508 1.83946
-8.65003 -2.55594 2.54008
-8.65576 -2.30906 2.42112
-8.02039 -1.17643 1.10494
-5.50613 -1.22445 2.07218
-7.01035 -2.5106 2.93739
-9.41174 -1.26949 1.23589
-9.58739 -3.51452 1.19512
-8.58897 -1.59431 -1.02301
-5.20756 -2.80454 -0.82667
-5.05922 -4.57332 1.08729
-2.82421 -2.79279 0.53899
-3.263 -2.33571 0.45748
-2.11447 -1.11228 -0.63348
-2.80962 -0.01047 -0.383
-5.33383 -0.99642 -2.13477
-6.4265 0.45926 -0.86509
-6.81096 -2.75508 0.02389
-7.50446 -3.50598 -1.29145
-7.0977 -2.51483 0.8054
-9.23051 -0.63215 0.06572
-8.48298 -4.41303 0.41436
-8.41503 -2.81803 -0.12217
-7.85525 -2.49319 -0.52771
-7.35804 -2.29661 -1.82336
-6.82938 -1.37694 -1.17016
-6.77432 -2.53425 -0.45362
-7.31161 -0.44558 -0.05012
-7.89515 -3.81449 -0.89828
-8.5202 -2.11242 -1.12735
-7.96609 -1.46743 -2.29659
-8.52038 -3.92633 -0.53363
-7.84136 -4.31544 -1.96462
-8.22406 -2.46233 -1.32549
-8.46315 -0.63701 -0.44156
-8.67732 -1.79006 -1.84454
-10.66092 -3.49702 -2.18998
-9.67991 -3.77601 -1.90102
-10.92518 -3.4691 -0.21751
-9.59711 -3.29107 -0.63638
-8.28823 -3.76168 -0.6738
-8.16498 -3.00816 -0.85012
-7.93151 -2.29307 0.58337
-7.36795 -1.97485 0.5309
-6.62596 -2.80805 -0.19244
-5.24819 -3.04008 0.20678
-5.13608 -2.41396 0.67877
-6.68092 -0.52218 1.07971
-5.46237 -2.54349 1.3176
-8.09801 -2.43585 -0.45032
-7.31776 -1.10118 0.53405
-8.25423 -4.38287 0.44711
-6.64871 -4.20209 -0.32297
-8.20551 -1.75701 -0.6514
-7.29307 -0.71787 0.83128
-8.12746 -1.40833 1.17657
-6.25739 -0.56319 0.95128
-5.97025 -2.01521 1.30693
-5.69956 -3.63384 1.10466
-5.5024 -3.1021 0.22832
-4.48245 -1.17432 0.18466
-3.92779 -1.89236 0.39916
-2.51727 -2.40196 -1.60945
-4.50239 -2.23405 -0.79114
-6.29283 -1.21095 0.08067
-4.76518 -2.00641 1.39895
-5.45936 -3.07373 1.43975
-4.64713 0.60021 0.83732
-4.93025 0.47279 0.53188
-3.64058 -1.57957 1.79731
-2.96705 -2.45941 1.2026
-1.5904 -1.77887 -0.41789
-0.3236 -1.20165 1.00452
1.35371 -1.33189 2.0997
1.03597 0.59484 0.16057
-0.84465 -0.1951 1.78364
0.39436 -0.53519 0.75252
-0.34209 -0.42865 -1.11071
-1.16437 0.01843 -1.28421
-0.93883 -1.0359 0.99186
-0.6609 0.23419 1.82496
-1.8684 -0.44589 -0.28329
-2.54362 -0.62887 1.21475
-4.29579 -0.78257 0.60615
-4.26903 -1.70918 -0.35475
-4.1871 -1.52069 -0.40379
-5.36043 0.04751 -0.39722
-4.37442 -1.16965 -2.01924
-3.11043 -1.63415 -0.88532
-4.40537 -2.72736 -1.90092
-3.97147 -2.51581 -0.7105
-3.76895 -2.28574 0.27547
-4.91311 -1.7518 -0.44462
-2.94612 -0.92266 0.10595
-4.59611 -2.36869 0.85061
-5.08129 -0.22809 0.19331
-4.8862 -0.97269 2.00012
-3.53886 -1.30871 0.78267
-1.37081 -1.48159 -0.03057
-1.37818 -1.54705 -0.15108
-0.18771 0.23714 -1.16896
-0.70732 -0.66761 -1.27464
-0.9325 -0.47313 -1.6886
-3.01411 -0.31583 -1.22984
-2.84691 -0.11476 1.04605
-2.70313 -0.54744 -0.67284
-4.23083 -0.38451 1.54141
-4.98456 0.90399 1.49489
-4.70433 -0.16677 0.22496
-6.2477 -0.5605 -0.47231
-3.91753 -3.87806 0.05126
-4.73374 -0.62603 -0.29906
-5.0873 -1.10089 0.40829
-5.53878 -1.87381 0.77464
-5.43434 -2.51531 0.66132
-6.13976 -2.65488 -0.18654
-4.8347 -2.44502 1.08521
-5.60879 -1.04389 1.40904
-5.34913 0.04953 0.22447
-5.8076 -1.61412 -0.99111
-5.38976 -2.46092 -1.86286
-5.13197 -2.36811 -0.45576
-5.74509 -1.48572 -0.59731
-3.76827 -2.67541 0.42054
-2.91683 -2.40191 -0.66935
-2.69054 -1.6628 1.21163
-1.60192 -1.16498 -0.26708
-3.10089 -0.38394 2.46925
-4.50647 -0.53501 1.63022
-5.23838 -1.85706 2.85061
-6.2361 -1.54819 2.11251
-5.16798 -0.71301 1.56151
-4.20907 -3.07675 3.28154
-3.32564 -2.38364 2.56568
-2.53357 -0.71534 2.80043
-2.49389 -1.02121 -0.4063
-1.04072 -1.97479 -1.10264
-2.21168 -3.10455 -2.07237
-2.97067 -1.49884 0.2724
-1.87919 -2.08432 0.89932
-2.61448 -0.30261 0.38355
-1.81947 0.71673 2.77859
-1.8409 1.12593 1.03003
-1.63313 -0.19286 0.53784
-2.92305 -1.50255 -0.10853
-0.61777 -1.64146 0.30169
0.26561 -0.76351 -0.58557
0.62506 0.62841 -0.29146
1.5543 0.4988 2.32943
1.13281 -0.40668 1.23515
1.42836 -1.00522 1.10476
2.47688 0.43119 0.76843
-0.0173 -0.44645 0.71636
0.90965 -0.52873 -0.15146
0.87478 1.11706 0.6049
1.17721 -0.59294 2.12561
-0.57638 -0.55613 -0.48723
1.28509 0.97443 0.46128
0.4971 0.03245 0.71049
0.36261 0.03362 1.17229
0.72504 -0.07662 -1.04855
0.67077 0.74282 -1.52214
0.17898 0.42349 -0.27113
0.1105 -1.04348 -0.75872
-1.51082 -0.37825 0.06368
-1.65695 0.07731 0.30464
-1.78514 -1.68686 1.50347
-2.79704 0.97083 -0.66935
-1.96133 0.85721 -0.39343
-1.30803 -0.68786 0.28231
-1.35074 -0.23995 0.41637
-2.35854 -1.73606 0.31989
-2.08679 -2.31177 0.62867
-1.05223 -1.87232 -1.5346
0.33823 -0.66332 -0.63351
0.60472 -1.73942 -1.74566
-0.17957 0.2149 -1.79213
0.39618 0.00465 0.0458
-1.52701 -1.56928 1.12876
-1.92564 -1.12918 -0.12793
-2.63227 -2.04044 -0.00181
-2.61102 -1.44206 0.76631
-0.88095 -0.8522 0.45804
-0.41759 -1.24158 -1.10461
-0.45004 -0.03602 -0.06266
-1.35776 0.09625 -1.13235
-0.23917 0.96836 0.2326
-1.45196 -1.35604 -0.39223
-2.7524 -2.14013 -0.81896
-0.63263 -0.93733 -0.25882
-0.3407 -1.55552 -1.32743
-0.33776 0.7982 -0.10886
-1.49746 -0.89451 0.78573
-2.31046 -0.61665 0.43743
-3.4065 -0.19229 0.62855
-4.51412 -0.80933 1.55173
-1.91491 -1.3321 0.89538
-0.87751 -2.04081 0.41992
-1.16352 -0.85612 -0.18374
0.07741 -0.25584 -0.04026
-1.05366 -0.09023 -1.50261
-3.35654 0.00319 -1.84084
-4.16309 -0.46344 -0.66588
-3.91102 -0.71228 -0.1991
-3.4043 -1.10317 0.51998
-1.25599 -1.68632 0.81259
-1.59994 -1.89888 -0.41585
-2.23281 -1.83197 0.20671
-0.77703 -0.75945 -0.90334
0.14698 -0.76381 0.00437
2.2872 -2.51387 1.13463
1.80607 -0.44328 0.85701
3.43413 0.4776 1.25712
2.95259 1.5115 0.11895
2.62945 1.50446 -0.84795
0.3318 1.76592 1.18345
1.03268 1.01393 -0.94423
1.29815 0.62544 -1.56213
0.07981 1.58957 -2.15048
1.55549 0.1389 -3.59104
2.04973 1.17593 -1.40837
2.51518 1.33706 -0.77029
2.85812 -0.34083 -0.3421
1.81147 1.31731 1.36579
1.00741 0.24581 1.36816
-0.1667 0.87329 -0.08399
-0.47569 -0.39033 -0.06289
0.19255 -0.28579 0.57875
0.25362 0.5192 0.97706
1.10012 0.09492 0.78499
-0.12112 0.38822 0.85397
-0.41895 -0.11872 0.80408
-0.52063 -1.90582 0.41038
-1.55626 -2.54544 0.3071
-1.71844 -0.34894 2.57375
-3.90147 -0.54518 1.69943
-4.40961 -0.67278 2.1147
-3.8693 -2.29723 2.99652
-3.03288 -1.44721 -0.12132
-2.36233 -0.1161 -1.06947
-1.79474 -2.63443 -1.22085
-0.45022 -0.85577 -0.76125
-0.80101 -0.44141 -1.8101
-0.74636 1.31279 -0.93181
-0.01975 0.71999 -1.81762
-1.38484 -0.22775 -1.19572
