0.15966 -0.20857 0.20671
0.11487 -1.81386 -0.81995
-0.39723 2.18811 -0.54228
-1.21933 0.61991 0.53092
0.06667 -0.77967 -0.53457
0.19092 -0.58034 -0.28024
0.56017 -1.14775 0.14566
1.39047 0.49631 -1.32195
1.51796 0.63992 0.03219
-0.6663 0.40925 0.51807
0.24032 0.19035 -1.5623
-1.30939 0.08059 -1.13761
0.01622 -1.20752 -0.74605
0.83789 -0.53161 -0.93181
-0.09068 1.52211 0.45573
0.58489 -1.18299 2.17305
-0.51046 -0.68092 0.74429
-0.88704 -0.09819 0.67777
-0.35783 -0.04379 -0.9707
0.00121 0.33392 1.63586
1.19616 0.34615 1.54255
0.4058 -1.29779 2.37305
-0.889 0.50601 0.97353
0.0621 1.51938 -2.84888
-0.21764 -1.6122 -2.23454
-1.10709 -0.91587 -2.42317
0.06192 -1.64454 -2.39008
0.61099 -0.24973 -2.24891
-0.92536 0.46481 -2.32696
0.53404 -1.08677 -3.05359
-0.4305 0.5323 -0.87177
0.70788 1.55965 -2.05326
1.03298 -0.42107 0.50781
1.52678 -1.67729 0.93347
0.98899 -0.76109 -0.67382
0.44653 1.51712 0.29493
-0.34105 -0.29263 1.45651
0.02323 0.71001 -1.35734
-0.16436 -1.09963 -1.19154
0.57542 -0.67813 -1.5034
-0.51222 0.84396 -0.48523
1.7958 -0.47366 1.29844
0.28233 1.74656 2.23964
-0.04423 -0.68432 0.64986
0.40667 -0.70318 0.73178
-0.60476 -0.25236 -2.37051
-0.11534 -1.44067 0.54658
-1.45301 -1.2532 0.46752
-1.45838 -1.00684 0.06341
0.71787 0.60488 0.3519
-0.50382 -0.51569 -1.19687
-1.30399 0.31052 -0.32922
-0.8161 1.96674 1.72135
1.0546 -1.36756 0.41954
0.46422 -0.25256 -2.11199
-0.34521 -2.23174 -1.15068
-0.08766 -1.74494 -1.32052
-0.84791 -0.18381 -1.47493
0.22284 -0.10753 -2.24678
-0.54482 0.16269 0.23519
0.95576 -1.34359 -1.13895
-0.69263 -2.22423 -2.08607
-1.43643 1.35529 -2.95503
0.80848 -1.5428 -2.60761
-0.82684 -0.6432 -1.21007
-0.1383 -0.14657 -0.68281
-1.65301 -1.6827 -0.28716
-1.21961 0.16187 -0.46672
-0.68075 1.02574 -0.93899
-0.15258 -0.52872 -0.15503
1.24024 0.6907 0.04652
-0.91994 0.25544 -0.2917
0.16963 0.78248 -1.02343
-0.17492 0.44282 -1.27759
-0.20944 0.85552 0.04492
0.31974 -0.57216 -1.65247
0.03083 -1.98536 0.27816
-1.72046 -0.47495 -2.25013
0.3616 0.82564 -1.7101
1.04596 -1.41395 0.36701
1.29611 -0.78225 -0.10596
0.23996 -0.1654 0.04223
-0.06886 -0.06491 1.57426
1.58216 0.44325 0.91807
-0.02885 1.26341 -0.41105
-0.09341 0.61311 1.70084
-2.47735 -1.22687 1.3413
0.32441 -0.90821 1.32073
0.26183 0.43001 0.52053
-0.94945 -0.76504 -1.05468
-0.71102 0.06871 -1.34423
0.55612 -0.32191 0.39509
1.8999 1.06502 -0.25365
-1.07302 0.01292 0.39615
-0.60176 0.31032 -1.67406
-0.25498 0.43951 0.15898
0.71379 0.56299 -1.03779
-0.28101 -0.14374 -0.63261
0.23273 -0.96286 -0.59812
1.40708 -0.95358 -0.18773
0.18372 0.58083 1.26695
0.92499 1.22833 1.94886
0.29844 0.74475 0.79188
-0.10915 0.71968 0.76586
-0.6995 0.13493 0.1914
-1.3157 0.41548 1.14042
-0.52882 -2.01957 -0.11961
-0.35604 0.30535 -0.0314
0.36558 0.12507 0.23207
-0.00665 0.01293 1.67149
-0.1348 0.04494 0.95267
-0.02272 -0.69581 -0.34906
0.15277 -1.57809 -0.3241
-0.65705 0.58632 -2.04775
0.24408 -0.70614 2.05244
-0.03658 -1.18207 0.5249
-1.27842 2.20707 -0.05872
-0.27034 0.65262 1.31969
-0.96898 1.61073 -0.27118
0.59848 -2.01186 -0.33559
-0.69212 -0.21187 -2.51046
0.51568 -1.71077 -1.57742
0.42167 0.39222 -0.10527
-0.45952 0.50606 0.12663
-0.29485 -2.88605 1.41048
0.88765 1.74509 0.59669
1.57171 -0.52478 1.36242
0.76876 0.69338 1.32247
-0.30416 -1.02814 1.4917
-1.28384 -0.26863 0.35384
1.00551 0.96403 0.76368
0.97069 1.11825 0.19578
-0.42517 0.32087 -0.48626
-0.19454 0.69626 -0.25387
-0.17276 2.08639 -0.85383
0.37058 -0.04875 -0.06303
-0.51646 -0.09845 1.01886
-0.7441 -0.51398 0.38145
-0.09396 1.41827 0.12296
-1.22517 -0.30355 1.44755
0.43634 -1.49214 -0.73915
-0.09227 -1.07212 -1.58465
1.57342 0.51121 1.22693
-0.50602 -0.18303 0.3864
-0.86467 -0.02669 -0.03531
0.94783 1.36558 -0.0353
0.75529 0.85525 0.5984
-0.64817 -0.22381 1.47265
-0.2154 -0.3416 1.69826
-0.89732 0.31142 0.90435
-1.59856 -0.06297 -1.56751
0.30342 -0.17734 -0.21271
1.46778 -0.78158 0.42472
1.31378 -0.53692 -1.2794
0.57457 1.19913 -1.03717
-0.86792 0.64433 0.25655
-1.32648 -0.10874 -1.02768
1.37095 0.47423 -3.26789
1.30681 -0.16682 -1.10291
-1.56039 2.94415 -1.5899
-0.72747 0.34152 -1.57049
-0.86959 0.33439 -1.89638
-1.72064 -0.26538 -1.03368
1.34833 -2.06665 -0.58821
-0.43227 1.19942 -1.26581
1.37953 0.13627 -0.37956
-0.82942 0.93136 -0.42827
0.03818 -0.91224 -0.33109
1.03308 -0.69066 -0.92641
-0.27084 -1.40737 -2.10405
-0.5316 -1.91432 -0.79293
0.85082 0.30569 -1.0319
-0.22292 1.03241 -0.40067
0.53635 1.31692 -0.61101
1.66047 -1.20835 -0.71948
1.31134 0.53041 -1.23019
-0.6618 0.11439 0.52988
-0.23957 0.76175 -0.95406
0.56746 0.12753 -1.39645
1.98839 -0.40397 0.75634
1.06421 0.64303 0.79867
1.96158 0.73168 -0.21117
3.74938 -0.12742 0.17165
0.37923 2.32156 1.43295
1.2435 0.67564 0.78475
-0.32176 1.7343 0.59906
-0.1302 -0.92579 1.45301
1.61169 0.83452 2.58116
0.99363 1.00686 2.48808
0.43052 0.85946 2.44421
-0.62658 -1.10366 0.56972
0.91968 -0.72118 0.55749
2.34313 1.44615 1.25531
1.26457 1.74513 1.7991
-0.63032 1.1209 2.27368
-0.05145 0.88543 1.39771
-1.19852 0.33978 0.4104
0.03879 1.5406 -0.52995
-1.33661 -0.51356 0.28706
1.77373 0.71089 -0.54536
-0.63184 0.5413 0.5822
1.52798 1.49174 -0.8079
0.10708 -0.5896 0.06503
-0.23815 0.16763 -0.11601
-0.04961 0.38061 1.35718
1.08162 -0.15239 2.187
0.22342 -0.46544 1.85057
0.61972 -1.41674 2.2592
-0.37858 0.00346 1.43176
-0.03316 0.13586 0.25668
-0.01375 0.0798 0.7841
0.59622 0.18235 0.23683
-0.18915 -0.13378 0.8413
0.4633 0.01065 1.05873
-1.18611 0.6789 1.31644
-0.55997 -1.38262 0.50653
0.28659 -0.86313 -1.73876
-1.17003 -1.48892 -2.84062
1.44807 0.16514 -4.52931
0.21985 0.47572 -2.10077
0.4315 0.59639 -0.26849
0.52467 -0.20775 -1.13468
-0.63679 -1.78606 -0.85603
0.24321 1.29438 -1.54241
0.1777 -0.01563 1.72505
0.41176 1.04596 1.52438
-0.70172 -0.19153 1.87522
-0.8504 1.0781 0.92428
-1.53342 -0.65854 0.05648
-0.79353 1.33122 -0.32747
-0.78263 0.0926 0.07724
0.0614 0.38255 -0.504
0.1008 -1.02695 -0.94956
-0.4066 0.52803 -0.63113
-0.65363 1.51841 -0.25399
0.32875 -0.33348 -0.40334
-0.39469 1.69833 -0.1982
1.43043 0.88033 0.06545
-1.05512 1.14573 1.39234
1.09709 -0.12709 0.2959
-2.90225 0.4647 -0.31972
-1.24426 -2.80621 0.2535
-0.19761 -1.00057 -1.77326
-1.05281 -0.79536 1.80145
-0.6055 -3.12044 0.33575
-0.69626 -0.71125 -1.58698
0.45629 0.40974 -1.20364
-1.19503 -0.87394 -0.63516
-1.12322 0.12337 -1.72652
0.63788 0.39957 -1.58332
-2.04548 3.23935 2.5096
-0.11531 -1.80386 0.97872
0.74396 1.83969 1.20143
-0.28652 1.81871 0.4249
0.0659 0.87249 0.56567
0.35351 1.01987 0.25562
0.56233 -0.86034 1.18194
-0.82495 -0.41126 1.04855
0.32704 -0.47791 0.49441
0.17274 0.21195 0.41036
1.29906 -1.1489 -0.10509
-0.61163 -0.1346 0.05931
-1.39871 -0.82558 0.49685
-0.39286 0.16561 -0.73332
-0.13941 0.01217 -2.81807
-0.3818 -1.01108 -0.80195
0.26385 0.3764 -1.44438
0.09731 -1.26712 -0.01142
0.00842 1.46846 -0.79107
-1.09644 -0.92537 -1.2763
-0.40023 0.49918 -0.06415
0.29549 0.97157 0.01697
-1.09204 0.92425 2.68837
-0.14506 -0.10035 1.41784
-0.89122 0.97905 0.60052
-0.27942 -0.61607 -1.39369
0.0568 -1.14036 -1.42097
-1.36241 -0.4075 -0.48709
-0.0946 1.44887 2.33579
1.43665 -0.59759 -0.11214
-1.84615 0.44021 -0.91218
-0.66499 -0.29273 0.86471
0.55374 1.82103 0.0702
0.03472 -0.79748 0.40036
-1.74103 1.07071 -0.46488
-0.35775 1.05469 -0.69753
-0.63558 0.22923 0.55005
0.45207 -0.09 1.35899
-1.09895 -0.79268 1.88463
-0.00321 0.1014 0.195
0.68226 1.77146 0.23185
0.58808 1.03421 -1.38537
-0.85924 0.11046 -1.12853
1.64935 -0.26427 -0.34647
0.70488 0.54779 0.38669
-0.15785 0.88876 -0.21656
-2.13721 -1.20782 0.555
-1.86374 -0.50566 -0.54466
-1.36327 -0.23132 0.51019
0.72654 -1.09936 0.04852
