-0.94721 -0.09882 0.50363
-1.28214 -1.09254 -1.59716
-1.12937 0.04679 -0.62758
-1.78511 -0.13786 -2.34129
-2.9829 -1.28886 -1.35651
-2.76388 0.21702 -1.27023
-0.66092 -0.19243 -0.45865
-0.79992 0.55655 -0.21163
-0.79164 -1.23694 0.05536
-0.55262 -0.10805 1.85741
-0.00463 0.42571 -0.08821
-0.30496 1.72241 0.63646
-0.86289 2.30315 -0.00845
0.40489 0.40778 -0.93176
1.6785 -0.34287 0.49062
-0.05663 -1.40011 1.02662
-0.32063 -0.63718 -0.00103
0.0292 1.23851 1.61465
0.47592 1.78576 0.72065
-0.16639 1.45336 -0.3074
2.02126 -0.35796 0.6048
1.26532 -0.81317 1.18859
0.31438 0.01509 0.85329
-0.26707 -0.28471 -0.14816
-0.80677 -0.13787 1.9214
-0.97907 -1.58396 2.19325
-0.24784 -0.28343 0.64357
-0.643 -1.38028 -1.2916
-0.19 -0.90896 -0.04676
-1.01655 -1.31462 0.01536
-0.3943 -1.34431 -0.62175
-0.48142 -0.72872 0.66239
0.17259 -0.95412 0.13237
-0.86624 -1.24602 -1.04164
0.49694 -1.03264 -1.54297
-0.29282 -0.27519 1.30648
0.70218 0.27163 -0.91192
-2.13255 1.56058 0.53358
-1.75408 -0.53967 -2.21927
-1.96623 -0.80911 -0.90406
-1.60983 -0.01331 -0.32884
0.08278 2.45618 -1.27196
0.46712 -0.00592 1.43701
0.36002 0.79871 0.60329
-1.03078 -0.76826 0.46892
-1.79798 -0.85074 1.09937
-1.41638 0.76238 0.19132
-1.32741 0.31478 -0.61984
-0.26105 -1.00848 -1.18302
-0.50426 -2.34925 -1.05998
0.13973 -2.69626 1.47611
0.20103 -1.70275 -0.38986
-0.66323 -0.94197 -1.9171
-0.2371 -1.20352 -0.71093
-1.48328 -1.74067 -0.30988
-0.46128 -1.47948 0.67717
-2.22157 0.3994 0.45024
-0.68001 -0.18192 -0.4913
-0.5227 -2.05858 -1.83007
1.09858 -1.57916 -1.19349
-0.51648 -0.51672 -1.81671
-1.05843 -0.49471 1.21501
-0.29959 -1.36898 0.92947
0.97343 -0.5024 -0.23818
-1.02646 -0.82916 0.11302
-0.15528 -1.10547 -0.05385
0.56256 -2.3857 0.73929
1.67103 -1.80642 0.95251
0.73005 0.73853 0.21938
1.13195 0.45306 -1.63509
-0.07278 0.89936 -1.05241
-0.7237 -0.05788 -2.53852
-0.83396 -1.6511 -0.13142
-0.99585 -1.2781 -1.2142
-2.63591 0.04888 -2.05375
-0.29907 -1.83156 0.03101
1.01305 -1.42004 -0.26538
0.14432 0.50271 -0.14885
0.83219 0.42624 0.90803
0.00711 -1.00845 0.28609
1.09656 -1.57007 -0.35545
0.63513 -1.36176 -0.63309
1.43785 -0.29183 0.04224
1.1221 -0.11782 0.40393
-0.81731 0.332 0.14534
-0.67278 1.71404 -0.75032
0.77732 -0.92709 -3.5206
0.26255 1.09811 -0.32995
1.36203 -1.21091 -0.484
0.16955 0.25192 2.31837
1.30345 0.083 -0.48826
0.45472 -0.19807 -0.23879
1.09894 0.51439 0.16798
1.09348 1.88021 -0.56762
-0.05748 1.05529 -0.34949
0.79875 -0.82633 -1.65409
1.2932 -2.05416 0.19998
0.30392 -0.64275 0.97481
-0.10551 -0.82045 0.51415
0.10972 -1.19534 -1.85332
-1.68542 1.14463 0.61263
-0.88394 -0.68569 -2.93945
-0.77279 -0.0972 -1.84186
0.14161 -0.42497 -0.2291
0.05646 -1.03867 -2.29509
1.51021 0.51298 -1.14324
0.73247 0.45064 -1.08264
1.01604 -1.51739 0.30485
2.89445 -0.00418 -0.22412
1.03611 -1.95418 1.42516
0.8048 -0.30329 2.34213
-0.77801 1.49205 0.5237
-1.40178 0.70964 -0.24636
-1.05469 -0.79672 0.38403
-0.48652 0.60584 -1.36478
0.27677 -0.27257 -2.26998
0.75237 -1.56347 -0.40846
0.18477 -3.72097 1.60944
-0.03489 -2.10567 1.44827
0.71649 -2.23738 1.39687
-0.66361 -1.27008 -0.64555
-1.46656 -1.67861 -1.09077
-0.37711 -1.99694 -1.24321
-0.33246 -2.0541 -0.29698
-0.85383 -1.56096 -0.69621
0.68797 -1.98543 -2.13661
-0.10176 -1.87384 -2.31655
-1.06424 -1.92659 -2.35638
-2.88659 -0.2375 -3.25075
-2.04802 0.48163 -1.68242
0.44807 -0.231 -0.37351
-0.04623 0.56203 0.13976
-0.41277 0.45349 -1.09639
-0.8542 0.03133 -0.49554
-0.0184 -0.55683 0.19652
1.62334 -0.60179 -0.32391
0.12004 -2.35203 -0.36555
1.11616 0.89442 0.15978
-0.56471 1.65512 -0.16188
-1.09353 1.94856 0.94074
0.85126 2.11645 -0.44882
1.74184 2.95403 0.4562
1.39152 1.93756 2.1978
2.64123 2.71732 0.93157
1.61435 1.20345 0.01776
1.43859 0.74409 -0.1855
0.95463 0.02548 1.64057
1.18918 1.61605 -0.88623
0.59765 3.32449 2.53993
-1.36991 1.68367 1.49464
-1.59666 2.08801 0.27631
-3.24565 1.12626 0.16765
-3.81556 0.99073 -1.84015
-1.85776 -0.44871 -0.19285
-0.02978 0.23974 0.72687
1.25337 0.94862 1.4484
0.69299 -0.94603 1.08753
-0.73356 -0.04147 -0.37581
-0.18113 0.26164 0.50449
-1.2947 -0.50972 -0.7379
-0.20055 1.19961 -1.21247
-0.93472 -0.25854 0.28273
-0.28145 -0.6218 -0.57117
-1.62081 2.36535 0.56698
1.31845 1.29602 1.01398
1.37527 1.38749 0.78186
0.12896 1.77955 1.46769
-0.44531 1.1915 0.68055
-0.75598 -1.26698 -1.07704
0.07549 -0.35331 -0.57002
0.24539 1.22012 0.32454
-0.07939 1.8949 1.15222
0.71939 4.0334 -0.15087
2.82696 2.50781 -1.75028
2.82611 1.81355 -1.13065
2.52699 2.31996 -0.09423
0.64515 -0.12315 -0.13273
0.75624 1.2879 1.40027
1.81501 1.03359 -2.25898
2.67902 1.38859 1.6213
2.16127 0.19869 1.06487
1.11493 -1.44695 1.08426
2.01291 -1.11546 -0.43871
2.8187 -0.02343 2.55643
1.18352 -0.03105 0.41087
1.34125 0.3972 0.06456
1.69036 -0.44656 -0.00078
0.89996 0.27515 0.54578
-0.16528 0.86671 1.21338
1.12687 0.20275 -0.31638
0.38714 0.98942 -0.01361
-0.5653 0.49257 0.54702
0.82337 0.26239 0.98423
-0.09617 1.05297 0.98905
-0.52612 0.43896 -0.58505
0.50567 1.579 -0.01494
-0.52609 1.07312 -1.01735
0.86789 1.35934 -0.24235
0.26882 0.05216 -0.4514
0.82255 0.82021 -2.00926
-0.39672 0.82214 -0.9214
0.10376 0.67841 -1.58345
0.10971 0.0625 0.79859
1.25494 -0.01406 -0.05005
0.42864 -0.10679 -0.24906
-0.17662 -1.04962 1.68704
1.3969 -0.25118 1.02492
2.13192 0.65009 1.02544
1.22993 0.36537 -0.27316
0.19551 0.11017 0.06652
0.07834 -0.42545 -2.05678
1.08575 -2.02681 -2.02447
0.28936 -0.9489 -0.72565
1.06666 -1.25244 -0.2248
-1.51107 -1.91678 1.1096
-0.01609 -2.2336 -0.86938
-0.02629 -1.50388 -1.78821
-2.69095 -1.25327 -1.04759
-0.45245 -0.46669 1.82112
0.18917 -2.91756 -1.74881
-0.98746 -2.50578 -1.74189
-0.31118 -1.99521 -0.46083
0.7836 -1.38742 0.43427
0.23658 0.00334 0.47757
-1.11631 0.52864 -1.71043
-1.84761 0.93097 -2.0626
-1.23853 0.00225 -0.00299
-1.98558 -1.14648 -0.5416
-1.3978 0.36234 -1.05368
-0.59408 -0.48593 -0.15401
0.65234 0.61704 -2.39679
0.95397 -0.93267 0.60574
1.16284 -0.60445 -1.66408
1.69066 -2.77197 -0.5827
2.47148 -3.5069 0.62841
1.14198 -2.52131 0.58005
1.06438 -2.81929 -2.73833
-0.79693 -2.49745 -0.66876
-1.41331 -1.06428 0.34759
-1.01219 0.07999 -1.00476
-0.33269 1.13683 -0.36049
0.11821 1.11291 -0.21635
0.45664 0.74215 -1.6698
1.05096 1.50308 -1.91367
0.03416 1.89529 -0.04329
2.49383 2.35896 0.71703
0.60235 1.21354 3.09132
1.03134 1.40632 -0.95862
-0.3995 1.50036 0.51836
-0.30811 0.67844 -0.13701
-0.26462 0.4555 1.23939
-1.16999 0.97681 0.19742
1.56078 -0.72702 1.59533
1.33416 -0.57349 0.11471
0.85948 -0.51247 -0.89522
0.2352 -1.63035 -0.7045
2.02572 -1.95701 0.47493
1.53539 0.66385 0.01444
1.35775 1.62918 -0.47738
1.4203 0.19987 -0.82987
1.39621 1.06289 0.02048
1.77426 1.89004 -2.91796
0.93679 2.69563 0.56285
0.19528 1.67918 1.17659
2.12533 0.38856 1.12171
1.24807 1.09713 -0.40964
1.59971 1.13249 0.6096
2.07077 0.84955 2.27936
0.74065 1.93416 2.03304
1.06387 2.10906 -0.14563
1.68488 2.82354 1.08569
0.05174 1.84917 2.17057
-0.49282 1.18232 2.37801
1.04529 -0.11932 -0.31325
0.98642 0.18729 1.98541
0.22909 2.68372 3.29805
-1.29833 2.42009 1.88177
0.14408 0.03847 1.57032
1.45415 -1.24443 1.18121
0.342 0.30094 0.4042
-0.01779 0.65359 1.39207
0.98046 -0.87933 1.56837
-0.6899 0.42674 -1.16927
0.64841 1.8697 -0.26163
1.00428 -0.09954 0.42436
-0.46061 0.07896 -1.27247
0.40223 -0.6322 1.24859
-1.69589 -0.65306 1.8887
0.68274 -0.47462 1.31089
-1.14883 1.47852 1.06568
1.01762 0.51649 2.83379
0.22254 2.34561 -0.16645
-0.98152 1.93716 0.35208
-0.54008 0.58759 -0.49892
0.0489 1.06802 -0.53286
-0.21439 -0.39454 -0.00367
-0.85938 0.87375 -0.1825
0.28128 0.33538 0.38498
0.45824 -0.76594 0.19762
0.56054 -0.76906 -0.03975
