2.26646 2.62298 6.8987
0.22951 1.80269 8.85249
0.23453 1.01111 10.013
0.29034 0.15114 9.00565
0.9402 0.69881 8.44997
-0.00206 1.27204 7.61916
0.85263 2.49458 8.78323
-0.44807 0.45455 7.5446
-0.10945 -0.74941 7.68898
-0.06604 -0.46545 8.4594
1.60894 -1.06357 8.09464
-1.11555 -2.69676 6.69209
-0.38972 -2.64827 6.56511
-1.81549 -2.67483 5.55366
-0.35162 -0.10253 5.22193
-1.31104 -0.58257 3.97614
-0.65928 -0.70496 2.49297
-2.78769 -0.99556 2.01706
-1.72199 -0.04317 0.86176
0.94671 -1.09566 -0.65609
-1.74238 -2.05523 -0.31986
1.54787 -3.08707 -0.60868
-0.33731 -2.13545 -1.57438
-1.12296 -1.5151 -1.10538
-0.67838 -2.10436 -0.36991
-0.88789 -1.7203 -1.6384
-0.56099 -0.95811 -1.51359
1.06611 -1.15102 -2.91158
0.58429 -0.81019 -3.4236
-1.77946 -2.29218 -3.46509
-0.46866 -2.72354 -3.83072
0.44761 -2.38534 -3.88642
-1.52875 -3.35331 -2.79502
-2.15237 -4.94265 -3.32932
0.77717 -4.60266 -3.81037
-0.47693 -3.77921 -4.4691
-0.32714 -2.522 -2.72313
-0.60352 -3.07991 -2.81389
-0.26388 -3.1814 -1.97652
-0.95874 -3.16765 0.29612
-1.49153 -2.15113 -0.99395
-1.28031 -1.35945 -1.50979
-1.18584 -1.8842 -0.65154
-1.40712 -1.58848 -0.55707
-2.61019 -1.59461 -0.32453
-0.26207 -2.76714 1.00653
-0.06348 -4.48868 0.0942
0.2983 -2.61211 0.1257
-0.57165 -2.53851 -0.61759
-0.50977 -1.83739 -1.39173
1.46817 -1.39797 -1.54555
-2.28134 -2.68698 -1.46342
-1.15991 -4.37466 -2.46959
-1.27619 -2.42259 -4.50268
-1.94278 -0.40422 -5.07908
-1.11023 -1.94942 -5.8885
-2.03103 -2.4734 -5.17629
-1.27927 -1.68789 -5.13146
1.10094 -0.19037 -5.46694
0.42349 -0.71239 -6.63302
0.32799 -2.60726 -8.06243
1.20369 -1.78294 -6.13095
0.09922 -0.34736 -4.44855
0.15413 -0.62785 -4.33239
-0.67326 -0.37097 -4.00547
-0.28399 -1.19233 -5.209
-0.40948 -1.25728 -5.14811
0.3922 -2.40918 -6.18883
-0.12935 -5.00306 -6.37525
1.10926 -3.6645 -6.43033
-1.68763 -2.07396 -4.61387
-0.2876 -1.41487 -5.18094
-2.15667 -0.56204 -6.31306
-1.83358 0.77228 -6.35817
-0.13547 1.33735 -7.66942
-0.80182 2.32738 -10.13981
-1.45218 0.3317 -7.5028
-1.4892 0.2406 -8.00014
1.0868 1.50625 -8.7368
-0.18092 0.4797 -7.74186
-1.08311 1.14197 -6.36324
-1.27964 -0.47811 -6.83466
1.06025 0.14246 -5.51702
-1.32128 -0.56102 -6.1305
-0.3282 0.77352 -6.12137
-2.31223 1.61133 -6.80916
-0.1007 0.98324 -7.22065
1.70299 -0.27779 -7.85698
1.00685 0.14384 -7.98962
-2.81933 -1.28926 -6.18801
1.53933 -2.4029 -4.31261
-0.39382 -3.6313 -5.68622
0.8907 -2.9607 -6.16437
-0.42131 -2.4171 -6.02032
-0.73779 -1.10292 -5.40987
-1.52773 -1.98501 -5.78998
-0.39843 -2.20678 -5.1031
-1.59932 -1.67891 -5.26894
-0.62346 -2.07994 -4.48444
0.49411 -2.16479 -4.54835
0.02964 -3.52411 -5.55392
0.77393 -2.68618 -5.48919
-1.93836 -2.031 -6.1679
-0.43529 -1.68885 -6.33279
-0.53292 0.04257 -7.74581
-0.30656 1.77151 -7.04853
-1.14284 0.45328 -6.4652
-1.94854 1.70135 -5.39173
-0.21601 0.89626 -2.90591
-0.56235 1.26332 -2.63795
0.94364 0.82261 -1.82138
-0.53124 1.32047 -0.65267
1.2982 -1.95738 0.3505
0.069 0.35903 0.18512
1.09233 1.24026 -0.50501
0.01286 -0.61239 -1.12221
1.37491 -0.04504 -1.04351
-0.19356 1.0729 0.54304
0.95945 3.20796 0.41872
1.10782 2.73573 0.92097
-1.37746 1.09819 0.24857
-1.39077 1.12052 -0.88353
1.09054 1.39812 -2.83095
2.04162 1.94852 -3.51634
0.30562 0.16665 -1.8491
0.64219 -0.19393 -0.82413
0.1398 -0.58426 -1.10687
-1.20766 1.18555 -2.02165
0.30235 0.97715 -1.84424
-0.31063 -0.35206 -2.58547
1.24206 0.13881 -1.48527
-0.70615 -0.81018 -1.3091
0.353 0.54365 -0.4756
0.30242 0.17753 -0.54219
-1.96788 1.82528 -1.95224
-1.15149 0.59036 -3.10904
-1.97408 0.77931 -4.52259
0.12278 -0.04573 -4.86501
-0.1881 -0.775 -5.71702
-0.09732 -2.03928 -4.75215
-0.61599 -1.55359 -3.36626
0.68743 -1.11304 -2.86263
0.23093 0.10065 -1.72999
0.30873 -1.66937 -2.75816
-0.78931 -1.16588 -1.7591
0.39365 -0.40906 -1.27065
-0.62261 0.16461 -0.98012
0.44633 1.28529 -0.8423
-2.5125 1.29606 -1.10598
2.1048 0.97907 1.30844
0.174 1.80007 -0.34787
-2.09671 2.17644 1.74475
-0.8468 -0.35278 1.41268
1.6614 1.12955 -0.10135
-0.02073 1.54921 -0.31238
-1.16407 0.94587 1.23264
-0.14477 -0.01034 1.82479
0.41357 -1.30015 1.09939
-0.22412 -1.50178 -0.19607
0.57992 -1.34362 0.68544
1.68686 -1.85352 0.7133
1.21157 1.3874 1.75912
-0.29952 2.83651 1.14001
-0.91236 2.41153 1.81132
1.15692 5.02415 -1.38738
-1.07718 4.97706 -0.80048
0.03864 5.6895 0.72044
-1.2956 3.28573 1.61711
1.70219 3.74167 1.60458
-0.15815 3.20139 -0.87026
0.69092 3.76839 0.52921
-0.46478 4.39382 0.4305
-0.28959 4.24487 1.60418
1.00771 3.78319 1.05003
1.97876 3.16718 -0.51061
0.20726 1.17861 -0.12656
0.81488 0.84975 0.11274
2.45567 0.36424 -1.069
-1.0073 0.8692 -0.14056
1.36673 1.38 0.22241
0.20457 2.40709 -0.47128
1.60539 2.5026 -1.97088
0.51719 1.44092 -3.3259
0.43822 0.34395 -3.44311
-1.05719 0.31853 -4.04257
2.53084 0.75095 -4.45993
0.63611 1.08285 -3.29455
0.80152 1.03255 -1.03049
0.60572 0.77318 -1.9314
0.68974 1.61649 -4.04743
-0.31017 0.83236 -3.8064
0.77043 0.87578 -3.18282
-0.00315 0.59033 -3.02233
1.0903 0.92314 -1.76454
0.68506 0.65183 -1.2613
2.38175 0.1025 -0.58484
1.50674 1.0912 -0.54962
0.61632 1.56883 1.50351
-0.52355 -0.59859 2.59449
0.1732 -2.03721 2.48777
-0.85944 -0.94431 1.51486
-1.04289 0.38328 3.08064
-1.15031 -0.96224 1.88732
0.43435 -1.29388 1.48155
0.7053 -2.33694 1.12026
-0.37964 -1.31294 1.09298
-0.60837 -1.27904 0.54998
-2.75779 -0.63576 -0.37805
-0.95216 0.49292 -0.83173
-1.2716 2.30049 0.53951
-2.39058 0.73978 0.81661
-0.63726 -1.52027 1.35711
0.16873 -0.34153 2.07225
0.79858 -0.03104 0.68564
-2.02978 -0.06015 0.21808
1.00243 0.12232 -0.62563
-1.12676 -0.77568 -0.67797
0.4049 0.23763 -0.67852
-0.53833 0.18287 -1.32999
-0.27543 -1.03358 -1.89583
-0.58867 -2.33782 -2.9166
1.48859 -1.41115 -3.26411
0.07192 -0.19657 -4.53146
0.23926 0.09636 -6.91894
-0.62745 1.37867 -5.6925
-0.23842 1.80448 -2.69916
0.22136 1.68469 -2.5715
-0.02421 0.32426 -2.06768
0.33471 1.56596 -1.03329
2.68128 1.59318 -2.02192
0.26069 3.53486 -1.85966
1.06286 4.67577 -0.21974
-0.68713 3.32061 -0.8007
0.42829 3.92139 -0.00376
1.66624 3.05863 -1.14767
0.88105 3.13683 -1.49783
3.07212 2.12781 -2.42877
0.0226 2.16794 -1.89368
0.0379 2.43383 -1.21613
1.49426 2.49654 -0.81993
0.54086 3.54155 -0.74235
0.3314 2.85131 -0.30518
-0.53988 2.60163 0.0558
0.70226 2.82488 1.93201
2.18256 4.43034 3.46135
2.23447 2.02894 3.69292
1.68631 0.38275 2.44551
1.15478 -0.70228 1.26995
-2.11086 -0.06873 1.3461
0.42685 -0.92108 3.16085
0.93969 0.11094 4.68409
-0.66013 0.21463 4.25186
1.21674 0.9655 5.26817
0.51509 1.95024 2.99642
-0.35763 2.10073 2.02394
0.01149 3.21503 3.03437
-0.78915 1.73931 3.06155
0.08801 2.57869 1.05112
2.4591 1.80342 1.06397
1.43195 1.0553 1.11538
0.2983 0.38824 1.09077
-0.12069 1.21796 0.80405
1.51368 0.36592 -0.36062
1.72962 -0.13516 -2.6483
1.06402 -1.0725 -2.05087
-0.28449 -0.24466 -2.07214
-2.4614 -0.67683 -1.61146
-1.12142 0.57046 -1.89881
-2.06118 -0.44221 -0.38222
0.24841 -0.06767 0.72944
1.3362 -1.17921 1.37554
-1.10158 -3.33068 1.95789
1.43594 -3.5098 1.82084
0.48031 -2.95636 0.68199
0.53638 -2.95756 0.38977
-1.02319 -1.93512 1.36598
-0.57253 -2.74697 1.86879
-0.45167 -1.73705 3.12749
0.2735 -1.19238 2.75777
0.01167 -1.59307 2.24998
0.80122 -0.51343 2.81033
-1.31559 0.6643 2.55699
-1.75777 -0.44188 3.14431
-1.40079 -0.59711 2.1875
-1.45402 -1.67 2.90694
-0.01785 -2.85399 3.00053
-0.1276 -2.96832 2.27073
-1.18128 -3.88715 2.51393
-1.35367 -3.29976 2.70761
0.07159 -3.16611 1.56171
0.18345 -3.218 1.7512
-0.474 -3.39235 1.54627
-0.57322 -3.73756 0.9429
-2.19602 -3.59548 0.1837
-2.5328 -3.48824 -0.05578
-0.68549 -3.79589 0.13098
-2.48481 -3.71537 -1.09946
-0.21141 -4.81885 -2.92382
0.19795 -4.71825 -4.1557
0.43734 -4.37318 -2.86075
