-0.76325 0.78167 0.10713
-1.60469 -0.39373 -0.71921
0.73002 -1.99587 -0.67585
0.78685 -3.02358 -1.53151
-0.48951 -3.13594 -0.93555
-0.05192 -2.79495 -2.26942
-1.9377 -1.99362 -2.28355
-1.46389 -0.36158 -0.46739
-2.44855 0.85733 -0.87613
-1.1789 -0.8935 1.52408
0.62914 -0.92732 1.65022
1.27877 -0.37232 0.74753
0.9073 -1.27391 -2.33219
1.72522 -2.56121 -2.51589
-0.25811 -3.02918 -1.98715
-0.70192 -1.98369 -2.40392
-0.28343 -2.38553 -2.44189
-0.75597 -3.55619 -2.85225
-0.1429 -4.073 -2.72555
-2.85454 -4.12331 -3.75986
-1.60291 -3.32736 -3.49304
-2.50056 -3.97159 -2.98097
-2.64548 -5.50349 -2.99889
-0.05482 -3.88881 -2.1706
-2.51349 -3.78685 -0.95834
-2.16673 -6.12473 -1.33985
0.10267 -5.30709 -3.31958
-0.85107 -5.86451 -4.04497
-1.96187 -6.33181 -3.38488
-3.41822 -4.00547 -2.60108
-3.84499 -4.70162 -3.55794
-2.47475 -3.90592 -2.7311
-1.29179 -2.89299 -3.29471
-3.10919 -3.03024 -3.48937
-3.20685 -0.2161 -2.89894
-2.41831 0.3088 -2.75892
-2.43807 0.2276 -2.03611
-1.22852 -0.19251 -1.21082
0.03252 -0.7574 0.12074
0.18809 -0.59287 1.08701
-1.07749 -1.21318 -0.24555
-0.59636 -1.46689 -1.54207
0.68775 -1.74653 -1.62914
-2.5435 -1.09343 -3.06339
-2.37006 -1.00201 -1.79429
-1.0159 -1.64439 -1.74774
-0.78753 -1.27386 -0.3983
1.26397 -1.67426 -0.21942
-0.20331 -3e-05 -0.83151
0.50189 -1.91926 -2.20331
0.29665 -1.69281 -1.35672
0.01883 -2.31809 -1.89092
-1.42267 -3.62022 -1.30901
-0.27262 -4.26642 -2.81018
-1.75438 -4.60881 -1.94992
-1.8577 -3.93394 -3.0969
-2.01947 -1.2367 -3.94973
-0.52971 -1.9169 -4.82673
-1.49676 -0.39071 -2.36768
-0.46895 0.20716 -1.34245
-1.50962 -0.69553 -1.06821
-1.49212 -1.92538 1.29202
-0.90754 -2.04155 1.72811
0.66306 -2.12406 2.21343
-0.61961 -1.62618 0.10615
1.44673 -0.70377 -1.05121
-2.36812 -1.25268 -1.12524
-0.87948 -0.63767 -1.19006
-0.53246 0.04475 -1.42783
-1.16532 0.36793 -0.9589
-1.69874 0.43413 -1.37292
-1.02457 0.89091 0.92839
1.52239 1.25701 -0.18213
1.52917 1.15154 0.76018
0.21736 1.16049 0.52639
0.59032 1.73164 1.69468
1.33972 2.9999 -0.21276
1.23961 4.21514 -0.90987
1.13644 6.14217 -0.03978
0.72193 6.68516 1.15845
2.29708 8.31754 2.13081
2.28166 7.92055 2.72048
3.50684 7.64378 1.24919
4.27764 7.37276 2.44991
1.93085 6.703 4.00796
3.36818 5.58959 5.92125
4.27719 5.19611 4.2129
3.39731 4.98101 3.74154
3.41772 5.97905 3.07471
4.51248 6.53363 4.31491
4.23879 7.19421 4.53519
1.76064 7.02259 2.63559
2.22983 6.25646 5.18982
1.27624 6.90304 4.66673
3.32232 5.12385 5.47296
3.28928 5.15129 5.43506
3.71231 5.63923 5.49725
3.6673 5.02264 4.88731
3.41374 3.88971 4.39992
3.75838 4.61866 5.76267
3.45031 3.14616 5.4884
6.85796 2.42567 4.12498
3.60004 2.16669 1.80372
1.46956 2.14504 2.61475
1.7521 2.2532 2.58051
2.66078 2.81932 1.50708
0.75717 2.24 1.0904
0.27735 1.7608 0.34415
-2.36808 2.07082 0.98436
-0.80493 2.12901 -0.06896
2.34926 3.37795 -0.59486
1.92961 3.64673 -1.06372
2.43894 3.51299 0.64435
1.42326 2.90735 -0.18929
-0.64704 2.16671 0.11811
1.37866 1.98088 1.70621
3.05411 1.83306 1.40185
3.10694 1.87677 0.07316
2.1909 3.39391 -0.47198
1.9204 3.5887 1.17677
0.24008 3.2897 4.41281
1.05921 3.90239 3.11374
1.42777 2.74868 3.78998
0.49069 3.1038 3.36816
2.21329 1.63091 2.90787
2.27938 1.81316 0.02392
1.07297 1.80711 1.2315
0.75367 3.31031 1.01469
2.09768 1.8147 2.73908
0.90152 1.64017 -0.39982
2.55721 1.11126 1.10084
1.16567 0.77967 1.20164
1.09861 1.15935 2.91556
-1.3789 1.80581 1.2878
1.69628 1.68842 2.51
1.01278 2.6563 2.42995
1.60584 1.9114 1.01682
1.29794 3.58999 1.03202
-0.49697 4.02876 1.45681
2.32274 3.80136 2.61279
2.21988 2.65947 2.29159
0.75514 3.64706 2.16374
0.14953 2.82099 0.49768
-0.51461 2.21686 0.65014
0.78631 1.86804 1.16904
2.25121 1.27358 2.69152
-0.70885 1.55439 3.4316
1.00395 3.04362 2.53022
2.85653 1.99353 2.43792
1.90181 2.1601 2.6726
2.1489 1.69003 0.64915
2.05832 2.00124 1.34695
0.84019 2.15815 2.09344
-0.25739 3.35705 2.45566
-0.25287 0.84869 2.35957
2.25593 0.77417 1.18606
0.71247 -0.00119 1.57534
0.1961 0.01054 0.78879
-0.4479 -1.0819 0.35885
0.03308 -2.89873 0.25945
0.29152 -0.5704 0.73388
-0.20634 -1.41433 1.32368
0.84618 -0.85392 1.7221
-0.07123 -2.61758 1.83649
-0.53872 -2.40078 0.9525
0.38783 -3.74508 -0.71171
-0.40461 -3.72931 -1.19452
-0.66662 -1.26605 0.13293
0.51685 -0.21989 -0.17523
-0.87804 0.55269 0.34653
-1.5426 1.04618 0.87108
-2.39116 1.73009 2.73004
-2.53928 2.88918 2.74515
0.06522 3.89725 0.8903
1.79669 4.24723 2.15445
0.51903 2.95026 1.20667
1.62152 3.43525 1.8425
2.0834 3.90079 0.92206
0.72201 3.78214 -0.21629
-0.89504 5.09751 1.59161
0.13341 5.19712 2.12757
0.87082 4.2924 2.12113
2.98734 4.32004 2.75174
0.74912 5.81131 3.46399
2.51296 4.70686 1.98616
1.42451 3.73381 3.28122
2.41074 4.14316 3.09312
0.64963 4.21815 1.46186
2.7292 4.84326 3.88735
1.52328 5.82401 1.8174
2.60157 5.86401 0.72327
3.04142 7.46757 2.16672
3.02526 8.79689 2.03281
2.16213 7.8534 1.58305
3.1325 9.58893 3.5556
3.57911 10.01278 3.44553
3.25508 9.67438 5.6155
3.20545 8.61661 4.57998
3.87809 6.81181 4.54177
3.28696 7.99472 6.08123
5.09349 6.94362 3.01124
3.24814 8.05937 3.8837
3.84626 6.61164 4.59876
3.4662 6.78784 5.51083
5.63388 6.91192 3.60428
4.32137 6.8381 3.44437
3.41288 7.4226 4.07567
4.96305 7.59372 4.56906
3.74249 6.47404 3.23239
7.14124 4.96111 3.31677
2.69514 4.91195 4.56706
1.98099 4.29427 3.36263
1.12641 4.65626 5.15107
2.81451 4.23603 5.15155
3.49772 4.52592 3.29487
1.87108 3.7339 3.64631
0.93427 4.36694 3.87341
1.92369 3.37134 1.333
1.22975 3.86881 2.21609
0.93662 5.01767 1.69579
1.6706 4.82446 1.39742
1.91539 4.46248 2.9508
2.49186 3.71011 3.3855
1.18046 4.05038 3.90253
3.00125 2.62141 3.51455
2.32932 1.87754 3.54766
2.93313 2.68691 2.27756
2.70942 1.01522 1.9278
1.35849 2.58253 1.99494
2.07181 2.99591 1.42674
0.77118 3.66347 0.48001
3.40009 3.16373 -1.20216
0.48413 3.48719 1.58608
1.9931 2.25818 1.92481
0.40499 1.59925 1.44234
0.24384 3.19236 2.48658
0.71319 1.33012 2.70819
2.08037 -0.39461 2.67106
2.18595 -0.22008 2.4229
2.87342 -0.30614 1.16312
1.21621 0.56008 1.17876
0.92226 -1.11908 0.82785
0.85937 0.86026 1.3364
1.25972 2.28538 1.07118
-0.59027 1.95342 1.75658
0.75295 1.89154 3.49692
0.09238 1.32145 1.02814
2.85451 0.44659 0.82609
0.1563 0.11494 0.59596
0.07034 -1.47023 -0.68017
-0.66885 -2.73279 0.32863
-0.79611 -3.29634 1.61453
-0.41593 -2.9807 -0.15273
-0.16475 -2.61669 -1.53134
-1.36493 -2.85182 -1.40059
-3.45066 -4.35165 -0.59388
-1.03324 -4.59432 -3.12884
-0.68707 -6.21635 -0.72188
-1.77296 -5.30233 -2.66463
-2.28315 -3.79807 -1.84759
-1.21092 -2.79826 -1.72796
-3.44122 -3.16158 -0.87477
-3.22801 -4.71562 -1.97054
-1.3645 -4.59693 -3.38654
-0.62629 -3.97014 -3.60983
-2.3249 -5.01895 -5.84835
-2.56706 -4.49156 -5.83398
-3.93409 -4.40449 -3.84655
-3.00042 -4.22667 -3.40469
-2.19799 -4.2625 -3.64023
-2.93668 -2.97532 -3.82787
-3.28122 -4.36642 -4.05522
-2.91913 -3.58183 -5.57582
-1.30389 -4.12677 -5.86449
-2.9767 -3.95551 -4.96943
-2.58785 -2.28184 -5.45328
-1.46566 -2.0835 -3.85787
-1.61016 -1.62446 -4.4237
-1.00888 -0.9174 -1.85583
-2.80657 -2.03739 0.08612
-1.2278 -2.63584 0.37485
-1.07403 -2.65291 1.02238
-2.38441 -3.19125 -1.88411
-0.90425 -3.39041 -2.96027
-2.05261 -4.63715 -1.35986
-1.14844 -4.44048 -0.69419
1.0939 -3.14006 -2.10598
-2.45252 -2.89202 -1.38073
-1.58147 -3.33081 -0.04512
-0.43237 -3.3571 -2.05555
-0.55273 -4.70352 -2.33021
-0.92784 -4.28498 -3.62904
-1.55754 -4.63865 -3.14982
-2.27336 -4.07977 -3.65245
-1.08254 -3.38603 -2.98158
-2.5768 -3.61352 -2.41375
-1.2564 -2.98313 -3.63347
-3.3438 -0.16417 -2.34973
-2.70991 0.82136 -2.88727
-0.49772 2.40997 -1.58087
