-0.882 -0.57447 1.03696
-0.09901 -0.3217 -0.24769
-0.87805 -0.56193 1.06617
0.25244 -0.36697 0.21267
-0.50656 -1.00358 0.20556
-0.90552 1.03339 0.11718
-1.33177 1.23068 0.23629
-0.16441 -0.72488 -1.13696
0.59383 -2.31562 -0.93714
1.37406 0.08935 0.3786
-0.5874 -0.35781 -1.21659
-1.0533 -0.94918 1.44666
-1.33257 -3.14769 1.3663
-1.19882 0.75235 -2.06449
-1.60157 1.24441 -1.23514
-0.74746 0.60666 -0.7763
-0.37241 2.0219 -0.2911
-0.42915 0.23902 -1.64797
0.37617 -0.93664 -0.57545
0.41706 -0.28265 1.35673
-0.17192 -0.18413 -0.37
0.59487 0.5946 0.31929
1.78936 -1.1027 1.8997
1.29589 0.35787 2.00506
0.18369 -1.33888 0.428
3.31659 -1.60396 -0.5888
2.4489 -0.92383 0.30024
1.80953 -0.65812 -0.89988
0.96801 0.27753 -1.09518
0.52338 0.07085 0.09601
2.45999 0.37972 0.29917
1.6993 0.93225 0.46924
1.23223 -0.28982 -1.59444
1.93284 0.74047 -0.66078
-0.29951 0.7362 1.31147
0.25649 0.51273 0.65716
-1.1887 -0.1052 0.48236
0.15463 0.24987 0.88739
-1.47109 -0.80194 0.4955
0.17714 -1.07139 0.80786
-0.7381 -2.22266 -0.91443
-3.0647 -0.91354 -0.37802
-3.6924 0.61411 0.1033
-2.53501 0.23352 2.19652
-2.34913 2.39796 1.83725
-0.06392 -1.22751 -1.1057
-0.1454 0.10648 -0.21223
-0.15901 -0.16821 -0.09082
0.30701 -0.61855 0.14984
0.76984 0.71483 0.17683
1.18235 0.0143 -1.35943
1.62657 -0.63832 -0.34682
0.7628 0.72446 -1.12562
0.94689 -0.40505 -0.39394
0.54854 -1.74166 0.99673
1.09218 -2.38048 1.60735
0.86605 -0.74327 1.24031
0.84752 -1.44349 0.70047
-0.27253 -0.90301 1.04616
0.97107 -1.30316 1.33676
0.67591 1.54703 0.76421
-0.45467 2.54933 -0.34405
-0.68786 2.01155 0.09513
1.47072 1.75057 1.29002
1.63004 2.74063 -0.75441
1.70774 2.6336 1.00974
2.13687 2.59586 -0.8001
2.97885 1.84901 2.10159
4.28597 3.31967 1.15479
3.52277 -0.394 1.07582
3.61478 -1.46905 -0.45721
2.50868 -1.07858 0.59572
1.83384 -0.50343 1.72004
1.16483 1.42334 1.40411
1.56402 0.64883 3.7405
0.81658 -0.56043 1.42716
2.37795 -1.71064 0.44725
1.42663 -0.40938 -0.14777
0.31162 0.16263 0.0032
-1.40774 0.73968 0.55628
-0.81264 -0.89432 -0.61003
-0.10056 -0.06158 1.00419
-0.29507 -0.2923 0.17501
-0.50453 -1.18833 -2.61735
-1.17328 -1.78936 -0.35953
-1.12071 -1.43825 0.46056
-1.96901 -0.089 1.62463
-1.80256 1.4698 0.45484
-3.38016 -0.07672 0.2598
-1.39256 -0.16208 -0.6358
-0.16604 -0.46476 -0.76101
1.32951 0.70147 1.37822
2.14997 1.33282 0.29179
1.16239 0.74569 0.18363
0.40704 1.18517 0.72159
0.91185 0.50062 -1.3174
2.30992 -0.25689 0.99869
2.61649 -0.91791 -0.14678
2.15916 0.76369 -0.71565
2.54636 1.94165 0.62751
2.67245 1.15289 -0.13253
2.85322 1.95364 0.88111
2.35533 1.73159 1.25892
2.19966 -1.3349 1.6681
2.03926 -0.18998 0.71976
1.87081 0.99534 2.39498
3.48711 0.41152 0.30028
2.75383 1.72823 0.05669
0.97512 1.63901 1.86693
0.40192 -0.53806 0.99111
1.47986 0.31124 0.63809
1.65449 -0.29101 1.28034
3.80064 0.29853 -0.52226
2.42686 -0.25574 0.33794
2.55285 0.93069 -1.28314
1.00697 -0.22009 -1.13246
1.89521 -1.52431 1.04623
0.18288 -0.03063 -0.20093
-0.0866 -1.07278 0.55625
-2.40948 -1.12508 -0.82404
-2.96624 -1.84682 0.08088
-3.04442 -1.22288 2.04849
-3.07745 0.11338 0.71278
-0.80543 -0.07939 0.49535
-0.58972 0.0517 1.10367
-0.36636 0.51411 0.23279
0.09592 1.38681 -0.37416
0.24027 1.69943 0.61094
-0.10102 1.083 -1.45359
0.49837 1.41039 -1.82292
0.82873 0.51223 0.33978
1.34731 0.83129 -1.0737
2.09991 -1.05636 -0.40887
0.86734 0.81084 1.42557
-1.62711 1.21845 0.04133
-1.24287 1.47508 -0.99383
-1.20965 1.08088 0.40795
-1.84677 0.0767 0.25116
-2.60387 2.33748 1.87403
-4.01583 1.1769 0.32722
-4.48555 1.81496 -0.76783
-5.73709 -0.23889 -0.29
-3.96679 0.4957 -0.01797
-4.85019 -0.48855 -1.12572
-3.68403 -0.10722 -0.88737
-2.8702 0.29502 -2.18176
-3.13564 0.32222 -3.20913
-2.61005 -0.63469 -1.81408
-2.06087 0.10346 -2.58271
-2.54283 1.32561 -1.75472
-3.50269 -0.09809 -0.96076
-4.52972 0.1765 -0.82393
-3.46261 -0.32792 1.48196
-2.58495 -0.34486 -0.32866
-2.93716 -1.70721 -0.93705
-4.03595 -2.81044 -2.30232
-3.11885 -1.7292 -0.88442
-3.74369 -2.79915 0.9952
-3.39134 -1.9527 -2.20245
-3.80295 -0.76977 -3.81246
-2.91994 -1.68 -1.22254
-1.83981 -2.50831 -0.0688
-1.52072 -2.66701 -1.3807
-2.35004 -2.12847 -2.13042
-1.72312 -1.46774 -1.12219
-1.91624 -1.63618 -1.35855
-0.55182 -0.67554 -2.15399
-1.13956 -0.01186 0.13634
-1.59322 -0.98727 -3.08884
-0.81863 -0.28572 -0.78053
-0.62612 -2.957 -1.74539
-0.484 -1.90911 -0.64662
-1.93182 -1.914 -1.58399
-3.03314 -0.34488 0.2718
-2.77771 -0.9779 2.26205
-4.26651 -0.22866 1.67908
-6.49834 -1.7947 -0.52343
-5.54644 -0.79681 0.26339
-5.19284 -0.43651 -1.27035
-4.85282 1.03665 -2.29061
-3.79573 0.55451 -0.84437
-3.70473 0.75918 -1.74013
-3.06004 0.87978 -2.40268
-2.97507 -1.02328 -2.24088
-2.66019 -0.2625 -2.40979
-3.07024 0.44837 -2.48888
-2.49212 -0.20446 -1.49216
-0.64071 1.02756 0.52384
-1.67669 -0.63624 0.73532
0.03537 0.3753 -1.52223
-2.62295 -0.15124 -0.66196
-2.41182 -0.21076 0.33468
-2.93281 0.3608 -0.11541
-2.14293 -0.4493 1.51841
-2.63823 0.21173 -0.19075
-0.91923 1.25426 -0.23715
-0.18868 0.48181 0.58412
0.40093 -0.00245 -2.01693
0.81174 0.56692 -0.68327
0.87639 -0.2557 -0.86423
1.40855 0.79175 -0.78345
1.48399 0.87341 0.51196
1.30064 -0.46932 0.01382
1.34712 -1.31362 0.72311
2.02775 -0.96893 1.26552
1.25988 0.61467 0.87363
1.3225 0.14846 0.83973
1.55832 0.90085 0.77456
2.24943 -0.64309 -0.71127
3.20362 1.59574 -0.61977
3.96112 0.46662 2.06248
3.68904 0.00416 0.37642
3.30742 2.22509 -1.1061
3.94398 -0.06576 0.45224
2.32856 -1.22 -0.67546
3.76009 -0.65172 0.64113
1.82192 0.86241 1.201
-0.22888 -0.06423 1.07414
0.07504 -0.01061 0.72377
-0.4341 -0.57767 0.03954
-1.81387 -0.21253 0.74687
-2.28392 0.25328 -0.12295
-3.31077 2.80108 2.24059
-5.73707 -0.20683 0.68273
-3.50489 1.30827 -0.72827
-3.28378 0.84175 -0.74495
-2.65473 -1.85146 1.79146
-3.49487 -0.86052 -2.96932
-4.48036 -0.99225 -1.7807
-4.52262 -0.84667 -1.27365
-5.73774 0.8807 -1.90675
-4.70561 1.93045 -2.57696
-3.55191 -0.32172 -2.74859
-4.19295 -1.94467 -3.54114
-4.40085 -1.95338 -1.73639
-3.95305 -0.67841 -1.50877
-4.63728 -1.6203 -2.93477
-4.0591 -0.87029 -1.8316
-4.2553 -3.36102 -1.99614
-4.04899 -3.26896 -3.29463
-4.67343 -1.92975 -1.41814
-7.2824 -2.57715 -0.78279
-7.85145 -2.57737 -2.9525
-7.78426 -0.46282 -1.95295
-8.0885 -0.73944 -0.57861
-8.46985 -0.30327 -2.83662
-6.52881 -0.88515 -2.78269
-6.64996 0.58774 -2.84726
-6.49735 2.63838 -2.08344
-4.15048 1.4956 -2.24055
-3.61825 -0.05585 -1.02046
-3.22913 -0.66201 -2.18289
-3.73521 -3.35608 -3.39526
-2.65956 -0.96774 -1.01046
-4.77359 -0.9856 -1.01604
-4.28398 -1.51733 -1.47751
-5.38018 -1.32905 -2.7468
-5.11912 -1.58852 -1.01352
-4.92038 1.35286 -2.85817
-3.66583 0.97694 -1.7172
-1.95816 0.37907 -1.70628
-0.30345 0.42157 -0.94137
0.09546 0.69565 -2.50246
0.88593 0.08841 -2.57819
2.33966 0.45716 0.50999
1.58496 0.76991 -2.38529
-0.06923 0.09087 -1.12678
-0.50764 -1.90866 0.22085
0.18037 -1.283 0.26988
-0.15231 -0.08268 -0.39883
0.80428 -2.10818 0.58994
1.25433 -2.22851 -0.53935
-0.04995 -0.10209 -1.13313
-1.24189 0.48711 0.04272
-2.03556 0.15214 -0.7566
-2.06086 0.43291 0.53841
-2.50622 0.41076 -2.75844
-2.98824 -0.44465 -1.83128
-3.85591 -2.21288 0.76115
-3.60384 -0.54422 0.46619
-2.37637 0.38059 -1.01515
-1.91508 -1.17073 -0.43369
-2.22788 -1.90172 -0.66488
-1.28785 -0.36399 -1.39661
-0.26747 -0.09165 0.01872
-2.23911 -0.22601 -0.49082
-3.35462 -1.4721 -1.32327
-2.11047 0.59095 -0.3179
-1.71529 -0.14717 0.35721
0.05737 0.77577 -2.67792
-0.24947 0.03385 -2.22888
1.94309 -2.87262 -2.69345
2.17434 -0.46237 -0.98048
0.10737 1.1316 0.13671
1.08586 0.02892 0.32433
2.44475 1.36673 0.85423
2.57624 0.32147 -0.9445
3.10865 0.3583 0.8352
2.75775 -1.13677 1.03327
2.83094 -0.62723 1.35862
