2.34444 -1.48286 -0.23083
2.18698 1.2976 -1.08622
1.97518 -0.30027 -0.51897
1.80426 1.00406 -0.73959
2.40418 0.78606 -0.71608
1.06151 2.07605 0.3894
0.7254 0.81632 0.56914
2.26125 0.24045 -1.01804
1.37984 -0.55834 -0.11637
-0.08492 0.5611 -1.27005
1.3139 1.348 -1.49484
2.19795 0.97598 -1.87427
4.01338 0.12432 -0.78585
2.84042 1.29292 0.17861
4.14738 1.26063 -0.96666
4.69002 1.0521 0.4838
5.48932 1.62515 -0.07659
6.29619 2.23296 0.41509
5.69367 3.44832 -0.36615
4.34065 1.06825 0.64067
4.56999 0.31596 2.50226
6.83902 0.66656 2.01658
5.97631 1.46295 2.07579
6.97854 -0.27995 2.41245
6.52685 -0.30092 0.11611
5.6269 1.64592 -0.83819
5.04592 2.04962 1.53043
4.81673 3.17558 -0.45021
2.82273 2.01471 -0.4554
3.44164 0.80026 -0.5794
4.74851 0.34988 1.72736
3.04198 1.5619 1.88367
2.30927 3.33675 0.66529
4.69445 -0.85345 0.44511
3.40424 1.55442 -0.19429
1.7315 2.1652 -1.11814
0.1545 2.49606 -1.39567
0.45136 1.75713 1.26709
0.14676 0.22542 2.21722
0.54494 0.07439 2.5619
1.07975 0.57291 1.45114
0.195 -2.17564 0.85589
-0.26356 -0.83727 0.1198
-0.22883 0.33421 -1.42475
-1.51722 -0.0823 -0.61267
-2.08021 -1.43463 0.67392
-1.02799 0.21798 -0.31421
-0.48428 1.32511 -0.15174
-0.13527 -0.58809 0.28284
0.1564 -3.55482 0.63533
-0.96894 -1.5877 -0.27711
-0.30516 -1.99033 -0.61613
0.77766 0.01146 -1.84255
0.42888 -1.45222 -1.83301
-1.31674 -0.18608 0.70705
-1.5717 0.34141 -1.97818
-2.10007 0.9518 -0.90453
-0.94787 0.89688 -0.87845
-2.41091 -1.49124 0.30784
-0.72744 0.6287 -1.92208
-1.8265 -0.69071 -0.429
0.01671 0.24643 0.9088
0.58428 -0.24064 1.99563
-0.18983 0.27474 2.19727
-0.82464 -0.74868 1.0814
0.59043 0.27721 0.59786
0.76597 -1.05184 0.51341
0.35538 0.13911 -1.23409
-1.58247 1.34566 -0.58245
-3.34527 0.76656 0.32357
-1.9524 0.48353 -0.16284
-0.67902 -2.98801 1.16575
-1.29651 -0.31582 0.55466
-0.96269 -1.15336 -2.04567
0.10044 -1.76179 -0.78645
-0.27766 0.57392 0.8204
-2.63548 0.52248 -1.72602
-1.97128 -1.01186 -0.68757
-3.13951 -1.68066 0.50084
-4.29416 -1.14809 0.24265
-3.14686 -1.55115 -0.32279
-3.06099 0.56157 0.65863
-2.75146 -1.29174 0.81463
-3.55846 -0.38209 1.22464
-3.99232 1.14503 1.72581
-6.40826 -0.39215 -0.39303
-6.45773 -1.33973 1.49689
-8.0449 -1.26195 0.78157
-6.79429 -1.70096 0.73941
-5.96819 -2.17127 0.32625
-4.52163 -2.49925 0.96078
-4.30924 -3.58394 -1.81133
-4.10384 -1.80572 -0.20888
-2.63159 -1.80702 -0.38504
-2.01663 -0.37385 -1.79111
-3.10428 0.11917 -1.40002
-2.71684 0.07647 -0.70594
-2.50335 -1.13266 -1.60581
-1.06508 -2.20242 -0.5192
-1.7438 1.17516 0.01256
-0.01763 -0.37059 -0.47116
-1.70655 -3.38063 -0.35137
-2.88001 -1.84613 -1.27533
-3.77466 0.12025 0.43734
-2.34542 -1.68759 -0.07017
-1.85209 -1.74931 0.22863
-1.9826 0.02226 -2.94736
-0.90179 -1.66793 -2.63872
-0.23334 -0.64937 -1.38853
0.66655 -0.3265 1.2044
2.16494 0.33976 0.44194
0.75205 0.68732 -2.66157
-1.02314 0.0175 -0.75497
-1.62921 -0.49874 -0.53553
-0.23009 -1.88401 -1.07957
2.0337 -0.06866 -0.05257
1.18811 -0.27946 -1.3002
3.24448 2.27942 0.63172
3.40917 2.45359 1.19489
3.17924 0.50174 1.93033
0.1913 0.62563 2.27436
0.38109 0.88294 -1.12236
0.65381 -0.11965 0.41729
2.61315 -0.56655 1.57578
1.64918 0.29801 2.45174
1.82789 1.72824 1.25292
1.57429 -0.3381 2.42501
1.01802 -0.12398 2.56796
2.25983 0.65658 0.66056
2.88963 1.06215 -0.16886
5.57635 0.07514 0.26155
3.15029 0.9628 1.02687
1.64049 2.40871 0.16544
0.26735 -0.00091 -2.14782
-1.1569 0.82661 0.76111
0.57999 0.24584 -0.62953
1.31164 -0.01191 1.04903
1.10783 -0.89875 1.15101
1.43182 -0.7788 -0.61662
2.52591 -0.48148 1.44389
2.02464 -2.38773 1.10196
-0.5162 0.09609 -0.19728
-0.56221 1.07262 -0.01464
0.43307 -0.79369 0.56122
1.14861 -0.43735 -0.10686
-1.19701 1.39037 -1.35078
-1.18764 0.34255 -0.44967
-2.87534 0.70568 -1.48032
0.1574 0.48957 -0.22955
0.51807 -0.69847 1.79779
0.72079 0.87769 2.93483
0.12422 0.39327 0.82898
1.79537 -0.79516 0.2676
1.51763 0.3192 0.06675
1.34402 0.85937 -0.16051
1.30246 -1.35187 1.02823
0.90292 -1.21325 2.24085
-0.27097 -0.7527 1.01602
-0.4059 -0.40699 1.54396
-0.38376 2.32628 -0.06538
-1.12131 -0.04149 0.00529
-0.74456 -1.15974 2.52822
-0.62901 0.88273 1.31162
0.44394 -0.21612 0.58335
-1.6998 0.52221 0.08232
-0.89732 -0.79819 -0.2609
-2.10866 -1.8345 0.54768
-0.26554 -0.57437 -0.22476
-0.68075 -0.68376 1.10063
-0.08291 -1.50427 0.32655
-1.74798 -0.92221 -0.71902
-2.23771 0.49375 -0.90199
-3.0977 -3.51538 -1.07779
-2.3156 0.10463 -0.92186
-2.38566 -1.21879 -1.62549
-0.5597 -0.61112 -0.32848
0.04257 -0.01862 0.48157
-1.16561 -0.25225 0.13884
-1.02119 -0.02559 -1.30712
-1.52407 -0.18714 -1.13462
-1.55224 1.15699 0.10212
-1.30253 -0.55765 -0.06393
-1.05397 -0.72273 0.38871
-2.43383 -0.40618 -0.41211
-1.97661 -1.74949 0.48425
-1.07207 -1.07774 2.23105
-1.27721 -0.55236 0.94046
-1.16468 -2.64419 -0.26205
-0.94212 1.0541 -1.25065
0.15863 2.70132 -1.16197
1.06692 1.20789 0.67453
1.1931 0.37315 0.23966
1.69167 -0.01079 -0.41943
2.64891 2.06131 0.90723
2.22353 -0.10084 -1.0301
1.00575 1.20171 1.24575
2.38422 2.60237 -1.34252
2.51587 1.10958 0.45861
4.60661 0.43433 2.2027
4.06476 1.94955 2.3456
3.07464 -1.11754 0.5822
3.97861 2.18995 0.76507
3.5272 0.10814 1.24073
4.3478 1.47139 0.3813
5.54219 -1.26402 -2.0921
4.08217 -0.1556 -1.7632
5.61369 1.83672 -1.32541
5.08097 1.52816 -2.44069
4.60087 0.7473 -1.32076
3.10366 1.55782 -1.99673
1.96273 0.88525 -1.49818
1.09992 3.22406 1.09708
2.72743 2.31973 -0.04986
3.41161 -0.21081 0.78284
4.98474 -0.6551 1.76008
3.12013 -1.31065 2.00917
4.14174 1.4291 0.4013
3.84247 0.20919 0.61123
4.4686 0.48905 0.73855
3.37133 1.08018 1.1551
2.78819 2.26056 0.97387
1.99828 1.07432 -0.88386
2.90551 0.9495 -0.29516
3.0213 1.6799 1.57378
1.81213 2.42748 1.41481
4.72415 1.05464 0.54596
2.89254 0.52467 -0.43472
1.81167 2.53621 1.09576
0.53805 1.88022 0.19743
0.78926 1.40119 1.66148
1.35182 0.408 2.32947
2.96899 1.23366 0.5667
2.89816 0.80332 -1.05847
2.65524 -0.30657 -2.91854
2.2082 -0.25998 -0.7345
2.8589 1.10825 -1.456
2.9312 -0.28236 -1.16452
2.21599 -1.26522 -1.41271
0.29329 0.27124 -0.07466
-0.5457 1.43217 0.65701
-0.6713 1.01883 -2.1597
-2.22588 1.2094 0.00296
-2.34514 1.5231 -0.06252
-0.78875 -0.23559 0.66552
0.20001 -0.46266 -0.46036
0.2342 -1.15138 0.40204
-1.40378 0.92243 0.17825
-0.75958 -0.26869 0.27334
0.17433 0.68629 0.27993
0.18876 -1.35923 -0.06288
-0.54174 -0.9814 0.06664
-0.3553 -1.10006 -0.25126
2.27477 -0.68378 0.71384
2.52733 -0.50618 -0.82431
0.35476 0.24949 0.4557
1.42255 1.36623 -0.80076
2.22225 1.09882 -0.61542
0.56106 1.28614 -0.89717
0.51885 1.27556 -2.26946
0.08629 -0.74729 0.80409
-0.55848 -0.76888 0.35858
-0.31703 -0.60193 -0.45197
-0.966 1.2082 -0.59453
0.21327 0.53894 1.07428
0.58841 -1.10883 0.11504
0.53058 -0.91218 -0.52856
-1.05943 0.57101 -1.67221
-1.00859 0.21421 -2.1715
-2.15074 0.6313 -0.63561
-2.12053 0.20075 0.74716
-0.88768 0.45172 1.43744
-1.86796 -0.99016 0.32354
-0.75781 -0.57057 -0.24113
0.78286 0.14073 -0.40639
1.09891 0.85026 0.13128
0.68812 0.81176 1.23107
0.48692 0.39473 0.76364
0.70223 -0.63472 0.61896
-0.50915 -0.597 -0.33152
-1.12409 -0.65545 -0.37429
-0.83525 0.18994 -1.40424
0.32778 0.40484 -1.68036
0.19394 0.03063 1.14395
0.09042 -0.31274 1.18916
0.24781 0.14725 -0.03671
0.45509 1.87645 0.81917
1.73662 -0.00242 0.54156
1.7449 -0.79981 1.57602
0.53612 0.11955 -1.84221
0.39461 0.61349 0.70295
0.03016 -1.23464 0.12868
-1.06199 1.34425 0.7553
-0.93008 1.71801 1.23474
-0.54829 -0.06425 0.88822
-0.08799 -0.63411 1.97329
-3.30472 -0.71288 -0.10417
-2.0037 -0.07258 0.0263
-1.50154 -1.40506 -1.31634
-1.98293 -1.23087 0.96631
-1.19493 -0.10593 -0.25831
