-0.89321 -1.38368 -0.22074
-0.42022 -0.24067 0.23628
0.01245 0.36363 -0.1048
0.26513 -0.11641 1.98021
0.49215 0.02667 -0.2271
-1.15983 -0.82222 0.74258
-1.40244 -0.27282 -0.29923
-0.66157 1.27041 0.64507
0.10879 0.95303 0.18876
-0.57056 0.40007 -0.1437
1.06262 1.15272 -1.71324
-1.40568 1.05918 -0.89577
-0.71323 -0.07558 0.33427
1.0238 1.16608 -1.78398
0.73394 2.10358 -1.95747
-1.16595 0.18775 0.38737
-1.66892 -0.78659 1.23837
-2.77808 -0.6431 -0.92446
-1.91579 -2.20817 0.27583
-1.2708 -2.73736 -1.54582
-1.93204 -1.01401 -1.32058
-2.83381 -1.63879 0.19541
-1.46219 -2.22999 -1.51576
0.24365 -0.30756 0.08574
-0.53283 -1.47259 0.28788
-0.06143 -2.64041 -1.41851
0.72639 -1.30183 -2.21735
-0.28189 -0.03677 0.02792
-1.71883 0.44707 0.23787
-0.70418 0.67266 2.44111
-0.54805 -0.16482 -0.93915
0.53512 -0.60824 0.18094
0.31692 -2.56166 0.96982
-0.24156 0.35249 0.28858
0.38413 0.89054 -0.22352
0.26836 0.35285 1.06806
0.77504 0.95091 1.12713
-0.95412 2.06307 -1.19243
0.57653 -0.46301 1.01405
0.68917 -0.7412 0.49046
2.4449 0.38486 -0.50927
-0.22873 3.53074 -0.02632
0.2617 1.93738 0.88007
0.48083 0.78569 -0.16764
0.34479 0.18199 -0.6095
0.96225 -0.41075 0.44149
2.68481 1.30259 0.03559
1.28509 2.3999 -0.24126
0.90867 -2.22204 1.04792
0.88193 -0.84296 -0.95527
0.65246 0.97433 -0.41334
2.1057 2.23073 -0.33853
1.75002 1.6937 -0.66432
1.7332 0.55186 1.27573
3.10551 1.04157 0.75051
2.99649 -1.22192 1.6845
1.81064 0.50276 -1.67217
0.9532 -0.93922 0.34091
0.34032 0.44249 0.32211
1.86484 1.21014 0.34185
0.35981 1.67553 -0.32403
1.16111 -0.19377 0.78252
2.22042 2.45472 0.87899
1.24508 1.36689 -0.16165
1.42352 1.4286 0.15641
1.32777 0.02395 0.24425
2.12644 0.27897 1.45192
1.64318 0.14626 2.58325
-0.32659 -0.13581 0.05644
-0.32934 0.43592 2.16826
-0.57086 -1.05498 1.01315
-0.52913 -0.67605 0.93703
0.55735 1.7293 0.87939
-0.60653 -0.27075 0.78288
-1.2178 0.97409 -0.58764
0.41602 0.76102 -0.97356
0.52417 0.79517 0.15763
0.11319 1.09129 -0.86081
2.05759 1.42358 -0.65765
0.90935 2.48216 1.55086
2.30367 0.69583 -0.8942
2.17057 1.56024 0.52003
0.82195 2.59756 2.49129
0.29824 -1.21561 0.9941
-0.87602 0.83568 -0.52802
-0.93764 -1.15982 0.19687
-0.87632 -1.54384 0.88516
1.19163 1.02238 -0.06165
0.8206 0.24798 1.47277
-0.68635 0.82401 -0.72849
-1.32163 -0.8654 0.95784
-0.83154 -0.64606 -0.78347
0.85401 0.36583 1.46783
-0.09988 0.94103 0.39422
-1.46384 2.47464 0.94368
-1.75762 0.62503 0.56872
-2.9445 -2.11147 -1.78997
-1.35027 -1.63217 -0.3657
-0.84056 -1.16895 -2.65809
0.74883 0.14409 -0.45179
0.29594 -0.84593 0.1413
1.44988 -1.01365 0.08426
1.8301 2.45814 -0.71245
3.06214 0.94657 0.596
2.13124 2.0414 -0.95355
1.3422 1.76212 2.32119
1.57133 0.94 0.56263
0.73847 1.34671 0.21335
1.03305 0.16594 -0.497
0.47479 0.03062 -0.48204
-0.22884 1.71518 1.14218
0.27827 2.80544 0.38269
0.37853 1.49084 2.77555
0.88789 0.49846 0.23144
-1.0325 -0.29752 -1.57194
-0.4471 0.0964 1.05027
0.12859 0.16541 -1.3166
-2.13666 1.87528 -0.34055
-2.7206 -1.62943 0.34786
-1.9562 -0.59455 -0.1338
-1.30892 -1.2452 -0.26346
-1.85129 -2.38518 -0.40698
-1.08832 -1.79127 0.18968
1.25489 -0.45856 0.00807
0.68973 1.37561 -0.73711
0.76438 0.54362 -0.63007
1.05476 0.42027 -1.37981
0.07216 0.28052 0.44369
-0.30777 -0.02948 1.17754
0.15661 0.45167 -0.58997
-1.76471 0.56158 0.26504
-3.10254 -1.27604 2.51225
-2.3925 -1.32875 -0.97073
-0.37809 -1.53034 0.26977
-0.01762 -1.14894 0.09952
-0.93912 -0.47239 -1.18894
-0.13594 -0.08187 0.34217
0.03085 0.3028 0.60099
-0.67546 0.37521 2.61993
-1.15767 1.15015 2.0485
-0.10302 -0.75312 -1.04098
0.6649 -0.83554 -0.70744
-1.22894 3.20639 -0.99793
-0.4137 0.70014 1.7464
0.64985 0.62386 1.09201
-0.57187 0.23741 1.14996
-0.44369 0.95694 0.04774
-1.99561 -1.1459 -1.94611
-1.0441 -0.9074 1.37645
-0.51273 0.87524 0.63022
-1.36526 2.13568 -0.42939
-1.21615 2.6068 0.35289
0.1203 -0.81767 1.60509
-0.0621 -2.24151 -0.50204
0.58842 -1.68651 0.23668
-0.75384 0.33991 -0.46823
-1.07285 -0.10166 1.07976
-0.70195 0.92929 -0.98877
0.08902 -2.24854 -0.59616
0.75814 -0.60791 -1.05346
0.12628 -2.17201 1.39716
-1.61355 -0.87181 -3.07106
-0.20334 -0.70845 -0.49382
-0.10288 0.62714 -1.84579
-1.3802 0.55393 1.40874
-0.50186 1.85702 -0.16874
-0.46776 -0.17433 0.22259
0.01667 0.12127 0.52051
1.40108 -0.96559 0.04376
0.25486 -1.79167 -0.49474
1.4296 0.23599 -0.79571
0.26256 -0.29299 -0.62676
-0.38962 0.66276 -0.2771
0.0165 0.98503 2.15662
0.17253 0.30236 -0.08862
-0.30656 -0.1522 0.12121
0.60192 0.60808 2.97293
1.45354 0.86071 -1.7327
2.31247 -0.52545 -0.06167
0.08042 0.62601 -0.31531
0.03682 0.12314 -0.32107
1.27942 0.35595 -1.40282
-0.80076 -0.84793 1.01591
0.78709 -0.30286 -1.65604
0.73727 0.09932 -0.69957
0.97051 2.89311 0.30752
0.42622 3.05776 0.51183
1.22687 1.83776 0.20413
2.24996 -1.0226 -1.92077
2.07491 1.60799 -0.45181
-0.31034 0.74904 -0.77063
-0.2008 0.6872 1.45733
-0.01689 -0.0422 0.55828
1.51721 1.13187 0.52665
1.23597 -1.22628 -1.25602
1.34415 -0.43737 -0.84195
1.10105 0.84504 0.37023
1.95796 0.58324 -0.4908
1.87957 1.20635 -0.08016
1.14827 0.4424 1.36271
-2.0404 -1.15943 0.47029
-2.84611 -1.46873 1.81015
-2.07104 0.21366 0.7891
-2.5995 -0.14918 -1.11915
-1.29314 -0.25862 -0.87143
0.26317 -1.23421 -0.83796
1.60434 -0.31956 0.54977
1.3923 2.40425 -0.68991
0.44737 0.92865 2.77668
0.72177 2.41397 0.74418
1.05143 0.89362 -0.55873
-1.72442 -0.08391 0.14238
-1.10287 1.18816 -1.36434
-0.41954 1.01962 0.3529
-0.78325 -0.00603 0.49837
-0.76439 0.77775 -1.09841
0.38264 -1.71338 -1.05442
1.88823 -0.2913 -1.10712
-0.5258 0.60522 -0.13488
-0.3066 -0.91428 1.1187
-0.89376 -1.41161 -1.72135
-0.97479 -1.56947 -1.81941
-0.41833 -0.56221 -0.98864
-0.82416 -0.0252 -0.11169
-0.29615 -0.97732 -1.80226
-0.06797 -0.74885 -0.46049
-0.90832 -0.74105 -0.90013
0.45072 -2.94631 -0.90834
0.78849 -1.72154 0.3159
1.05077 -2.54213 0.6208
1.29584 0.43079 0.02008
0.3224 0.33799 0.57676
-0.3432 -0.63477 -1.42474
0.86728 -1.01664 -2.01351
-1.44558 -1.04267 1.36243
-1.46793 -0.43148 -1.49422
-0.5349 -1.0184 0.58937
-0.44395 -0.63045 0.17608
-0.92183 -1.77911 2.00646
-0.21959 -0.36334 -0.71286
-0.67806 1.35911 0.13206
0.07572 0.44835 0.50512
0.07221 0.66088 -0.33409
0.11213 2.09975 1.47487
-1.19257 1.01629 1.37811
-1.62677 -0.09027 0.3419
-2.28835 0.44115 -0.32435
-1.07361 1.16686 0.61604
-1.50277 -1.16769 0.23631
-0.26775 -1.68107 -0.81127
0.95871 -2.53367 -0.27919
0.20421 -3.10469 0.14842
-0.51297 0.13036 -1.54462
-0.04315 0.2922 1.58257
0.10439 2.22396 -0.17685
0.18722 0.86079 -0.54388
1.09297 -0.74904 -2.70062
-0.54024 -0.48358 1.25791
-0.38657 -0.60594 -1.47769
-0.25194 0.47957 -0.90272
1.46597 -1.04703 -0.58063
1.15522 -0.44673 0.66783
0.39085 -0.54171 -1.83824
-0.00474 -1.13474 -1.49998
-0.06224 -0.01866 -0.35939
0.06639 -0.52504 -0.87128
0.3056 1.09505 -0.14221
0.97554 -0.87423 0.8921
-1.97745 -0.75924 0.69579
-2.80177 -1.69598 -0.62373
-1.39413 -4.44955 -2.34002
0.29053 -2.10376 -0.36854
0.45547 -0.60706 -0.66155
-0.52057 0.09799 -0.51806
0.80758 -3.10683 0.1818
1.51275 -0.42608 -0.38237
1.79837 -0.57763 1.41839
0.39058 0.44306 -0.31713
0.36264 1.09257 0.59396
-0.58454 -1.44285 0.1667
-1.19593 -0.71551 -1.9267
-0.16667 0.56372 1.1146
-0.45344 0.69132 -0.5579
0.10962 -0.40565 -1.69166
-0.96393 0.49739 -0.76178
-2.37186 -1.28358 -0.71033
-1.99973 0.58884 -0.63348
-0.50218 -1.43125 0.21534
0.30747 -1.78926 -0.49293
0.30278 -1.84436 0.17061
-0.00857 -0.84166 1.07958
0.21114 -0.38137 -0.16497
-1.65951 0.50943 -0.64667
-1.31238 1.1467 -0.63838
-0.47295 1.29121 0.96759
0.50477 1.16576 -0.0476
-0.18106 1.72678 1.08419
1.04246 0.81316 0.34305
0.55417 0.92217 1.27631
0.06175 0.91653 1.41156
