-0.40542 -0.44218 1.76212
-0.20043 0.56819 1.29202
-0.08549 0.08743 0.49644
0.58011 0.86841 1.32548
0.64797 1.29862 0.42328
-0.27494 2.74794 0.80588
0.17544 3.48527 -1.6411
1.5178 1.2249 -1.77254
-0.6538 1.70676 -1.20162
-0.99858 -0.10746 -0.92987
-1.04893 -0.62762 -2.50995
-2.48684 -0.37336 -2.16287
-4.42748 -2.72149 -0.71876
-5.10799 -4.05036 -0.71524
-4.89295 -5.00729 0.40362
-6.16208 -4.40771 0.71451
-5.08121 -5.5394 -0.19312
-4.656 -5.58213 -0.86187
-6.50065 -5.82276 -0.05974
-6.20928 -5.39119 0.63497
-4.21275 -5.6081 3.65026
-4.48378 -3.9392 4.02724
-3.29573 -1.10654 3.44623
-2.01204 -0.27565 4.4224
-0.28077 0.5507 3.68223
1.82235 1.01748 3.72285
4.33293 2.48249 4.06753
4.99113 4.93947 3.59686
5.36479 5.545 2.30782
6.91296 5.36728 2.34278
8.85681 5.08881 2.18795
8.35733 6.41901 2.76267
7.12767 6.85315 3.20734
6.89688 8.07225 3.01093
7.41801 5.87568 2.50274
8.29535 6.69316 2.08704
9.30193 6.96451 2.50599
10.09616 6.36247 0.68484
10.43294 10.03611 0.05673
10.84596 10.02566 0.1855
10.06406 8.39901 -0.45412
8.99207 7.43252 -1.27168
8.82547 5.77708 -0.94907
6.94681 6.49091 -2.1033
5.85586 6.36602 -2.56078
6.48801 4.71323 -0.71257
6.06629 1.99373 -1.22851
5.50009 0.06999 -1.47867
6.53473 1.75234 -1.48461
6.0681 1.44593 -1.03984
5.58809 3.12421 1.12395
5.11277 3.16704 1.47083
5.22454 3.85227 0.39067
7.12223 4.53108 -0.85264
8.11541 5.16239 0.69601
8.1157 6.92238 1.08756
6.0724 6.30482 1.4351
5.2313 5.24025 1.692
5.09768 4.48303 -0.47041
5.40167 5.36576 -0.25069
5.91476 4.08651 -2.36281
5.4151 3.29443 -0.80856
3.91992 2.36545 -0.82669
4.83568 1.61144 -0.80703
4.34946 1.75093 1.05988
2.7254 -0.05799 -0.40234
2.64857 2.20956 0.28116
2.83898 0.74091 -0.18116
2.65839 1.1258 -1.3374
2.57639 3.37232 -0.18277
3.61271 3.34733 1.29984
3.6504 1.84214 -0.29932
3.31901 3.02444 0.93582
2.06047 1.93162 0.40079
0.8278 1.6601 0.68246
0.48729 0.77992 1.34179
0.17185 0.87078 2.0662
0.22621 1.00331 0.38574
1.45805 2.1247 0.60642
0.44331 1.88799 0.63345
0.05389 0.91135 0.9759
0.57049 -0.14118 1.46801
1.11656 0.73165 0.89088
2.3127 1.16372 1.29113
1.39859 0.76701 3.13224
1.36285 0.56982 2.80704
1.5362 0.68586 4.19894
0.89264 -0.34072 4.17052
0.99501 0.84266 3.56979
4.14197 0.92321 2.64257
5.70038 -0.10205 2.24318
5.63756 2.55925 1.00924
6.11635 2.14577 1.52397
5.33663 3.82316 2.61696
5.88807 4.51121 2.59065
5.39927 4.86892 2.99281
6.38726 5.60674 1.88964
5.77868 3.13391 1.62002
5.95248 3.58861 0.41021
4.89357 4.58666 2.26909
4.53202 2.48911 2.56663
4.04882 5.35094 0.20595
5.41293 5.66105 0.06436
4.95376 5.83005 1.43856
3.73785 6.07464 0.89652
5.29449 5.02925 0.57489
3.58118 3.88706 0.94209
4.35908 4.94 0.28334
5.66203 2.67779 -0.15477
4.01719 3.28987 0.2791
1.92251 4.33315 -0.83448
2.87286 2.76461 0.50102
2.06406 0.39133 1.16571
3.13024 1.57224 -0.692
3.02805 2.35248 0.78654
2.39778 1.95565 -0.32594
3.14587 2.62314 -1.14518
3.86903 2.21424 -0.58946
2.4219 2.44409 -0.69385
1.32803 2.0889 -1.75278
-0.85535 2.33619 -1.58876
-2.41609 -0.24616 -0.57288
-3.05993 0.00876 -0.27251
-2.37817 0.59523 -0.19462
-0.30785 2.04102 0.33345
-1.28282 1.78803 -0.19053
-2.47029 0.25431 0.39086
-2.39935 -2.70639 -1.07997
-2.14181 -1.40891 -1.30103
-3.71332 -0.83454 -0.06984
-4.98629 -1.79924 -1.82622
-4.27187 -3.41741 -0.72352
-4.39735 -5.13479 -0.02553
-4.71109 -4.75165 -0.63723
-5.78896 -4.70101 0.0921
-5.08574 -3.6341 -0.57106
-4.95045 -2.93026 -1.0399
-4.07246 -3.46999 -1.44833
-4.15536 -3.21398 -0.79779
-3.18669 -3.73849 -1.41003
-5.73679 -4.78014 -0.57662
-6.62973 -5.6454 -1.13605
-7.38646 -4.9466 0.34406
-6.81051 -5.18359 1.16801
-6.36691 -4.19738 1.43948
-4.94362 -4.43239 0.39611
-2.96735 -2.76169 0.23732
-3.04699 -2.86535 0.04045
-0.51449 -3.34925 0.03373
0.70887 -3.01615 0.55218
-1.01166 -1.64667 1.58084
-0.48034 -2.26006 0.89443
2.02535 -1.20341 1.42769
2.49726 0.51355 0.82223
1.35478 3.04126 1.77144
1.75636 2.79171 0.84439
1.94784 2.65425 1.58151
2.976 2.92189 2.51611
3.77307 3.12035 1.61969
5.59663 2.3915 0.42767
4.35314 1.93485 0.0666
4.56076 0.9673 0.27044
4.58174 1.73469 0.34636
4.44842 1.4366 -0.58791
3.69787 3.65177 0.28592
1.93115 4.57022 0.7985
1.25088 1.91381 0.81191
1.33527 0.91055 1.21722
3.1765 -0.68643 0.15
2.17315 -0.20894 0.15247
2.73686 -0.16726 -1.12205
1.82544 0.39546 -0.03971
1.93223 1.41312 0.31662
2.47542 1.35055 1.9217
3.1989 2.70207 1.90191
2.44649 2.06509 3.00567
4.22332 1.95209 0.85193
3.46447 1.53213 1.9197
4.76173 2.19475 2.45274
6.63311 2.88542 1.31222
5.74842 4.38138 1.11755
5.0077 5.09731 1.11719
5.67593 5.04283 -0.83644
4.21792 1.24082 -0.70291
2.77749 1.83768 0.53598
3.67078 2.05973 0.49044
3.58615 2.86236 -0.8612
3.72366 2.54502 -0.78113
3.16169 1.62217 -1.11445
4.2138 1.92036 -2.19141
4.82069 2.85657 -2.17985
3.6522 0.31494 -1.32351
4.36107 0.14937 -1.81843
4.19056 1.92914 -1.69248
3.67598 1.81604 0.25266
2.30287 3.45632 0.89744
2.274 2.56777 0.91613
3.05191 1.59417 0.62264
3.79592 2.74336 2.00691
2.45914 2.89529 2.35312
3.81694 2.80355 1.93492
2.79296 2.10614 2.21963
1.28183 4.35268 1.89715
0.57281 2.16421 2.02582
-0.09663 2.84625 2.51091
-0.54157 0.95654 2.00512
0.55428 0.23179 1.00304
-0.78068 1.55208 1.62129
-0.47868 1.20368 1.64651
-0.24248 -0.56959 0.0632
-0.03208 -0.13664 -0.34797
0.66075 -0.46772 -0.11249
-0.90312 -0.27597 -3.2884
0.20724 -1.13825 -3.3417
-0.14798 -1.79658 -1.58989
-1.64403 -3.65366 -1.47997
-2.52161 -3.03368 -1.06244
-4.27659 -0.99912 0.41607
-4.47532 -0.7092 0.26065
-4.1621 -0.90569 0.68059
-3.80223 0.02454 0.72738
-3.88585 -0.20115 0.65018
-3.25232 1.99519 -1.08868
-3.60711 -0.3484 -1.89368
-3.72655 -1.84779 -1.1907
-5.08229 -1.7656 -1.97948
-4.87868 -3.04087 -4.48315
-6.03677 -4.64121 -2.62369
-5.28473 -5.53486 -2.92755
-5.93581 -5.27187 -5.0943
-7.81808 -4.81938 -3.55316
-9.67664 -4.67421 -2.11222
-9.05083 -5.19533 -2.81843
-9.20902 -6.71595 -1.94815
-9.32068 -8.37476 -2.27175
-9.23687 -8.00189 -2.34502
-9.56773 -8.09604 -1.61284
-8.85376 -6.12233 -2.22997
-8.93466 -5.34516 -3.0099
-7.89809 -6.93304 -2.73052
-7.45142 -5.99073 -1.49677
-9.39862 -7.09156 -1.95447
-10.33278 -7.85579 -1.50771
-11.48615 -8.39795 1.04707
-11.5666 -9.31329 2.28759
-9.39821 -7.60799 1.80058
-8.31389 -6.13373 1.63892
-7.30113 -4.14414 2.06299
-6.7503 -4.68477 0.74938
-5.79801 -4.14074 1.69485
-6.21196 -3.86774 0.55397
-5.57026 -3.60524 -1.52386
-5.56346 -2.63824 -0.66125
-5.52411 -3.90852 -2.51479
-4.62936 -3.43118 -0.6554
-4.95473 -4.02082 0.17017
-4.73805 -2.95159 -0.2159
-3.63565 -3.11062 0.27506
-1.89584 -3.26398 -0.322
-2.38213 -1.64041 0.03011
-4.20899 -2.38161 0.87641
-4.20059 -2.15929 -0.72671
-2.3711 -2.16117 -2.1136
-3.13514 -2.41433 -2.8833
-4.50317 -1.8036 -1.96421
-5.14806 -1.38693 -1.08852
-5.47787 -3.7961 -1.91082
-6.73913 -2.93963 -1.36466
-7.21483 -2.12594 -2.40333
-8.88882 -4.49949 -2.61988
-10.26307 -5.81319 -1.0425
-12.23566 -5.69471 0.38212
-9.83585 -8.67375 1.24329
-10.6444 -7.67345 2.00171
-10.76407 -7.44467 3.32115
-8.6562 -6.92678 4.42448
-8.6879 -5.3531 2.90167
-5.74581 -4.32846 1.45778
-5.27733 -4.22156 0.19475
-3.84912 -3.1799 -0.94941
-3.99386 -3.00345 -0.40938
-2.60561 -3.50538 0.36132
-2.82226 -4.48366 1.3009
-2.27555 -3.3976 2.8785
-0.9389 -1.64602 3.87972
0.50856 0.83172 2.21338
1.54554 1.70248 1.71058
1.04951 0.24496 1.55255
1.79415 1.5046 1.70218
0.61767 1.74914 -0.80953
1.03547 1.949 -1.88348
0.31216 2.51455 -3.74402
0.8417 1.65984 -3.18524
-0.89905 1.28645 -3.11549
-3.04829 3.20944 -2.51591
-4.22357 -0.47977 -2.04074
-5.03838 -0.94621 -1.26452
-5.01273 -0.93507 -1.13027
-5.03819 -1.15471 -2.12645
-4.3097 -2.19862 -2.32368
