-3.75557 0.76316 0.12173
-2.57491 -0.80215 -0.63621
-2.34185 -2.50576 0.64066
-0.64009 -0.15521 1.47584
0.78497 -1.49973 -0.35062
1.03958 -0.04206 0.86905
1.87276 -1.46863 1.30254
0.1103 -0.46352 1.34365
-0.63356 -0.18164 -0.68187
-1.04474 0.79561 -1.59779
-2.34171 0.849 -0.00837
-1.60618 0.27581 -1.75803
-1.99838 0.02267 -1.26364
-3.37397 -1.19516 -1.57072
-4.3948 -0.62506 -1.76501
-3.14172 -1.62413 -1.08247
-2.02332 -1.54589 -0.728
-1.35682 -0.24569 0.65406
-1.23659 -1.92767 0.44425
-1.93507 0.12892 0.09701
-2.64844 -0.66535 -0.29675
-1.64361 -1.26544 -0.11553
-1.19947 -1.17825 -1.58991
-1.91794 1.00522 -1.59254
-1.11602 0.85766 -2.4811
-1.88253 -1.00105 -0.34712
-1.6473 0.54203 1.27541
-1.53691 -1.90592 1.22074
-1.82188 1.5822 2.17079
-0.76623 0.33324 0.59344
-1.08645 -2.87301 -1.05579
-0.9038 -1.71969 -3.65356
-0.98448 1.55888 -2.6773
1.3823 -0.27444 -0.76625
1.15519 -0.39398 1.11756
0.34752 -0.87198 0.55809
0.06253 1.10675 -1.44178
-0.51804 0.28038 -1.06418
-2.4005 1.68424 0.39091
-0.60596 1.17506 -0.28493
2.14925 0.09363 -1.58572
1.43587 -0.13913 -1.17961
2.16327 -0.44088 0.58864
1.54482 0.9184 0.34723
3.12094 -0.52443 -0.03734
2.31406 0.00657 0.89789
2.08123 0.97176 0.57022
0.69139 -2.16594 0.47244
3.11512 0.32783 -0.0897
1.10041 0.6209 1.76924
0.84163 0.03748 0.51802
0.54729 -1.24939 -0.12758
-1.6216 0.11072 -0.06522
-2.60677 -0.54109 0.44504
-0.92796 -0.95256 0.10738
-0.09837 -0.17782 -0.08603
0.04737 -0.83792 -0.55232
-0.76036 -0.45408 0.21785
-2.49265 1.55012 -0.35158
-0.91251 -0.14927 0.53285
-1.52783 -1.01551 1.06038
-1.27432 -1.40642 1.37899
-1.3677 -0.61314 0.29046
-0.58346 -1.73561 -1.35623
-1.06182 -0.70955 0.57832
-2.09431 0.74163 0.18875
1.0162 -1.66306 0.02115
0.07002 -0.20069 -0.59154
0.82654 0.27116 -0.81635
0.8343 0.8347 -0.56723
2.59332 0.28381 0.18414
3.0152 -1.21475 -0.22325
0.36291 -0.59001 -1.11801
2.55247 0.72003 -0.51644
-0.38984 -0.23659 -1.39457
0.55833 1.88243 -0.51156
1.38967 -1.20067 0.48827
1.2404 -0.13884 1.84294
0.55092 0.46357 2.3125
1.95523 -0.16111 -1.34658
1.44351 1.43006 0.28132
1.63593 1.90768 0.20305
2.62665 -1.08485 -0.1986
3.66065 1.86979 -0.73083
2.19939 0.05796 -1.08545
1.45477 2.36612 -1.97886
1.65322 0.34951 0.04868
3.03088 0.20424 0.62237
2.33327 -1.5902 0.59599
2.34178 0.25967 -0.89461
0.35495 1.13287 -0.23847
-0.46425 0.29833 0.15417
-1.4951 -0.25848 0.48949
-2.43623 -1.32508 1.461
-4.05012 -3.15738 1.16306
-3.54692 0.32415 0.82624
-4.01832 -2.36642 1.83639
-5.1855 -0.86523 0.57146
-3.05127 -1.43485 -0.02704
-1.97062 -1.70726 1.18321
-0.76435 -1.11991 0.8829
0.27181 -0.28882 -0.18222
0.83994 0.45717 0.30731
0.42844 -0.11896 -0.8123
1.34594 0.75959 -0.17803
1.29951 -0.30682 0.02223
0.99295 -0.46021 -0.1882
-0.4205 1.45184 0.79048
-1.50601 0.49563 0.69019
-2.29218 0.28273 2.59877
-2.34788 -0.1948 2.51912
-2.02333 0.80871 1.50718
-1.73488 -2.16926 1.71586
-2.21469 -0.56262 2.23423
-2.33847 -2.97011 2.42189
-2.59587 -0.71151 1.9974
-0.30765 1.68193 0.97278
-1.42468 1.74566 -0.04663
-0.64948 -2.26151 0.09874
0.18553 0.09929 -0.00186
0.83908 -1.79035 0.94755
-0.55756 -0.66012 -1.27277
-0.7733 1.0272 -0.13318
0.21953 0.1151 -0.41095
-0.15375 1.91804 1.02631
1.60919 0.39695 1.93445
1.06258 -0.93597 2.13119
-1.82396 -1.12059 1.30331
-2.2504 0.82551 2.17615
-2.87814 0.23828 0.77942
-0.8551 0.18658 -0.45088
0.10653 -1.5373 0.64431
0.2022 -0.11855 0.84913
1.90409 -0.28101 -0.10635
2.33082 -1.00987 -0.08552
0.31478 0.96544 -0.12973
1.53855 -0.94975 -1.93759
1.72404 -0.65578 -0.1521
0.199 -0.13605 -0.49702
2.01078 0.57171 0.02976
1.14101 0.76483 0.45475
0.28424 1.5244 0.31261
0.55006 1.60405 -0.32517
1.19214 2.39749 -0.50817
0.90019 1.28286 1.29063
1.17181 1.35948 -0.16974
2.27691 -0.06725 0.49947
1.69251 1.06209 1.97598
2.04887 -0.27305 0.34531
0.98538 0.33829 -0.88988
0.77877 -0.65192 -1.21326
-1.45441 0.91583 -0.13996
0.36812 -0.56083 1.01371
1.49253 -1.64983 1.21753
2.62367 -0.52305 0.68946
2.40575 0.76382 -0.38012
2.49443 0.20703 -0.43739
0.76739 -1.32358 -1.49849
-0.08037 2.27983 -2.11251
0.76024 0.4703 -2.8573
-0.26275 -0.18336 -1.27738
-2.02678 -0.38645 -0.58897
-1.96402 -0.4653 -0.17492
-3.11721 -0.86681 0.4089
-2.37789 0.36566 -0.69369
-1.14248 -0.27117 1.34408
0.53852 -0.86918 -1.31144
-1.50997 -0.13235 -1.27094
-0.87206 -0.64318 -0.90848
-0.29601 1.36276 -0.44017
0.62961 0.03758 0.12378
0.60866 -0.91009 0.46734
-0.73735 1.71458 1.26611
-0.88936 -1.24044 0.2117
1.52073 -0.72296 -0.57404
1.8099 0.9308 0.27726
2.10336 0.25593 0.67555
1.78867 1.92213 -0.06175
2.28969 0.02995 -0.17909
1.33485 0.43328 0.41609
0.63095 1.11931 0.35913
1.47448 0.49948 1.09249
0.55045 1.27824 1.21496
0.1904 0.47448 1.8666
-0.18115 0.29912 1.90055
0.30093 -0.99787 0.88606
-0.80315 -0.10774 0.67721
-2.16317 -1.02562 1.47616
-2.81077 0.23281 1.46092
-1.87054 -0.98873 0.95354
-2.28225 -0.70486 -0.35282
-3.14581 -0.37924 -0.88074
-2.55072 -0.14591 -0.48892
-3.18951 -1.49769 -0.19883
-0.78888 -0.13502 0.26879
-0.85386 -1.34999 0.42084
-0.9833 -0.99998 2.19914
-1.18623 3.00343 2.11881
-1.53608 -0.29744 2.73736
-2.63158 0.12451 0.82624
-3.01407 0.89132 0.55163
-3.00731 0.13492 1.02755
-2.57065 -0.32396 1.08317
-0.77407 -2.60326 1.42774
-1.77453 -0.94892 -0.21524
-1.41033 1.14209 -0.93492
-1.21737 0.8163 -1.47807
0.00626 0.30493 1.5783
0.87526 -0.36492 2.03847
0.79487 1.31413 -0.01444
1.07432 0.41102 -0.18599
-0.0784 0.04775 0.52662
0.62192 1.25238 -0.08737
0.99762 -0.5524 -1.58503
0.94795 2.01384 0.44796
0.21691 -0.58216 0.95135
-1.43299 2.13184 -0.88388
0.71655 2.56826 -1.61088
0.61675 -0.2862 -0.91288
-0.197 -1.34574 -0.14557
-0.39182 1.31662 -0.72632
-1.21815 -1.11158 -2.43688
1.02868 -0.28072 -1.44219
0.48945 -0.9894 -1.05106
-0.71791 -1.0449 1.42333
-0.90398 0.01461 1.56458
-3.8117 0.52065 0.86159
-3.15448 -0.28564 0.4749
-3.49704 -0.36918 -0.32437
-3.78439 -0.0607 -0.0014
-1.42067 -1.32476 -0.59096
-1.71646 -0.17719 0.96056
-1.03123 -1.85551 0.51089
-1.98237 -2.07439 0.11454
-0.03811 -0.79805 1.32389
-0.03141 -0.41613 3.2843
-0.9281 -0.41385 1.93065
0.68985 0.33275 0.20549
0.41582 0.20951 0.52306
-1.81686 -0.12118 1.27924
-1.30705 -1.0681 0.74222
-0.24031 0.11442 0.20663
-0.6625 -1.32216 0.55151
1.64568 0.27532 1.54194
3.55529 -0.58258 1.05432
1.94299 -0.16634 2.38833
2.6966 -0.1636 1.57287
3.22618 0.85152 0.3933
4.29363 0.34767 -0.84211
5.48956 0.98843 0.43879
4.24974 1.18688 0.04791
3.27789 2.36814 0.25291
4.60017 1.4941 -0.20824
4.7406 0.09774 -1.19486
5.06042 1.19461 0.0259
4.86378 -0.76292 -0.81164
2.52538 -0.34469 -1.95461
3.14212 1.99004 -1.10664
2.78709 1.29391 -0.10515
2.53453 -0.2398 -1.88039
1.66539 0.48696 -1.20693
1.32464 2.84842 -0.87304
2.26721 2.07416 -0.83411
4.35794 0.38568 0.86639
3.83428 0.80859 -0.04986
2.54715 0.83299 -0.40335
2.02406 1.19616 -0.48264
1.71836 1.17813 -0.0805
3.00663 0.20574 -0.86939
3.42674 -0.5905 0.18296
1.95393 1.30271 0.61047
-0.59026 1.50357 0.70183
-1.21601 -0.65614 -0.94526
-0.53509 0.46136 0.15999
1.0969 0.2566 -0.3423
1.54518 0.19082 -1.25469
1.65638 -0.38361 1.18003
0.44837 -0.70378 1.67206
0.52366 -0.84208 0.93591
-1.35403 -0.6549 -0.00062
-2.4098 1.35571 0.39008
-2.38613 -1.7302 -1.05384
-2.15441 -1.28919 -0.13631
-2.67537 0.93191 -1.59464
-2.8128 -0.11992 0.208
-1.14978 -1.10719 1.24174
-1.63096 0.01382 -0.0228
-1.42394 -0.15086 -1.79586
-2.09797 -1.23989 -2.40175
-2.78761 -0.04313 -1.32529
-1.27744 -0.64712 0.5666
-2.23888 -1.1708 0.17703
-3.24449 0.36303 -0.60993
-3.90876 -1.87577 -0.15584
-4.27699 0.42507 0.27111
-1.61614 -0.83236 0.48717
-1.98869 -3.57045 1.10256
-2.40332 -1.73111 0.69568
-3.82895 -0.12482 1.63153
-3.10327 -1.48636 -1.00286
