0.52625 -0.58602 -2.10201 -2.55156 -0.14677 4.61869 1.83641 -0.45283 -2.46126 -0.92648
0.78175 0.53195 -0.88217 -3.42329 1.6272 3.15351 1.48125 -0.03126 -1.99828 -0.17635
0.01327 1.02383 -1.50808 -4.28804 1.97534 4.58604 0.91293 0.80499 -2.65708 0.78045
-0.68567 2.5466 -0.84727 -4.09383 1.57611 2.10402 0.74453 -1.83244 -2.16996 -0.37253
0.53908 0.97612 -1.57516 -4.36232 0.82532 2.00754 0.08928 -4.89613 0.39572 -1.65619
-0.88246 0.26029 -0.18555 -5.17531 -0.38622 1.34701 -0.44014 -1.97998 -0.66134 0.80335
-1.55281 -0.08758 -0.90625 -4.35701 0.90134 0.63063 -2.6275 -2.1576 -1.18882 -1.95268
-1.89032 -3.02297 0.48215 -4.42312 1.26129 -0.01383 -2.152 0.01348 -1.80751 -1.57535
-1.21847 -0.44485 -1.49148 -3.54221 0.63065 -0.78855 -0.87813 -0.48482 -2.56707 0.60071
-2.77468 -0.93168 -2.15679 -4.94549 1.09831 -0.86926 -2.34003 -1.07735 -3.76644 -0.51527
-3.97683 -2.01053 -0.55507 -4.43449 -0.60766 -0.40737 -3.15169 -0.86936 -2.75511 -2.03488
-4.32508 -0.09007 0.36717 -3.81778 -0.17661 1.80146 -2.75525 -0.39263 -3.9122 -0.87207
-4.29542 -1.4274 0.39979 -4.24269 -1.35473 2.11207 -1.97495 -0.30266 -4.54772 -3.57554
-4.21457 -2.47656 3.11227 -1.97228 -0.55785 2.48078 -0.0537 -0.17414 -5.14741 -1.14722
-4.91589 -1.48733 3.15942 -1.3901 -2.27851 1.35319 1.00718 0.21794 -6.36523 0.90563
-4.26586 -0.08922 2.67221 -1.89735 -2.65488 -0.59341 2.299 -4.22941 -8.35958 -0.03989
-3.30601 -0.11105 2.11937 -1.43189 -2.06909 -0.28531 1.63282 -0.62094 -8.48609 -0.85663
-1.67463 1.23494 1.96345 -0.86132 -2.58268 1.11907 0.68444 -0.36335 -7.96727 0.43591
-1.89883 -0.23544 0.67241 -0.50172 0.07862 0.703 -0.67787 -0.42236 -6.66829 -0.1126
-2.28195 -0.20689 0.38961 0.62411 1.13368 0.8391 -0.77021 1.67746 -7.78921 -0.90463
-2.54725 -0.16022 1.11483 1.26311 1.43994 0.82965 -0.00904 0.8026 -8.07686 -0.5855
-1.9611 -0.79962 1.58115 3.29131 1.79626 0.69267 -1.56126 2.28864 -7.50421 -1.24152
-2.4919 -0.51244 1.77193 2.18955 0.49873 0.83949 -0.88249 -0.08003 -6.82914 -0.43663
-3.47074 0.90005 1.93611 2.1001 -0.79397 0.9049 0.32707 0.89969 -5.88403 0.29479
-3.86257 0.45068 1.73535 1.66145 -0.51157 0.71442 -0.46201 1.10899 -5.3874 -1.63441
-3.83398 1.17274 2.28871 1.55299 0.05742 0.39349 -0.90044 1.90115 -2.58092 0.84289
-3.94496 1.23413 3.05073 1.9892 0.67639 1.4895 -0.50136 0.80851 -5.59135 1.13297
-4.23206 0.201 3.91219 0.85982 2.06106 2.27872 0.39608 1.03324 -6.04366 1.95003
-4.68179 1.10414 1.80908 -0.21695 1.86598 1.21116 0.62779 0.8647 -6.43075 -0.27163
-5.97016 1.47206 1.45607 -0.92347 3.85016 2.23072 0.61363 2.45396 -7.15577 1.15761
-6.85962 2.72459 -1.11127 -1.29442 3.25193 3.50735 0.36284 1.05345 -7.24266 2.28475
-6.33039 1.65543 -0.24232 -1.86997 4.44452 2.48273 -0.98978 2.05187 -8.29073 0.51279
-5.73573 4.14031 -0.64824 -2.20814 5.04208 0.69753 -0.76765 1.85117 -8.92297 0.34085
-5.22562 1.84346 0.36068 -5.12091 3.57695 2.03204 0.04816 1.45753 -9.2854 -0.24856
-5.11824 2.69674 3.11162 -5.35209 3.54629 0.02204 0.2968 0.41961 -9.02163 -1.12554
-4.41685 3.23227 2.26692 -4.81453 1.93677 0.41107 -1.08411 -0.2461 -9.81536 -1.1334
-4.25524 0.62262 2.6894 -4.11215 2.38344 0.67714 2.37627 -0.4949 -9.2177 -1.49515
-3.80679 0.55387 1.74582 -3.92483 2.07093 -0.66848 0.97277 -0.23478 -9.41202 -0.51309
-5.0137 0.8018 0.80068 -3.0939 -0.18854 -0.10466 -0.07106 1.3302 -9.61985 -1.84008
-4.17114 -0.57181 2.17112 -4.64083 -0.01311 0.3191 1.18464 -1.67211 -9.5668 1.89773
-4.38988 -3.04369 -0.07549 -4.54893 0.02506 0.052 0.22898 -0.50128 -9.60836 0.55316
-4.42837 -0.49433 1.2 -6.8267 -0.35207 -2.02644 -1.08044 -1.46155 -10.4338 -0.37432
-4.93919 0.32795 1.25071 -4.96617 -1.68093 -0.52563 -0.42538 -1.0411 -9.80765 0.68168
-4.63003 1.86627 0.64128 -2.22137 -1.28503 -0.06805 -1.03418 -1.66587 -9.78816 -0.47172
-3.5322 -0.57152 2.19574 -3.39914 -0.26327 -1.08317 -2.16485 -2.92559 -7.79586 1.66362
-3.93541 -1.29153 1.6675 -3.37631 -0.56837 -0.5498 -2.14652 0.4846 -8.69788 -0.78533
-2.55957 -1.92819 1.68679 -2.27234 -2.07977 0.55702 -1.5532 0.01567 -8.44519 -1.58723
-2.28979 -2.43434 0.67564 -1.24909 -0.08378 -1.43449 -1.50586 -2.41581 -7.62114 1.25355
-0.94287 -0.76781 1.54181 -1.16417 0.71933 -0.24815 0.1802 0.12222 -7.88098 0.58466
-0.85113 0.40773 -1.50931 1.19274 2.03639 -0.46415 0.82671 -0.11207 -7.44111 0.90566
-2.67537 -0.03307 -0.78536 -0.37738 3.39487 -0.39228 0.20959 -2.07636 -6.60865 -0.1587
-2.92892 -0.20901 0.42296 -1.70431 1.81469 -0.84161 0.57353 0.37431 -7.01079 -2.99217
-3.54107 -1.2235 -0.83142 -2.54982 0.64629 -0.77678 -0.80275 0.75422 -6.96022 -0.74896
-4.59455 -2.10529 -0.2138 -2.12009 0.73025 -0.18718 0.79622 -0.73389 -7.20464 0.96002
-4.43658 -2.10807 -1.92969 -3.0225 -1.27485 -2.4947 -0.18256 -0.97057 -8.11726 0.6172
-3.50598 0.58238 -1.53267 -1.07846 -1.47653 -3.43979 0.39522 -1.50272 -7.87086 1.01026
-3.60925 0.19237 -0.95442 -0.76172 -0.86874 -2.57723 0.3378 -2.03625 -6.91798 -1.94316
-2.73403 -1.71701 -0.39781 -0.02184 -0.57155 -0.52829 0.09123 -1.37401 -6.05275 -0.33611
-3.85995 0.2378 1.7295 -1.14419 -2.14932 -0.02899 -1.31231 0.05102 -6.61866 -2.25748
-4.24291 -1.07927 2.20637 -1.08826 -1.68485 0.19385 0.16063 -0.42474 -5.56206 -3.27577
-4.52092 0.21665 1.99392 -0.18913 -1.53627 0.09962 -0.21553 0.05584 -6.75858 1.82131
-5.80659 1.90884 0.85265 -0.72651 -0.68671 -0.54279 0.8556 -1.25151 -7.51457 0.27967
-5.26427 -1.07078 -0.06341 0.14392 -1.0084 -1.50162 1.98518 -0.35084 -9.39411 0.874
-5.07114 -1.05543 1.02969 -0.80122 -2.68684 -1.68424 2.18933 -0.10959 -9.97642 0.71727
-7.46957 -1.02781 1.27412 1.65215 -2.77356 -1.78931 2.80478 0.55223 -9.27141 -0.05046
-7.40541 -0.72145 1.53611 0.42839 -3.693 -0.54348 1.92715 -0.12515 -11.01359 0.98555
-6.69631 -0.48321 1.43698 0.92923 -1.24214 -1.54458 2.33888 -0.33653 -12.08431 -1.52275
-4.89658 1.26034 -0.09719 1.50866 -1.19431 -0.76474 0.67907 2.32916 -11.57185 1.87486
-4.37493 -0.30846 1.24504 1.56186 -1.86938 -1.06018 1.70216 -0.40917 -11.20523 1.63961
-5.5287 -1.43399 2.01002 2.95391 -1.74048 -0.68259 1.01376 1.36527 -11.59223 -1.21574
-6.43568 0.57834 0.86111 3.21893 -0.61575 -0.14846 0.4779 1.95651 -12.08696 -1.42858
-5.58025 0.25632 0.83239 4.06796 -0.07545 0.84788 -0.07997 0.62938 -14.4778 0.15344
-2.95756 1.27463 1.48727 1.92306 -0.28432 -1.18362 0.61654 2.0837 -15.19403 0.90353
-3.96699 1.65331 2.31249 0.68766 -1.23884 -2.70347 -0.21805 0.84219 -14.60832 1.70142
-4.95884 -0.84325 0.16553 0.82916 -1.58138 -2.68912 1.34161 2.99187 -14.90451 0.18711
-3.51441 -0.04463 -0.88937 2.14392 -2.18152 -2.46826 -0.31697 0.79751 -13.87569 2.80641
-3.85978 -0.67848 -1.71462 2.03793 -1.98003 1.37844 0.72455 1.24427 -13.92687 2.98442
-5.18791 -0.90156 -1.5923 2.84973 -2.49053 1.48425 1.33678 0.81704 -13.89069 0.12344
-5.18176 0.62614 0.73063 0.98434 -4.8315 2.51684 0.04445 0.3099 -14.17312 -1.31003
-4.86656 -0.32821 1.62781 1.53475 -3.782 3.43405 -0.32246 -1.41013 -12.79468 -0.80583
-4.95411 0.05499 1.26848 1.56871 -4.75705 3.35 1.48537 1.70112 -12.78634 -1.76324
-6.33636 0.46325 -0.01329 0.16524 -3.63161 2.32495 0.77021 0.16364 -11.59239 0.93751
-5.91771 0.72096 0.98401 -0.02091 -2.07167 1.55295 1.86943 1.26652 -12.56644 0.31416
-5.74105 0.44671 0.8035 0.02848 -1.37593 -1.36253 -1.09331 1.1161 -13.11943 0.9462
-4.73664 1.25531 1.01766 1.18439 -0.20819 -0.76353 0.6203 0.5928 -14.117 -0.04075
-4.31937 0.98901 1.49698 -0.25273 -0.35016 1.10521 1.34818 0.19757 -14.90438 -1.41519
-4.98147 0.75282 2.32047 -1.2618 -0.02731 1.01612 0.26507 0.24344 -13.1532 0.92243
-5.87846 1.09672 1.75558 -1.13182 -0.18247 -0.0533 -0.19853 2.00342 -13.756 -1.40062
-5.63141 1.161 1.59933 -1.15886 0.82499 -1.27768 -0.12669 0.27793 -12.19564 3.5723
-3.77166 0.04234 2.87812 -0.43174 1.04261 -1.56301 1.21487 1.70774 -12.31195 1.17526
-3.72454 0.20388 2.54793 -0.65102 1.15083 -1.13672 -0.14865 0.17559 -13.24663 0.27976
-2.49519 -0.00934 4.17511 0.13405 1.5109 2.38771 -0.30697 2.23231 -12.56438 1.56473
-3.06555 -0.73713 4.772 0.37099 0.6872 1.37017 -1.58513 0.79332 -12.34379 0.16459
-1.95046 1.69179 4.56297 1.47755 -0.69022 0.98697 -1.69562 -0.78103 -9.69333 0.94106
-2.5761 2.27438 2.41141 1.22806 -0.10225 3.84508 -2.22166 -0.89 -8.72648 -0.09226
-0.95948 1.23286 1.9262 3.13202 -0.1788 3.69323 -0.18376 1.61814 -8.42676 1.78418
0.09231 -0.87506 1.21762 3.12707 -0.30783 2.93544 0.29283 2.45199 -7.87024 2.093
1.49161 0.44646 0.7752 4.41163 -0.28949 4.57693 2.39957 2.20671 -8.09344 0.53011
0.91429 1.51656 2.271 2.71454 -1.99043 5.76352 1.56693 1.57673 -8.18388 0.83692
1.15571 1.82551 0.21925 2.24285 -2.56966 5.13773 0.54893 1.32689 -9.356 2.05842
1.47929 2.82335 -0.00907 0.93697 -2.51961 5.83234 2.40394 0.97246 -8.66277 2.11833
1.92556 3.02511 0.2121 2.0121 -1.41611 5.02201 2.11528 1.27768 -7.50606 1.35655
0.43453 3.84026 0.63288 1.17265 -0.31987 3.98715 0.47168 1.86395 -6.44197 2.12063
-0.24698 2.97351 -0.15085 1.2612 -0.29081 2.68034 0.86334 0.65124 -6.13995 1.92393
-1.19302 2.00265 -1.16839 0.83561 -0.55621 4.06704 0.94098 0.34882 -8.05859 2.03624
-1.78898 0.22988 -2.42696 1.99015 -1.32709 4.23114 3.05387 -0.8667 -8.20064 1.76899
-1.61475 2.38913 -1.97035 0.63618 0.38053 3.79642 3.9185 2.1974 -7.44162 0.15815
-1.71068 2.58174 -2.20733 -1.22691 2.9913 4.70615 2.01256 0.51784 -5.63236 -0.39703
-0.7405 1.75096 0.23157 -0.90949 2.98509 3.77231 2.60635 -0.71998 -5.59433 -0.64892
0.08037 0.98933 -0.52548 0.03588 3.07951 3.32845 1.81142 1.00861 -5.17394 -0.20774
0.74244 1.54321 -1.76221 0.95396 2.72499 2.84639 1.69819 0.16816 -5.66681 0.25217
1.70187 2.01055 0.48562 1.96987 4.07699 2.16703 0.55282 0.74191 -3.74122 0.57475
2.54927 0.77376 -0.59805 2.50897 4.07584 3.38267 1.29116 0.52026 -4.2019 -0.38782
2.26077 1.63028 -0.34492 1.93047 2.2507 3.50697 2.14966 1.59554 -1.75505 0.26503
0.82296 1.7831 -0.83217 3.02395 3.70635 2.56267 2.21662 1.93472 0.36762 -0.17283
0.68096 2.71755 1.15224 3.14035 2.09795 3.05115 1.84848 1.79282 2.96884 -0.82312
0.76648 0.77856 -0.78337 3.71106 2.93618 2.22339 2.96428 -0.62542 2.66657 -0.37602
1.08732 0.73564 -0.43113 2.73003 1.54167 2.53709 1.6299 0.78336 0.79148 1.62814
-0.12404 1.75238 -0.90061 3.17089 2.75154 1.57073 0.94886 3.85571 -0.40522 1.16854
-0.40657 1.06969 -1.05033 2.07815 2.09743 3.24431 1.35514 2.48823 1.67807 -1.32958
0.28316 0.17954 1.14548 2.34893 1.74017 3.47215 1.40404 -0.39781 0.31206 -0.51859
1.2565 2.35761 2.04888 1.23884 1.82331 2.52031 0.31275 2.01754 -0.62112 0.66345
0.98546 4.62248 1.68811 0.76884 1.88817 1.57874 -0.61555 2.52074 -0.6113 0.11875
1.17098 2.54666 2.83663 1.46708 2.19518 -0.16024 -2.04638 1.71166 -0.38766 0.72373
2.26503 2.05708 0.91529 0.79269 2.69951 0.82576 -2.89967 -0.89728 0.67792 -1.15654
3.58644 3.25406 -0.68846 1.20727 1.53582 -0.29563 -2.97375 2.18628 1.56961 2.09034
3.41009 2.29428 -0.2577 2.22486 3.05118 -0.46827 -2.85762 0.91967 2.48209 0.02125
3.08104 0.09423 0.16559 3.21571 4.97483 -0.62178 -2.31703 3.00122 4.88662 2.21299
3.70798 1.09015 -0.21144 1.18665 3.12661 -0.61262 -2.3083 2.63429 5.16778 -0.73946
3.33859 -0.35176 -0.85038 -0.6029 2.62475 -0.22234 -1.48001 1.73032 5.32892 -0.88789
3.12009 -0.6467 -2.1901 0.45512 1.761 -0.55415 -0.77918 -0.36913 5.76871 0.32221
2.83657 -1.35496 -1.86367 2.27813 2.05899 -1.45345 -1.3711 -0.34449 5.82175 -0.78714
2.48567 -0.04378 -2.38312 2.75214 2.51042 -1.4243 -1.70264 0.03484 8.37248 0.3313
1.40679 1.32643 -2.79278 2.36763 2.25322 -2.86323 -1.3613 2.14852 7.27118 -0.21239
0.85101 0.6362 -2.2574 1.28243 1.16704 -1.44861 -0.10502 -0.8485 9.69306 -0.91657
-0.06925 -0.71337 0.53885 1.15749 1.36502 -2.26155 -1.73819 -0.87603 10.4707 0.21668
0.47521 1.75814 0.2053 1.73581 0.71712 -2.03287 -3.52149 -0.5875 9.42694 -1.08118
-0.33525 -2.61766 1.85844 2.27942 2.04644 -1.92122 -4.39134 -0.2235 8.05563 0.16741
0.11916 -2.41566 0.91853 1.08108 0.6944 -1.99306 -3.36795 -0.02655 7.76778 -0.89171
1.52049 -1.75983 0.13993 2.23569 -1.55637 -1.92136 -2.70967 -0.03068 8.44363 -0.22425
0.60862 -0.19221 0.48091 2.58387 -1.23191 -2.32681 -2.9008 0.99474 7.46769 -0.30928
-0.03756 -1.98511 0.57456 3.45525 -1.20789 -1.74461 -3.33722 0.60141 5.5763 1.40855
-0.62302 -2.12339 -2.07135 3.02168 -2.95993 -1.73251 -1.81957 0.39304 4.49078 -1.32533
-1.80455 -1.62531 -0.41898 4.46968 -0.45855 -1.47174 -1.2969 1.09353 3.91025 1.51096
-2.84117 -1.50445 1.32852 4.28421 -1.08142 -0.09522 -0.60296 -0.35346 3.47575 -0.23388
-3.05773 -0.53559 1.14793 4.56568 -2.29022 0.09952 -1.07389 -0.2747 0.36915 0.48828
-5.04146 1.01056 1.42326 4.00715 -0.38302 0.6017 -0.88107 -1.1824 -0.48196 -0.87202
-4.43395 0.05735 3.20455 0.43409 -0.2582 0.44522 0.16223 0.62453 -1.99676 0.99332
-2.91124 -0.77015 2.12263 -0.74194 1.40911 1.23389 -1.38844 0.94919 -1.69858 0.19826
-2.41238 -0.36154 3.09553 0.4154 1.7937 1.22395 -1.93641 0.28151 -1.84015 4.12578
-4.74942 0.7006 2.27041 0.94875 0.95151 2.82626 -2.25656 -0.23594 -2.59138 2.894
-3.07993 0.86214 2.18328 0.3179 1.13818 1.65858 -2.31058 -0.32202 -2.77351 0.63654
-4.41164 0.33041 3.21309 1.09478 2.10302 1.3304 -3.56554 0.1613 -3.11988 1.98436
-3.27279 -1.66058 2.37782 -0.65114 1.54304 1.5193 -3.55448 0.95792 -5.01232 1.44143
-3.06661 0.94923 2.8917 -1.72396 1.00004 1.1191 -4.10767 0.47699 -4.636 0.14472
-3.14384 0.67464 2.77202 -2.4484 1.82395 3.43009 -3.40181 0.83668 -4.10459 0.39837
-2.19914 -0.21881 0.02004 -3.18171 1.72015 1.21907 -0.64498 -0.67362 -5.24609 1.75959
-2.93053 1.51258 0.41247 -1.96855 1.40737 -1.50753 -1.7169 -0.84772 -3.95225 1.42132
-4.29143 0.94815 -1.62834 -2.56038 1.07619 -2.72848 -0.40142 -1.46068 -3.1813 -1.58386
-3.02134 -0.24366 -1.32631 -2.69279 0.31154 -2.90342 -1.14729 0.53284 -3.57643 -0.09857
-3.413 -1.27863 -2.15531 -1.41492 1.29257 -2.15663 -0.13425 0.34044 -4.81935 -1.3372
-4.29457 -0.79508 -0.97153 -0.79632 0.90557 -0.3358 -0.11667 1.53797 -4.96849 -0.65825
-3.6473 0.71606 -1.30884 -0.62166 1.65833 -1.47062 0.44366 -0.03052 -4.91161 0.33276
-3.34895 0.68977 -0.37059 -1.1845 -1.33464 -2.43475 -1.54396 0.18962 -3.99682 -1.25177
-1.62642 -0.8827 -0.81168 -0.03569 -1.22705 -1.03565 -1.45912 -1.14682 -4.09483 -1.6868
-2.82958 -0.52495 1.86849 1.21988 -1.26251 -1.55422 0.26341 0.38351 -4.48274 -0.04386
-4.06679 -1.33838 1.88791 1.45026 -1.54287 -1.01597 1.17762 1.57134 -6.18012 -0.34878
-3.18447 -1.46865 0.1936 1.55192 -1.55864 -1.26561 0.23423 1.26111 -5.5017 -1.13878
-3.28834 -1.10541 -0.58816 0.80403 -2.22729 -0.93602 1.13956 -1.3144 -3.81963 -0.31192
-2.50151 0.3328 -0.38092 1.47014 -0.91508 -3.31047 0.29025 0.4782 -4.91379 0.63434
-2.39939 0.18039 0.26911 0.99162 -0.8301 -2.40759 0.30912 -2.77682 -7.3198 -0.14515
-4.21496 -0.83061 -2.08732 0.57223 -0.53266 -0.66635 0.60991 -0.17263 -7.75764 -0.53229
-4.80073 -0.99152 -1.63247 0.25419 0.56907 -1.0995 0.08457 -0.95657 -7.47916 1.07343
-6.31596 -0.99196 -2.71751 0.75109 -1.04752 -1.26994 -0.43116 -0.49523 -7.92778 -0.30666
-6.91126 -0.62083 -3.36231 0.50433 -0.24109 -0.21038 -2.15413 1.05309 -9.98164 -1.66378
-4.3109 -1.70121 -0.8311 1.2414 -1.37445 0.27062 -2.50035 -0.63139 -11.52693 0.15938
-3.79276 -0.84055 0.01383 2.53445 -1.01678 1.20138 -1.34949 0.02106 -12.86361 -1.6528
-5.46783 0.02066 -0.73056 2.16533 -3.00695 -0.65314 -1.07724 -1.70509 -10.95345 -0.15076
-4.39975 -1.01072 -0.54957 0.42567 -3.34657 -0.76111 -2.14798 -0.78274 -11.26338 0.21399
-5.25777 -0.28155 -1.38879 -0.7063 -1.84828 -0.65311 -1.20289 -0.84326 -12.29356 -1.14375
-4.79592 -0.62869 -1.3496 -2.01144 -2.4125 -0.84282 -0.93527 1.985 -12.18829 2.10714
-4.20818 -2.72093 -0.58696 -1.36688 -3.49639 0.10577 -1.08242 0.56483 -11.15607 1.23937
-3.02314 -1.48248 -3.07781 1.21184 -2.14504 -1.07868 0.50301 0.51287 -11.75283 -1.05766
-2.84039 0.38579 -2.87614 2.16312 -1.78665 -0.46848 2.44299 -3.27127 -11.50977 -0.12052
-2.26797 0.99837 -1.31816 0.94305 -0.50487 -1.68856 1.11992 -3.04608 -9.98354 0.41288
-4.57065 1.38446 -2.76978 1.54305 0.40982 -2.30594 0.39461 -0.07053 -9.69879 -0.58165
-4.53661 -1.97804 -5.24002 0.54502 1.42923 -2.17198 0.49174 -0.47684 -9.58899 0.48602
-5.38406 -2.92142 -4.59878 1.19098 1.23414 -2.51773 0.0218 -0.57798 -9.06652 -1.35832
-5.40679 -0.15557 -4.82256 0.50218 -0.22056 -2.44211 -1.31218 1.88188 -9.01321 2.57911
-4.10646 0.07064 -3.30512 0.23657 1.32408 -0.64237 -1.78708 0.06297 -8.42111 -0.55139
-2.93254 -0.9745 -3.02689 0.36633 0.5785 -1.54956 -1.91705 -1.24358 -8.47593 -1.44446
-3.0287 0.32187 -1.66685 -0.92024 -0.94092 -2.43996 -1.8577 0.80211 -8.08389 -2.81098
-2.67437 0.74914 -2.29955 -0.89269 -1.6524 -0.57419 -2.06705 -1.12274 -9.72896 -0.8738
-1.07806 -2.3412 -3.3338 -1.90518 -0.59002 -1.32025 -2.16473 -0.91952 -9.0848 -1.44114
-2.61761 -2.04668 -3.00153 -1.43002 -0.28816 -1.4722 -0.53328 -0.72767 -9.05334 -0.76847
-3.71622 -1.04268 -3.05127 -1.31218 -2.67435 -2.10595 0.82255 -0.74592 -7.64914 -0.81683
-4.8079 0.32499 -0.79798 -0.98301 -0.78689 -1.46695 1.68912 -2.33525 -10.03675 -1.9805
-3.22188 0.05037 -0.69669 -0.40549 0.15451 -1.33419 -0.77509 -1.84764 -12.26564 0.47901
-2.52696 -0.5191 0.02921 0.09548 1.8263 -0.79545 -0.76101 -0.56914 -12.80318 -3.0067
-3.52977 -1.00421 -0.38332 0.07746 1.75776 -0.87902 1.1142 -2.93254 -13.78148 -2.54961
-3.16318 -0.64379 -0.31835 0.324 2.51248 1.28385 1.70952 1.0586 -12.97279 -0.62728
-3.60241 -0.33116 2.41147 0.11534 1.81352 1.0011 2.40457 -0.75878 -12.57931 0.46278
-3.29911 -0.22947 1.19108 2.63587 1.80636 0.11964 0.67601 -1.26451 -13.47545 -1.15331
-3.19777 0.53226 2.08833 1.71837 -0.25528 1.02306 0.12298 -0.14023 -11.95661 -0.19111
-4.69786 -1.20362 1.42457 2.32406 -0.68404 0.30041 -0.4944 -0.86672 -11.97399 -0.45906
-4.67487 -1.41409 1.4771 1.49748 0.25511 1.12464 -2.95701 1.89839 -13.81515 -0.56944
-3.24377 -0.6455 1.86412 0.49492 0.54674 0.26987 -1.94808 0.44104 -13.39307 0.21201
-5.80242 -1.21209 2.77035 0.70258 -1.04225 0.52203 -1.65682 0.20088 -12.75247 1.10188
-4.34476 -1.95171 3.03039 1.71211 -0.87083 -1.11834 -0.35324 1.63163 -14.2534 2.03824
-4.01733 -0.28117 1.27607 2.84612 -1.71081 -0.34108 0.31927 2.29648 -14.06573 1.64071
-3.44171 -1.12318 0.25906 1.94584 -1.71877 0.75876 0.47966 0.12756 -15.20449 0.99489
-3.45533 -1.0654 1.41557 2.04319 -2.55766 1.0354 1.18805 1.75691 -14.44555 -0.27671
-4.61765 0.71311 2.16386 2.39233 -2.12937 0.72263 0.07892 2.588 -13.62553 1.92152
-4.66415 2.5711 1.29462 1.25793 -1.10892 0.86241 -1.27668 -0.07192 -14.18107 0.92743
-5.67377 -0.0123 -0.02088 3.53969 1.31251 0.8585 0.37352 1.20024 -15.36549 -1.06403
-6.0194 2.64515 -0.85417 2.98896 1.88666 2.26362 -0.319 0.33029 -15.26444 2.31091
-5.278 2.46486 -2.16235 4.67154 0.77824 2.55704 0.3473 1.12908 -16.53441 2.34769
-3.69654 3.11478 -2.50941 5.5317 2.10151 1.445 0.0568 0.87505 -16.11518 0.79835
-3.17191 2.79676 -1.76549 5.1631 2.61396 1.64476 -0.28653 3.43409 -14.50165 0.58992
-4.26424 2.98186 -2.10884 5.21574 1.5431 1.76409 1.66656 1.41481 -14.23673 0.47251
-4.01559 2.60147 -0.93374 5.32711 2.3275 0.63251 2.49006 1.89579 -14.42028 1.85243
-3.38727 3.15039 -0.97743 5.76916 1.80858 0.92767 1.10147 2.28832 -14.34739 0.89111
-4.94516 1.34801 -0.51809 5.67976 1.66583 -0.37175 1.3991 3.52918 -15.54616 1.40068
-4.8913 1.74547 -1.39085 3.78089 2.65767 1.08268 0.73042 1.93923 -13.20555 0.92067
-4.25962 0.37051 -1.41165 4.16972 2.25486 0.46162 -0.13938 1.73695 -12.42962 -0.44916
-3.89762 1.42286 -1.85961 2.56698 2.95946 1.14041 0.02507 1.4446 -12.53261 1.74024
-1.89679 0.77038 -1.34362 0.10647 4.17268 1.19112 0.90311 1.29782 -12.37517 3.68053
-1.33121 2.34098 -2.78741 -0.33658 4.07793 0.94409 0.30194 0.90842 -11.50495 0.33604
-1.52927 1.3113 -1.00079 0.6244 2.63405 0.46646 0.7399 -0.36991 -11.07132 0.52957
-0.73542 1.55783 -2.69868 1.90473 2.48907 1.74265 1.67935 -1.33477 -10.9924 1.74941
-0.34132 1.84483 -1.1621 1.66809 2.36305 -0.08057 1.19848 -0.21552 -10.80048 -1.76601
-0.08737 -0.20993 -1.94067 0.40372 1.97375 1.72265 -0.69818 -0.22327 -9.60334 0.0184
0.54602 -0.1807 -0.33046 -0.23227 2.63129 1.20789 0.78434 1.25978 -7.89957 -2.52942
2.08811 0.46532 -1.9484 -1.02661 3.8061 0.81549 1.73585 0.09459 -8.11838 0.98079
1.01797 0.53279 -1.41592 -1.68581 4.73095 0.9765 3.17248 0.57748 -7.84264 0.21757
-0.41621 0.46734 -2.22651 -1.43501 4.92321 1.56314 3.04899 -0.76403 -6.3712 -0.1901
-0.57683 2.28865 -2.32884 -0.92738 4.86086 3.79416 1.77485 -1.44272 -6.43381 -1.66928
-2.86743 3.11326 -2.0464 0.00054 3.51099 2.26974 1.99456 -0.34749 -4.63319 -0.00169
-1.21393 1.74932 -0.91684 -1.53805 4.9704 2.16923 2.91663 -1.67141 -5.52104 -2.06368
-2.19145 0.55511 -1.31421 -1.55584 2.6774 1.14923 0.97143 -0.3625 -3.69247 1.10138
0.75525 -0.29261 0.78769 -2.27816 3.84395 2.70159 1.08908 -0.13867 -3.77752 -0.26947
0.43106 -0.48418 3.10431 -3.19086 3.38754 -0.49313 1.12848 -1.85818 -1.6147 -1.399
0.02553 -0.32655 2.67734 -2.40764 2.11526 -1.08449 1.43902 -0.81903 -1.38509 -0.78848
1.04143 0.45065 0.52602 -0.21102 3.62199 0.50685 1.20769 -1.67339 -2.05488 -0.6882
-0.92005 -1.34309 -1.05559 1.40896 4.83752 -0.80616 1.57697 -0.81493 -1.44851 0.04567
-1.36806 0.76702 -0.74147 1.43248 2.89666 -0.47297 1.62878 -0.33717 -2.14057 -1.5141
-2.1551 0.36807 0.54413 1.48213 2.90258 -1.30474 1.64749 0.97947 -2.32529 -0.92921
-1.09273 -0.89048 0.13153 1.79969 2.57361 -0.3284 1.97756 0.10258 -2.77153 -1.09921
-0.61958 -0.34292 1.17116 3.53855 2.24843 -0.2506 0.78085 -0.62356 -3.92121 2.23417
-0.40689 -1.35945 1.21378 3.01383 1.46616 -0.86048 0.39945 -0.35208 -2.96627 0.38495
-1.60976 0.01361 1.58292 3.87642 1.55429 -2.08331 -2.3662 1.51483 -2.69478 0.67622
-0.2914 0.38901 3.34884 3.3494 1.65559 -2.41656 -3.02373 -0.00499 -3.68732 0.68207
-1.311 -0.84781 3.67098 3.90141 1.35353 0.71217 -2.09646 1.47657 -3.69681 2.90704
-3.26552 -0.60219 3.8531 3.0708 1.29187 0.23724 -0.55931 2.18401 -3.45093 2.03711
-3.54404 -0.87557 4.93934 0.60838 0.48728 0.66114 -0.85508 1.8552 -3.58156 1.3106
-2.98599 -0.29196 3.76841 0.46174 0.92047 2.22488 -0.43356 1.41688 -4.29197 2.28241
-3.50671 0.81548 4.11794 0.01295 0.92804 2.56674 -0.98342 1.07967 -3.20744 1.78659
-3.26893 2.57956 3.10803 -1.30645 2.6555 2.99337 -1.97387 0.55819 -3.81859 1.84114
-2.61007 1.08576 2.06801 0.08592 1.89061 5.18416 0.37137 2.11556 -3.00913 -0.75995
-2.88159 1.40588 0.32368 -0.05463 1.06981 2.81918 -0.09199 2.30354 -4.17933 0.79137
-3.06513 4.65651 -1.5056 -0.44331 0.75647 2.10054 -0.56382 1.06257 -5.06807 1.23315
-3.25511 1.99836 -0.83265 -0.56414 3.15829 1.20367 -0.78587 2.29308 -4.38244 -0.42276
-2.42998 0.75775 -0.52867 -0.79269 2.49578 0.8553 0.0407 0.97843 -4.39987 1.23352
-1.87218 2.41389 1.1273 -0.41948 1.09311 1.68412 1.30836 1.98912 -2.92559 -0.16681
-1.35393 3.19787 0.34254 0.79855 2.17198 1.2913 -0.39895 -0.19473 -4.09811 -0.34443
-0.00364 2.20342 -1.78518 2.01302 1.56573 1.52132 -0.88412 0.06792 -3.09253 -0.30444
-0.61338 1.41444 -2.39221 1.71971 1.1818 1.97164 -0.74213 -0.39461 -1.66704 0.31471
0.09359 0.92822 -1.9163 1.84312 0.67485 1.41322 -0.13343 1.60904 -2.05713 0.37074
-0.13188 -0.73118 -0.16779 2.63919 0.12249 0.35579 -2.043 0.18715 -0.64343 3.11531
0.41248 0.04223 0.06828 2.38973 -0.1519 0.6249 -1.77184 0.92277 0.02623 -0.56191
-1.25628 0.72853 0.80662 2.73617 1.93793 -0.14062 -1.23941 0.78073 -0.69635 1.62438
-1.37536 0.83389 -0.83512 1.1992 1.92154 1.34583 0.92889 0.53381 -2.00382 0.96918
-0.96848 2.12694 -0.53115 0.63147 1.77841 2.03517 -1.19227 0.33474 -3.40102 0.38588
-0.72274 1.63107 -0.95584 2.01031 2.2031 1.01912 0.36109 2.32079 -3.57033 2.52795
-0.0896 0.97095 -1.9144 3.25691 3.51213 1.44497 -1.1403 0.08294 -3.86462 0.38262
0.72083 0.13213 -0.66334 0.58468 4.11692 2.61879 -1.06439 0.72555 -3.91929 -1.15717
-1.13013 -0.78632 0.29223 0.85312 3.99356 2.41992 -0.19577 0.77109 -4.16564 -0.00932
0.49783 -0.50001 -0.80697 2.60698 4.17825 1.6331 0.45382 0.98178 -3.2941 -0.74469
1.43745 1.1287 -1.02782 2.9536 1.82504 0.33615 -0.33163 0.17511 -4.07245 0.51754
0.3167 -0.0965 -1.26618 2.1786 1.74301 -0.92373 -1.26276 -1.56344 -2.36484 -0.20097
1.24393 -1.07647 -0.74975 1.89894 2.62884 1.06214 -1.25856 2.69527 -2.10879 -1.69441
3.10733 -1.60653 -2.94534 2.61519 1.22203 1.11976 -2.25991 2.15867 -1.36081 1.76289
2.45821 0.25098 -1.68284 2.81169 0.57247 2.7396 -0.75282 -0.29359 -0.89652 1.62203
3.08836 0.27762 -1.56297 3.86689 0.94356 2.17151 -2.38191 0.07651 -0.65228 0.46211
2.8726 1.18999 -1.87272 4.15495 -0.3291 3.76063 -1.06695 0.46173 0.88807 1.31917
3.01308 1.09458 -2.8564 2.35343 1.09103 3.80814 0.93082 0.17326 3.62733 0.11797
2.50614 -0.63365 -2.92707 2.70653 0.54918 3.19812 0.59968 1.77231 5.59516 0.87162
0.95134 0.83158 -2.55064 2.91171 -0.09268 4.04955 1.15569 0.06634 5.16465 -0.32074
0.24917 1.23189 -4.11247 3.71373 0.22681 2.40094 0.05266 0.26517 4.31156 1.46876
0.59528 3.23683 -3.52393 2.59094 0.97481 2.06938 -0.145 0.22342 3.34866 -0.23798
0.00245 2.53209 -3.03401 1.95226 3.43691 1.87793 -0.70313 -0.85766 3.30056 -0.49485
0.60523 1.15543 -2.09404 0.50806 2.383 0.57976 -0.66485 -1.21822 4.77346 -3.53451
0.70732 1.79789 0.59125 0.59246 2.27114 1.89237 0.58186 -0.27528 3.69074 -0.18277
-1.28989 1.69096 -0.07325 -0.02389 2.70491 0.18634 -1.94626 -0.3622 5.68869 1.06531
-1.87625 2.1154 -0.21494 0.76764 2.53005 -1.73071 -2.00413 -0.89571 4.58026 0.63319
-0.99078 -0.63749 0.30587 -0.36307 -0.1279 -2.68468 -1.35168 -0.16393 4.41169 -0.23968
-1.42555 -2.20539 -0.13616 -0.28234 -0.90844 -2.70949 0.16485 -0.28871 3.41517 0.26237
-2.85607 -0.98983 -1.05903 1.55478 -1.70234 -1.66419 0.09756 -0.15922 3.38038 0.35314
-4.33565 -1.01323 -0.53001 2.17771 -2.75842 -0.78337 0.65558 0.54405 0.82477 0.56477
-5.711 -1.4728 -1.08289 2.10179 -2.85643 -0.63468 0.23955 -0.3105 -1.48847 -2.03447
