-1.96803 -2.29618 1.13055 0.86962 -0.20164 0.21627 -1.17715 -2.06807 1.1184 2.60428
-1.43056 -2.42978 0.41471 0.46785 -1.08469 1.16689 -1.94813 -1.07272 2.06385 1.34002
-0.67571 -2.44042 -1.31275 0.5321 -0.45625 0.50101 -1.96718 0.75234 -0.39945 0.79472
0.06482 -2.93809 -0.0879 0.54433 0.16482 1.21607 -2.23024 0.82739 -0.87625 0.4809
-1.3743 -1.42434 0.03663 -0.98311 -0.96845 1.68075 -3.49617 -0.82773 -1.71679 -1.7417
0.657 -1.64272 0.40105 -0.48047 0.11976 0.59936 -1.36096 1.5921 -1.18673 -0.87075
1.184 -3.76094 -1.81454 -0.87574 -0.38894 0.90599 -0.43315 -0.03645 -0.77787 -1.53895
0.83816 -3.50823 1.00393 -1.31281 1.18076 0.40182 -0.06646 1.10465 -1.17636 -2.90774
1.12323 -2.28166 0.05917 -2.00399 0.1782 -1.9955 0.27488 -0.19179 -0.35157 -3.00127
0.27838 -3.26917 -0.03342 -1.03621 -0.17139 -2.07861 -0.00697 0.10161 -0.03944 -2.43225
-0.67306 -3.76026 -1.15584 -1.86674 -0.55769 -1.74908 0.27329 -0.43902 -0.07422 -1.57461
0.71603 -3.59134 -0.05724 -1.01786 0.12144 0.32476 0.41925 -0.18156 -0.79276 -4.25034
2.7133 -3.32413 -0.12727 -1.04676 0.38036 -0.13581 1.69557 3.00272 -0.92475 -5.5125
2.96411 -1.93957 -1.62486 -0.21904 -0.04795 -0.1266 -0.71583 -0.08979 -0.2449 -5.35432
2.92345 -3.7822 -0.57546 0.37436 -0.22405 -2.04206 -1.33714 1.21318 -0.25799 -6.856
4.57769 -4.04738 -0.08104 0.911 -1.06632 -1.80414 -0.57168 0.44504 -1.06342 -6.65441
3.72102 -2.25051 -0.13042 1.88407 -0.97617 -1.07664 -0.07774 0.34031 -0.21928 -4.68327
2.0654 0.49706 -0.36088 1.0245 -0.51353 -0.03879 1.10702 1.04667 -1.35818 -6.69513
1.86225 0.8886 -1.15577 -0.38272 0.32773 -1.80084 0.72545 0.65528 -1.9427 -7.0695
-0.1359 2.05524 0.16784 -1.36377 -0.00897 -3.1893 1.43447 -0.64442 -2.6056 -6.78751
-0.37168 3.07134 -0.45942 -0.9483 -1.63084 -3.55545 0.55507 -0.92986 -2.70665 -7.33448
-1.33466 1.62816 -0.61373 -0.39769 0.25728 -3.34208 0.23177 0.86958 -3.44613 -5.27332
-1.71386 0.88906 1.20356 -0.8119 -0.4492 -4.30012 -0.42474 -0.43552 -3.38197 -6.93529
-1.50603 -0.44382 1.34263 -2.26155 -2.41957 -2.39892 -0.70136 0.42779 -1.85055 -6.18099
-1.77629 -3.73733 0.23312 -2.84884 -0.74561 -2.33948 -0.72514 -0.775 -2.83628 -6.2092
-2.18545 -3.59845 0.48655 -2.34859 -1.4507 -2.37349 -1.66619 -0.92837 -4.1923 -5.43015
-0.70163 -3.31233 -0.24482 -2.34934 -2.35507 -2.37344 -1.50823 -0.2215 -3.34475 -5.87965
-0.87085 -4.98269 0.9049 -1.47336 -1.95132 -2.31941 0.1921 0.20507 -2.42728 -6.86878
0.63848 -6.60585 -0.11227 -0.53276 -0.89399 -1.40162 0.61757 -0.18455 -0.99853 -6.12975
1.61263 -7.47361 0.4656 -0.31414 0.9385 -2.30087 1.15121 -0.44069 -3.57561 -7.15582
1.03105 -7.75896 0.69097 0.56521 -0.11736 -2.28366 0.44535 1.27314 -2.89378 -8.15901
-0.10428 -7.78984 -0.93624 -0.59677 -1.25421 -1.93529 0.59343 -0.7693 -2.37245 -10.83543
0.89665 -7.71138 -1.58924 -1.07178 -0.9314 -3.04113 -0.31026 -0.19946 -4.00364 -11.14323
1.18275 -8.91422 -0.91698 0.88549 -0.48279 -3.72298 0.41114 1.81089 -4.11701 -11.52722
0.16636 -9.19841 -0.36879 0.39742 -0.8067 -4.33443 -0.53281 -0.35392 -2.94435 -14.27307
2.21111 -9.54658 -1.33763 0.70797 -2.17872 -2.78851 -0.74891 -1.09449 -2.01969 -15.55468
0.64668 -11.43378 -1.39666 0.92224 0.67931 -2.06132 -1.20529 -0.8201 -0.89976 -15.88288
-0.73477 -9.89906 0.32006 0.06963 -1.34946 -1.21162 -1.71323 -1.62505 -1.09776 -15.98123
-1.70564 -9.27495 0.09632 -1.14129 -1.55694 0.02742 -0.97357 -1.56277 -1.00355 -18.82004
-1.19409 -9.3235 0.61125 -2.41613 -1.36793 -1.00043 -0.91886 0.1308 -2.11855 -19.50312
-0.61058 -6.96916 0.97446 -2.5249 1.35586 -1.77739 -0.97094 1.01993 -2.34355 -22.37209
0.76636 -6.82826 1.1825 -2.85778 -0.87923 -3.02748 -1.12043 0.52174 -3.06134 -24.40544
-0.34387 -6.31888 -0.60502 -2.49809 0.2131 -1.45805 -0.21821 -0.43234 -4.28454 -24.87915
-0.8217 -7.1438 -1.24765 -1.35194 -0.3128 -2.83743 -1.73037 1.26713 -5.19282 -25.99477
-1.53053 -8.32637 -1.14448 -0.73253 -0.55767 -5.31159 -1.82584 0.17968 -4.87836 -26.62034
-1.14429 -10.0834 0.52526 -1.0582 -1.58065 -4.2742 -0.82766 0.38239 -4.16746 -26.97335
-3.42746 -11.4083 -0.11302 -0.68145 -2.10083 -3.9406 0.08559 -0.34486 -4.92085 -26.26858
-3.46872 -12.33563 0.63734 -2.32339 -1.16288 -4.20293 -0.83235 1.13945 -3.28801 -27.47474
-2.40002 -13.3819 1.03049 -1.62799 -0.84589 -2.71942 0.18442 -0.26691 -3.97071 -28.6499
-2.33306 -12.50657 0.78648 -1.27457 -0.57361 -2.52691 -1.06028 -2.10137 -3.41574 -29.98136
-2.3263 -12.3422 -1.00856 -0.89131 -0.73485 -1.9786 -2.10089 0.64284 -5.23963 -29.51807
-3.22152 -12.53413 -0.42194 0.13802 -0.25406 -0.95647 -0.98685 -1.09796 -8.14556 -29.27172
-2.89306 -12.37041 -0.10537 -0.86465 -0.53265 0.70638 0.0367 0.90823 -7.43805 -32.00167
-2.35697 -15.23106 -0.49265 -0.82373 -0.0859 0.83117 -0.39519 1.98568 -7.19031 -32.8868
0.05026 -18.49854 0.518 -1.53687 -1.22478 0.82857 -0.20874 0.57592 -7.32477 -34.16964
1.19495 -19.50809 -0.75051 -0.3458 -0.45868 -0.03417 -0.63499 0.22383 -7.9796 -32.59125
1.35892 -18.90475 0.00711 -0.84061 0.08255 1.49226 -0.85312 1.39728 -9.21276 -31.15569
2.57793 -19.5438 1.66124 1.29392 -0.42989 2.47904 -0.71839 -0.21119 -7.23816 -31.08746
2.0417 -21.10313 0.45542 0.34009 0.16594 -0.02186 -0.5946 0.73877 -5.0238 -32.08793
0.85403 -23.18281 -0.25985 -1.00098 0.1965 -1.34079 -0.21672 0.16574 -4.52724 -31.97477
0.9937 -23.4435 -1.36145 -2.8745 -1.0756 -2.05993 -1.36196 -1.07681 -3.1769 -32.65646
0.36991 -22.08623 0.95508 -1.81417 -1.38853 -1.42819 -1.36439 0.62999 -2.62339 -33.97506
-0.83013 -23.10557 -0.62931 -1.17306 0.2882 -0.56541 0.08932 -1.94842 -1.99751 -34.16447
0.59055 -21.57745 -0.35348 -0.57426 0.06449 0.39454 1.05318 1.16427 -0.5078 -36.05914
0.50465 -20.90493 0.24089 -0.11558 -1.54892 -1.24504 1.67568 0.16163 -0.14889 -39.48327
0.09313 -21.82796 -0.41427 -0.76568 -2.18071 -1.97175 1.33749 -0.9579 -0.37959 -40.05497
0.38684 -21.42316 -1.71853 -1.03574 -3.02041 -3.44209 2.82457 -0.49208 -0.90558 -41.29163
-0.01901 -20.28974 -0.50765 0.15565 -0.89558 -3.95973 1.43544 -1.33142 -0.80383 -42.30027
-0.08363 -19.67447 0.05574 -0.52464 0.18046 -2.49257 0.11924 1.78227 0.51356 -43.08693
-0.29426 -18.42765 1.34338 -0.86566 1.03955 -1.83214 -1.35114 0.46856 -1.43601 -44.22382
-0.60192 -17.42279 0.39315 -0.17902 1.08193 -2.08534 -0.6006 -0.45962 -2.49526 -45.78814
-0.31201 -16.24085 -1.0147 -0.89302 2.09491 -1.65133 -2.28375 0.79422 -2.5081 -46.40588
-1.01157 -16.19522 0.25164 -0.51775 1.38873 -0.49411 -3.47072 -2.05287 -4.63095 -45.74849
-1.17487 -15.69862 0.71548 -0.70829 0.4887 -0.51947 -1.73244 1.10727 -2.07402 -46.70176
-0.75947 -15.37921 -0.67683 -0.13594 1.97994 -0.59965 -1.10792 1.1168 -2.97295 -46.93914
-0.12069 -17.17279 -0.02066 0.39498 0.63566 -0.71945 1.54092 -3.31002 -3.50124 -43.54966
-0.19163 -18.33314 -1.47112 0.69261 -0.23592 -0.12051 2.1748 -1.36871 -4.23918 -44.4958
0.89768 -19.4394 -0.14467 -0.67913 -0.04031 -1.66009 1.30249 -0.33847 -3.15992 -42.99664
2.76121 -19.83615 1.59217 -2.70811 0.35365 -3.99276 1.77937 -1.07761 -1.89422 -43.22152
1.71225 -20.16375 -0.14858 -2.01533 1.39715 -2.65659 0.52213 0.60587 -2.31054 -44.97926
3.33769 -18.58223 -1.22707 -2.35451 0.95176 -2.24253 -0.55561 -0.80421 -1.15125 -44.1026
2.83899 -16.49082 -0.62794 -4.05252 -0.25865 -1.13196 1.23836 -0.2283 -2.5584 -47.51326
2.16446 -15.77987 -0.86531 -3.47959 0.11242 -1.6252 -0.5504 -0.82382 -3.88849 -47.57545
1.23486 -13.55777 0.71641 -3.08194 -1.30139 -1.49102 0.50369 -1.00911 -4.53415 -47.46249
3.15753 -13.66964 0.4234 -3.29885 -0.21799 -0.72829 -0.81801 -1.47103 -3.1489 -47.38702
2.42904 -13.0411 -0.09779 -3.03553 -1.12963 -0.7429 -1.72013 -1.57964 -3.58015 -46.54759
3.22806 -12.51331 0.545 -3.61835 -1.28097 0.73503 -1.1452 -0.20768 -3.50719 -47.34502
2.42307 -12.45586 -0.35834 -3.64784 -1.58492 -0.87673 -1.7645 -0.21048 -3.40773 -44.9662
2.8682 -12.38404 0.04393 -3.32243 -3.09271 -1.73941 -1.12496 0.694 -2.34788 -44.78549
1.35193 -11.11356 -0.3288 -2.03182 -3.39911 -1.0648 -0.66881 1.67241 -3.82694 -44.47013
0.48098 -10.58792 0.83417 -3.05001 -2.48576 -2.46898 -0.45196 -0.83723 -3.9404 -41.02576
0.95308 -10.20211 -1.03557 -3.88131 -2.92662 -2.4954 -0.65062 0.49595 -3.72199 -40.63987
1.04192 -12.52145 0.92506 -2.23412 -2.78634 -2.12275 0.10629 0.70789 -2.14528 -37.99546
0.05871 -13.44715 -0.2609 -0.98194 -0.64056 -1.9849 -0.27653 0.35293 -1.12376 -37.29409
0.98184 -13.36435 -0.36179 -1.62098 -0.75975 -2.19651 -0.80594 -1.48526 -1.19174 -38.38738
0.73863 -11.39074 -0.59723 -2.4065 -0.79008 -0.65262 1.81932 0.22106 -2.4818 -38.13618
1.40511 -10.69699 1.70223 -0.89469 -0.38165 -0.24357 1.42607 -1.39865 -1.35156 -35.47501
-0.58721 -10.01131 0.64683 -0.05305 -0.09457 0.75762 0.76953 -0.36125 -0.4043 -35.82765
-0.15799 -10.15765 -1.41721 -1.10637 -0.71841 -0.64028 1.11536 0.02281 -0.88654 -35.7103
-1.0233 -9.09912 -0.58613 -1.41539 -2.17239 -2.02271 0.24061 0.53825 0.54813 -35.14336
-0.93433 -9.55072 -0.2623 -1.34067 -2.26107 -1.30226 -0.24838 0.32741 0.26399 -33.32198
0.53091 -9.33548 1.54595 -1.40863 -1.52426 -0.69662 0.23082 0.18777 1.53575 -33.08899
1.27428 -9.072 0.01059 -1.73915 -0.46882 -0.90717 -1.04165 1.53103 1.95116 -34.72636
-1.1549 -8.52859 -0.02314 0.24208 -0.36744 -2.40655 -0.90588 1.34365 2.33742 -32.35176
-0.26163 -5.64832 0.76487 1.37834 -0.63285 -1.06011 -2.73825 0.35615 1.05928 -31.62205
-1.21573 -6.11382 -1.9344 -0.19824 -1.70189 -0.13475 -2.43519 1.12176 2.40238 -30.23642
0.04575 -5.76449 0.59016 -1.07455 -1.24754 0.42898 -2.20255 0.70763 0.87696 -28.8498
0.14632 -5.62885 -0.30639 -0.50561 -1.81472 -1.30083 -0.341 1.04561 -0.64933 -29.62559
-0.43087 -5.07128 0.38954 0.59099 -1.6775 -0.058 -1.44576 -1.67222 -1.08801 -26.62208
0.43688 -4.84599 0.08301 2.05324 -0.70291 1.09623 -2.85811 1.5208 -0.00428 -26.31479
0.35596 -5.84753 -1.00647 1.7693 -1.0131 -0.22295 -2.96394 0.31566 -0.60468 -25.58243
1.5071 -4.17973 -0.63 -0.13778 -0.37705 -2.05657 -2.26783 0.46846 -0.99256 -24.08937
1.42458 -4.11414 1.57134 -1.57594 -0.49529 -1.59774 -1.52273 0.48567 0.18517 -22.42187
2.04682 -3.17303 -1.86014 -0.41228 2.3041 -1.05961 -0.03382 -2.38945 1.32741 -20.49986
1.01586 -4.25532 -0.16357 -0.82077 1.7877 -1.0486 0.22446 -0.10792 2.09185 -21.33214
1.04231 -2.56524 -0.0476 -0.04317 1.15923 -0.28494 1.13346 -0.35657 1.79322 -22.08829
0.34182 -1.15703 -0.17372 -2.00884 1.70498 -0.1618 1.25987 0.87087 -0.93266 -21.33221
0.2852 -1.98885 1.7357 -1.54693 0.92201 0.27201 2.65071 -0.03831 -2.44739 -21.4436
0.38901 -3.18112 -1.41731 -0.42321 -0.5894 0.70337 0.25107 0.15251 -3.18615 -21.13104
2.44962 -5.09807 0.53553 -1.512 3.32821 0.32543 0.48243 -0.99773 -1.90748 -20.63484
2.25551 -4.587 -0.79605 -1.65924 -0.25301 -0.10552 0.98002 1.64192 -2.14439 -20.59653
0.37466 -4.81426 1.19337 -1.66284 -2.02685 0.6924 2.12945 -1.58941 -2.76664 -20.26391
0.74084 -5.23019 1.77698 1.02504 -2.99648 0.04083 1.5123 0.69722 -2.84988 -18.61405
1.42662 -8.61105 0.12765 1.02794 -0.34969 -1.19211 0.84042 -0.7417 -0.89826 -19.12054
-0.10961 -8.31956 -1.12467 2.16016 0.56978 -2.16822 0.01783 0.44222 -1.08217 -19.45592
2.17254 -7.81571 -1.6791 2.10834 -0.15534 -2.0571 -1.11984 -1.03929 -1.33992 -20.32343
2.27709 -8.23506 2.78624 2.26792 1.64759 -1.95557 0.63808 0.20705 -1.66114 -20.61055
2.05021 -7.38862 -2.2352 0.31632 1.57077 -1.19031 0.97148 -1.03251 -0.89777 -20.65979
0.87747 -7.99483 -0.88463 1.81624 1.3831 -0.22876 1.35659 -0.827 -1.85136 -19.89449
2.36263 -6.26582 -0.42892 0.94132 0.81431 -1.04816 1.15515 -0.09517 -2.4584 -20.95073
2.49209 -5.16454 -1.55259 -0.15538 -1.82013 -1.66418 -0.05886 0.27775 -2.57403 -22.02694
1.73075 -5.56273 0.58898 -0.33068 -2.39088 -0.43169 0.40211 1.10296 -2.16645 -20.73568
0.68557 -7.23718 -0.89094 -0.05569 -1.46475 0.59701 -0.87231 0.03999 -1.45704 -20.83623
-0.36331 -8.45903 -0.04742 0.06293 -1.57705 0.52446 -0.65996 -0.45394 -2.70561 -19.92982
-0.36558 -9.40729 0.47897 -0.81053 -0.67336 1.02487 -0.4362 -0.77578 -2.92941 -16.83219
-0.81711 -10.79397 0.45277 0.40925 -0.71591 -1.55456 -0.07709 -0.72263 -2.50219 -16.46975
-0.66097 -12.45341 3.53494 0.41472 -2.08654 -1.67628 0.625 0.68467 -1.85996 -16.89154
-3.68178 -12.61842 1.3964 0.14434 0.68583 -1.27927 -0.02671 -0.92671 -3.14035 -17.87841
-0.98024 -11.72045 0.17424 0.9129 0.69293 -2.13257 -0.27507 0.22299 -2.39117 -16.80858
-1.31962 -12.02884 2.41521 1.92666 0.27562 -0.35748 -0.42789 -0.04491 -0.97364 -17.39407
1.48492 -11.94736 -0.31879 3.9813 0.60177 -1.56999 0.30846 0.85068 -1.34466 -19.18399
2.26217 -10.10579 -1.53388 2.19747 0.18417 0.09814 2.2209 1.45555 0.34773 -22.76788
3.68864 -7.13959 -2.20365 1.05452 0.94146 1.20539 1.96958 1.62509 0.51917 -23.53203
2.71454 -6.2934 1.05932 0.99025 1.8159 -0.71881 2.43172 0.41179 -0.77609 -24.58096
2.79343 -6.30036 0.0336 1.06687 2.02682 -1.79163 2.71563 -1.54847 -1.22492 -24.09154
0.97216 -5.09416 0.76279 1.01288 1.52367 0.3172 2.23297 -0.06644 -0.44949 -25.02914
-0.35256 -4.26705 1.07339 0.28085 0.96216 -0.02642 2.53459 0.05622 -0.60205 -25.61756
1.15413 -3.72901 -0.07584 -1.40195 0.37876 1.21324 2.44754 1.46923 -0.31055 -25.5647
1.04973 -2.50965 -0.1848 0.59562 2.0001 2.7837 0.24507 0.31671 0.62851 -25.52219
0.90885 -2.6616 0.52805 0.61566 2.09329 2.43125 1.57406 -0.14876 -0.02653 -24.46027
1.49538 -3.582 -1.3486 -0.37562 0.99431 3.38759 0.74379 0.94875 0.15443 -21.73697
-1.44771 -2.1321 0.22116 -1.14262 0.74832 2.07593 1.53798 1.03917 0.60299 -19.6229
-1.86769 -1.50328 0.61341 -0.56471 -0.96074 1.77175 1.28881 0.10058 1.93019 -17.3564
-2.18237 -2.61721 2.34646 -1.56331 -2.83368 1.76003 -1.11539 1.15467 1.43032 -15.57275
-2.85082 -3.65395 -1.00527 -1.68147 -1.69846 2.08837 0.10846 -0.27628 2.95086 -13.67549
-1.19092 -3.77719 -0.40251 -3.9829 0.49198 0.16341 0.4125 0.14726 3.52934 -12.3857
-1.73717 -2.49355 -0.42346 -3.2317 -0.40952 -0.90474 0.04572 0.10651 3.20153 -11.43538
-1.96194 -2.4246 -1.83486 -1.70401 -1.43372 -1.49936 1.53891 -0.09415 3.51467 -9.64555
-0.24518 -1.95033 -1.33306 -1.39056 -1.90812 0.82097 2.24059 -0.63418 4.1362 -11.07441
0.22028 -1.09219 -0.67795 -2.26125 -0.37205 0.79744 0.13068 -0.24637 4.55111 -9.9373
1.96734 -0.79911 0.08464 -2.09668 -1.4133 0.20933 -1.51055 -0.85489 4.73227 -10.60812
0.69599 -1.24767 0.92457 -0.55267 -1.02994 2.24759 -0.75532 -0.29164 4.75466 -10.11939
0.81769 1.12062 0.45262 0.5362 -1.79303 2.40419 -1.32625 0.98441 4.91969 -9.28982
1.51694 2.6898 0.25052 -0.35294 0.28666 1.31075 -1.34038 0.60344 5.03956 -9.39827
-0.13639 2.92836 0.94528 0.62502 0.59626 0.51198 -1.40239 1.9627 6.062 -9.00293
0.923 4.6912 0.05843 0.92634 -0.28874 0.66899 -0.19826 0.26447 3.77775 -9.05318
1.13455 4.48491 0.62208 0.55757 0.4292 0.67496 0.16632 0.09385 2.40528 -8.32326
0.53613 6.24401 0.45261 0.33087 -0.89222 0.39159 1.59146 -0.59868 4.47658 -6.53077
0.9 8.42696 -1.84756 0.49707 0.89325 1.95146 1.11039 -0.85402 2.9618 -4.77429
0.49039 10.63344 0.17407 0.1291 -0.76 1.41758 1.68808 0.22228 2.44783 -3.45524
-0.68127 10.62629 0.33792 0.97232 -0.20649 -0.46836 0.6444 -0.0284 1.90469 -3.21129
-2.23179 11.21866 2.13956 1.2641 0.30791 -0.63048 0.81619 0.15258 1.53926 0.87292
-1.00933 11.77236 -0.97296 1.03629 -0.20063 -1.41362 2.397 0.19483 1.69672 3.68072
-1.1116 10.00454 0.26565 0.59662 1.40517 -1.91027 1.23546 1.20129 3.61957 4.72924
-1.02997 10.50028 -1.40579 1.23976 -1.80229 -2.16441 2.35978 -0.37437 4.16458 6.87802
-1.80233 8.43649 -0.01467 1.38778 -1.04904 -0.04047 1.78875 0.91259 3.66152 8.04956
-1.98831 10.55678 0.45172 0.85665 1.14588 0.23196 1.56428 1.65387 1.01578 10.69839
-1.21546 10.76348 0.36632 0.99511 0.75909 0.29903 0.70341 -1.10329 0.67041 11.80083
-0.02766 11.89212 -1.77233 -0.84987 1.48146 1.48316 0.45461 -1.6971 0.17078 11.37295
0.44443 10.72587 0.69633 0.19894 0.30595 1.70665 -0.55642 1.27306 1.01644 11.86917
-0.58406 10.67595 -0.37529 -0.09973 0.97781 2.42368 -0.16359 0.31959 0.66841 13.51013
1.42316 10.50738 -1.30674 -0.20518 1.98777 0.45227 0.44708 1.56889 0.14395 14.58177
0.77744 8.74777 -0.5797 -0.51321 -0.10836 0.43973 -0.2289 1.17372 0.19638 17.51991
0.39578 8.10773 1.0483 -0.04776 0.11 0.81576 0.7005 -0.40009 -1.70507 19.48266
1.08277 6.67615 0.15712 0.59865 -0.90212 -1.28842 -0.73427 0.46857 -1.46869 20.43268
0.54862 5.62687 0.30094 1.15604 -1.24098 -0.29216 -0.76101 0.84461 -0.21918 20.26105
1.21287 5.56075 0.73327 1.24223 -1.14216 -0.3515 -0.18442 -0.91952 -0.42231 21.09368
-0.29936 6.37088 1.08967 0.11237 -1.79979 -2.57126 0.52457 -0.96518 -1.55856 22.48389
1.38106 7.44343 0.64349 -0.48934 -1.42584 -2.43152 1.60447 1.02182 -1.47277 21.81002
0.89933 7.60883 -1.07578 -1.07975 -1.50692 -3.23692 0.57 -0.1964 -1.50238 20.49508
3.13703 7.91641 0.69933 -0.95816 0.02114 -3.33703 -0.48023 0.2045 -2.13341 18.74796
2.42725 7.11755 2.702 0.48324 -0.51254 -2.52704 -0.09248 -0.95123 -1.70364 15.53986
3.33327 6.86632 -1.43919 0.61995 0.54105 -1.04605 1.27033 -1.0363 -1.45032 14.33325
3.49037 7.52032 -1.44568 0.72338 0.44259 -1.32558 -0.72272 -0.40139 -2.26102 14.60654
2.87759 7.33467 2.01061 1.90995 0.46969 -0.06604 -0.06196 1.78575 -2.45962 15.51533
1.03683 5.78806 -0.22264 2.44003 1.54488 1.80875 -0.82918 -1.32274 -3.23056 15.96124
0.97717 6.27994 0.9294 1.16941 1.3798 1.93268 -0.95359 0.06404 -5.01601 16.26716
0.83097 7.57404 0.0914 0.3962 -0.15124 1.6947 -0.19405 -0.52387 -4.76059 14.96812
0.76769 6.73097 1.40363 0.32237 -0.67399 -0.05923 -0.09664 -0.78873 -4.73814 15.39752
0.32386 5.28833 0.55977 -0.57875 0.56244 0.47358 1.62912 0.46847 -3.71971 16.69085
-0.07894 4.27117 0.18089 -0.77215 -0.72156 0.11583 1.22384 -0.65236 -2.55157 15.66911
-0.90889 3.22624 0.88409 -0.87688 -1.72713 0.57736 1.54618 0.47316 -2.28007 14.78755
0.53808 0.35605 0.37992 -1.57365 -0.57037 0.40935 0.59824 -1.1403 -2.20912 13.85163
-0.53078 1.58868 -1.93006 -1.81963 -0.00859 -0.76799 -0.15353 -1.02203 -0.50232 13.92694
-0.83201 1.52665 0.96915 -0.70013 -0.43194 -0.90091 0.26 0.02654 0.28503 13.72284
-0.66013 2.60451 0.31373 1.23823 -0.07919 -0.59602 0.0164 -1.52919 0.17093 13.17208
-0.26022 1.98229 1.30916 1.50675 -0.28838 -1.5443 0.41287 1.23263 2.25342 11.3009
0.11926 2.69293 0.57833 0.18288 -1.87005 1.01036 0.15769 0.11711 1.76901 12.07412
0.40499 1.80148 -0.46995 0.70067 0.26221 1.6388 -1.10422 -0.65008 2.61273 12.47672
-1.62262 4.39666 -0.56356 0.87195 -0.36708 0.54067 -0.84842 0.29588 2.25317 10.78458
-2.86834 5.02265 0.60599 0.83328 0.78949 -0.63147 -2.88968 1.43876 1.34673 12.45597
-2.18233 4.67426 -2.04387 2.63246 0.15219 -1.03224 -2.18564 1.30414 1.41267 11.20412
-0.69719 2.88001 -0.09202 3.04658 -0.91146 -0.68839 -0.04498 -1.86889 1.20394 10.67234
-1.10547 2.68015 -2.41328 2.62686 0.22014 -0.31155 1.42264 0.17244 1.4358 9.14432
-2.14046 2.51256 0.59641 2.77674 -0.89154 -2.40798 -0.77947 0.94081 0.70519 11.22564
-0.59899 4.53893 -0.12532 2.68657 -0.90924 -2.03429 -1.25533 -0.10707 1.91636 12.30732
1.26492 3.24151 0.50057 0.97592 0.01027 -1.0168 -1.44101 -0.6357 0.43206 12.30708
0.16216 1.66271 0.6399 0.6909 0.52805 -1.14246 -0.24133 0.60105 1.16572 12.33814
0.16452 1.59003 -0.52716 1.32775 1.85442 -0.52056 -0.71737 0.96695 0.34145 11.36829
-0.12326 0.37652 -0.23459 1.19615 0.74579 0.71514 1.39224 -1.14034 -0.44745 12.08532
0.31605 0.65901 1.7491 1.97924 1.07743 0.65932 0.95048 0.09475 -0.71778 12.76612
1.97314 0.22316 0.21569 1.77608 0.70121 0.16874 1.2782 -0.72698 1.41152 11.73281
0.51547 -0.72722 -1.18967 0.2249 0.36294 -2.45736 1.69062 1.88253 0.72891 10.51808
-1.50555 -0.4634 0.76259 -0.61443 0.32325 -2.84783 1.37272 1.7334 0.07825 9.0064
-4.02667 -0.05094 0.32432 -0.1856 0.44758 -1.31324 0.35231 -0.7046 0.41711 11.41556
-2.91158 -0.66433 -0.59122 -0.30369 1.33416 -2.95684 -1.16257 -0.35071 1.18418 8.18113
-2.50217 -1.18392 1.11674 -1.6973 -0.14171 -2.83905 0.19957 -0.78078 1.04296 5.82407
-3.15098 -0.13165 1.03878 -0.80437 -0.96373 -3.02829 -2.60237 -0.314 0.03121 4.96288
-1.31885 0.15977 0.41834 -2.23865 -0.84457 -1.79766 -2.16197 0.62576 -0.25011 2.18216
-2.61649 -0.98486 0.60297 -1.98511 0.71178 -0.66422 -1.25176 -0.16462 -0.03571 1.04775
-2.21894 -2.62783 -0.65713 0.42535 -0.06252 -0.18543 -1.87588 0.16335 -1.35719 1.32952
-1.67636 -3.26922 -1.55946 -0.27419 -0.92175 -0.5884 -0.86019 0.15086 -0.95414 -0.0077
-1.46211 -3.5856 0.65975 2.39269 -0.92206 -0.27122 0.72129 2.38683 -0.84437 -0.12052
1.24517 -4.7374 -0.70992 2.38369 -0.74506 -0.65892 -0.3175 -0.5686 -0.79022 -0.25972
0.87169 -5.80197 -1.05418 2.1012 1.48699 -0.89259 1.83283 -1.22385 -1.78641 0.33064
-0.36371 -5.60961 -0.23474 1.47581 0.71833 -0.03512 2.62993 0.2516 -1.17158 0.27803
-0.17462 -6.01602 -0.95182 1.07553 1.23568 2.07594 0.5182 1.61269 -3.05832 -0.85586
-0.85068 -5.00141 -0.41015 0.01666 1.64911 -0.12018 -0.58096 -1.10589 -2.82847 -2.52626
-1.32222 -5.33574 0.64709 -0.5871 0.88438 1.35339 -1.51934 0.88145 -3.07687 -3.71945
0.83893 -6.48992 -0.87905 -0.56055 0.86703 1.34065 -1.51409 0.61657 -2.19923 -4.36213
-0.28577 -7.02356 0.31036 -1.55224 -0.26307 1.40492 -0.28589 -1.03235 -1.3937 -5.09865
-0.66828 -6.46295 -0.93544 -1.48865 -0.85762 1.52896 1.31031 -0.49536 -2.08763 -5.3798
-0.46094 -7.66467 0.31835 -0.90599 -0.57499 1.50267 0.50733 2.0983 -1.53024 -4.87535
0.47636 -10.05442 -0.6765 -1.43084 -0.30198 1.59929 -0.2907 1.31292 -0.26114 -6.64486
-0.93029 -12.10116 -0.02646 -2.88362 -1.53462 -0.17346 -2.39902 -1.56287 0.14439 -9.13166
-0.69065 -12.8724 0.58877 -0.95973 -0.27749 -0.80681 -0.90258 0.99375 1.48909 -7.93248
0.46249 -11.61437 0.69916 -1.5124 -0.80436 -0.73272 -2.1281 0.33158 1.4609 -7.97099
1.77083 -11.20344 0.46338 0.06757 -2.10167 -0.02235 -2.23321 -0.83464 1.4681 -9.83829
0.58847 -9.50745 -0.64079 -0.04038 1.71513 -0.90298 -0.83652 -0.16777 2.61201 -13.08961
1.46067 -9.98368 0.15275 -1.13249 0.02891 -0.7604 -1.50552 1.24788 2.02286 -12.96093
1.808 -8.81148 0.7399 -1.05257 0.08706 -0.64579 -0.43352 0.67622 1.84177 -14.01024
3.41264 -8.10217 -0.35835 -0.73489 -1.97785 0.10754 -0.31085 -1.73833 -0.20829 -14.96683
2.41395 -5.66786 -1.57298 -0.94988 -1.11771 0.78942 -0.16278 -0.02881 0.17377 -14.76921
3.26654 -4.50766 0.48591 -0.82048 0.55437 0.52956 0.52519 -0.13282 -0.10314 -14.62576
2.39032 -4.58589 -0.2511 -0.1737 0.76589 -1.26817 1.98191 0.65101 -0.3266 -14.12303
4.24776 -2.8096 0.50447 -1.11713 -0.94782 0.14593 0.10093 0.56288 -0.31543 -15.38115
4.5162 0.46862 -0.68331 -0.75295 -0.90725 -0.82687 1.01617 -0.76757 -1.22006 -16.70741
3.65401 1.53184 1.01809 0.68425 -0.10853 -0.62967 -1.17772 0.85254 0.56887 -18.13192
3.55342 1.7287 0.53115 1.12707 -0.27864 -2.53267 -0.30756 -0.32183 2.10714 -17.57358
2.36927 1.66175 1.68492 1.03882 -2.61081 -3.99368 0.57339 0.23754 0.89511 -17.65713
1.02774 3.73383 -0.30508 2.75392 0.37823 -3.73042 0.45803 0.15812 1.22606 -13.92992
0.12811 4.11672 -2.30825 1.2996 -0.84016 -2.29884 0.65893 -0.31699 0.69938 -11.6414
-0.15465 5.67737 0.41886 -0.296 0.09093 -1.15094 0.13861 -0.44018 -0.56064 -12.38086
-0.2653 7.59027 -0.97383 -0.80517 0.56846 -0.80863 -0.1257 1.31903 0.16376 -11.68134
-0.93466 5.90499 -1.62296 -1.30567 1.65467 -1.11632 0.51891 0.10251 -0.66641 -10.98226
-0.16239 6.039 -0.14766 -2.45274 -0.75857 1.07219 -0.71632 -0.16354 -2.17284 -6.88816
-1.46055 4.92231 -1.4302 -1.93758 -0.89179 0.04927 -1.12401 1.15657 -2.62024 -3.18203
-2.22152 4.75777 0.09236 -1.91555 0.18225 -0.05645 0.24343 0.42365 -2.22232 -2.17191
-2.35532 1.82919 -1.07715 -1.3997 0.00011 -0.91524 -0.41291 -0.11793 0.59919 -1.20956
1.2794 -0.17851 -0.33433 -1.65498 -1.47331 -1.77338 -1.68093 1.7135 0.12565 0.33426
2.39254 -0.78987 -0.08605 0.00383 -0.42434 -1.69544 -1.55104 -0.38945 -0.32609 0.76279
1.87984 -2.35963 0.94313 2.01143 -1.57455 -3.70073 -1.06748 -0.01746 -0.24153 3.20542
2.33899 -1.77747 -0.37959 -1.26237 0.21882 -3.82289 0.233 -0.16562 1.70351 3.7108
1.63103 -1.66864 0.24378 0.48458 -0.06244 -1.4606 -0.74992 0.14217 1.7298 3.29278
0.96684 -1.63481 0.81909 -0.38937 2.18193 0.49274 -1.73147 0.3117 1.58743 1.26273
1.47457 -0.39955 -1.51767 -0.13784 1.56125 -1.12052 -2.34594 -0.66218 1.18997 -1.03408
1.82986 1.86852 1.2976 0.40727 0.15802 -1.2918 -0.50139 0.31537 -0.37934 -0.63261
3.2216 3.81302 -0.65766 2.81502 1.73193 0.50105 -0.73825 0.94857 0.41819 0.69667
2.53528 5.67272 1.94163 1.51846 1.5031 -0.22461 -0.33541 0.85656 0.2339 0.45817
1.96241 7.24168 1.27423 0.09719 1.52436 1.04798 0.14076 -1.75891 0.31134 0.12265
1.55699 6.7245 1.86399 0.51997 -0.36678 -0.51627 -0.12272 -0.08706 -0.1345 0.71597
2.32444 7.40341 0.51082 -1.70108 0.11472 -2.17996 -0.1119 1.41062 -1.01965 2.27749
1.16888 7.97537 1.07234 -0.85649 -0.75296 -2.02097 -0.41035 1.16323 0.12165 3.22551
-0.67092 8.90137 0.13304 -0.81274 -1.09359 -2.43628 0.59324 0.09323 0.4485 4.7305
-1.32936 9.3222 1.05227 -1.56296 -1.82416 -2.0254 0.52795 0.37107 0.57251 4.58622
-2.00208 10.47751 -0.1125 -0.45268 -0.85242 -1.94608 1.79196 0.79265 -1.02121 6.60051
-0.14746 8.48623 -1.02263 -2.26052 1.16358 -2.47187 0.23936 1.08304 -1.09172 8.5003
-2.38305 7.64333 1.28822 -2.33185 -1.16724 -1.54712 1.09001 -1.50476 -1.63514 10.56784
-4.29845 7.7039 0.48328 -2.01922 -0.35393 -3.25101 1.53504 0.03093 -1.18524 11.63831
-2.44013 5.19915 -1.50336 -1.93399 -1.15181 -1.82802 1.61738 0.19145 -0.47176 13.71888
-2.79016 5.09105 1.85234 -1.7951 -1.54545 -2.12277 2.65844 1.53097 -2.45712 13.81382
-2.51409 2.68638 0.03202 -0.54321 -0.5905 -1.97208 2.19957 -1.20971 -3.00346 14.78114
-1.71131 1.89157 0.48054 -0.36643 -1.99451 -0.31258 0.03703 0.88999 -2.87876 14.69522
-2.34965 3.37864 1.95908 0.23067 -0.752 -1.07099 0.09508 -0.78724 -2.2205 13.52575
-1.78605 1.87592 -0.05684 -0.19005 0.48813 -0.10132 -0.85711 1.21227 -1.59628 12.80468
-1.672 0.14855 -0.64848 -2.23317 -0.75509 -0.51912 -0.43052 -0.72691 -2.41901 12.64172
-0.95988 -1.84312 1.5531 -1.64418 -0.74051 0.10646 0.09106 -0.60164 -4.5307 12.27671
-3.47075 -1.98558 0.062 -0.61828 -0.54465 1.31315 0.21727 -0.60484 -4.83119 11.26685
-5.1104 -2.67702 0.65758 -0.61067 -0.37373 0.41888 2.19178 -0.0982 -5.45783 12.47601
-3.63949 -4.70089 2.16705 0.61446 -0.19043 2.00491 0.87858 -2.135 -3.73342 10.59043
