0.18018 0.49348 -1.20985 -0.77297 -0.48662 -0.80715 1.01708 -2.12479 -13.14833 -25.51184
0.30697 1.28372 1.90785 0.47842 0.73127 0.38597 -0.16828 -3.98662 -12.37894 -24.5461
1.9381 0.74539 0.33754 0.32337 -1.87623 0.28433 -0.3726 -5.22944 -13.76677 -24.59784
1.32434 0.54112 0.06682 0.40182 0.42699 -0.21724 -0.59054 -4.43584 -11.86266 -23.32517
2.97092 1.16257 0.47481 -0.23093 0.0484 1.68849 0.41001 -2.32616 -10.35541 -22.05036
1.44129 2.30656 -0.66094 0.73903 -1.95041 -1.30971 -1.21511 -1.24827 -8.4858 -22.92898
0.51492 -0.70228 -0.91161 0.98557 -2.15505 0.25121 0.74495 0.11873 -9.60746 -23.1435
0.3413 -0.78763 0.97636 0.80188 0.32356 1.64692 -1.03863 -0.6796 -10.65163 -20.67402
0.55002 0.34859 0.0323 1.42034 1.3528 1.74713 0.4053 -0.67526 -8.1952 -20.0759
0.66359 1.17636 0.29667 -0.62741 0.19978 -0.56621 -0.50547 -1.56677 -9.83825 -18.33503
2.88107 0.72246 0.2932 -2.71523 -0.6269 0.97601 0.72539 -1.32096 -8.86431 -16.48728
3.58811 -0.87195 0.28757 -3.02198 0.15674 1.86369 -0.24618 -2.02752 -9.09657 -15.84437
5.3498 1.05819 -1.42445 -1.46517 -1.71882 0.10636 -1.58337 -2.04076 -9.78814 -15.33134
3.89242 0.19494 0.71025 -2.76789 0.6173 -0.16821 -0.29472 -1.62414 -9.3739 -14.90521
3.45128 0.1467 1.10441 -2.05774 -0.01424 -0.33294 0.54206 -2.20412 -7.52728 -14.58211
2.01835 -0.18653 0.40496 -2.0748 -2.13934 -1.76921 -0.50204 -2.26514 -7.75972 -13.98113
2.21656 -0.17987 -0.22693 -2.98764 0.22737 0.93421 -0.50408 -0.03306 -6.12393 -14.08732
3.31112 2.37191 0.7229 -2.70269 0.08996 2.32378 -0.94267 1.817 -5.20904 -13.052
1.0037 0.37812 0.2435 -1.8922 -0.06935 -1.42757 0.49529 2.00736 -6.78539 -11.58766
0.79517 -0.13273 -1.4098 -2.91519 -1.05023 0.7163 -0.27347 2.99437 -6.54614 -12.28327
3.77235 0.66851 0.65145 -3.06201 2.0145 -1.17371 1.09339 3.96858 -5.56358 -13.05871
4.12779 -0.89119 -1.64039 -1.38522 -0.19103 1.07305 -0.36611 3.56917 -5.57494 -13.83122
5.50881 0.77139 -0.05772 -0.39581 0.11311 -0.79351 -0.97552 2.0664 -7.6438 -13.5767
4.16239 0.80331 0.68987 1.33971 1.20314 0.09236 0.42934 3.36194 -7.80167 -14.42474
1.80495 0.60905 1.23058 1.07647 -0.92309 0.98621 -1.04219 2.18015 -6.2725 -14.93128
2.84005 -0.9505 -0.18779 -0.03171 1.14502 -0.23212 -0.25437 1.44293 -6.60778 -15.1662
2.31319 -1.47235 0.66264 0.07485 0.7214 -1.89964 -0.25638 2.32381 -6.41305 -11.7957
2.79766 -0.9645 -1.76731 -1.86788 0.44404 -0.40427 1.30666 2.58531 -4.06152 -11.2476
2.76888 -0.51441 0.51125 -1.51428 1.18033 -1.05637 1.43052 3.54721 -4.30466 -10.87993
1.65791 -1.38449 -1.38162 -1.30203 2.00694 -0.42703 -0.03244 3.61404 -3.96194 -10.61534
-0.19065 -0.60074 -0.67598 -1.8315 1.52898 0.90768 -1.64648 2.39257 -5.10787 -9.65032
0.05208 -0.18063 -0.74824 -2.96718 -0.43387 -0.16703 1.38265 4.07626 -5.38944 -7.81809
-0.56194 0.71215 1.37343 -2.25807 0.43519 -0.40028 0.08122 2.01572 -4.62044 -9.13033
-1.23704 0.3734 -0.45045 -3.50247 0.78565 -0.71004 0.37078 1.34214 -4.93282 -10.30673
-1.78179 -0.42998 0.37169 -2.77479 0.29513 -1.79821 0.11602 0.97865 -3.57671 -8.45449
-1.98911 0.44331 0.70352 -4.14529 -0.26237 1.1645 -0.35198 2.54342 -4.74331 -7.39739
-1.56284 -0.90414 1.08877 -3.03948 -0.02486 1.40323 0.69553 2.59467 -4.62266 -7.8315
-0.90579 -1.97785 -0.56678 -3.80551 -0.83789 -1.02986 0.37189 2.71259 -5.45323 -9.12139
-1.65909 0.51545 -1.10167 -2.23933 0.9737 -0.35165 -1.01844 4.03045 -6.28629 -9.38045
-1.94058 -1.26868 0.32439 -2.07011 -1.27629 -1.42916 -0.62693 3.88577 -4.90073 -9.22447
-2.45418 0.3295 0.72581 0.49127 0.75473 0.09496 0.08614 3.6399 -5.14348 -9.02638
-0.50421 0.54498 0.41264 0.8269 0.54335 -0.48314 1.15344 3.10873 -4.23632 -9.24789
-1.7957 -0.71036 0.3069 1.49289 1.40981 1.45443 2.0218 5.18194 -4.77793 -7.83272
-0.29924 0.81081 0.00414 0.62839 -0.37825 -0.95515 -0.4128 5.09115 -3.77516 -9.41019
-1.47492 -2.43016 -0.46189 0.24214 1.41363 1.01207 1.34922 3.96519 -4.42181 -9.47669
-0.09203 0.28005 -0.29615 -0.1756 -0.49168 -0.91891 2.0917 3.56959 -3.36928 -10.46062
-1.46886 -0.76686 -1.19189 -0.34653 0.33582 -1.29739 0.16142 5.05761 -3.73061 -8.52092
-2.44564 0.86953 -0.65036 1.06063 -0.33971 1.57048 -0.50812 4.203 -2.38598 -8.14432
-1.11067 2.6622 -1.46736 1.86706 2.33052 -0.95424 -0.4576 5.36124 -3.45267 -7.18583
-2.69657 -0.54107 -0.66913 0.28782 -0.19068 1.10832 -0.12524 3.9631 -3.17874 -6.55714
-0.81065 2.13714 -0.04794 0.21068 2.86415 -1.00521 -1.14655 3.66762 -2.96713 -7.5372
1.54262 -0.99305 -1.06793 -1.19809 -0.3469 0.52948 0.27622 3.23701 -1.736 -8.03942
1.98391 0.17175 -0.98043 -1.04924 2.70848 -1.55311 -1.55902 3.84805 -1.05265 -6.66413
3.53039 -1.2158 1.56032 -1.61435 0.94725 0.96314 -1.19353 2.99995 -2.01678 -5.08565
1.19499 -1.40155 -0.83506 -2.61813 0.14981 0.87675 0.01309 0.72663 -2.1053 -3.71513
2.8415 -1.99236 -0.29854 -2.17067 2.30954 0.65995 -1.59859 -0.03232 -0.64382 -3.62706
3.04349 0.64799 -0.22481 -2.66411 1.31404 -1.33463 -1.36223 0.59654 -1.54384 -5.05126
1.70515 -1.01154 0.05975 -0.26783 1.1 -0.67412 -0.13334 -0.03099 -2.46988 -4.41351
2.88883 0.1215 0.30895 -0.53845 -0.60828 0.12887 2.28894 0.00824 -3.13567 -5.42658
3.71515 -1.21107 -0.56959 -0.9278 0.38376 -0.78267 0.27077 0.68725 -2.39491 -4.47937
3.0303 0.11739 -0.08757 -1.36471 -0.7535 -1.37029 -0.94934 1.3237 -2.94467 -4.48444
2.7728 -1.01361 0.62855 -0.28048 0.76904 -0.57216 -1.5947 1.3834 -2.70308 -3.85382
2.67771 -1.59387 -0.3919 -1.83916 -1.03148 0.57942 -1.68373 0.65451 -3.70155 -5.36194
2.59773 -0.8471 0.32857 -2.16641 -0.6716 0.62697 0.64042 -0.84337 -4.62898 -6.69009
2.43647 1.47568 0.40462 -1.81254 -0.0725 -0.04916 0.29844 -1.57192 -4.36176 -5.07264
1.53623 -0.7584 0.74708 -2.32059 0.94739 0.74655 -2.81569 -2.80153 -3.14109 -5.46441
2.76003 -0.41797 -2.02042 -3.51619 -1.08922 1.09668 -1.94344 -4.68553 -4.64316 -5.67208
2.79881 0.85708 -2.22136 -3.6334 0.33063 0.26707 -1.12958 -5.30508 -4.44169 -5.41341
1.53322 0.09269 -0.5196 -3.68975 -2.11127 -0.09111 0.00544 -5.32753 -3.0096 -6.82084
1.45528 -1.54642 0.32245 -1.40629 -1.63238 -0.0243 -0.13422 -6.09227 -3.34489 -6.95421
1.54984 -0.09841 0.97502 -0.76043 -0.54671 0.57413 -0.70521 -4.88407 -5.65091 -8.48484
2.32589 -0.41073 -1.0742 -1.64132 -2.31065 -0.2276 0.48489 -5.51979 -3.99036 -9.85925
0.28377 -0.65184 -0.22729 -0.88624 -0.87849 1.1218 0.49864 -2.863 -3.52216 -10.27052
-0.39881 0.856 -0.17102 -1.44137 -1.63336 0.07213 1.8075 -1.77717 -6.04183 -8.41887
-1.10208 -0.18772 0.81175 0.99231 0.15256 -0.0704 -0.65213 -1.72006 -5.46911 -8.58237
-0.93196 0.85599 0.70772 -0.22118 -1.43831 -0.5252 -2.40048 -0.5608 -5.95383 -11.21043
-1.00741 0.58326 0.7077 -0.97672 -1.37162 -0.04883 -1.39786 -0.5315 -5.05556 -8.23044
-0.48219 -0.24057 -1.76786 -1.10759 -0.29024 -1.85973 -1.14992 -0.10973 -3.40569 -7.96198
-0.9731 -0.6072 -0.43138 -2.9089 -0.73802 -1.48988 0.86727 -0.29426 -5.92682 -7.84294
0.59973 0.21022 -0.3684 -1.63409 0.58896 0.98702 0.92595 -0.92934 -4.07554 -7.69522
2.0955 0.48446 -0.28088 -1.31 0.70344 0.41317 0.48496 -1.79905 -4.75374 -7.57535
0.42304 -1.82015 -1.48707 -2.54028 0.19895 1.10016 0.63781 -2.80643 -4.67976 -8.99429
-0.33302 -0.21733 -0.20976 -2.30153 1.51301 -0.78995 1.09397 -3.86348 -5.90578 -7.97198
0.09217 0.74537 0.0961 -3.31256 -0.8567 -0.79673 -0.03924 -3.99105 -3.70682 -8.71128
-0.96861 2.04773 0.3472 -3.70657 -0.85845 0.06785 0.41335 -4.16209 -5.14832 -8.48048
-1.68561 -0.86554 -0.14001 -2.94187 -1.24683 -1.20532 1.93461 -3.52392 -5.93914 -7.349
-2.079 -2.50566 -0.54847 -3.64433 0.03738 -0.77061 -0.68507 -3.50038 -4.71812 -7.89221
-0.89304 1.29883 0.69158 -3.20586 -0.24168 -2.20555 -0.28844 -4.06021 -2.37989 -9.4147
-1.94059 0.82525 -1.12399 -2.30225 -2.15732 -1.4804 0.00532 -5.42388 -2.56827 -8.82894
-1.76986 -1.87158 0.27253 -2.59284 -1.87944 1.73669 -0.52281 -5.90162 -4.38109 -9.73517
-1.87369 -1.54814 -0.17558 -3.33804 -1.69355 0.42986 -1.51126 -7.22851 -5.33097 -9.05912
-1.73165 -2.74076 -0.47844 -3.80469 -1.96049 0.37574 -0.34864 -7.83589 -6.95112 -9.09645
-3.08059 -1.58853 -0.29949 -2.13227 -1.68073 2.02391 1.42465 -7.733 -5.90483 -8.69642
-2.87155 -0.17889 -0.13466 -0.42253 -2.78879 -0.18418 -0.0047 -6.55044 -6.47735 -8.68334
-1.56124 1.1711 1.73802 -0.97383 -3.23828 -0.61904 -0.32481 -4.69652 -3.7263 -8.9939
-1.6206 1.17613 1.01555 -1.16194 -2.56228 -1.29655 -0.85483 -5.77035 -4.63637 -9.28958
0.17432 0.27825 -0.75036 0.51418 -0.38632 -0.90381 0.67691 -7.29829 -3.66269 -9.90317
1.15205 0.16162 -0.46199 0.63068 -2.03184 -0.54319 -1.18374 -6.87239 -4.91399 -9.89507
-1.07317 -0.6178 0.30006 -0.18923 -0.89998 0.12844 -0.67434 -4.47139 -6.98391 -9.56247
-1.7445 1.30456 -0.48774 0.56092 -2.00319 -1.07439 1.36876 -3.9469 -3.95854 -8.22309
-2.25478 1.01205 0.23962 0.61341 -0.87517 0.20676 0.49924 -4.66248 -2.85744 -8.26434
-2.14831 0.50387 1.24109 1.32076 -0.83395 0.59246 -0.60137 -3.02275 -1.70999 -8.13629
-2.24973 0.15507 1.22254 1.75158 -1.11725 -0.97214 -0.69844 -2.05863 -2.17394 -5.68935
-1.89677 0.27067 0.78851 -0.43317 -2.96078 -0.0677 -1.21263 -2.33007 -3.48236 -4.24002
-1.62854 -0.05049 -1.29855 -2.31167 1.03339 -0.03723 0.68757 -3.13306 -2.28895 -5.65753
-0.42173 -0.33332 0.25006 -0.24188 0.49805 1.4953 0.78807 -2.94934 -0.42486 -5.06606
-3.06201 -1.20868 1.6911 -1.52142 1.32854 -1.03483 0.40568 -2.51277 -2.59297 -4.83474
-4.78484 0.05312 -0.06573 -0.30939 -0.63778 -0.60466 0.90123 -2.89389 -3.45085 -5.29455
-4.05735 0.48576 -1.54751 -1.09487 -1.72958 0.25682 0.75835 -2.93964 -3.34194 -6.26768
-3.37875 -1.28745 -0.43515 -0.5819 -0.52385 0.69635 -0.5999 -4.49812 -4.86462 -6.52889
-3.76543 1.37793 0.11534 -0.18321 -0.30407 -0.3853 0.29337 -4.47546 -3.5904 -7.23069
-1.62345 1.14706 0.82131 -1.10007 -1.73148 0.26906 0.06396 -4.59535 -2.89765 -7.33118
-0.9662 1.17512 -0.16376 -2.33065 -0.74046 0.58732 0.19101 -5.2031 -4.33283 -9.02072
-2.15106 0.61484 0.03015 -2.24935 -0.95825 0.98508 0.65728 -4.85425 -4.76353 -7.58739
-0.67781 -0.41541 -0.60007 -1.97824 -0.50797 -0.3646 1.20022 -5.21886 -4.49479 -7.87883
-2.28688 0.86139 0.24869 -2.58628 0.06656 -2.84399 0.55888 -6.54927 -4.11378 -7.98528
-0.59843 -0.64208 1.66139 -3.84255 -0.39721 -0.68539 -2.22446 -7.08312 -3.619 -7.21242
0.51135 -0.22001 -0.05766 -3.37734 -3.3346 0.98428 -1.13475 -5.19394 -4.67072 -7.37213
1.30225 -0.03676 0.56269 -3.68156 -2.98963 -0.07932 -1.40019 -3.26375 -5.89302 -7.79362
0.21248 -0.29181 0.06444 -4.42841 -2.94495 -1.0792 -1.26169 -2.5843 -5.08139 -7.12688
-0.11187 -1.28691 -0.64132 -4.12614 -1.21212 -0.83853 0.9507 -3.87614 -2.2776 -6.46181
1.33404 -1.82991 1.51904 -3.85119 -1.66805 1.26722 -1.42342 -4.75021 -1.90119 -8.13809
1.93674 -0.87368 -0.08091 -3.86884 -1.83558 1.19554 -0.14464 -4.64546 -1.50033 -9.34327
2.40484 -0.94011 -0.48634 -4.8917 -2.02162 -1.13508 -0.31287 -6.15213 -4.85625 -8.60677
0.57396 -0.54419 -1.01101 -5.0962 -1.15278 1.48066 -0.71677 -4.55157 -6.15341 -11.08525
0.14466 0.38323 0.15042 -6.33318 -2.37687 -0.10247 -0.4965 -5.05881 -7.09347 -11.51128
-0.4487 1.22738 -1.41345 -4.084 -1.81209 0.39916 -1.18809 -6.93708 -8.03886 -9.34946
-1.18571 -1.45256 -0.69061 -5.87254 -1.43378 -1.04447 -1.0919 -9.17621 -9.26672 -9.26928
0.11448 0.95084 0.86097 -6.22458 -0.79639 -0.64118 -0.40281 -8.22531 -7.4252 -9.8272
0.05311 -0.42668 -0.55231 -4.80962 -1.95008 -0.98617 1.38468 -9.60538 -5.89935 -12.94744
0.56667 -0.54717 0.70306 -5.204 -1.71064 -0.92303 -0.58235 -9.07441 -6.25737 -13.02235
0.70579 0.08651 0.30107 -6.92062 -1.88725 -1.01402 -2.18971 -9.68693 -5.90941 -13.04254
-1.09627 -0.19805 0.17326 -6.54512 -2.46634 -0.24597 -0.25826 -6.85517 -9.05747 -15.5203
-2.85114 -0.19487 0.00531 -7.06533 -1.94727 -1.45467 1.37037 -5.44362 -9.21327 -15.25751
-3.11164 -1.63688 -0.10768 -7.55938 -2.15962 0.559 0.32901 -6.41893 -6.62172 -16.22242
-2.38805 0.35646 -0.3418 -6.56375 -2.35384 0.78664 0.82188 -6.10504 -8.37992 -17.12582
-1.63445 -0.61229 1.41058 -4.78839 -1.02366 0.44716 0.02698 -6.68709 -9.29743 -18.36514
-1.25123 0.05183 0.37868 -3.59673 -1.60457 -0.96862 0.30235 -6.18747 -12.00969 -18.42734
-0.00139 -1.96675 -0.80758 -4.91399 -0.55093 -0.78483 0.48997 -6.72186 -10.04094 -20.4232
0.59888 -1.30437 -1.20335 -4.48944 -2.55757 -0.55622 1.39924 -6.11905 -10.9891 -18.91045
1.07752 -0.05433 0.08704 -1.69093 -1.68455 1.60633 0.43886 -5.81525 -10.33412 -20.05439
0.77808 1.1282 1.07309 -0.67717 -1.25752 -1.27541 -1.70642 -8.05289 -9.45366 -20.37852
-0.31017 -1.36217 1.00167 -0.73661 -3.1342 0.08468 0.39902 -7.86833 -8.65443 -19.34055
0.1181 1.68146 0.72648 -2.09456 -3.20069 -1.30842 -0.06953 -6.75437 -7.97158 -19.12218
-0.90068 0.74594 -0.73052 -2.97422 -1.65167 -0.42075 1.10416 -4.7495 -7.16042 -17.21896
-0.59945 -2.1831 0.78312 -3.00046 -1.70303 1.22338 2.31686 -3.03213 -7.73558 -16.16442
-0.43818 -0.66601 1.00678 -2.50229 -2.73211 0.72022 0.86642 -2.40299 -8.70945 -16.45708
0.08052 -0.89953 1.28081 -1.18888 -0.36002 -1.62322 -0.84862 -1.30649 -7.31272 -17.90631
-0.19989 1.82409 -1.48855 -1.45611 -2.95885 1.38107 -1.17109 -0.22396 -9.37564 -17.65271
0.97446 0.10469 0.30975 -2.08631 -0.53557 -0.64942 -1.71405 -0.23482 -7.14146 -16.98558
0.02276 1.99216 1.17447 -2.27041 0.06683 -0.31835 1.76854 1.06991 -9.38958 -17.63602
-0.43642 0.64978 -0.4895 -1.93986 1.05356 -0.09434 -0.82201 0.24471 -8.8241 -17.89127
0.64011 -1.07909 0.72543 -0.11885 -0.33369 0.22722 -0.84022 0.2476 -8.08026 -16.76684
0.71327 0.96807 -0.9547 -0.19277 0.55509 -1.35491 -0.11216 0.74238 -8.05443 -16.4481
0.31793 -0.75425 0.06295 0.54959 -0.50666 -0.85264 -0.02617 -1.01167 -7.30958 -18.24344
2.08676 0.90478 -0.06447 -0.52278 -0.67677 1.09802 -2.50255 -0.58868 -7.73875 -15.99912
1.70212 -0.42742 -1.32233 -0.26895 -0.76029 0.70728 -0.45404 -0.40501 -6.41774 -15.23005
0.38785 -0.73914 -1.41931 -1.15647 0.70981 -1.0449 0.16283 -0.43165 -7.89538 -13.62297
0.6107 0.40646 0.49178 -1.15149 -1.03703 -0.41126 -0.64085 -1.18061 -8.32942 -13.33288
-0.6258 -0.89602 0.47546 0.04289 0.28412 0.3259 1.0944 1.3633 -7.20318 -12.96944
-2.38668 -1.53058 0.69302 0.59931 -0.50239 1.38079 -0.79529 -0.46473 -5.56602 -12.61841
-2.7125 -0.82401 0.80177 0.00986 0.27427 0.66945 0.81741 0.34337 -5.48822 -12.35635
-2.18929 0.97158 -0.86089 0.59775 2.35837 -0.30591 0.21112 0.09774 -5.71632 -10.95996
-1.70284 2.11307 1.3896 -1.28399 -0.56472 1.98705 -0.10431 0.53453 -3.81802 -8.40259
-0.2784 0.07343 0.12693 -2.69758 -0.58628 -1.23533 -1.94698 1.86397 -2.72817 -8.33648
0.85704 -1.23046 0.23876 -0.10016 -0.66008 -0.08362 -0.75959 -0.24929 -3.75902 -8.85724
2.87713 0.17017 1.76362 -0.63577 1.31518 0.87393 -0.55733 -0.38258 -4.33562 -8.32911
2.16994 -0.68786 -0.28436 -2.42222 2.70408 1.01015 -1.73267 -0.87334 -3.21153 -9.29562
1.5223 -0.44942 1.12323 -2.0832 0.48065 0.39048 -0.86645 -1.83118 -3.80031 -11.47015
1.19343 -0.56771 -1.26077 -2.70844 -1.33836 -0.20365 1.55325 -1.06874 -2.96835 -12.39945
0.38014 0.15172 0.23073 -3.09561 0.5412 -0.89481 1.23741 -0.73866 -5.09148 -11.27065
2.04696 -0.28972 0.10073 -3.40502 0.73686 0.33569 2.89044 -1.54693 -4.71558 -9.80798
-0.12761 0.76894 -0.2353 -2.49057 1.03137 -0.917 -0.15285 -3.436 -6.42441 -9.37234
-0.68833 -0.67515 0.08799 -4.19756 -0.68141 0.21747 0.85285 -4.53527 -7.02523 -9.16749
-1.88089 0.27875 -0.06765 -4.00654 -0.9876 1.20391 0.61664 -4.4892 -4.94997 -10.56361
-0.15601 -0.53096 0.94886 -4.01438 -1.13686 -0.92728 1.52911 -4.24318 -3.57553 -12.44869
-0.49362 -1.51401 -0.72456 -4.0238 -1.18677 1.2021 -0.94917 -3.18549 -6.97279 -12.77962
0.72129 -0.70223 3.41367 -4.59083 -1.22634 -2.02771 0.05296 -1.52729 -5.72792 -11.81353
-0.59464 -1.41395 -1.31295 -5.18267 0.47295 0.84179 0.78622 -1.19909 -6.02361 -13.27651
-1.83773 2.17715 0.81232 -5.55706 -0.7981 -0.74884 -1.24251 -2.28758 -7.51036 -12.13672
-0.84973 -0.94392 1.66162 -4.23143 -0.80308 0.27407 -1.97431 -1.48209 -6.85449 -12.6467
-2.72112 -2.95118 -0.24534 -3.16432 -0.3437 -0.89571 -1.0127 -1.64244 -8.73936 -12.28981
-2.03896 -0.04767 2.08053 -4.54629 -1.09519 1.48961 0.54598 -0.96727 -7.48351 -13.65551
-1.8754 1.23882 -0.23295 -4.36113 -1.16641 1.62769 -0.74102 -1.91707 -7.75718 -14.40574
-1.66911 -0.10417 -0.85772 -2.11188 -0.07598 -0.57621 0.92625 -1.79187 -7.8447 -14.9557
-2.70224 1.51217 -1.19604 -1.47312 -0.97355 0.00551 0.08356 -1.78697 -7.14242 -15.69688
-0.00343 -1.07994 0.00449 -0.31578 0.14528 0.5985 0.47243 -1.15595 -6.3101 -15.2286
0.45906 0.16776 1.91371 -1.22317 -0.83728 0.22908 1.07869 -0.78607 -7.71073 -14.41558
1.64961 -0.65685 -0.25479 -1.28731 -1.3261 0.25809 -0.30486 0.8553 -6.69473 -14.10147
1.73332 0.11094 1.62233 -3.0873 -1.59984 0.38996 0.97782 0.4696 -6.93721 -14.48522
0.93856 -0.32976 0.26297 -4.2716 -1.35953 -0.79161 0.57176 1.02787 -6.09231 -12.39357
2.24858 -0.40294 0.87701 -1.93561 0.67596 -0.85645 1.35898 1.60707 -7.5739 -12.69711
1.23641 0.45726 -0.15078 -1.08051 0.30116 -0.57102 0.46076 2.48057 -7.27012 -11.99135
1.40804 0.7118 0.26917 -0.95107 -0.2461 -1.74662 0.05697 2.74897 -7.6562 -11.28303
2.2 -0.78942 -0.74502 -2.44916 1.60121 0.08404 -0.14122 4.29872 -6.94699 -10.98913
0.81677 1.45357 -1.46682 -1.99903 0.17415 0.19997 -0.51641 3.43377 -5.85406 -10.00546
1.30704 0.69575 -0.09884 -1.98345 0.56796 0.95202 0.44579 2.3821 -4.35445 -9.49223
0.40179 -0.38103 -0.3624 -2.24641 1.52917 1.24527 -0.1868 0.90735 -4.16946 -10.74075
-1.40072 -0.30834 0.01667 -2.01571 1.1354 -0.08198 -1.13513 1.45326 -5.05641 -11.16813
-1.86688 -1.54583 0.51071 -3.97729 -0.13476 -1.01304 0.26184 1.32014 -4.19713 -11.14019
-2.61504 0.48027 0.39881 -2.83292 -0.59414 0.37441 0.06196 0.60612 -4.38437 -10.85457
-1.91242 -1.07653 -1.75595 -1.10169 0.27898 -1.02617 0.45425 -0.56871 -6.70835 -9.76596
-1.74698 1.3507 -0.52511 -0.8481 0.14578 -0.59891 -0.2593 -0.1962 -4.66892 -9.88155
-0.83308 -0.21978 0.41972 0.10966 0.29639 -0.08824 0.40815 0.39624 -2.80402 -10.70121
-2.06021 -1.54911 0.73521 -0.43741 -1.17115 1.22007 0.39953 0.32189 -4.91303 -10.89753
-1.46486 -0.0824 0.39851 -0.86297 -0.94621 0.69159 -1.25479 -1.18448 -4.04317 -11.03811
-0.75786 -0.99067 0.10458 -0.0039 2.23692 -1.18125 1.27744 -0.40372 -3.86876 -9.70738
-2.54312 0.74412 -0.01318 0.56216 -1.57797 -1.75934 -0.59079 -1.18183 -2.84823 -8.98237
-3.46253 -0.87054 -0.64889 -0.01094 0.62897 -1.73742 0.58815 -0.93093 -3.18067 -8.10797
-2.20467 0.27662 1.49039 -0.26951 2.65642 -1.67264 0.32702 -1.35526 -3.80481 -6.86933
-1.73577 -1.12997 1.58889 -2.66391 -2.3168 0.77643 -0.36057 -1.54847 -3.80336 -7.17531
-2.45393 0.89005 -1.18914 -3.78472 -0.55455 1.39993 0.38058 -1.31779 -1.47197 -6.45631
-3.11684 -2.44636 -0.83654 -4.06442 0.10713 -0.64644 1.35353 -0.62441 -5.38578 -6.28953
-3.54601 -0.50785 1.4365 -4.27769 0.51891 0.46184 0.14062 -1.93482 -4.37489 -4.97263
-2.93127 0.43055 -1.50922 -2.58515 0.4118 -0.84681 -1.4023 -3.27776 -4.04393 -6.63699
-1.61421 -0.3759 -0.41124 -1.4415 1.4632 -1.6797 -0.05032 -2.6212 -4.35696 -6.02282
-1.25079 1.0704 -0.27369 -1.96114 -0.8327 1.67204 0.92968 -1.85307 -5.44226 -5.90612
-0.5817 -0.23984 -0.26913 -1.49087 -1.90142 -3.30224 -0.67102 -1.96182 -3.28147 -6.23096
-1.32621 -1.51942 -0.51655 -1.88586 -3.53469 0.52819 0.69183 -2.23416 -3.34092 -7.06803
-2.88547 0.7308 -1.34531 -0.05584 -0.65315 1.15226 -1.45559 -2.45729 -1.389 -6.6156
-1.92799 -0.86047 -0.63061 0.0532 -0.24794 0.5295 0.47535 -0.79511 -2.95867 -6.33807
-2.011 0.14842 0.44379 -1.62214 1.25689 -2.0016 0.85556 -1.95716 -2.56921 -5.95775
0.25779 1.40991 0.48719 -1.59828 -1.08049 0.50904 -0.30969 0.1602 -1.99724 -5.76419
0.09716 0.10511 -0.91863 -0.13588 -0.55363 0.76802 0.91666 1.34682 -1.42319 -5.66977
-0.07637 -0.22083 1.44151 0.45323 -0.60896 1.26154 0.31519 1.47891 -3.91359 -3.94041
-1.2436 -2.11846 -0.1712 1.37599 -0.09298 -0.90763 1.33926 1.31216 -2.5093 -4.84907
-1.47927 0.41303 -0.37005 0.68177 0.34599 2.30062 -0.15758 0.67629 -2.87039 -4.38735
-0.61123 1.87324 -0.28597 0.78011 0.12979 0.58927 0.62708 0.04437 -1.34857 -3.22369
-0.20928 -1.29118 0.28876 0.51303 0.76855 1.09481 1.02971 -0.9321 -1.0672 -3.94878
-0.92541 0.93982 -1.28897 1.26346 0.96187 1.63773 1.1312 -1.34824 0.33931 -2.79909
-1.33462 1.68285 0.78898 1.92705 1.63162 0.60681 -0.0607 -1.44702 0.12656 -0.68424
-1.12034 0.27344 -0.86103 3.37816 0.00985 -0.93912 0.59645 -1.32359 0.65711 -0.01767
0.94385 -0.04091 0.87006 4.18477 -0.23691 -0.15434 -0.72671 -3.72724 0.83218 1.16494
-0.65529 -0.59057 1.16486 3.55652 -0.42622 -0.2671 0.20887 -5.04513 0.83273 1.57608
-1.3799 -1.12209 0.54229 4.94143 1.69938 0.43002 1.72638 -5.57988 1.47412 2.59072
-0.8623 -0.95623 0.49582 2.40263 -0.26842 -0.75649 0.43231 -3.03231 1.90329 3.17424
-0.14367 -0.60646 0.24306 1.29461 -0.50451 0.32713 -0.42598 -1.99763 3.10476 5.03334
0.40374 0.35803 1.42744 2.7771 -0.72543 -0.49168 2.27912 -0.83272 3.81638 6.47931
0.11437 -0.16781 0.28567 2.25953 -1.36756 0.71258 -0.15805 -2.18408 2.78845 6.60828
-1.31746 0.8371 1.62372 0.89764 0.4595 -0.85023 -0.71879 -2.33125 1.59478 5.92414
-1.03334 0.16375 0.10333 1.38487 -1.84508 -0.02983 0.88386 -2.33275 2.17894 7.49687
-0.58858 -0.90495 2.09144 1.5652 -0.56379 -2.1325 0.2844 -2.37499 3.92941 6.17494
-0.18569 1.39641 0.64102 2.47585 -2.04895 0.23278 -3.31398 -2.8416 2.82598 5.42383
-0.46454 1.19454 1.67545 3.12164 -0.36446 0.47802 -0.71354 -2.23676 3.11472 7.22835
-0.86607 -0.62595 0.65967 2.19801 -2.13246 0.2175 0.4222 -3.47083 4.23943 6.92726
-1.67147 4e-05 -0.53386 0.27097 -2.49457 -1.3241 1.61307 -3.25926 4.06693 6.30235
0.2261 0.54857 -0.41932 0.06592 2.10207 -0.30476 -0.10538 -3.12546 2.58591 6.51066
0.00382 1.62055 -0.93413 1.38892 -0.29104 -0.25694 0.41824 -2.141 3.15115 6.7897
-0.16754 -2.11647 0.71735 2.71265 -0.84729 -0.83774 -0.45872 -3.55445 3.27973 9.52004
-0.88381 -0.84634 -1.24787 3.84051 -1.89892 -0.78017 0.44632 -1.65019 5.11854 9.24563
-0.4623 -1.32599 -1.21099 2.24329 -1.90021 -0.5015 -0.65399 -1.84133 5.92346 9.17083
-1.14943 -1.13751 1.1428 2.27702 -3.55593 -0.91969 -0.26145 -1.64762 5.03261 8.81109
0.07457 -0.25887 2.22189 3.283 0.11951 -1.03619 0.7827 -2.28119 6.45992 9.12882
1.27695 -1.65875 0.77254 3.13432 0.69463 1.14012 0.55212 -3.74669 5.2256 9.00263
2.10666 -1.43979 -0.91228 0.78294 -0.8559 -0.92351 0.66831 -4.14962 5.82891 9.1295
1.70702 -0.15044 0.33232 0.91854 -0.94242 -1.1934 -0.30169 -3.79302 4.92211 9.89118
1.48538 -0.14902 -0.17798 0.95973 0.03734 2.31807 0.50596 -4.43879 6.17395 10.73283
1.6969 -0.09712 0.07993 2.45082 -2.05807 2.35143 1.29368 -1.69127 6.77196 11.62148
0.36314 0.43162 0.35579 1.43853 -2.38351 0.65998 2.32833 -1.76659 5.75848 10.33727
-0.68365 1.39384 0.41774 0.43342 -2.8036 1.25348 0.74585 0.98422 5.15135 10.51324
-2.44623 2.21559 1.57929 -0.44455 -0.82829 -0.05339 -0.35098 1.31173 6.36325 10.01088
-2.17639 0.034 0.88666 0.13679 -1.85755 1.15304 -0.77636 1.34481 6.48154 11.08363
0.9727 2.61603 0.15965 0.01643 -1.44739 -0.34182 -1.58045 0.15416 3.43433 12.25801
1.81407 0.32206 0.32294 -0.05705 -0.07151 -1.42158 -0.94798 -0.38638 4.83755 11.67471
1.33295 0.73747 -0.10944 1.73058 0.15331 -0.26329 -1.31958 -1.11925 4.34644 11.89702
1.02439 -0.05371 -0.87107 2.51752 1.73341 1.54228 -2.12731 -2.00135 5.29835 9.46759
1.18036 -1.6377 0.83985 -0.30761 -0.08633 -1.03022 -0.39299 -1.13196 5.34539 7.39626
2.20436 -0.01169 -1.49251 -1.77996 -0.31266 1.16877 0.16368 -1.44542 4.29362 9.38495
0.37567 0.73163 0.91622 -2.2727 -1.21416 -0.90756 0.19572 -1.80688 5.13736 9.24961
0.65955 -0.82863 -1.14008 -0.95182 -1.4009 -0.52475 -1.38764 -2.73829 3.07268 10.91654
0.66516 -0.37225 1.56674 -1.23921 -0.00721 -0.33683 0.34335 -4.93742 2.13027 8.84408
0.1871 -1.41616 0.97075 -1.02385 -0.0357 1.4966 -0.59199 -5.05309 3.66141 9.47389
0.97595 -1.27145 0.07956 1.14928 -1.65579 -1.4189 0.3658 -5.04928 2.79094 6.38473
0.80486 -1.41596 2.29108 0.80692 -2.53256 0.93267 1.9567 -4.26824 4.05538 5.96892
-0.12888 -2.36187 0.77863 -1.87312 -3.01404 0.20147 1.64092 -2.33108 2.59954 6.62146
1.63166 -1.11449 -1.97081 -1.96196 -2.22934 -1.39889 0.63566 -1.44535 4.87696 6.43738
-0.03671 0.60465 1.40105 -4.11243 -0.4369 -0.35507 0.67897 -1.48619 3.26831 6.64332
0.70645 -2.65573 -0.24427 -1.98788 0.42031 2.23853 -0.44747 -1.15286 2.45519 7.30905
1.8666 0.50371 0.16844 -2.62809 -0.85378 -0.37133 0.02946 -1.31337 1.52263 6.19366
-0.671 -1.45359 -1.28773 -3.83271 0.38499 -1.20667 -0.91959 -1.76796 2.31977 6.14533
-1.0107 -0.06385 1.5808 -2.78371 -1.42694 -1.10343 -0.37545 1.00996 3.09528 3.94792
-0.49909 0.14051 -1.08268 -2.49004 -1.55834 0.21783 0.46576 -0.3959 0.88715 2.30556
0.2603 -0.09179 1.55619 -2.2873 -0.30277 0.64423 0.38977 0.50133 -1.73217 1.37808
0.10549 0.71984 -0.9293 -2.63729 1.94536 -0.60107 -0.42761 0.33247 -0.49855 -1.74338
2.23675 0.88692 -0.07761 -4.54632 1.64954 0.74996 0.67697 0.16694 -0.80869 -3.82748
3.12893 1.28518 1.3215 -4.8396 0.35703 -0.31392 -1.13357 0.89029 -1.10355 -3.21959
4.84953 0.46286 0.60306 -5.60826 -1.06681 -0.41486 0.26335 2.03012 -2.12197 -4.30343
5.83348 1.22527 -0.14729 -5.80929 1.01146 -1.11873 -0.47086 1.47538 -2.76932 -4.85488
4.89643 0.39244 0.55657 -7.03261 -0.85196 0.1555 0.76854 0.46599 -4.15828 -6.93953
4.37407 -0.49462 -1.56461 -8.61244 0.07869 -0.22062 0.4964 1.77752 -5.18538 -7.72524
2.40143 -0.33993 -1.41017 -9.0754 -0.88398 1.02739 0.9459 1.67214 -6.19856 -9.55547
0.83463 -0.24768 -1.16624 -7.96085 0.3493 1.46733 0.58074 2.0004 -8.41918 -10.70679
0.51961 1.35996 0.21703 -7.24937 -0.707 -1.48479 -0.07986 1.92378 -8.74052 -12.72391
0.23652 0.73192 0.2206 -7.33059 -0.58933 0.95706 -2.04451 2.73879 -8.23379 -12.95726
1.19984 -0.9318 -0.05316 -6.09888 0.81571 0.60068 0.13013 2.36252 -9.85935 -15.20786
0.60365 0.33517 0.20204 -4.92313 1.09321 1.43421 0.26357 1.94249 -9.76685 -17.38021
1.00848 -1.00085 0.70249 -6.78125 0.66465 -0.15055 -1.73233 1.00112 -10.0766 -19.03806
-0.731 -3.02854 -1.39658 -5.7756 1.35093 1.19643 -1.99276 0.51604 -11.25863 -18.36271
-1.11142 1.06212 0.14702 -4.73636 -0.27572 -0.22565 -0.45634 0.88287 -11.50058 -19.75026
0.01246 -0.61082 0.28008 -3.60747 -1.20159 0.942 -0.91261 -0.2177 -11.31106 -18.10226
