4.55951 0.54558 2.3214 -2.24499 4.54298 3.77567 3.12867 1.99144 -1.36822 0.87913
5.04793 0.51053 1.48624 -1.98215 2.70432 3.27065 2.12648 2.06738 0.70841 1.20191
3.8539 0.99366 1.54052 0.54252 1.31203 3.76166 2.82468 2.82944 -0.76192 1.67927
4.12722 0.80592 2.16488 0.61586 -1.26671 4.12566 3.07421 2.32957 -1.10561 2.88923
4.03166 0.83111 0.12334 -0.23022 -1.19329 4.13617 4.646 2.54386 -0.95643 3.51381
3.40268 0.83907 -0.82554 2.28095 -1.08541 3.12716 5.4519 0.74882 -2.22964 3.7274
3.5011 -0.28825 -0.54266 4.25361 -0.42602 4.83527 5.28602 0.64714 -0.1885 3.14364
3.45747 0.25274 -1.36456 2.88011 0.2294 5.6428 3.23275 -0.46189 -1.2358 3.12308
1.15854 0.21318 0.50825 2.1818 -1.55565 3.57271 4.17084 -0.58089 -0.1111 4.14837
1.63386 0.64071 -0.73032 2.05022 -0.6763 3.34759 1.80501 -0.1204 0.92095 4.33731
2.12134 -0.96767 -1.42129 2.44578 -0.89254 0.24681 2.59739 -2.01625 0.64899 3.84178
2.56379 -1.45429 -2.14613 2.70938 -1.66454 -0.93407 0.57403 -0.3276 0.48711 2.87928
2.80575 -0.22725 -0.14826 3.19724 -0.68208 -1.19738 1.68111 -0.53108 -1.37058 0.04866
4.21383 -0.56331 0.32537 5.64178 -1.61471 0.4133 2.16993 -0.39323 -0.62608 0.06969
4.34171 -1.36647 -0.03533 4.94447 -1.32187 0.93806 -0.09506 2.23312 -0.03695 -0.08109
1.93532 0.58467 0.56668 4.29788 -0.6686 -0.1563 1.88242 2.8043 -1.20593 -0.87625
2.40771 0.71406 -0.69435 6.325 -1.17161 1.17886 0.95024 2.15679 0.15254 -1.17753
4.03539 -0.62984 -2.44332 4.80117 0.25082 0.46812 0.34935 0.20432 0.04706 -3.6746
5.31022 -1.31053 -1.67689 3.83115 -0.8719 2.31902 1.89389 0.94235 -1.39125 -3.3541
5.37532 -0.53984 -1.69765 0.56 -2.14415 1.19142 2.06514 1.62361 -0.57006 -2.33762
5.71057 -0.04253 -0.22317 0.69382 -1.45554 1.48119 1.68614 1.08929 0.33834 -1.99484
6.32269 -0.51555 1.26582 0.2386 -2.20034 1.99578 2.75436 0.18397 1.23605 -1.7792
5.20987 -0.15136 0.31716 0.4976 -2.38667 -0.40214 1.55343 -1.52476 1.16696 -2.52915
5.58005 -0.5396 1.48471 -0.17012 -2.13876 0.86823 -0.21557 -0.91725 -0.30312 -1.26132
3.8458 -0.11199 2.12728 -0.33531 -0.28965 1.37679 0.42415 -1.70781 -1.64967 -0.65436
4.16241 -0.44775 1.42398 0.85785 1.18085 -0.05087 0.8412 -2.44511 -2.0394 0.11063
3.83846 -0.44285 1.26418 -1.92875 0.27133 0.76451 0.34052 -3.19776 0.22044 1.46879
1.75427 0.64759 0.35082 -1.614 0.63685 -2.03443 -0.16438 -3.11381 -0.27596 1.23335
0.85485 2.19684 0.00205 -1.49458 0.88864 -1.96692 1.19052 -3.76464 -0.3164 2.40391
0.16758 2.07568 0.36121 -0.48524 -0.25321 -1.26914 1.14152 -3.59817 -2.366 3.06331
-0.54224 1.83509 0.79346 0.19424 -0.15599 -0.88679 0.54298 -2.79884 -0.97163 3.4914
-1.67492 -0.82563 1.1299 1.17087 0.91487 -2.06213 2.40782 -2.26679 -0.26804 3.14902
-3.61151 0.04489 0.73337 3.11706 0.38354 -2.8729 2.24752 -1.22875 -0.26421 2.23623
-3.04168 1.01471 0.60165 3.01651 -0.38735 -3.23376 0.18635 -0.88969 1.23546 2.18509
-3.34164 -0.0085 0.26022 2.26698 0.77808 -1.63653 -0.82297 -2.51728 -0.78981 2.24034
-1.34181 -1.84683 0.18909 2.79776 0.17572 0.04986 -0.98351 -1.94712 0.47486 1.18112
-0.91114 1.83847 1.69246 3.73267 -1.88121 -1.8575 1.01256 -1.56755 1.19698 2.09816
0.34822 2.08475 0.13453 4.4855 0.68522 -1.09165 0.20163 -2.89093 2.21736 2.53817
-0.07827 -0.1663 0.01772 3.29074 0.12203 -2.02089 1.24165 -3.87725 1.01122 2.30405
-0.18241 -1.23886 1.35243 4.27803 -0.27327 -1.58563 1.98775 -0.85075 0.72926 2.20797
1.84992 -1.55696 1.36765 3.43251 -0.33147 -1.42976 0.05752 -1.23379 0.50845 0.23404
-0.28602 0.02468 1.73038 1.66938 -0.66208 -0.77884 0.41748 -0.8958 -0.86549 0.57769
1.17937 -1.08982 2.22082 1.21563 -0.17136 -0.42786 0.77543 -0.66288 -0.2704 1.08007
0.49212 -1.47241 2.14821 2.9426 -1.29544 -1.39297 -1.14648 -0.29777 -0.22798 -0.3832
1.39315 -2.48186 0.85551 3.64602 -0.73706 -0.24024 -0.82911 0.0874 1.89533 0.05476
1.03287 -0.79619 -1.16395 2.84953 -0.15585 1.0275 -0.20013 0.53084 1.61493 1.26238
0.9206 -1.5107 -1.65673 3.66872 0.84293 -0.65768 -0.26917 0.95829 1.78067 1.36318
0.55198 -0.04348 -2.44675 1.77366 -0.64202 -0.793 -2.871 0.82629 0.8921 2.316
0.88235 0.30822 -1.90836 2.53636 0.24211 -0.28972 -3.72554 0.70433 1.79552 3.2307
3.15875 1.27174 -0.86049 2.21547 0.92812 -0.55848 -2.86858 0.57106 2.57148 1.22526
4.93779 2.27849 -0.4613 1.60587 0.74816 -1.39746 -0.81504 2.30107 1.51123 -2.41785
2.93098 3.35817 -0.26413 2.07565 -0.0734 -1.13349 1.40234 0.98032 -1.24706 -2.91702
5.79648 4.30114 1.67993 3.12693 -1.38694 -0.10035 2.39574 0.35049 0.22452 -4.09322
4.51643 3.15775 0.06401 2.00943 -0.41142 1.36782 4.36958 0.40397 0.3624 -3.67927
3.73744 2.4382 -0.17154 1.6823 0.70422 -0.31103 3.86434 -0.52808 1.93197 -3.36428
2.46331 0.9515 -2.19918 -0.86703 0.4579 1.47983 4.6942 -2.29577 0.44531 -3.26585
1.41005 1.50705 -2.65352 -1.38186 1.98435 2.54187 5.38127 -0.84061 -0.55478 -1.96492
0.47708 2.76186 -1.95037 -2.60027 2.3865 2.23486 3.77313 -0.88305 1.51194 -1.36428
0.50493 0.88835 -2.70134 -0.12564 0.31063 0.95212 3.14718 -1.41534 1.11885 0.64828
2.83083 0.69183 -1.10018 -0.52907 0.87423 1.33869 2.13 -2.48101 0.77114 1.06758
1.48723 0.73656 -1.0538 0.1611 -2.07275 2.86354 1.95429 -3.8722 1.1215 1.7861
0.59292 2.17015 -0.4589 -0.75641 -1.36608 2.50422 1.16019 -4.43367 -0.88221 0.9306
0.65525 1.18494 0.43791 -1.89159 -0.85443 1.31356 -0.60573 -4.96441 -2.08898 0.08725
-0.06113 0.51578 -0.89419 -0.0954 -1.10749 -1.02085 0.67185 -3.28703 -0.19562 -1.42422
-0.01678 1.26002 0.27154 0.46702 -1.19222 -1.74431 0.26425 -3.7146 -1.38145 -1.87195
-2.02919 2.84908 -1.28255 1.4968 -0.22167 -0.83013 -0.69272 -4.41559 0.25057 -1.12538
-2.41465 2.00632 1.01421 0.33115 0.69879 -1.17688 0.42226 -5.69027 1.66189 -0.37582
-2.72154 2.0391 1.21029 -2.60739 1.06652 -1.95818 -1.19388 -4.70841 1.41414 0.81674
-4.21035 2.36535 1.13994 -2.8851 1.57979 -2.6601 0.27602 -3.84846 1.25778 -0.52856
-3.57681 0.91414 2.17959 -1.55027 0.44357 -2.05496 0.17721 -2.01263 -0.02758 0.2717
-2.64533 -0.30453 2.59604 -0.99233 0.87317 -2.62628 1.5755 -2.85709 1.39946 -0.28487
-3.49395 -1.95068 0.63011 -1.41757 1.92754 -2.94175 1.20896 -3.83577 1.54114 -2.59231
-5.25508 1.11766 1.24837 -2.27168 0.83254 -2.06508 -0.60011 -2.22279 1.01026 -1.2977
-6.21486 1.25394 -0.3587 -1.12942 2.00672 -1.1828 -1.5502 -2.04157 0.11627 0.26662
-5.69393 0.75067 -1.15224 -1.16423 1.50867 -3.56977 -2.94932 -1.68605 0.43386 -0.2013
-4.40673 0.35163 0.84492 0.54736 -0.22245 -2.79776 -3.65707 -0.71816 1.11114 0.70804
-4.57372 0.75045 1.78349 0.56981 -1.00746 -2.85727 -1.6031 -1.29972 0.19988 0.98109
-2.96844 2.06709 1.799 0.71602 -1.52869 -2.4274 -1.77142 -0.36949 -0.56233 3.24916
-3.38467 1.62506 2.28407 -0.77206 -2.23535 -3.28998 -2.02893 -1.47354 -0.46115 2.81906
-2.71755 1.30736 0.43987 -1.67483 -0.58306 -2.15976 -1.67038 0.20832 -0.81679 1.34525
-1.14574 1.58347 1.19045 -1.23895 -1.64454 -2.99702 0.13949 -0.60371 -0.10151 0.86495
-0.77326 0.20324 0.73445 0.21944 -0.56223 -2.3677 0.96821 -0.76678 1.01523 -0.11503
-1.51071 1.09413 1.89323 -0.90213 -2.46185 -1.67712 0.80781 -1.97442 0.90593 0.05791
-1.51619 0.03621 1.49475 0.23526 -3.15704 -0.80091 0.82901 -3.67554 0.22238 -0.21696
-1.63367 -0.01268 1.73337 -1.86009 -0.98962 -2.52931 -1.10215 -2.88454 1.85763 -0.09499
-2.0458 1.85991 -0.31699 -0.51136 -1.5532 -3.8526 -0.44242 -4.78379 1.85548 1.92096
-4.35759 1.51457 1.34495 -2.17379 0.0044 -4.19974 0.14705 -4.3251 0.96311 1.35025
-5.10177 2.17373 1.34494 -1.20636 1.92945 -3.55415 -1.61231 -4.51665 1.23606 0.86111
-4.47228 2.7989 2.02368 0.72317 1.91974 -3.57568 -1.25512 -1.92612 2.26692 0.75764
-4.56644 0.87256 2.00355 -0.29631 0.76374 -1.80506 -2.25143 -1.89092 0.81495 2.03841
-2.61659 -0.92473 1.47258 -0.59939 3.03917 -2.40713 -1.67776 -1.95667 0.62773 -0.0821
-4.27861 1.14297 1.61212 -0.42841 0.49642 -2.30388 0.63889 -1.32189 -0.30516 0.97824
-3.36013 0.94283 1.12964 0.9761 -1.61869 -2.16602 1.37511 -0.22653 0.39622 2.02221
-3.95414 -0.02265 1.04813 0.95942 -2.29829 -1.11441 1.28529 1.48287 0.5049 3.02847
-3.9813 1.51714 0.0944 0.64264 -1.33536 -1.08738 0.47891 2.42138 2.1101 2.46329
-2.81807 0.19638 1.27334 1.32716 -1.59722 -1.66881 -0.26221 1.57415 0.48345 2.23993
-1.99349 1.27665 0.50514 1.31307 0.33379 -0.02142 -2.69335 2.77816 0.60171 1.72923
0.87577 2.65307 -0.83882 1.54875 1.64822 -0.59549 -2.24072 2.67447 -0.04838 1.39959
1.10801 3.38253 0.0529 3.40806 1.00665 1.39043 -2.53312 0.87007 0.04954 1.8127
1.95642 1.37488 0.15926 2.54541 2.08051 0.4479 -1.55836 0.99162 -0.80576 1.36038
0.60639 0.87642 -0.86165 1.68935 0.76913 -1.74968 1.36837 1.66091 0.69351 -0.08003
0.74597 1.38841 -1.39508 2.77003 -0.41585 -0.53498 1.71853 -0.32729 -0.29036 -2.1921
1.31119 1.46159 0.72563 3.37768 0.34919 0.22964 1.59238 0.78686 0.11026 -0.94128
0.97026 0.92883 0.57885 3.1431 1.03437 -1.75199 2.62521 0.24611 -0.62735 -0.62699
2.83431 0.80674 2.17045 3.11763 1.05026 -0.04003 2.31728 0.3663 -1.21657 -1.1205
4.84078 -0.59579 3.01143 2.33994 0.91062 -0.51531 2.93821 0.13903 -1.08874 -1.66322
4.37265 0.69011 2.70668 2.30357 1.0178 1.77663 3.39843 0.51319 0.68997 -1.28311
4.3191 -1.29153 3.1192 0.68266 2.07589 1.88473 4.72336 -0.06662 0.60788 0.79662
4.31974 -0.54145 2.6493 1.395 0.08317 2.04253 2.81178 -0.02848 -0.67997 1.55171
4.12226 0.02594 1.51885 0.27172 0.73901 1.26 4.89402 0.10384 -1.57648 1.26793
3.64948 -0.01987 0.55821 0.65618 -0.0027 1.19756 3.66396 0.15395 1.12954 1.80569
4.25587 -2.07638 0.99585 0.95416 -0.92336 0.47666 4.5931 -1.27937 0.02295 1.53509
3.13784 -0.71545 -0.07544 1.72658 -0.90605 1.989 2.39796 0.99301 -0.68743 2.44118
3.19846 1.66077 1.08635 4.16653 0.76929 2.72629 4.22579 -0.72289 -2.26382 3.1489
2.50561 2.64517 0.23327 4.57657 1.09269 3.16518 3.23827 -0.44847 -1.27151 1.4787
1.78194 1.56376 0.47989 3.78377 -0.51467 1.28154 2.53528 0.24381 0.50985 2.15417
0.54797 1.76717 0.03304 4.74499 2.4066 1.29217 3.22565 0.39199 0.1988 2.52914
1.72315 0.47708 0.80472 5.25789 1.67339 1.01361 3.36804 1.17337 -0.6493 1.06699
2.77947 -0.47513 0.35287 6.10339 -0.1385 1.37747 4.27545 1.18054 0.51831 -0.64526
2.86542 -0.50048 -0.89526 6.93003 0.26294 -0.77261 5.89329 -0.72439 0.51379 -0.1154
2.79072 0.71314 -0.21742 5.7266 -0.31158 -1.42424 6.09054 -0.00429 0.90185 0.32349
3.56865 -1.40337 -1.01576 5.13091 -0.02231 -0.78438 3.44459 -1.05369 -1.66185 -0.73623
5.00385 -0.14965 -1.20777 4.63154 -0.68848 0.29275 2.17961 -1.17591 -1.13906 -1.38137
5.13725 -0.14701 1.21411 4.0713 0.57884 0.53785 4.28732 -2.17623 0.17003 -0.49621
5.4436 1.08776 0.12573 3.09218 0.07855 0.94965 3.47235 -3.78183 1.41675 -1.44363
6.41503 0.87315 -2.0141 2.29079 -1.51498 -3.73323 3.86707 -3.66367 0.0111 -1.04342
5.77566 -1.10584 -2.8661 2.91264 -1.52887 -1.73467 4.04045 -4.82703 0.09092 0.0204
4.40077 0.13798 -0.7345 2.94889 0.02952 -1.14389 1.98892 -5.39114 -0.0289 -0.67767
4.30835 -0.12543 -0.93583 2.64428 0.09358 -1.54004 1.66925 -4.25437 -0.19556 1.26283
1.00769 -0.19866 -3.26553 2.36683 -0.38357 -0.54473 3.18175 -3.2589 -1.54949 -0.04169
-0.61495 -1.11742 -1.88735 1.7038 0.25405 -2.41118 1.24535 -2.42398 -1.21722 0.03665
-0.89763 -1.6095 -2.14745 1.63566 1.16309 -0.99612 0.1864 -2.09997 -1.48626 -0.02429
-0.42776 -1.49726 0.09712 2.70017 0.09216 -0.2752 -0.42161 -1.5237 0.95068 -1.03072
-0.42189 -1.22126 0.4195 1.73185 -0.67322 -2.66387 -1.50358 -1.95847 1.59347 0.28815
-0.79992 -0.06604 -0.48773 0.31228 -0.85315 -2.36969 -1.45312 -1.12055 -0.532 -0.97937
-2.12957 -1.28777 -1.15019 -0.21071 0.01514 -2.46064 -0.01775 -2.08747 -0.32334 -0.90429
-1.87592 0.52816 -2.04818 -1.86416 -1.49603 -3.90619 1.16394 -3.18197 -1.74703 -0.61586
-1.31005 -0.24898 -2.11337 -0.8203 -1.90878 -1.1048 -0.6382 -2.51618 -2.76316 -1.03985
-2.97657 -0.69104 -0.28581 -1.48551 -2.75104 -2.1638 -1.61592 -1.61883 -0.81195 -0.23061
-2.25403 -0.85488 0.10776 -0.91516 -0.22262 -0.85206 -0.65076 -3.22706 -0.69855 -1.42141
-0.80117 -0.87039 -0.66458 -0.22207 -1.0814 -0.97901 -1.46836 -4.059 -0.74465 -0.32883
-2.36582 0.28833 -0.2705 0.88451 -2.74366 -1.98421 -0.00876 -4.27189 -0.01798 0.72925
-2.08575 1.3404 -0.15527 1.14448 -2.94384 -3.49573 -1.33142 -3.11507 -1.58391 0.56942
-3.73416 -0.46251 1.16992 1.60606 -1.8746 -4.47079 -2.52347 -4.19974 -0.07774 -0.20004
-4.07542 -1.66897 -0.44127 -0.14744 -1.53821 -3.38053 -4.6166 -4.68578 0.05437 -0.44746
-5.88376 -0.56072 -0.68964 -1.95809 -1.19964 -3.91489 -2.70531 -5.61296 0.27241 -1.16229
-5.65129 0.38868 0.07315 -2.17796 -0.10859 -5.36682 -2.86279 -5.7175 -1.12502 0.06302
-6.92258 0.07705 -0.93559 -1.51137 0.36406 -4.06752 -5.12513 -6.16613 0.78617 1.28092
-6.40523 1.76625 -1.60992 -0.04131 0.64511 -6.42801 -6.19774 -6.07035 -0.40468 1.00846
-5.68748 0.95764 0.85397 -0.57721 -0.05591 -6.60768 -7.3028 -5.98866 -0.15984 0.1952
-6.78896 -0.41945 0.44679 0.14927 -0.22027 -7.10165 -6.40793 -4.25697 0.14416 -2.2968
-7.98645 -0.36301 0.18124 -0.04206 0.06724 -7.24254 -6.66336 -2.93178 0.96816 -1.69314
-9.1682 0.89314 0.04921 -0.12813 0.85546 -8.20731 -4.76272 -3.51179 0.40371 -2.37478
-8.40126 2.26379 -2.15125 -0.86374 0.46867 -6.48587 -7.87374 -1.75937 1.27693 -0.33234
-8.28791 2.03266 -0.73826 -0.56063 1.81164 -7.14389 -6.69717 -0.76888 1.03851 -1.77348
-6.99229 2.68242 -0.97517 -0.06527 0.46846 -5.30409 -6.06529 -0.65954 0.33203 -1.65485
-6.80143 1.4121 -0.79159 -0.39805 0.55576 -7.16032 -5.2159 -2.01349 1.13758 -0.69671
-5.79234 -0.10803 -0.42223 -1.40102 0.02038 -5.43551 -2.77523 -2.15868 -0.49526 0.05048
-4.9249 -1.16466 0.09558 -2.42744 -0.91935 -4.39558 -3.39578 -0.14665 -1.20753 -0.02626
-3.86032 0.7131 0.26698 -2.49721 -1.45372 -4.60996 0.33156 -0.45964 -0.03946 -0.7633
-1.30637 0.32836 -0.47859 -0.8845 0.41528 -3.72321 -0.70247 -0.35161 -0.30276 0.21264
-1.5914 1.1992 1.52614 0.37415 2.27626 -4.25319 -1.18419 -0.56323 -0.78211 2.07605
-1.79088 1.12246 1.08526 -0.7848 0.44825 -2.28087 -1.24703 0.03888 -2.55163 2.02247
-3.28283 2.64327 -0.71367 -0.38471 -0.79227 -2.17097 -3.98451 0.27425 -0.40603 2.40456
-3.96904 4.07259 0.49292 -1.77478 -1.12588 -3.18676 -3.36862 0.1478 -0.379 1.87888
-3.75664 4.12254 -0.24973 -2.10201 -0.65549 -1.59076 -1.74034 -0.89162 0.20525 2.15183
-5.49849 1.86404 -0.90395 0.4165 2.28895 -1.45972 -0.77239 -1.3788 0.65062 2.29002
-3.65768 1.82072 -0.65322 0.42008 2.39317 -2.23496 -0.14336 -0.11449 -0.37909 1.28123
-2.88806 1.47003 0.62555 -1.00462 0.57706 -2.26997 0.09673 0.03486 0.0254 0.82181
-3.65147 0.54441 -0.23785 0.04542 -0.57469 0.01207 -0.74564 1.23443 -0.49154 0.69186
-2.17766 1.42405 -0.14169 -0.29843 -0.66918 1.06621 -1.02097 2.19332 -0.0723 0.17792
-0.5956 1.89072 -0.62643 0.23286 0.51 1.04741 -0.72523 2.65418 -1.15919 -0.92351
2.01031 4.16672 -1.39767 0.4206 0.78224 -0.50006 -0.15921 1.34091 -0.34783 -0.5703
2.59101 1.80621 -1.07944 0.50189 -0.39633 -1.07395 0.52648 0.3128 -2.18327 -1.6487
1.57606 0.84941 -0.96069 0.08899 -0.55953 -0.6085 0.76792 0.6377 -0.74801 -1.23456
1.89491 0.54145 0.65584 -0.91329 0.5236 -1.92637 2.56842 1.35514 -0.73364 -2.31668
2.71092 2.18102 -0.43003 0.17352 -2.04924 -2.22123 3.19837 0.03306 -0.2071 -4.41962
3.48034 0.26116 -0.16816 -0.36895 -1.3395 1.80375 2.75241 -0.1693 -0.18232 -3.23675
3.23388 0.29323 -0.10775 -0.44423 -0.08291 2.26895 2.11168 -0.18311 -0.07204 -3.80215
2.86668 -0.31129 1.17137 0.56314 -1.79042 2.50311 1.40863 -0.98779 0.96829 -3.69231
1.70093 -0.11202 2.13231 -0.30986 -0.67658 2.96102 0.35945 -0.18184 1.30809 -2.66735
1.39335 -0.71502 1.18823 -2.02016 -1.00908 0.88938 0.11283 -0.64411 2.18181 -2.55176
1.67073 0.53481 -0.46846 -1.87799 -1.19363 0.24558 -1.01393 -0.17413 0.25951 -3.95885
0.36318 -0.0813 0.23583 -2.42167 -1.70482 -0.35678 -0.90196 -0.45488 -0.6605 -4.71845
1.27627 -0.55666 0.41866 -2.86978 -0.3712 -1.26383 0.49407 0.63922 -0.68387 -5.6257
1.98862 1.60554 0.28524 -3.5866 0.11369 -0.27037 -1.0012 -0.09924 -0.41589 -4.55727
2.23806 1.67033 0.46939 -3.87714 1.82221 -0.34131 -2.18706 0.4099 -2.84222 -4.58276
0.92655 0.62653 1.14886 -6.04646 -0.3595 -0.89045 -0.80241 -0.087 0.27217 -3.26473
1.91748 1.72316 1.93422 -4.03338 -0.99296 -0.08084 0.93644 0.55005 -0.77392 -3.36288
0.31598 -0.14333 2.71152 -5.10576 0.21864 -0.1203 0.93469 -0.79422 -0.77512 -2.79818
-2.21264 -0.82261 -0.30403 -5.01661 1.42934 -0.92135 1.45127 -1.18902 -0.82021 -0.20991
-1.84573 -0.35236 1.00783 -6.17561 0.78394 0.68439 1.42048 0.215 -1.22396 0.25702
-3.7781 0.79072 0.26172 -6.89433 0.45473 1.14112 -1.64237 0.11637 0.15225 2.75865
-2.90173 -1.19692 0.24581 -3.9644 0.88463 0.79049 0.05594 0.29789 -0.69761 2.38969
-4.1771 0.37212 -1.48799 -3.70169 0.97358 0.86308 -1.97399 0.70121 1.04967 2.19122
-4.60417 0.36189 -0.42333 -1.89739 0.83583 -0.5498 -3.17018 1.71836 -0.0771 1.6575
-5.71948 1.25976 0.72022 -1.69697 1.49643 -0.39538 -3.5533 0.46246 1.50783 1.11838
-7.53391 0.65545 0.78824 -0.43799 0.43504 -0.55891 -3.54836 -0.1947 0.32044 3.06149
-8.65714 1.21837 -0.02289 0.75738 -0.0688 -1.00161 -4.04144 0.37995 -0.33209 2.26682
-8.44725 -0.50451 -0.86938 0.54825 -1.79762 -1.91607 -3.75883 0.41827 -0.75658 1.49425
-4.90261 -0.36921 -2.31532 0.67087 2.06895 -1.45488 -2.33359 -1.55303 0.11861 1.74031
-3.07746 -0.92824 -2.85154 0.43649 0.83963 -1.51658 -2.3053 -2.16517 -0.06343 2.36436
-1.8765 -0.57216 -2.80078 1.18778 1.11572 -2.48919 -3.23322 -1.04209 1.96327 1.22087
-1.01278 0.64235 -2.64255 2.03716 2.01697 -1.57699 -3.96399 0.60697 1.01321 0.02854
-1.77506 0.68795 -0.97714 2.58635 2.51835 -1.6412 -1.52714 0.61468 1.33625 -1.14614
-1.5854 0.72688 -1.08441 2.37957 1.32601 -0.8985 -3.18472 1.97996 1.0124 -2.9079
-0.94011 0.3042 -0.6633 1.81577 1.13627 -1.11986 -0.62381 1.57035 -0.98526 -3.08676
-0.16504 0.34504 -1.2155 2.39778 -0.09744 -0.72646 0.29604 2.92016 -0.23775 -3.20989
-0.38419 -0.33274 -0.5549 2.38659 -0.24961 -1.37436 0.43261 1.00505 -1.1975 -3.47808
1.77443 -0.20881 -0.40368 1.3575 1.18917 -0.36886 -0.08324 0.69119 -0.19532 -0.72865
4.07359 1.44031 0.58342 1.4268 0.38287 -0.02048 0.93171 2.15311 0.00954 -2.10634
3.96109 2.55436 -1.20795 -0.00225 1.68042 0.83149 1.96961 1.90422 -1.36947 -2.7149
2.63461 1.61586 -0.26727 0.54056 1.32306 0.87442 1.10422 2.0592 -1.26312 -3.71452
1.96803 0.07087 0.31419 -0.23026 1.40789 2.01427 -1.63938 3.08449 -0.3415 -3.25441
0.77398 1.26815 0.78741 -1.16873 0.59764 1.42604 0.07657 4.44207 -0.0322 -2.57297
0.9394 -0.17857 0.14081 -1.6094 0.19001 0.99933 -0.28119 4.32011 1.54931 -1.84341
1.97084 -1.72766 -1.02865 -1.83118 -0.86476 -0.79403 0.05344 3.40484 -0.06302 -2.25445
2.3301 -0.7798 0.03662 -1.68792 0.40512 0.83021 0.52426 3.79562 1.43697 -1.06189
1.88889 0.69841 1.37844 -0.69375 0.41101 1.96513 -0.21598 2.8037 -0.72554 -1.22783
1.71107 -0.79521 1.36467 -1.83571 -0.35964 2.21826 -2.0627 2.1577 -1.02859 -1.34252
0.80777 1.56296 -0.47749 0.61416 -0.82343 1.93892 -1.073 2.81405 -0.96011 -0.57587
-0.09597 3.29943 -0.51513 0.86714 1.28589 2.20804 -0.74186 2.0745 0.69365 -0.29356
0.91473 1.9093 0.16528 0.28534 -1.00457 3.17017 -1.16191 0.16861 0.78706 -0.48808
3.03046 1.23996 0.03651 0.60397 0.43044 1.19014 -0.09631 0.79557 -0.97095 0.63167
1.82082 0.65846 -0.66931 -0.145 -0.87901 0.88882 2.31598 0.60426 -0.38745 0.07362
2.11481 1.36389 -0.829 1.74109 0.07577 -0.33945 2.66066 1.60537 0.72027 -0.08512
3.8986 0.89464 2.20765 2.59839 0.06503 1.15808 2.5703 1.56392 -0.99306 -0.90284
5.24179 0.30038 2.80491 2.13004 -0.44313 0.67449 1.02106 0.79629 0.78984 -0.09366
5.21491 -0.63727 1.17356 0.0074 -0.49973 1.66168 1.26633 1.24571 -0.30479 -0.17203
5.99401 0.77342 1.2932 -1.98265 -1.34223 2.14553 2.33489 0.86202 -0.85825 0.67159
5.34084 0.55432 0.50555 -2.6072 -2.10413 1.24194 3.58735 0.97802 -1.74596 0.8565
5.78183 1.46973 -0.5019 -2.1547 -1.31768 0.75906 3.29123 -0.2757 -1.09415 2.04457
4.06838 0.67728 0.97766 -3.02379 -0.0063 3.0551 3.64994 -1.91494 -0.11321 2.36517
2.13933 -0.60234 2.3709 -3.0899 -0.75605 3.78974 4.07955 -2.7757 0.02181 2.18268
2.17528 -0.61233 1.39085 -2.85056 0.0512 2.97445 3.00391 -1.259 -1.36815 2.29904
-0.96199 0.39921 -0.11835 -2.61414 0.53274 1.92778 2.00765 -2.65698 -1.05674 1.51958
0.18031 0.92674 -0.68476 -0.58675 -0.74782 2.90773 -0.38441 -1.44568 -0.21205 0.54098
-0.8971 -0.95771 -0.48047 0.39485 -1.46019 2.45744 0.83673 -1.79304 -0.65758 0.66467
-0.89643 -0.31148 -0.70545 1.90415 -2.07174 -0.55202 0.2573 -3.04153 -0.55393 2.49131
-0.90291 0.8679 0.43652 2.20338 -1.44143 -0.68294 -0.08058 -2.90519 -1.09903 2.3346
-4.11866 -0.78134 0.30206 2.53179 0.35974 -2.08109 -0.59338 -3.97096 0.66515 1.53247
-5.32784 -0.1454 1.95002 3.15101 -1.30647 -3.04638 -2.28298 -4.08186 0.36655 -0.31785
-5.28435 0.39257 2.03513 3.44435 0.0807 -4.01956 -3.53665 -3.20471 1.95506 -1.08939
-3.79934 -0.47311 0.2733 3.25013 0.24546 -4.53835 -3.43793 -2.90615 -0.12234 0.22734
-2.96636 -0.11893 -2.66617 2.60713 -0.21382 -3.82169 -2.189 -1.58547 0.05469 0.75376
-2.94312 1.13324 -2.795 1.76584 0.87101 -1.89764 -3.72751 -1.94507 1.20895 1.45606
-0.57721 0.23966 -2.94452 -1.40499 -0.82355 -2.26336 -3.08326 -1.74474 -0.36992 0.26012
-0.30017 -0.74883 -3.09919 -0.67931 -1.5531 -3.69416 -2.50041 -2.41568 -0.73452 0.44014
-0.3679 0.11643 -1.56159 -0.20265 -0.89541 -2.16668 -1.88638 -0.6193 0.04877 0.40948
-0.6521 -1.46 -1.16061 1.05905 -0.11322 -1.52131 -0.19752 -1.13276 -0.76979 0.06751
1.62625 -0.46809 -2.00958 -0.00921 0.81527 -1.16093 -1.36987 -1.8955 -0.58771 -1.94405
-1.75436 -0.82587 -0.45517 0.60775 -0.46948 -0.1912 -1.49051 0.22306 -0.9886 -2.81833
-1.9069 0.56015 -1.20768 1.58137 0.85015 -0.25872 -0.67113 -0.26462 0.18218 -3.36887
-1.22283 -0.99145 -0.37236 -0.01556 0.69856 -0.97002 -0.43633 0.13056 -0.0187 -4.28511
0.10615 -1.0438 -0.0529 0.21607 1.12628 -1.59128 0.62046 -0.53026 -1.85088 -4.58541
-1.17996 -1.48917 -1.08404 0.3842 -0.05577 -3.44356 0.20611 0.76795 -1.28025 -5.00436
0.26253 -0.03443 0.22657 -1.15938 -0.17006 -3.07899 -0.6041 -1.25905 1.62159 -4.69546
0.0102 -1.2386 -0.3149 -2.83052 -0.43082 -1.45273 -0.53215 -0.20652 0.97859 -4.82389
-0.63428 -1.76583 1.76814 -4.71649 0.28208 -2.30792 -0.22977 -0.50331 0.17929 -4.68883
-0.81367 -1.10119 0.67973 -5.55974 0.93529 -1.62931 -0.94657 0.81343 -0.04027 -4.35388
-1.72083 0.82396 0.3469 -7.09036 -0.79972 -0.96548 -0.06887 1.4429 0.53338 -3.3457
-1.87962 0.52366 -0.68677 -6.34105 -0.22048 2.08363 -0.99514 1.67762 -1.02717 -2.35431
-4.32252 2.23084 -0.00436 -5.10004 1.00185 -0.06866 -3.42978 0.65956 -0.21953 -0.78565
-5.98747 0.00642 -0.53953 -4.86428 2.45325 0.90155 -2.55845 0.67232 -0.15684 0.40037
-6.01957 -0.39507 -1.50439 -4.71867 1.74063 -0.45699 -3.37495 2.23114 -1.92677 1.39017
-4.40916 -0.41892 -1.58978 -3.98013 1.58028 -0.64378 -2.68108 2.81885 1.3757 -1.84022
-6.81905 -0.38364 -1.17953 -1.79554 1.65606 0.38086 -3.10236 4.30877 0.17668 -3.43816
-5.11786 -0.16239 -1.748 -1.96292 2.45434 1.33706 -4.18101 3.45731 -1.82177 -1.96317
-4.23589 1.31035 -0.71593 -2.51839 1.14198 -1.247 -5.76065 3.34123 -1.13335 -2.5295
-2.55265 2.31165 0.3188 -4.41129 0.46185 -0.25892 -5.46062 3.36616 -0.80708 -1.57638
-0.59653 1.27853 1.62487 -3.71273 -0.06134 0.29534 -4.62662 3.66272 -0.92088 -1.36566
-1.24765 0.29289 0.92272 -4.39944 0.42154 0.04921 -1.09022 3.09097 -1.00695 -2.17589
-0.39585 -0.0264 1.46501 -5.17559 -0.1976 -0.25631 1.15927 2.24741 -2.39806 -2.97533
-1.72252 -0.12828 1.93665 -4.0413 0.42231 0.70033 1.44306 1.82097 -0.71486 -3.11793
-1.5388 0.35124 0.98511 -3.84862 0.17062 3.34335 -0.28931 0.51037 0.81566 -1.81959
-2.08656 -0.87416 0.5688 -4.56566 0.72446 3.50268 -0.38517 0.19018 2.27383 -1.09454
-3.82581 -0.42968 0.76376 -3.26526 -0.42397 3.7448 -1.00857 -0.20796 -0.03105 -0.07127
-4.13985 -0.30707 1.1161 -2.138 0.02206 1.31357 -1.66838 1.46311 -1.40556 0.57851
-4.30219 -1.53083 0.35935 -1.11546 -1.71687 -0.10688 -2.94382 2.88528 0.38788 1.45018
-3.15364 -1.23441 0.78129 0.02191 -0.02787 -0.31245 -3.2353 2.04304 -0.2943 0.01242
-1.95141 -1.83737 1.34796 0.76529 -0.64852 0.15769 -3.41931 -0.39561 0.85848 -0.62479
0.05032 -1.36706 0.81196 1.31439 -0.68631 -0.03118 -1.84182 -2.08004 0.81156 -0.77945
-0.49234 -0.89573 -1.84011 1.52696 -1.44321 -0.49143 -0.78481 -2.50749 3.24705 -0.69471
-1.03606 1.3404 -0.46148 2.27994 -0.65714 -3.87532 -1.61487 -1.19849 2.59555 -0.45594
-0.49129 1.17366 0.61186 1.17541 3.14719 -3.74299 -0.58021 0.42264 1.89938 -0.14205
-0.51386 2.69847 -0.02309 1.04248 2.66558 -2.19405 -1.03971 0.65601 2.02887 1.1189
-0.71435 1.67008 -1.7632 0.67832 -0.05341 -1.31354 -0.72035 1.65453 0.86879 1.69831
1.07648 0.65837 -1.54808 0.26137 0.5875 -0.56209 0.02801 1.89486 0.5607 2.02733
3.12772 0.3851 -0.58578 -0.31877 0.36521 0.86973 -0.28123 -0.88622 -0.81822 1.64043
3.09294 -1.37207 1.2149 0.84589 0.74475 -0.91996 0.75697 -1.99767 -0.41133 3.8708
1.36696 -1.13523 1.18108 0.75915 0.97963 1.43744 2.68422 -1.4673 -1.7161 4.31156
0.94048 0.32756 2.91725 0.65967 0.67608 3.31344 1.29738 -0.53195 -1.99202 3.78862
-0.46079 0.28352 1.4333 4.78498 0.89015 1.50411 0.64373 -0.25283 0.57501 1.89798
-0.62036 0.39062 0.95839 5.66641 -0.58875 0.69647 -2.24566 -1.98905 -0.75997 1.05944
0.14299 0.84901 1.67272 3.84142 -0.018 -0.04181 -1.03457 -1.86594 -1.64578 1.39995
-1.24351 0.70202 1.98415 3.77533 0.37063 0.67568 0.31877 -1.15751 -1.27045 1.81565
-1.51955 1.57421 -0.70057 3.85527 -0.21477 -0.53669 0.78881 -0.22456 -0.5122 4.01967
-1.12281 1.036 -1.81747 2.52523 -1.62579 -0.2528 -0.9535 2.98641 0.53492 3.60566
1.02916 0.66513 -0.84525 1.70227 -0.60002 0.08691 -1.62612 3.37413 2.25474 2.39317
3.01432 1.71724 -0.35102 1.80214 0.3025 0.99067 -1.0369 2.26809 -0.24636 2.95128
