-1.06089 5.8318 1.93533 -4.58877 0.0539 0.5876 6.60743 -0.36098 0.53294 1.62899
-2.70851 5.05055 0.65486 -3.82417 1.52429 -0.47464 5.2516 1.17564 1.48882 -0.13258
-1.21864 4.5623 0.70907 -2.6209 1.09294 -0.24953 5.57171 0.47833 1.6059 0.81162
-1.2053 4.00705 -0.24298 -1.43942 1.55656 -1.74243 5.77413 2.45207 0.69193 3.7737
-1.71254 4.11241 0.30349 -0.43038 0.50639 1.56613 4.64238 4.04278 1.95219 2.03806
-1.02315 3.74618 -2.04411 -0.65738 1.08106 -0.21491 3.69385 3.53121 2.85855 4.17453
-0.81586 2.30308 -2.44874 -1.01257 0.48465 -0.42094 3.29093 4.40795 1.27153 0.06228
-1.54316 3.19424 -3.10796 -1.20658 1.23346 0.78432 4.40533 4.48045 1.70545 0.96058
-1.98226 2.88546 -2.07305 0.24043 1.37109 0.36122 3.19312 4.19681 1.05888 1.57784
-2.49008 0.98102 -2.8191 -0.16346 2.5334 -0.45807 3.2306 4.09245 0.3023 1.13816
-2.69716 1.79297 -4.98473 0.90204 2.31835 0.30211 3.22408 4.63218 0.25557 1.58077
0.52239 -0.42593 -3.93485 0.04171 -0.25195 1.77086 2.56052 5.45179 -2.58472 1.18912
1.29174 1.01071 -4.53101 -1.38729 0.81633 -0.729 0.55434 4.19569 -2.69345 2.63962
-0.08041 0.85258 -2.78075 -0.28881 2.0984 -2.21683 -1.4169 3.49081 -3.74736 1.58698
1.68279 1.30624 -2.03883 -2.66958 0.34096 -0.06805 -1.14152 1.23478 -2.64393 0.30206
-0.1733 0.25813 -1.94151 -3.33148 0.0347 0.01186 -0.44807 1.85832 -1.45495 0.17803
-0.97332 0.33844 -2.74269 -1.8851 -0.02483 -0.94997 -1.5404 1.64253 -0.79459 0.00515
1.26289 -0.75772 -3.30174 -0.09716 2.11352 -0.66915 -3.49035 -1.62826 0.12592 1.00293
0.60416 0.38452 -2.08169 -0.64251 0.13023 -1.3517 -5.28685 -1.4233 -0.73079 2.56494
-0.21313 -1.00915 -2.39121 -1.47857 0.07729 2.53348 -3.92009 -1.63385 0.19624 -1.24714
-0.91145 -2.77115 -2.93808 -0.25427 1.35228 0.62724 -4.93505 -0.47304 -1.80338 0.64933
2.22614 -0.57591 -2.44681 0.17086 -1.58109 -0.98697 -4.50683 -1.8367 -1.29076 0.72873
0.47244 -2.56669 -3.113 -0.9249 -1.68576 2.16217 -4.62518 -1.44391 -1.10739 -0.06108
0.26207 -2.77974 -1.40785 0.61583 -2.64121 -3.45261 -4.79899 -1.89722 -0.02807 0.75654
0.11396 -2.06578 -1.38846 0.78692 -3.02963 1.42929 -4.58771 -1.54229 2.04327 -1.21003
0.69506 -2.21331 -2.04931 0.32 -2.23232 0.01916 -7.15882 -2.64217 0.16595 -2.71731
-0.1151 -2.76175 0.49464 0.01568 -0.05166 0.29149 -7.63805 -4.22811 1.12672 -0.76137
-0.07481 -4.00262 0.78676 0.04632 -1.48732 1.24694 -7.68357 -3.76486 -0.50525 -1.26488
-1.66558 -2.6966 1.42688 0.88352 -2.43754 0.94134 -7.06661 -3.70957 -0.00618 -1.50358
-0.01146 -2.90422 1.67146 0.60017 -0.92793 -1.0523 -6.47246 -4.6778 -1.67433 -2.3812
-0.75005 -5.04181 -0.10344 -0.68009 0.93284 -0.60246 -6.88749 -3.15629 -1.05744 -1.09216
-0.64071 -4.84337 0.21712 -0.74331 -0.74667 0.18731 -8.20083 -4.36279 -1.25726 -2.21889
-0.40648 -4.81508 -1.62081 -0.40113 -1.62079 -0.3206 -7.86725 -2.40555 -0.28682 0.17972
-0.03033 -5.20774 -2.54211 1.57385 -2.82983 0.1936 -6.64554 -2.63044 1.19357 -0.22195
1.89503 -3.72085 -1.85488 3.15387 -2.04936 -0.11107 -6.38013 -4.53438 0.62094 -3.01979
1.35849 -3.04306 -3.49855 2.47279 -1.12788 -1.55093 -7.09865 -3.67055 0.72409 -3.69674
0.94691 -3.02052 -2.25209 0.9433 -2.36068 -0.29277 -5.18393 -4.35456 -0.48094 -2.23865
0.0741 -1.78247 -2.30915 1.81951 -1.56278 3.28451 -4.58333 -2.35893 -0.18521 -1.46062
-0.80493 -0.92598 -3.39303 1.03839 -0.80818 0.51605 -2.87062 -1.63649 1.29444 -1.2924
0.77518 -0.33353 -1.87117 0.2209 -1.69695 1.53463 -1.88712 -2.38066 0.34565 -1.09225
-1.67465 -2.51894 -1.11536 -0.12248 0.83282 0.01895 -3.31612 -0.93379 -0.86447 -1.02432
-1.63052 -0.18071 -0.74965 0.37508 0.48018 1.89812 -1.76426 -2.68774 -0.17674 -2.19941
-0.75391 -1.31006 1.48533 3.41185 0.64479 -0.79403 -3.08712 -0.20537 -0.41594 0.18055
1.31426 -2.67753 2.83304 3.89106 1.01487 -0.17639 -3.21808 -0.44292 1.13216 0.38301
3.63652 -0.56389 2.16531 2.21102 0.47494 -0.42633 -2.21147 -2.2768 0.93015 -0.32285
3.19493 -0.95965 2.48995 2.27713 0.34645 -1.02867 -1.98063 -2.22873 0.56102 -0.26629
3.07625 -1.32524 3.43065 2.20667 -1.92421 -0.37964 -1.84064 -1.86003 -1.67713 0.214
1.21335 -1.10275 4.69604 1.81769 -0.65185 -2.8308 0.06769 -1.52637 -0.88872 -0.37599
-0.81629 -0.02826 5.25943 0.86016 -0.17498 -1.04159 1.43952 0.16528 -0.93551 -2.11969
-2.27077 -1.57795 6.04698 -0.15406 1.00159 0.2548 0.00596 -0.07608 -1.41857 -0.41468
-0.56129 -1.82044 5.60104 0.57357 0.51034 0.80986 0.14049 -0.22364 -0.53246 1.49485
-0.46259 -0.82388 3.47902 0.73512 -0.33682 1.93973 -1.44246 -0.99736 2.28269 -0.01797
-0.24622 -1.23339 4.53216 -0.22092 0.27697 -0.26059 -0.85884 -2.78425 1.21996 0.3004
1.23872 -0.13283 3.0164 -0.31812 0.62924 1.53338 -1.86516 -3.69626 1.40691 -0.10334
-0.28414 -0.98694 1.98013 1.7112 -0.34793 1.61746 -0.31406 -2.85449 -0.75444 0.88191
-0.35463 0.50234 1.02802 0.87551 1.37285 0.05906 1.4715 -1.99258 1.68302 -0.37643
-0.20488 0.67956 0.89463 -1.47925 1.87912 -0.02216 2.73375 -0.76082 0.14203 -1.14397
0.43049 -1.25276 -0.90835 -0.60133 1.46558 0.34459 3.00574 -1.32759 -1.39611 1.3735
-0.4119 2.2567 -1.04447 -0.59309 -0.5618 0.96723 3.89192 0.31758 -0.95467 0.47426
-0.99124 1.56475 -0.9541 0.13532 1.15186 1.60289 4.55078 1.28632 -0.02943 0.90968
0.33139 3.27222 -1.37215 -1.40781 1.67111 -0.30246 4.84842 -0.69119 0.11821 1.49897
0.66891 3.568 -0.96383 1.4331 1.69001 -0.00317 5.72361 1.27815 -0.16368 -0.82474
0.44066 2.56527 0.27106 0.88107 1.95754 -0.54847 5.06791 1.5257 0.24537 1.51242
2.16138 3.00167 0.46555 2.2752 3.57774 1.74466 3.38888 2.4028 0.63747 2.52471
1.28715 3.67571 -0.06665 1.16123 1.59173 -1.17214 2.69821 2.11344 -0.60376 2.98944
-0.12172 2.18354 0.89454 0.40226 2.72975 0.64888 3.19895 1.61024 0.25089 2.81206
-0.99843 1.90918 0.19768 -0.17502 0.37559 -1.30172 5.69591 2.17166 1.17256 3.79625
0.11425 0.93172 1.12359 0.78977 -0.4257 -1.25505 4.34887 -0.25163 1.54934 1.02393
-1.1496 0.10234 0.72668 1.94058 1.48373 0.21307 4.76636 1.284 2.25581 2.43759
0.40882 1.97854 1.51908 1.64339 0.24777 -0.82963 4.80894 1.72352 1.04353 -0.00022
0.06146 0.61917 0.48348 3.21063 1.36408 -0.50457 5.94925 1.92202 1.61877 1.3364
1.86169 0.35486 1.54736 2.60247 1.68609 -0.40254 6.6844 -0.11173 0.84655 -0.08831
2.4619 1.40711 3.36553 2.60497 1.18437 -1.00366 8.12223 1.53865 -0.06214 0.71783
3.85602 1.66673 2.52268 1.98066 0.42898 -2.39859 6.90059 2.78959 -0.02127 -0.62123
3.21979 1.74762 1.78456 0.72582 1.25536 -0.70401 7.56682 3.66833 0.46174 3.68148
1.64533 2.39717 4.11354 -0.89708 2.15586 -0.86632 8.97286 1.6686 0.69679 -0.34825
0.26405 1.79032 4.28676 -0.91528 1.06072 1.47645 8.47331 0.62077 0.82444 2.63336
0.10207 3.98712 3.44407 -1.95043 0.75562 -0.81801 9.02249 0.97084 -0.57332 2.3519
-2.20197 3.52086 3.73951 -1.41443 0.81317 -0.40496 8.2686 3.12712 0.09949 2.02809
-2.22988 3.43321 4.22562 -1.9987 0.29411 -1.16897 6.78692 1.20652 0.07922 1.38399
-3.04777 4.82445 2.45745 -1.84686 -0.15019 0.31097 7.42884 3.21663 0.27127 1.84338
-2.21531 1.70434 1.14837 -1.0684 1.7898 -0.84926 7.59231 2.68581 0.08911 2.75756
-1.63721 3.3986 -0.37641 -0.89724 0.77634 -0.40084 7.19698 2.71242 -0.42155 3.6103
-1.38888 4.10388 -0.3674 -0.0938 1.48628 -0.76745 6.54546 2.48572 -0.43125 2.74174
-0.9532 2.66752 -0.68428 -0.22459 2.63991 -0.99301 6.40856 1.26308 -0.41269 2.76869
0.20155 1.70604 -0.16415 -0.50434 -0.18616 -0.25413 4.51958 2.31599 0.43929 2.07077
0.82061 2.27756 -0.1706 -0.33052 0.14244 0.53387 4.76035 1.37703 2.63027 1.5255
-1.02139 1.49066 -0.9737 0.65221 2.33705 0.80763 3.95044 2.2484 2.03204 1.20379
-0.5387 1.67899 0.71018 -1.24836 2.12146 0.71267 5.22287 0.85231 3.78674 1.13311
1.07909 1.6072 1.06779 -1.21556 0.59531 0.66 5.15148 3.07521 3.40253 0.23062
0.23269 2.331 -0.67753 -0.57567 0.63172 -0.12649 3.59881 3.61766 2.07044 1.99746
2.13761 1.64353 -1.98413 -1.66156 0.02085 0.60264 6.22677 3.03282 2.86186 0.20256
1.0159 2.75049 -3.11812 -2.35372 -0.48163 -0.26548 6.86512 3.75865 0.84906 -0.03201
1.02562 2.57552 -2.42854 -1.8826 1.16969 -0.42217 7.7224 4.21507 0.75929 0.66223
-1.23591 1.35067 -3.14622 -1.1697 1.10598 -0.25522 6.82017 3.27092 0.21645 0.84729
-1.80371 1.66162 -2.94745 -0.79473 0.03626 1.24983 7.13405 4.21736 -0.80032 1.45831
-2.80619 3.19496 -1.0139 -0.47071 0.18935 0.46093 4.62099 2.33702 -0.27539 1.40728
-2.03656 2.03041 -1.4372 1.16036 2.0103 -0.99701 4.30085 -0.04099 0.4701 1.11918
-0.80416 2.06426 -0.72762 -0.01165 1.08512 2.08648 2.10077 -0.03402 -0.55456 0.60035
-0.8436 3.24817 -1.49016 -0.02924 1.23248 1.71081 2.0565 2.82476 -0.71477 1.05285
-1.17218 2.83618 -1.22096 0.91295 0.78745 0.42718 1.14768 2.3512 1.41942 0.62659
0.16499 2.11449 -1.1722 1.14939 0.78645 0.4893 -1.69293 1.93327 0.94536 1.86397
-0.07973 1.48836 -1.52336 -0.94687 1.56077 0.52587 -3.85423 1.25261 1.9172 1.76289
0.25723 3.50545 0.06252 -1.7647 2.00207 0.12051 -2.29865 -1.10554 0.50612 0.7535
-1.70804 0.39688 -0.55953 -3.63115 2.83332 -0.78841 -2.00657 -0.14538 0.89531 -1.29939
-2.44219 -0.59039 -0.04694 -3.68868 1.39467 -0.72974 -3.27569 1.56714 0.4834 -0.31825
-3.48298 -0.26799 1.01646 -2.48094 -0.10788 1.76515 -2.56268 2.88237 2.35109 0.37439
-1.2728 0.87891 1.40278 -2.12706 0.1339 0.12885 -2.44124 2.79895 1.49624 2.20592
-1.17441 -1.83829 -1.25958 -1.49551 -0.11039 -1.26369 -3.09803 2.63232 -0.97368 -0.44113
-0.72947 0.17555 -2.73737 -3.42003 -0.17314 -0.85702 -2.32328 1.63232 -1.59823 -2.19726
-0.4777 0.49933 -2.2201 -1.30793 0.32775 -1.32565 -3.47788 0.88325 -3.12027 -0.98625
-2.37409 -1.44219 -3.61143 -1.20373 1.0178 -0.9033 -3.99395 2.86845 -3.34093 -0.94749
-0.61937 -2.78877 -3.97988 -2.96311 -1.03727 0.89295 -4.04363 1.2969 -3.18506 -3.01386
-0.76162 -2.04707 -4.12218 -2.76628 0.18659 1.88349 -5.79964 1.28062 -4.69295 -1.06198
-2.39479 -1.93097 -2.36292 -2.50079 -0.96993 0.3351 -5.55377 -2.52517 -2.94408 -0.39315
0.37205 -1.34129 -1.3789 -1.31923 -2.34946 0.22374 -7.37679 -2.38331 -2.66182 -1.53106
-0.70412 -0.62481 -0.06146 -1.36823 -1.44559 -0.00866 -9.10548 -3.52708 -2.10642 -2.66158
-0.03785 -1.90204 -1.43661 -1.62208 -0.06024 0.90262 -8.02619 -3.91539 -1.76232 0.05363
1.19567 -1.46421 -0.16528 -1.39288 -0.45179 0.74553 -8.4296 -1.44722 -1.67741 -0.90886
1.56563 -3.37896 -0.75918 0.49106 -1.10049 -0.24803 -7.98306 -1.75794 -1.13989 0.08717
2.10598 -3.34009 0.56674 0.46626 -2.18033 0.87596 -7.58451 -2.39472 -0.57039 0.56525
0.71947 -2.84827 0.97746 1.82569 -2.44728 1.32872 -6.7468 -1.96871 -0.18222 -2.42958
-2.2087 -2.29441 0.71683 2.32164 -2.06717 -0.03591 -4.06915 -3.12342 -0.55592 -2.22541
-0.10556 -2.75315 1.63533 -0.078 -0.95425 -1.50496 -2.4404 -2.76101 0.17526 -2.52371
1.97435 -1.95541 2.0975 -0.70958 -1.97186 -0.50611 -2.12243 -1.20442 -1.05609 -1.61395
1.00295 -0.86171 2.0552 -1.22493 -0.97644 0.9164 -1.36788 -0.92568 -1.29425 -1.99197
0.92005 -0.17055 3.37202 -1.1306 -0.8444 -2.21691 -1.01431 -0.79758 -0.84681 -2.24785
-0.48676 -0.35151 3.34979 -0.5088 -0.34862 0.71512 -0.83972 -1.61663 -1.00326 -2.90108
-0.91448 -0.31647 2.97159 0.15055 1.32034 -1.16377 -0.57631 -2.3042 -1.46385 -2.38896
-0.15817 -0.14844 1.3738 0.01049 0.71233 0.75357 0.95891 -1.60881 0.10312 -1.91131
-1.58741 -1.92302 0.68045 -0.25702 1.35413 -0.58145 0.21475 -1.53742 -0.18958 -0.50224
-0.58245 0.83898 0.70436 0.34384 -0.50516 -0.93758 -1.13555 -0.88912 -1.01392 -0.51085
-0.63346 1.57793 0.0565 0.2187 0.99083 0.27583 -1.30575 -0.62396 1.42541 -0.76905
0.36041 0.82312 -0.11635 1.51845 0.43956 -2.03614 -1.62354 0.48539 1.02131 -1.47932
1.30685 -1.52282 -0.15406 2.81987 0.30631 0.18144 -0.94683 0.03264 1.30563 -1.40982
0.39086 -0.27244 -0.50282 0.05955 0.2995 -0.52905 0.40109 0.7031 1.64926 0.42398
0.76651 -2.18487 -0.47945 0.14766 -0.66059 1.25017 0.62663 1.61808 2.58003 0.76851
-0.6291 -1.09724 -1.64563 -0.10557 -1.73621 1.16482 1.20902 0.73934 2.15339 0.19032
0.63095 -0.26533 -2.09363 -0.00089 -0.48184 -0.61491 0.82799 -0.80408 2.08911 -0.72776
-0.3796 -0.30115 -1.14981 0.80558 -0.16894 -1.24042 0.36693 -0.32235 1.56199 0.72328
-1.36394 -0.0319 -2.30405 -0.17823 -0.78531 -0.51585 0.28348 0.63801 1.77176 1.69665
-0.42477 -0.09689 -1.76932 -1.26704 0.43922 2.30391 -0.03112 0.67652 0.32838 -0.08983
1.16202 -0.4742 -2.07938 -1.64504 0.22723 -1.23693 -0.26706 0.94243 1.7483 0.50789
0.05332 0.01759 -0.6588 -0.37989 -1.64481 -0.49951 -0.47759 0.65972 0.76309 0.14469
-1.08997 -0.03162 -0.92916 -0.95581 -1.06525 -1.14503 -1.02609 1.11903 0.2025 1.08828
-0.144 -1.67715 -0.68459 -1.72108 0.27079 0.13043 -0.94812 0.36355 1.11693 -2.04374
-0.34572 -2.15003 -0.47247 -1.62693 0.39001 -0.03639 -1.35072 0.68932 0.6236 -0.41345
0.20115 -1.58319 0.13372 0.15427 -0.79125 -0.76613 -0.6205 -0.22984 1.27735 0.02635
-0.04749 -1.71797 0.48917 0.17499 -0.56639 -0.7842 -1.13585 -0.75967 -0.7203 0.45201
0.37774 0.3638 -0.8936 -1.06914 -1.21904 -0.0219 0.16715 -2.11867 -1.26758 -2.11787
0.57183 0.59169 -2.23285 0.80195 -0.40912 0.07425 -0.83922 0.20855 -1.52537 -1.7485
1.14272 1.60625 -1.7053 1.33455 0.58797 0.77769 -0.53518 -0.5256 -0.55655 -1.70409
0.46678 1.05471 -0.88059 1.61002 0.37574 0.94829 -0.69399 -0.01935 0.66308 0.74053
1.05907 -0.07644 -0.30126 0.53773 -1.33207 -1.11916 -1.12186 0.21007 1.71991 2.63913
2.59112 0.31923 0.87463 0.26938 -1.74369 1.33825 -1.3284 1.20352 1.83076 0.41342
-0.88541 0.67181 0.90829 0.38444 -0.34132 1.19031 -0.18849 0.09463 0.57369 -0.717
-0.19195 -0.53367 0.13471 1.72148 0.05913 -0.07535 -1.49519 0.92797 1.63648 -0.96797
2.03679 -0.59105 0.48219 1.18237 -0.16382 -2.03752 -1.509 0.60294 0.84307 1.03452
1.09627 -0.96079 1.65509 -0.66943 -0.67646 -0.26239 -2.30958 -0.20203 -0.20575 0.14311
-1.4246 -0.76259 1.841 -0.14926 -0.71567 -0.88192 -1.57857 0.1353 0.69972 -1.31808
-1.0732 -0.38993 2.03549 0.46921 -0.28548 0.33136 0.42401 1.70029 -0.43022 -0.46742
0.37245 0.01467 1.01714 -0.32572 -1.18226 0.80184 -1.06484 1.7321 -1.03739 -0.83641
0.71731 -0.2126 1.02483 0.62634 -0.1887 0.80356 -0.2908 0.94284 -1.82296 -1.27055
2.30535 -0.29853 0.64319 -0.36187 -1.9615 -0.59172 0.6825 -0.54749 -2.33445 1.77284
1.48884 -1.55611 -0.4132 1.60205 -1.02964 -1.6858 -0.80618 0.0786 -1.7659 0.86658
-0.8566 -0.2973 -0.55058 1.39633 1.37921 -2.13407 0.42498 -1.21293 -2.43989 -0.41351
-0.33182 -2.47182 -0.51358 3.25657 -0.79559 0.87917 1.31899 -1.81796 -1.13009 0.20191
0.23792 0.71502 -0.67154 3.53055 0.79338 0.10776 1.58917 -1.385 -0.20792 0.68268
2.17981 0.42847 0.58681 4.38316 0.01201 1.09598 -1.65929 -1.40566 -0.23566 0.18774
1.8842 -0.08455 1.01607 4.06378 0.92794 -1.42435 -2.96348 -0.03623 1.90863 0.48046
2.32942 1.41543 2.37238 3.11424 0.56566 -0.20169 -2.39489 -0.74638 2.38297 2.58605
1.21428 -0.74403 3.90529 0.81077 2.13065 0.16541 -2.29057 -1.51504 -0.65749 1.2375
1.47922 0.80015 3.37334 1.71993 1.19451 1.43235 -1.14508 -1.02702 -1.43799 -0.17087
3.57752 -0.39469 3.90301 1.60425 0.97759 0.34057 0.80183 -0.39235 -1.99622 0.43403
1.99387 -1.87182 4.27378 0.30298 -0.72381 -0.87209 2.70987 1.34471 -0.37605 1.15785
1.31563 -0.20482 4.57958 2.20931 -1.91542 0.94438 4.7425 -1.10271 -1.11118 0.24358
0.70051 -1.21233 4.81425 1.30145 -1.24587 -1.15807 5.03905 -0.04809 -0.88571 1.89355
-0.46603 -0.36492 3.8666 0.92839 -1.58928 -0.59237 5.55218 -0.89987 -0.16822 -0.33229
-2.51669 2.83712 4.20781 1.04841 0.36545 -0.64667 6.87341 0.18023 -0.18069 -1.94507
0.29475 2.08366 3.97711 0.76075 0.69282 0.24044 5.3671 -1.3142 -0.92048 -1.75853
0.52068 1.94873 3.83333 1.83679 1.02737 -1.20436 6.37265 -0.35591 -0.7674 -1.53872
0.57981 2.23811 3.53932 3.5898 3.45197 -0.90827 7.71108 -1.19295 0.55862 -1.63614
3.28358 0.88464 2.69418 3.32878 2.88169 -0.63176 6.69001 -0.5097 1.28904 1.05951
3.04566 1.37807 2.10905 1.97643 0.43549 0.87762 7.43338 1.23511 1.35275 0.6091
1.87137 2.0102 3.92922 1.70702 0.43002 -1.17153 9.65462 3.74032 2.90086 1.0869
0.58346 -0.1079 4.03561 1.16206 1.05385 1.1808 10.64462 2.59778 2.19635 1.55228
1.8129 1.04284 3.93158 1.00775 0.80411 0.92916 11.92132 1.15816 1.38083 0.72432
3.19976 2.77586 2.60715 0.39338 1.80174 -0.3483 15.24827 0.89344 2.36825 0.21283
1.52123 5.12172 2.62211 0.15537 2.49445 -0.31273 16.0324 1.33886 3.30121 1.48221
0.53281 4.62202 3.02497 -0.42751 1.05208 -0.99581 17.51988 -0.30547 3.26842 0.51278
0.80223 4.14296 3.44172 -0.80121 0.93453 -0.63793 17.64659 0.46011 3.67283 2.04867
-1.13835 4.78096 1.63498 -2.07247 1.33086 -0.30833 19.33714 0.35933 2.52799 0.08005
0.13091 4.51082 1.87644 -3.02188 0.77317 -1.09212 18.34767 3.02122 3.63233 2.55161
-0.26306 7.03274 3.93932 -2.78884 1.00894 -0.42428 19.35641 6.55909 2.99166 1.34189
-0.31953 8.76641 4.12401 -3.58929 2.50809 -0.23086 19.03909 6.22295 1.64927 0.79781
-0.97962 7.5711 4.60046 -1.08044 2.6296 1.00084 18.75675 5.92522 -0.30278 0.20794
0.0057 7.3453 1.7875 -0.24098 1.27361 -1.15527 19.38984 5.3236 -0.37455 2.09283
0.39694 8.688 1.48258 -0.69026 3.04444 -1.08934 17.36487 7.72451 -1.12643 3.94585
0.70145 7.68527 0.33473 1.1802 2.61064 -1.08036 19.69818 8.24332 -1.30541 2.86916
0.54853 7.69824 1.23586 1.064 3.21886 -0.88531 19.59805 6.76002 -0.88438 3.26204
2.26518 7.77473 2.17908 0.55966 4.11957 1.18094 20.48585 6.40238 -1.98492 4.48581
-0.74069 7.50339 1.73814 0.91234 3.64367 -0.2399 21.61073 5.89978 -1.65816 4.01527
0.73097 7.99726 0.65748 -0.23306 3.36436 -0.48168 20.99959 5.62753 -1.81059 2.41477
1.49945 8.9554 -0.07949 -1.79617 3.22388 -0.3994 18.59039 4.05765 -2.54849 3.34808
0.73148 8.03004 0.86023 -3.14115 4.59515 -0.2793 20.01749 3.69482 -2.20026 2.38918
-0.42995 8.87673 -1.22868 -2.40228 3.06189 -0.06026 21.34622 3.52332 -2.9016 1.44611
-2.68735 9.24673 -0.37475 -2.0443 3.47066 -0.56425 21.95342 4.79048 -1.28567 6.03433
-1.59965 9.4688 -0.4003 -3.11815 4.23103 2.12426 21.34743 1.82748 -0.44872 3.45837
-2.64713 9.54483 -1.26419 -1.37015 4.78248 0.20872 19.22455 3.22795 -0.86399 3.54693
-0.80868 7.78421 -2.93294 -3.22735 5.3267 -1.49065 17.02368 3.6838 -1.33203 3.13527
-0.63342 9.28605 -1.05717 -3.79548 6.30245 -0.52995 15.98427 4.57148 -0.18908 5.16887
-0.14636 7.32798 -1.51059 -3.48877 5.71982 0.2496 13.70637 6.0554 -1.56773 4.72471
-0.69245 7.64049 -1.5899 -2.51476 2.75156 -0.68216 11.86579 4.81158 -2.42793 5.16973
-1.11794 5.32942 -1.67953 -2.11633 3.68829 -0.13297 11.61851 3.89716 -1.49065 5.26276
0.41873 5.98867 -2.19767 0.04177 2.54548 0.64151 9.45007 3.61214 -0.06731 2.66379
0.63668 5.12681 -1.96163 0.51165 3.85639 0.66876 8.72133 2.59493 -0.96498 2.56918
-1.50474 4.32326 -3.16873 0.88189 4.12829 1.07159 7.68925 2.75042 -1.57112 4.94765
-0.20378 5.01958 -2.13712 -0.51903 2.37517 -0.47852 8.18017 3.71618 -0.76524 2.14893
-1.77628 4.36768 -2.39153 0.57128 3.77837 -0.28865 5.39662 3.80701 0.58305 2.99866
-0.94505 3.14009 -1.50701 1.26596 2.57082 -0.19877 6.35492 2.62737 0.79056 3.77111
0.6379 4.18224 -0.41095 -0.58877 3.52908 0.32762 4.50953 1.62304 0.89932 3.72795
-0.28053 2.11864 0.13355 0.02507 3.76304 -0.29986 3.2248 1.27865 -0.29972 1.22574
-0.46624 1.85763 -0.89109 0.33845 0.54256 0.35826 2.72513 2.3258 -0.93602 5.41863
-1.99081 1.49571 0.03781 0.16654 1.03393 -1.73852 2.30157 0.91858 -1.39378 0.82212
-0.80839 1.09894 1.09407 -0.80783 -0.2325 -1.93257 1.57714 0.96776 -1.88136 1.58947
-1.10051 0.83252 1.5881 -0.61667 0.35585 -1.41497 0.7863 1.21835 -1.10245 1.84459
-0.26479 1.84033 1.43569 0.69282 -0.19649 -0.64463 1.22209 -0.46174 -1.10365 -0.22728
-2.85886 3.10357 2.5562 -0.31068 -0.38104 -0.05188 0.46731 -0.81648 -1.89901 0.08068
-0.47443 2.25375 1.86566 0.60297 1.95033 0.1079 0.80985 0.42769 -1.43445 -0.38504
0.36009 1.24817 0.99457 3.19822 1.67581 -1.09566 1.73459 1.27612 -2.38243 -0.08882
2.59504 0.75571 -0.01225 0.99235 1.24545 -0.97488 2.80057 0.23353 -0.95348 1.64547
0.60224 1.9895 -0.0069 -1.23345 -0.36695 -2.1466 2.66491 -0.28429 -2.57991 0.61192
-0.01402 1.14585 -1.09999 -0.63507 1.12293 -0.30163 4.54983 0.41833 -4.24383 0.11904
0.41732 1.69972 -1.55818 -2.11476 2.54873 0.21278 4.85361 -1.51413 -2.6697 -0.45231
0.2446 1.86505 -0.66783 -2.77108 1.54127 -0.12239 3.555 -1.68878 -2.75101 0.88232
-0.63759 1.48276 -0.60714 -2.62824 0.29431 -0.81372 3.74973 1.56164 -3.28846 -0.114
-0.10062 0.8368 -0.64294 -2.21187 -0.0489 2.60475 5.82954 0.9544 -0.0124 0.33055
-2.2659 1.41698 1.10139 0.43534 0.73318 -0.64312 4.68122 -2.5173 -1.45404 -1.10917
-1.07572 1.94513 0.20144 -1.68183 0.82488 1.1655 3.74507 -2.15233 0.22848 1.41922
-1.33647 2.40389 -1.19718 -1.55507 2.45246 -0.60103 1.23498 -3.37949 1.10032 0.96155
-1.59411 2.68206 0.73915 -2.2889 1.55056 0.26609 -0.22174 -2.45772 0.47996 1.05515
-1.06367 2.79286 -0.67274 -2.18833 1.59183 -0.20383 -0.12878 0.53434 -0.03694 1.94116
-1.30766 2.2231 0.70369 -1.42394 0.04063 -0.29203 -0.48459 1.2028 0.56542 1.09119
-0.98354 1.64796 0.18907 -0.85712 -0.5584 -0.58124 1.88628 0.67197 1.38799 0.79586
0.93179 0.65353 -2.45501 -0.65326 0.10324 -1.50116 0.24946 -0.68285 1.39256 -0.68946
1.8539 1.007 -1.19075 0.34078 0.10366 -0.58224 0.42314 -1.2177 3.53746 0.53886
-0.22898 1.84631 -1.44328 0.88608 0.95992 0.32344 0.16413 1.87871 3.17384 0.34976
-0.15012 0.67106 -2.05298 0.79778 0.91499 0.5204 2.45857 1.65974 1.59588 1.1023
0.47715 1.25682 -2.03525 1.61741 0.74348 -0.96086 2.97451 1.54635 1.35033 2.19269
0.11997 0.02517 -0.72717 2.21581 0.69043 1.96001 3.46351 0.56601 -0.06282 0.66818
0.17226 0.41946 0.07351 1.77642 0.05549 0.52897 2.20697 1.54307 0.48881 0.12371
-0.18557 -0.23738 1.84986 1.51578 1.84131 -0.75651 0.98181 1.82919 0.56036 -0.2306
0.20361 1.8043 0.72501 2.3383 0.17618 0.41864 -0.83617 0.39594 0.71314 0.6665
1.87565 1.922 1.38223 2.35725 0.64008 -1.6035 -1.12565 -0.43261 -0.41303 0.03911
1.20892 0.13511 1.7739 0.86213 1.93767 -1.05294 -0.16648 -0.09928 -1.9676 -0.11473
1.89906 -0.05721 2.57587 1.36382 1.34034 0.57838 0.59327 0.84834 -3.08939 1.12833
4.11417 0.14977 4.26518 0.6421 -0.70024 0.06696 2.22531 2.88503 -3.87235 2.00621
2.40292 0.12535 2.24887 -0.65949 0.27413 2.00187 1.89734 1.31425 -4.30637 0.10739
0.47009 -0.8415 0.82819 -0.11794 0.47308 1.79989 2.70989 2.21737 -3.31806 -1.61729
1.04362 1.98647 0.90935 0.54997 -0.78522 -0.37507 4.97177 0.06027 -2.80347 -0.34229
-0.02667 -0.06566 0.33677 -0.85464 0.15255 0.55506 4.83893 -0.81564 -1.24749 1.10124
0.55135 1.79673 0.79794 -0.10885 -1.15785 -0.17041 6.9344 -1.93828 -2.53665 -0.8433
1.3 4.02523 2.5595 -1.12989 -0.40062 0.57738 6.62316 -1.63247 -1.61147 -0.50971
0.96474 1.23447 2.05136 -0.2586 1.93568 0.30198 6.64127 -1.31566 -2.63258 1.17075
-0.73734 3.31033 1.38651 -1.66951 -0.53504 -0.29635 6.55111 0.36127 -2.0372 -1.6729
-3.0049 2.20826 0.70781 -2.47658 -0.00669 0.83937 7.3083 1.54863 -1.61189 -1.5157
-1.97579 2.89996 1.76277 -2.63097 -0.50447 -0.0337 7.28619 2.59913 -0.99682 1.0914
-1.94895 2.97348 0.74707 -2.06358 0.83592 1.78969 5.82931 1.16777 -0.60989 2.18633
0.05416 2.53631 -1.14666 -2.11397 0.29988 1.20679 7.07926 -0.00616 0.7382 0.98736
-0.07263 5.09534 -3.23803 -0.14785 0.56669 0.16763 5.47482 -0.41085 0.60467 0.1023
1.15035 3.45437 -5.10551 -0.65232 -0.21108 0.72616 3.63395 2.53475 -1.03772 0.37121
-0.11881 5.08152 -7.07838 -1.03665 1.57301 0.96201 3.97741 3.25465 -0.89995 1.30831
-0.95772 4.04544 -5.17621 -2.16682 1.55233 -0.5018 4.03289 3.85343 -2.16096 2.01845
-2.50014 3.20668 -3.81408 -1.04023 0.52548 -0.28916 3.17769 4.78204 -3.05785 0.94733
-1.50322 3.4273 -2.23621 0.0131 1.42608 -0.24724 3.12742 4.18352 -1.27585 0.75346
0.11891 0.94034 -2.47115 -0.20725 0.63009 1.14049 -0.17925 4.11326 0.59926 2.9344
-0.90289 2.84283 -2.95144 0.01689 0.38091 1.15474 -2.36821 3.46622 -0.13932 3.80394
0.29704 0.31954 -2.04101 -0.90408 1.9644 -1.46568 -3.39565 1.51599 -3.05552 3.34317
2.21702 0.6135 -1.49198 -1.04942 -0.06731 -1.0112 -4.62177 1.30353 -3.88123 2.28826
0.70105 -1.71175 -2.51751 0.10576 0.2719 0.82348 -4.22554 0.49669 -2.73614 1.83854
0.6569 -1.02777 -1.12158 -1.84668 0.28649 1.25504 -2.96392 0.18501 -0.84142 -0.05978
0.3778 -0.7227 -2.25407 -2.7442 0.51527 -0.06234 -3.45719 -1.31484 -1.14374 -3.08076
0.78321 -0.44594 -0.55067 -4.30194 -0.68718 0.00835 -3.63603 -1.23283 -3.61362 -0.10555
-0.52817 -2.49481 -1.57462 -5.17861 -0.83788 -1.711 -6.93467 -2.36301 -3.92219 0.38393
-2.51656 -2.80182 -0.11212 -3.59588 -0.16009 -0.25815 -6.2893 -3.00771 -2.24818 -0.24429
-2.6239 -0.32074 -0.18938 -3.29474 1.1248 -0.7619 -5.90341 -1.35356 -1.07455 -1.7149
-2.69011 -1.31937 -0.04001 -1.86839 1.62395 -0.58097 -6.23084 -2.58604 -0.88321 0.61843
-2.19475 -3.76883 -1.24044 -0.94258 0.25176 1.056 -3.82812 -3.10331 -2.37569 -1.15212
-2.96671 -3.14729 -3.81973 -1.48891 -1.96954 -1.0557 -4.53773 -3.34596 -1.82712 -0.17301
-1.51611 -3.76373 -3.69974 -1.44931 -3.98784 1.1939 -3.63065 -2.65526 -2.86423 -0.72886
-0.93737 -2.90157 -4.11529 -1.71958 -2.3962 -0.17487 -4.51481 -3.91065 -2.1227 -0.32598
-3.41933 -2.15743 -3.98281 -1.67081 -2.44896 0.39893 -5.36633 -4.03435 -0.72924 -3.84869
-2.01119 -2.74308 -5.07352 -0.51729 -1.26465 -0.61725 -7.39113 -4.68762 -1.36505 -2.92639
-1.0362 -1.45292 -5.6797 -1.02917 -1.12616 -1.68536 -9.67408 -3.55697 -1.46189 -3.61077
2.13612 -3.71224 -4.64263 -0.16564 0.06334 -0.38241 -12.63997 -4.48607 -0.54944 -1.34379
-0.65356 -2.83691 -3.71611 0.35637 -1.04307 0.13297 -12.46875 -4.08314 0.93511 -1.92523
-0.60442 -1.72137 -2.69786 -0.23752 -1.81414 -2.07572 -12.56058 -5.24882 -0.20754 -1.49091
-0.49844 -3.3824 -2.30065 -1.57293 -1.70829 0.70211 -12.56279 -4.42513 -2.13531 1.24575
-2.25324 -5.56564 -3.5907 -1.59512 -0.01887 -1.08372 -13.18629 -3.42362 -1.49922 -1.85865
-2.57554 -5.34201 -2.32959 -2.02446 -1.58367 0.87947 -12.98699 -0.91831 -2.62386 -2.30296
