-2.09227 0.49624 0.78067 -0.51123 -2.70384 -1.31345 -0.94378 1.04826 -3.01934 0.41689
-2.35423 -0.21058 -0.32332 0.3283 -2.71936 -1.71456 0.04438 0.60392 -0.7112 -0.21921
-2.23178 0.46851 0.4476 0.30145 -1.37399 -0.25545 0.46759 -0.76537 0.93494 -1.713
-2.92756 0.47644 0.38556 -1.05968 -2.23405 0.26181 1.64759 1.55578 0.6157 -2.80945
-4.10393 -1.67512 0.17882 -0.32699 -1.63315 1.05217 -0.26312 -1.5688 -1.4211 -3.53273
-3.00844 -1.5966 0.7983 0.56559 -2.00851 3.32122 2.44583 -1.26394 -0.89877 -2.96318
-2.55109 -0.2779 -1.47842 1.19707 -0.43846 3.22823 0.56382 -1.04637 -1.03466 -2.21383
-1.83604 -1.0997 1.59279 -1.11698 0.55457 3.94684 0.52091 -1.98339 -0.34437 -2.10639
-0.46862 -2.58515 1.1792 0.16346 -0.18832 3.02342 0.54544 -0.6946 -0.04725 -1.9037
0.03802 -0.9894 0.58564 0.26657 4.62062 2.93361 0.22038 -0.53379 -1.89839 -0.90397
-0.20902 0.71904 -1.07283 -0.59529 2.79255 3.34713 0.72351 1.83626 -0.62463 0.3657
0.42705 0.44898 -0.3335 -0.21477 3.40057 4.50058 -0.60059 -0.1773 -0.14089 -0.22214
2.56831 2.04937 1.25502 -0.58874 3.57917 2.79732 0.0595 0.83089 1.33021 -1.20683
3.53487 -1.56563 -0.60295 -1.05995 3.24191 1.4974 0.4008 -0.88706 -0.75401 -0.39663
5.52028 -1.78296 -1.32606 -0.19203 0.64455 2.31691 -0.46461 0.93245 -0.9201 -0.58173
5.36231 -1.74311 -0.01081 -0.74206 -0.3553 1.9245 1.37342 1.69969 -0.18933 0.58992
4.94016 -1.07662 1.00781 -1.46163 -0.23156 1.52864 0.07463 -0.23845 -0.25373 1.77891
4.62611 -0.74911 1.4623 0.48754 -0.91317 0.64732 -0.35956 -0.4328 -2.85445 1.61241
3.8107 0.99245 0.51052 -0.42272 -1.20757 0.41706 -0.71028 3.1951 -0.63422 0.18625
3.32689 2.84888 -1.59761 -0.69357 0.71775 1.91037 -0.19328 0.09456 0.44764 -1.49876
0.76227 2.41907 -0.58409 -0.69578 2.17128 1.75726 2.0857 -0.45991 0.48841 -1.20858
0.51707 1.66951 -0.654 -0.57656 0.34563 1.25865 3.47016 -2.36124 0.51086 0.43787
1.21007 1.03977 -0.47818 -1.60294 2.74237 1.76204 1.78533 -0.72161 -0.34212 0.80043
0.50419 0.15561 0.28706 -1.70738 1.17477 1.3741 1.58215 0.67411 0.36791 0.74279
1.38225 0.93021 -1.53622 -3.8645 -0.12378 0.90919 -0.4845 -0.21351 0.33914 1.78944
2.17311 0.27897 -0.0362 -4.03967 -0.44047 -1.06119 -0.93458 1.95129 -0.12288 1.59702
1.28483 -0.05087 -0.68905 -2.61709 -1.38028 -2.04512 0.35138 0.02868 -1.87283 1.17143
0.56943 -0.4456 1.04026 -2.90139 -0.70391 -2.37141 -0.5046 -1.40164 -0.10532 0.20305
2.01544 -0.00423 0.16348 -0.89975 -0.61692 -2.52668 0.38845 -0.52459 -0.48024 0.27333
1.21891 -0.57988 0.07844 -2.49981 -2.08745 -1.49155 0.3311 -0.55789 -0.99212 -0.15576
-1.97452 -1.8352 -0.48751 -0.39741 -2.33463 -1.54878 -1.27926 -1.38325 0.3058 1.48057
-1.01366 -1.69188 -0.58842 0.94121 -1.14766 -2.08551 -0.29706 -2.4481 0.91198 3.07217
-0.33565 -1.16408 -0.81766 1.55712 -1.37858 -1.09143 0.54687 -0.47203 0.90968 1.86349
-1.11397 -1.993 -0.86854 1.83835 -1.79858 -0.44322 -2.19784 -2.43977 1.93633 1.31857
-0.42889 -2.35285 0.86692 2.76764 -1.73841 -0.53771 -0.81991 -0.27401 0.70914 1.30574
-3.44543 -2.83613 0.59246 1.48083 -2.20926 0.987 -2.99034 -1.54176 1.82682 0.36342
-2.38714 -2.42941 -0.27408 1.21917 0.46896 1.21853 -1.3394 -1.83139 -0.18763 1.02521
-1.83593 -3.29464 0.96727 0.87058 1.90464 1.00328 -0.20699 -1.42286 0.45083 1.508
-1.76848 -3.04901 1.18501 0.30578 2.44198 1.19362 -0.32558 -3.20936 0.3584 1.38713
0.07837 -2.35293 -1.0014 1.59283 1.04003 0.98539 1.50343 -1.64397 1.72669 -0.13151
1.83658 -1.11937 -0.18295 3.77304 1.7726 -0.06034 0.38714 -2.40881 2.6109 -0.06647
1.55561 -0.54261 0.39131 3.21431 0.51817 0.35466 0.78749 -1.61041 0.5151 -0.29139
1.75744 1.22948 1.00926 2.53981 -1.23875 -1.33097 1.36031 2.25753 0.11612 -0.0396
0.43237 0.49781 -1.83327 2.7379 1.1163 -2.15831 0.5369 1.08988 0.46357 1.33844
-0.7067 1.46441 0.51172 3.49426 1.28756 -3.15794 1.02749 -0.9069 -0.39125 0.47115
-0.91911 0.83642 -0.63887 3.85661 0.4706 -1.61882 -0.31707 0.81969 -0.11192 -1.36221
-2.46242 1.1314 2.38906 3.41383 -1.13249 -0.01018 -1.61744 1.50183 2.65108 -1.52696
-2.85015 0.45404 0.69991 2.64013 -1.45541 0.23736 -3.525 0.35744 0.76796 -0.09047
-1.92534 0.23477 1.57241 1.24485 -0.97739 1.00928 -2.78953 0.85573 0.34079 -0.44425
-2.92821 0.52506 0.82746 3.74768 -1.80674 2.28243 -0.44326 1.30773 1.31665 -0.24228
-4.07489 1.66909 0.03031 3.34581 0.05474 2.2244 -0.13957 0.4746 2.80456 -0.03328
-1.22355 2.24449 1.4921 1.79272 1.17777 2.67039 -1.72616 -0.48367 1.7669 0.96863
1.36071 2.50264 0.25825 2.56821 -1.03736 1.92408 -2.24796 -0.7642 1.06855 -0.22672
0.55006 3.0277 1.60728 2.79814 0.52076 2.39072 0.87914 1.27106 2.20437 -0.63736
1.37742 3.97348 -0.23227 3.89059 -0.54092 1.60941 -0.18369 -0.17131 1.59132 0.60718
-0.1688 4.46848 0.87657 3.5729 1.68443 1.47575 -2.44632 -1.68851 -0.10264 0.91608
-0.59784 3.21608 1.52309 0.85818 1.61133 0.96075 -0.04553 -1.42959 0.36062 0.13068
-1.27943 2.50068 -0.67949 0.3229 1.23244 3.03538 -1.14565 -2.164 -1.56115 1.55806
-0.77639 3.07863 -0.49568 0.83493 1.07886 1.10607 -0.47398 -1.05346 0.08087 0.41555
-0.68853 2.63131 -0.86529 0.8577 1.45235 1.04431 -1.36003 -1.70809 0.05112 1.07542
1.67671 1.01841 -2.23274 0.32442 -0.69339 1.20201 -0.40544 -0.28921 0.18056 2.00281
2.87063 1.35906 0.28731 -0.06724 0.0927 0.32883 -1.1927 1.12551 0.6717 1.40622
3.64422 1.10951 0.98815 0.4262 -1.42777 -1.79443 -0.39039 0.63839 1.11523 1.63357
4.0093 -0.53117 -1.83539 2.89782 0.27972 0.01879 0.7816 3.1217 2.09156 1.29129
3.36037 -1.32239 -0.34197 3.38885 -0.00584 -0.26755 0.89735 1.85829 3.24952 1.3619
1.95491 -1.57541 0.43067 1.67927 0.43889 0.85078 -1.89764 -1.49974 1.35804 0.71077
0.46032 -2.69646 0.15914 0.83761 -0.53856 -0.4936 0.36176 0.5853 0.48397 -0.68272
-0.54945 -0.56441 -0.03347 0.79858 0.26913 -0.15328 0.94364 -0.79506 -1.6603 -0.04669
-1.08004 0.34008 0.2822 0.06237 0.39615 0.28585 0.17327 0.42491 0.67341 0.23244
-0.4265 -0.74874 0.0784 -0.01418 0.25301 -1.07551 -0.72794 0.31374 -0.34677 -1.07359
-0.97251 -0.48319 0.25339 1.04578 1.17435 0.22224 0.42081 0.91188 -0.05041 -1.61476
-0.71781 0.25228 -1.46919 1.77652 -0.9807 0.66941 -0.1237 1.18776 -1.66217 -2.38243
0.32649 0.5254 0.09341 1.20061 -0.60252 -0.17712 -0.7258 -0.75964 -2.38074 -3.06905
-0.79776 0.2164 -0.5658 2.35246 0.22485 1.38625 -1.46145 -1.23679 -1.82668 -1.88001
-1.83308 -0.63712 -1.23393 5.21218 1.09204 0.04191 -0.63772 -0.06389 -1.30581 -1.73552
-0.43661 -0.28598 -0.74736 4.19473 2.41197 -0.14742 0.89354 -0.09182 1.24895 -1.61742
-2.14638 0.03061 0.17965 3.59164 1.72563 -2.47888 0.52501 1.12728 1.31937 -2.33794
-1.8145 -1.30014 0.58737 5.68069 -0.4088 -1.31924 0.66619 0.97082 1.30314 -0.01592
-0.90155 -2.29588 0.66715 5.0872 -1.1363 -1.58951 1.03072 1.74211 -0.33523 -0.34701
-1.39578 -1.51195 -0.00492 3.09516 -1.55234 -1.57332 -0.77971 1.52669 0.95594 -1.12784
-1.33002 -2.36044 1.15543 2.29516 -1.27923 -1.24871 -0.11567 1.48862 2.28599 -0.95672
-1.23088 0.43259 -1.50713 1.03704 -0.76763 -0.11052 -0.15812 -0.11601 0.77199 -1.25029
-1.0367 0.02959 -0.8712 0.06019 -1.02219 1.45784 0.95024 -0.8633 0.36414 -0.2588
-1.30793 -0.70693 1.04763 -0.58059 -0.15742 0.36384 -0.35481 -1.88959 -0.05314 0.44149
-1.92181 -1.0564 0.62409 -0.55637 0.67526 -0.43283 -1.35404 -0.5245 -0.31307 0.33096
-2.40788 -0.57805 -0.8435 -1.15379 1.08357 0.17627 -1.00066 -1.46253 0.76769 -0.00661
-2.47847 -0.21403 -0.02875 -1.7409 -0.10174 1.51712 -4.3276 -1.56993 -1.38895 0.47297
-3.04019 -0.03275 0.68155 -1.08686 0.69404 0.68341 -1.22408 -0.75321 -0.94115 0.45453
0.86696 -1.66426 -0.77695 -1.1302 1.86964 0.64156 1.09446 -1.0849 -1.53092 -0.34788
0.1405 0.53052 -0.90865 -2.15391 -0.01646 -0.62514 0.02287 0.82045 -1.37549 0.35398
-0.45177 0.0073 -0.2049 -2.55678 -0.37629 0.49705 -1.38288 0.59479 -0.75399 -2.33388
0.04076 -0.96684 -0.18012 -2.18702 -0.98945 0.13885 -0.40749 1.42234 -1.35527 -3.57429
1.11374 -1.27236 0.92821 -3.31724 -0.617 -1.82829 0.04341 0.55774 -1.57349 -4.18053
1.68471 0.53781 -0.01954 -3.64808 -1.19987 -1.06445 -0.61833 1.68238 -2.30618 -3.08262
0.9147 0.60598 0.52197 -2.23195 -0.45589 1.6119 -0.8949 0.46679 -1.45102 -0.43638
-2.99876 0.03984 0.88746 -2.49024 -0.748 2.34952 -2.47064 1.71894 0.11306 0.61576
-3.0856 -0.36597 0.17047 -3.75888 0.67483 1.74179 -1.81869 1.03032 -0.82593 1.92968
-3.69274 0.14871 0.47263 -3.21803 1.89378 0.36634 -0.35252 -0.98337 -1.10095 1.71283
0.08858 0.23769 0.02965 -4.56587 2.86286 0.26776 -0.28739 -1.26343 0.62617 1.06355
-0.70092 0.51123 -0.33645 -4.38509 1.38231 0.69487 0.2987 -0.17596 -1.09628 0.90179
-0.1954 -0.31158 0.10646 -2.41303 0.14343 1.30215 -0.1811 1.34835 -0.17521 2.11493
-2.39309 -0.66154 -0.28139 -2.71891 -0.45976 1.88355 -0.79529 1.56331 0.35571 1.8819
-1.08802 0.84194 0.05336 -3.43995 1.14897 2.33472 -0.20124 1.00589 0.82679 1.47187
1.39012 0.87589 -0.21049 -3.95556 0.16505 0.94806 0.77859 1.95021 -0.01209 0.42094
2.14489 0.06738 0.37566 -3.27234 1.37879 2.49192 -0.58465 -0.16055 -0.75328 1.52024
2.47723 -0.09638 -0.69399 -3.18788 2.54988 1.33533 -1.18281 -0.23606 0.11433 2.70364
2.83889 0.11053 0.67492 -0.41972 1.45638 1.48415 -0.39305 0.16345 1.81533 1.89371
1.33043 0.94358 -0.79981 0.0619 0.46511 2.10028 -0.03364 1.60049 1.98522 0.90341
2.06441 -1.37242 -0.50077 0.35124 -0.4111 2.00098 0.1678 1.3949 -1.45561 1.97996
1.78107 0.07204 1.74715 -1.59859 1.1803 1.64106 0.71482 2.2442 0.16761 0.8887
2.56269 0.33459 1.00627 -2.57465 1.20309 0.87842 -1.33987 3.84531 -1.09274 0.89432
2.77612 -0.03921 1.73217 -3.25994 0.01957 0.56264 -1.71612 2.46553 -0.65304 0.13173
2.9256 -0.02865 1.57423 -3.06898 0.88828 0.78822 -1.5592 1.63239 0.01001 0.22238
1.9576 0.82865 1.72408 -4.24148 0.9837 1.21127 0.62269 3.33724 -1.61856 2.22918
2.71082 2.74809 -0.04106 -3.01934 3.511 2.89971 -0.07868 0.57571 -1.48779 1.59908
1.66575 1.75305 0.51351 -1.15077 0.49942 1.34456 -1.4129 0.72225 -0.47116 0.95335
1.90577 0.1274 0.0294 -2.36557 1.62912 2.33591 -0.12905 0.14155 -0.52142 -0.3259
4.09243 -0.28622 1.46765 -1.88862 1.10262 3.99808 -0.14864 -1.20344 0.82064 -0.66643
3.00595 0.35087 0.18528 -0.50621 1.7298 3.2946 -0.24072 -0.3685 0.19737 -1.37049
1.28935 1.08137 -0.7849 0.27087 2.33731 4.30069 0.12937 -0.96547 -0.12957 -1.44028
1.11448 -2.15174 1.01399 0.73191 2.09106 2.82938 -1.49294 -1.08145 -0.20543 -0.6744
0.28532 -1.00255 -1.00766 2.49728 2.71565 0.38645 0.27264 -0.28878 0.56967 0.16919
0.48632 -0.30841 -1.79033 1.57631 1.23617 0.06243 -0.29489 1.5764 -0.2356 0.02416
2.76248 -0.51945 0.33528 1.14762 1.10072 -1.03314 -1.465 -0.17298 0.56718 0.77087
2.16932 -0.57921 -0.76183 0.93921 0.54327 -1.40386 -0.03913 0.20684 -1.15902 1.75053
0.91736 0.16786 0.83504 1.44685 0.62362 -2.29445 1.0725 0.902 0.46638 1.30814
0.33574 0.4605 1.14611 2.62372 1.61694 -2.11221 1.67538 2.32394 1.69459 3.27711
-1.27434 2.04089 -1.10168 2.71218 0.00017 -0.68687 0.4067 1.13441 0.92136 2.98811
-0.60533 0.65746 -0.03611 2.64941 -0.6115 0.29441 -0.81826 2.40978 1.78958 3.93303
-0.97047 -0.62357 -0.80679 2.7343 -1.62577 0.27548 -2.4069 0.8666 2.09164 4.04159
-0.32998 -1.43286 0.22309 3.31385 -1.21246 0.0022 -1.64484 1.06076 3.57846 2.86194
0.31497 -1.75624 0.20926 2.74768 -1.23876 -0.63875 -0.68293 1.84906 3.05508 1.68803
-0.39079 -1.29488 0.53262 2.44017 0.45133 -0.31706 -0.76254 -1.19444 1.52038 0.32567
-1.71892 -0.03613 0.01839 2.48387 0.10091 -1.60925 0.85595 -0.82725 0.49735 -1.03112
-0.26857 -0.65271 1.15425 5.21214 -1.13649 -1.85762 1.45505 -0.7144 0.70082 -0.46785
-1.12444 0.13777 1.18024 3.71437 0.49141 -2.16557 2.15298 0.54235 2.77107 1.88717
-0.83171 0.05574 -0.6045 3.17682 1.82941 -1.35604 -0.22406 -0.46521 0.70435 2.39759
0.96548 0.28862 -0.67679 3.34273 1.13189 -0.3074 1.10109 0.96434 1.23188 1.83958
0.04125 2.12556 0.81914 3.77622 -1.23173 -0.04167 0.37252 0.74121 3.50556 1.35635
-0.02429 1.46938 -0.05434 4.79789 0.0578 -1.39451 1.27838 -0.9078 0.16055 -0.41823
0.4081 0.18456 -1.73515 4.31449 0.00843 -1.67602 1.1887 -1.56971 2.02502 -2.2634
1.46398 -1.00314 -1.15394 4.33981 -0.90797 -1.23057 0.75701 -2.55393 1.50073 -2.02749
0.39908 -0.77722 -1.70079 3.76818 -2.55244 -1.14413 1.19704 -0.62406 2.33315 -1.35011
1.07858 -0.37277 -0.01422 2.73808 -0.76619 -0.81192 2.27916 0.92622 0.2625 -0.96489
0.81105 -0.86813 0.68961 2.79324 -0.86913 0.64398 0.85773 -0.74911 1.01815 1.52778
0.62509 1.30939 1.01218 3.79786 -1.67697 -0.14013 -0.43926 -1.07215 0.73158 1.73898
0.27382 1.43484 -2.08776 5.16782 0.76732 -0.31727 -0.88373 -1.30071 4.02581 1.16475
-1.52513 1.37483 -0.07073 4.53378 -0.17023 -1.03931 -2.24797 -1.01977 4.08484 1.84586
-2.31748 2.26026 -0.18681 3.46334 0.08878 -1.63251 -0.52162 -1.29127 3.08845 1.55473
-2.06061 3.34004 -0.18013 2.24868 -1.82055 -2.95802 -1.11486 -0.87821 1.59843 2.22971
-1.51598 2.84222 0.68781 1.57078 -0.42691 -2.43965 -1.62307 -1.49848 -1.22501 3.67907
-0.98494 2.69075 -0.90007 0.70511 -2.69001 -2.92446 -0.96267 -0.40116 2.02351 1.5704
-1.38883 2.83388 0.97577 2.08954 -3.11207 -4.6296 -0.2168 -1.38229 2.23108 1.76778
-1.15861 1.73446 0.55079 2.40309 -2.13425 -5.60114 -0.43432 -0.33292 -0.25134 1.82017
-2.35493 0.10884 -0.65381 0.55665 -3.35026 -4.85792 -0.8019 -1.7645 0.37964 2.19626
-3.36698 -0.03425 -0.64402 -0.71176 -3.37979 -4.35379 0.47245 -1.31265 0.91301 0.24383
-2.46335 0.26905 -2.0118 -2.79868 -1.51985 -2.52446 -0.74476 0.04648 1.81773 -1.43125
-3.14244 -0.64963 0.9294 -1.89268 -2.66492 -1.46577 -0.55697 -1.3148 -0.54725 -1.16226
-2.38581 -0.73526 -1.34121 -1.60595 0.32819 -1.26246 1.16709 -0.83307 0.6687 -0.70126
-2.77415 -0.33422 1.6959 0.32145 -1.32424 -1.07663 -0.88656 -1.577 -1.95466 -0.83856
-1.7896 1.65608 0.51112 0.58237 -0.2404 -0.71625 0.07178 -0.89848 0.75952 -0.6742
-1.51669 1.22886 -0.11758 0.03935 0.17506 -2.30362 -1.02697 -0.88246 -0.96574 -0.22247
-1.2623 0.28756 -0.42457 -0.98708 -0.68224 -1.48822 -1.85098 -1.78009 -0.16925 -1.28649
-2.04115 -0.27208 -2.94717 -0.25123 -1.15668 -2.34805 -1.96765 -1.7907 -0.22161 -1.73407
-0.20947 -0.3591 -1.10546 -0.86947 -3.37121 -1.64265 0.20527 0.32003 1.38537 -1.7731
-0.76805 -0.03486 0.31866 -0.03132 -3.55744 -2.18367 1.28011 -0.15196 -1.27792 -0.41243
-1.17845 0.25656 -0.69701 -1.77792 -1.43857 -2.04477 -0.57854 3.46714 2.47295 -0.1495
-0.28872 0.40261 -0.23467 -2.66977 -1.1177 -2.59888 0.55084 0.1723 -2.12315 0.16829
0.70876 1.20741 1.1522 -2.72274 -2.58926 -1.95358 -1.55338 -1.33058 -0.74717 1.42057
-1.07871 1.69757 1.09084 -2.23958 -2.03315 -2.63409 -2.12574 -1.19485 0.87849 0.28825
-2.40299 2.47834 -0.60953 -2.83522 -0.959 -1.18272 -2.11005 0.25303 -0.30379 -0.57125
-2.9712 1.58832 0.74572 -1.65328 0.60419 -2.02127 -1.2686 0.2941 0.158 -0.52107
-3.38459 -0.1961 0.01636 -1.40179 -1.21221 -1.08394 -0.50221 -0.31773 -0.52088 -0.05192
-1.71921 0.99605 -0.27542 0.04511 -1.13579 -3.60621 -1.08719 -1.80655 -2.0568 -1.3167
-0.17982 0.62711 0.30137 0.99603 -1.40459 -3.41823 0.38631 -1.03784 0.2017 -1.80422
0.75769 0.25472 -1.65478 0.32644 -0.77049 -3.95012 -0.70248 -2.38255 2.27908 -3.05765
-2.78378 -0.29421 -1.34823 -0.16901 -0.8929 -1.11513 -0.46251 -0.30749 0.47581 -2.3655
-4.02528 -2.04092 -0.1459 -0.19755 -0.07058 -1.5945 -0.42657 -0.94873 1.46586 -3.55179
-3.73978 -1.18456 -0.40821 1.70411 0.66509 -1.56294 0.28398 -0.36093 0.52419 -4.96907
-2.40435 0.34506 0.38069 1.66806 -1.16236 -1.41777 1.34253 -2.21794 -0.56976 -4.86784
-2.58434 1.81764 0.15518 0.93664 -1.40213 -0.31033 0.43757 -0.92348 -1.82544 -5.19916
-1.46943 3.95642 0.15174 0.80919 -1.44025 -0.23747 0.35387 0.99419 -1.55747 -4.00205
-0.06576 3.5016 1.43786 0.78723 -0.474 -0.8991 0.4407 -1.62202 -1.98672 -4.0926
-0.80042 0.96194 0.94588 0.22553 -1.88269 -1.46282 0.55434 -0.11054 -1.62452 -2.47552
-1.91119 0.79595 0.70044 1.25007 -2.54837 -1.91098 1.3208 0.33526 -2.06961 -1.48918
0.62642 -1.63071 -1.59138 1.01208 -1.40383 -1.30074 0.45328 0.20504 -1.04782 -0.22636
-0.92881 -2.85125 -0.86643 0.99662 -2.5293 -1.72578 0.72871 -0.86573 -2.35999 -0.96337
-2.00449 -3.26804 -0.18548 0.1913 -1.46232 -0.86424 1.37087 -1.12234 -0.57457 0.98566
-2.85282 -4.06069 1.29241 0.53232 -0.1632 -0.93966 -1.27096 0.20315 2.68962 2.06088
-1.21101 -2.21575 0.72053 -0.44623 0.37998 -1.62263 0.81685 -0.31913 0.44545 0.7527
-1.61882 -2.66986 -0.84175 -0.25847 -0.04735 1.58956 1.10453 0.1293 -0.4185 -0.58772
-1.55942 -3.15632 0.02999 1.94807 -1.18427 1.0169 0.91306 -0.38621 -1.19612 -1.16681
-0.77839 -2.26013 0.20926 1.99489 -0.29004 1.47489 0.25325 -0.52302 -0.19236 -1.03161
0.0463 -1.96855 -2.30987 0.81724 0.26902 1.00157 0.71683 -1.07714 -0.3668 -0.53152
0.52154 -1.14658 -0.47194 1.21184 0.62582 2.42196 1.14021 -2.43682 1.43012 0.31392
0.16927 -0.78868 -0.5066 -0.08028 -0.80226 0.80585 -0.40572 0.60402 0.21078 -0.31826
1.0071 -0.94891 0.52248 1.79948 -1.4268 -0.34952 1.32029 -0.09107 0.64727 -2.21725
2.05171 -1.06729 0.45993 2.40874 -0.41314 -2.2145 -0.80003 -1.67033 1.24027 -0.59395
1.50192 0.32695 -0.46562 2.51905 -0.48049 -1.86562 -1.08504 -1.99529 1.67568 1.27005
1.17808 0.61114 1.11735 0.85851 -1.88323 -0.94091 -0.83437 -0.04128 1.74714 2.6289
-0.54814 0.79555 -1.69538 0.5885 -0.14883 0.55484 -1.06993 0.57013 1.35446 4.10017
0.16096 2.70803 -0.39257 0.33187 1.55876 -1.3871 -0.65513 -1.38134 -0.41999 4.56336
-1.30259 4.79591 1.93593 0.22844 0.33882 -1.55583 -0.74767 0.38507 -0.06877 2.84018
-3.18235 4.21885 -0.57461 0.30361 0.44932 -1.28493 -1.29225 1.36417 2.63679 2.75326
-1.66162 3.22329 -1.53402 -0.63906 -0.43003 0.68242 0.40018 1.2921 2.51458 1.63863
0.7593 1.36379 1.08752 -0.60934 -1.19406 -0.39367 -0.42858 -1.21453 0.8822 1.84933
1.6131 0.31857 -0.17761 -0.32198 -1.62716 -0.28351 -0.98334 -0.89748 -0.73641 2.26439
0.65962 1.3793 0.34505 -1.71448 0.05131 -0.48215 0.19758 -0.43174 -1.08499 2.13139
-1.23002 2.85195 -0.63022 -1.65065 -0.39467 -1.04031 -0.60019 0.70798 0.48606 1.19562
-2.28264 3.00485 -1.24097 -0.77723 -0.90587 -1.27879 -1.79772 1.49072 -1.58429 0.94838
-2.74617 3.4632 1.22894 -1.45861 -2.00127 -0.46434 -0.34599 0.72668 2.36723 0.78116
-1.03221 2.28044 1.53321 -2.30432 -1.75751 -1.16741 -0.53699 0.3932 1.43371 2.04203
-1.79947 1.22085 0.71278 -1.87568 -0.69778 0.39315 -0.09618 -0.68212 -0.06506 2.14427
-1.10313 0.76581 -2.14725 -2.55142 -2.16667 1.08989 -0.45285 2.40874 1.10255 1.62433
-0.29111 -0.15885 -0.45723 -1.90197 -1.12763 1.714 -1.1956 2.17221 -0.16769 0.82933
0.60083 1.05255 -0.66542 -4.21312 -0.20864 -0.50851 -0.38882 0.3419 -0.25354 -0.27241
-0.27086 0.31562 0.341 -3.39047 1.14179 -0.36034 2.33156 -1.25152 -0.23212 1.34566
-0.86338 0.19036 -0.50575 -3.41746 -0.23558 0.97603 1.08919 0.29953 -1.16892 1.39861
-3.48364 0.79637 -0.18292 -4.81943 -0.77643 1.34577 -0.13025 -0.67588 -1.5354 1.73981
-1.5439 0.14611 0.00219 -5.35101 -0.34582 0.24911 -0.50592 -1.02512 -2.03073 4.1278
-1.00726 2.102 0.661 -5.98373 0.96465 -0.96061 0.05681 -1.26872 -2.10484 3.39089
-1.03794 0.39772 -1.63927 -4.52303 -0.08739 -0.44524 0.98366 -1.35491 -1.4048 1.5825
-1.43467 0.3301 0.26184 -4.11911 -0.15959 0.42614 1.79767 -1.24022 -1.02801 2.78696
-1.68199 -1.38808 -1.83999 -3.81435 -0.94361 -0.8981 1.36449 -0.02651 -0.9208 3.81973
-2.19867 -2.74665 -0.64927 -3.50873 1.22637 -1.37291 1.11575 -0.72211 -0.19894 3.44844
-1.18186 -2.20174 -0.07896 -2.06783 1.37185 0.69675 2.0718 0.3095 -0.3832 2.2577
-3.13262 -1.49676 -1.20137 -1.74941 1.25753 -1.09217 0.7745 -0.17961 -0.50727 1.66462
-2.58388 -1.42222 -0.04133 -0.83194 1.22226 0.56228 1.83964 -0.5747 -0.18178 0.02515
-1.53255 -0.72999 -0.38031 -0.37974 -0.8015 0.1039 1.57853 -0.55281 -0.47402 2.20824
-1.79995 1.62552 -0.64605 0.17916 1.10864 1.83692 0.33704 0.99391 -0.6306 2.15491
-1.58246 3.57683 0.01103 0.31117 1.54375 1.33391 1.62668 0.61112 1.00646 1.48204
0.22724 2.95457 3.06126 1.63466 1.38785 0.51303 0.10129 -1.22598 1.57569 0.4519
0.60595 1.05525 0.79415 2.82194 1.20172 -0.37131 -0.6076 0.40129 1.10098 0.77345
0.57333 -0.82056 0.06903 4.10409 0.28695 0.59356 -0.47203 -1.40263 0.19739 -0.4613
0.73966 -0.78184 0.43924 4.03259 -0.6808 -1.10727 0.16915 -0.63573 1.54469 -1.45897
0.96881 -0.13159 -1.26836 4.4746 -1.91645 -0.53294 -0.53781 -0.45653 0.21484 0.5788
1.64272 0.8508 0.89203 3.83938 -0.5294 -2.48366 -0.38321 0.76542 -2.48465 1.72639
1.62818 -0.7603 -1.22708 3.70116 -0.41135 -1.72798 0.20604 -0.16124 1.41389 1.92705
-0.11547 0.88037 0.78196 6.15523 -0.02297 -1.91836 -1.57125 0.23042 0.6336 2.38694
-1.62675 1.49258 -0.4379 6.66495 -0.08545 -2.35503 -0.84054 0.7813 2.78328 3.87893
-1.00966 -0.10152 0.1858 4.18048 -0.62577 0.39137 0.48069 0.10556 2.69975 2.56854
-2.16879 0.0446 0.4622 2.0545 -2.23284 1.95784 0.81863 0.17744 1.65921 3.72775
-1.99846 0.50739 0.38769 1.43854 0.15145 2.69118 0.02014 1.05523 1.40533 4.21067
-0.67998 0.06425 -0.16495 1.89491 1.96993 2.45508 -0.32455 0.186 0.90971 4.34867
0.74352 -0.05583 1.21424 0.17574 3.00223 0.58841 0.16144 -0.40947 -0.39278 5.18968
0.75504 -0.4066 -0.37182 -1.4939 2.73799 1.02019 1.04214 -0.84633 0.9603 4.7675
0.53762 1.81276 -0.32547 -1.68955 0.63627 1.15359 -2.13042 -1.67615 1.18267 5.32188
-0.66416 1.51089 -0.58305 -0.8702 1.95943 0.94954 -1.43198 -0.49279 1.2467 5.83468
0.85936 1.35994 -0.34326 -0.93595 2.02989 0.72628 -0.51709 -0.11912 -0.87424 5.94831
2.22915 0.59982 1.48283 -2.74321 2.87111 -0.19911 -0.80806 0.91275 1.94589 5.04499
0.52377 2.66725 0.23375 -0.30544 1.89598 -1.67906 -1.75042 0.70173 1.71743 2.56348
0.04082 3.50946 -0.02777 -0.17341 -0.42599 -3.89313 -3.80782 0.74277 0.52872 0.35858
-0.78269 4.72627 -0.6036 -1.98949 -1.18624 -3.61505 -1.58189 1.94753 0.06403 1.07512
-2.51833 3.80361 0.96054 -2.27219 -1.43624 -1.64539 -0.02189 -0.12293 -0.41494 2.16771
-0.60099 5.19185 2.26497 -0.90984 -3.07639 -0.18788 1.39947 0.00511 -0.65082 2.1727
-0.3937 4.00209 0.38459 -1.55444 -2.30876 0.70342 0.21812 1.4639 -1.34691 0.80852
-1.72899 4.9168 -1.32717 -3.15225 -0.64959 0.58764 -0.17709 1.42384 -0.32941 2.67896
-1.77538 3.35405 1.47733 -3.08975 -0.36451 0.41064 -1.43055 -0.17456 -1.86104 2.57437
-1.47419 3.11854 1.28703 -2.27713 -0.785 2.32094 0.5083 0.47926 -2.02408 0.79518
-0.65674 1.64612 0.10035 -1.75332 1.97687 2.87122 2.12254 -1.64429 -0.95212 0.81406
0.77896 1.03481 -2.29207 -2.05905 1.08375 2.15918 1.01859 -1.00288 -0.94893 0.94898
0.76622 -0.57665 -0.31999 0.14074 0.90674 2.43921 0.6664 -0.32819 -1.12737 1.58479
-0.36967 -1.5653 0.43366 -1.31829 -0.3979 1.44301 -0.69909 0.72099 -1.09478 1.45184
0.49923 -1.55206 1.8771 -0.45584 -0.84161 2.01972 -2.33573 -1.04924 0.90848 1.26227
0.7908 -2.14076 0.43843 -1.14952 0.34478 2.81579 -1.61237 1.19727 1.56237 0.61324
0.46269 -2.04655 -1.11471 -1.03783 0.77281 2.74921 -1.20832 1.2365 0.50734 -0.07947
2.17315 -0.6238 -1.3916 -1.22152 -0.15596 3.09341 0.20104 -0.63275 -1.12925 0.51407
2.61019 0.04252 0.53815 0.41531 1.01619 2.60676 0.00485 -1.08091 0.00647 0.52897
0.24273 0.86901 0.48085 -0.79196 -0.31334 1.96855 1.40602 -0.2796 -0.58877 -0.97689
0.41477 2.39458 -0.05513 -0.80678 -0.66857 1.70708 0.80262 1.05087 -0.76038 0.0473
0.76155 2.62211 0.64782 -0.62983 -0.9834 0.03463 2.30724 1.06059 0.25319 0.7219
1.51998 1.28101 1.83602 -1.10903 0.38754 -1.77564 0.46213 -1.45776 -0.51478 0.73178
1.43834 1.26382 -0.96905 0.82684 0.44288 0.41383 1.7436 -1.75355 1.71911 -0.11221
0.60157 0.22031 -0.93753 -0.08996 1.54716 1.45547 0.02018 -0.4729 2.23354 1.49931
0.12403 -1.2323 1.25272 -0.06929 0.56794 1.42022 -1.40139 -1.05254 0.8245 2.5065
-0.2784 -1.81274 -0.57455 -0.61019 2.26025 0.86165 -1.42543 -2.71848 -0.53331 1.08131
0.34393 -0.97242 -1.44391 -0.90783 0.11276 2.40731 -0.80137 -2.00298 1.47614 1.16147
1.66126 0.66671 -1.3182 -1.42879 0.97982 2.13305 -0.54102 0.32135 0.74391 2.30404
1.3114 0.53566 0.06134 -1.66113 2.00913 2.58016 -0.2414 -1.39336 -1.1586 1.52077
3.0517 -0.36311 -0.78383 -2.41744 2.14748 3.0267 -0.42918 -0.53961 -0.83425 0.05214
2.665 1.30943 0.88082 -3.17762 4.24166 2.19647 -1.29254 -0.41397 -0.844 0.87609
3.2728 1.28287 0.12429 -2.16447 3.02395 1.82761 -0.0305 -0.30379 -0.65312 0.31205
1.63239 0.19718 0.95242 -1.33664 2.46796 0.71224 -1.44111 3.21866 0.14294 2.02107
1.21804 0.92013 1.98549 -0.30929 2.23935 -0.31682 -1.9034 2.62808 0.06999 1.63632
2.89957 0.85728 0.96324 -2.0949 1.11831 -0.03938 0.4437 2.53689 -0.42333 1.73506
2.78586 1.2004 0.10476 -2.06801 -0.54564 0.35979 0.32109 4.41223 0.63074 3.75287
0.90925 2.48178 1.52867 -0.33992 -1.53361 0.36477 -0.11527 1.97321 0.93956 4.50751
2.80792 2.26991 1.52698 0.27733 -1.57678 0.99208 0.78021 2.0911 2.09278 3.58389
1.20111 1.87795 -1.71673 0.28191 -2.31771 1.25375 1.57593 -0.16476 1.45533 2.62744
1.34219 1.34632 1.1081 -1.53497 -0.85441 2.79326 0.77571 0.74338 0.84607 4.39448
1.43061 2.28854 3.02555 -0.63937 1.32249 3.82987 1.48759 -0.72806 1.39886 3.19419
1.90888 1.72801 0.48538 -1.44709 0.30921 4.23349 1.24972 -1.38584 1.58932 3.76404
1.09648 0.01586 -2.04785 -1.47227 1.37975 3.50107 1.22859 -2.50037 0.20475 2.92222
0.76587 -0.14872 0.27864 -0.50999 2.19987 4.21099 -1.06027 -2.64607 1.50727 1.98164
2.01793 -1.70478 -0.19432 -0.9508 3.23719 3.96373 -2.12309 -0.34819 0.31522 2.83146
1.34306 -0.95184 0.05941 -2.42935 2.17272 2.52317 -0.47912 1.39275 -1.38997 2.75736
3.56835 -2.75787 -2.41072 -3.65513 0.72495 2.29528 -0.06619 1.39146 0.97862 0.34721
4.93897 -2.16466 -0.47387 -3.94097 0.09652 0.84771 -1.50244 0.60781 0.14969 0.3854
6.30242 -1.40184 1.36604 -4.50496 0.83622 2.25649 -1.04556 2.29189 -1.216 -0.67761
6.13203 -1.7787 0.02962 -4.31371 -0.5875 2.44372 -1.0128 1.45198 -1.18769 0.0747
