-0.65513 -1.95083 0.01923 0.05598 -1.50089 -2.64645 1.12271 1.00458 4.33716 2.98784
-0.31261 -0.61407 0.22937 1.14885 -1.08771 -3.69246 0.92025 0.42007 5.26708 2.44491
-1.04213 -1.37594 0.20912 0.80476 0.19302 -2.2275 0.94576 -0.03953 4.19878 1.31058
-1.13915 -2.71843 1.30173 0.41991 2.76032 -0.95135 -1.76954 -1.8415 5.60851 -0.85688
-0.03369 -1.35792 1.55033 -0.98143 4.01644 -0.51904 1.03274 -1.62312 5.04251 -1.35114
0.80959 0.5048 1.62772 2.24306 3.96527 -0.01918 -0.29228 -0.32496 5.37523 -2.59842
2.1259 0.89129 -0.358 0.46078 4.34766 -0.05755 -1.90833 -0.36087 7.79537 -2.63023
0.42284 1.92219 0.84271 0.6565 2.35817 0.03153 -1.09535 0.39949 8.80237 -2.529
1.10895 1.50292 0.37683 0.4902 1.39856 1.39977 -1.41743 -0.40896 10.68628 -1.89978
-0.51645 -0.03624 -0.29952 0.68778 2.95884 1.00637 -0.68719 -0.73332 10.87995 -1.4133
1.68518 0.46844 -1.40736 -0.48204 1.25408 1.83213 -0.491 -0.83541 11.54822 -0.66421
-0.73967 1.40095 0.40312 -0.38607 2.2438 3.33006 0.26163 -1.09268 11.24641 -0.12947
-0.42796 1.29775 0.37757 -2.284 1.81831 3.59257 0.55866 -0.96192 10.71162 0.92552
-0.66233 -0.09171 -0.53601 0.23178 1.36314 2.83459 1.88247 -0.7288 10.11817 1.38537
-0.03212 1.97117 1.20427 1.10836 -0.18047 3.75304 1.75364 -0.0698 10.44324 0.72865
0.19439 1.23798 0.86807 -0.19364 1.88408 3.52845 0.21336 -1.06129 9.84087 1.03872
2.78798 0.25634 1.00744 -1.48621 2.27734 2.98036 1.46779 -1.90497 10.19355 -0.22713
-0.1742 2.10433 3.93167 -0.40391 3.10417 2.37508 -0.98359 0.25871 8.73926 -1.3199
-0.3261 1.80444 3.37905 -1.50314 1.89493 2.35605 1.41863 -0.35064 8.07939 -0.44436
-0.98659 2.43365 2.76489 0.50583 2.71828 0.99349 -0.28189 0.90972 8.10281 -1.93521
0.80613 3.50478 3.51489 0.2787 -0.16236 2.61668 0.02527 0.37946 9.60829 -2.52971
-1.39799 2.42529 3.88582 -0.06486 -0.11448 3.97804 -1.12104 1.71937 9.88088 -1.49822
0.4896 0.864 2.40917 0.30819 0.94021 3.86508 0.18461 1.20409 10.94477 -0.72033
0.03407 0.51651 3.4302 1.94174 0.22745 3.39122 -0.02476 2.1679 9.80417 -0.56569
-0.48896 -1.35062 4.57176 2.1589 -1.99635 3.51516 -1.26056 1.01741 9.26567 0.02299
0.15355 -0.69587 2.96906 1.86407 -4.66072 2.07219 0.43445 1.05828 8.75005 1.12319
1.05472 0.53151 2.936 1.11605 -4.61081 1.1897 1.44109 0.85943 8.16158 1.22982
-0.29304 1.59155 6.73146 1.83215 -3.86742 2.86422 1.91706 0.30717 6.35888 2.07807
-0.72526 0.62389 6.91081 2.15186 -3.43319 3.27606 0.0548 -1.08935 3.2919 1.63115
-0.12953 2.18257 5.21023 1.76291 -2.16812 4.87571 -0.50961 0.25528 0.9705 -0.29285
-0.56758 1.16762 4.90699 1.21076 -1.71326 4.08643 0.17505 1.01541 0.51659 0.12086
-1.98873 1.03714 4.30015 1.79789 -1.18674 4.1038 1.41121 -0.93807 0.71247 0.81727
-1.52964 2.4765 3.16622 2.65795 -0.75033 3.78653 0.75809 -0.93483 0.14397 1.15715
0.61654 2.53999 3.39838 1.51466 0.20445 1.83246 2.88256 -0.27152 0.12789 0.22769
-1.10571 2.61091 3.60737 2.31843 0.37958 1.48037 -1.25721 1.00655 0.69733 1.34302
0.0769 1.99169 1.9618 2.87547 -0.14687 2.3867 -0.02448 0.03323 3.05466 2.03504
2.94044 0.04989 2.19927 1.62777 0.16304 1.33368 -0.64698 1.07043 2.51774 1.64889
0.25701 0.62686 2.37148 1.76964 -1.33951 2.37801 -1.43394 -0.36665 3.76901 0.75107
0.62217 0.46679 -0.15385 2.01992 -1.88646 2.68217 -0.75201 -1.83128 3.05815 0.11595
-1.87901 0.18272 0.04232 0.29068 -2.76994 3.50816 -1.15725 -2.19707 2.7387 1.7436
0.97652 0.12512 -0.5451 1.65658 -0.84619 5.27959 -2.54768 -1.22828 0.95427 1.43447
0.11203 1.14894 1.44114 -0.84278 1.17266 4.79729 -0.69862 -0.06828 -2.25283 0.65544
-1.89499 -0.65244 0.17561 0.34863 3.01121 6.84572 1.24849 0.2498 -3.10819 0.90439
-1.05524 2.31055 -0.84649 0.1601 4.43854 5.85397 1.26568 1.12218 -2.90118 1.64181
-0.36193 2.61349 -0.62529 -0.70379 4.72512 5.94793 -0.39025 2.65238 -3.0468 2.08515
1.24182 2.42194 -2.24988 1.10521 3.77939 6.48424 -0.85482 1.4578 0.87339 0.31941
0.88755 1.07108 -3.29807 0.72764 2.08787 5.2867 0.73403 0.22134 3.87655 -0.18124
0.02663 1.23204 -2.18945 -0.82901 1.27184 3.92375 0.96531 0.20097 6.50183 1.34693
-0.04824 -0.97159 -0.62161 -0.17944 2.28039 4.27789 -1.79666 0.46841 5.37739 1.00572
1.52478 -3.26559 -2.34972 -1.92113 2.25886 3.05474 -1.82449 0.14504 4.61863 1.26466
1.56536 -5.41771 -3.44964 -0.74004 2.58796 2.44559 -2.18771 0.09163 4.39588 0.37185
0.11257 -5.4416 -4.0818 0.10816 3.8727 1.18556 -3.71753 -0.72713 3.45558 1.18358
-0.43788 -4.56078 -3.71059 -0.71379 4.48439 3.33399 -2.2466 -0.92634 1.73842 0.10278
-0.58101 -3.09182 -5.39087 0.04896 2.93014 2.86736 -1.23996 -0.97174 2.83718 0.13927
-0.13573 -1.99603 -6.1565 0.25416 3.55154 2.95569 -1.04784 -0.3729 3.40513 -0.38614
-1.63078 -0.17336 -5.59442 -1.06566 3.29704 3.34982 -0.17415 -0.97615 2.16802 -1.77382
0.88989 1.17507 -5.5613 -3.03062 3.76139 4.41855 0.3188 -1.3284 1.74122 -1.12401
0.50493 -0.34275 -5.65988 -1.41538 3.58724 1.51334 0.94402 -1.62601 0.84054 -1.55636
-0.31749 -0.03655 -1.76862 -5.4992 3.027 1.6462 0.13425 -1.6675 1.52689 -0.86595
-0.06213 -0.87394 -3.63665 -1.83608 3.06414 1.19398 1.47757 -0.77839 3.85818 -0.39676
0.32474 -0.25816 -2.97463 -1.75381 1.62384 1.80452 0.4608 -0.06198 2.51808 0.16291
-1.00118 -0.62831 -2.37576 -0.07945 1.48579 3.13266 0.13172 1.02985 2.06041 1.47199
-0.62878 -0.34446 -2.12204 -0.13007 1.01535 1.9993 0.35008 0.59882 2.1231 1.70281
0.0567 -0.04226 -2.12997 -0.64591 -0.23114 2.36814 -0.99797 0.16653 3.59107 1.53849
-0.91763 -1.41406 -2.92091 0.02296 0.20175 2.3638 -0.25734 0.48197 1.87971 3.99826
0.37182 -1.48419 -3.1979 -0.23666 1.35209 1.77554 -0.1094 0.80242 3.00558 2.56448
0.1264 -1.13001 -3.58614 -2.38021 -0.19134 1.15193 -0.33298 1.71978 4.14036 1.04983
-0.12371 -2.1612 -3.33387 -1.8611 0.67724 2.56048 -0.50183 0.8054 6.25522 -0.04223
0.74373 0.04165 -2.62421 -2.07874 1.32759 1.78573 -1.49813 -0.26589 6.13239 0.08361
-0.03196 0.25983 -2.23452 -2.18894 -0.386 2.44719 1.7352 1.27716 6.61468 0.22629
0.08676 0.6385 -0.33639 -1.55291 -0.52429 2.55976 -0.99508 2.27985 7.03221 0.03986
0.21136 0.12583 -0.31859 -0.99528 -0.54083 4.38457 1.20719 1.66196 5.93567 -0.33195
1.76281 1.52041 1.65507 -1.0107 0.42433 5.68432 0.93288 1.05284 3.73397 -0.53726
-1.10856 0.93658 1.3938 -1.11027 -1.54652 4.81513 1.08597 0.33072 3.24421 -0.91265
-1.47506 0.57604 1.48526 0.62723 -1.16576 5.23841 1.00299 1.35595 4.15285 0.19604
-0.27768 -2.39562 3.22789 1.61688 -0.92209 5.69478 0.58263 1.6373 3.96053 0.32864
0.60635 -0.66373 1.70074 1.48293 -0.67913 6.57037 -1.37727 0.0438 6.60316 1.35367
1.95205 -0.80445 1.64691 -0.53889 -1.36655 4.18519 0.01161 1.49329 7.10686 0.66258
-1.13769 0.91921 4.63103 2.89584 -1.8185 2.32119 -1.18356 2.49667 6.75065 1.80025
-0.55305 2.34928 2.80842 -0.2129 -1.24421 2.94853 0.53425 1.9613 6.45455 0.38122
0.52231 1.63409 1.91812 1.65253 -1.54966 1.01493 0.94901 1.55596 5.98199 -0.27593
0.25841 1.16859 3.00345 1.80393 -1.92065 0.61884 -0.06092 2.05895 4.98205 -1.06308
-0.09693 0.35243 4.42107 0.08389 -1.5785 1.43789 2.29613 2.55929 4.92961 -1.47975
-0.94115 0.57615 6.277 0.57926 -1.05813 3.25833 -0.23947 2.93076 6.27053 -0.56655
-0.50607 -0.08676 5.41701 2.07729 -1.1121 3.7463 0.26114 1.16412 7.43665 -0.78106
0.15008 -0.31968 5.06199 0.19813 -0.34308 4.26976 0.37792 1.12792 8.24649 -1.36875
-0.0013 -0.43432 3.54511 0.61387 1.08196 4.23515 0.25238 -0.60508 8.4988 -1.57254
1.18732 1.18478 2.93228 2.71142 0.76359 3.68097 -0.45257 -0.83337 8.47086 -0.80655
1.19278 -0.49454 1.41867 0.55696 -0.39505 2.35939 -1.0882 -0.1629 7.97401 0.88259
-1.60399 -0.00353 0.24914 -0.01514 -2.81893 3.04347 -0.70949 0.68147 6.62789 0.87661
-1.46012 -0.45276 -0.11076 -0.75532 -2.79087 3.52506 0.69535 -0.0421 4.51139 1.2489
-0.07453 1.81108 -0.33646 -1.06236 -1.52649 3.48193 -1.94857 -0.67548 4.87845 1.50939
0.07287 1.08567 -1.69889 -0.00566 -1.3728 3.96291 1.39622 -1.91302 3.97551 2.63924
1.6236 0.96619 0.67395 1.70856 -0.35559 2.70339 0.87216 -2.18702 1.45451 1.42391
1.69921 0.17875 2.09765 -1.32799 -0.02545 4.5287 0.46702 -0.12356 0.09276 1.51625
-0.41521 1.16343 1.87021 0.04076 0.7369 3.40811 1.06508 -0.95617 -0.44371 -0.6357
1.53055 1.18886 0.75997 0.18968 1.58078 1.72741 0.7705 -1.83818 -0.01717 -0.27236
-0.87635 1.89618 1.72475 2.56824 2.09541 1.07214 1.22805 -0.17063 -1.04497 0.21034
-2.16988 1.66302 -0.34214 2.66353 2.04534 -0.18234 0.1771 0.51665 1.20456 -1.75309
-1.59438 1.10162 -0.65915 1.34796 1.30969 -0.10225 0.6864 0.62585 2.82758 -0.23348
-1.12268 1.24687 -0.13395 1.77135 1.02211 1.18479 2.12088 -0.93634 4.68037 -0.42076
-3.76943 -0.69644 0.50815 -1.45032 -0.02237 1.31985 -0.29008 -1.48781 5.61188 -0.91311
0.77451 -1.06787 -0.54904 -1.01827 -0.34278 0.05071 0.87747 -3.11633 5.40537 -1.30972
1.14923 0.69946 -0.59846 0.90958 0.21145 -1.72007 1.03274 -3.05932 6.61103 -1.72189
-0.77313 0.9748 0.19207 1.21441 0.33818 -1.00935 0.70042 -2.98456 4.50336 -1.3369
1.27476 1.77175 0.28277 0.45395 -0.21922 -1.63833 -0.6469 -1.9617 3.23632 -1.06575
0.41305 1.2786 -0.69829 0.70861 -0.46453 -1.19858 -0.00253 -0.46433 2.91351 -1.43533
-1.27223 0.77437 0.59811 -1.01785 -0.51221 -1.46496 1.05134 0.59058 4.95541 0.52779
-0.59322 0.93763 -1.08476 -1.14243 -1.50712 -1.89816 -0.53669 -0.40154 4.71735 2.11767
-0.05515 1.79202 -0.64605 -1.43926 -0.69254 0.85908 2.05832 0.11756 5.97436 2.01548
0.05253 1.87124 -0.46793 -1.92204 -0.38166 2.54205 -1.13915 -0.19989 6.58476 2.82807
-1.13278 2.73515 -1.80482 0.4144 -0.02911 2.01408 -2.09065 1.02134 6.53347 2.26368
-0.28078 1.31695 -3.96843 1.09396 1.51604 1.66696 -1.24586 0.33116 5.70154 1.61222
-2.0217 1.23486 -3.30188 0.32108 2.60615 1.38829 2.16503 0.89458 5.12943 0.78627
-0.75391 0.92048 -5.07538 -1.49791 2.70848 1.88497 0.44628 0.90077 5.48319 -0.90885
0.33108 0.36975 -6.71713 -0.07889 5.34857 2.6663 -1.52538 0.52484 5.97558 -1.30386
0.90578 -0.38675 -7.04004 -1.18166 7.09065 3.23661 -1.21278 1.62163 6.17741 -0.90003
0.99363 1.11775 -6.51921 -1.82009 6.88768 2.29832 0.48691 1.80996 7.68008 -1.31774
-0.00704 0.40756 -5.43309 -1.80537 3.33824 2.07253 0.09552 0.547 11.13984 -0.2738
1.01042 -1.24562 -5.22667 -2.51385 3.14378 0.61781 -0.30308 -1.08815 11.69096 -0.97114
0.48311 -1.78396 -4.57113 -2.2056 1.79073 1.48268 -0.46895 0.44465 13.26705 0.08807
-0.40786 -0.71296 -4.71205 -2.50201 1.61627 2.03662 1.0476 -1.30302 14.55273 0.77129
0.37341 0.79982 -2.96639 -1.54862 2.82681 1.94354 -0.74468 -1.11877 15.00789 -0.02085
-1.2404 1.55844 -0.36761 -1.92689 2.91201 2.26704 0.8821 -2.05113 14.43346 -0.71849
1.73132 2.84872 -1.81987 -0.42489 3.27318 2.05984 0.16216 -1.54148 13.97325 -0.87186
0.95861 2.86416 -0.95026 -0.40686 2.11783 3.12857 1.91168 -1.35436 13.71759 -0.23153
-0.04249 2.91456 0.40261 -0.23827 0.79648 2.92959 0.88879 -2.87562 12.31731 -2.0365
-1.81887 2.58588 -0.76462 -1.58287 -0.38062 1.41091 1.18931 -1.88303 11.48424 -2.26354
-1.71219 2.6285 -1.30474 -2.10381 -0.91766 2.47808 -1.34441 -1.93799 11.98024 -1.36048
-0.75403 1.29336 -1.37409 -0.41172 -1.44929 0.20477 0.53708 -1.75715 11.62917 -1.85122
2.23112 1.32346 -2.02983 -1.43159 -2.70004 -0.66299 0.81198 -2.41962 9.07402 -1.0904
-1.25323 1.03017 -1.98297 -0.78203 -0.82519 -2.88145 0.55847 -0.73532 8.11557 1.46744
-0.84303 1.59161 -0.68974 -1.49866 -1.00809 -4.33362 1.98534 -0.57276 6.75487 1.96109
-1.77845 2.77644 -0.4736 -0.6178 0.75164 -4.85288 1.49976 -1.40225 7.02701 2.09419
-1.43267 3.22005 -0.93732 0.13666 1.39899 -2.55205 1.32158 -0.46141 6.26375 2.01437
-2.16138 4.7589 -1.01815 -0.28318 0.849 -1.41538 1.02319 0.05067 3.94554 2.12631
-1.13943 5.36023 -1.45254 1.85328 2.06417 -1.61101 -0.5132 -0.29566 5.28261 -0.06721
-2.2526 4.53257 -2.30594 0.88966 2.37491 -1.17997 0.95083 -0.03445 5.52248 -1.74906
0.51011 4.59253 -2.50189 -0.80696 3.7366 -1.0754 -0.44512 -0.60047 6.18751 -1.56576
1.02585 3.17504 -1.46307 -0.04223 3.72682 -1.40069 -0.13852 -0.58069 7.71417 -2.44969
0.38564 2.01852 -0.79669 0.55284 2.66028 -0.68838 0.617 -0.3918 8.73749 -1.83997
-0.91988 0.94643 2.80923 1.19421 2.7783 -0.01449 -0.92089 0.91535 11.04004 -0.76126
0.57442 1.39389 1.22104 2.02146 3.84674 -2.50436 0.89341 2.60641 10.64429 0.65976
-0.89135 0.70242 1.5422 0.15494 3.19202 -0.63868 0.9269 1.16631 10.49845 0.18383
0.46841 -0.21317 -1.41453 0.76967 3.94926 0.30416 2.0943 0.55973 9.96577 1.31062
0.0925 -2.51474 -0.59842 0.6601 4.89526 -0.5861 -0.84923 0.44911 9.2002 2.49211
0.74156 -1.39565 -1.3616 0.06169 5.17916 -2.14769 -0.07144 1.70184 12.8694 2.37167
0.54103 0.2444 -0.9782 0.32892 3.16182 -1.95528 -1.01797 1.87336 14.86621 1.93588
1.19468 -0.18884 -1.15478 -1.80341 4.1618 0.30444 -0.19884 0.28449 17.84773 1.71935
1.1208 -1.06214 -0.43229 -0.91783 5.24339 1.85879 0.07154 -0.43571 15.4896 -0.11398
0.6067 -1.6578 0.48345 -0.28492 5.14384 3.55555 -0.30805 0.98243 16.89635 0.0515
-0.08954 -3.26157 -0.67384 0.5627 5.5792 3.25282 -1.05958 0.05984 16.32574 0.16096
-1.02091 -3.25551 0.24597 -1.87107 4.73165 3.56549 -0.0381 -0.04823 16.86864 0.13569
-0.61444 -0.56586 -0.49624 -0.94734 4.24443 4.19889 -0.78886 0.42455 16.96546 0.59235
1.991 -0.60218 -0.98308 0.16236 5.7771 3.05857 -1.74274 0.90998 18.986 -1.26486
1.96691 -0.25452 -0.87108 0.26574 4.95759 3.42023 -0.31704 1.67929 18.53176 -1.14882
-0.97007 0.28945 0.62132 -1.56568 2.85435 3.90553 -1.83314 0.92268 20.31226 0.04139
-0.14443 2.01143 -0.7504 -0.6746 1.72247 3.21851 -1.13534 0.91502 20.11041 0.59956
-0.68019 1.801 -3.58442 0.92106 -0.73651 3.27873 -0.30121 -0.12071 20.64441 0.00176
2.03759 -0.10152 -2.42316 -0.11567 -2.06863 2.30731 -0.0054 -1.08822 20.54938 -0.26874
-2.0454 2.86899 -0.98507 0.67602 -3.58803 2.24406 -1.08021 -2.26289 17.99358 0.54886
-2.40753 2.79691 -1.17318 1.61875 -3.09184 1.75164 0.41769 -1.01613 16.077 -0.02624
-0.55263 1.39803 -2.54486 -0.83376 -2.46286 1.58838 -0.56696 -1.58376 13.92595 0.30385
-0.45021 0.82807 -3.42781 -0.56759 -0.06533 1.03171 1.27241 -1.84035 9.31972 -0.05549
0.71362 0.90681 -2.63925 -0.70609 0.83507 0.35206 -0.70067 -1.15307 8.12785 0.17917
0.86354 1.67096 -2.27136 -1.41093 1.28074 0.93537 -0.05304 -0.80143 6.19747 -0.51245
0.51284 2.65993 -0.13928 -0.72889 1.49954 1.22829 1.37819 -1.0803 5.62247 -1.54918
1.20258 2.93464 -1.4864 -1.88298 1.7829 -0.31243 1.88021 -1.86472 4.37179 0.06197
0.88997 2.96825 0.14505 0.02517 3.24474 0.38175 1.04222 -1.75495 2.15624 0.36204
-0.74853 2.92931 0.76169 1.50825 2.11082 -1.21762 1.23587 -2.04397 1.84374 -0.12971
0.61517 3.1904 1.49555 1.26008 2.79385 -0.34747 -0.50652 -0.53227 1.84675 -1.90476
0.3704 1.9211 1.89545 -0.18534 2.08556 -2.37026 2.08654 -1.46136 3.12312 -1.24459
-1.34957 4.25541 2.92096 0.14648 2.43566 -1.99423 1.43538 -0.76333 3.19142 0.40483
-2.16776 1.57599 2.40109 0.58366 1.49355 -0.45055 1.32129 -1.2714 5.17427 0.60189
-2.34301 0.95694 2.37584 0.561 2.0352 -0.84665 0.11168 -1.21209 5.17477 0.2923
-0.18543 -0.93401 2.11724 0.28777 3.3986 -1.45792 0.29551 0.70496 5.79296 1.16272
0.80941 -0.10901 2.65002 -0.28082 4.37258 1.31776 -0.30055 -0.69739 6.05191 1.94421
-0.57257 0.10562 2.10684 0.17312 4.36371 0.99674 0.27118 0.49018 8.35419 0.7391
-0.71809 -1.48376 1.83875 1.6992 3.42049 -0.51186 -0.58287 -0.53353 8.91521 1.98541
-0.26208 0.17594 0.63303 1.68638 3.85889 -2.38301 0.941 -2.06782 9.18881 0.12978
-0.25674 -1.11286 1.01734 2.54622 4.80627 -1.54538 0.82228 -0.98314 8.93362 -0.74583
-1.86444 -0.81573 1.33032 0.99089 5.10579 -0.90405 -0.62203 -0.11242 11.31066 -0.97541
0.30084 0.88885 0.03943 -0.77274 4.79173 -0.79182 -0.6959 1.39983 11.10135 -1.34859
0.5381 1.05342 0.38001 -0.32297 4.58442 -0.66912 0.45828 1.28613 12.02483 -0.37438
-1.76929 1.16696 1.50463 -1.67335 3.15741 -0.41251 1.02359 1.53028 14.25665 -1.18865
0.65465 -0.53054 1.9772 2.26063 3.27298 -0.83723 0.93613 0.7981 14.14289 -2.34753
0.3011 -0.35374 2.42196 1.71056 3.36591 0.37457 -0.46983 -1.99584 13.84899 -1.24823
1.032 -2.34987 2.98983 0.94829 1.92487 2.44453 0.78106 -2.47038 13.19464 1.25948
0.56185 -2.04979 4.464 1.80927 0.19558 1.64576 -1.7811 -0.94592 11.66282 0.925
-1.13666 -1.40741 2.70812 1.62164 -0.11786 0.94206 -0.90543 -1.91256 10.783 1.84026
-0.40654 -2.02223 0.85058 1.84299 2.04236 0.74328 -0.06623 -0.74417 9.2872 1.25372
-1.44137 -2.03077 0.89524 0.35542 2.58594 1.42247 -0.55916 -0.22849 9.50565 -0.57554
-1.3276 -2.15292 1.88443 0.79656 4.58597 2.19721 -0.64188 -1.4009 9.79645 1.5908
-1.01561 -2.32601 1.88358 -1.11606 4.81458 1.63213 -0.24607 -1.33607 9.46053 1.30773
-1.04192 -1.39438 1.90414 0.78457 4.22723 -0.6448 0.81992 -1.90483 9.58426 0.92768
0.36876 -0.83797 1.90857 -1.495 5.53907 -1.51404 0.06901 -2.31913 11.68199 0.04908
-0.00801 -1.06847 1.32813 -0.80672 6.23311 -1.61418 0.51517 -2.83315 10.51868 -0.42475
0.42813 1.02133 2.05935 1.07888 5.37311 -0.60617 0.7317 -3.82271 10.19068 -0.58584
0.07145 -0.7285 -0.192 0.30668 4.48114 -0.38007 -0.13277 -1.87432 9.34107 -0.43811
1.23396 -0.69811 2.87205 1.92516 5.02543 -0.74328 1.62071 -3.24664 9.17151 0.57113
2.30753 -0.64351 3.67353 2.88869 5.25788 0.0015 0.4813 -2.55791 6.66951 -0.44414
1.30188 -1.28446 2.47741 0.84197 6.53471 1.86433 0.0189 -0.32458 6.55482 -0.53992
1.48807 -1.65596 3.45921 1.21977 6.50272 1.88967 0.15865 -0.43426 7.77099 0.76434
-2.01937 -0.89403 3.12698 -1.20952 5.4239 3.14028 0.95712 -0.01676 10.33317 -1.47242
-1.11476 -0.06567 3.13781 0.82609 4.57288 5.11018 -2.08342 0.51246 11.43509 -0.16346
-0.46952 -0.46447 1.95924 1.21718 4.212 3.90588 -0.58174 0.4617 12.84388 -0.56051
1.19358 0.15821 2.58033 1.48047 4.77043 4.23354 1.0667 -0.89037 12.70393 2.20896
0.73094 -0.48975 1.48282 1.37969 6.72338 4.37534 1.04791 -0.55096 13.86459 0.135
0.76509 2.1499 -0.08894 1.41909 6.15175 2.01053 -1.05622 1.51817 12.55347 0.17043
0.0502 -0.66498 -1.09198 -0.72386 6.93984 0.42386 1.81802 1.19885 14.45716 1.2872
0.46778 -0.60397 -0.40133 0.6952 7.03246 -0.50907 2.5843 0.57363 16.26985 0.38264
1.09849 -0.37187 -0.39743 -0.22393 8.15312 0.59666 1.33421 2.87156 18.42908 0.75297
0.2268 -0.44448 0.0384 -0.71589 7.23418 0.35588 0.82355 1.78335 19.52462 1.24537
-2.06011 1.1063 0.92337 0.03943 6.27753 2.20663 -0.20652 1.72163 23.03408 1.79253
-0.6023 0.87669 -0.47053 1.68445 5.64497 2.1721 0.32165 0.28101 25.67806 1.19833
2.1632 0.17685 -0.1419 -1.27298 6.4094 0.34848 -1.19891 -0.95141 26.66609 -1.21723
-0.79178 -1.95468 0.05661 0.60391 5.88092 0.38064 -0.06112 -1.20502 26.46239 -0.19372
0.69349 -2.72656 -2.27893 0.63213 4.14212 2.79539 -1.94057 -1.45146 26.79627 0.97486
-0.43176 -2.03768 -1.75952 0.02785 3.00905 2.33943 -1.49841 -0.90258 26.91518 0.98662
-0.61846 -1.66858 -2.63347 0.18841 2.55862 2.11681 -1.40383 -1.20354 26.60238 1.55636
1.40225 -2.34885 -3.0448 -0.82147 3.29084 1.83807 -1.26838 -1.66627 27.15863 1.7809
-0.01195 -2.31941 -3.39823 -1.8435 2.11076 2.54704 -0.35921 -0.90072 25.42987 1.97582
-0.17163 -2.1877 -1.86207 -0.81535 3.4316 3.14838 1.11297 -2.42676 23.75124 -0.30682
0.19614 -1.51668 -1.46441 -1.39808 3.31248 1.48321 -2.23714 -1.48921 21.28975 -1.29751
2.00196 -2.39686 -2.77094 -0.34334 5.06677 3.05332 -1.11179 0.3399 21.49129 -0.66828
-0.63959 -2.90389 -1.31373 -1.95007 5.24631 2.55776 -1.92967 -0.27004 22.33163 0.14633
-0.96977 -3.59444 -0.37078 -1.54628 2.41116 2.98959 -1.5537 2.09236 23.84242 -0.79304
-1.89482 -1.87105 -1.03768 -0.65473 2.74149 2.51723 -1.01149 -0.70593 25.00427 2.5487
-0.14428 -0.67666 -1.89528 0.66626 2.07261 1.71148 -3.12901 -1.07894 23.64954 -0.6082
1.59695 -0.9414 -2.43744 -2.02056 1.84545 1.4788 -1.94462 -1.16886 22.94196 -1.88864
0.23197 0.69231 -2.64012 -0.46252 1.34294 0.17998 0.61958 -0.56528 21.98088 -2.50166
0.33854 1.11975 -0.65665 -0.38333 0.52969 1.86835 -0.90952 0.67755 21.06168 -3.22853
0.59568 -0.14195 -0.47402 -0.13785 -3.18921 1.43664 -0.06213 0.19696 20.32031 -1.84746
1.39638 1.26712 0.51042 -1.24455 -3.42645 0.71611 1.08854 0.4105 17.64273 -0.8539
-0.5144 0.18718 -0.61004 0.191 -2.92783 -1.11492 -0.59098 0.31979 14.8558 0.62424
-1.05635 0.45998 -2.31622 0.59803 -2.12104 -0.11652 -1.63738 1.23189 13.8446 -1.07142
0.30905 1.05926 -3.62446 0.88294 -2.30337 0.56855 0.23223 -1.10088 11.79691 -1.85713
-1.1668 1.28155 -3.3474 0.89855 -1.71756 1.01635 0.82557 1.09037 10.12946 -1.07231
-0.76911 0.02381 -3.29727 -2.09726 -2.44533 1.08451 1.49185 -0.57549 8.80248 -1.71657
-1.44117 -1.09095 -4.19049 -1.10051 0.16001 1.94195 1.38137 -0.65491 6.79531 0.25267
-2.10272 -0.24833 -2.16635 -0.70156 -1.74559 2.80289 0.00754 -1.09873 6.73896 0.1027
1.01088 -0.19618 -2.36147 -1.12128 -1.44227 2.54156 1.12859 -1.07929 7.40916 1.74548
1.3826 -0.66834 -2.09928 -0.51594 -0.63336 0.54779 -1.46965 -0.57254 7.49544 1.48768
0.09516 -1.05907 -1.57976 1.24959 -1.53151 1.68697 0.1757 -1.97982 6.25452 1.34583
-0.85739 -2.22959 -1.13027 0.46027 -2.23534 1.51749 0.91338 -1.17475 4.75444 -1.58928
1.78964 -1.66258 0.06507 0.62971 -2.43369 1.52464 -0.99498 0.23406 2.42488 -0.73126
2.33791 -0.25864 -0.7367 -0.87914 -1.5939 1.36748 -0.66831 0.98292 0.54212 -2.13434
-1.10757 0.53414 -0.20347 -0.85306 -2.87139 2.40573 0.16919 -1.04656 1.14863 -1.38164
0.2284 0.95196 -0.46406 0.05715 -2.15824 2.83645 0.10407 -0.69897 0.92659 -0.19741
-2.48655 -0.72824 1.36777 0.24625 -2.29068 2.85264 0.51045 -0.64895 -0.84498 2.15666
2.16512 0.784 -0.73221 0.55972 -3.32824 1.92157 0.3186 -0.19059 -2.34515 0.44058
1.03706 2.22007 -0.47952 0.75584 -3.27209 1.75864 -1.26642 -1.32468 -3.60316 -1.705
1.3385 1.88372 -0.9079 0.92402 -2.71343 2.06051 0.17325 -0.41735 -6.97873 -1.91804
-0.38497 1.1456 -1.60703 -0.21932 -1.89492 1.08753 -0.35839 0.49768 -8.69811 -2.94084
-0.47949 -0.73007 -0.91597 -0.69329 -2.94712 2.35007 -0.84813 -0.42636 -7.88346 -0.08386
-0.39002 -2.06341 -1.74991 -1.51696 -2.23437 3.92147 -1.08806 -2.4248 -10.20828 1.08754
0.33807 -1.98485 -2.38127 -2.82667 -1.27825 4.28541 -0.6586 -1.02635 -11.05844 0.90783
0.6702 -1.40725 -3.78634 -1.4371 1.16938 2.74677 -0.69963 -0.54268 -9.8516 1.4339
0.02309 -1.1054 -4.00236 -0.668 3.28161 2.67014 -1.00191 -0.45397 -9.0793 0.44837
0.20734 -0.21289 -4.12949 -0.30856 2.73104 2.374 -0.89069 -1.80901 -8.69925 0.45935
-1.77884 -0.47116 -3.2797 -1.34207 2.39518 2.93979 -0.58188 -1.58675 -9.79717 0.73056
-0.9699 -1.63623 -2.36295 -0.88889 2.07403 3.82051 0.08534 -1.42214 -10.4119 1.06506
-1.11351 -0.98846 -2.17391 -1.32168 2.72109 3.6833 0.14019 -0.1035 -10.4353 0.27138
-2.88118 -2.05868 -2.97196 0.65937 1.67024 2.32493 -0.37144 1.26827 -8.81124 -0.63317
0.20484 -1.21006 -2.77702 -1.09071 2.9839 1.22575 0.67544 0.45526 -6.61698 -0.019
-0.18744 0.52706 -1.48205 -0.34293 3.11099 0.89348 -1.70274 1.44506 -4.54947 0.23828
1.31564 -1.7313 -3.34517 0.37584 2.53964 2.60301 -0.21026 0.55859 -4.39647 0.56655
0.36379 -1.47963 -1.94659 -0.27706 2.73316 2.4046 -2.69193 -0.12665 -4.24869 2.35696
0.44098 -4.16308 -2.94223 0.49165 2.41222 1.87893 -1.50919 -0.56878 -4.66712 1.32507
-0.94025 -3.03981 -3.61624 -1.79052 2.93813 2.11724 0.38332 -1.98191 -3.73199 0.8614
-0.12756 -2.89664 -3.49141 -1.39072 2.9252 1.43835 -0.50162 -0.33299 -3.1577 0.71712
-0.49082 -0.68667 -2.67166 -1.69308 3.02597 1.70294 -0.9817 -0.03031 -3.85817 0.23228
0.09294 -0.37419 -2.4992 0.74527 2.9648 4.14117 1.33428 -0.49614 -2.46226 -0.28104
-0.56047 0.17016 -2.41825 -0.57054 0.89264 3.90667 1.11888 0.10118 -1.86013 -0.6548
0.62158 -0.03415 -1.9436 -0.06772 0.06324 1.72662 -0.29961 -0.76379 -0.96224 -2.08253
1.3099 -0.58721 -1.93602 -2.86757 -0.10818 3.34936 0.41814 -1.26742 -0.08152 -1.88093
-0.2844 -0.67746 -1.96042 -1.50013 1.26049 2.05882 -0.50779 0.38843 -0.53083 -0.75779
0.68752 -1.75818 -2.7385 -0.91032 -0.69126 2.29843 0.21331 0.08724 -0.29809 1.30138
0.78438 -1.52859 -2.73569 -1.15467 -1.62205 3.98708 -0.24019 -0.36136 -0.44922 2.96414
1.37347 -0.53737 -2.8798 -0.0584 -3.38826 4.28623 -1.98967 -1.42715 -1.84502 2.79352
-0.22091 -0.94588 -4.47491 1.01299 -2.81539 2.89365 -1.30639 -2.78108 -2.79749 1.16541
-0.17881 -1.04896 -3.69233 -2.36341 -3.74871 2.42182 1.22298 -2.68567 -4.65996 -0.07864
0.87628 -1.18452 -3.38543 -2.75613 -3.1285 3.85714 -0.57705 -3.02626 -7.99672 0.5412
-1.03673 -1.2522 -2.66814 -2.33956 -1.70863 2.36842 -1.69714 -2.15561 -9.98228 0.48044
-0.77872 -1.53314 -3.0608 -0.41152 -3.64717 3.35137 -0.96105 0.61944 -11.95381 0.1962
0.81161 -3.228 -3.8034 -0.74696 -2.70691 2.15 -1.34937 1.21573 -10.60236 1.51098
0.22528 -3.55209 -2.82041 -1.4589 -2.39352 1.48229 -0.50216 1.12752 -9.87073 2.18182
0.22021 -2.0345 -3.90692 -0.95464 0.24877 1.66885 -2.81482 1.65091 -8.89848 1.34638
1.29378 -3.209 -5.71871 -0.70711 0.6817 2.41603 -1.30069 2.09039 -9.4654 0.30045
-0.6526 -2.86613 -4.5599 -2.2241 0.68871 4.11649 -0.75233 1.36774 -9.69791 0.75281
1.86395 -2.14066 -5.42284 -1.98487 -0.07611 2.52756 -0.20508 2.84039 -8.16152 -0.21781
-2.15249 -1.50451 -3.19876 -0.9671 -2.47068 1.67434 -0.96823 2.3407 -7.41031 0.08327
0.77505 0.039 -2.8205 -2.37222 -0.92951 1.66852 -0.88605 0.64823 -5.75572 -0.81005
1.76905 -0.94048 -3.38375 -1.77397 -0.69187 -0.32897 -0.30682 1.81762 -7.88182 -0.11916
0.06916 0.47587 -4.2732 -0.40359 -0.25514 0.63308 -0.89375 1.58 -5.99382 0.24032
0.38456 0.59519 -4.18977 -1.1423 -1.13695 0.48166 0.77612 0.81135 -6.35177 0.75234
0.17686 0.503 -4.5003 -1.17984 0.57577 -0.80566 -0.55414 0.65145 -5.50436 0.63436
1.45613 0.222 -6.75189 -1.95996 -0.31035 -1.85465 -0.08843 1.01208 -4.3309 1.03918
-0.54993 0.28496 -4.66641 -2.23938 0.11758 -2.26458 -1.76269 0.32689 -4.15029 0.69365
-0.71868 1.0067 -5.253 -0.36716 -0.43374 -1.66094 -0.8854 -0.06901 -3.89549 0.32415
