14.55268 0.80028 3.05177 2.7962 0.4603 0.99866 2.03376 1.6736 3.61419 2.39979
13.55676 0.79304 2.50782 2.94276 0.78356 1.93131 -0.01095 2.44741 4.01017 5.46794
12.01651 2.18217 1.78506 1.09058 0.87423 1.92164 1.46694 3.03263 2.89047 4.26345
12.53196 2.24253 2.06177 0.56322 -0.42125 2.75277 -2.00512 2.45229 3.56881 3.69218
12.62114 1.40194 2.38032 0.4028 -0.13183 3.93153 -1.4049 3.79489 3.61924 4.60417
14.14969 2.35154 2.83816 2.50867 0.88533 2.6349 0.2774 4.29818 1.15445 5.56883
13.41749 1.40607 1.61889 0.07195 0.33423 2.92165 0.06033 2.3698 3.83587 5.83459
12.42211 1.26349 1.87304 1.92197 1.89472 3.14654 -1.68209 2.24583 5.09606 5.73491
12.37786 1.60873 1.84298 -0.00601 0.5204 4.2913 -1.754 2.74981 3.28919 5.15212
13.14808 0.52048 3.03969 0.34929 0.46401 4.7745 -0.77758 3.75391 4.67303 4.26911
13.8839 0.26114 2.33659 -0.626 -0.51774 4.37397 1.32312 3.43625 3.77567 3.62462
12.44546 0.17942 2.21087 2.76724 -1.16652 3.53503 -0.6525 2.54572 0.1955 4.89569
12.78541 0.50034 1.84276 0.91162 0.88886 6.06532 -1.0159 2.80597 1.38193 7.01339
12.06421 -0.12028 2.10036 1.47009 0.3962 5.61238 1.10431 3.02876 4.15656 4.98721
12.59269 0.79704 2.6278 1.03414 0.73702 5.3865 1.29837 4.86832 1.73326 5.23
13.88358 2.18936 1.92864 0.55663 -0.76588 4.81741 0.32131 3.82011 5.09445 4.54058
13.32842 3.92779 3.88698 1.14463 -0.42077 4.04601 1.65562 5.30833 3.61827 5.6114
13.71306 4.22832 4.27076 1.65793 0.72911 3.40169 -0.42554 3.45754 4.47754 5.94246
14.22935 2.50369 5.18418 1.85743 -0.16029 3.32027 1.40299 2.75484 3.96282 5.45953
13.12703 1.0734 4.20179 1.33499 1.64932 5.0336 1.17916 2.33747 2.31713 4.99844
12.06221 -0.74385 3.52353 0.24713 3.08904 3.81833 -2.4219 3.76494 4.36305 5.62058
13.35096 -0.80898 3.51591 0.66369 -0.01025 6.36714 -2.92739 3.48988 4.19994 6.83164
13.10339 0.67695 2.70944 1.80889 2.31247 6.22788 0.84018 3.90844 3.53381 6.7478
13.71358 0.75311 1.63195 1.91937 0.7937 5.78609 0.38321 4.69266 4.03595 6.68841
13.41976 -0.13668 1.13577 2.75609 1.0323 6.56445 0.96285 4.48846 2.80384 8.14405
14.33325 -0.52264 1.85444 0.38541 -0.06045 6.47066 -0.06848 4.57271 3.80248 9.62499
15.24332 -0.91622 0.87544 1.86764 -0.41881 6.4957 0.00776 6.18296 2.4468 8.27497
17.65017 -0.87166 2.69586 -0.20107 0.50461 7.23066 1.32387 5.4923 4.00131 8.55253
17.28567 -2.0915 2.59166 1.02803 1.89431 8.01172 0.7199 5.9189 5.76593 8.72727
17.31596 -2.18801 1.01333 1.53353 2.12001 6.47158 0.20984 6.16631 3.62525 10.10593
17.01011 -1.20343 0.97092 -0.46258 -1.67621 6.64553 1.22756 6.81088 3.59779 8.66698
17.56118 -0.08311 -0.83968 0.64571 0.10834 5.41618 -0.42238 7.5143 3.60058 8.69893
19.22425 0.76578 -1.14002 2.04638 0.54434 5.42185 -0.33722 7.56203 5.50433 6.5804
20.96906 -0.84957 -0.77013 0.37411 0.51692 5.64529 0.75225 7.274 5.32875 5.2358
22.6655 -0.19694 0.61884 2.49157 0.07115 4.0498 -1.16779 8.66383 5.04408 4.59286
21.92308 -0.79584 0.12118 0.91321 -1.16206 6.1649 -0.32285 6.03131 5.58671 3.56369
23.7201 -1.61624 0.50958 1.80693 -0.30235 6.91697 1.21899 5.23861 5.08917 3.08434
22.71639 -1.26285 1.6041 1.15924 -1.54816 5.51654 0.78325 5.29168 5.42458 4.0895
22.22639 0.54747 3.04284 0.9532 -0.76118 4.72224 0.05616 4.25771 5.34715 2.96422
22.91605 -0.66792 3.049 1.02887 1.72484 5.46296 1.0011 3.301 5.8756 2.3041
20.97175 0.37172 2.94982 0.18819 1.21826 4.64 0.50533 2.4961 5.99923 2.46448
19.94779 2.30851 2.52163 1.40737 1.76971 4.32489 -0.5852 1.54289 5.07718 3.79028
18.36816 1.28155 1.33213 2.55083 0.32096 5.06162 1.33465 3.19366 5.17426 5.29135
18.16121 2.14824 1.36056 2.5938 -0.61409 5.65086 -0.00718 2.92071 3.20966 5.91744
18.23167 1.89946 1.20244 2.78173 0.3768 6.08385 -1.01233 3.32642 5.84114 5.20783
18.1237 0.51813 1.09357 2.95396 -1.5833 7.195 -1.7951 2.83809 2.50449 4.17487
18.05295 -0.26161 0.86798 1.95392 2.96911 6.08208 0.83164 1.0771 4.52505 3.6675
16.52346 1.11966 -0.96133 1.32671 0.39358 6.30486 1.43087 3.59355 4.93458 2.94763
16.25927 0.04872 -0.96838 0.57389 0.57627 5.34697 -0.43496 6.19584 3.84391 3.95577
17.08208 1.53336 -3.23288 0.10721 -1.62522 4.13661 -0.04994 5.05623 2.40835 3.18724
18.1456 0.54493 -3.09552 0.86402 -2.71179 3.15101 -0.44418 4.74965 6.07233 3.79895
20.06872 -0.35021 -2.68248 2.26194 -1.33622 3.8767 -0.60642 5.13372 5.44537 2.706
20.95521 -0.53986 -1.50066 1.83365 -0.53686 3.49902 -1.23592 3.60881 4.3691 0.73918
20.6132 -0.80678 -2.63238 1.36877 -2.80497 1.93139 -1.27993 2.9186 5.57369 -1.21394
18.31599 0.39303 -0.13515 1.14669 -2.09396 -0.24132 0.01782 2.58629 5.52663 -1.76939
19.42918 0.95855 1.06815 0.4843 0.02105 -2.42585 0.19768 1.10216 4.69629 -3.35152
20.3728 1.2501 1.33707 1.47669 -0.33352 -2.02836 -0.55272 0.74566 4.37028 -2.45913
18.53151 0.88597 0.61688 2.08874 -0.74909 -0.88723 -1.79256 -0.20171 3.38909 -2.84792
17.66146 -0.62787 0.69913 1.16256 0.76971 -0.17433 -0.37501 -2.04108 5.11633 -3.17237
15.86615 -0.13474 1.1033 -0.01692 1.21339 -0.41676 -0.12159 -3.07625 5.70126 -1.90901
13.88541 -0.08559 2.22981 1.18705 -0.51445 -1.41814 0.26953 -1.81502 5.70897 -1.52636
12.43209 -0.37431 2.98581 1.05632 1.54036 -0.67055 1.22848 -2.50179 2.14557 -2.02414
11.06969 0.92189 2.37375 0.84526 1.50063 2.27917 2.48973 0.59082 2.40721 -2.13407
10.55269 -0.63014 2.14948 1.09337 0.01626 1.0417 -0.58193 1.21856 2.67248 -0.21843
9.60965 -1.33156 3.08824 3.00663 1.18975 1.78281 1.24998 0.13731 1.61487 1.11634
9.1035 -0.57534 1.52857 -0.57301 0.63388 1.16718 1.23806 1.40543 1.67571 2.7135
9.6591 0.14332 -0.3535 0.17102 0.57591 3.04691 -0.06775 1.48528 2.87232 2.65118
8.6348 1.91015 -0.98823 1.84518 -0.01709 2.81833 -0.67124 1.95294 2.09484 4.85119
8.69183 1.07407 0.92318 0.5996 -0.49924 2.56154 -1.75022 2.13635 1.04139 5.43226
9.57744 0.56347 0.50504 1.12279 0.2466 3.51881 0.21443 1.45776 3.57711 3.79577
9.20771 1.22362 2.01687 0.71333 1.98165 3.8441 -2.88153 3.67396 4.5916 2.34301
8.88059 -0.49163 3.34239 0.97262 1.08674 4.31553 -1.27556 3.13331 0.75482 1.48014
8.36654 1.37979 4.84197 0.08824 0.24794 4.04846 -0.73463 3.32955 0.97743 0.26067
9.93473 0.51291 4.79983 -1.14509 0.08965 5.16437 -0.13416 2.12268 1.25428 1.27599
8.70531 0.61395 5.24843 0.13416 -0.18291 4.42678 -0.93415 1.43735 0.43114 0.68224
6.66165 0.6314 4.12809 0.07627 2.53536 4.7589 0.93685 -0.41552 3.04836 1.39763
4.51927 -0.64192 2.70905 -0.17333 2.41698 4.15478 -0.06429 1.19798 3.45622 2.02829
5.62788 0.41538 2.70692 -0.11602 1.01561 3.66092 -2.65218 2.15947 2.28949 2.73303
3.92288 -0.10082 2.4973 0.2846 0.72573 6.66679 0.35673 1.6395 1.63102 2.74087
2.51577 -0.9524 2.3061 -0.94624 -0.12341 7.05669 0.22923 1.58307 2.68928 2.38315
0.82676 -1.25897 2.90395 0.50054 0.9387 8.00344 1.41755 2.75676 1.24451 3.47799
1.12064 -0.92175 1.05401 0.5465 1.71303 7.16912 -0.39073 2.36093 0.57279 3.10421
1.80104 -1.53841 1.44164 0.64002 0.69539 6.13009 -1.3869 0.57982 0.67153 3.28808
0.80369 -2.76283 1.52262 1.93074 0.40945 5.65217 -0.75452 -0.77962 0.85079 3.8589
1.6763 -1.58185 1.38862 1.48711 -0.16491 5.45242 0.02198 0.08967 -0.22098 5.08474
2.45883 -2.15158 1.2862 -0.69063 0.0242 8.18318 -1.8984 0.00548 0.47596 6.35755
2.26308 -2.48124 2.16247 1.43797 -0.56465 7.19601 -0.75305 0.06395 0.62934 5.68083
4.14479 -0.83245 1.48183 1.20998 1.32294 6.27962 0.77025 2.67852 0.01626 5.9267
5.55434 -0.65635 2.73104 0.26932 0.51687 6.04316 -0.35667 3.24681 -0.55856 5.98535
4.82476 0.31686 3.06968 0.6066 1.32227 6.98649 -0.23378 4.20127 0.776 7.83472
5.22285 -0.40984 3.59237 0.68298 0.95302 6.03752 0.98864 1.80758 0.01532 8.12637
5.43265 0.18295 3.83428 0.8465 -0.24592 5.40551 -1.01872 2.92688 1.47197 9.24428
7.04325 0.44838 3.27603 1.05497 0.84467 5.84979 0.49797 4.5458 1.54827 10.24334
7.25855 -2.32331 3.56154 0.14735 -0.12264 5.55082 0.26557 6.12738 2.0952 9.8946
7.55568 -2.78985 2.92812 0.27162 1.69369 5.76271 -0.48018 4.07116 1.73752 11.63215
8.56828 -2.46165 4.0044 -1.41059 0.21387 7.12027 0.70337 4.3177 1.11005 12.08842
9.55181 -1.45391 4.4968 1.14683 1.6958 8.57282 0.3348 3.64221 1.8543 11.76643
9.50532 -1.57702 3.49592 0.61549 -0.28439 7.09244 1.37232 4.81878 2.44258 11.60747
9.26698 -0.87558 2.75517 -0.32815 0.55975 7.5456 1.4668 4.89219 1.78112 10.14371
9.95333 -0.68098 2.9694 0.61928 0.63393 7.73276 0.09944 6.40919 3.3058 14.18092
11.42988 0.50884 2.42976 0.38621 0.99732 9.15442 0.33034 5.98652 3.22324 14.87695
13.39795 -0.46357 1.89681 -0.55939 -0.08274 8.12982 0.51218 6.20477 2.93502 14.52399
13.9944 -0.86113 3.285 -0.34319 -0.62707 8.54962 -0.40078 7.6925 2.85113 14.55917
13.01309 -0.72898 2.36404 0.84341 -0.4159 8.5352 -1.02538 10.2356 2.52972 15.12236
14.07651 -2.04884 2.48035 0.77185 1.64735 9.64678 1.20015 10.96246 3.26464 14.07171
16.20129 -1.38927 2.28423 1.14651 2.11461 9.69268 0.09629 12.00428 6.21484 13.5498
18.2102 -0.00833 2.2703 -0.8675 1.30884 9.12749 2.1344 9.55192 3.42184 14.00282
19.74473 0.11182 2.95894 -0.3912 -0.75287 10.20207 2.19189 8.86755 2.68466 12.10832
21.42649 -0.34009 3.4104 1.20611 0.25781 9.62336 0.09348 9.16338 4.63144 12.90641
23.50105 -0.66925 3.46532 1.8368 0.50016 9.67143 -0.86756 10.21939 6.17145 14.12534
24.77627 1.49788 4.37632 1.80578 0.10162 9.54475 0.40484 8.3922 6.88484 16.48259
24.99776 0.02338 3.44656 1.26503 0.98228 10.18571 0.79592 8.34112 7.59684 17.30848
26.192 -2.24018 3.3347 2.64419 0.13944 9.51102 0.28049 8.66597 5.43553 18.5543
28.13585 0.92889 3.81307 4.32805 2.57918 9.11761 0.89515 8.13515 6.86317 16.44882
29.14039 -0.59232 3.19841 2.99587 2.26981 7.92087 0.70591 11.04106 6.06572 14.80342
30.34841 -2.17996 4.20607 1.25658 0.48887 6.50762 -1.4855 14.08942 6.21845 16.05709
33.21431 -2.06083 3.64068 1.79151 0.71515 6.95707 -0.32323 12.50286 6.27453 16.83837
34.78798 -1.03138 3.30674 2.49119 2.54015 6.81511 -0.81579 11.79419 9.37049 18.38774
35.76369 -1.21166 4.18425 0.85276 0.98443 6.25903 -0.33918 12.94473 9.68103 17.27621
36.09983 -0.47536 2.4832 0.61703 0.54141 5.52079 -0.06203 12.12833 7.87105 17.92049
36.83318 -0.27146 3.37041 3.97318 2.16526 6.7834 -0.60415 13.19304 7.82255 17.31823
39.17828 -0.19651 2.04064 2.80888 0.27666 4.83908 -1.29041 12.74758 8.33998 18.39039
39.98441 -0.00886 1.97086 4.99141 -0.54249 4.84422 -0.82862 12.4348 11.41221 17.98906
42.53249 0.60168 2.01825 2.95563 1.28062 4.87514 0.84313 11.24691 11.4689 18.00776
42.91954 -0.13716 2.97248 2.8711 -0.66683 4.50386 -0.87903 10.93465 9.8012 17.51647
45.57119 0.91838 2.20394 2.14058 0.52824 5.58397 -0.29831 13.22516 10.86027 15.98019
47.26246 0.72397 2.48891 0.87723 -0.13571 6.92571 -0.77494 13.03347 12.16929 14.53887
47.78904 0.33717 1.43574 3.06275 1.26803 6.04657 1.74276 13.88037 10.3795 14.57178
49.08232 0.11337 1.10703 3.7809 1.20965 6.18988 -0.00542 15.14792 10.99473 13.76719
50.60817 -0.53805 0.50864 5.23773 1.11863 6.50719 -1.00894 13.46978 11.32439 14.21644
51.47974 -1.25383 -0.72169 3.53009 0.17485 7.27086 -0.93316 10.78124 12.17312 13.89829
52.39821 -1.21531 -0.78351 4.25867 -0.88803 7.78503 -0.62101 11.3014 12.62439 13.10773
53.34151 -0.55718 -0.96907 3.36992 0.93347 7.93532 -0.27982 8.91816 12.70358 13.22357
53.08085 0.70544 0.02435 3.79624 -0.01774 8.01993 0.33182 9.49338 12.28833 10.62313
50.65428 1.88661 -0.77828 3.83598 0.66097 8.51704 -0.27909 11.68027 15.47924 10.90643
49.96259 0.10502 0.36254 2.45534 0.72596 8.07067 -1.54655 10.85321 11.58021 10.37154
49.4128 -1.02954 -0.58135 3.86384 -0.70699 5.94183 -0.69383 8.80728 11.64348 9.95837
48.98233 -0.96421 -1.33585 4.82698 -1.07632 3.88029 0.74592 8.78001 11.39481 8.72207
49.24558 -1.07226 -0.69462 6.79871 0.58738 5.1877 -0.95681 7.76306 11.32644 7.89435
49.38336 -1.84493 -1.50894 5.37381 -1.17116 3.39574 0.1679 8.27956 12.68634 7.29322
47.39835 -1.70541 -3.03865 4.98811 0.50955 2.73211 0.43141 6.80207 12.30795 6.54436
46.37576 -0.33702 -4.02094 2.10492 -0.12731 1.9517 0.24605 6.95314 10.65858 6.38614
43.68833 -2.57199 -4.18488 2.72663 -1.18878 1.09167 0.95033 7.4916 9.07523 5.25441
46.20744 -3.00635 -2.6428 3.01415 -2.80091 0.76736 -0.39619 6.60434 11.71914 3.41675
46.15551 -3.06675 -3.43495 4.31641 -1.01369 -1.23151 -0.95969 6.50911 12.31598 3.26123
45.06421 -1.03216 -3.79856 3.2791 -0.54079 -0.54297 -0.82234 6.56145 11.7148 0.97487
45.20435 0.52802 -4.56849 1.93844 -0.74872 -1.12198 -0.44736 3.92458 11.71247 1.30194
44.4479 1.22157 -5.38507 3.03713 -0.45449 -2.034 -2.10379 5.12044 12.23114 0.24164
43.00231 0.38045 -5.10186 3.67081 -0.71065 -1.9907 -1.52351 3.55031 11.02815 -0.72803
42.47264 -1.32306 -4.53843 2.93553 -1.96923 -3.0741 0.69646 2.16379 10.36349 -3.37132
40.60746 -1.85769 -3.51989 3.41044 -1.08388 -3.73947 0.62705 2.36865 10.21371 -5.94375
39.32571 -1.41959 -4.95476 4.04196 -0.17182 -4.92508 -0.93453 1.04551 9.64312 -6.45154
37.85368 -0.94332 -3.87787 3.65232 -0.98592 -6.53075 -0.08317 -0.11167 9.67436 -7.80742
37.85408 -0.8724 -3.2473 3.00173 -0.70554 -7.12819 0.90004 1.26728 8.66841 -10.34908
36.39076 -1.29245 -3.99118 3.88745 -2.0713 -7.4255 0.1792 -1.09268 8.31156 -10.97414
34.88076 -2.89717 -3.48284 2.40921 -0.68533 -7.37746 0.25601 0.14618 10.14424 -13.22503
32.84948 -3.32998 -2.24353 2.07006 -0.09061 -8.80515 -0.25688 -0.41746 8.45564 -11.04921
31.73512 -2.9702 -3.16475 1.83312 0.95183 -7.239 0.26032 -2.20494 8.02502 -13.78105
29.74152 1.01541 -2.89629 3.3433 -1.54341 -6.99909 1.3268 -2.90184 8.57776 -13.75294
26.64093 1.59793 -3.31818 1.11787 -1.24531 -7.93334 -0.08216 -1.80153 7.93337 -13.76079
24.24205 0.60688 -3.67978 1.74091 -0.32596 -7.97739 0.61438 -4.79758 6.05276 -14.19756
21.20248 -0.45237 -4.30888 3.51294 -0.86288 -7.6072 0.64417 -6.07683 6.16041 -15.13778
20.37913 -0.05097 -3.2134 2.79741 -0.67488 -4.34384 1.37242 -5.23191 5.70255 -15.02259
19.4033 -1.00158 -3.40434 3.33527 -0.82825 -3.57381 0.14916 -5.63374 5.42246 -14.734
16.66304 -1.8941 -3.1599 0.50224 -0.4909 -5.17343 0.8421 -5.67996 3.3638 -15.17256
11.97701 -0.37634 -3.53763 1.02896 0.74269 -5.72852 -1.59464 -7.13218 5.25198 -16.5174
8.72753 -0.30193 -1.80169 1.34481 1.28644 -6.47858 -0.15552 -6.9808 3.6354 -18.03307
5.84317 -1.47643 -2.32894 1.63156 -1.72602 -6.98202 0.61202 -6.51141 1.84813 -18.7493
2.14614 -1.69375 -1.11799 2.71833 -1.83358 -6.43435 -0.601 -8.39777 -0.75972 -20.02739
0.63947 -2.95539 -1.03741 1.64802 0.94686 -6.27683 -0.14272 -9.27528 -0.15506 -18.35776
-0.59717 -3.69491 -2.03755 0.50303 -1.59771 -6.88225 -1.3636 -9.40461 1.05767 -18.15225
-2.4314 -4.71498 -2.00342 1.32009 -1.09358 -7.61492 -0.89448 -11.75732 -0.18929 -17.92146
-7.28263 -4.47074 -1.75695 -0.77158 0.31574 -8.69051 1.17504 -10.12491 -0.46909 -17.53686
-10.82361 -4.79522 -2.4005 -1.58645 0.16417 -9.70959 -0.34121 -8.47613 -5.00659 -16.98028
-11.66081 -2.14633 -2.11224 -0.2954 -2.11775 -9.5842 -0.03587 -10.09647 -2.25609 -17.05552
-12.12502 -2.06293 -2.0534 0.30301 -0.19591 -7.5895 0.44355 -10.23187 -2.56599 -16.49158
-14.74873 -2.89233 -2.3068 -1.34614 -0.728 -8.47274 0.91519 -9.49548 -1.3718 -14.03045
-16.176 -1.97783 -1.77409 -1.12788 -0.06411 -9.48508 -0.64967 -10.20157 -2.66684 -13.28778
-16.98657 -0.24241 -0.68373 -2.22773 -1.59375 -9.85914 1.50574 -10.95477 -3.72169 -13.79963
-18.28186 0.05122 -3.02833 -0.06047 -1.7047 -9.17564 0.58826 -10.03908 -5.01591 -14.42176
-19.97198 -0.48939 -2.51442 0.25064 -2.18159 -7.71882 -0.96345 -9.77146 -4.95492 -12.36342
-21.65957 -1.20125 -1.28628 0.45145 -1.39479 -7.67226 -0.04169 -10.15121 -4.64089 -11.11501
-23.96466 -0.83735 -0.13924 -2.49751 0.34503 -6.9778 -1.09401 -9.21166 -5.43255 -13.29643
-24.0975 -2.247 -1.2619 -1.06074 -0.1942 -5.56149 1.00497 -9.16515 -7.47152 -12.69854
-25.32425 -1.56434 -0.90125 -1.34378 0.70069 -3.63823 -1.33603 -7.72212 -6.88021 -11.60311
-24.33785 -1.34193 -2.18394 0.47133 1.13969 -4.02281 -2.10375 -7.27567 -5.06063 -11.23336
-24.25286 -2.05031 -0.27147 -0.50394 1.18325 -5.85823 -0.38715 -7.69611 -6.43742 -11.39681
-25.3956 -2.38317 -0.3294 -0.11406 0.20386 -4.72665 0.51999 -8.24197 -3.95814 -9.58992
-26.61092 -3.63741 0.69315 -0.5966 -0.63645 -4.90951 0.40814 -7.05484 -5.24128 -9.68055
-28.67971 -3.66383 0.96308 -0.95816 0.60122 -5.28587 0.06421 -7.51083 -7.10929 -8.66931
-30.11609 -1.38027 0.69576 -0.58739 -0.64508 -4.29725 -1.36066 -8.39274 -7.76564 -7.81652
-31.45494 -0.10886 -1.28674 -0.32102 -0.12531 -4.61338 0.47755 -7.61287 -8.10051 -6.41164
-32.16413 -2.18267 -1.12027 -1.47332 0.48604 -3.73367 -0.46222 -8.33317 -7.65318 -5.64586
-34.21397 -0.72644 -0.06745 -0.52088 -2.54391 -2.47151 0.44387 -6.28151 -9.016 -7.22803
-33.23779 0.03148 0.98619 -2.82649 -0.59575 -0.7343 2.4871 -4.98471 -8.4777 -6.15726
-31.40416 -1.41807 1.45595 -2.90302 -0.20012 -0.43856 1.09168 -4.02515 -7.92892 -4.7891
-30.61606 -2.31472 0.2031 -4.79593 -1.72337 -1.23078 0.67096 -2.31664 -6.676 -3.85134
-28.77232 -1.84538 -2.16805 -3.25463 -0.8663 -1.13094 0.84858 -3.83179 -10.35961 -4.93348
-25.57223 -3.05367 -2.27611 -1.88438 -1.21807 -0.60024 -1.12266 -2.90107 -7.10604 -3.64193
-24.43209 -2.86288 -2.85258 -2.45449 -1.7188 -0.46221 1.01109 -3.31675 -5.05395 -3.0861
-24.78196 -2.8774 -3.41543 -1.82434 -1.18994 -0.08111 0.92227 -4.32214 -4.64235 -2.87695
-24.525 -2.44947 -4.87472 -4.66529 -2.07481 0.68265 0.24286 -5.57514 -5.52346 -3.05387
-25.16255 -1.72021 -3.02208 -2.11195 -1.8384 0.82389 1.73325 -5.0164 -5.54899 -2.10783
-23.56945 -1.2872 -4.23295 -2.7583 -1.0103 0.30769 2.6178 -2.96746 -5.06107 -1.9765
-26.5704 -0.3412 -3.61173 -0.65488 -0.50549 0.04731 0.201 -4.14583 -4.52793 -2.57517
-26.07628 0.51872 -3.72414 -2.05117 0.43062 -1.71322 1.61792 -4.13263 -7.32753 -4.03871
-26.09117 0.10489 -5.45887 -1.81707 -1.32038 -2.44755 0.59389 -2.71666 -5.91677 -5.04892
-25.89251 1.1808 -4.37758 -3.11255 -0.73797 -1.85057 0.85872 -2.67494 -5.75829 -6.72855
-26.15811 -0.44977 -3.27952 -2.64307 -2.31168 -1.65419 1.31831 -4.92552 -6.77272 -5.78015
-24.50078 -0.84696 -2.40188 -1.02934 -0.40348 -2.63368 -0.9142 -4.70208 -5.18859 -6.5172
-24.16151 0.75588 -2.37354 -2.369 -0.62337 -1.66117 0.1878 -4.89479 -4.80317 -7.22818
-24.21565 0.7218 -3.73097 -2.11575 -1.96431 -1.99352 -1.08563 -3.51193 -5.87224 -8.47971
-26.72031 2.2348 -5.51376 -2.3019 -0.47473 -1.89859 0.72657 -3.18598 -4.82315 -7.9506
-25.62842 1.23178 -3.14646 -1.81508 -1.47818 -2.98445 -0.22337 -3.94389 -6.767 -8.61093
-26.29809 1.64701 -4.30851 -2.21867 0.0249 -4.51368 -0.65761 -4.46667 -5.1912 -7.5477
-27.82926 0.74401 -3.42818 -1.43335 0.47881 -3.03368 -0.901 -4.3793 -7.32151 -8.15455
-27.89759 -0.72245 -2.27447 -2.98575 -0.67167 -3.0214 -0.49867 -6.68079 -5.40002 -7.64585
-28.09605 0.3643 -0.28579 -2.87097 -1.49949 -6.31505 0.26893 -5.6993 -5.26026 -9.3417
-27.55195 0.57571 0.07688 -1.26378 -0.27534 -7.05954 0.8364 -5.86116 -5.4383 -11.51803
-28.51583 -1.32601 0.11339 -0.90139 0.43235 -7.9846 -0.47767 -6.15868 -8.57029 -12.52446
-30.26655 -1.65857 -0.61864 -1.98482 -0.32155 -8.31803 0.93512 -7.87213 -6.0307 -11.93455
-31.40362 -2.2223 -0.34894 -1.85191 1.15187 -8.22276 -0.72156 -7.55845 -8.18032 -9.61883
-29.44608 -2.17272 -0.18459 -2.02266 -0.4426 -6.76558 -1.14015 -8.2497 -8.98245 -9.86584
-30.80994 -3.29635 1.15912 -3.62905 1.21635 -7.96421 -1.32677 -7.51456 -9.08626 -9.53875
-31.05823 -3.43003 1.54269 -3.00952 0.4982 -6.82958 -0.58739 -6.41427 -6.60224 -8.22328
-29.41397 -2.0585 1.30043 -1.32758 0.57283 -6.28414 0.22254 -7.50988 -7.26988 -8.07999
-29.59267 -1.13825 1.48697 -1.50016 -0.40334 -5.70362 -0.62474 -6.84175 -7.51888 -8.83282
-30.97616 0.3056 1.85105 -0.6258 0.56722 -4.46581 0.08105 -5.44803 -7.82586 -8.31799
-31.0244 0.55175 3.42021 -0.60544 0.62053 -4.45925 1.82405 -4.75707 -7.74764 -7.46814
-32.50851 0.37603 1.95019 -0.56784 1.85559 -1.55357 -1.04544 -5.86477 -6.5071 -4.95258
-31.51926 2.32056 0.7756 -3.88141 1.26407 -2.72772 -0.55001 -6.38189 -8.64134 -4.82917
-31.68469 3.24052 0.60625 -1.63826 0.77705 -1.96255 0.26986 -6.15723 -6.73713 -2.59801
-30.13393 3.6081 -0.76272 -2.09216 0.38641 -2.30402 2.49662 -5.75424 -7.67988 -0.56293
-28.45443 2.38749 -1.53927 -1.75974 0.06735 -1.18159 0.00623 -2.91471 -5.71125 -1.20794
-28.52024 3.21761 1.56574 -1.95788 -0.62367 -2.37104 -0.75489 -2.74085 -7.0187 0.53471
-27.45282 2.70348 2.86905 -1.2395 0.49096 -4.17883 -0.72474 -2.34254 -6.67376 -0.16252
-26.73269 3.0167 0.63017 -1.18107 0.42319 -2.71059 0.50625 -1.66771 -6.57522 0.35947
-26.32695 3.03222 1.3694 -2.23168 0.62522 -1.72434 -1.05056 -2.09122 -6.978 0.9743
-25.60635 3.21643 2.80216 -2.23061 -0.04488 -1.52617 0.11683 -0.47996 -7.28113 1.92132
-25.21108 2.02019 3.45892 -1.66302 0.12452 -0.83387 1.58733 -1.51429 -6.24554 1.12514
-23.32786 1.70496 4.61107 -1.69008 0.23377 0.21806 1.02987 -0.52589 -6.18128 -0.80899
-21.98427 1.02211 3.85467 -2.7294 0.73147 -0.70292 -0.53164 1.31347 -7.55089 0.60697
-21.08188 0.32548 4.01741 -2.86188 1.99457 -1.01581 -0.94176 0.20128 -5.04695 1.76398
-21.81296 0.05032 4.83975 -1.17272 -0.20807 0.08194 -0.38278 -2.64668 -4.297 3.10454
-21.4799 -1.32786 4.39871 -2.97488 -0.02573 1.91437 -0.7259 -3.00178 -5.75162 4.64283
-21.30064 -1.31811 3.45161 -3.5045 2.49781 4.27505 0.52433 -1.22948 -6.58338 5.48294
-21.65544 -0.46144 5.0005 -0.75123 1.08277 5.42525 0.9262 -0.62753 -7.91615 5.32962
-21.17767 0.26621 4.32764 0.57832 2.02259 6.1133 0.55017 1.31167 -6.10246 6.22012
-21.02801 1.70087 3.91673 -1.00046 2.41877 7.33348 -0.11122 3.35381 -6.01448 5.21581
-18.46777 1.78325 4.2293 -2.29415 2.46212 6.88004 0.61162 2.2661 -6.40147 6.2133
-15.74638 1.48047 4.73037 -1.82771 3.22224 6.53457 0.31166 2.64662 -4.45693 6.0751
-14.08574 0.0049 4.91324 -2.10376 0.72273 7.55071 -1.24779 1.06028 -3.85375 6.9836
-10.8849 -0.95057 4.37248 -2.81275 0.66805 8.66293 0.75966 2.63445 -4.17513 7.268
-10.9295 -1.35044 4.23966 -1.1864 2.27605 7.67726 -0.12689 1.99552 -1.85765 7.4485
-8.90064 -2.17688 4.55855 -1.92 1.16997 8.47459 0.50506 1.5225 -0.2282 6.0418
-10.4867 -1.60097 4.90401 0.11894 -0.13205 7.46223 1.36179 2.38766 -3.55914 6.67035
-9.4143 -2.28571 4.99025 0.58218 1.32956 7.4869 -1.55863 1.82361 -2.87476 6.65527
-8.51317 -1.70597 5.79426 0.82635 1.34325 8.77977 -1.48117 2.40888 -4.0107 5.73827
-9.28806 -2.76569 6.5071 2.89599 2.24167 8.40263 -0.43523 1.41586 -0.81478 6.6423
-8.09724 -2.30277 6.00584 0.60836 2.53795 9.25612 1.1859 0.63146 -1.71333 7.27515
-7.16352 -1.70534 5.71889 0.23705 0.46731 8.34974 0.25306 1.68307 -2.76126 8.09243
-7.52487 -1.13269 5.04509 -2.93598 -1.08657 8.26937 -0.10207 3.23437 -2.63231 9.66924
-5.71845 -2.61404 5.56683 -0.56283 0.91075 9.63699 1.14946 1.95912 -4.24632 9.18403
-4.95192 -3.93021 2.94865 -4.14626 1.94003 10.24339 1.11258 5.9068 -0.84639 10.20013
-2.2193 -3.76039 1.94658 -0.99306 -0.28653 11.35768 0.07724 6.42146 -1.43817 11.68731
0.10702 -2.88809 1.3157 -1.63321 0.68507 11.24576 -0.11738 7.26266 -0.5529 11.47392
2.49024 -1.20086 1.0228 -0.71289 1.27278 10.2735 -0.564 4.99119 -0.04158 11.40254
1.71178 -1.94742 0.7613 0.44591 3.05915 10.54227 -0.7524 3.34457 2.22783 10.79542
2.16902 -2.35694 2.30131 -0.11742 0.53717 10.85682 1.71071 4.09521 0.07979 11.56169
3.16572 -2.40917 1.82282 -1.01569 0.60801 9.7842 -0.86224 4.5788 -0.92998 11.13351
4.59861 -2.5997 0.88916 -1.00117 0.69504 8.04803 1.40124 5.36704 -0.36926 10.70218
5.46888 -1.8248 1.3572 0.24241 -0.07789 7.2492 1.61164 4.73014 -0.09348 10.77926
6.58941 -0.78342 -0.17929 0.2116 0.82625 8.91401 0.38798 4.92175 1.31977 9.37169
7.11596 -2.07758 -0.15454 -0.64138 -0.50732 7.80263 -0.61108 5.11008 1.69031 7.90179
8.34957 -2.54768 -1.30393 -0.77182 0.74248 7.81726 1.084 6.70656 2.26821 8.49248
9.27186 -0.38833 -0.63864 -0.49391 -0.93173 7.21151 0.0109 6.60003 2.80814 8.64035
9.91703 -0.43758 -0.70925 -0.19768 -0.25992 6.27699 0.09849 4.53731 2.52584 9.10387
10.67488 -1.5384 -0.35636 0.25903 0.90342 3.87187 1.3349 3.73333 1.86774 7.20735
10.86168 -3.32648 0.64126 1.56375 1.25752 2.2949 -0.7467 5.21169 2.57295 6.88739
10.07159 -1.77046 1.5388 -0.81956 -0.85136 1.23015 0.87285 2.98565 3.33602 6.24932
10.43655 -1.14954 -0.14553 -0.90563 1.10897 0.1098 -0.08887 4.21262 1.79552 7.7212
11.19966 -2.34232 -1.08597 -0.15576 -1.19127 -0.42609 -0.10094 3.92134 3.39703 7.24791
13.40692 -2.2572 -2.70722 0.35727 0.95424 -0.76799 -0.3801 3.97096 2.86681 6.42685
13.82709 -1.11766 -2.0622 -0.77013 0.30989 0.12579 1.16405 6.40326 2.05227 5.95097
14.07671 0.22925 -1.47999 -1.79903 -0.45278 0.5884 -0.26188 4.84458 3.48236 6.2249
12.84778 -0.42257 -0.57786 -0.77449 -0.13939 1.33117 0.65247 4.07349 2.3959 5.41437
12.96056 -1.00522 -1.58584 1.48774 -2.3823 1.61552 -1.93646 3.1529 0.26547 4.32056
13.31005 0.46846 -3.20727 2.63635 -2.16742 1.14329 1.09294 2.22184 2.43227 2.8691
13.35253 1.03513 -2.98724 1.20174 -2.74297 1.30303 0.40266 4.34082 2.8743 4.71454
14.9302 -0.13317 -3.44056 0.22641 -0.87271 0.77742 -0.01872 2.54491 2.8762 2.27718
12.65806 1.43427 -3.32276 0.14959 -0.48632 2.2761 1.53627 1.24993 1.92177 1.71636
13.93578 2.04518 -2.17481 1.12071 -0.97717 1.1085 1.00844 1.79081 3.90304 1.14448
12.91333 0.54879 -1.61857 1.60037 -1.04352 -1.25734 0.13243 2.56632 3.38994 -1.13982
12.10062 0.41648 -1.45179 2.53084 -0.37053 -0.92435 -0.29939 1.53997 2.92873 -2.49901
12.34712 1.0005 -1.86007 -0.06465 1.36657 -3.07209 0.2123 0.14578 3.53301 -3.53157
11.33094 2.62795 -2.35315 -0.36213 -2.44903 -2.90456 2.26052 0.92473 3.12084 -4.75323
9.32615 2.3179 -2.28352 1.82284 -1.95415 -2.80149 0.68316 2.1466 1.91863 -3.41356
10.6614 2.85418 -0.99787 2.57359 -0.39879 -2.69324 -0.23921 2.29651 0.19285 -3.88258
10.11978 1.94538 -1.35024 0.23307 -0.25358 -3.69529 -0.63598 2.71336 -0.367 -3.42133
12.31907 2.75212 -1.39198 -0.20755 0.98807 -3.74488 -0.41206 2.16244 2.73378 -2.50024
