2.41649 -1.69167 1.12542 -1.40257 0.36397 -0.86092 -2.63807 -0.22788 0.92541 1.54381
1.32356 -2.37616 0.91251 -1.6139 0.38831 -1.19489 -1.68943 -1.2762 0.16431 1.07237
1.01869 0.27883 -0.90661 -2.37608 1.63412 -1.29054 -2.72234 0.11432 0.21654 0.63228
1.61556 -0.26998 -1.38911 -3.23965 0.02422 0.27576 -1.67873 -0.79269 1.25971 -0.0868
0.51945 -0.45348 -0.76162 -3.53 0.04987 -0.03388 -1.02549 -0.61824 1.49472 0.23001
0.58509 -1.60976 1.50815 -3.68846 2.14186 2.54776 -1.65123 -0.75598 2.46281 0.12482
0.18356 -0.17115 2.17772 -2.02439 0.24298 0.51465 -2.24884 -0.17977 4.30858 0.88769
-0.1899 1.83018 1.52587 -1.16082 -0.57555 -0.90833 -2.05657 -1.03991 3.12394 0.17918
-1.59986 0.82112 -0.52667 0.39459 0.58608 -0.20849 -2.04673 -0.94527 3.32328 0.49361
-3.01832 1.1111 -1.25136 -0.05309 -1.42505 -0.00363 -0.95514 -0.90532 2.85897 0.85546
0.7941 -0.28945 -2.29289 -0.46104 1.45223 0.28169 -0.45642 -0.58581 3.92961 2.28752
-1.55998 0.07812 -1.35223 1.44419 -0.14885 -0.09039 -0.54522 -0.66674 3.20492 0.56464
-1.45035 -2.90236 -0.55977 -0.36604 -0.06332 -0.4974 1.5048 1.26254 3.34736 -0.68776
-1.05604 -1.8797 -1.06164 0.01898 1.22368 -0.78885 1.0921 1.70701 4.01648 -0.27711
-1.26487 0.07971 -1.05559 0.65519 -0.19728 -1.91663 2.63582 0.57142 3.73548 0.71563
-0.91393 0.92646 -0.83952 1.33093 -0.52459 -0.48614 0.16748 -0.27953 1.43543 1.17749
0.96147 1.90226 -1.39721 1.5065 1.06494 -1.06097 0.52819 -0.54474 2.23627 0.41992
1.40321 1.1138 0.7698 0.95233 0.13051 -0.76254 -0.49664 0.79809 2.65034 0.21258
-0.51688 2.5048 -0.35496 1.54485 -0.42708 1.04889 1.04529 1.45754 3.16764 -0.03632
-1.92511 -0.23743 -0.0597 -0.74879 0.6755 -1.78075 0.76989 0.01632 2.32532 -1.89234
-0.12188 1.34845 -1.4239 -0.66652 -0.87382 0.02457 1.0472 -1.43744 2.90088 0.01232
0.37456 0.71985 -2.26301 0.28863 0.16038 1.45891 1.73456 -1.32662 2.39699 0.15988
0.15778 1.94999 -2.2053 1.15981 -0.06916 1.4104 0.95867 -0.20875 1.54834 1.45318
0.59087 1.60635 -1.22834 3.406 0.47261 1.85864 1.4151 -1.29688 0.39052 0.59892
0.30497 0.97785 -2.0573 2.93914 -1.16339 1.22163 3.54938 -0.89774 -0.26059 0.88497
1.03336 2.18026 -1.0014 2.35904 -0.05426 -0.04018 1.96973 1.66216 -1.51103 0.71052
0.79952 0.81393 -0.68849 1.494 0.84971 0.32891 1.38811 1.99033 -1.79138 0.84829
1.29957 1.20011 -1.02529 1.33044 1.2883 1.30473 2.2746 2.53095 -1.00987 0.47889
0.82212 1.64002 -2.1055 0.21734 0.84256 -1.42391 1.06922 1.67622 0.73367 -0.84552
0.06474 3.73609 -1.66252 -1.05127 0.23314 1.79647 0.249 1.23307 1.40361 -0.74935
0.29789 3.11082 -1.09172 -1.20291 0.8833 1.7603 2.38944 -0.33588 1.37519 -0.23204
-0.55339 2.15833 -0.29917 -2.10547 1.55652 1.15904 2.98928 0.32583 2.08744 0.78263
0.00054 0.8994 1.49889 -1.68436 -0.32396 1.20591 3.12087 -2.488 1.12977 1.3871
0.07578 1.01754 0.67918 -2.23467 0.35165 1.58061 3.46229 -1.76195 1.29465 0.42711
-1.04425 0.63118 -0.07279 -4.62292 -1.26417 0.6158 5.22342 -0.48105 0.58125 0.02607
-1.34975 1.62541 -0.07201 -5.09606 0.87626 -0.56236 3.28126 0.57849 0.57537 -0.03437
2.15576 -0.88845 -0.26696 -2.94794 -1.37326 0.27054 4.85939 -0.01016 0.50581 -0.47125
2.85101 -1.46598 -0.7269 -2.83401 -1.14886 1.39293 4.20127 -0.1537 0.25788 -1.69989
4.2185 -0.40417 -0.30656 0.45843 -0.07776 -0.67749 1.75806 1.13381 1.60599 -2.16005
3.43812 -1.6006 -1.20973 0.23266 2.15221 1.6288 3.09653 0.14934 0.38284 -1.87237
1.78093 -0.01071 0.12683 0.34724 -1.31858 -0.61904 4.34253 2.03339 -0.64803 -1.53755
0.95122 0.68295 0.66759 -0.06398 0.00447 -0.05175 4.74423 1.98886 0.6704 -1.50908
-1.84327 1.7153 0.83563 -0.61143 -1.67408 0.84089 4.01094 -0.88862 1.59676 -0.60752
-0.57326 0.42515 0.17867 0.54551 -1.3829 -0.51492 4.09864 0.73469 1.19165 -0.57752
1.48053 1.91391 -0.4174 -0.0726 0.64903 0.88267 4.01495 -1.80656 0.28137 0.35571
2.17662 0.51107 -0.39891 -0.25192 -0.56059 -1.12451 6.29903 0.08524 1.28306 1.73623
1.62177 -0.45452 -0.42777 -0.79795 -0.31487 -0.50748 6.302 -0.41433 2.84876 -0.03535
0.51082 0.07038 0.90331 0.26237 1.32826 -0.28069 4.82356 -0.03057 2.17201 1.41289
2.12508 0.86892 -1.04307 -0.85629 0.23787 1.23702 6.78301 0.90032 2.82978 -0.06414
2.74924 -0.33934 0.43106 1.3735 0.819 0.20537 7.50377 1.60598 1.56269 1.13206
1.27909 -0.62971 0.81375 0.98918 0.36382 0.91018 5.91701 0.76306 1.84636 0.16921
-0.11774 -0.63552 0.6839 1.91399 0.38439 -2.46961 5.71964 1.09699 0.92108 -0.26976
-0.34377 -1.15941 -0.08471 1.44491 1.07517 -0.46177 3.2762 1.51414 2.15187 -0.61776
0.34252 -3.16845 -1.38801 2.45104 -0.87599 1.05642 3.74055 0.69935 4.30323 -1.28507
-0.01158 -2.7886 -0.65661 3.24849 -0.74066 1.63578 3.65873 0.06829 3.17181 0.6279
1.1311 -1.76508 0.8843 3.15692 2.0124 0.74292 4.62583 -0.73905 3.58411 -0.37899
0.27488 -1.56084 -0.3108 2.94464 0.62059 0.42809 5.22102 -0.74777 1.93742 -0.50709
-1.10018 -2.07434 0.30304 2.46747 0.27173 -1.2979 5.63367 -1.25073 1.80942 -2.74093
-2.76003 -0.5757 0.33657 3.45041 1.91659 -1.09968 5.69978 -0.28199 -0.39302 -2.26029
-0.06477 0.54091 -0.60502 3.46684 1.59997 1.12031 4.34976 0.58383 -0.82807 -2.91868
-1.30474 1.48655 -1.11153 4.8483 1.40417 -0.15767 3.81316 0.85497 -0.5233 -2.93213
-1.20674 1.16722 -0.79795 6.36165 0.51225 -0.5973 3.00449 -2.07958 0.38898 -2.11196
-0.95746 1.22732 -3.17887 6.83885 1.12745 -1.58554 1.66693 -0.59622 -1.393 -1.90298
-0.22031 1.52569 -0.91174 7.3649 1.00746 0.44792 0.16361 -1.25339 -1.52373 -2.23315
-1.08382 2.96938 -1.5539 6.83965 0.38596 -1.06684 0.47564 -1.60348 -1.78029 -1.03363
-0.64587 3.87796 0.5151 6.55479 1.51195 1.3685 0.80587 0.37362 -2.71136 -0.66717
1.26141 4.23757 1.01587 6.15365 0.27874 -0.97656 -0.31021 -0.02348 -1.85397 1.02649
0.67618 4.35711 -0.28958 5.85493 -0.22431 -0.09203 1.24527 -1.35385 -1.77393 -1.24541
0.05646 4.35424 -1.34736 4.79073 0.31803 -0.91648 0.05181 -0.99904 -0.77721 -0.08728
0.29128 2.7026 -0.45713 4.24997 2.13141 0.08323 0.56743 1.20412 -0.47399 -0.497
0.07713 3.3146 0.07157 6.22333 -0.07927 -0.69495 2.80595 -0.2427 -0.5482 -0.09858
0.23034 2.83626 0.55777 5.8684 2.63915 1.07389 3.93169 -1.23796 -0.24129 -1.30253
0.51554 2.80882 -0.38077 6.82167 1.94892 -0.29181 6.23544 1.1841 -0.86365 -1.65566
-0.26796 1.13411 -1.37092 6.80268 -0.17226 0.45099 7.7343 2.71647 -1.63422 -2.56845
-0.28147 -1.53495 -0.06744 7.21491 1.31701 0.41845 7.84506 1.07695 -2.75555 -2.59308
-1.41532 -1.74633 0.51248 7.07765 2.39277 -0.58735 8.09201 -2.0895 -0.79629 -2.06232
-3.5643 -0.84942 2.56197 6.23252 1.80363 0.98243 9.29683 0.67461 0.36638 -2.10231
-0.5043 -0.1454 2.92855 7.07847 1.82222 0.39521 10.90058 -0.699 0.11256 -0.76298
0.61178 1.9647 2.04418 5.93776 0.07357 -1.10276 10.25903 -0.1072 -0.7107 -0.28745
1.55031 1.31079 1.78577 5.13725 1.97763 -1.22895 8.43975 0.2789 -1.10699 1.26049
1.60603 2.04862 0.77575 5.56179 1.44227 -0.84115 4.867 1.36901 -2.88253 -0.14692
-0.03866 2.81492 1.34428 5.33451 3.70457 0.37302 5.32975 1.56591 -1.89594 -0.1724
-0.93717 3.40194 0.24925 4.49981 0.30542 -0.94035 5.46144 3.56753 -2.18051 -0.70785
0.80423 1.00902 -0.15377 3.58382 -1.24025 -0.13372 6.67588 2.24401 -4.36128 -0.30222
0.14543 -0.0198 -0.03823 2.93382 3.13986 -0.3078 6.59104 0.23283 -4.0001 -1.1581
0.00574 2.00018 -0.60197 3.63709 0.1157 -1.59556 6.79247 0.01394 -3.01192 -1.34344
-0.42514 2.2238 0.25014 3.59608 1.0814 -1.83397 6.74187 0.29156 -1.46493 -1.55804
-0.03643 2.9782 2.67706 4.43446 1.92839 -0.72451 8.65043 -0.4247 0.34846 -1.25368
0.79492 1.48285 1.58773 5.14841 0.36647 0.69665 7.79657 0.70748 -0.20651 -2.03308
0.57132 1.62824 -1.04847 4.56915 0.31284 -0.26664 6.04334 -0.13807 -2.18463 -1.1714
-0.48026 1.36633 -1.23148 4.1244 0.02032 0.85933 5.00886 1.00584 -1.36284 1.02801
-1.63641 0.26186 -1.38443 3.24134 0.97008 3.02772 5.24001 1.98063 -2.71064 1.60395
-0.56397 -0.46436 -0.81304 1.3651 0.95627 1.77345 5.38991 0.69981 -1.96396 0.79304
-2.08497 -0.16986 1.0333 1.11236 -0.73156 0.78004 5.62199 2.12075 -2.16199 -1.53304
-2.65339 1.32244 1.3762 1.01022 1.05146 -0.32505 6.85278 0.77884 -1.46717 -1.17827
-2.552 0.93228 0.63203 1.53821 0.08752 -0.94072 5.37449 0.80684 -0.69454 -0.69953
-2.06192 0.39161 2.59214 2.34461 -0.75184 0.16376 6.00661 -0.57428 -1.87965 -1.22273
-1.82165 0.4392 2.10637 0.97697 1.47079 0.14582 4.08474 -1.50189 -3.25019 -1.60629
0.60634 0.26502 2.95323 1.22966 0.30857 -0.07275 4.15568 1.57123 -4.20139 0.98794
2.47653 -1.05447 2.83392 0.19951 -0.20956 0.97562 4.31554 -0.76325 -2.83794 1.01762
0.68221 -0.87222 2.68392 0.19564 -0.06829 -0.21909 2.91052 0.7028 -3.53713 1.98873
0.16694 -2.15178 1.38741 -2.01125 0.51832 0.9636 3.0078 1.07735 -4.87372 1.59329
1.2939 -3.11215 0.74976 -2.53178 -0.37859 0.08641 0.30729 0.34247 -6.10391 2.59109
0.20402 -2.63073 0.91537 -1.51262 -1.11619 1.03801 -0.21545 -0.52668 -5.92975 2.96672
-0.46737 -3.56213 0.64496 -0.68672 -1.05189 -1.13363 -1.76211 -0.82768 -5.93899 1.86746
0.21637 -5.47389 -0.03824 -0.44344 2.10578 2.06046 -0.54728 -1.28135 -7.16364 1.36558
-0.34801 -3.04776 -1.44444 -3.31137 -0.99465 1.41046 0.92272 0.73688 -6.76144 0.2842
1.11866 -3.63054 0.80396 -1.3038 -1.06841 -0.56082 -1.07047 1.06822 -5.20303 1.41767
2.32107 -2.52616 1.61035 -0.08534 1.59214 -0.10189 -2.76685 0.72765 -4.97876 1.07146
3.43983 -1.31043 0.19908 -0.33477 -0.46223 0.52264 -3.26993 -0.62047 -4.83464 -0.57747
1.35967 -2.63554 0.44336 -0.07657 2.54798 1.50786 -4.19914 -1.0927 -4.83575 -0.27741
-0.65343 -0.61974 -0.15011 -0.34222 -1.68761 1.42328 -3.49208 -0.59226 -5.71873 1.32299
-1.27832 -2.3271 0.94352 -0.21903 0.71805 -0.50664 -2.8091 -1.23466 -8.42621 0.88162
-0.81918 -1.18065 2.00295 -1.17651 0.15684 1.24279 -3.26761 -1.00685 -8.36159 -0.74735
0.58913 -0.36497 -0.84881 -2.67817 0.44787 -0.15015 -5.49143 -0.02291 -9.29138 0.45161
1.18518 1.26102 0.14551 -0.29912 -2.22989 0.33888 -5.93381 -0.01116 -7.77372 -1.21168
-0.53582 0.68799 0.18881 -1.07441 0.04729 -0.47625 -7.91537 1.15725 -7.28907 0.43406
-0.59962 1.06176 0.19489 -0.38627 0.15107 -0.8234 -7.84116 -1.11224 -6.84987 1.7244
-0.96724 3.17306 -1.33673 -0.20829 -0.7473 1.79812 -8.38201 -0.94459 -7.79879 1.57434
0.33216 2.97609 -0.97898 1.23327 -0.61596 0.2631 -8.71927 -1.62265 -7.54805 1.37776
1.64052 1.5269 -0.3775 0.46417 -0.37853 -3.13756 -6.34572 0.10443 -5.5238 0.76171
-0.10017 1.13129 -1.26728 1.5644 -0.45693 -0.3144 -6.7145 0.29929 -5.56941 -0.3467
-0.48596 0.31375 -2.59921 2.8208 0.56109 -0.15032 -6.0489 0.57655 -7.27234 1.07317
0.47768 -0.49235 -1.28519 3.58539 -0.85456 0.21991 -6.19008 -1.54577 -7.38381 0.11278
-1.22617 0.00082 -0.93781 4.08575 1.00061 0.79311 -4.52537 0.06526 -7.37574 0.47576
0.62395 -2.18521 -1.19816 4.51325 -0.76817 2.54816 -4.3012 -0.22472 -5.86303 0.41359
-0.01776 -3.07443 -1.0343 6.14825 1.77707 0.4006 -2.7054 -1.34542 -6.8894 -0.89344
-1.36771 -1.70838 -0.08873 6.19155 2.59638 0.43437 -0.264 -0.34884 -7.99649 -0.3333
0.84289 -0.3257 -0.05942 6.16138 0.60866 1.38975 -1.4414 0.41943 -7.58618 -0.21974
0.32344 1.11953 0.87209 5.69449 1.88931 0.47895 -1.07958 0.82832 -8.22258 0.99907
1.1631 2.21845 0.0894 7.12149 1.43013 1.18732 -0.78467 0.18441 -5.4582 1.07676
0.26345 2.37575 0.48551 4.85928 1.30987 -0.95052 -3.18932 -1.92606 -3.659 1.25913
3.15089 2.57825 -1.30856 6.23979 0.66138 -2.1403 -2.27855 -1.26991 -2.78624 -0.56646
1.94813 1.36272 -1.59061 5.78692 1.93549 -0.46696 -2.98069 -0.22276 -2.8896 0.51796
1.52466 1.86064 -0.21175 6.34303 1.72225 -1.08544 -1.37361 -0.5 -3.62187 -0.01705
-0.51883 0.5451 0.75676 5.20093 0.63305 0.86354 -0.15581 -0.65772 -3.97085 -1.1159
1.5453 0.34485 0.9954 4.95129 1.08982 0.4553 1.21998 1.93587 -4.9196 -1.72603
0.88897 0.90719 0.35095 4.42709 2.34543 0.41996 1.88765 0.19666 -5.09179 1.02716
-0.22251 2.56549 1.37458 4.72631 1.50469 0.67179 3.66876 0.77621 -1.89923 -0.25456
0.49815 2.34477 2.70877 3.55127 0.81441 1.34011 4.01782 2.12885 -1.37226 0.52306
-1.0835 3.34898 1.36586 2.96666 0.34613 -1.03135 3.7323 0.34017 -2.34266 0.88059
-0.88787 3.79583 -0.33307 2.76667 -0.47884 0.32002 5.64028 -0.59244 -1.81901 1.68526
-0.19321 1.57975 -0.44845 3.48627 2.19135 0.95526 5.51209 -1.05926 -3.43948 1.41978
-1.02574 4.51074 -1.30422 3.37655 0.66721 0.28951 5.06574 -0.28469 -3.48562 0.66746
0.37292 2.46772 -1.13591 4.92843 1.74657 0.33863 7.0015 0.59423 -3.88809 1.80234
0.74833 1.4468 -1.18535 2.63507 -0.12392 -1.05535 8.66864 -0.99357 -4.22778 0.14936
3.44351 0.57372 1.31107 1.924 1.72836 -1.62309 9.71287 0.41302 -4.58596 -0.5253
1.0165 0.98018 0.71039 0.95461 -0.15551 -0.20284 8.99924 0.32299 -2.07826 -0.77912
0.14001 0.55274 -0.44056 0.78849 0.3715 -1.26657 9.83563 0.97398 -2.4562 -1.11522
-0.53232 0.23824 0.23164 -0.27696 2.2953 0.81187 7.94995 0.44806 -2.09013 0.27281
-0.75841 1.12687 -0.67189 -0.07908 1.02616 0.00101 8.66955 0.42763 -1.6807 0.44765
1.47069 3.02911 -2.16857 0.30706 -0.46475 -0.23719 8.19883 0.96232 -1.02937 -0.6923
0.02695 0.81441 -2.88125 -0.46643 -0.58481 0.34212 10.26994 0.12922 -0.87322 -0.09213
-2.1881 -0.81961 -1.87982 -1.37669 1.11841 1.08226 9.93762 0.76992 -1.54654 -0.86945
-2.51166 -2.00965 -2.34717 -0.4444 1.97344 -0.38011 8.60107 -0.16045 -1.54322 -0.97773
-1.32316 -0.78342 -0.64415 -1.08429 -0.83843 2.35545 8.04107 0.61763 -0.6949 -1.09668
1.16263 -0.33376 0.53199 -2.81668 0.1246 -0.14458 8.35243 0.84962 -1.22783 -2.17595
-0.28476 0.21496 0.83272 -2.14775 -0.47057 -0.01949 7.43095 1.67428 -2.36982 -1.02231
1.01762 -0.10324 -0.13052 -3.69727 -1.06201 -0.10066 7.94236 1.00059 -2.66022 0.43738
2.44519 -2.35865 -0.38268 -3.49698 -1.28551 -0.21314 5.57496 -0.98492 -2.18701 0.37339
2.01651 0.05956 -0.77795 -2.37842 -0.73727 1.24308 4.41825 -2.03393 -2.16073 -1.06701
-0.52905 0.23029 -1.57535 -2.55555 -0.8807 -0.4994 2.85059 -0.79716 -1.92017 0.74285
0.12809 -0.03635 -1.47435 -1.84326 -2.73046 -0.41074 2.97399 -0.58756 -1.20875 0.66908
0.77455 -1.45761 -2.87869 -1.10842 -2.394 -1.32736 1.14501 0.36948 -0.50233 0.99444
0.23602 0.0778 0.35584 0.88616 -0.55476 -0.38481 1.42877 0.60958 0.65378 0.33688
0.30452 0.28522 -0.85374 0.78375 -0.35113 -0.41269 -0.03224 -0.64197 1.68847 -0.43
0.67792 0.2226 -0.55501 0.46946 -0.2493 -0.84857 0.2765 1.34539 1.23344 -0.32521
-0.58833 -0.38703 -1.62654 2.04432 -0.51321 -1.08125 -1.13539 -1.10309 0.40313 -3.08895
0.41991 -0.63389 -2.22628 3.16078 -1.41847 -0.44795 -1.48834 1.0351 -0.16269 0.44268
-0.03243 -0.69456 -0.23778 4.03336 -0.88697 -0.97104 1.58851 0.14137 0.92501 -0.23318
-0.1428 -1.25933 0.04203 3.26163 -0.87568 -0.54585 -0.38549 -0.66474 1.53141 -0.13313
-0.79243 -1.19173 1.07086 3.53415 1.57205 0.09253 2.18895 -2.26979 1.77308 -1.3336
0.04617 -0.77583 1.40795 3.51248 0.86817 1.81794 3.72814 0.36828 1.5606 -0.42672
0.15774 -0.33399 1.27864 3.22227 1.263 0.01929 4.90246 0.751 -0.36258 -0.34498
0.36737 0.18644 1.10128 1.38045 1.34253 -1.20015 4.17087 3.44095 -0.96137 -0.58361
1.28017 0.0236 -1.66788 0.41133 -0.68785 -1.86349 6.22956 1.69647 -0.34082 -2.09356
-0.02474 -1.2034 -1.17912 0.32542 -1.59633 -0.12415 3.25052 0.84871 0.89444 -2.06859
-0.78815 -4.16118 0.10208 0.30702 0.45286 2.25089 2.70719 0.39428 -0.40207 -2.11018
-0.16582 -4.18462 -1.59366 -0.03804 -0.4895 0.39499 2.81664 -0.00984 0.96625 -1.52075
0.7738 -4.53457 -1.31336 -1.71279 -0.83393 -0.28454 2.63902 -0.01613 -1.31414 -1.31608
-0.39379 -3.6188 0.50891 -2.29494 1.44998 -0.74246 1.81429 -0.29731 -0.60836 0.12141
0.49687 -0.77547 -0.11926 -3.13746 -1.09141 -0.9644 2.29243 0.07618 0.97507 -1.27503
0.60074 0.00949 0.31548 -4.11219 0.26469 -0.14365 2.96832 -0.88931 2.15703 0.15704
0.18546 -0.40463 -0.03385 -3.77623 0.27953 -0.40655 2.00184 0.18961 2.15516 -1.52739
-0.31363 -1.21795 -0.95452 -4.25708 -1.3221 0.04066 -0.7264 2.33794 1.35853 -0.08294
0.73693 -2.81905 0.93682 -3.41604 -2.10301 -0.52526 -1.95648 0.67695 2.10966 0.14426
0.56863 -2.00534 2.08925 -4.76399 -1.38269 -0.49107 -2.6721 0.62096 3.17206 -0.36291
1.06111 -2.97731 2.51039 -5.57983 -1.2836 0.83182 -2.49773 1.37264 4.44995 0.07408
-0.09353 -2.92022 3.15504 -3.75703 -3.23411 0.13352 -3.63399 -0.39995 4.29139 -0.13118
0.57869 -4.43928 3.68816 -3.37837 -2.79276 1.32133 -4.694 -0.65684 3.80988 2.28653
0.00879 -3.38584 2.40797 -4.15803 -0.32927 -0.46565 -4.15573 -2.31895 2.47705 1.97818
0.74467 -4.22558 0.75683 -2.74267 -3.03282 -0.09175 -4.18677 -1.22381 3.4257 0.97454
1.30761 -4.65518 1.77675 -3.07648 -0.79075 0.10199 -2.01936 -0.21291 2.33417 1.80758
-0.8686 -2.73241 0.26184 -2.04634 -3.48006 -0.87586 -3.92851 -0.12477 1.10028 1.03169
-0.78414 -2.30617 0.6679 -3.57028 -0.31981 -1.29102 -6.33304 -0.52131 -0.16062 0.09968
-0.93042 -3.11188 -0.2429 -3.96588 -1.17501 -0.65363 -5.99955 -0.13658 -0.87182 1.23127
0.57057 -2.12721 -1.26286 -3.2501 -2.45713 -2.85032 -5.8061 -0.56207 -2.71983 2.2143
0.95084 -2.90359 -1.77704 -1.4976 -1.54974 -0.02575 -6.05418 -0.78239 -2.98539 2.89958
0.64502 -3.78513 -3.57742 -0.20344 -1.23834 0.08555 -6.94538 -1.35999 -4.09007 1.87666
-0.76658 -4.81936 -2.25784 1.65011 0.3831 -1.53476 -7.86171 0.18588 -4.07834 0.35164
-1.76769 -4.75156 -0.72099 2.27443 -0.26339 0.06806 -10.03705 -2.07453 -5.61979 -1.69842
-1.26817 -5.30143 -0.57222 3.07358 2.27948 -0.86792 -8.89297 -1.49871 -4.06577 -1.23019
-1.22901 -3.28261 -2.0718 3.33765 2.46304 1.06655 -7.11224 -0.22915 -3.97775 0.22669
-0.89413 -2.36362 -0.99772 2.60615 1.54852 0.86197 -8.92466 2.68645 -3.35861 -0.22769
0.18276 -1.13423 1.20981 3.62207 3.80886 -2.12484 -9.13859 1.31518 -1.55516 0.26874
0.39683 -0.71615 -1.15529 2.67349 -1.3406 1.0003 -8.88888 1.79772 -2.47958 0.78266
-1.06042 -0.47034 -2.09355 2.07607 1.39482 -0.05493 -11.22236 0.70207 -1.0543 -0.93997
-0.83524 -1.76637 -0.08234 1.53873 2.00699 0.89896 -11.69266 0.36493 -1.50192 -1.83831
-0.60609 0.7365 -0.28956 1.06117 0.11925 0.9328 -10.73646 2.75789 -1.94225 -1.20224
-0.34517 1.5511 -0.56596 0.07547 0.4533 0.03371 -9.30463 2.29334 -2.65194 -1.84524
-0.08875 2.05946 -0.94847 0.08174 2.4467 0.18307 -8.09336 2.89664 -1.79106 -1.47696
-0.3648 1.87848 -0.91013 0.05201 -2.94355 -0.02999 -6.18605 1.10179 -0.64097 -1.0652
-0.85677 1.0756 -0.54165 1.50399 0.75058 1.46805 -8.9179 0.13081 -0.16687 0.3697
-0.75185 1.11998 -0.05993 1.43448 0.03747 0.97422 -6.60302 0.13161 0.16535 -0.87361
1.17295 1.34537 -1.55367 1.44663 1.05398 1.34292 -4.69473 1.56417 0.62265 0.31339
-0.49461 2.67249 -0.79376 1.75931 0.88935 -0.22081 -3.06446 0.36235 0.29888 -0.4751
0.52308 3.80447 -0.46539 -0.00446 1.9765 0.24504 -3.34838 -1.09931 1.20943 -2.51869
-1.53751 1.39619 0.71384 -1.41545 2.14832 0.76058 -1.40628 0.07051 2.15913 -1.79487
-1.35531 1.07447 1.49928 -2.19981 1.13065 2.88522 -0.15495 0.79318 1.90227 -1.05919
-0.88123 0.90818 2.46885 -2.06734 -1.10085 -0.32536 0.49653 0.527 -0.20954 -1.45662
-1.30406 2.93755 1.87504 -3.74357 -1.25515 -0.54343 0.15519 0.16811 -1.31202 -0.82204
-0.6108 1.05225 1.68836 -1.88455 -0.32524 -0.74006 0.68959 0.43242 -2.33749 0.4177
-0.65479 0.32123 1.02939 -3.90017 -1.86475 -0.19299 0.86302 0.16345 -3.02148 0.19018
-1.52205 0.58494 0.5391 -5.10388 -0.5828 0.65255 3.26045 -2.55592 -3.53843 1.14492
-1.61468 1.34061 0.07812 -5.60949 -2.27509 -0.38255 2.57663 -1.97889 -4.28325 1.32061
-1.0695 0.31413 1.74176 -3.46585 -1.54212 0.7319 1.28327 -2.11755 -4.9564 1.15015
0.37927 -1.93131 0.26227 -3.54432 -1.41661 -1.13997 -1.81201 -0.29417 -3.92602 1.1419
0.73211 -2.24709 0.12041 -3.36321 -1.44943 -1.42209 -3.16502 0.46417 -3.84612 1.103
-0.37841 -0.19393 0.67928 -4.37142 -0.86869 -0.35949 -3.58158 0.25044 -2.97956 0.59623
-0.95967 0.45086 1.3644 -4.91557 0.17723 0.83724 -5.24969 -2.29876 -2.85606 -0.7827
-0.12513 -0.56113 -1.09118 -4.82469 -1.35938 1.68505 -3.96 0.15645 -3.23496 -0.37494
-0.54667 0.71196 -3.49235 -4.29354 -2.00599 -0.26553 -4.81366 -1.49086 -3.77151 0.27706
0.34276 -0.44222 -1.24829 -3.20463 -1.69907 -0.01967 -5.14055 -2.44443 -3.42112 -0.52472
0.25615 1.07304 -1.85618 -4.04788 0.03157 -0.91058 -7.26356 1.04623 -3.30644 -0.58777
-0.56972 0.89241 -1.39052 -2.96311 -1.53091 0.22056 -6.63375 0.22839 -1.95218 0.24039
-0.284 -0.43091 -1.09867 -1.65552 -3.87476 -1.03471 -6.44637 0.70488 -1.93323 -0.9125
-0.21842 1.10298 -2.12137 -2.24463 -0.71243 -0.77749 -5.80568 -0.28615 -1.20601 1.60746
-0.67952 0.28168 -2.72974 -2.2394 -0.10793 -0.27912 -6.56947 -1.31499 -1.39982 2.2757
0.0587 1.2455 -2.01516 -2.45493 -1.21027 -0.39069 -7.25735 -0.77777 -3.40938 1.69744
-0.14194 0.3778 -1.32781 -3.18569 -0.74099 0.16051 -5.27309 -0.29066 -3.3377 2.07331
2.43535 -0.59109 -0.9555 -3.5968 -2.05792 -1.49572 -4.45209 -0.80395 -3.78331 0.98799
2.05807 -0.65603 0.54056 -5.32461 -0.45528 -0.40654 -2.47516 -0.75164 -4.79496 1.34857
0.11814 0.05174 0.78118 -3.48346 -0.72719 0.14584 -1.44699 -1.30162 -5.56515 -0.57561
0.15834 1.78034 0.99054 -2.6664 -1.2332 -0.33162 -2.89933 -0.12857 -5.31034 -1.58409
0.82366 1.5525 1.0486 -3.30056 0.76731 -0.11763 -2.55212 1.02681 -4.52938 -0.12262
-0.73685 0.79743 2.80927 -2.66417 -0.74312 -1.87029 -1.26544 1.97963 -5.88489 1.04157
-3.40082 -0.44052 -0.2562 -2.88154 -0.03322 -1.56604 -1.76673 -0.17385 -5.58547 0.22827
-1.98715 -1.48018 0.7301 -3.63398 0.49802 -0.81706 -2.04672 0.97327 -3.91839 0.67006
-1.94531 -1.0745 -1.10658 -5.20596 -0.7862 0.76164 -0.62833 0.69142 -3.34734 -0.75447
-2.29003 -2.63658 -1.01298 -5.12784 -2.16433 0.48039 -1.46383 -1.22151 -3.69716 -0.27044
-3.54194 -2.00727 -0.36343 -5.74032 -0.61918 0.66045 -3.29911 -1.10657 -3.74974 -0.27907
-2.6856 -2.03598 -0.51182 -5.05378 -1.75907 1.13233 -1.75466 1.63794 -3.24882 -1.24877
-1.08637 -3.53245 -0.12986 -3.34042 -2.5221 0.89897 -1.4124 0.18141 -2.79432 -0.48972
-1.21431 -3.36455 -1.3937 -2.74941 -1.48812 -0.14459 -3.04705 1.22916 -2.68666 -0.42596
0.55287 -3.21639 -2.87005 -3.48677 -0.45947 1.04189 -4.13356 0.64239 -2.63855 -0.8736
0.93116 -4.50899 -2.21748 -3.54984 -2.80931 0.5369 -4.90557 -2.35373 -1.89516 -1.02136
0.26704 -5.57085 0.58391 -3.96021 -2.37658 0.95841 -5.30374 -0.91286 -1.91918 -0.10617
0.2774 -5.92586 -0.55465 -2.19732 0.85071 0.39499 -7.15567 -0.76453 -3.19755 -2.20455
0.2718 -5.19099 -0.14128 -2.13318 -0.60564 -0.38606 -7.32978 -0.30348 -0.83179 -3.97123
1.81831 -4.95498 1.24149 -2.1 -1.93738 -0.11365 -6.59519 -0.80392 -1.09347 -1.5916
0.80796 -2.38513 0.00985 -1.41715 -1.57998 -0.32158 -9.25608 -1.15027 -0.33174 -2.02292
2.12088 -2.75334 -2.08591 0.11311 -1.59449 -0.36742 -12.2664 -1.93924 -0.58818 -0.51787
2.26848 -4.67857 -0.88981 -0.45875 -0.43213 -2.1575 -11.47854 -1.93829 -1.73217 -0.04994
2.95857 -5.65659 -1.65281 -2.07412 -1.77148 -2.60366 -9.73863 -0.68541 -1.46135 1.66617
1.99623 -4.26826 -3.88095 -4.33965 1.04782 0.34229 -9.13845 -2.13159 -0.54532 1.95448
1.84731 -1.54421 -3.20377 -4.27916 -0.78349 -0.19549 -9.41587 -1.08696 -2.16529 -0.02486
0.21609 -3.35726 -2.99046 -4.9799 0.49043 0.12257 -9.56208 -2.40912 -1.88958 0.68691
0.35068 -2.73681 -2.3672 -5.52155 -3.62559 -0.6972 -8.17249 0.42717 -0.5203 -0.34517
1.13076 -2.23965 -0.70746 -5.41709 0.28617 0.42667 -8.69518 0.58833 -0.90427 0.29263
2.17705 -0.11314 -2.98326 -5.34142 -0.28679 1.28441 -7.91441 0.2385 0.69706 0.77043
1.17136 0.00521 -2.92732 -5.7713 -0.1527 0.17616 -6.95791 -0.21654 -0.80586 0.99047
-0.14736 -1.83504 -0.80953 -5.46665 -0.58708 -0.33403 -5.7495 -0.95248 -1.48597 -0.57409
1.88551 -2.27967 -0.92643 -4.92695 -2.21832 -0.67727 -5.37852 -0.06999 -1.1208 -1.31777
1.64088 -2.9011 0.66178 -5.38078 -0.12559 1.21182 -6.5661 0.2288 -1.90075 -0.1386
3.73874 -2.38994 0.5967 -5.62256 -1.06505 1.32705 -4.92224 0.30719 -1.60146 -0.89223
2.43538 -2.62778 1.04083 -5.01499 -2.60442 0.00291 -5.24548 0.15559 -2.62403 -1.80443
1.80734 -3.33002 -0.67028 -4.85127 -1.736 0.46233 -5.01763 0.37754 -3.8986 -1.47353
1.62099 -4.78036 1.1459 -3.2873 -1.0141 0.68799 -4.96034 0.5686 -5.47499 -1.54442
1.62906 -5.53212 -0.2537 -1.87506 -1.49879 0.02831 -4.3297 0.85485 -6.92628 -2.11166
1.74854 -6.43844 1.5857 -1.39346 0.01345 -1.85877 -2.22683 -1.40131 -6.58146 -2.30641
1.23033 -5.41517 -0.35646 -0.81729 -1.03501 -0.55805 -0.9172 -1.93403 -4.63777 -2.41761
1.30883 -3.26581 -0.63218 -1.88118 -0.95804 -0.53351 -0.95282 -1.1355 -4.78342 -0.16116
1.98362 -3.53828 0.172 -3.37268 -0.83774 -0.64001 -2.01883 -1.44216 -4.71911 -1.5509
1.43608 -3.41443 -0.74481 -7.58656 -0.1236 -1.66504 -3.67112 -0.63606 -5.82253 -0.8759
-1.17852 -3.03896 -0.57553 -8.3414 -0.67522 0.31687 -4.4252 -1.51609 -5.86306 -0.83413
-0.75357 -3.17608 -0.73416 -7.37046 -1.00954 -2.45891 -7.15392 -2.0738 -5.81408 1.02554
-0.90637 -2.80225 -0.31628 -6.69375 -3.38372 -1.85555 -7.54741 -0.73474 -5.59122 1.76771
-1.12809 -2.27619 -0.69425 -5.9305 -3.62316 -0.35049 -8.11569 0.37038 -4.31548 0.23805
-1.07653 -2.42918 -0.80009 -5.0038 -2.58207 0.17151 -9.04637 -0.8537 -3.88975 0.12676
-0.82938 -3.05867 -0.72209 -3.92907 -1.96457 -0.48883 -8.81319 -1.94103 -2.93731 -0.34013
0.17705 -3.34366 -1.1346 -3.26469 -1.31062 -0.18421 -8.01101 -0.04883 -3.30123 -0.83296
1.13664 -2.97892 -0.85579 -4.09246 -0.50992 0.10353 -7.82579 -0.33604 -3.24724 -1.21497
2.55347 -2.83913 -2.6799 -3.9201 -1.9446 0.2587 -8.2215 0.69063 -3.11293 -1.85494
2.81735 -2.06277 -3.16935 -5.71905 -1.05313 0.66912 -8.75282 0.35495 -1.62496 -0.03956
1.9897 -1.92269 -2.54439 -6.91273 -0.62047 -1.2738 -8.73594 -0.6404 -2.19891 -0.88483
1.62898 -0.51115 -1.99365 -8.04988 -0.93659 -0.6582 -7.97236 -1.46978 -2.27807 -0.26296
1.85377 1.54793 -2.37871 -8.91141 -1.25729 -0.49878 -6.70044 -0.50542 -2.84583 1.48687
2.97391 3.20362 0.06661 -8.52443 -3.22539 -0.38766 -6.27899 -2.08715 -2.25399 0.72351
0.97685 1.90662 0.6642 -7.32796 -3.96374 1.03235 -5.96565 -1.85346 -1.6735 -1.08019
-0.63668 0.70876 1.27907 -5.94349 -2.20727 0.44728 -6.96314 -2.2358 -4.0287 0.9485
