0.23816 0.38502 0.90315 0.52038 -0.68102 3.10409 0.45316 -0.64443 0.8827 -0.00212
1.82717 -1.12199 2.6364 0.16339 1.35154 4.17576 -0.78474 -1.01157 1.95017 -0.4089
0.76908 -1.24121 3.19841 -0.25236 0.5266 2.73154 -1.40039 0.27842 0.52994 1.31081
2.46127 0.1886 3.49246 -0.22404 0.73714 1.65842 -0.12404 -0.56954 1.05283 1.99542
3.23787 -0.00402 4.6646 -0.57562 1.19406 2.22768 0.65513 0.11642 1.49623 1.80498
3.72343 0.28627 5.5559 1.10803 -0.15458 1.3873 -0.96083 -0.44668 0.53178 0.87727
3.63897 -1.61255 4.54982 1.40365 0.08287 1.6695 1.30799 0.82438 0.83368 3.12585
3.06914 0.17053 4.78293 0.65893 -0.1214 3.10447 0.76786 0.28227 0.79503 0.87417
3.02073 0.513 5.6421 2.97514 0.28809 2.97885 1.57595 0.51112 1.3558 1.56549
2.75376 0.53444 6.88929 3.27465 -0.95579 1.14529 0.32295 -1.03153 0.89642 2.65826
2.38056 0.14699 7.01505 2.12333 -0.46757 0.63618 -0.9818 1.2474 2.486 2.13514
1.93947 -0.00392 6.62012 3.21665 0.76687 1.85943 -0.42058 0.82006 1.17362 2.85761
1.7315 2.58226 7.10141 5.40646 0.83225 2.12203 0.40658 0.26538 0.45907 3.44384
3.07692 2.90507 6.81514 3.83077 0.79019 1.15717 1.62099 1.23861 0.23619 0.83045
4.03574 1.33331 5.68925 3.66267 -0.07684 0.15248 2.48732 0.47236 -0.26341 1.85381
2.06274 0.37156 4.57168 6.11039 -0.42304 0.93989 0.39847 -1.54271 -1.18986 4.33462
2.05925 0.70038 5.94898 5.23044 1.37015 2.12803 0.49468 0.7841 -0.21623 2.03449
1.47747 1.62438 5.06558 3.85221 0.85899 1.5813 0.97423 -1.83619 0.57059 2.72483
2.40438 -0.14291 5.34245 3.10012 0.00857 1.72324 0.08501 -0.0491 1.80244 0.91465
4.49642 1.51408 5.31983 2.86459 0.06855 2.42793 1.43581 -1.71167 2.05729 2.56818
3.8821 0.93098 4.81854 2.92058 0.39126 2.01242 -0.23324 -1.58224 2.60961 2.67521
5.02519 0.44424 6.30788 5.19452 -0.18927 1.13959 -0.14292 -1.67799 2.20597 1.36516
5.22688 -0.51531 6.64993 5.1912 0.10824 0.92883 -0.19798 -1.08224 1.64666 3.72206
4.00891 0.67798 5.44435 2.81802 -0.46299 0.36489 1.79077 -1.00028 1.86049 2.2225
2.95028 0.61721 4.79014 2.44368 -0.00881 1.64943 1.70674 -0.5214 1.35228 4.1489
3.25774 0.18018 2.35914 2.45757 1.17122 2.13638 1.29297 -1.70986 0.9372 3.5467
3.48998 2.1988 1.74342 4.04985 0.22916 1.42085 0.8291 -0.13363 -0.693 1.68021
3.85929 2.34683 1.27546 5.46847 -0.85872 0.42867 2.81757 -1.44082 -0.19469 0.14403
4.45647 0.71016 2.30299 6.32547 0.42602 -0.0684 1.17081 -2.09202 -0.34347 0.57364
2.837 0.34224 1.37935 4.82566 -0.6968 -0.55762 2.20825 -2.03074 -0.76744 2.88295
1.17357 -0.84611 3.26893 4.00031 -1.07309 -0.77373 0.26223 -1.87763 -0.16884 1.58626
2.2055 0.89862 3.37592 2.96075 -1.19284 -0.57727 -0.27074 -1.31556 0.31115 3.79768
3.80364 2.5068 3.60359 4.46482 1.25641 -0.00225 0.87105 0.40861 1.3894 1.45273
4.58723 0.20111 2.97956 3.81582 0.55019 -0.27924 1.8709 1.43784 2.13256 2.14386
4.53723 0.30256 2.50475 3.69093 0.66293 1.12042 0.91924 2.41212 1.85838 2.42062
3.44375 1.63712 2.01717 4.56919 -0.38438 0.6634 1.17455 2.1323 2.54841 1.17008
2.6578 0.5533 2.34638 4.98364 -1.10937 0.60315 1.75742 0.16688 3.32419 0.04227
3.86394 0.08269 1.87494 6.09695 -0.74824 1.64788 0.84396 0.23102 2.68003 2.51763
4.23182 -0.33684 3.909 4.72482 1.13471 1.63592 0.22287 -2.08319 2.31029 2.35563
4.43604 -0.55531 5.68422 4.57617 0.14662 1.46114 0.80663 -1.19802 0.58155 2.56917
3.35558 -0.02762 5.62835 3.75938 -0.85448 0.13642 0.84219 1.35376 -1.17443 3.29037
4.89648 0.05891 4.55825 2.10178 -1.70863 1.04065 0.47733 0.68528 -1.81912 2.75602
3.9857 1.11478 4.43737 2.0373 1.00212 1.45369 2.16316 -1.0035 -1.93381 1.61019
3.72875 1.67307 4.78533 2.54782 1.14909 2.89256 0.63689 -0.11376 -0.87209 1.60348
2.23548 1.1845 5.12595 3.24978 -2.27102 2.91901 0.31636 0.47016 -0.43117 0.35368
1.03258 2.57499 3.64107 2.39968 -0.93604 3.30957 -1.41894 1.21757 0.3344 2.75552
0.98914 -0.81543 2.58477 3.43351 0.71631 3.50445 1.28611 1.28317 0.15956 0.15027
1.15787 0.34197 2.13312 2.77561 0.94455 3.46971 1.22875 -1.03108 0.67847 2.00811
1.12498 -0.38133 1.56291 2.18032 0.97831 3.45087 1.69671 -0.1987 1.10757 0.74671
2.75248 -1.26225 0.47069 2.32973 0.3591 3.23058 0.36155 0.24609 0.90461 2.10254
3.51538 2.29994 0.31242 5.09336 0.38597 3.17903 -0.04281 -0.55296 -0.07703 -0.23911
3.3325 0.73784 -0.57721 5.32966 2.50105 1.17903 0.98018 -0.14263 -0.28826 1.22694
3.98216 -0.5215 -1.0619 4.99992 1.14178 1.44693 -0.96029 0.85778 -0.62743 1.57594
1.8912 -0.18697 -2.34974 3.57868 0.86888 1.69043 1.49454 0.28354 -1.25898 0.18134
2.15052 2.00991 -1.79974 3.24952 -0.88144 0.26475 1.73877 0.39827 -3.73793 -0.12769
4.67601 0.15832 -2.10136 3.73664 0.24201 0.0074 -0.02075 -0.12908 -3.34098 0.10351
2.70255 -0.47372 -2.07529 4.43057 -0.07072 -2.14026 -0.5507 0.47106 -1.7848 -1.61256
2.80823 -0.18056 -1.23279 2.51527 0.4197 -3.58212 -1.43445 0.58576 -2.2312 -1.07483
2.09717 -1.82997 -1.04334 3.26271 -1.01325 -4.47553 0.20363 -1.67321 -0.35339 1.06698
2.33593 -2.14293 -0.7183 1.08675 0.4629 -5.43448 -1.66726 -1.08066 0.71273 0.18766
4.03434 -0.26595 1.94267 1.4253 -0.58139 -6.97435 -0.21634 0.41161 1.04972 0.29307
3.60262 -0.6111 2.36643 4.40272 0.2793 -6.78918 -1.33032 -0.23015 1.35374 1.46969
4.13593 -1.70506 3.29252 2.86895 0.9317 -7.52837 0.4778 0.11632 2.23655 -0.32417
2.06713 -0.03543 3.22132 1.70731 -0.75503 -6.11942 0.68845 -1.45583 1.95196 0.23052
2.48914 -0.09205 1.67648 1.73487 -0.74564 -6.52587 0.71336 -0.90228 1.62392 1.22779
2.67474 -0.34802 0.21317 1.21605 -1.51139 -5.15187 0.46183 -0.36383 0.76929 -0.60088
1.77733 -1.02398 0.61008 1.58765 1.52983 -3.94289 2.2882 -0.10214 0.24655 -1.2572
2.17 -0.35589 1.1135 2.02871 0.7314 -4.88925 -0.00286 -0.57546 -0.33504 1.99246
3.23488 -2.91532 -0.62595 -0.36521 0.54669 -3.88436 0.69156 -0.88801 -1.27922 0.19489
2.81927 0.54788 -0.8381 2.44036 0.61179 -4.81998 1.27551 -0.31108 -0.89139 -0.25398
2.53981 0.52652 -0.07821 2.87847 0.49503 -2.98929 1.94427 -0.649 -0.13301 -0.02594
2.86481 0.14202 1.25642 1.88184 -0.47183 -1.8202 -2.15574 -1.20813 1.28512 0.23159
4.21227 -0.62781 0.79306 1.23389 -0.29337 -2.09918 -0.68418 0.58947 1.1924 0.15014
0.76962 0.96377 1.52482 1.74512 0.82796 -1.59553 0.40324 -0.89657 -0.40088 1.77403
0.85362 1.00862 1.55146 1.33952 -0.84235 -0.64151 0.85383 -0.94563 -0.75743 1.38543
1.47039 0.46332 1.85299 1.00236 -0.60337 -1.24351 1.53229 0.95105 -1.33516 1.04363
3.10888 -1.5035 2.28922 1.28216 -0.84367 -1.18397 3.36786 0.18658 -1.40843 0.53289
3.96327 0.76729 3.62758 1.70326 1.04973 -0.23351 1.67462 0.80534 -0.4518 0.21511
4.59747 -2.08584 4.56533 1.6199 -0.78269 0.36022 1.87625 1.46181 0.56302 -0.60713
5.87749 1.20482 4.87156 3.47639 0.79589 2.75547 1.49274 0.95157 0.73705 0.59089
5.77775 -0.7713 3.36794 4.00662 0.54754 2.67032 4.6355 1.27291 2.37819 0.76058
5.20894 0.07379 2.22065 4.5445 -0.16551 3.34727 1.69961 -0.9955 0.29819 1.33617
4.68379 -0.33088 3.00279 4.49321 2.66694 3.18703 -0.81594 -2.40327 0.92229 2.69469
2.20683 -0.57097 1.99234 3.49229 -0.51468 2.84235 -0.64838 -2.0386 0.06208 2.74378
3.34457 0.26835 2.37176 3.02061 -1.32337 2.67614 -1.02517 -0.47186 2.36308 1.10887
3.18993 1.27391 2.92201 5.13246 0.10467 2.45766 0.21136 -0.43878 3.4843 0.83041
4.02708 -0.74184 2.66036 5.10312 0.88368 2.53493 1.24537 1.31612 3.3341 -0.44853
3.21956 -0.36162 2.00821 3.28767 -0.29464 1.85162 0.03405 2.70434 5.77973 1.18874
1.87306 -1.02165 0.63987 3.69422 -0.62994 1.87884 -0.24606 1.74593 5.70879 1.28106
2.2371 -0.31438 -1.00822 4.0097 -0.29359 2.31926 -0.57742 0.94082 5.28019 1.26516
2.58839 -1.16522 -0.70237 2.8898 0.42685 1.38108 1.75775 1.85805 6.55491 0.74322
3.14245 -1.20709 -1.60712 1.53329 1.78325 0.82252 1.07502 1.48164 6.12739 0.98063
3.09338 1.42267 -1.29687 1.41897 0.36485 -0.87736 1.3716 0.68393 5.74416 0.50842
1.37331 0.71018 -1.79117 3.42233 0.48947 -1.12932 -1.89779 1.05526 6.07154 0.09272
1.53404 3.32538 -1.57576 2.78547 0.03024 -2.28391 2.0294 -0.13978 6.17851 -3.03649
0.02286 1.189 -2.35399 2.61361 -0.20351 -2.30979 1.73291 0.67028 6.4264 0.17808
-1.96449 -0.1602 -1.47295 1.41944 -1.95874 -3.78693 0.10661 0.57359 6.78686 -0.52814
-1.53059 -1.41864 -0.669 1.10019 -0.6928 -4.71109 0.40775 0.08621 5.68629 0.43973
-3.40894 -1.27094 -0.9478 -1.23645 -1.33343 -3.62875 0.11162 1.86444 3.96622 1.21324
-2.74074 -0.31773 0.51264 -1.04618 -0.40473 -4.14576 1.31654 0.4175 4.42376 -0.32449
-1.83094 -0.16013 0.67231 -1.39418 0.96219 -6.10084 0.37317 -0.57676 3.82819 -1.30112
0.98573 0.35226 0.99687 1.20456 -1.27668 -4.19073 -0.34836 -0.71457 4.62507 -1.90716
-0.05386 0.05897 2.87236 0.14446 -1.48276 -4.18064 0.55902 -0.96148 1.54654 0.57928
-0.17254 -0.06437 1.39515 1.52652 -0.86553 -3.85408 -1.71234 1.29806 2.40417 0.01883
-0.43729 -0.44859 0.23258 0.65395 0.48851 -3.22756 0.781 0.34304 3.17444 0.7217
-0.35229 0.97398 -1.54484 0.10874 0.74222 -2.73688 0.24371 -1.31693 2.11472 -3.44693
0.88378 0.58209 -2.78741 -0.45338 0.94145 -1.90636 2.04095 -1.14795 2.73407 -0.71003
-0.56216 -1.82379 -3.94209 -1.27653 1.22247 0.53401 -1.85565 -0.98771 0.10021 0.8149
-1.25387 -1.57027 -4.25411 -1.2118 1.19917 1.76495 -0.66695 1.59316 0.14973 -1.04922
-0.54217 0.92675 -4.27242 -0.58639 0.99757 2.24313 -0.38956 0.93402 0.07712 -0.83409
1.00769 -0.6825 -2.24435 0.90817 0.2066 3.37774 0.40853 0.73419 2.78125 -1.89705
1.77209 -0.66129 -3.71265 -0.60835 0.11063 4.58779 0.35447 2.00754 3.93935 -2.3501
2.29031 -0.25379 -4.05831 -1.20646 0.31919 4.26304 -0.23479 0.43201 3.49707 -0.62156
1.51211 0.60185 -4.38293 0.58714 1.60519 4.87717 -0.43477 0.0287 3.55434 -1.02516
0.79387 0.85689 -3.45328 -0.45553 2.56311 5.08023 -1.39946 0.93557 3.13807 -2.5607
0.58032 1.47591 -3.76031 -1.18936 -1.33676 4.4031 -0.25839 0.87592 1.10534 -1.96937
-0.29058 -0.75602 -2.34413 -2.68311 -0.81926 6.03777 0.09741 -0.26484 0.79104 -0.97158
-0.00608 -1.63672 -2.33982 -3.00018 0.32539 6.16683 -1.1519 -1.07162 -0.58303 -0.48618
-0.11446 -1.39068 -2.56277 -1.87571 0.55364 6.17779 0.51571 -0.50698 -1.62315 -1.17977
0.93515 -1.69602 0.28415 -3.47483 -0.45455 3.25252 0.5538 0.78476 -0.66821 -0.24098
2.14355 -0.12519 -0.41338 -1.78939 1.84314 2.25975 -0.5012 -0.31992 -0.90925 -1.65088
1.02842 -0.26581 -0.32088 -0.00825 0.06703 3.56486 0.86521 0.27365 -1.908 -2.56853
-0.61329 -0.57598 -0.72002 1.02788 -0.99362 2.10574 -2.76517 1.23941 -0.60417 -0.91011
-1.35478 -1.52311 0.77547 -0.54222 -0.44702 2.74002 -0.18607 1.61175 -0.66711 -0.24672
-4.18005 -0.33344 2.00356 -1.41094 0.10717 2.64169 -3.06548 0.09709 -1.03811 1.33924
-5.5733 -1.07893 2.27071 -2.3724 0.72067 3.18707 0.89324 -1.30254 0.31073 -0.37149
-6.38669 -0.74501 1.99396 -3.84789 -0.41825 3.88047 0.54735 -1.06501 -0.76296 1.89172
-5.07285 -1.49507 1.21092 -2.96172 -2.2564 3.04912 -0.26803 -0.72174 -2.35549 0.88807
-4.42144 0.70654 0.32265 -2.18517 0.04623 2.71228 0.79871 0.63285 -2.10789 0.71543
-3.7642 0.90329 1.15222 -0.99058 -0.23598 2.65315 0.25629 -0.52013 -0.96452 -0.92203
-3.07184 -0.57169 1.30823 -1.71639 -0.51687 0.95234 0.60952 -0.81412 -0.31989 -1.53209
-3.42509 1.09754 1.98074 -0.99541 -1.16012 0.72964 0.09613 -0.11377 -1.55114 -0.1314
-2.569 0.14577 1.60744 -0.30448 0.17622 0.31557 0.16307 0.59687 -0.77236 0.64338
-2.2914 -1.87452 0.8815 1.5175 2.09613 0.19595 -1.48825 0.95989 -0.20943 -0.89206
-3.02879 -1.43081 0.86255 0.83828 -1.15323 -1.34695 0.04626 -0.16801 0.01987 0.90388
-3.6802 -1.16632 0.95909 -0.53817 -1.14858 -2.33585 -0.00649 0.06394 -0.47595 1.45348
-4.55764 -0.39812 1.41834 -1.31232 1.40481 -1.49926 1.42373 1.64087 0.1837 0.67407
-3.868 0.5923 0.94949 -1.40051 2.9428 -1.48985 -0.05223 0.58136 -0.09229 0.88349
-5.58404 -0.22293 2.42035 -0.64045 -1.13309 -1.99745 0.24492 0.72933 0.90944 -1.40385
-6.66339 0.65012 2.05743 0.18625 0.78329 -2.69289 2.78356 1.68709 -0.12364 1.86721
-5.86037 0.38175 0.87118 -3.1508 -0.01231 -1.66813 0.08389 1.17937 0.55076 -0.2766
-4.32787 0.56232 0.065 -5.21702 -0.92041 -2.76026 0.02958 -1.05113 -0.42379 0.32528
-3.72935 -1.86973 1.59492 -4.6644 2.26565 -2.48846 -0.29106 0.04668 -0.51583 1.37932
-5.36908 -0.2766 0.54386 -3.50181 -1.3979 -1.88666 -0.90691 1.63628 0.98215 0.04017
-5.05945 0.62208 0.59426 -5.04978 -0.41911 -1.87405 1.54839 1.26854 0.3588 -0.98077
-5.58614 -1.10213 1.16694 -3.68518 -0.45571 -1.44253 0.04193 0.66461 1.40038 0.08508
-1.77124 -1.06134 0.92465 -4.67171 -0.41383 -1.90984 -0.00528 1.61502 0.42391 0.15038
-0.89552 -0.33678 -0.25488 -5.07233 0.35079 -2.23623 0.58533 1.96008 -0.35829 -0.99237
-3.37418 -0.61891 -0.61604 -1.51592 0.17094 -2.26771 0.11132 0.73569 0.12828 -2.0229
-3.1191 0.54375 -1.61312 -2.02165 0.54927 -2.55528 -0.63022 -1.08344 -0.41801 0.91773
-3.09147 -1.33027 -0.92941 -1.47064 -1.41787 -3.5385 -2.22092 -2.29957 -0.60262 -2.26741
-4.04683 1.59795 -0.54729 -2.80174 -0.48005 -3.47501 -1.10571 -1.88793 -1.1661 -0.68616
-3.7427 -0.11476 -0.84093 -4.79239 1.01925 -4.43521 -1.53712 -0.73455 -2.71252 -2.06559
-2.21349 0.10662 -1.0939 -4.74719 -1.37705 -2.9231 -0.58433 -0.96937 -1.40903 -1.77758
-3.62005 -0.58629 -1.20552 -3.87497 0.69939 -1.83487 -1.30395 -1.52105 -0.61165 -1.41657
-2.63352 0.52891 -4.05532 -4.52692 0.827 -2.74179 -1.21161 -2.32219 -1.1985 -2.49872
-4.11068 -0.74961 -5.05609 -2.928 -1.04919 -2.23984 -0.15837 -2.2669 -1.58803 -2.4185
-3.16915 0.68487 -3.2981 -4.02531 0.83443 -2.96858 -0.64347 -0.94161 -0.96081 -0.80351
-3.45159 -1.20677 -3.71674 -5.00608 -0.5998 -1.92631 -1.99805 -1.24152 -1.90481 -1.85109
-4.22529 -0.45553 -2.41368 -4.83016 0.49856 -2.62131 -1.09097 -0.97606 -0.58042 -2.75697
-3.87518 -0.21924 -1.71409 -3.6448 -0.91618 -1.19437 -0.07658 -1.11177 -1.81208 -0.89883
-3.12866 0.22401 -2.77939 -3.81728 0.33419 -1.32322 -1.17558 -1.69621 -1.18989 -1.19277
-2.18908 -0.56473 -2.63372 -3.92105 -0.29669 0.29449 -1.71875 -1.40378 -0.11438 -2.31008
-2.50029 -0.91907 -2.65628 -4.15189 -0.0256 -0.37212 -1.18796 0.47366 -1.06215 -2.06782
-0.53585 -2.35678 -3.01044 -3.26598 1.64906 -1.12965 0.10994 2.75838 -2.64085 -2.7277
-0.08898 -2.48882 -3.54396 -2.4432 0.85545 -0.67856 1.59029 2.62612 -2.6106 -1.9361
-0.2248 -2.06287 -3.49398 -0.73955 0.03063 1.48073 2.09015 1.04789 -0.95458 -1.60063
-1.0508 -1.24012 -4.46951 0.22316 0.36278 1.09813 -1.26405 -1.03591 -1.47702 -0.40541
-0.00109 -1.80609 -3.89018 -1.66145 -0.16962 -0.67459 -2.03653 -0.33832 0.17456 -0.58917
0.20275 0.23832 -2.732 -0.78708 0.38792 -0.7546 0.75335 -0.20314 2.08899 -1.3817
-1.79183 1.64948 -3.56984 -2.7476 0.16256 -1.14142 0.02431 -1.1962 1.53068 -1.72331
-2.74009 0.8041 -3.10597 -4.07625 -0.86543 -2.81114 2.01759 -1.88544 -0.40034 -2.20576
-2.64045 -0.74912 -3.87469 -1.61893 -1.77636 -2.39469 -0.06524 -0.71704 -0.43643 -2.75679
-2.25465 -2.55316 -2.94458 -1.27155 0.04909 -0.58849 -0.73456 0.31757 -0.14553 -1.52129
-0.86158 -1.89354 -2.09979 -2.11094 -0.44176 0.7575 0.16831 -0.48945 -1.31956 -2.85768
1.89028 -0.02804 -1.41577 -1.47747 0.23139 1.09882 0.61444 -4.62365 -0.14251 -0.56776
0.20853 -1.41051 -0.91453 -2.38081 0.67082 0.27063 -1.22107 -2.01359 -1.03554 -0.13282
0.80495 -1.43276 -1.40961 -0.36944 -0.0212 0.76301 -0.06213 -1.6965 0.04076 -1.49024
0.03823 -1.11342 -0.19585 0.30437 1.51729 -0.47972 -0.25271 -1.59645 0.84548 -1.17842
1.71883 -2.1774 -1.21939 0.25536 0.09128 0.78167 0.28223 -1.59012 -0.86378 -2.74117
4.21308 -0.4665 -2.28589 -0.66822 1.40735 2.86227 -1.37088 -2.78226 -1.68694 -0.13397
2.40688 -1.31393 -0.67554 -0.60284 0.52431 2.53966 -2.19663 -1.80189 -0.67036 -2.49625
2.89523 0.97368 0.15552 0.10599 -0.83117 2.01822 0.21225 -0.37917 -0.07958 -0.35834
2.52444 0.17281 1.46115 2.50975 2.04412 0.93066 -0.51922 -0.81719 0.24552 0.03596
2.35666 0.1108 2.16755 2.5806 0.37076 -0.61273 0.4075 -1.05859 2.60578 -0.28222
1.97112 -0.39548 1.13353 3.6026 -1.18884 -2.59183 -0.62761 0.30795 1.81332 0.37749
0.29088 0.03107 1.04735 3.16291 -0.63451 -3.58349 0.18925 -0.44878 3.46368 1.42047
2.11273 -0.41153 1.06639 0.86262 -0.38846 -2.68372 0.08077 -0.10253 2.91363 1.11124
2.63155 -0.04815 0.58009 1.65398 1.15791 -2.99333 -0.43121 0.70579 4.13345 -0.40141
1.56199 -0.51456 -0.06821 1.84469 0.86004 -2.59735 0.32519 1.82856 4.42445 1.53087
2.59973 0.13489 -1.60426 -0.22302 0.04413 -2.68926 0.67269 -1.04105 4.70144 1.30064
1.67962 2.09758 -0.85654 0.34378 -1.74175 -2.92792 1.24215 -0.72798 3.88907 0.66857
1.86056 1.89778 -0.42924 1.10501 0.12204 -4.35878 0.1464 -1.09137 2.49154 -0.36655
0.32716 0.34024 -1.75715 1.56095 -0.56756 -4.01387 0.78241 -1.59839 0.98946 -0.28019
-0.13476 2.60205 -2.85733 1.19873 1.66121 -3.71187 -1.85747 0.33604 0.64058 -0.46127
-1.84178 0.42686 -1.4028 -0.05148 1.01818 -3.61167 0.2488 1.39707 0.80147 -0.97255
-1.93208 0.14541 -4.13441 -0.48375 -1.62644 -4.94969 0.95835 -0.20609 -0.3429 -0.64557
-0.64432 0.58132 -3.62827 -0.37056 -0.45479 -4.03693 -0.3296 -0.68541 1.02842 0.43967
-0.34208 -0.46207 -3.73519 -0.15586 0.12752 -5.22366 0.22987 -1.40164 -0.64955 0.22031
-0.24071 0.27093 -1.94142 -0.76992 -0.3252 -4.58764 -1.93406 0.0369 -0.06124 0.26426
-0.49672 0.6386 -1.25098 0.19306 1.11449 -2.71767 1.06825 -0.02413 -1.04402 -0.06813
-1.72261 -0.01463 -0.54479 0.19214 -0.96535 -3.56277 -0.82591 2.88183 -1.90586 -0.5301
-1.44323 0.41332 -0.83377 1.37661 -0.90381 -3.16047 1.86593 1.0186 -1.57938 -0.70473
-1.20282 -0.87914 -1.97552 -0.5798 -1.17037 -4.18295 1.94792 1.08655 -1.05558 -0.42444
-1.28948 0.9763 -1.26012 0.19434 1.47287 -3.87959 0.59417 1.15298 -0.54709 0.56815
0.66437 -2.48581 -0.94831 -0.71519 -1.34304 -2.35491 0.61259 -0.50806 -1.86786 -0.0327
-0.60182 -1.761 0.64082 0.38398 0.94176 -3.53135 -0.01946 1.83553 0.17392 2.10174
-0.47762 -1.93202 1.29039 0.35151 -0.15512 -1.4657 2.12237 2.00279 2.12885 0.66477
-0.24363 0.10472 -0.07996 2.01719 -0.56405 -1.25032 1.76423 1.14646 1.49382 0.57714
-0.91724 1.17354 0.94006 2.79582 -0.40586 -1.93376 2.85978 -0.09937 1.19497 -1.28358
-2.12911 -1.50133 0.68333 1.37337 0.05712 -2.52344 0.51426 0.29207 -0.66614 1.05863
-4.04926 0.4434 2.22198 0.56357 -0.53798 -1.76876 -1.54719 0.82158 0.28288 2.12574
-4.42691 0.5385 3.23391 -1.5957 1.82449 -1.513 1.11043 -0.34242 2.00618 1.56606
-5.22128 -1.04068 2.9328 -3.33899 0.51211 -1.19709 1.44644 0.38999 1.03477 1.68141
-4.27049 0.51443 4.92996 -3.61377 -0.55888 -1.91161 -0.3211 -1.6355 0.12371 0.74941
-3.15151 -0.5814 6.99559 -3.46249 -0.22658 -1.71826 1.10606 -0.96449 0.59711 0.8397
-2.6326 0.08068 5.28049 -2.3348 -0.10612 -1.08182 2.21053 0.39541 1.20492 1.88411
-1.4849 1.09687 5.50914 -2.21049 1.02951 -1.39401 -0.43353 2.66617 1.86556 -1.59585
-2.60618 1.36611 3.98442 -3.50203 1.14418 -0.90634 1.04931 2.76312 2.60736 0.76705
-2.37775 0.54487 2.39693 -2.21191 -0.22807 -0.9902 1.80699 3.06146 4.94286 0.9037
-2.87515 1.87851 1.85786 -2.65451 -0.1658 -1.24958 0.54526 0.38351 6.97963 -1.72983
-2.74282 0.89866 1.93397 -2.58429 -0.58647 -0.80332 0.6372 -1.83907 6.74485 -1.82449
-3.0638 -1.01338 2.24589 -3.10219 0.1655 1.22468 -1.58074 -1.7497 7.54887 -0.42854
-1.99635 0.18364 1.79724 -4.95567 -1.17308 1.69445 -2.05356 0.9417 7.85261 0.41962
-0.36354 -1.29719 0.12981 -4.31247 -0.7659 3.20605 -0.60338 0.23185 8.70447 -0.48208
-0.34445 -0.65375 -1.6011 -3.3238 1.44495 4.89615 -0.75709 -1.99922 7.0214 -1.13877
1.62259 1.13338 -2.57291 -0.73958 -0.5077 3.97989 -2.09304 -1.04681 6.10939 -1.06348
1.00002 -0.88316 -1.14332 -0.89445 -0.24295 2.26503 0.03794 -0.36807 4.51975 -1.45397
0.85139 -1.10552 -0.16523 0.0727 1.20311 1.20543 -1.93361 -0.04313 3.33697 -2.47556
0.31097 -0.90504 -0.31561 -0.20389 -0.38777 -1.12038 -2.79379 0.06736 1.25571 -1.73182
0.74089 -1.83133 -0.77736 -0.3352 1.58391 0.12662 -1.87502 1.28935 0.80384 -1.72607
1.68215 -0.99999 -0.66795 -1.90884 -0.05899 0.67303 -0.39909 0.44195 0.05814 -1.32265
0.14727 -0.18818 -0.43422 -1.54411 -0.7662 1.25828 -1.64891 0.11014 -0.65789 -0.15109
-0.23798 0.8294 0.57974 -2.40476 1.56182 2.13551 -0.6369 -0.04285 -0.59747 -2.05976
0.3346 0.02256 0.852 -2.29892 -1.048 2.9076 -2.93497 -0.40394 -3.09254 0.89359
1.04936 -1.8436 0.01237 -0.68463 -1.86426 4.03778 -0.79721 -0.64529 -3.49878 0.92761
1.44201 -1.64618 -1.88158 -0.77806 0.648 5.37093 0.10191 -0.45762 -4.79106 0.47007
1.72817 0.82647 -2.03875 0.79343 1.37652 3.45886 1.09676 -0.57882 -4.34269 -0.92747
1.18921 -0.02579 -1.46965 0.62777 0.83179 4.33476 0.40255 0.91039 -6.33068 0.98075
0.91051 0.0679 -1.16334 -0.80324 -1.04711 3.87287 0.39501 0.24773 -7.20241 0.69951
-0.55306 0.01344 -1.78262 -0.04388 0.39454 5.01149 -0.08462 -0.19996 -7.64118 -0.96236
-0.08529 -1.00781 -0.60846 -0.84973 -0.50311 4.73114 -0.70389 -1.28511 -9.13515 -0.51868
-1.87208 -2.09703 -0.09263 -2.01308 -0.8795 5.92365 -1.58227 -1.56112 -8.27761 -0.33128
-3.49576 1.04887 0.89037 -2.73914 -0.72973 5.41862 -1.35734 -0.85478 -7.72666 -0.74129
-2.13536 1.7732 1.30854 -3.01364 0.49104 6.3405 -0.20509 -1.54159 -5.74418 0.3464
-1.40435 1.29417 2.1585 -1.88345 1.57124 7.20108 -1.03415 -2.31744 -6.34319 2.39671
-1.49322 0.46466 2.85326 -3.27766 0.9034 6.7229 -0.12586 -0.75669 -5.77829 -0.46252
-1.64058 0.274 4.15812 -1.5544 -0.81947 7.00925 -0.33587 1.38294 -5.89923 -0.05785
-0.46348 -1.1237 4.58414 -0.88532 0.34224 8.09622 1.62611 1.82339 -5.25121 -0.05925
2.10766 -0.77415 5.64094 0.03722 0.03455 8.59331 0.30624 0.00131 -6.51995 0.78298
2.55391 1.94145 6.28125 2.27089 -0.98953 8.49728 0.5613 0.15683 -6.86372 -0.04033
3.25411 -0.00724 6.12773 2.65118 1.25873 7.52268 1.54782 0.24268 -6.15267 1.54989
3.90736 0.17228 6.97628 3.8083 0.43764 7.8513 2.27169 0.02783 -4.45511 1.07357
4.78352 0.78318 6.89167 3.22342 -0.11154 5.4023 1.71788 -1.36238 -3.6858 1.71909
3.92884 -0.2769 6.00713 3.29256 -0.43034 5.9511 -0.17458 -2.58542 -1.80419 2.11072
6.35261 -1.67246 6.6005 3.77695 0.22654 6.28624 -2.09811 -1.02471 -0.07803 2.407
5.23539 0.62152 8.89762 4.55297 -0.09305 6.61979 -1.55541 -0.76524 0.1136 2.18299
5.6103 1.16519 7.72171 3.87283 -0.28755 7.23757 2.26719 -2.00064 1.36242 2.73365
3.88473 1.54095 6.86373 5.99758 -0.60994 5.5385 0.62739 -0.57803 1.32283 3.61861
4.44288 3.12311 8.61668 5.65122 1.76891 4.31455 1.67247 -0.00152 0.43002 4.15624
2.61926 2.6846 10.48048 5.79151 0.75222 3.28492 0.99943 -0.30093 1.60916 4.99611
2.17633 -0.17645 9.97746 5.80143 0.46203 3.71404 0.82341 -1.48581 1.25948 5.03948
2.26891 2.38703 8.88091 5.32821 -1.80935 3.44397 -0.3835 0.0584 1.73253 3.35258
0.99996 3.49805 10.63204 2.71865 0.56032 2.68072 2.43836 1.48642 1.07304 2.24286
2.50272 3.12188 9.75255 1.2803 -0.97253 3.31041 2.32668 0.90667 1.87561 5.48812
4.52989 1.2323 8.72296 1.5034 0.11612 2.45969 1.67286 -0.03949 4.14394 3.56001
1.98054 2.22991 7.53357 1.383 0.5798 3.47921 1.04466 0.3963 4.09854 1.0345
3.00785 2.60447 6.94579 2.69175 -0.22616 3.43385 3.12957 0.0601 3.54378 4.17276
3.76188 0.81475 6.58707 4.47827 1.27248 2.26373 0.19287 0.70822 2.90334 2.78621
4.67248 1.58428 6.89757 3.50867 -0.83622 2.74772 1.17332 0.34488 1.71225 2.02234
5.53136 1.53658 6.74341 5.01924 1.08327 3.39945 1.41517 0.79965 2.49246 3.99216
7.10897 0.62594 5.14309 5.66089 1.1796 3.46404 2.69923 0.3124 2.50083 0.08258
5.99521 -1.41155 4.0113 6.40966 -2.54518 5.62609 1.63719 -0.65596 2.95244 2.65811
6.56811 1.0445 3.94362 7.28054 -1.42351 4.54119 0.56313 0.23862 3.46106 2.31011
8.38671 1.84716 1.78193 7.58277 0.12084 6.93182 0.73306 0.10626 4.69926 2.61623
7.05478 1.36457 2.675 5.99468 -1.06545 6.10363 -0.15076 0.27059 4.53719 2.80561
8.59395 0.82946 1.24732 5.3728 0.44393 6.41942 2.28797 0.27941 5.23316 1.42638
6.68566 0.09922 -0.16671 8.57879 0.62264 7.08237 0.08161 -1.25257 5.37845 3.42992
7.19477 1.26771 -0.57452 5.52751 -0.28748 7.45749 1.2068 -0.45482 4.59983 1.75821
6.55274 2.7465 -1.01931 6.58354 0.26566 7.99256 2.50453 -0.18968 4.68319 0.25732
6.9939 0.84952 -1.63472 7.54853 -1.68732 6.9074 1.22381 0.68213 3.67556 1.56199
7.06143 0.31293 -0.88153 7.05744 -0.82839 7.4874 -0.36325 -1.07044 4.11566 0.01606
8.55091 -1.06516 0.11423 7.85532 1.38946 6.38067 -0.40091 0.92153 5.27183 0.96454
9.17675 0.51127 -0.04334 9.39776 -1.14946 5.34997 -0.51891 1.71446 5.19143 2.01166
10.9021 -0.85287 0.02717 7.36391 -0.72517 4.40143 -1.39778 1.99311 3.69973 1.60403
9.58104 1.839 -0.65788 8.55054 -1.64678 3.50144 0.02515 0.51435 4.18069 1.30646
9.05336 0.9784 0.03429 6.99768 -1.38472 1.67478 -2.21202 0.17468 3.76272 2.62861
8.15903 1.05311 0.22178 6.64471 0.27751 2.19115 -1.4508 0.15293 2.99769 3.20451
7.71705 1.24895 0.14936 7.0651 1.50126 0.43632 0.79879 -0.5649 2.05461 1.86664
8.02519 0.88257 0.19689 6.96247 -2.27247 -0.12378 1.61908 -0.19928 2.24436 4.05914
7.57921 1.8245 -0.4173 7.27464 -0.89235 0.34247 1.29497 0.69196 -0.53762 1.99814
6.82509 2.57708 -1.13303 7.53953 -1.16584 -0.11591 0.83923 0.11328 1.55466 3.20778
6.14947 2.09656 -0.37563 8.64942 1.46755 0.01669 -0.58121 1.65185 3.12013 0.58439
4.99706 -0.03425 1.5603 6.79158 -1.00075 0.83204 2.22133 1.23144 1.89753 1.55192
5.00753 -0.16241 1.02362 6.60413 0.20845 -0.71895 3.03193 1.46693 4.09641 2.458
3.76147 -0.59363 1.90062 6.8234 1.54197 -0.31648 2.12317 0.57554 3.47683 2.34207
3.94136 -0.30588 1.93383 6.82191 1.27212 0.65162 1.5974 0.43818 4.42622 2.81418
4.9268 -0.38503 1.17471 7.29794 0.44966 1.01301 1.56971 -0.44883 4.35032 1.14452
5.07779 2.60462 0.44651 7.04196 -1.26073 2.68521 1.38142 -0.10685 5.35655 0.69704
4.89742 -0.74709 0.55546 8.10501 0.87491 2.15877 -0.50555 -0.43218 4.22283 0.11928
