-0.29646 -3.0285 1.2799 0.90314 -1.08447 -0.33308 -6.47068 -0.57626 -1.34072 -1.34951
-0.14019 -0.46028 0.2252 0.88804 0.11784 -2.05809 -6.91369 -0.2568 -0.45617 -0.74154
-0.36377 0.09642 -0.87906 -0.226 -0.67699 0.21777 -8.00551 -2.92226 -0.4177 -0.98133
0.47918 -2.64719 -0.22623 0.06147 -0.09515 0.88057 -6.30505 -0.63546 -0.56301 0.54872
1.25936 -2.54907 0.97144 -1.11786 0.59311 0.55702 -8.2886 0.45887 0.0311 -0.79662
-0.26385 -1.1957 -1.08365 -1.78536 0.8407 0.6576 -7.571 0.58786 1.37357 -0.97258
-0.18463 -1.48903 -0.25256 -1.23462 0.02476 -0.78074 -5.98943 -0.08743 0.38595 0.51251
-0.12133 -1.23011 0.36801 -2.28661 1.06459 1.15831 -4.92391 -0.64747 -0.64338 -2.805
-0.68089 -0.92565 -0.51154 -2.50727 -0.95137 0.85376 -3.86466 -1.1121 1.45718 0.34601
-0.83207 -0.85479 1.62903 -1.64021 0.61628 -1.7401 -4.30862 0.59975 0.86757 0.2192
1.05629 -0.80453 0.28082 -1.63219 -1.82942 -0.66519 -4.80229 0.56057 1.59781 -0.46192
-0.54998 -3.28638 1.17602 -0.18287 -0.55709 1.96071 -3.90049 0.94134 2.23575 0.99138
0.73535 -2.47955 0.84532 1.47605 -1.58273 0.83029 -2.97748 0.97344 0.74446 -0.57154
0.8386 -0.04063 0.34492 3.05029 0.11442 0.51218 -4.42231 1.43336 -0.17607 -0.99603
-0.77975 -1.88482 0.67442 2.81844 0.41936 -2.19238 -2.4951 1.65812 -0.63782 -1.12589
-0.4979 0.71031 -2.87679 2.23828 -1.74221 -0.84227 -4.96944 1.39036 0.86732 -0.18849
-0.53886 -1.55627 0.67972 0.81688 -0.57879 0.9809 -5.17797 0.02584 2.10527 1.19406
-0.79329 -1.496 1.06312 0.30978 -0.05946 1.08455 -4.26954 -0.47773 0.44787 0.76627
-0.28555 -1.77531 -1.56509 -0.33332 0.4282 2.01283 -4.88287 0.24428 0.6063 1.69241
0.65072 -2.45659 0.56794 -1.26512 0.44169 1.93074 -3.55951 -0.7272 -0.51715 -1.15251
0.34468 -1.60447 -1.21977 -3.55533 0.81808 -0.12997 -4.51362 1.21554 0.08623 -1.27867
-0.14306 0.0164 -1.88591 -3.49509 0.39115 -1.04347 -4.00958 0.55348 -1.19639 0.42397
-2.97881 -1.41548 -1.18879 -3.35348 -1.50677 -0.91455 -4.33912 0.48025 -0.84777 -0.41296
-0.89762 -1.57184 -1.6393 -2.85061 1.21182 -0.49764 -3.69178 0.31025 -1.24868 0.12937
1.62361 -0.46795 -1.33189 -2.08246 -0.94478 0.81224 -2.8138 -0.429 0.06085 0.71748
1.39288 -1.29175 -1.04475 -0.61831 -0.42768 -1.72431 -2.33611 2.92993 0.96122 1.80914
-0.0285 -2.24735 0.15587 -0.5872 -0.73399 -0.03083 -2.70082 -0.26464 -0.27746 0.37054
-0.38706 1.29987 0.19013 1.35619 -0.57628 -0.60128 -1.96237 -0.64922 0.36105 0.50775
-1.4934 -0.44413 -0.73238 1.06543 0.88157 0.02408 -1.02631 1.47198 -0.21535 -0.41879
1.15757 0.68826 -0.41244 1.44275 -1.59413 -2.03866 -2.79401 -0.97335 0.9465 -0.87033
0.92374 -0.63681 -1.08205 0.42148 1.54869 0.69317 -4.50091 -0.92211 0.03382 1.04293
-1.11247 -1.4129 -1.02419 -0.16507 -0.59268 -0.89946 -3.93529 -0.20166 -0.89576 0.33504
-0.60926 -0.99578 0.44498 1.93093 -1.06292 0.28228 -4.8149 0.74024 -0.35709 0.29513
1.48348 -0.40233 1.71507 0.058 2.10284 0.62181 -2.54611 -1.25362 -0.58779 0.06086
-1.22708 -0.76121 0.01157 -0.45577 1.87825 0.47657 -3.72006 1.30457 0.19202 -1.9301
-0.82475 -1.13248 0.08661 -0.06989 -0.52098 0.18306 -2.32478 1.5079 0.76707 -1.27003
1.58442 0.34735 0.45527 0.45071 -0.7583 1.19436 -1.02413 -0.01267 0.77507 0.26409
-0.5683 -1.05865 1.01487 -0.57059 -0.53815 0.58929 -1.13803 -0.21576 0.82125 -0.90054
-0.83347 0.46019 -0.65143 -0.37486 1.69741 -0.33506 -0.50324 1.61183 -1.16438 -0.26381
-1.35956 -0.36749 0.76254 -1.40049 -0.02345 -0.06174 -0.19874 1.23002 -0.14154 3.4422
-1.89477 -0.6112 0.42009 -0.75479 -1.23344 -0.15319 -2.36805 -0.07638 0.33176 1.35228
-1.81351 -0.8188 -0.1203 -0.49093 1.03478 1.27691 -3.37384 1.20952 -0.82053 0.94177
0.02953 -1.98555 0.26204 -0.37285 2.20044 1.82583 -2.51272 0.48248 -2.42745 0.32151
-0.33269 -1.6226 -1.00053 -0.09793 -1.27863 -0.22865 -0.91475 -1.02776 -1.41904 2.66959
-0.47704 -0.77558 -0.47899 -0.11863 -0.29422 -0.01593 -0.92077 1.11172 -2.51334 1.66732
-0.26421 0.70926 0.08653 0.48529 -1.76758 -0.72689 -1.78331 -0.26414 -1.0606 0.4367
0.0306 0.2997 -0.06293 1.662 1.96124 -0.81245 -0.88333 -0.21532 -0.5419 -0.76638
0.93012 2.31265 0.07586 1.15257 0.46697 -0.36445 -0.14299 -0.29231 -1.25252 0.48915
0.38498 -1.3405 -0.45052 1.8649 1.63347 1.621 -0.23631 0.29195 -1.60435 -0.66479
2.46761 -0.41421 1.16219 1.47929 -1.58563 2.39172 0.38855 1.69534 -0.84086 -0.85144
0.46655 1.13836 1.05839 -0.13107 -1.83322 0.36509 -0.25978 -0.16739 -1.95045 -2.02878
-0.00591 0.15185 -0.88685 1.87719 -0.83507 1.41645 0.27419 0.16558 0.27095 -1.18188
-0.29832 1.15989 0.86369 -0.06773 -0.39655 0.65905 -1.13457 0.32172 0.60574 -0.31387
1.45454 0.45014 0.50108 0.91051 -0.22624 -2.79057 1.39034 1.1995 0.5424 0.26947
-0.94103 1.53356 -0.07724 1.18915 -1.90284 -0.05087 1.9826 1.88171 0.52836 1.51701
0.40178 -1.0813 -2.07981 -0.76698 1.90829 -1.31059 0.66601 -0.09504 -0.23717 0.29833
-0.41664 1.35369 1.82283 -0.42962 -0.05722 -0.46373 2.54184 -1.64597 -1.08803 -0.61663
-0.23825 1.16936 -0.85445 -0.80084 -0.9178 0.42853 1.89672 -1.03071 -0.4526 1.20336
-0.66032 -0.57841 0.67329 -0.59346 1.00208 1.5481 0.48315 -0.44114 2.19563 1.84385
0.41111 1.73595 -0.46406 -2.9044 1.74587 1.08776 -1.51726 -0.93031 0.91652 1.9337
-0.36207 1.14464 -1.74577 -2.6354 0.44735 -1.57236 -0.55749 0.73681 -0.75251 1.16285
0.42748 1.04958 -2.00775 -2.15073 0.05495 0.85601 1.03582 -0.23432 -1.71879 0.93771
0.91811 -0.60655 0.68228 -1.8507 -0.17971 0.01034 -1.03792 0.0782 -1.70645 0.51328
-1.64423 -1.13244 0.60354 -0.25495 -0.21145 0.25038 -0.70586 -0.07135 -1.26239 -1.95572
1.12489 1.19716 -2.35319 1.24974 -0.54226 -0.32058 -1.4002 -0.51953 -0.68986 -2.20518
0.72828 -0.89732 -0.58514 0.2416 -1.48853 -0.5645 0.54339 0.82538 1.21754 0.45927
-0.92061 -1.00971 -0.19987 -0.39795 0.33654 -1.14841 0.03692 -0.34844 0.2769 0.11771
-0.0344 -0.19313 -1.55165 -0.69456 0.20632 -0.08951 -0.79132 0.69309 0.39393 0.55589
0.17792 -0.56854 0.24656 -1.88892 -0.12303 0.76465 -2.29852 -0.41428 -0.59362 1.44738
-0.42273 -1.7279 -0.85919 -1.58281 1.86851 1.25767 -0.87505 1.06628 -1.75197 0.54213
-0.66811 -0.22327 1.43962 -2.63843 -1.23637 -1.79351 1.16987 -0.8242 0.98516 -0.61004
0.44742 -1.00154 0.79628 -3.45654 -1.35962 -0.5271 1.84182 -0.06023 1.81413 0.51967
1.34759 -1.35082 0.76797 -1.84663 -0.29581 -0.46554 1.275 -1.40535 2.00819 -2.16574
-0.88035 -1.002 1.65997 -2.03957 0.79704 -1.74599 0.48203 -0.79269 0.78054 -0.58954
2.56564 1.57111 0.11876 -2.07309 -0.45492 0.19002 -0.16956 0.49918 0.0106 0.27842
1.67875 -0.0516 -0.11014 -1.98439 0.48765 1.21645 -0.99269 1.02885 -0.51345 1.11064
-1.46742 -0.87867 1.45356 -1.54025 -1.10473 1.91047 -2.05513 0.74704 1.38952 0.75319
0.47717 0.58004 0.90821 -1.91018 0.93021 0.89869 -3.29062 -0.58748 -0.05615 -0.07001
0.48293 -0.0961 -0.08928 -1.21501 -0.40115 0.37725 -2.03434 -2.44578 1.47003 2.07462
1.67254 0.66748 1.0188 -0.97802 0.01101 -1.11308 -3.36078 -2.75058 0.35052 1.9365
0.19245 -1.41961 0.24429 -1.58768 0.15953 0.61773 -2.69969 -1.80291 -1.13534 1.8317
1.72957 -1.69535 0.98691 -2.61822 0.60942 -1.83935 -2.55701 1.05713 -0.47562 0.92078
1.51775 -0.66301 -1.09562 -2.04134 1.36978 1.75457 -0.86048 1.33996 -0.77029 0.41087
-0.40291 1.79977 -1.60036 -2.71967 3.21607 0.41511 -1.43792 -0.44261 -1.35341 -0.7117
-0.26468 -0.58532 -1.14513 -2.7184 1.21436 -0.58908 0.22505 0.69117 -2.75127 -0.9182
-0.13502 0.18629 -0.52084 -1.58851 0.82455 -0.23585 0.05021 0.03692 -0.59717 0.19069
-2.38268 0.33074 0.20683 0.13164 1.55101 -0.07636 2.45248 -3.39904 -2.25934 1.34229
0.26827 0.21145 0.02104 0.17061 1.42252 1.46189 4.47604 -2.03605 -0.57422 1.65157
0.44281 0.47104 1.11167 0.69783 -0.71044 0.17456 4.32771 -0.65116 1.2221 -1.22385
-0.22589 -0.47912 2.25474 1.175 0.22378 1.27375 5.69614 0.30752 0.43631 0.16492
-1.40486 1.74877 -1.76182 -1.20252 -1.20198 0.11065 4.99145 -0.27697 1.37068 -1.29794
-1.71143 0.34878 0.86633 -0.82055 -0.45664 1.36313 4.07633 0.51981 -0.28672 -0.3154
-0.44342 1.40692 -0.27558 1.19412 1.13205 0.10048 2.95882 -1.27877 0.60457 -0.0599
0.53087 2.22156 -0.2791 0.02034 -0.31236 1.5157 1.77903 -3.5803 0.29581 0.81184
-0.22498 0.96003 -0.69307 -0.77 -1.7841 0.9574 2.71597 0.70386 -0.4842 2.02934
0.28563 1.94702 0.0343 0.13358 -0.15521 1.34307 2.3044 1.47834 1.1443 -0.28943
1.73199 1.93509 0.88119 -0.68817 -1.0456 1.39833 3.17382 1.45224 1.96793 -2.26822
2.0415 1.5536 1.25969 -1.52807 1.34606 -2.80219 2.89332 0.66148 1.64078 -1.4313
2.72995 1.07929 0.30317 -1.21612 -1.45739 0.81116 0.94757 -0.41976 1.54349 -0.8491
-0.02859 0.63401 0.54524 -1.96535 0.47944 0.795 0.28661 -0.15826 -0.20797 -1.83319
-2.54526 1.37387 1.23976 -0.58114 -0.05686 -0.44543 2.3489 -0.53639 -1.31886 -0.86408
-0.45872 -1.62158 0.37648 -0.37387 -0.49603 0.88763 1.7424 0.99609 -1.74331 1.89627
0.04199 0.51544 -1.38398 0.02815 0.31776 0.40282 0.57253 -0.60237 -1.75231 -1.12635
0.88717 0.86408 0.28907 1.37437 0.25289 0.43395 2.05262 -1.42929 -0.20695 -0.50279
0.69448 -0.15289 -1.42989 1.18254 0.55717 2.57262 1.66611 -2.64179 -1.84983 1.04245
1.2512 0.39979 -1.57465 2.88286 -1.1 -0.05084 0.15454 0.38832 -1.10663 0.37478
0.24468 1.86487 -0.73971 1.86109 1.51448 -0.87178 -1.76658 0.57921 0.26415 0.12186
-1.52338 0.31873 -1.19274 -0.07947 -0.947 -1.05879 -0.61399 -0.08091 0.01198 1.70721
-1.01157 -0.21141 -1.35041 -0.41861 1.63981 0.85091 -0.1312 0.13279 0.24106 1.33913
1.38524 -1.26871 0.37893 0.32446 -0.78547 0.78654 0.86672 0.20568 1.45977 1.53458
0.49514 -0.62862 -1.46875 -0.34244 2.81679 -2.06056 -1.12243 1.01508 0.95295 0.59642
0.321 0.34316 -0.06725 -0.05719 1.91111 -0.01898 -1.88854 -0.10712 -0.17492 1.49047
-0.27612 0.38806 0.73268 -0.04941 0.646 -1.5827 -0.92588 0.58356 0.10877 -0.0787
0.06978 0.48372 1.63227 -0.56083 -0.56086 -0.34074 -1.38334 1.402 1.69244 -0.64765
1.20165 -0.78741 -1.2325 -0.54092 -1.15745 0.4206 1.58485 -1.25861 -0.08863 0.42862
-0.48163 0.04234 -0.3262 0.31055 -1.04282 -0.22776 1.25938 -0.60496 0.19611 -0.23892
-0.25315 -0.94376 -0.91546 1.43459 -1.33897 0.48537 3.50784 0.70289 -0.92515 0.87637
-1.07735 -0.67862 0.03309 0.11385 0.65795 -0.23668 4.50145 -1.24305 0.66636 -0.457
0.0485 0.72247 -0.18522 1.77909 0.44376 -0.25774 5.96388 0.25357 1.20728 0.6618
0.72325 1.56155 -1.5864 0.44578 -1.37978 0.94637 5.85435 -0.12429 -0.00612 -0.29873
2.09373 -0.15833 1.24423 0.39306 0.0861 0.90032 4.49462 1.06184 -0.18122 -0.94111
-0.31789 1.634 0.03722 1.47083 0.47878 -0.26686 4.15167 1.21346 -0.63663 1.17408
-0.70926 1.82543 -0.78215 -0.02353 0.84543 0.28301 5.64297 0.94334 -2.05198 -0.24387
-0.30866 1.03002 -0.54104 1.70151 0.05368 0.26659 5.36621 -0.6698 0.94417 -0.63191
-0.5384 0.41461 -1.6147 1.02572 -1.53644 0.97353 3.67142 -1.22564 -0.19114 1.40891
0.19887 0.49648 0.01844 2.20185 -1.17408 -0.05817 3.96654 1.26878 -1.54999 0.01465
-1.61331 1.20925 0.08339 2.47795 0.28541 -0.02891 3.27934 -0.14569 0.60738 0.38342
-1.25773 1.23598 -0.40119 0.20113 -0.87712 1.44854 2.64668 -0.48972 -0.87031 0.02296
0.18078 2.35893 -0.38741 -0.27964 -1.1917 2.36824 2.33735 0.15413 0.02659 1.41543
-0.26974 -0.12643 0.60162 0.0857 -0.45433 1.32984 1.80858 0.21896 0.36367 0.54273
2.6086 -0.30512 -0.01905 -1.09302 0.19318 0.32018 2.30723 1.26391 1.58658 1.571
1.83458 2.40564 1.5875 -0.03517 -0.3715 0.57846 2.38255 -1.22886 0.50326 1.67606
1.84735 0.82386 3.15107 0.45157 -0.02644 -0.69475 2.3694 -0.04161 -0.10979 2.08316
1.01901 2.21917 1.63024 0.2644 0.11803 -0.92349 1.3283 1.28796 -0.06034 2.37361
0.91827 1.39478 1.08728 0.9097 0.8902 1.02533 1.8624 -1.4071 -1.02546 0.58852
0.33648 -0.63235 1.7898 0.37173 -1.10871 -0.19829 3.38823 -0.01842 -2.11446 -0.23314
1.07292 -0.39558 0.30171 1.85327 1.0404 -0.08048 1.64056 1.46589 -1.00117 -0.62535
0.87857 0.93948 -0.09683 1.68287 0.14253 -0.03674 2.36137 -0.62743 -0.72158 0.03946
-0.29041 2.39855 -1.58934 0.87953 -0.40439 -0.03278 1.96898 -1.38502 0.10225 -0.4925
1.64017 -0.17833 0.50744 0.39555 0.8047 -0.37822 1.49568 -0.65665 -1.83392 -0.50987
-0.60915 1.27913 -0.54097 -0.51981 -0.74858 -1.28673 0.48687 0.2346 -1.935 -2.90132
-0.62288 0.09672 -0.25277 -1.33607 0.49193 -0.23824 1.21306 0.4177 -1.67755 -1.51222
0.74926 1.18925 -0.49698 -1.45124 0.90558 -0.12025 1.2209 -0.30522 -0.7325 -1.12182
-1.06853 0.237 -1.54152 -2.10766 0.77719 -1.13427 0.85627 -0.45783 0.28173 0.16265
-1.18556 -1.89445 -0.3296 -1.69855 -1.13189 -0.08966 0.72061 -0.49364 0.15486 -0.46762
0.18194 -0.30382 -1.33628 -3.24487 -0.48082 -1.3443 -0.55108 -0.32742 0.768 -1.78071
0.77658 -0.19811 -1.22015 -2.12808 0.31113 -0.66272 0.19355 -0.38158 2.14197 -0.16192
-0.58114 2.18253 0.52213 -0.7621 0.0275 -2.35256 0.76778 0.21873 1.43633 -0.79651
1.06483 -0.6832 1.38834 -1.90133 -0.2424 1.29235 1.26908 0.44303 1.96139 0.98844
-1.00538 0.38757 1.28967 -1.39844 -0.9742 -1.569 0.38323 0.43887 1.20717 -0.05225
0.73899 -0.94387 0.91452 -1.15464 -0.88358 -0.1053 0.62018 0.26804 1.17483 -0.93609
-0.67452 -1.47054 -0.38943 -2.82571 0.89682 -2.4004 0.29855 1.59004 0.27477 -1.16752
1.23431 -0.61578 -1.23673 -2.57253 -0.776 0.40791 0.34848 1.54204 1.44031 0.45914
-0.72919 0.75314 1.41343 -3.09669 1.73255 -0.98444 0.98169 0.2303 0.61669 2.42218
-1.43181 -0.45967 0.62727 -3.58389 0.14857 0.83487 0.30704 0.15627 -0.4746 -0.0394
-0.91579 1.90672 -0.35972 -4.28596 -1.31315 -0.00349 -1.42856 0.98006 -1.14083 0.78025
0.64694 1.6995 0.27227 -3.22826 1.94089 1.53635 -1.52345 3.55514 0.19763 0.00356
-0.50955 -1.20834 0.64593 -0.56344 -1.82819 -0.23364 -1.93121 1.43742 1.25813 0.64426
-0.42808 0.54631 -2.07556 0.41335 -0.36124 -0.92375 -0.44705 -0.94798 0.04382 0.03159
-1.03586 -1.31603 0.07231 1.30272 -0.13828 0.13249 -0.63984 -2.08178 0.09546 -1.19091
-0.52599 -1.94054 1.05979 0.28371 0.38943 -0.75264 -0.78867 -0.69025 -0.40846 -0.71052
1.08837 -0.60606 1.14638 -0.85648 0.47639 -0.20728 -2.20974 -0.63207 0.15008 0.03789
0.25115 -0.47905 0.63836 -0.77013 -0.72702 0.59861 -1.09133 0.83632 0.249 -0.70224
0.04658 -1.24151 0.72485 -1.35997 0.69514 -1.31959 -1.6565 0.89255 0.3604 -0.74506
0.34542 1.3719 0.16954 -0.06161 0.40274 0.94662 -0.92404 0.01166 -0.43313 1.26012
0.34619 -1.06556 -0.51756 -0.89876 1.06078 1.09466 -1.28319 2.05701 0.21098 -0.19341
1.05896 1.10486 -0.31221 -0.1639 -0.93954 -1.41996 -1.41164 -0.2831 -0.60908 -1.26639
0.07627 -0.3999 -0.55786 -0.31078 -0.5814 -0.39192 -2.17205 -0.78162 0.35551 -0.69271
0.22126 -0.06454 0.42625 -1.75599 0.55086 2.22245 0.90402 -1.54586 -0.45043 -0.67901
-1.05889 -0.13535 -0.19851 -2.20874 0.57353 -2.78543 1.73403 -1.74178 -0.10383 -0.20025
0.4516 0.66446 1.37797 -2.40117 -1.4684 -1.27221 2.32109 -2.09425 -0.46099 -0.32169
-2.12113 1.79009 -1.0436 -2.14851 -0.52313 2.0388 2.15298 -1.97143 0.14228 -1.08327
-1.10394 -1.67622 -0.64718 -2.56303 0.2313 0.73692 2.58055 -0.31116 -0.63481 -1.38614
0.60571 1.049 0.65398 -2.22696 -0.21699 -2.60948 2.84474 0.2919 0.43388 -0.07674
0.32846 0.93751 1.13665 -1.35765 -1.42682 1.12275 2.50112 0.05608 1.53751 0.07175
-0.54473 -0.53634 -0.03387 -0.18466 -0.26203 -0.23345 1.33969 -1.69851 1.11722 -1.36667
1.65312 1.04135 -0.20731 1.91207 0.7113 -1.23771 0.50039 -1.5018 0.76259 -1.24981
0.18633 1.83701 0.93818 1.49065 0.88446 -0.49111 1.0471 1.24568 -0.23413 -2.30789
-0.12383 -0.78024 0.82527 0.12651 1.29482 1.86042 1.76324 1.21168 -1.47356 0.52289
-0.40936 0.22233 0.75101 0.68772 -1.2241 -1.7566 2.9793 0.95742 -0.0314 0.98626
-0.31223 0.69714 -1.97314 0.41571 -1.5689 -0.64273 4.58059 -0.22863 -1.88941 -0.45871
0.08498 0.85316 1.1276 2.44151 -1.14425 -0.96191 7.47746 -1.14596 -1.24675 -0.86483
-0.35256 0.4787 -0.37074 2.33379 0.74672 -0.17226 7.02399 -1.42386 -1.55358 0.0862
1.15724 -0.51855 -0.45384 3.44321 0.14787 -0.28058 6.6832 -0.85936 -1.61391 -1.2353
-2.44168 2.3398 -0.40049 2.02007 -1.81294 1.24231 7.02422 -0.06975 1.67032 1.60244
-1.17196 2.5125 -1.62223 0.82754 0.25027 1.53942 7.24007 -0.88706 1.8776 -0.72598
1.65299 2.16398 0.39713 0.82534 -1.25127 1.43044 7.19275 -1.0059 -0.20806 -1.59877
2.06662 2.96399 0.9224 0.49902 1.57782 0.1871 6.3368 1.34168 -2.19166 -1.17835
1.34177 1.68897 0.62827 1.81918 -0.21716 0.62062 6.49053 2.73033 -2.29217 -0.21968
0.02614 2.00837 -0.76236 1.99567 -1.77412 0.15066 7.31435 -0.22688 -1.37913 -0.6265
-0.40278 2.93261 0.7391 1.27513 1.8223 0.76939 6.03919 -0.70637 -1.56411 -1.15052
-0.73877 2.24332 -1.81415 -0.52468 -0.08284 0.90743 7.42301 -1.5712 0.29672 -0.42119
0.14526 1.10944 0.78806 -0.00415 -0.86901 1.51041 8.99449 -0.9245 -0.28496 -1.63956
-0.01482 2.35874 -0.50684 -0.96989 -0.05603 -0.2155 9.38621 0.04159 -1.36577 -1.76578
0.62147 1.83868 0.63205 -2.71065 -0.00173 0.72153 8.48625 -0.91491 -1.54131 0.60619
0.31711 0.00244 -1.19934 -3.73831 -1.53582 -0.38262 7.79188 0.32442 1.27028 2.07426
1.83896 5.6635 -1.96417 -2.95051 -2.56628 1.44781 6.51982 -0.34168 1.21635 1.75958
1.72663 3.14252 0.04345 -2.47979 -0.9547 3.32513 5.44052 -1.22589 2.59494 -0.53531
-1.25804 1.71881 0.01003 -1.52599 -1.75434 0.8182 4.37869 -0.68091 3.2976 -1.72213
-0.20549 3.45708 1.22715 -0.19376 1.59314 -0.89607 4.14612 1.90678 2.9432 -0.21594
-0.18993 2.93067 -0.92968 -1.51247 -0.59606 0.66094 5.61152 1.44173 0.15686 0.34453
0.10223 2.06133 -0.50169 1.14157 -0.20749 -1.08922 5.37002 0.93036 0.32742 1.07917
-1.12273 1.16675 0.86391 0.14411 -1.65005 2.37365 4.12139 0.88828 1.13833 0.65167
0.70353 2.26799 0.27498 0.29948 0.47713 0.47661 4.04909 -1.80121 2.655 -2.58187
0.09211 1.2218 -0.4139 -0.96503 0.00809 -0.46145 5.86212 1.36385 1.05834 -1.05954
1.01761 1.74537 -0.5251 0.42961 0.43467 0.28188 4.29875 -0.6195 0.93301 -0.29186
-0.36502 0.81166 1.89676 -0.5568 1.1452 1.39592 2.82867 1.31506 1.69086 0.23401
1.32137 1.08293 0.84664 0.59317 -0.74145 -0.61341 2.3614 0.12157 1.4638 0.65859
0.44799 1.21777 -0.11027 0.75891 -0.17046 0.59184 2.21439 0.13117 -1.67542 0.82735
0.41546 0.36022 -0.13971 2.27472 -0.09485 0.94607 1.49589 1.67988 0.21667 0.65587
-0.23101 1.85985 -0.04435 2.80871 -0.6887 0.12619 2.95616 -0.68025 -2.02099 0.13232
0.15803 -1.64219 -0.66245 3.13032 0.17583 1.89002 4.98245 0.66044 -0.28507 0.63733
1.1065 0.95736 -0.70073 2.08432 0.65226 -0.43557 4.60364 0.42469 -0.02409 0.04895
0.23132 -0.20914 -0.74745 1.27109 0.54959 -1.50532 3.76246 -0.57105 -2.93668 -0.8471
0.98363 1.92565 -0.37558 1.71417 -0.67616 0.33735 3.92953 2.24953 -2.19785 -1.45146
-0.17261 1.20593 0.58739 1.86025 0.25423 0.37805 2.64294 0.49931 -1.61826 -1.13095
1.9174 1.59666 -1.06469 2.01683 -0.71435 0.43774 2.13603 -2.28342 0.18044 -0.61782
-0.67235 2.20168 -1.75022 1.89419 1.13469 -0.60294 1.69186 -0.45776 -0.41764 0.46306
-0.35731 -0.38834 -1.9974 0.52479 -1.22157 0.03485 2.35825 -1.39323 0.8416 -0.94458
-0.02565 -0.32229 -0.63526 0.2357 -1.44601 0.38758 2.38153 -0.46746 -0.38424 -1.04705
-0.68998 1.13346 0.46793 1.47793 1.59475 1.10217 2.20334 -0.90545 -0.69555 1.49865
-0.45984 1.38753 1.61544 -0.77886 0.14388 0.71963 3.61689 0.13592 -0.19107 -1.04125
-0.23959 1.53307 0.66904 -1.04267 2.09517 -0.9183 2.71119 0.35889 0.14777 -0.51379
-0.16722 -0.08282 0.19906 -0.85967 0.55786 0.66615 2.51805 -1.09381 -0.23052 -1.04918
-0.20364 0.57585 -0.78664 -0.39519 -0.97998 2.0559 2.84004 -1.59045 -0.72938 0.31776
-0.48413 2.09478 1.43322 -1.48859 0.38339 0.99302 1.6155 -0.22744 0.18472 1.03798
0.23514 1.87049 -0.16424 -0.79615 -0.61306 1.67194 0.6916 -0.14436 -0.90461 1.07185
-1.18281 1.98137 -0.38147 -2.08826 1.09138 2.32332 1.17282 -1.46578 -1.35985 0.19378
-0.24258 -0.73426 -0.08637 -2.24318 0.6191 1.0588 2.44816 -1.26622 -0.33739 -0.77977
-1.19939 1.50046 0.30248 -1.43632 -0.23905 -0.91514 1.74087 1.46545 1.52789 1.59656
-0.65043 -0.89661 -0.0966 -2.77397 0.30502 1.66708 3.53324 -1.06039 0.07584 1.01668
1.83251 -0.44983 0.03342 -2.81803 -0.00177 0.27397 4.12905 0.2212 -0.40791 -0.02663
0.13743 0.06359 0.92935 -3.89936 -0.85833 0.58533 2.85592 0.72889 -0.67137 -0.0207
-0.46579 0.6024 0.73465 -2.41429 0.19718 0.91706 3.97063 -0.60349 0.65517 1.40073
-0.1054 3.37986 -0.11516 -1.07133 1.25845 -0.72041 2.28821 0.0906 -0.31477 0.14363
-1.42333 -0.05155 -1.19728 -2.25381 -0.5639 1.27669 2.94957 -1.56139 -1.73361 0.418
-0.104 -1.37923 -0.87552 -3.79938 2.31559 1.342 2.54368 1.17543 -1.27241 0.67202
-1.42644 0.16861 -0.11389 -3.95271 -0.29843 -0.69374 2.24211 -0.03734 -1.26748 -1.01339
1.78522 0.25395 -1.02331 -5.25912 -1.33329 -0.61228 3.24557 0.88343 -0.27359 0.41164
-0.37468 -0.50527 -0.70887 -6.59836 -0.40917 2.71891 3.38968 -0.75248 0.34131 -0.57196
1.18205 -3.21295 -0.1326 -5.66261 -2.41681 0.38312 3.80695 -1.36275 -0.11387 -2.86461
0.04012 1.59486 -1.4429 -5.78494 -0.19819 1.52787 5.42901 -1.01118 1.7258 -1.74725
-1.62195 1.06668 -0.17062 -4.51696 0.2099 0.75731 5.77301 -0.47621 2.32079 -0.99459
1.65061 1.41923 0.1047 -5.02847 -1.79211 -0.10675 4.9361 0.5606 0.05713 -0.53365
-1.16267 1.84285 0.26094 -4.84768 -1.91667 1.43158 3.81103 1.31182 -1.18874 -1.16637
-0.11683 -0.40165 -1.19046 -3.68577 -0.3131 0.84812 1.35698 0.11649 -0.0813 -1.25604
-0.87742 3.19287 1.41572 -0.21167 0.05607 -1.2904 0.85229 1.34902 -0.14937 -1.64227
-0.2098 1.78675 -1.00559 -0.10792 0.06623 1.86729 1.87779 -1.71687 -1.43217 -0.1317
-0.71429 0.88154 -0.15189 -0.19672 -0.08735 0.04233 -0.37467 0.20023 -1.43674 -0.00143
-1.39665 0.15001 1.28626 0.30403 -0.07514 -0.13458 -1.80897 0.44998 -0.22072 0.74521
-1.97352 1.21519 0.20761 -0.71164 -0.96982 -0.37269 -1.71869 -2.37201 -1.01975 -0.40532
-1.58839 -1.39267 -0.72536 -0.1855 -0.89913 -0.13108 -0.65377 -0.44778 -0.06984 0.86198
-1.3284 -2.85905 1.81142 -1.48255 0.07843 -0.27245 -1.10481 0.51153 1.42405 0.22915
-1.1655 0.30131 1.45442 -1.39759 0.18353 0.57862 -0.32484 0.43508 -0.79165 -0.20669
0.89759 -0.47671 0.48035 -1.95641 0.62458 -0.1652 -0.83186 0.68654 -1.08312 1.42126
0.64887 -0.73587 1.6317 -2.40391 -0.23021 -0.84595 0.06642 -0.14472 -0.39164 -0.16295
0.04234 -0.94644 2.19625 -1.89159 0.42965 -0.13632 -1.6774 0.69318 2.05353 -1.23529
-0.13786 -2.23514 0.631 -2.69296 0.76545 0.83014 -1.68504 1.07299 0.78784 -1.81038
-1.34861 0.60961 -1.58583 -0.74857 -0.66942 -0.92168 -0.04251 1.42854 -0.67022 -1.86427
0.01656 -0.11885 0.71794 -1.56101 -0.54332 1.3866 -0.95588 0.18105 0.53323 -1.42721
-2.83511 -0.42819 -0.60746 -1.55643 1.98762 0.62802 -0.87275 -1.38539 0.63552 -1.63095
-1.40918 -1.34111 -1.99608 -1.56155 0.06744 -1.23443 -0.6292 -0.3261 0.56735 -1.8892
-0.76834 -1.35355 -1.65117 -0.43585 -0.71496 -0.53361 0.59913 -0.20917 0.40971 -0.08481
-2.03688 0.29813 -0.2598 -0.09927 0.35585 0.74728 1.64842 -0.43545 -0.01263 -0.92365
0.98737 -0.85715 2.35662 -0.11488 -1.77289 1.08778 -0.31647 -1.69138 -1.07285 -1.32946
1.03256 -2.1216 2.30171 0.92074 -0.10262 -1.11187 0.08636 -0.87915 -0.05611 -1.65219
0.42729 0.71561 1.0509 1.58676 0.28462 -0.49026 -1.36216 -0.64762 -1.10461 0.09799
-0.65108 -0.33694 -0.35425 0.9743 0.09913 0.03727 -1.43861 -0.55213 -2.70616 0.71295
-0.10413 2.00199 0.14432 0.13942 0.63004 -1.37053 -0.72166 0.91053 -1.8054 0.83296
-1.61219 -0.6424 -0.90522 0.93131 0.71387 -0.44372 -0.43776 -0.11009 -1.37979 -0.83726
0.40346 -1.89654 -0.08678 0.72025 0.30434 -0.06651 0.847 -0.03938 0.52406 -0.66326
-1.30724 -1.86483 -0.56529 1.50615 -0.23019 -1.59412 0.49811 0.13645 1.01218 0.08251
-0.61329 -0.32342 -1.23846 1.93064 2.0086 1.75356 1.51969 0.40878 1.53125 -0.98102
0.32613 -0.90772 3.05772 1.69339 -2.4433 -0.22381 -0.2027 0.80627 -0.1935 1.14988
-0.73596 0.67719 1.12026 1.53218 -0.45988 -0.13995 -1.72174 0.35441 -0.19783 0.52966
-0.24407 0.54237 0.91558 1.69522 -1.06535 -1.96138 -0.38434 0.21718 -1.79322 0.23329
-0.69374 1.22107 -0.12548 2.03392 -1.62973 -0.07091 1.22239 0.0351 -2.34296 1.6709
-0.54168 -1.54246 -0.35755 1.59614 -0.73975 0.81364 0.96169 -0.33336 -0.39611 -0.14663
-0.62096 -1.27794 0.27479 0.94946 0.27607 0.9696 -0.00015 1.02813 -0.31866 -0.1648
0.68466 -1.84716 -0.16087 0.57365 -1.32171 -1.13825 -1.68267 1.1122 -0.3027 -1.22915
-0.74813 0.84052 0.81125 -0.32884 0.14694 0.56472 -2.4427 0.21759 -1.6121 -1.05783
-0.6883 -0.97692 -1.44517 -2.15728 -0.04487 -1.01634 -2.04617 0.99563 -1.72086 -0.86369
1.15312 1.43956 -1.92504 -1.69513 -0.24652 -1.08206 -2.07517 1.30777 -0.68168 0.39742
2.10718 -1.57749 -0.3522 -0.89722 -0.30679 0.2296 -1.95439 0.42399 0.1006 1.20419
0.94618 -1.84984 -1.27377 0.94829 0.04571 0.32483 -3.0451 0.22776 -0.37172 0.0092
0.40991 -0.65758 -0.91005 0.34373 1.29328 1.16715 -3.08868 -0.29905 -0.00751 0.56014
1.96769 2.47074 0.54137 -1.42895 -0.42799 -0.01967 -2.31095 -0.18588 -0.10411 0.72627
-0.05059 -1.03479 0.68668 0.78021 -1.49233 0.11717 -1.0897 0.48504 0.11711 1.22525
1.06718 0.46648 -0.32353 1.07777 1.24064 0.78252 -1.28661 -0.24352 -1.11607 -0.18534
-0.40361 0.71956 -0.03151 0.91004 0.17165 -0.4803 -2.27296 0.29202 0.61959 -2.22418
1.65795 -1.0421 1.14385 0.9333 -1.34337 -2.02646 -0.56578 0.4507 0.38618 -2.52811
0.32604 -3.18228 -0.92552 -0.05388 0.38523 -0.13039 -0.37533 -0.11556 -0.99083 -1.72574
-0.91199 -1.53511 -0.4008 0.39072 -0.09564 -2.10964 -0.68897 1.98436 -1.0181 -0.26981
-2.84471 0.83586 -1.91884 -0.10618 0.10291 -2.47916 -1.41465 -0.34179 -0.27027 -0.6793
1.64817 -0.35444 -1.09552 -1.24353 -1.01647 -1.48832 -0.90498 -0.85145 0.09106 -0.44112
0.79793 -1.32412 -0.53203 -1.27952 -1.73576 0.07609 -1.20709 0.15489 0.44973 -0.49213
0.41635 -2.30071 0.19045 -1.76452 1.00036 -0.60835 -1.68895 -0.41967 -0.73094 0.40853
-0.5722 0.4599 -0.32595 -1.50961 -0.39195 -1.04613 -0.67395 -0.55874 -1.53445 0.35697
-0.85678 -0.78443 0.57458 -0.99334 0.16076 -0.19341 -0.7051 0.13535 -0.58 -2.27903
-0.93864 0.32439 1.57661 -1.00703 0.43167 -0.24965 -1.97001 -0.93322 0.125 0.66711
