1.51587 -1.14533 1.35582 1.06031 3.76756 -1.57546 0.36077 2.64701 0.67892 -1.63907
1.98857 -0.53994 -0.33279 -0.53208 2.51335 -0.52036 -2.07243 3.16576 -1.22348 -1.35401
2.57222 0.59428 0.13361 0.31054 2.25838 1.03337 -1.86209 3.01371 -1.18617 -1.16751
3.07752 0.23733 -0.51961 -1.08424 2.92541 0.93154 -0.12035 4.23219 -1.13073 -0.57858
4.36574 0.33605 -0.3239 0.72783 1.67824 -0.45498 0.5334 6.86061 -1.03221 -1.27732
1.61017 1.41756 0.1113 -0.74734 3.39556 -2.15004 -0.72467 6.6532 0.86051 -2.70864
-0.15892 0.266 -0.47694 -0.24676 2.86158 -0.73918 0.03525 7.07399 -0.13095 -0.78057
0.5551 0.8128 -1.67286 -0.00261 3.883 0.8272 1.02096 6.5932 0.4836 1.40438
-1.02359 0.61943 -1.34679 -0.59395 4.05421 1.09575 0.60264 7.48135 0.39905 0.01235
-1.18186 -1.13782 -1.79752 -0.24924 5.38359 0.53617 -0.36341 8.95344 -0.04307 -1.03931
-0.40267 0.00482 -0.65934 -0.42535 5.6593 0.76245 -0.16499 10.23316 1.18073 -0.19398
-1.51439 -0.35041 0.52969 -1.02479 6.50259 -1.40109 0.30422 10.16789 0.78796 -0.03215
-1.14394 -0.00878 0.145 -2.43447 7.28134 -1.6415 0.25017 10.64303 1.18645 0.90564
-1.35434 0.48629 0.94983 -3.55381 6.92935 0.65243 -0.53121 11.36792 -1.327 1.05397
-0.56897 0.65511 1.17423 -4.06872 6.5428 0.40741 -0.1362 13.67824 -0.53302 -0.43901
-0.14858 -2.50026 -0.50201 -2.96785 7.41038 0.76782 0.58801 17.29715 0.61268 -1.83643
1.14487 -0.63512 0.06087 -2.37259 6.8417 -0.04461 -0.19348 16.61026 -0.09548 -0.08098
-0.14625 2.43767 1.4228 -0.26592 5.74888 1.61641 -2.35264 17.86909 1.93398 0.56418
0.26786 -0.13154 0.46553 -0.19671 6.48259 2.78321 -0.33908 19.21098 0.12015 0.19918
-0.287 -1.18578 1.03577 -0.37007 6.53939 2.00591 -1.96504 18.67639 -0.83258 2.62886
0.70137 -0.51544 0.36327 -0.64794 5.44635 1.12428 -0.87992 19.23292 -0.78691 -0.68673
-0.00277 0.39522 -0.05549 -0.20962 7.59718 -0.09089 -0.65551 19.51842 0.77969 -0.74446
0.65337 -0.20497 -2.97246 -1.88698 8.04493 0.0949 -0.46906 20.01809 0.33016 0.27921
-1.57213 -0.46381 -2.97581 -1.2487 8.40676 0.61426 -1.35687 20.57542 -1.20547 0.16334
-1.97171 0.04672 -0.27624 -1.82409 8.30105 1.84635 0.50017 21.73466 -0.71256 -1.04104
-2.57265 -0.54759 -0.77205 -3.06936 9.07589 0.63846 -0.49625 21.23548 -0.66786 1.05295
-3.71404 -0.27182 -0.50905 -4.97817 9.35708 0.00022 -0.22527 21.26113 0.36941 -0.95792
-3.46614 2.03898 -1.00232 -4.69876 8.47968 -0.12465 -0.79129 23.68704 0.85205 -0.62707
-3.19363 -0.05827 -0.2972 -5.09838 8.03775 -1.18942 1.14035 25.29376 -0.55926 0.71761
-3.04946 -0.3239 0.33637 -4.19424 7.19328 -0.35743 0.53308 26.30598 2.53582 0.68106
-3.6416 0.51225 0.28981 -4.46843 5.06948 1.44115 -0.66259 26.34357 0.39402 -0.44256
-3.80535 0.03664 -0.03343 -2.12163 2.88859 -0.09905 -4.00632 29.01282 1.18484 1.41977
-2.36604 1.0866 0.27955 -1.98414 2.00089 -2.1349 1.53649 28.38934 -1.25414 0.51174
-2.77686 2.6359 2.26094 -1.69754 2.21942 0.29277 -1.21139 29.1084 -1.30112 1.82193
-1.55246 1.07447 0.24932 -1.57411 -0.04421 0.71015 -0.95696 28.70419 1.27596 -0.97502
-1.30327 -0.01172 1.55328 -1.87963 -0.11764 -0.19859 -0.57625 27.63733 -2.01574 1.04055
-1.41077 0.1282 0.44889 -0.98201 0.00747 2.04158 -1.59957 26.99606 -0.0889 1.0478
-1.96797 1.85878 1.16468 0.63313 -0.96104 2.01942 0.02802 25.2467 0.25624 -0.55491
-1.04005 1.58638 0.20818 1.13601 -1.11884 3.69344 -1.99858 23.15232 -0.24623 0.45263
-1.54986 0.22023 -0.63435 -0.54579 -1.64302 1.678 -1.72292 20.59758 0.10559 0.00532
-1.04114 -0.30029 -0.82792 1.18175 -2.19566 1.29834 2.59676 19.30595 1.57613 -0.95171
-1.13503 -0.38625 0.49183 1.26016 -1.80274 0.71544 0.20747 19.96378 -2.05156 1.11266
-1.69135 -1.44368 2.33752 1.07775 -1.50107 -0.13721 -1.07207 17.97692 1.72656 0.87754
-1.22107 -2.42289 1.38264 0.99561 -1.66517 1.90261 -1.20398 16.838 -1.12491 0.87779
-0.26592 -1.40233 0.77583 1.07263 -0.86575 0.06774 -0.55781 17.27449 2.18728 1.13282
-0.54115 0.17662 -1.74472 0.46689 -2.24087 -1.37258 -0.40959 16.10198 0.36053 2.13472
-1.19812 -1.01938 -1.04553 1.05057 -3.07651 0.18504 1.01896 15.94767 -1.40195 -0.80624
-1.22332 -1.1645 0.6131 2.15511 -4.66759 -0.76436 1.90319 13.35275 0.28881 0.26212
-0.23043 -0.81184 0.46407 0.37133 -6.65909 0.107 0.84969 9.91478 0.11631 -1.30007
0.21324 -1.42629 0.87786 0.62656 -7.72571 1.53518 1.64392 9.22922 0.79916 0.90097
-2.11502 0.18352 0.95173 -0.07711 -8.09359 0.56003 0.90023 7.88496 0.80215 -0.75428
-2.78856 -0.44274 1.65476 0.2936 -9.40881 0.04508 0.56706 6.18575 0.60012 -0.71998
-0.21245 0.35177 0.04459 1.04292 -9.85726 -0.44169 1.94312 2.07533 0.4621 0.88401
-1.08617 -1.3837 -1.31124 1.19862 -9.74261 -1.29041 1.14977 0.31194 -0.53743 1.3672
-0.8866 -1.1729 1.45948 1.60356 -8.7441 0.28207 1.37072 -1.75548 -0.26825 -0.52501
0.61972 -0.08252 0.95058 3.19693 -8.47502 0.50479 -1.20647 -4.46999 0.13105 0.17502
-0.68483 1.3986 -0.37517 3.35581 -6.84873 0.34674 0.12536 -5.51313 -1.24523 0.30294
-1.06614 1.2055 0.6767 4.19707 -6.5254 0.39142 -1.16637 -5.31625 0.75342 0.24866
0.82622 0.09753 -0.5889 4.62215 -6.08548 0.36049 1.60945 -7.16124 0.28641 -1.40182
0.2295 0.47519 -2.49721 5.70847 -5.61969 -0.97451 0.85454 -9.33107 -1.45322 -0.11492
-0.37706 -0.30395 0.9891 6.12737 -4.96735 -1.21026 2.3148 -9.224 -0.70416 -0.48569
0.9716 -0.23784 -0.26704 5.71472 -4.10809 -0.09083 1.08418 -9.58886 -1.28649 1.09579
1.53504 1.56634 0.76309 3.33895 -2.18397 1.813 0.55817 -10.70098 1.75903 0.35177
-0.18717 1.36743 1.85025 6.01274 -3.19213 -0.32313 0.20562 -12.57418 -0.05061 -2.02751
-1.49506 -0.88424 -0.34887 5.36104 -0.25959 0.14408 1.13556 -10.35584 -0.79743 0.51189
-1.88805 0.55577 0.67687 4.66975 -0.743 0.19593 2.62452 -11.20061 -1.20981 0.18326
-2.03653 0.00891 1.95538 4.43781 0.36344 -0.54256 1.28532 -11.89582 -1.02862 0.70782
-0.12286 -0.25486 0.55739 3.66543 -0.87469 0.17286 0.45272 -11.22475 -0.6201 -1.29477
0.67866 -0.37598 0.58391 4.54977 0.16539 -1.63902 0.25856 -12.10853 1.15474 0.68161
0.59152 0.156 0.44008 5.4406 -1.68594 -0.28172 1.30166 -12.32063 -0.14861 -1.4569
0.08956 0.38655 0.40608 6.02421 -0.72077 -0.49555 1.06723 -12.12455 -0.70936 0.96866
-0.41226 1.39105 -1.17875 6.22773 -1.56653 -0.09936 1.88304 -9.07477 0.26594 0.18521
-0.06421 -0.33842 0.02682 5.49952 -1.83753 -1.46064 1.61433 -8.95248 -2.29622 1.26504
0.92494 -0.75135 -0.79307 4.21081 -1.65896 -0.79308 1.31706 -7.19895 1.21886 0.97487
0.2737 -0.3729 1.43015 3.46612 -2.17575 0.9362 1.3694 -7.93814 0.54264 -0.02945
2.2416 0.04973 1.56836 3.79667 -0.53511 1.64468 2.33517 -7.89604 0.73361 2.07864
2.98257 0.47422 0.91526 4.26015 0.8542 1.9422 1.90541 -8.84097 0.38374 0.49278
2.15506 -1.24625 -0.10813 5.17062 0.74127 -1.30175 0.85875 -8.9476 0.07095 2.50343
1.92055 -0.25084 -1.56542 5.23921 1.87897 0.07997 0.59969 -7.91935 -0.83579 1.39639
2.53433 0.70672 -1.25786 4.73247 2.39966 -0.32882 0.29141 -7.72423 1.11626 0.32547
1.8103 -0.26904 -0.5135 6.37793 0.91761 0.34904 0.28712 -6.12579 0.03519 -0.35295
1.68 -0.64862 3.30713 6.34971 -0.04191 0.46464 0.28224 -5.61753 -0.39216 0.65087
1.34001 -0.84985 1.42713 6.54598 0.62451 2.60064 1.73139 -3.1373 -0.10743 1.27914
0.37285 -0.51635 0.60933 3.35547 1.99722 1.31987 1.30715 -0.88943 -0.37545 -1.90355
-1.0423 1.86866 -1.37684 4.20974 3.7836 1.55363 3.27396 -1.60064 0.80795 -0.37931
-3.36576 1.85656 -0.10526 4.62712 2.95188 -0.57444 1.09651 -3.20105 -0.94142 0.33153
-3.101 -0.73557 -0.1855 3.90176 1.74529 1.21812 0.86221 -2.64286 -1.14748 0.94241
-2.38287 -0.93811 -1.3413 4.61516 1.81443 -0.79004 1.21453 -1.73726 -0.89925 0.4842
-3.18315 0.73633 -0.60546 2.24293 1.76863 -0.54231 0.34026 -0.84037 -0.28758 0.55368
-3.66367 1.08181 -2.03182 2.75297 0.71585 -0.81397 0.43841 0.8004 -0.12076 0.91564
-4.01736 1.54298 -0.46987 1.39286 -0.13942 -1.16844 0.91599 -0.40544 -0.95021 -1.30258
-3.91298 -0.17669 0.38919 -0.59053 -0.89736 1.36841 1.03758 0.48686 1.16406 0.9304
-2.14504 -0.32406 1.44235 -1.93634 -3.39515 0.53896 -0.19918 0.3239 -0.27317 0.47888
-1.33509 -0.59793 -0.59404 -1.23106 -5.39443 0.44645 1.22661 2.5791 -0.88167 0.97855
-1.91424 2.48033 -1.29941 -0.58001 -3.76531 0.03053 0.32769 3.6935 -1.02906 0.11534
-3.4971 1.80972 -0.41515 -0.67386 -3.40338 -0.96167 0.71458 0.84559 -0.54682 -0.20844
-1.72611 0.05339 0.55516 -0.99064 -3.04984 -0.14497 -1.3238 0.11151 -0.69864 0.72057
-2.19376 0.02389 -0.85712 -0.41231 -4.25684 0.23749 -0.09183 0.00794 -0.76956 -1.04267
-1.70811 -0.53959 -0.99556 -1.41673 -4.92223 -0.44438 -0.17114 -0.06327 -1.41498 -1.23699
-3.95634 0.96312 -0.2704 -1.25715 -3.30559 1.30909 -0.48602 -0.65558 1.50353 -1.57005
-0.50202 -0.52506 0.34943 -0.33578 -3.79274 0.32947 1.15895 -2.11151 -0.14499 1.45943
-0.32655 -0.91557 -0.99853 -0.91111 -4.66579 -0.40269 -1.02229 -2.71451 0.63147 -0.36269
-0.98919 -1.35716 0.07295 -0.26728 -4.43175 -0.56427 -1.01538 -1.55179 -0.67026 0.47951
-0.29753 -0.95114 -0.72084 -0.1445 -3.58305 -2.71729 0.1351 -2.01523 -0.07458 1.61861
-0.09415 1.01521 -0.23405 2.34383 -2.48009 -1.2703 0.07326 -2.50522 1.74189 0.91756
0.79349 1.61632 0.62701 0.93286 -2.51254 -0.14552 0.10328 -4.61144 -1.95217 -2.06237
2.13076 2.225 -1.42201 0.19021 -3.12666 0.53201 0.09008 -5.97836 -0.06204 -1.38104
0.12935 -0.51329 -2.09457 -0.70291 -4.20857 1.23448 -0.37199 -7.40048 0.92913 -1.62625
-0.07679 1.02399 2.26948 0.10974 -3.40551 2.23488 -1.62789 -5.97778 -0.57847 0.71711
-0.73154 -0.7558 -0.27145 -0.31381 -3.20666 1.12823 -0.99153 -6.84423 -0.35077 0.9856
0.35018 -0.77297 -2.24158 -0.20713 -3.61422 -1.39634 -0.07223 -7.28961 -0.39474 -0.55709
-2.04348 -1.5429 -1.7145 0.53182 -3.88135 -0.16315 -1.50991 -6.73032 1.68576 -0.38701
-2.79364 -0.63004 0.65204 0.05165 -3.28726 -0.47852 -2.89808 -8.08168 -0.63865 -0.4475
-1.40294 -0.78474 1.18354 -1.50486 -2.82585 -0.37519 -0.45729 -7.80848 0.22778 1.17581
-0.43105 -0.06236 -0.09885 -1.91917 -3.73121 -0.3463 0.45816 -7.8848 -0.37394 0.13197
0.11166 1.64761 -1.15344 -3.04473 -4.15488 -0.53569 0.66349 -7.90643 0.7161 -0.57864
-0.90126 2.7546 -2.29195 -1.27125 -2.68434 -0.90246 0.51839 -8.58329 1.66243 -0.81346
-0.78088 1.53183 -1.56714 -0.67481 -2.83133 1.40937 -0.0329 -8.17175 -0.28556 1.12436
-1.31084 0.35574 -0.78992 -2.0785 -1.97257 0.57733 1.44357 -7.78182 -0.87296 0.96237
-1.75574 0.63161 0.27361 -0.16092 -0.87667 0.18027 0.51902 -9.3158 0.54335 0.30161
-0.13955 1.73009 -0.39483 -1.29999 -2.91211 0.14801 1.62173 -11.31754 1.76439 -0.70598
-1.78529 0.87738 2.42974 -1.41008 -3.76211 0.21134 -1.61178 -11.39389 0.52461 0.68168
-1.27298 -1.45375 -0.87084 -0.42013 -3.85621 -0.19907 0.71389 -11.26248 -0.47565 1.04956
-2.06565 -1.13889 0.59554 -0.28659 -5.86591 1.25829 -1.58013 -10.9799 -0.87695 0.50028
-2.72055 -0.44069 0.256 -1.79807 -7.05871 -1.50922 0.19661 -10.17466 0.03847 -1.26341
-3.4379 1.81689 -0.75533 -3.01861 -7.78615 1.25835 0.82424 -11.37062 -0.71079 -2.74099
-2.07393 1.33309 -1.41431 -3.52635 -6.45921 0.29595 0.70331 -12.67933 -0.64864 1.84479
-3.12208 0.52049 -1.17202 -4.32307 -6.31501 -1.78697 -2.79231 -13.98641 0.20708 -1.13271
-3.22893 0.8031 -2.24205 -4.32079 -6.44415 -1.36828 0.39123 -14.81109 0.06585 -2.3074
-1.67826 -0.93484 -1.24637 -4.15865 -5.09866 -0.13007 -0.93513 -15.45655 -2.70501 -0.28993
-2.55674 1.07817 1.24473 -4.07818 -4.97862 -1.16017 0.85506 -15.4945 -1.37346 -1.43167
-1.44881 0.18704 3.59089 -4.39596 -5.88462 0.76698 -0.94558 -16.63731 0.25099 -2.02838
-1.26391 2.57017 0.89571 -6.37769 -5.12134 -0.39518 -3.30608 -15.62189 -0.16287 -0.97617
-2.10442 -0.87281 1.13846 -5.83003 -6.17855 -0.40723 -1.3091 -14.87108 -1.24513 -0.07003
-1.87204 -0.2868 0.72444 -6.34164 -6.42472 2.42154 -0.33376 -17.17031 1.0092 -0.98233
-1.54932 -2.5631 -1.52277 -4.89135 -4.68119 0.65277 -1.54303 -20.04638 0.35269 0.47408
-2.87474 -1.54647 -1.68794 -3.9502 -4.42507 -0.80084 -2.87734 -21.56454 -0.42003 -0.91574
-3.6588 -0.14105 -1.73004 -3.01625 -4.58881 -1.52781 0.24613 -21.21911 -1.58104 -1.05247
-4.55418 0.59297 -1.35784 -3.81403 -6.10815 0.45212 -1.55678 -22.00247 2.10576 -0.88969
-4.16858 -0.09458 -1.22444 -6.37307 -5.02586 -0.1555 -1.5668 -22.37773 0.98797 -2.51878
-2.43987 -0.48179 -0.37486 -5.86084 -8.07441 1.09447 -1.94597 -22.46285 -2.83371 1.21182
-1.53772 -0.21947 -0.68005 -7.16469 -7.37486 -0.26028 -1.7134 -22.33996 -0.27617 0.69989
0.06952 1.72813 -1.19804 -5.34554 -8.77144 -1.6976 0.63249 -21.85658 -0.35818 -2.11087
1.12129 -0.2447 -2.49109 -5.09357 -8.96081 -2.29428 -1.35872 -21.91757 0.89495 -2.32715
0.21368 0.29198 -1.1413 -5.74893 -9.02 0.37594 -1.11705 -20.91706 0.46009 0.22668
-1.42498 -1.61064 1.48756 -5.85736 -8.58298 1.24275 0.31061 -22.21552 0.68 -0.39877
-0.49344 0.23993 1.15131 -6.12238 -8.42397 1.06176 -0.69871 -23.33712 -1.8877 -1.83168
1.52221 0.10073 0.78339 -7.11249 -9.7345 -2.42921 -1.5731 -23.44516 -0.62798 -1.08296
3.57469 -1.67513 1.11672 -7.57299 -8.66164 -1.78014 -0.29931 -24.32343 -1.18379 0.95794
3.13918 -0.07047 0.28324 -7.11694 -8.18911 0.21584 -2.81478 -24.72477 -1.26884 -0.7894
1.58782 -1.02648 -0.85248 -6.65741 -7.3089 0.19963 -1.9512 -26.35015 1.67913 -2.44852
-0.27971 -1.3332 -0.86542 -5.84209 -6.1069 -1.53516 -1.58328 -27.15375 0.83951 0.10669
0.13189 1.16636 -2.21706 -5.59536 -4.69532 -0.6489 -2.63807 -25.70485 1.19944 -0.31951
-1.33918 1.45175 -0.1341 -5.59841 -1.95079 0.36877 -4.01588 -25.18183 -0.41744 -1.07332
0.87881 0.95193 -0.86114 -6.08122 -1.82461 -0.36365 -2.82328 -24.80021 0.61149 -1.99624
0.36499 -1.56414 0.86478 -6.64716 -1.40509 0.26516 -1.13071 -26.07165 -1.39534 -0.90444
1.76208 0.0137 0.60117 -7.74105 -1.04141 -1.51379 -1.68125 -24.01118 -0.14844 -2.05511
-0.72363 -2.19923 -1.34244 -6.16127 1.53421 0.21749 0.81011 -24.32212 -1.63418 -1.03836
-1.70686 -0.94883 -2.30454 -4.94623 2.35974 1.52036 -2.51053 -24.25397 1.20105 -0.27981
-2.03735 -1.62288 -0.5757 -3.50599 1.94998 -0.53637 -2.64052 -23.82066 -1.26109 -0.09331
0.38289 -1.73889 0.05091 -1.58628 2.0951 -0.77119 -2.52754 -22.63448 0.34687 -0.36306
0.37575 -1.02602 0.62915 -1.39128 0.62216 -1.77531 -2.59376 -20.44748 -1.29345 -1.90087
1.12291 -1.23689 -0.81628 -1.83875 -0.5374 -1.91041 -0.31223 -17.89828 0.25444 0.04608
-0.3498 -0.42657 -0.48887 -1.34158 -0.78539 0.21745 -3.21222 -17.48192 -0.53146 -0.73521
-2.33171 0.07915 -1.15023 -0.50291 -1.64836 -1.89273 -1.79865 -15.98862 -1.63737 -1.36037
-2.25184 2.6747 0.92884 -2.33627 0.03605 -1.3708 -0.84257 -16.45316 0.57708 -1.87847
0.06789 0.07311 -0.65532 -3.92936 0.30149 0.40308 -1.31551 -14.91559 -0.11371 -0.51102
0.87037 0.36651 -0.75052 -5.26436 0.58711 1.1216 -1.3594 -14.73253 -2.68297 0.0325
-0.86697 0.28955 0.47637 -4.83877 0.33022 1.51473 -0.72861 -13.07403 -0.11215 -1.49378
0.66677 -0.61317 1.41328 -3.93363 -1.07119 0.82054 -1.35267 -11.90912 -0.8073 -0.7109
0.58536 -0.7689 -0.89591 -4.8954 -1.60338 -0.97668 -0.21792 -12.31265 0.58541 -0.69262
0.89657 0.31663 0.10676 -4.42499 -3.339 0.63959 0.28505 -10.03386 0.2921 2.28193
0.86045 0.09697 -0.41809 -4.20005 -2.3426 1.11814 -0.54069 -11.42163 -0.4417 -0.0666
0.86518 -1.5287 -0.80468 -5.5766 -1.74419 -1.07021 -0.95534 -11.22714 0.50665 -0.38789
1.16709 -1.85609 0.4193 -6.41716 -1.88249 1.31423 0.18153 -13.33465 -0.34914 0.62126
0.70433 -2.40306 0.33418 -6.26477 -0.34245 -0.513 -1.73022 -12.14445 -0.08925 -2.29875
1.11166 -0.16425 -0.40031 -6.60483 -0.90892 1.28981 -0.90131 -11.86823 -0.09839 0.60552
2.70662 -0.55802 0.30998 -5.70458 -1.14898 1.28542 -0.64089 -11.28155 -0.56248 -0.07541
1.59614 -1.74747 -1.19137 -5.03126 0.54769 1.2097 -0.42834 -10.32411 0.59987 -0.98748
2.33787 -2.43191 -2.07305 -5.68275 -0.13604 0.86036 -1.54366 -10.78004 -1.19659 -1.15922
1.38708 -0.35708 -1.07632 -4.60005 0.14515 -0.99192 -1.42277 -12.72895 0.05441 -0.17401
1.45406 0.7737 1.78611 -4.88739 -0.46328 -1.33757 -4.01785 -11.17759 -0.29022 -0.37328
2.11649 0.33937 -0.13493 -4.78478 0.1009 0.11944 -0.59222 -11.16644 0.91478 -0.24938
0.3391 0.77447 -2.21482 -4.95819 0.49957 1.41889 -1.36936 -10.76356 -0.7392 -1.35629
0.54485 1.32794 -0.41304 -3.48722 0.41331 0.06386 -0.22039 -12.47375 -0.51493 -0.90202
-0.39185 0.59036 1.04058 -3.31752 0.49301 0.27011 -0.64291 -13.68037 1.04275 0.0791
-0.93395 -0.71863 1.12305 -3.57545 -1.08005 1.79616 -1.49198 -13.06443 -2.51384 -0.37054
-0.82274 -0.327 -0.20679 -2.81562 -0.34373 -0.67963 -0.00591 -12.15483 0.71815 0.75558
-0.22074 -0.98168 -0.2817 -0.7137 0.01277 1.03992 -0.22049 -11.65461 0.51646 -1.50378
0.23335 -1.34174 0.47159 0.9373 0.21438 1.03288 -0.41054 -9.2858 -0.89655 0.37306
-0.4494 1.38808 -1.84386 2.48842 -0.53402 0.20624 -1.93816 -9.43244 0.38231 -0.2811
-0.95454 -0.57815 -0.5016 3.25798 -1.30683 -1.60364 -1.82378 -8.01005 -0.23265 0.63632
0.75364 -2.17095 -1.27172 5.75885 -1.2963 -2.23148 -2.03972 -6.3457 -1.99485 -0.35606
0.63073 -1.68015 -1.29676 6.32977 -1.78482 -2.27513 0.85792 -3.55605 -0.3673 0.18533
-1.78176 -0.44022 0.69327 4.91988 -2.14856 -2.60853 -0.82993 -3.17559 -0.32681 -0.36362
-0.85883 0.42778 1.48527 4.99973 -2.84456 1.45523 0.7701 -5.21386 -0.39126 -1.73982
-0.37018 0.58856 0.29833 3.8315 -1.24332 -0.22964 2.78122 -6.62386 0.86836 0.24099
0.39704 1.64634 0.75909 4.02925 -1.14185 2.76861 1.66983 -8.06335 0.08083 -0.21612
-0.35681 0.98719 -0.13896 5.79886 -2.68 0.40272 0.2316 -9.38824 -0.25657 0.56525
-2.42457 0.86388 -0.87047 5.43337 -3.21002 -0.30472 1.44056 -8.34543 1.97905 0.86948
-2.75888 -0.7369 -0.46105 3.19988 -3.36669 -0.33858 2.34182 -8.63765 2.14093 1.43734
-2.41375 -2.80893 -0.15137 1.62325 -3.40245 -1.16545 1.83226 -9.21879 -0.19423 0.37077
-3.39752 -0.6269 -0.8697 1.28828 -4.26084 0.23063 0.74344 -9.97901 -1.25166 3.16473
-2.61218 0.70527 0.89788 1.70623 -4.23645 0.8894 1.9457 -10.56779 -0.46216 -1.01342
-2.52489 0.01858 -0.86589 0.71265 -4.59228 0.62532 0.66195 -10.15886 -0.81284 -0.94286
-1.67411 -1.79532 -0.17057 0.85802 -5.59561 -0.30773 0.75267 -9.62586 -1.29138 2.55558
-0.56334 -2.02858 1.58321 2.03901 -5.54063 -2.39421 -0.33272 -10.051 -1.43945 0.79586
-0.67246 -1.01462 -1.95474 0.87354 -6.7125 -1.12797 0.58353 -10.78538 -1.13714 -0.59957
-1.73698 -0.28236 0.32919 2.36461 -5.64253 -0.80296 -1.3049 -11.50409 -0.22032 -0.25779
-0.43773 0.60492 0.34513 1.249 -4.60053 -1.70015 -0.91495 -13.03534 -0.11233 -2.04937
1.7152 1.63397 -1.07606 1.23179 -6.35558 0.35628 1.79285 -14.37052 -0.02501 1.46441
1.71875 1.37944 -0.28848 1.38115 -6.09863 0.34712 -0.58068 -14.60967 0.04967 -0.69773
0.91179 1.62859 -0.72416 1.38874 -5.00713 -0.59028 1.31475 -14.58909 -1.61171 -0.13765
1.91232 2.08275 0.107 1.19902 -5.82374 -0.5824 0.82841 -16.75355 -0.46308 0.56912
0.8064 0.80182 0.5169 1.57903 -4.46515 -0.91872 0.7647 -18.63556 1.66929 -1.64705
1.35497 0.03058 0.48579 -0.46039 -4.94645 -0.25274 0.15011 -16.8952 0.06227 -0.59077
1.84999 0.2457 0.84967 2.2708 -3.33192 -0.81909 -1.0766 -16.28931 -0.80858 0.88338
2.86184 -0.20157 1.83683 1.51985 -2.8433 0.42701 -0.32218 -15.60734 0.17278 -0.43806
4.51454 0.51639 -0.8071 2.29073 -2.6688 0.90328 0.46154 -15.36087 -0.54172 0.19
4.92105 0.84939 0.83057 3.37248 -1.45852 1.12354 -0.45251 -15.7073 -0.2233 0.32424
4.87682 -1.09417 -0.59527 5.14261 -1.79818 1.39094 -1.37075 -16.35395 -0.67811 -1.88139
4.64379 0.3288 -0.71832 7.18695 -2.25312 0.59011 -0.08411 -17.36734 0.36481 -1.44609
3.40573 0.65694 0.13404 6.38651 -0.65371 1.15629 0.63026 -17.54449 1.2923 -1.74856
1.73768 -1.05067 -0.83563 6.14599 1.08403 0.64594 1.03834 -17.71467 0.23745 -1.60613
0.20095 -1.60057 -2.10966 4.34443 1.75276 0.20389 3.16532 -16.4808 -0.0679 -0.78498
-1.05327 -0.57567 -0.70098 5.4344 2.44387 0.38305 2.77239 -16.15771 1.8159 0.05738
0.60653 -0.37862 0.51471 4.8799 2.98996 -1.37283 -1.02321 -13.81668 -1.17535 1.28476
0.80624 1.03421 0.073 4.67386 3.37993 -1.8457 1.79494 -11.11612 -1.25477 0.86853
-0.60339 0.87378 -0.85515 3.65879 3.98464 -1.20726 2.742 -9.70868 -0.92722 -0.81026
-0.99946 -0.66503 -0.4616 3.85318 4.49372 -1.64559 0.5246 -10.33625 -0.11358 -1.25865
-0.98025 0.95133 -0.32769 3.28947 2.73984 -1.14717 0.92371 -8.97725 -0.83323 0.025
-1.02348 0.58384 0.05472 0.81409 3.76363 -2.5117 1.33679 -6.39653 1.23455 0.02459
-0.40315 -0.07918 -0.9565 0.43656 4.79451 -1.75088 0.70852 -5.23575 -0.95796 -1.25965
-0.68864 -0.54425 -0.60628 1.93348 4.85363 -0.21797 1.34795 -3.30776 -0.31456 1.21188
-0.39912 -0.15679 -1.11539 2.45764 4.03106 -0.49013 0.62806 -2.97029 -0.10604 0.83026
-0.44432 1.62523 0.3332 1.95098 4.21657 0.07591 1.602 -2.6863 -0.01229 0.15331
0.02663 0.91624 1.48594 1.0747 4.16865 0.35519 -0.53736 -0.92231 -0.9423 0.50447
1.60266 1.2089 2.95298 -0.22406 4.42596 0.45513 0.54411 0.7007 -0.44834 2.6821
2.12817 -1.60026 0.94824 -0.66228 2.54762 0.46577 -0.67562 0.34241 -0.11598 0.36983
0.65039 -1.16782 -1.64345 -0.19391 2.02211 1.54894 0.62256 0.99696 0.22436 -0.30296
-0.27445 -1.267 -1.68165 0.92537 3.90628 1.05256 0.13983 3.61265 0.27445 1.64262
-1.77853 0.66806 -0.60176 2.06491 4.0302 -1.15465 0.1298 4.87121 -1.47603 -0.32476
-0.36023 0.45371 -0.27031 1.29476 5.17425 1.06526 -0.04642 5.28173 0.27731 0.82841
-1.07413 0.85537 0.93979 1.25728 5.15724 -1.15587 -0.18057 5.98871 2.05726 -1.67132
-0.14858 -0.11306 0.36917 1.36313 5.28028 -0.96389 0.77753 8.83853 -0.0086 -0.01102
-1.57888 -1.44937 -1.27146 1.22199 4.1284 0.57165 -0.65181 9.2897 0.72178 -0.18475
-2.95918 0.35112 -0.718 1.49901 3.89586 0.47259 1.39019 10.33755 1.04103 -1.27905
-1.89288 1.2754 0.02479 1.06036 4.9426 1.62998 -0.62562 11.19069 -2.45377 1.18513
-4.13653 0.19786 1.70316 1.06536 3.97081 -1.09259 0.86053 11.92037 -0.9874 0.91273
-2.80981 -1.67114 1.42602 0.40328 1.74765 -1.09894 1.92725 12.87408 0.89677 -0.89322
-1.99653 -0.60005 1.35726 0.88882 1.21067 -0.00108 1.30814 11.61021 1.75027 -1.30043
-1.41778 0.7081 2.35594 -0.10341 -1.34823 0.18972 -0.05758 11.41572 -1.1297 0.85375
-1.24202 0.84806 1.5896 0.32346 -3.12617 2.28872 -0.00791 10.39255 -0.54116 -0.16213
-0.61668 0.21071 1.66145 -2.3542 -2.34204 -0.23685 0.071 11.0249 0.21959 -0.65868
-0.82309 2.00142 -0.25369 -0.74445 -0.06409 -2.01618 -0.14212 9.01196 1.30989 0.13114
-0.60378 0.54803 -0.75959 -1.87855 -2.52852 -0.89418 0.28046 9.03129 -1.58901 0.28349
-1.65775 1.20027 -0.66438 -1.81628 -3.20343 -0.95499 -1.24176 8.32958 1.18321 -0.86007
-1.17903 1.60925 0.31318 -1.47925 -3.72151 0.50062 0.7209 8.0468 2.39251 -0.20265
-2.60504 0.10795 -0.52155 -1.93927 -2.83693 -0.0635 0.07757 7.5315 -0.30784 0.27839
-2.02608 -3.07915 0.49421 -2.64675 -2.77321 0.60318 -1.00431 5.7649 -0.89993 2.17155
-1.32722 -2.26053 -1.51106 -3.22559 -3.78171 0.98438 -0.93772 4.49872 -0.93213 -0.84932
0.61106 -0.04088 0.98582 -1.21196 -4.22721 0.88512 -0.73358 3.2881 -0.41002 1.41977
3.27142 -0.07376 -0.6894 -0.1041 -4.17227 0.79111 -0.8091 2.25991 0.57446 -1.83586
3.44649 -0.43972 0.66983 -1.48446 -5.92156 -2.78397 -1.13394 1.39437 -0.32301 -0.24703
2.7009 -0.83576 0.4812 0.1036 -6.53384 1.89889 -0.48549 -1.79329 -0.93459 1.3673
1.88684 -0.47612 -0.76767 0.05377 -4.86861 0.25927 -0.10423 -3.19488 0.61683 0.20391
0.77224 -0.77576 0.91489 1.25922 -3.90208 -0.08857 1.27961 -4.8997 -0.69495 -0.57222
1.2752 0.13598 1.14709 0.86333 -3.60762 -2.57231 -0.97165 -6.43725 -0.36873 -0.27284
0.85144 -2.25676 1.3115 0.50021 -1.84044 -0.1621 0.94824 -6.77458 1.5983 -0.17307
1.12155 -0.4158 1.69446 0.68638 -0.53157 -0.55163 -1.09932 -10.07593 1.17181 1.26444
1.2482 -0.91982 0.09134 0.1391 0.35495 -0.10077 0.52562 -10.53751 0.47095 -0.89269
0.00816 -2.65055 -0.81916 2.22223 -0.23045 0.69933 0.08843 -8.53231 -2.75092 -1.29945
-1.29894 -1.12226 -0.3909 3.46561 0.88138 0.09765 0.466 -8.27644 -0.15806 -0.10271
-0.71439 -1.27224 -0.02167 3.3326 0.30139 2.86588 0.9806 -8.06197 1.16286 0.17713
-0.27284 -0.92609 1.17545 1.92677 -0.32527 1.64453 -0.28735 -7.46197 0.58252 0.86149
-0.7926 -0.21572 0.32976 3.40328 -1.49077 -0.04438 -1.83268 -7.2705 -0.2062 0.88654
-0.73873 0.30741 1.16454 3.39736 -0.81797 1.55409 -1.24483 -7.94113 -0.61415 0.39866
0.58222 -0.85814 0.64696 3.12195 -0.42452 1.28773 0.69872 -8.64678 -0.09764 0.50098
1.65157 -0.92701 0.99075 2.5813 -0.601 -0.38854 0.83544 -8.6027 0.91282 -1.13394
1.59995 -2.8498 -2.41094 3.49579 -1.6223 0.97915 -1.27326 -7.66632 2.50127 0.46462
1.40179 -0.38729 -0.21981 3.23631 -1.06028 1.9798 0.01135 -7.13376 1.33905 0.55327
1.05596 -0.84095 1.16442 3.90662 -0.67143 1.48424 0.72578 -6.3709 -1.92781 0.90647
1.23174 -0.94962 -0.89177 3.71679 -1.1318 -1.26132 3.05563 -6.32741 0.15797 -0.54152
-1.26022 0.99166 -0.32 5.09537 -0.26605 -0.97673 1.67938 -6.15004 -0.92905 0.24737
-0.33555 0.80886 1.32478 4.84086 -0.29619 -0.95921 1.52806 -4.76095 0.46742 0.61211
-0.6188 0.01994 1.41631 3.63003 -0.65788 -0.43231 0.86769 -4.50844 -0.64748 0.42025
0.90526 -1.73673 0.46915 1.15362 -0.20364 -1.02672 0.26594 -4.58767 1.93036 0.90405
1.05276 -0.15771 -0.58128 1.78902 -0.06532 -3.01579 1.36053 -4.86749 -0.16892 1.32477
0.93357 -1.18205 0.33982 1.3551 -1.15754 -0.00516 -0.62244 -4.88222 -0.73389 -0.0024
-0.67827 -1.04823 0.62533 0.96795 -0.83731 0.32036 2.36572 -4.59761 -0.32283 1.31682
-1.86545 -0.58272 -0.94455 -0.06955 -1.22845 0.21144 -0.05326 -5.25697 1.14778 -0.16316
-1.35082 -0.80796 -1.73497 0.68433 -2.17084 1.64049 -0.83348 -3.95637 1.09228 0.82296
-1.41231 -0.04756 -0.09843 1.23343 -2.1199 0.98129 0.87319 -2.06444 0.20968 2.51775
-2.51483 0.81181 -0.62564 1.48686 -3.76153 1.11886 0.4303 -3.27755 0.27807 0.71045
-1.94983 -0.36397 -0.94466 1.65037 -4.70139 1.40784 0.54102 -1.63617 0.83453 -1.65107
-2.64952 -0.86564 0.34618 1.8326 -4.13857 2.10214 -0.39772 -3.23207 -2.11954 0.49628
-0.50131 -0.8871 0.06852 3.27587 -2.17616 0.66476 0.54813 -4.93744 0.00578 -0.32084
-1.55526 -0.89365 1.67977 0.99459 -3.48839 -1.02105 0.34347 -6.04579 -0.54378 1.82024
-1.39877 0.87961 1.07319 1.5015 -4.1329 -0.22485 1.24349 -5.4171 -0.37925 0.30129
-2.90238 1.51223 1.82615 2.86547 -5.49057 0.45466 0.21744 -7.60851 1.64388 1.22235
