-1.36306 -2.43269 0.6335 -3.88294 1.66144 1.80191 -2.57973 -5.02349 -0.5479 1.85451
-1.77459 0.56152 -0.39245 -3.3675 0.49957 0.34831 -3.16965 -3.516 -1.16305 2.63851
-3.00243 -0.12706 -0.04324 -2.18269 -0.90435 -0.43062 -1.67941 -4.30349 -1.86168 2.29861
-3.5421 1.0017 0.73704 -3.44044 -0.33836 0.9763 -3.88386 -1.97889 -0.74846 0.11703
-2.93579 1.54279 1.67916 -3.62504 1.16793 1.51526 -3.45647 -1.60363 -1.48914 0.92019
-2.65465 0.00965 0.97029 -2.70176 2.27966 0.97265 -5.05173 -0.49893 -3.81993 0.63215
-2.59089 1.40216 0.56668 -4.30978 2.89092 1.46392 -5.71359 -0.98215 -4.42482 1.23347
-1.74061 0.67362 0.05728 -4.01674 -0.09381 0.12668 -7.3953 -1.66678 -6.69216 0.92289
-1.07817 0.58579 -0.25652 -4.28592 0.62543 -1.10007 -6.52923 -1.32078 -6.69697 0.43328
-1.42897 -0.85961 -0.47755 -2.72566 1.19885 4e-05 -7.60918 -0.54542 -7.15371 0.95537
-1.85015 -1.92317 -0.16024 -3.10886 -0.32782 -1.17545 -6.28646 -1.39981 -6.1865 0.67961
-2.63199 -0.28694 -2.14692 -2.22236 -1.01134 -1.14845 -5.34316 -3.27069 -7.4776 1.51228
-1.04725 -2.44967 -0.49423 -3.42137 -1.11965 -1.62804 -5.48633 -5.01082 -8.50362 1.63775
-0.78015 -2.36253 -0.88175 -1.36425 -0.72619 -0.12897 -6.29005 -5.37276 -7.3934 -0.48393
-0.4467 -3.0271 -1.35374 -1.4667 -1.65334 0.51672 -4.90894 -5.16289 -7.20994 0.68343
0.2555 -2.17719 -1.91822 -0.5484 -1.52897 1.45073 -3.53749 -2.03621 -7.63747 1.81387
0.77067 -1.7586 -1.32991 -0.09712 -1.22811 2.45789 -3.36482 -1.61464 -7.70666 3.66729
0.80329 -2.60328 -0.47599 0.67553 -0.6607 1.25975 -3.31431 -3.21297 -7.60401 4.61561
1.4924 -0.78582 -1.39104 -0.69888 0.83278 0.20948 -3.15343 -3.00959 -8.08395 3.01676
1.83852 0.21617 0.17549 0.66323 0.95412 1.2436 -1.82003 -3.97635 -7.55633 3.5754
3.54351 1.69991 0.69862 -0.18625 0.29778 0.93591 -1.66313 -2.26815 -5.42346 2.87649
6.52694 2.37602 1.54292 -0.11833 -1.03387 -0.08918 -2.17358 -1.21025 -3.98528 2.43979
7.37834 2.38459 1.74821 0.45387 -2.87054 0.33685 -1.80371 1.54937 -2.33884 2.20217
7.17035 2.4254 1.34648 3.02642 -0.62043 -0.72006 -2.43341 1.3575 -2.09522 3.15158
7.82987 4.52462 1.6982 0.57152 -1.70016 1.60873 -0.78483 2.3354 -0.5424 4.13137
7.67539 3.93837 1.9171 0.67788 -1.74947 0.29431 -1.28412 3.38597 -0.29475 3.4306
6.56488 5.6593 4.24143 -0.93412 -0.0722 0.05355 1.64284 2.87964 1.15309 1.39346
7.49364 6.12129 2.4998 0.07351 0.51408 -0.38499 2.6089 5.18192 2.80998 2.31176
7.8756 5.00069 2.18508 1.62708 -0.62846 -3.17028 2.58697 5.61365 4.19086 2.65358
8.95911 3.51287 0.34562 2.0802 -0.34583 -1.11628 4.65003 5.27754 5.30959 4.10691
8.70299 1.28466 -0.01599 2.41883 -0.97102 -0.0701 7.38866 4.63712 5.12798 3.98769
7.71163 2.22625 0.79753 1.93846 -0.89706 -2.7432 7.92832 4.03602 4.74507 4.79453
7.06782 4.72896 1.74047 1.12109 -0.4216 -1.10775 8.3184 5.25135 5.34219 4.83633
6.57485 4.13434 3.47085 1.84921 -0.86688 -1.60862 10.91015 4.25243 7.27935 5.75737
6.22881 3.01717 4.69297 0.72678 -0.97417 -0.13283 12.15423 5.63506 6.76842 7.02508
7.59474 5.00429 1.51306 -0.07632 -3.95628 0.31598 13.30563 6.35318 6.69836 7.02662
7.24673 5.27769 2.63601 -0.63297 -0.73596 0.79416 14.24874 6.90391 8.00681 6.0826
9.55113 6.49756 4.81324 -0.86932 -0.84355 0.97351 14.9663 7.97162 7.58385 4.95409
10.30225 8.30319 4.1592 0.47506 -0.33069 1.96282 15.80884 8.85151 6.39941 3.86663
11.1893 9.7061 3.08089 1.49357 0.47498 -0.0009 15.23376 9.05586 6.36381 1.45179
9.60531 9.37776 3.57306 1.32051 0.87008 -0.51194 16.36974 11.57319 7.18127 -0.26355
7.9339 9.26119 3.25617 0.99292 1.97015 0.23673 18.41758 11.84449 5.8799 -2.21923
5.56526 9.12599 2.95473 2.44393 0.2148 -0.39758 18.64667 13.99181 6.69582 -0.40603
5.75207 9.69999 2.05795 1.98446 0.06567 -0.71908 19.2283 13.41822 7.85384 -0.52938
6.29431 7.87544 1.07008 2.23623 1.98471 0.40967 20.32076 13.69284 9.51895 -1.30102
6.24538 5.89226 2.18179 2.59183 2.46771 -0.9382 19.10938 11.06087 9.32347 -0.8435
5.15916 4.32344 -0.18416 2.31089 1.57888 0.71962 18.2751 9.94092 12.81898 0.75616
4.15554 3.53177 -0.72237 2.74578 1.97703 1.27084 18.91636 10.17558 11.90409 0.61134
5.19472 2.69379 -1.15794 1.28959 1.25317 0.97919 19.14509 8.16834 14.2029 1.09102
5.50769 0.14341 0.3152 2.11066 1.18031 1.20006 18.78896 9.13106 13.5335 1.62155
5.53666 1.34482 0.946 2.37798 -0.76447 0.63825 17.71752 6.99166 14.43247 1.77178
4.86485 2.03454 0.07544 2.60226 -0.79754 0.5091 18.12623 4.8977 14.13221 2.30486
4.63173 2.55891 3.2179 2.42014 -0.32903 1.23158 16.78162 6.41554 12.42662 1.73702
4.8633 1.87886 4.20428 2.49741 -0.92797 -0.84035 16.17184 6.6515 11.50142 0.51567
3.80393 2.2828 2.92198 1.27425 1.26374 -0.64153 17.88115 5.15764 12.22889 2.15559
4.18102 2.80703 2.40798 1.17833 0.18444 -1.47129 17.43774 5.07856 10.53147 1.00776
4.42788 4.57249 2.09397 2.09214 0.79724 -0.3683 17.60902 5.42 11.81747 0.32491
4.48202 5.58619 0.10422 2.29768 -0.80521 0.71772 17.15983 5.67397 10.76661 0.4595
4.46071 6.64556 0.66285 2.3444 -2.84486 -0.05462 17.51544 4.38775 11.01155 0.3129
4.09668 5.56554 -0.23051 1.38164 -1.83759 0.55831 15.35004 5.2806 8.83711 0.74611
3.91515 2.40549 -0.21244 2.80067 -0.44404 2.21848 15.58987 4.83004 7.04035 -0.53139
4.55764 2.38371 1.27766 2.10947 -1.6126 1.81887 14.8323 4.47867 7.33453 0.84411
4.98652 2.41805 3.0063 2.07513 -0.43263 0.12544 13.1316 2.41985 8.44104 0.58953
2.82312 3.0694 2.2479 2.06626 -0.49312 0.32517 13.41721 3.91415 9.40512 2.2202
1.85885 2.33952 4.29507 3.68383 -0.32843 -0.56396 12.08103 5.1679 8.58932 0.35768
2.67653 2.83421 3.43568 4.42477 0.6609 -1.16511 11.53778 6.06591 9.57354 -0.19812
4.16197 2.4021 2.95018 3.65918 -0.94787 -0.83648 10.46558 5.61085 9.25441 -1.27592
3.24018 1.38053 2.88746 3.44416 -1.64537 0.22393 10.63719 5.64633 8.84467 -1.84333
4.81558 0.36005 3.12243 1.10559 -1.41369 -0.12785 9.95799 4.11502 8.50952 -2.58976
4.03285 0.2545 2.33006 0.11729 -1.39078 -0.11531 7.93827 5.60301 9.48991 -1.86908
4.2982 0.98235 2.00397 -0.14305 -0.9227 1.46532 7.45723 4.76157 9.29398 -4.85019
2.89654 2.3889 0.73722 -1.48378 0.1305 0.12305 8.48037 3.86307 9.88982 -4.72561
2.56008 1.59845 1.04165 -1.29489 0.63954 0.77501 9.96332 3.60338 10.21031 -4.7321
0.42711 -0.28593 -0.49353 -2.85174 1.22481 0.60771 9.37978 4.23171 8.13947 -5.11143
-1.51585 -2.66016 -2.89914 -0.32911 -0.12245 0.48422 8.65333 3.74647 8.10539 -6.32611
-1.13876 -2.94992 -3.32833 -1.02412 0.5611 0.30382 8.97678 2.27343 6.13978 -5.25419
-2.37489 -3.40957 -4.37535 -0.83489 -0.00142 -1.23095 7.74652 1.321 5.17591 -2.78282
-4.73912 -5.05559 -4.57463 -0.86187 0.48889 -1.35532 6.41952 -0.75652 4.73209 -3.34619
-5.34329 -6.18976 -2.71053 -1.6432 -0.55592 0.6759 5.34948 -3.56293 5.48027 -3.05396
-5.15898 -7.76272 -3.68593 -1.86466 0.38514 0.93013 4.55561 -6.72785 3.28078 -2.39877
-5.11988 -8.36815 -2.55213 -1.70657 2.42737 1.01564 1.47384 -7.05611 2.27264 -1.06366
-6.61105 -7.51136 -1.91239 -1.45009 2.92015 -0.01942 0.39735 -6.90161 1.29405 -1.50731
-6.67974 -8.78346 -0.79352 -0.03103 1.80151 0.67121 -1.83778 -9.6348 -1.41998 -2.45026
-5.13484 -8.52972 -1.76648 -0.4538 2.47729 0.24262 -3.05662 -8.09301 -3.98421 -2.94459
-4.79636 -7.99865 -1.70068 -2.22158 0.652 0.31099 -3.69034 -7.66794 -4.85969 -2.16292
-4.11946 -7.93593 -1.97885 -2.7554 3.01705 0.55792 -6.12449 -7.61424 -4.9633 -1.68741
-5.74678 -8.61312 -3.30717 -0.74277 2.43695 0.945 -8.33996 -7.53953 -4.00427 -2.61702
-5.34637 -9.25601 -2.46698 -2.21686 2.09772 -0.15404 -7.79996 -8.10943 -4.08218 -2.84567
-3.62336 -7.66561 -3.59899 -1.80738 1.83411 0.42257 -7.06511 -11.16063 -5.26371 -3.06616
-3.2455 -6.24456 -2.62603 -0.93437 1.98191 -1.10302 -8.13135 -10.37667 -7.21379 -1.65741
-3.94395 -4.50136 -1.33168 -0.2886 1.04865 -0.30737 -8.95468 -10.57104 -8.5864 -0.27806
-5.83322 -4.51785 -2.02709 1.80154 2.33501 -0.28477 -8.454 -9.34608 -8.04873 -0.9839
-5.753 -4.09343 0.72188 3.36986 1.32541 0.01954 -8.77226 -7.31388 -8.87844 -0.48786
-7.25595 -2.74437 1.07375 2.9136 2.97901 0.83822 -9.33589 -7.83229 -8.83468 -0.51669
-6.67583 -1.29631 -0.59272 1.37158 1.29243 0.74536 -9.4296 -4.39234 -8.2675 -1.42009
-4.57819 -0.41921 0.57728 1.34627 1.82953 -0.92845 -11.16873 -3.69145 -6.74446 -0.9749
-3.89358 -0.54162 1.18659 2.07348 0.52212 0.70026 -12.25432 -1.64158 -6.38672 -0.73439
-4.01649 -1.15187 0.99217 2.17041 -0.1486 1.3174 -13.2511 -1.00037 -7.42291 0.01567
-4.85939 -1.82864 1.19239 1.62629 -0.87999 1.05395 -14.40105 -1.24611 -6.97432 0.12357
-5.38856 -0.94435 2.44777 0.55236 1.711 0.20745 -13.84805 -1.87953 -6.50425 -0.01118
-5.33841 0.00544 1.29466 1.8217 0.31666 -0.51265 -14.06663 -0.98193 -6.70279 -0.21042
-3.50919 2.48937 1.23236 1.66651 0.75992 -1.89876 -13.5551 -1.95719 -4.67145 -0.68578
-3.6799 0.89991 -1.97158 3.4478 0.62927 1.11661 -11.66369 -1.8406 -6.27058 -1.74316
-1.98686 0.90834 -0.04593 2.5707 0.16908 1.17599 -10.91322 -0.84502 -4.88647 -2.69502
-2.19055 1.91428 1.29614 1.85344 0.83792 0.09616 -9.81116 -0.55254 -2.75725 -2.73993
-3.37916 3.55417 2.48482 0.89413 0.8462 0.10888 -8.30819 0.37801 -2.35407 -2.70298
-3.29778 2.41492 1.35088 1.3507 1.12575 0.39244 -7.73077 1.84227 -2.19665 -2.12159
-4.0294 4.08676 1.12934 2.49085 0.61504 0.67774 -6.25258 1.7314 -2.17061 -2.99325
-4.21768 0.49292 -0.69754 2.66364 1.1966 -0.34211 -6.26276 3.30335 -1.3398 -2.22783
-4.19837 -0.43653 -0.30501 1.68353 0.76919 -0.01493 -5.72705 1.90967 -1.77085 -1.58614
-4.36822 0.02817 -1.36706 3.31276 1.01028 -0.80259 -6.03585 0.75392 -3.10704 -2.8304
-4.85522 -2.05406 -0.87322 2.03689 0.76476 -1.54577 -7.24136 1.64252 -3.54313 -1.67338
-6.97504 -2.65708 0.03325 3.38964 -0.09607 -0.02056 -6.49764 0.77241 -4.144 -2.29963
-6.84537 -3.64328 0.67758 2.67767 -0.24109 0.10474 -7.32848 -0.20341 -3.20217 -1.58964
-7.35326 -2.73625 -0.4169 1.29767 0.33874 -0.44465 -8.00875 -0.25997 -6.00685 -0.67176
-8.35551 -2.454 1.5827 0.89333 -0.10641 -0.17574 -8.52084 -0.30216 -6.01122 -0.7747
-9.07974 -2.76897 1.86445 -1.02648 0.18436 -1.70343 -9.63062 -1.39479 -7.19704 -1.89174
-9.87184 -3.42413 2.12406 -1.08337 1.39674 -1.37192 -9.16436 -1.13083 -6.20154 -0.54095
-9.31227 -2.58191 2.10306 -1.36498 1.05237 -0.01484 -10.1379 -2.18128 -8.10718 0.12103
-8.47574 -3.86186 0.3339 -1.37831 0.65269 0.69274 -11.44139 -2.38057 -8.28847 -0.1872
-8.62953 -3.71864 -0.59693 0.09857 1.89545 0.41722 -12.48593 -1.76146 -8.80546 -1.33691
-7.22049 -3.50928 -2.18869 -0.67032 2.07783 0.68827 -14.99051 -2.28158 -10.19343 -1.74568
-5.47509 -0.00622 -1.27843 1.88726 2.97087 -0.54692 -16.20163 -4.12045 -12.37595 -2.07875
-5.35506 -0.17514 -1.80167 1.86056 1.68417 -1.61421 -16.80194 -4.10769 -12.10969 -3.44753
-5.68428 0.64043 -3.81808 1.89763 1.18294 -1.86161 -16.55913 -2.57773 -12.50506 -3.36705
-5.70049 0.54176 -2.64382 0.52098 0.82436 -0.83509 -16.42017 -2.15067 -12.66447 -2.55494
-5.85773 -0.93986 -3.05829 -0.56796 0.73497 -0.63899 -16.82848 -2.17267 -11.95442 -1.01299
-5.93252 -1.96184 -1.01929 -0.39099 -0.39069 0.02993 -16.63003 -1.35154 -11.27544 0.44435
-6.78513 -4.5386 -0.79854 -0.06417 0.4401 -2.37569 -17.23313 0.35494 -10.43913 -0.0513
-5.61647 -5.44103 -3.07819 -0.63966 0.90862 -2.17237 -16.65464 -0.96659 -9.13733 0.30393
-4.61304 -5.58975 -1.89176 -0.72233 0.35544 -0.98765 -17.19622 -2.42895 -9.46046 1.2091
-5.88581 -6.11281 -0.12556 0.81347 -1.18046 -2.25049 -16.3253 -6.81892 -9.39455 0.11574
-5.2059 -5.86408 -1.35702 3.04405 -0.51838 -0.06908 -15.25004 -6.13407 -10.07865 -1.68017
-4.63634 -5.88032 -0.71744 0.22947 -0.51709 1.67489 -13.66239 -7.26839 -9.50026 -2.73777
-3.44556 -4.44735 -0.18388 1.17425 0.91461 1.5549 -11.61434 -6.06681 -6.47416 -1.49995
-2.19004 -3.86086 1.39031 0.09297 0.43935 1.02182 -10.84637 -6.92864 -5.53967 -2.12611
-3.42264 -4.72126 1.96041 -1.12986 -0.56744 -0.69547 -11.08833 -7.02774 -5.75314 -1.68224
-3.39427 -4.0997 -0.01474 0.06835 0.58819 -1.29307 -10.46723 -4.81665 -5.74216 -2.45398
-4.43496 -4.23892 -0.47007 -1.60195 -0.48241 0.52996 -11.26222 -5.69905 -6.21074 -3.00496
-6.54747 -5.68753 -1.30051 -2.68372 -1.76602 -0.46123 -10.10977 -5.29758 -6.81519 -2.06046
-5.90449 -6.15125 -0.59558 -1.26915 0.06321 -0.94996 -11.34636 -4.96126 -4.42939 -1.4537
-6.95645 -8.05909 0.03499 -2.30945 0.11349 -1.64305 -9.88958 -4.80122 -3.62102 0.0865
-7.25957 -6.57845 -2.91024 -0.78291 0.48338 0.04591 -10.69478 -4.87712 -3.30364 0.77954
-6.1948 -6.28507 -2.15898 -0.67756 0.55441 -0.66079 -9.9234 -6.5788 -3.91649 0.56609
-5.21912 -6.10949 -2.34375 -1.40036 -0.84263 0.18022 -11.57704 -7.68763 -5.59093 0.73783
-3.45021 -5.5996 -1.31124 -1.02073 -2.04945 -0.51577 -11.07599 -7.41954 -5.95128 0.65695
-2.26804 -5.28616 0.89556 -0.8271 0.14953 0.11679 -11.87043 -9.8787 -5.72103 0.36838
-1.24628 -5.47695 0.83671 -2.09948 1.37922 1.12046 -10.67289 -9.52613 -6.445 0.66281
-0.58363 -4.1102 -0.29061 -0.01051 -1.05599 0.4591 -10.54588 -10.47715 -6.48863 1.69971
-1.7368 -5.05567 0.37821 -1.50254 -0.12238 0.84464 -10.51559 -10.14583 -6.34114 0.56023
-0.791 -3.30675 -1.17014 -1.10735 1.14423 -1.05619 -10.30124 -9.89829 -7.94501 1.10752
-1.05825 -1.7147 -0.41607 -1.42068 1.80848 -1.54942 -9.62511 -10.31349 -7.56891 0.84322
-0.28659 -0.75647 0.08326 -1.73805 2.44213 -0.80926 -6.81464 -8.69482 -6.68615 2.13606
-1.35724 0.71265 2.05307 -0.80292 2.18197 -1.43868 -7.44558 -8.87087 -5.68062 1.5569
-1.25375 1.01967 -0.51041 -0.36165 1.01128 -1.30063 -4.71189 -7.45794 -5.855 0.12719
-0.13377 2.08584 0.49171 0.85025 -1.2974 -1.60518 -2.23126 -4.63355 -5.80774 -1.0775
2.837 4.29803 1.95517 0.60816 0.09921 -0.06725 -2.36885 -2.26019 -5.24273 -0.87453
4.04746 3.83534 2.02197 -0.87835 -0.24078 1.01523 -3.09418 -0.63695 -4.20911 -1.29681
2.30437 4.46952 0.50712 0.89018 1.96396 -0.39954 -3.87792 -0.18056 -2.58169 -1.64113
0.40432 3.98666 0.35867 1.42698 3.21123 1.09125 -2.57764 -0.68013 -2.65452 -2.31539
0.43873 2.43768 -1.27883 -0.28393 3.1163 0.50407 -1.62802 0.17491 -2.07537 -1.64783
-1.20682 0.89547 -3.60296 0.23783 1.30638 -0.02028 -0.47607 1.92528 -0.35406 -1.35747
-1.42685 -0.93852 -4.79357 -0.25859 -0.18798 1.16393 0.90993 -1.61 1.94439 -0.69289
-1.69693 -1.69644 -4.47924 -0.55857 -1.16708 1.10269 3.04095 -3.28237 1.96877 0.27073
-3.9481 -2.43641 -2.05059 -0.88383 -0.2816 0.40051 3.44748 -6.06076 3.28474 -0.12786
-2.33401 -3.94598 0.09124 -0.64051 0.28001 1.32259 0.72813 -6.65804 1.98153 0.27194
-2.28905 -3.99532 0.33596 -0.85412 1.00258 1.3969 -0.66921 -7.93568 1.51813 1.43959
-3.27995 -2.67954 -1.55232 1.38473 -1.16407 0.50392 -1.08615 -7.60053 0.24572 0.82855
-3.69637 -1.21488 -0.8558 -1.82533 -0.84581 0.81781 -2.81897 -7.31424 -0.90354 0.45051
-3.74232 -1.9888 -0.88061 -2.36378 -0.60411 0.38209 -5.13942 -7.22559 -2.9239 2.37603
-1.79721 0.1459 0.65895 -1.62827 0.17476 0.82283 -5.91673 -5.31379 -3.87796 2.67963
-1.29964 0.72159 0.82458 -0.3026 0.76567 0.20716 -5.68215 -5.09539 -3.14224 1.46367
-1.46532 2.47076 0.22564 -0.63665 1.27439 0.11727 -6.32514 -4.1656 -3.75691 1.33163
-2.13706 3.05534 -0.35041 0.39968 -0.54619 -0.68321 -4.51867 -2.38919 -5.2163 0.46919
0.25417 6.3893 1.76708 -0.23233 0.89407 -0.35885 -2.30635 -2.01736 -5.44895 -0.32256
0.13546 6.0173 1.7688 0.0725 0.33002 1.34438 -3.2052 -0.72909 -3.67903 -0.40646
-1.33518 6.69938 2.03792 0.70514 1.65671 2.19562 -3.6966 1.50058 -3.79009 -1.97
-1.37603 6.49329 0.63753 1.49448 1.07914 2.58471 -3.84157 4.61959 -5.61039 -1.52542
-0.70603 7.5605 -0.00209 -0.43914 0.66618 1.18043 -3.50045 7.11183 -7.37155 -3.47009
-0.61956 7.68408 -1.93923 -0.14255 0.60157 -1.86524 -2.74485 7.85629 -4.40685 -3.68288
-1.3337 5.3621 -2.36107 -0.0828 -0.56212 -1.66494 -2.30289 7.84788 -2.92443 -3.75331
-0.65958 2.82305 -3.45735 0.55422 0.10284 -2.09195 -2.00969 5.77456 -2.94211 -3.6194
-0.97719 2.35155 -3.17015 0.34268 -1.48636 -2.16288 -2.00693 3.4087 -3.41285 -2.76499
-1.97281 2.37981 -2.1648 1.35182 -1.65026 -1.47897 -3.61777 2.61667 -3.90147 -1.68386
-2.58216 -1.48071 -1.35509 -0.10792 0.06106 -1.90159 -2.99676 1.62653 -4.82949 -1.78221
-2.93386 -1.35285 -1.59593 1.30789 -1.65564 -1.70127 -3.06921 0.20543 -4.85582 -0.46014
-2.51608 -2.6124 -0.77628 4.25982 -0.15398 -1.74827 -4.28894 1.08085 -4.88095 -0.16447
-4.4757 -2.92661 -1.95233 2.30575 -0.53313 -2.79654 -3.8611 1.22458 -4.18791 -1.85835
-3.01074 -3.13935 -2.56289 0.66197 0.86746 -2.63604 -4.08002 0.50042 -3.5082 -1.80494
-2.31012 -4.68324 -0.53911 1.37497 0.927 -1.89192 -5.46244 -0.55687 -2.35583 -3.52993
-3.26559 -6.30609 -0.28369 0.98375 -2.40439 0.76952 -4.9638 1.04272 -2.55143 -1.74511
-3.23088 -9.8031 -0.67941 0.59672 -1.64101 -1.05582 -3.87643 1.13519 -2.45067 -1.004
-3.05848 -10.007 -0.01715 1.42928 -0.46084 -0.96969 -2.72759 -3.31081 -1.67763 -0.67212
-3.77878 -9.81195 0.12938 1.99084 0.60862 1.40312 -3.20516 -5.2297 -1.62751 -0.01192
-3.79014 -10.20172 -0.40575 0.81233 -0.42025 -0.27727 -5.01166 -5.49256 -0.73396 -1.27513
-3.5682 -9.40274 -1.42213 2.16037 0.75461 1.25541 -7.74296 -7.69875 -0.74249 -1.35348
-2.74058 -6.40295 -0.1611 1.18043 0.59928 -0.26906 -7.39311 -8.09114 -1.29773 -0.74334
-3.02768 -7.67972 1.09419 1.69358 1.86826 1.42836 -6.90589 -7.71795 -2.15759 -1.45317
-1.91072 -7.58873 -1.27601 1.79471 1.66931 1.63376 -6.24606 -8.19314 -1.57965 -2.27227
-1.98806 -6.80339 -0.39302 2.50211 0.17125 -1.14628 -4.38619 -9.40704 -1.6475 -0.55899
-3.47992 -4.70901 -0.27781 2.50965 -0.7111 -1.12361 -5.89184 -9.00811 -0.91086 0.55616
-4.0183 -4.60924 0.62446 3.46657 -1.58165 1.91852 -3.55566 -10.17041 0.05629 0.18389
-5.23893 -4.57661 1.78721 4.03148 0.58754 0.50351 -3.5936 -11.59846 0.16231 -0.62667
-4.90962 -2.97753 1.65279 3.62543 0.92724 -0.04826 -4.7031 -8.87016 0.38034 0.01141
-3.96516 -3.37574 1.40701 1.96295 1.42168 -0.12079 -5.51108 -7.45911 1.1672 1.32452
-2.76578 -3.82299 2.1944 2.00275 1.16979 0.931 -6.58061 -5.88903 0.632 0.85441
-2.98802 -2.86613 1.73711 3.761 -1.694 1.11626 -6.07087 -5.34009 -0.85516 2.79052
-3.62972 -4.13478 0.4327 2.91609 -0.49755 0.51055 -6.60569 -4.98458 -1.4579 3.76294
-2.00905 -4.23614 1.66319 1.98274 0.01626 2.04156 -6.16046 -4.53681 -0.68416 5.33418
-4.09542 -4.88061 2.50341 2.43574 -1.14173 -1.41297 -7.04819 -4.07483 0.54175 6.20315
-2.30823 -2.71648 2.54194 2.44768 0.79047 -0.90677 -8.10151 -3.38797 -0.86524 5.27708
-0.7993 -1.20768 2.31323 1.636 1.62623 0.46283 -10.6943 -3.50842 -0.30698 4.30894
1.43058 0.87888 5.30489 0.75378 1.51033 -0.73275 -10.13334 -1.96021 -0.35475 4.53774
1.33106 2.62433 3.86309 1.1269 1.85061 -1.19818 -10.10476 -0.00494 0.49086 5.22655
1.88636 3.29865 4.97797 0.23184 1.31316 -1.04795 -9.19737 0.68388 -0.14156 5.13095
3.23846 3.04508 3.96342 1.1742 1.24692 -0.49885 -7.00329 3.13035 -1.9742 4.58154
4.22278 3.91312 2.39516 2.44658 0.45083 -0.33093 -6.70482 2.6804 -1.71374 3.32306
4.73096 3.55719 3.71125 2.07721 -0.19677 -0.39107 -5.84443 4.47364 0.98007 3.908
4.94212 4.22343 2.46863 1.8946 -0.4094 -1.54152 -5.04749 4.71388 0.85598 3.31425
5.57194 4.50111 3.47706 1.00892 0.42469 -0.93013 -4.27458 7.03774 2.80002 2.47317
6.75477 2.73449 3.47371 0.85439 -1.51906 -0.93641 -3.06109 6.48498 4.78385 2.41352
5.1996 4.46399 1.23329 -0.86513 -0.66586 0.90125 -2.15803 7.37516 6.31693 3.02259
7.98254 5.24068 1.41136 1.92981 0.23932 1.15383 -1.68946 6.14296 4.84636 2.76003
9.02155 4.90796 1.05896 3.89705 0.57165 2.23775 0.80431 5.94315 5.06972 4.36635
9.27525 5.27055 -0.66076 4.13352 0.79785 0.27346 2.08372 8.19403 6.12638 1.74901
9.87979 5.39656 -0.27468 2.75581 -0.14232 -0.6616 4.97449 8.07217 8.30337 3.44288
9.32435 5.87487 1.89238 2.39418 -1.32209 -1.55134 5.92982 8.31932 8.40045 3.34478
7.73654 6.23829 3.64476 2.49836 -0.83455 -0.50566 9.26851 10.22982 10.00087 3.30624
8.47096 6.26497 3.44846 2.11186 -1.05892 -1.52687 11.57868 8.96346 12.09642 3.30777
9.01664 6.72446 3.0032 1.16383 -0.35728 -0.55862 14.44864 8.5631 11.64321 2.5958
10.06067 6.50992 2.14467 2.09318 -0.50068 0.38306 16.01331 9.51792 11.53051 2.33417
9.56709 5.61426 2.00374 1.802 -1.64652 -1.70286 15.21226 9.22631 11.66862 2.4988
11.42681 5.74269 0.54214 0.62981 0.06417 -3.07112 15.59429 10.31881 10.67233 4.11333
12.10265 4.84721 2.90862 1.54839 -1.18345 -1.78791 17.65983 9.90146 12.55124 4.52872
9.99396 3.18397 2.25544 2.64394 0.16228 -1.43624 16.20115 8.67576 11.88759 4.43997
9.10064 2.26983 1.91411 1.42492 -0.47068 0.31381 17.44493 6.41385 12.28259 3.90829
9.15497 1.66016 2.62303 -0.04889 -0.78451 0.09406 19.72034 6.18355 14.05845 3.47229
9.03508 1.54307 4.2346 0.88118 -2.37539 1.11726 19.28092 6.56291 15.14484 4.20489
8.99534 2.24792 3.59355 -0.07749 -2.12772 0.09892 19.36097 5.7132 16.009 3.60909
9.13376 4.06927 3.35938 -0.09703 -2.89823 -0.35127 19.279 5.05235 15.75695 2.89205
8.16962 3.40586 2.9952 0.21231 -2.94735 -1.31793 18.27136 6.33741 15.47022 3.9138
6.47718 1.63237 2.45439 -0.90419 -1.90521 1.20022 18.43389 5.4859 14.09431 5.01635
5.12027 1.52227 1.83076 0.15425 -2.60624 3.35726 19.71516 5.55969 12.68722 4.32017
5.71257 2.41643 1.97234 -2.27469 -0.0246 1.33833 21.31178 4.49142 11.57212 2.66716
5.98359 4.57325 1.95031 -4.15062 0.92319 1.58989 20.13583 4.06639 10.3283 3.14285
7.22182 7.09007 2.9396 -4.17431 0.7255 1.21435 19.62861 5.56151 10.091 2.6897
8.61492 8.53922 0.71634 -4.86744 1.57765 -0.30236 20.00823 7.52342 10.40442 1.35768
10.09652 7.51955 -0.33882 -3.63318 2.01103 0.18184 18.54478 7.9201 8.22759 0.2954
9.57643 8.51452 0.23884 -4.41128 0.5001 -0.70259 17.85149 7.54017 7.20182 -0.42069
8.08594 8.25231 -1.63954 -3.97446 0.72819 -0.21744 18.61707 7.90805 5.09511 -1.36501
6.45427 6.57969 -2.27035 -2.17334 0.57403 -0.04172 16.80158 8.12829 4.4595 -1.75124
6.67753 5.77264 -2.20908 -2.11619 -0.818 -0.78728 18.13082 6.53611 3.09003 -1.72397
5.16395 4.76485 -2.23469 -1.95692 -0.08909 -0.87495 19.3844 5.84691 5.04783 -1.96714
5.0653 4.42309 -1.98473 -1.14144 2.24609 0.29974 18.94323 5.66895 4.51347 -0.93474
3.87358 1.85826 -3.00486 -1.95664 1.67452 -1.84481 18.20984 6.04809 4.81008 -0.96242
4.00758 2.62212 -1.1122 -0.88161 0.82168 -0.66702 15.66954 4.46976 4.88236 0.14984
3.72709 2.52644 -0.54017 -0.85734 0.35946 0.276 16.06899 3.17462 5.07419 1.10213
3.20744 1.85802 -1.0534 -0.67322 0.54387 -1.20026 14.44057 2.81395 6.97302 2.64633
2.56093 1.26698 1.11228 -0.25839 0.90632 0.81548 13.55628 1.64158 7.53457 3.08643
3.49903 -1.27365 0.9035 -0.17646 -0.78243 0.01662 11.2063 0.7231 6.18186 2.38879
4.63827 -1.58392 1.75953 -0.02698 -1.14856 -1.52111 10.83468 0.88183 6.18594 0.58296
3.54702 0.7697 0.82978 -0.62928 -0.65846 0.08987 11.68884 3.05042 8.25749 1.58329
4.10094 0.97853 0.12785 -0.14326 -0.45595 -0.80273 10.51555 4.18441 6.70993 1.22462
4.33737 2.68621 0.84426 1.91671 0.63008 -1.6593 11.26776 3.84789 5.66845 1.76254
2.90893 2.15329 -1.15045 2.79719 1.12119 -0.36906 11.61219 3.64237 4.72501 1.83861
4.73861 2.72953 -0.85759 2.7666 0.08247 1.04529 11.69806 2.25542 4.20916 1.52224
4.42748 2.51539 0.93857 4.36996 -0.22897 1.96184 11.52067 2.3787 3.0674 1.42869
3.82576 4.45658 0.67464 4.38512 -0.69865 0.56547 12.7726 2.64351 2.49716 1.57794
3.77339 3.32979 4.09282 3.35283 -1.69916 0.58395 13.08229 3.42815 5.51636 1.50024
3.39761 4.73181 3.61991 1.36367 -0.63397 0.66914 14.32397 4.79657 5.84736 1.09845
3.79688 6.32602 6.29841 3.93275 -0.63548 -0.63513 13.24179 5.10272 7.37165 0.33744
3.91925 6.08527 3.86285 2.06798 -0.86475 1.17391 12.74926 5.45667 7.54399 -0.7
2.89291 5.98263 4.5663 2.07857 0.53183 -0.18453 12.23302 7.25655 5.50869 -0.32414
1.95003 5.80908 4.34296 0.65172 -0.31936 -0.83 11.54731 8.25967 4.29254 -0.94436
3.12733 4.57723 3.28563 2.16096 -1.3858 -1.0005 11.31433 9.31921 4.41181 -0.25817
2.03875 3.41666 2.59459 3.57674 -1.0014 1.11934 11.86518 8.97309 5.82036 1.17639
2.83844 1.82163 0.92953 3.50515 -0.2449 1.90415 9.87037 7.52591 3.90409 1.39868
3.45267 2.34236 -0.50153 2.30952 -2.08113 -0.46053 9.00605 6.91416 4.78643 1.37663
3.46341 3.46956 1.07225 3.5175 -1.27432 1.27305 8.52465 4.78744 5.77597 2.12731
3.87148 3.63932 2.05996 3.10333 0.31595 1.72836 7.28427 3.96218 6.0048 1.73708
2.37749 3.43669 3.19889 2.96021 -0.41061 0.5782 7.81701 5.35283 5.67904 1.6923
4.00223 3.84118 3.56487 3.09966 -1.18049 -1.01028 7.36834 5.84823 5.54345 1.26264
4.13922 5.01994 2.84954 3.45633 -1.54363 0.26057 8.30141 6.3838 5.81247 1.2084
4.17837 4.09311 2.44691 3.09419 -2.08222 -0.5605 6.98937 7.43576 6.03826 1.93064
5.45084 4.93382 3.37994 2.97134 -2.28785 0.21546 8.61521 6.02092 6.61709 1.77954
3.67768 4.71457 2.67195 2.69649 -0.94441 -1.23033 8.4226 6.37182 7.87255 1.49261
2.96857 3.6068 3.09821 2.91018 -2.52935 -0.38387 8.38291 5.51696 9.00887 1.28079
3.16292 3.52826 2.0291 3.38609 -1.60285 -0.81702 8.30357 5.73273 9.70895 2.46954
4.7741 3.34275 2.49098 1.64673 -0.65122 -1.33281 8.21044 5.25478 9.5579 3.13809
3.58258 4.01147 2.56234 1.36265 0.30068 -1.41115 10.04762 6.01446 10.0806 2.09725
3.71602 4.69269 1.54997 1.16712 0.21064 -2.27115 9.80558 6.01158 10.63116 3.527
3.22262 4.07341 2.26135 -0.1105 -0.91705 -0.62316 9.90607 6.19543 9.34168 2.24631
3.20867 4.42764 5.2166 -1.05903 -0.49521 0.11551 10.58687 5.73969 8.80402 1.85532
1.85234 4.56343 5.48321 -0.37337 -0.65467 0.49298 9.60358 7.2344 8.06173 3.0797
1.83088 4.84338 3.16443 -0.19447 -0.31775 0.36487 9.27193 9.5689 6.68322 2.87832
1.46937 5.31745 0.8856 -1.21187 0.91549 0.76558 8.11013 8.51627 6.96876 2.33844
-0.33527 6.39275 1.68511 -0.66391 1.67509 0.1127 8.32158 9.10092 5.14646 3.19013
2.04879 6.39428 1.85122 -0.88937 1.14864 0.87266 8.64557 7.17713 5.25886 3.58607
1.04528 6.62917 -0.40449 -2.67469 0.57843 -1.79707 8.37284 6.995 4.51774 4.34294
0.60813 6.99742 2.76009 -2.79975 -1.73921 -0.21002 6.23195 7.8605 2.62513 3.51871
