1.38454 1.08444 2.59612 -2.65007 2.07134 -0.29919 -2.82106 -0.49449 1.72761 -0.9683
0.36821 -0.76051 2.09794 -2.13787 1.23683 -0.75998 -3.34246 0.89231 1.17429 -0.35787
1.25314 -2.27644 2.16271 -2.35695 2.4102 0.02654 -2.82568 0.63024 1.43949 -1.55744
1.50998 -1.2136 2.14285 -0.92422 4.20495 -0.53177 -0.696 1.70774 2.33923 0.49932
1.47069 -0.80799 1.12291 -0.24436 3.23205 0.37235 -1.213 0.93394 2.97504 -0.20596
-0.42835 -1.98305 0.84629 -1.16565 3.37193 1.63444 -0.00957 1.3249 2.29358 -1.20552
0.34907 0.02298 2.51954 -1.7253 3.06895 0.30129 0.81931 -0.12347 3.09911 -0.54612
1.82464 0.86305 2.38921 -1.70996 3.18881 2.03608 1.93677 -0.4721 2.39775 -0.18973
1.00971 0.27132 2.54212 -0.95109 1.09575 4.83255 0.03307 1.62218 0.60194 0.02812
-0.82048 -0.17767 4.42068 0.18076 1.66343 5.71157 0.78402 1.21685 0.91205 -0.20708
-0.00686 0.73422 1.84198 0.01202 1.16084 4.83635 2.58879 -0.26936 1.82412 -1.04994
1.1519 0.42148 0.04522 1.77033 0.14534 5.26998 1.2789 1.28949 1.98216 -1.22109
1.0722 -1.30128 3.06535 1.49785 -0.12436 4.44853 2.63644 -0.54451 1.99049 -0.52854
1.29101 -1.19452 0.88067 2.26353 1.77306 2.10439 4.49584 -1.6541 2.45243 1.337
-0.469 0.69617 0.76452 4.04464 1.36795 2.66486 4.19133 -0.91425 2.37993 -1.50691
-1.97148 2.0312 2.44835 3.20218 1.50802 2.09778 4.67731 0.15066 2.88804 -0.03991
-0.57969 2.0532 0.53205 3.07 1.69113 1.73523 4.15453 1.71472 2.96431 0.43138
0.88991 2.68433 1.70877 3.09608 1.17755 2.02485 3.4185 0.68338 4.92831 -1.49395
-0.10295 3.79145 2.07025 0.72372 1.48815 1.09151 3.37424 0.87641 3.21148 -0.44681
1.75997 3.77292 1.23759 2.20605 2.1903 0.98412 1.88671 0.73852 1.19982 -0.17993
-1.02975 2.521 0.50327 1.89381 1.82744 1.0127 4.7597 -2.18006 0.64781 -0.33599
1.86224 0.07638 2.31802 0.63568 1.36077 2.12669 5.28135 0.57613 1.16847 -0.26362
1.36425 0.634 1.40274 -0.68976 -0.33519 1.52401 4.91607 1.41655 1.59354 -0.14766
0.19723 1.66205 1.28767 1.61525 1.16175 3.60299 4.19081 -0.93887 1.57751 -0.08055
1.2326 1.76836 1.53387 1.21284 0.10988 4.72938 2.97889 -0.08898 0.51348 0.6051
-0.06227 0.75655 2.7007 1.24516 -0.80748 4.03263 1.67162 1.5983 2.65555 -1.48526
1.11055 -0.42046 2.26491 2.07455 -1.84795 5.34607 4.15464 0.75518 3.59133 -0.2889
-0.22844 -1.07292 1.92024 2.51311 -1.442 5.26381 3.96418 -0.04304 5.03255 0.87892
0.09649 -0.13384 1.15423 2.99772 -0.96877 4.82881 4.87074 0.18463 4.74868 0.36055
-2.52414 0.24583 -0.25743 3.99066 -0.67965 2.78485 5.35895 0.88752 4.65088 -0.06283
-0.08751 1.06128 -0.21352 4.65737 -0.78836 3.34279 6.596 -0.17723 4.32632 -0.5641
1.74503 2.05712 -0.63989 4.55303 -1.51173 1.60201 7.01143 -0.94201 3.97279 -0.67891
-0.93276 2.50266 -0.24561 2.69912 0.42532 0.85128 8.27352 -0.64605 4.89567 -1.19366
0.16233 3.35272 0.15391 1.79 0.68961 1.14893 8.12537 -0.29837 4.51582 2.49446
-0.08672 1.27742 0.67478 1.41269 -0.04262 0.81155 6.40088 1.30381 3.72333 -0.99274
-1.97144 1.04689 0.04463 2.45674 0.04988 -0.26964 6.5452 -1.42611 3.74624 0.12674
-2.22776 1.49748 0.04737 1.53762 -0.01412 -0.8737 6.69718 0.85993 0.70105 -0.62822
0.16319 0.77896 0.00899 1.44675 0.96987 0.56485 4.84681 0.33133 2.47823 -0.18059
1.53859 1.18002 0.80654 0.23684 0.14971 1.82159 2.78826 0.90773 2.60989 0.91072
2.26254 0.21301 -0.38601 -1.72752 -1.47886 1.1711 2.2548 0.67184 0.71629 -1.95759
-0.28954 0.76067 1.13336 -1.34077 -1.01813 0.8499 1.84325 0.12895 -0.73364 0.19319
-0.03465 1.31232 1.11394 -1.08417 0.17318 -1.03133 -1.06766 0.02307 1.03245 0.59455
-0.26699 1.39211 -0.39435 -0.85168 0.43396 -1.90501 -1.3614 -0.71921 -0.14387 -0.99843
0.71349 1.83012 -0.63729 1.58095 0.44315 -1.78663 -0.63986 0.47923 0.81073 -0.30105
-0.78661 1.00105 0.5142 -0.58745 0.58965 -0.7692 -0.60455 -1.01024 1.2879 -1.79416
-0.12724 1.16629 1.70866 -1.65502 -0.94927 -0.52265 -0.84685 -0.42845 2.29595 -0.41776
0.96028 0.04081 -0.33527 -1.97491 -0.5144 -0.75527 -1.07959 -0.26225 -0.08429 0.97319
0.76194 1.77242 -0.0198 -0.96205 -0.15787 0.57885 -0.90626 -0.81349 -0.92931 0.6561
-0.10236 3.11949 -0.13107 -1.31488 -0.93618 -0.60333 0.08608 -0.23478 1.10756 1.03343
0.42774 2.57183 -0.61785 -1.09147 -1.05559 -1.65365 -0.83319 0.85416 1.68117 1.56097
-0.47928 -0.22636 -0.7092 -0.26944 -1.35852 -0.41734 -2.60996 1.01842 2.26913 0.12438
-2.35785 -1.19247 -1.75805 1.05598 -3.3463 -0.84931 -2.72812 -0.16593 1.79907 -1.3851
1.25126 -1.02642 1.15069 1.38502 -2.88918 -0.05584 -2.60267 -0.3358 1.0573 0.97718
0.83019 -0.62271 0.24355 -0.19095 -2.96576 -0.57845 -4.43081 -0.64996 1.7427 0.19611
0.94972 -0.61664 -0.81528 -2.56486 -3.61721 -1.66064 -5.89658 -2.58603 1.43846 -0.30829
0.74582 0.29132 -2.67997 -0.4789 -1.35916 -2.23703 -3.82789 -1.49023 0.88462 -0.95512
-0.64083 0.44729 -1.51354 -1.61282 -1.45892 -0.9423 -3.3094 0.10067 1.65167 0.30174
-1.08092 0.706 0.59104 -2.43713 -2.54431 0.59911 -2.17687 1.44768 1.54879 0.6036
-0.63712 0.27028 -1.58859 -1.86794 -1.62187 0.74815 -0.93112 -1.18115 2.3673 -0.98021
-0.65177 -1.19364 0.1197 -0.28043 0.44684 1.04061 -1.41778 -1.73441 4.28129 -0.25486
-0.22317 -2.64434 -1.31271 1.27455 -0.48892 0.08331 -2.24513 0.13047 3.26194 1.01509
0.34889 -2.24068 -0.52094 1.42757 1.11318 1.14156 -2.23869 -0.29359 4.16597 0.47188
0.0334 -1.59021 -2.73129 0.37248 1.82999 0.47122 -1.99217 -0.50331 4.71363 -0.59952
2.10296 -2.30775 -1.47208 0.53171 0.24233 -1.98802 -3.86678 1.8396 2.17862 -0.25126
-0.13695 -0.77403 -1.06777 -0.10277 1.00949 -1.34522 -2.98258 0.38499 3.48341 1.03966
-1.2115 -2.59979 -1.55789 -0.56533 2.07881 -2.4549 -2.37356 3.917 3.40399 0.71038
1.27425 -0.09768 0.04352 -2.44981 2.42244 -2.25268 -2.53773 2.18421 4.28793 -0.58588
0.60837 0.22517 1.58354 -1.70868 1.82765 -2.50296 -2.2022 -0.13514 2.57529 -1.13241
-0.78807 1.23564 1.65883 -2.23585 -1.32184 -0.80498 -0.36501 1.15947 1.63463 -0.60416
0.53243 1.78482 -1.03444 -1.45502 -1.03285 -0.61218 -0.8066 1.42432 2.92479 1.72131
-0.23029 -0.53655 -2.21128 -2.2299 -1.89991 -0.19212 -0.74199 -0.84126 3.43217 0.3196
0.14668 -2.303 -2.02368 -1.44116 -2.48724 0.78213 -1.40172 -0.69987 1.8084 -1.99352
0.08821 -1.82429 -2.96721 -1.00647 -2.4679 1.30173 -1.97569 0.60877 -1.4137 -0.57775
0.77027 -1.88527 -2.53727 -0.82601 -0.74641 2.51279 -1.43626 -0.75136 -2.65677 -1.77299
-0.1337 -4.21477 -1.30244 -1.02599 0.22211 2.14642 -1.05853 -1.5482 -3.33133 0.03288
-0.14055 -4.13542 -0.93969 -1.13513 -0.53639 0.75506 -0.43704 -0.40915 -3.33569 -2.45058
-0.69971 -0.64493 0.00547 1.17241 0.15204 3.34594 -1.05947 -1.11543 -2.86635 0.29586
-1.9237 0.05055 0.39145 0.27065 -0.94092 1.71767 -0.49773 1.37425 -4.89712 -0.60965
0.51552 1.16111 -0.27549 -0.4465 -0.64213 1.44283 -0.82709 -0.34076 -3.04519 0.60389
-1.11197 -2.11192 -0.62566 1.08211 -0.93423 1.09775 -0.07596 0.16721 -0.68942 -0.29005
1.46661 -3.19534 0.46088 0.82702 -0.70479 1.79102 -0.7783 0.39422 -1.98266 -1.16166
0.01185 -1.42034 0.24065 -1.16286 -0.52863 1.71787 0.94182 -0.10138 -1.5271 -0.13086
-1.99799 0.23693 0.14712 -0.18213 0.33623 3.01331 1.08902 -0.53533 -2.52933 -0.35585
1.80397 -1.44901 -0.66342 -1.20009 0.81865 2.21266 3.61652 -0.133 -2.23381 0.26201
0.77965 0.60144 -0.14685 -0.36407 2.23709 3.1004 1.6663 -0.72575 -0.58191 0.49708
0.90707 -0.38569 0.36258 -0.55672 0.89675 2.74373 2.20775 0.11202 -0.46906 -0.05119
0.98664 -0.58894 1.05202 1.82076 1.92829 2.66572 3.21898 0.15406 0.48249 -1.1474
-0.77271 1.35949 0.5108 0.7085 1.66301 1.70254 2.26759 -0.85681 1.35205 -2.22873
-1.05522 -0.44476 0.80865 1.92879 -0.00786 -0.50952 1.16315 0.43616 -0.04014 -1.10703
-1.82058 0.24581 -1.31277 0.56898 -0.88187 -0.48567 0.79947 -1.68929 -0.1035 -0.48268
-0.93201 -0.16184 0.57462 0.22147 0.1939 -1.66797 1.0305 -1.56264 -0.35722 -0.75358
-0.01834 2.02002 0.18781 1.03171 0.47953 -1.43783 1.01234 -0.94309 -1.91424 0.33595
-0.5481 2.19118 -2.01259 0.65392 0.11198 1.71928 0.70623 0.70478 -2.84091 0.0739
-0.72525 1.12407 -0.85709 0.67338 -0.36829 1.43123 -0.469 0.28804 -2.3765 -0.28061
-2.15635 0.90134 -0.66531 0.52808 -0.40599 2.17183 0.10394 -0.72507 -1.61925 0.18892
-0.30531 1.41346 -0.99386 0.1852 0.37525 2.46978 -0.08618 -1.10367 -2.03133 0.25181
0.91987 -0.28839 -0.44251 0.31462 -1.23727 2.36118 -3.03324 -0.0055 -1.7306 -1.87632
-0.56724 0.10432 0.0143 0.59584 -1.24961 2.26753 -2.75432 1.29938 -0.45034 0.71584
0.11255 -1.17188 -0.3539 -0.12834 -0.29311 3.45601 -1.38864 -0.01413 -0.25792 -0.266
-1.73616 -2.20043 -0.46774 1.07835 1.06694 1.67 1.1893 -0.20972 1.51463 -0.74795
0.85233 0.59719 0.63491 2.06361 4.10948 2.21756 2.68358 -0.46501 1.17924 -0.44861
-0.24851 -1.44225 0.2111 2.15072 3.05401 0.3192 1.72669 1.06418 0.51292 -0.11716
-1.11639 -0.30116 1.47697 1.33102 1.91473 -0.30563 2.17239 1.69966 1.46854 -0.71714
1.86389 1.60163 2.01855 1.74266 0.32781 0.25255 3.39339 0.66226 1.92868 0.79829
2.94277 1.10683 2.64251 1.73681 0.09031 -0.0695 2.67591 0.25993 2.06396 0.14136
0.77984 2.28857 0.93139 2.61047 1.97388 -0.08935 3.4718 1.63848 0.98085 -1.12725
0.45088 2.66463 0.17128 0.96116 2.17992 -2.5308 4.13266 -0.14975 -0.46275 1.03074
-0.16291 1.65455 0.43701 1.21861 2.4123 -2.62991 3.99845 0.65126 -2.0507 0.23045
2.30384 2.33038 0.29322 0.67149 2.55241 -2.15253 1.96303 -0.58223 -3.11726 0.65321
0.18877 1.96266 0.35673 0.34992 2.52799 -2.95836 0.21966 -1.17329 -2.37476 0.28009
0.7483 0.8239 -0.807 -1.99607 2.62926 -2.90026 -0.67017 0.38009 -0.39167 1.61949
-0.23061 1.62468 0.36618 -1.85702 2.06589 -3.47777 -2.46673 0.11374 -2.01721 -1.44341
0.24807 2.29294 1.408 -1.91678 1.74133 -4.42835 -1.56354 -0.50931 -3.97162 -0.91322
0.61715 2.13179 0.96549 -1.15564 0.71855 -2.94459 -2.1241 -0.11623 -4.94554 -0.96873
-1.14427 1.46674 0.67968 -3.47132 1.79715 -1.40488 -0.85749 -0.47861 -3.90633 -0.90208
-1.18218 1.75186 1.42011 -2.58408 0.59807 -0.15146 -1.19397 1.4509 -3.26813 -0.77739
-0.77483 0.24174 0.18219 -2.33747 0.90238 -2.53545 -3.0138 0.83038 -2.42239 2.76876
0.48733 0.06648 1.22465 -3.06345 0.85735 -3.60753 -3.43582 -0.21703 -1.67697 0.1438
1.80421 -0.10967 0.64349 -0.17769 1.34243 -2.7406 -2.63618 -0.45138 -2.35455 -1.26408
1.75385 -0.29953 2.23327 0.8985 -0.15381 -2.43504 -4.19037 1.2683 -2.63762 2.24555
0.15986 -0.21695 2.67193 0.09431 1.31062 -2.41869 -1.86861 -0.09987 -3.77712 -0.69311
0.97011 -0.25909 0.94898 -1.69969 1.91992 0.61033 -0.07977 -0.15998 -2.74878 -0.43013
0.49582 -0.38469 1.90057 -1.99027 2.32889 0.79365 0.97282 -0.90367 -1.50549 -2.41913
1.22234 0.64613 2.78038 -1.78966 1.58657 1.39573 0.74972 -0.73573 -2.03386 -0.23366
-0.10655 2.1865 2.76193 -0.64266 1.68955 1.64492 0.04637 0.80475 -1.60702 -0.49524
0.32959 2.66348 3.01273 -0.96762 1.38109 0.47533 -0.23638 1.23845 -2.32764 -0.98312
-0.22722 2.45454 2.68175 1.05902 1.41982 -0.3016 -1.14492 1.92825 -2.7435 -0.95505
1.50282 1.4665 2.41776 0.94222 1.65401 1.30635 -0.20091 -0.00793 -1.90543 -0.11811
0.28485 0.48447 1.25693 0.89072 0.91641 0.84406 1.367 0.58381 -3.73669 -1.52244
2.25127 0.41454 -0.70671 0.40343 -0.0993 1.75305 2.0905 0.77907 -3.12473 -0.6934
0.6408 0.29254 -0.343 0.82143 0.4528 0.70301 1.4098 2.05501 -3.1335 -1.75334
-0.36677 -1.00166 0.2331 0.7621 -0.60322 2.37379 2.45014 0.87257 -3.4508 -0.56413
2.75047 -1.07282 0.33772 1.94737 0.14336 4.14156 0.84645 0.88418 -3.06766 0.7214
-0.24646 0.27576 0.05616 1.21052 0.00949 4.25533 1.53608 -0.2504 -2.93703 -1.02091
-1.52743 0.97768 -0.21443 0.61177 -0.21808 2.15078 2.6844 -1.38235 -2.31629 1.25606
1.35495 2.05446 -0.3246 1.49221 -0.83513 2.5733 1.17361 -1.20999 -3.25776 1.11293
0.40664 1.77629 -1.33246 2.23789 -0.93784 3.03291 -1.28189 0.00919 -2.67159 0.56033
0.281 1.3194 -0.87263 -0.29593 1.05377 2.06173 -0.23159 0.93611 -2.10292 -1.87367
-1.10614 1.76181 -0.22891 -0.24079 1.97819 2.35202 0.54338 0.98474 -2.35747 -0.85577
-2.08319 1.93731 1.34436 1.43762 0.72251 1.13134 -0.18117 -0.22992 -1.71871 2.41464
0.86774 0.97283 2.15207 0.5898 2.50111 1.37823 -0.06981 -1.41628 -1.14893 -0.29429
-0.66057 2.22735 1.71292 0.96368 -0.28379 0.82953 -0.00773 -0.06598 -0.29682 0.47934
-0.92316 2.57264 2.00001 2.2608 0.40492 -0.36203 -0.77045 0.35087 1.46163 0.22038
-1.4657 0.87341 0.9095 2.43932 0.99704 1.77405 -0.68596 0.57373 -0.99253 2.0849
0.40222 1.96016 0.20059 1.42092 1.48201 0.72122 -0.96168 1.13103 0.07642 -0.76194
-1.09458 0.81682 2.62087 -0.53455 1.06649 0.94442 -0.16754 1.16303 -1.057 -0.09674
1.27817 4.16843 2.16734 -0.37861 1.90473 0.13613 0.86444 0.85744 -0.85202 -1.49089
-0.01749 2.80707 1.2603 0.09715 1.49157 1.14756 -0.10766 1.50359 1.12043 0.23226
0.22449 3.18949 1.10252 -0.27824 3.35831 0.79179 -0.44163 1.09531 0.87683 -0.69614
0.81399 3.46118 -2.062 1.38885 2.9234 0.13043 1.86471 -0.34589 0.19221 -0.86001
0.72871 3.40709 -0.0638 2.81044 1.99565 -0.75719 1.1567 0.617 2.17801 -0.0826
1.42195 2.27066 0.19775 2.16104 0.15063 0.32321 -0.47098 1.85915 2.87358 1.34904
-0.0834 2.27116 0.96779 0.73994 1.84466 -0.63473 -0.23747 0.09972 3.94659 -1.23771
-0.61699 0.89154 -0.03217 1.01068 2.17669 -1.80423 -0.41448 0.39392 1.8653 0.80459
-0.60057 0.35445 0.68072 0.18391 0.18683 -1.43885 -1.09369 0.39208 3.2098 -0.80248
-0.70526 0.1279 1.74834 -1.00469 2.52328 0.07999 -4.56817 0.13356 3.36979 0.06401
0.96796 1.25818 0.02733 -0.67149 1.61057 -0.82614 -4.23718 1.63501 2.73025 0.03732
0.46696 1.92038 1.56397 -1.32154 0.89484 1.16779 -5.09427 1.33959 0.34845 -0.47304
-0.61555 1.04776 1.63998 0.76724 1.37653 1.10177 -4.31906 -0.95153 1.37343 -0.9707
-0.29524 1.70457 -0.86328 0.36796 1.68448 1.60714 -2.58635 0.46276 0.27292 0.87953
0.20475 -0.23876 0.52041 2.63253 0.41544 1.31325 -3.81149 -1.13517 0.20246 0.62285
-0.14723 -1.96072 2.2089 2.07761 -0.02824 -0.5445 -2.2113 -0.89097 1.21933 0.61066
-0.70047 -0.18618 1.74123 1.43005 0.12132 -0.91456 -2.41668 0.2984 2.65129 0.16311
-2.42862 -0.91784 1.63654 1.22347 0.97004 -0.05725 -2.19367 0.90647 2.02892 -1.55477
-1.41027 1.21113 1.1788 -0.00091 0.84396 -0.68575 0.97114 0.9041 1.90031 0.29937
-0.55669 1.09565 1.86295 -0.89895 2.19466 -0.36464 0.86286 -0.74343 0.42836 1.44553
-1.38642 1.76198 3.09613 -1.35684 2.54784 0.40396 0.21505 0.79513 0.90901 -0.25788
1.22665 0.88884 4.99523 -1.19168 2.83322 0.80443 -0.64488 1.23187 0.82765 1.30879
-3.03166 2.71114 3.44372 0.16511 2.8463 1.26694 0.14365 0.2107 2.08833 1.36244
0.62393 1.70702 2.73408 0.23562 2.17881 2.70364 -0.69417 0.16766 1.90501 1.29199
0.56959 3.25198 3.6963 -0.28196 1.77492 3.14716 -1.67382 2.26845 3.10156 -0.3885
1.07971 3.25194 3.82991 -1.42595 0.22353 3.03328 -1.29435 1.56029 1.19451 -0.73717
0.58474 1.9549 3.73899 -1.07481 0.05492 0.80827 -1.54416 1.99244 -1.04305 0.58241
2.69169 3.10881 1.83731 -0.12853 0.48035 1.65101 -0.40799 1.43634 -0.92071 1.29957
1.0522 1.96692 1.10292 0.99059 1.16354 3.76973 -0.29718 0.35149 -0.65606 1.14035
1.54485 -0.53534 2.7852 -1.62959 1.05615 2.49132 0.99123 0.2814 -1.51756 0.04598
1.43914 0.54154 2.74691 -1.30897 3.11563 4.26549 2.60777 1.12084 -1.06217 1.90977
1.9203 0.55792 1.45681 -0.53501 2.49045 4.37452 3.32165 3.11824 -2.3802 -0.55877
-0.0847 0.25155 2.32075 0.60842 1.43563 4.7107 3.26665 0.45474 -2.81741 -0.54954
0.63894 0.43306 1.19671 2.65028 0.41739 3.54063 3.45024 -0.10235 -2.32326 1.21691
2.06008 -0.86516 0.7978 2.6489 -0.37149 3.46203 3.93145 0.26556 -3.45203 0.62856
0.97339 -0.08115 0.56795 3.12289 -1.42215 2.91517 5.20791 -1.34815 -1.55712 -0.67509
-0.63436 0.04908 0.87169 3.59465 -0.73818 3.75357 6.27628 -1.26167 -0.02426 0.48058
0.26357 -0.62763 0.62986 3.46315 -1.08323 2.21372 5.15772 0.07607 0.89965 -0.21535
0.52028 0.59792 0.48966 1.40579 -0.16484 2.493 6.0261 -1.5089 -1.27377 -0.94894
-2.06188 1.32673 1.70415 2.63936 -1.09626 4.3428 7.41947 2.44726 -1.45953 0.97775
1.21214 1.00514 1.20496 1.9605 -0.37681 3.06212 7.69985 0.92893 -0.31127 -0.22771
-0.88402 0.85992 0.59304 1.86253 1.73983 1.60383 6.16348 0.80873 0.61287 0.37579
-0.08338 2.55884 0.9194 2.999 1.783 0.54867 4.74603 1.9471 2.13008 1.38699
0.63307 3.39622 1.44208 3.7506 0.83164 0.67413 5.41221 -0.17745 2.43714 -1.10113
0.46222 3.70824 0.89685 1.79363 0.30326 1.68132 5.53119 1.62855 1.85294 -1.84943
-0.85533 2.71202 0.61758 2.24047 1.18991 2.73 6.06077 0.76053 1.92424 0.2387
0.36709 3.00658 0.60474 2.48942 -0.38095 3.44315 5.06122 0.22763 1.97563 -1.42986
-1.10813 5.07822 2.07454 1.86114 -2.3341 2.07826 4.4859 -1.01352 2.52332 -0.8713
1.05979 1.82136 0.81263 3.24612 -2.62203 0.89863 0.57237 -1.69844 5.32587 -0.9567
1.91156 2.19133 0.99168 5.61696 -2.21072 0.17083 -0.14712 -2.05965 4.70556 1.64145
-0.59799 1.63468 -0.24455 3.40459 0.30539 0.86257 1.15222 -1.01391 2.61831 -0.00952
0.12467 1.85602 -0.14808 2.56576 0.52631 2.48543 2.111 -0.0023 2.85871 -1.30552
-0.73975 1.97169 0.21553 0.69122 0.50005 1.97136 2.05413 -0.02865 1.20953 -0.52007
0.77331 0.451 -0.23945 0.94955 2.27199 0.86879 1.60318 1.80755 0.86695 1.62644
-0.47351 1.74428 -0.08569 1.41092 2.84112 1.29797 2.41324 -0.85375 1.17623 0.32235
0.64931 2.63682 -0.62989 0.31954 3.36148 -0.33465 3.53473 0.74857 0.97509 0.23944
0.16266 2.92479 -0.22407 0.81286 1.66771 -1.95262 3.20995 1.7319 -2.25785 -0.34602
0.6554 2.30296 1.09242 0.45596 1.64836 -2.50567 2.6292 0.03736 -3.24159 -0.38179
1.56761 0.95236 1.54595 0.25449 0.49446 -1.7118 0.20508 -0.4136 -2.84581 0.96005
0.45049 0.62798 1.46176 0.14612 1.37778 -1.16549 2.1446 0.18421 -1.40927 -0.589
1.78816 -0.59744 1.63925 0.17914 0.78979 -1.21303 1.50971 1.03189 -1.51295 1.25948
0.86183 0.56908 1.29871 -0.43802 1.0195 -0.92698 0.37425 1.78868 -2.35857 1.27702
0.75971 0.10259 -0.56769 -0.86538 -0.81267 -1.42187 0.03329 0.91547 -1.57094 -1.56577
-0.31217 -0.85643 -0.25724 -1.19905 -0.80591 -1.77749 0.71267 -0.87713 -0.26831 -0.86428
1.34175 -0.51023 0.8953 -0.6575 0.47457 -2.49333 0.51351 2.54375 1.93719 -0.12813
-0.98351 -1.10295 2.01737 1.08152 1.64578 -4.08684 1.20282 0.3606 1.35815 1.25305
-2.10494 -0.06648 -0.94651 -1.24539 -0.54951 -3.92133 -0.3188 1.11403 0.372 -0.92123
0.97939 -1.26775 -1.22553 -1.70312 0.394 -2.97543 -2.28013 -0.87357 0.55205 1.969
0.2893 -0.11826 0.07955 -1.76571 1.74951 -2.85822 -3.81014 2.01708 1.19969 0.52323
2.32036 1.44824 0.43326 -1.5344 0.14718 -4.44596 -1.86207 -0.26781 1.48209 -0.02221
-1.24368 1.08112 1.52835 -1.1619 -1.1614 -5.1609 -1.91399 0.12467 0.73529 0.81429
-1.1344 -1.44269 3.31347 -0.1596 -1.30839 -4.69256 -1.35062 0.3065 1.61274 -0.99643
-0.34919 -1.68044 2.33726 -0.38776 -0.55751 -4.0092 -2.84737 -1.05903 0.06409 0.85165
-0.33969 -0.71612 1.74548 -1.11571 -0.27709 -1.20172 -3.56367 -1.65926 -1.03136 -0.20799
0.80004 0.0353 1.42788 0.39017 -0.28754 -0.71568 -4.54585 -2.02756 0.1768 0.71495
1.0436 0.9015 0.84915 -1.04859 -1.02614 -0.77174 -4.56967 -1.19816 0.48704 0.05929
0.12407 0.9827 -0.56489 -1.84525 -0.94187 -0.31766 -5.1123 -1.34978 1.48021 -0.12185
0.4246 0.16164 -1.44968 -1.23744 0.67621 0.27988 -5.01417 0.47645 2.11124 1.6198
0.52496 -0.18765 -0.76034 -1.07689 3.55068 1.48124 -5.64863 -0.41131 2.16723 1.75314
-0.14472 0.54555 -1.29061 0.55392 2.40135 0.72922 -3.67953 1.65223 1.62496 -0.50248
0.36916 -1.12484 1.82745 -1.01179 1.67104 2.16361 -3.50561 2.1554 1.74175 -0.68394
1.02599 -0.17627 2.20678 -1.01192 0.98523 3.04737 -2.11274 1.87126 0.97659 -0.69171
0.09164 0.0855 0.76518 -1.47338 -0.47213 2.13479 -2.39478 -0.71958 0.21396 -0.25584
0.82767 -0.99153 2.09177 -0.53227 0.98543 0.59483 -0.65625 0.11163 -0.34849 -1.28837
-0.73326 0.24822 0.42312 0.45716 0.6668 0.22093 -2.28332 0.63714 -0.7236 -0.39768
-1.28413 -0.55183 0.21912 0.7709 0.67867 -0.74009 -0.84298 -0.70268 0.03449 0.25845
3.30557 0.74068 1.74091 1.07944 1.06475 -0.88156 -1.85453 -2.68781 1.12434 -0.54642
-0.50283 -0.29707 2.05795 2.29041 -0.43143 0.73553 -1.83906 0.92381 0.74688 -0.53632
-0.12271 -0.84182 1.92253 0.94743 -0.70326 0.71449 -1.99561 -0.10361 2.83512 0.06908
-1.93685 -1.34216 1.81902 -0.43957 -0.27233 0.48574 -3.42804 -0.85114 1.90047 0.49921
1.32679 -0.3963 0.59249 0.78301 0.48891 -0.86195 -2.61627 -2.169 2.83147 -0.04966
0.65029 0.84266 0.58345 0.1189 1.14098 -0.78915 -2.64406 -0.8631 2.62963 -2.12346
-0.38988 0.36762 0.36487 0.25936 1.33824 1.55276 0.3491 -2.11029 2.94769 -0.1103
-0.33334 0.03161 0.93278 0.0771 2.14989 1.79856 0.17496 -1.73511 1.82065 -0.98632
0.01438 1.18237 -0.03173 -1.30431 3.59351 2.76429 0.45331 -0.87501 0.89301 -0.79849
0.99982 0.13643 1.59102 -1.67396 2.77653 3.78627 -0.6502 1.41911 0.54047 0.43754
-0.37318 1.89971 2.60887 -1.12623 0.95127 4.19747 -1.93309 1.9194 0.69286 -1.46106
-0.79002 0.20606 2.34185 0.01414 -0.5209 3.71039 -1.13076 0.65788 1.08504 0.55364
-1.46718 1.74134 3.79519 -0.6005 1.6526 4.15239 -0.70021 -0.42145 -0.79091 0.193
0.43498 1.58497 1.19386 1.21107 3.31366 2.1582 -0.92107 0.39343 -1.8623 -1.48548
0.9697 0.84257 0.15133 2.61831 2.81666 3.27756 -0.9271 2.77577 -2.2086 0.33067
-0.47382 0.15862 2.0867 2.31685 2.21261 3.73518 1.1875 1.22645 -3.83837 -1.75103
0.65837 1.68145 0.26259 3.44544 0.65426 2.40855 0.84689 0.24823 -3.94279 -0.97297
1.02335 1.61225 1.10469 1.81073 -1.03472 2.51873 2.14384 1.38301 -3.19282 -1.41625
1.27062 0.44156 0.51757 3.42965 -0.99373 1.76737 3.64693 -1.21342 -2.69879 1.59309
1.59285 1.84665 0.22004 1.73484 -1.57098 0.95304 5.10177 1.64067 -1.40313 0.03587
1.82845 1.88381 -1.66865 1.71038 -2.29463 -0.22356 4.25399 1.17463 -0.81328 -1.37107
0.00368 -0.13109 -0.7969 2.33071 -1.63946 -0.51243 3.85483 1.39451 -1.21683 0.1348
2.27433 2.53534 -1.73419 -0.01669 -1.26199 0.7732 6.28042 0.03028 -3.27204 -0.57819
0.90824 2.66409 -2.79382 0.20844 -0.31526 1.21396 5.85836 -0.29454 -3.87764 0.79535
-0.32916 1.16826 -2.36385 -1.71005 -1.3074 -0.34237 6.63468 1.22036 -4.44162 1.28607
-0.27563 0.08857 -1.49553 0.12314 -0.82191 1.09787 5.21365 -3.53185 -2.82616 -0.42718
1.3006 1.70434 -1.92973 0.69456 -2.32786 2.08014 2.61281 -2.37092 -2.7195 -0.31723
-1.32468 1.20192 -1.43159 0.27349 -1.96165 2.30732 1.67377 -0.99305 -0.31466 -0.45006
-1.30989 1.42493 -1.01764 0.0286 -1.83307 3.14533 0.33307 -0.2884 2.21857 -1.39143
-0.29414 0.87779 0.44362 0.8466 -1.29045 1.82693 -1.09371 0.11062 2.00781 -0.95871
-2.40903 2.73542 0.2257 0.64954 -1.83056 2.37943 -2.01186 -0.50003 2.40375 -0.38678
-0.34446 2.96425 0.05849 1.19663 -2.10745 1.1243 -1.89388 -2.1764 1.35942 2.25606
0.28891 1.23482 -1.37391 -0.48977 -1.11407 1.28653 -1.20967 -2.12202 1.02963 0.74057
-1.26988 -0.12801 -0.37055 -1.42638 -1.24181 0.19014 -0.37842 -0.74596 -0.62133 -1.54101
-1.15964 0.60729 -2.26444 -0.26488 -1.89739 -0.65545 1.13887 0.03047 -2.32502 -0.66364
1.22009 1.2346 -0.87713 1.05602 -0.5437 0.61607 0.92505 0.14878 -1.59603 0.02766
0.00795 0.81725 -2.1557 0.80742 0.27171 -0.32684 0.21567 -1.64724 -2.8432 0.29541
-1.06534 -0.5923 -0.34332 2.68371 0.7749 -2.43212 1.69345 -1.34748 -1.90663 0.41563
-1.34616 0.12169 -1.38245 2.17193 -0.10223 -2.83915 1.54414 -0.83423 -1.33233 0.13606
-0.62505 0.97746 -2.43403 3.45251 -0.79764 -1.65179 3.48571 0.05436 -1.10345 1.405
0.97567 1.07056 -2.96325 3.36609 1.13014 -0.29966 3.6193 -0.91382 -2.89309 -0.55211
-1.72869 0.59232 -4.43807 1.79513 0.3863 -1.53384 3.10776 -0.3786 -2.46694 0.01236
-0.104 0.10494 -1.62381 0.72283 0.73078 -1.80616 2.53525 0.51278 -2.68758 0.11452
-0.14362 -0.23842 -0.18833 -0.62452 -0.30745 -2.54071 0.24072 0.92262 -2.69984 -0.48793
0.66688 2.52802 1.05368 0.98336 1.03015 -2.85197 -1.99728 -0.11531 -0.65481 -0.93083
-1.47543 3.86771 0.64177 -1.61478 0.04454 -2.11369 -1.9487 0.08646 -0.52558 1.15121
-1.46158 2.93666 0.93567 -1.55508 0.60035 -2.42825 -1.30982 -0.935 -1.50173 -0.91271
-2.79738 1.82464 -1.21439 -3.02353 1.07534 -0.3542 -1.24224 1.09533 -0.60531 0.76654
0.0621 1.77872 -0.34816 -2.90588 -0.83545 1.29125 -2.54688 -0.54545 -0.75316 0.9871
-1.62906 3.11975 1.28231 -3.08559 -0.37394 1.08905 -3.30333 -1.32957 -0.79755 -0.70164
0.52232 2.66502 0.58783 -2.46399 -0.48275 0.20739 -3.04448 -0.23901 -1.02105 -0.98338
-1.23612 1.26102 -1.26928 -0.02194 -0.58361 1.2649 -3.94301 -0.33372 -1.18626 -0.43936
-1.40386 -1.12803 0.18462 2.39703 -2.6032 2.3795 -2.64026 -1.42282 -2.61962 0.53084
0.42855 -2.21821 -1.72836 -0.49644 -3.4454 1.90377 -2.76254 -2.93718 -3.63539 0.01581
0.4727 -4.16873 -3.00376 -0.17895 -2.35842 1.97189 -4.21232 0.78303 -4.90241 -0.62995
-1.10305 -5.32613 -3.79462 1.11312 -1.70387 2.43128 -3.73673 -0.45817 -3.96496 -0.38236
-2.32084 -2.32321 -0.80367 2.28982 -1.46948 2.42307 -1.92561 -1.05196 -2.72786 0.5448
1.07973 -0.89697 -1.57575 1.10863 -0.59172 1.19509 -2.18709 -0.54725 -2.50439 -0.21697
-0.32117 -1.02555 0.34018 2.65816 -2.87356 0.38235 -2.23171 0.46882 -2.92549 0.94851
0.05088 -0.03582 -1.48103 2.63499 -4.37127 -1.17898 0.35508 -0.35272 -2.32134 1.23188
0.93088 -0.65896 -2.97784 0.21026 -2.43973 -1.99692 -0.30249 -1.63888 -2.82074 -1.46529
-1.54722 -1.43977 -3.71605 0.25937 -1.98908 -1.7118 -0.25982 -1.21884 -4.53639 1.35602
-0.02689 -3.14663 -4.93764 -0.00665 -3.56015 -0.61826 0.19423 -1.19416 -4.13422 -0.09911
0.07628 -1.98387 -2.82279 -2.03673 -3.29525 0.43445 1.13693 -1.65954 -3.80595 0.53989
0.59106 -2.67582 -4.99914 -1.53601 -3.01461 -0.41348 0.29335 0.37866 -4.59902 -0.44957
-1.82565 -2.94581 -3.76538 -1.53331 -1.78545 2.62079 -0.02803 -1.83787 -3.43812 -0.487
-1.87319 -2.74401 -2.97912 -1.10397 -0.81634 2.5354 -1.38857 -2.65454 -4.63828 -1.1542
-0.13852 -3.29139 -3.15472 -1.04808 -0.71873 3.33682 -1.86189 -0.84117 -4.19934 -0.69429
