9.92737 -0.07396 1.3776 -2.11224 3.61923 0.59325 1.0209 -7.34734 -0.47828 -2.9473
8.36185 -0.50843 1.01355 -2.50044 4.22795 2.52196 0.84499 -2.26089 0.61266 -2.19895
10.14099 0.0533 0.93839 0.41927 5.02934 0.84142 0.71677 0.96263 -0.40735 -1.41123
9.40877 0.44133 0.32131 -0.69244 5.41284 0.67309 0.63217 4.44207 -0.14051 -2.08488
10.20867 0.99044 0.27383 -0.0949 5.51699 2.19122 0.25401 8.05742 0.22072 -0.85437
9.85266 0.22628 0.44016 0.16781 5.4149 -0.06565 1.36418 10.09183 0.9056 -2.52575
9.55066 -0.34929 0.78302 0.32152 3.78004 0.12399 -0.00751 13.31219 -0.75283 -1.09881
8.56549 0.12611 -0.30364 -1.08939 5.13853 1.23752 -0.98187 15.23457 -0.22145 -1.6939
7.93564 0.33975 1.5281 0.84489 2.79175 0.98077 -2.46175 16.18203 2.61391 -1.48825
7.03272 0.34741 0.19624 1.2847 3.96595 1.78795 -3.45972 16.81431 0.43457 0.18585
7.19321 0.5767 0.62234 -0.4599 5.82926 0.40302 -5.50517 17.37349 1.40323 0.595
7.97325 0.86647 0.2984 -1.02955 4.93821 -0.04973 -4.52246 17.06081 0.51321 -1.2532
6.64468 1.38772 -0.22929 -3.27118 3.72958 0.80557 -5.94571 19.57048 -0.43998 -3.00751
6.71964 1.11603 -0.44992 -3.48698 3.63941 0.21035 -5.39706 18.44541 0.16431 -1.20514
4.04914 0.38719 -0.54972 -4.04938 3.24484 -1.59362 -5.3422 18.47083 -0.93306 -0.62017
1.52917 0.11249 0.36793 -4.098 2.1322 -2.0141 -4.70192 19.9691 1.56674 -0.82371
-1.63317 0.14607 1.17054 -4.0116 2.65046 -1.11552 -2.1107 18.7709 -1.45806 -2.12781
-3.18699 -0.81823 0.31213 -5.15215 2.59854 -1.43811 -1.76265 18.0987 -1.18062 -1.31339
-4.92184 0.20032 1.479 -5.52989 1.33347 -0.07462 -1.05757 16.68279 -0.66313 -1.03603
-6.94038 1.34883 -0.97121 -3.48581 1.38816 -1.61777 -0.86536 14.1447 -0.29546 -1.22735
-10.27637 0.39601 0.83625 -3.39706 0.36237 -1.7212 0.22857 13.11042 -0.29731 -0.84465
-10.68701 1.61413 0.1823 -3.40354 -0.9339 -0.55008 -1.19468 10.23782 -1.08748 -0.07947
-11.46057 0.79775 -1.07613 -2.46128 -1.95072 -1.73171 0.39443 5.91947 -0.55475 -0.90716
-12.09043 0.71602 1.21972 -1.66999 -4.39767 -1.09973 1.21526 3.85896 -0.57543 1.47423
-12.55421 1.60967 -0.76501 -1.19523 -4.01333 -1.37681 1.03853 -1.70469 0.83454 2.56076
-12.51291 2.44229 -0.64389 -0.93306 -4.14671 -2.27135 0.84326 -3.50928 -1.29884 1.37496
-11.0954 3.6744 0.25452 0.59885 -4.6417 -1.99487 -0.12475 -6.91431 0.5004 0.60936
-9.99207 1.56119 1.50451 0.65795 -4.55201 -2.80483 1.04209 -9.33141 -1.17962 -1.22757
-8.40157 0.88012 0.6551 1.75442 -4.00886 -0.64593 1.77368 -11.56738 -0.05659 -0.35787
-9.35037 0.87988 -0.45476 0.53204 -3.87354 0.35352 2.20125 -15.29389 -0.57643 0.26991
-9.56286 -0.64659 -0.9403 -1.24191 -3.79081 -1.71219 3.28996 -16.11673 0.16643 1.93248
-9.60737 -0.3485 0.25113 0.84951 -3.5906 -0.34337 1.66276 -16.2165 0.5399 0.85673
-8.74569 -0.9865 0.17338 2.5168 -1.44898 -0.76416 -0.23618 -19.01432 -0.47823 -0.37217
-6.4436 -2.50775 0.48667 2.46821 -4.49256 -1.80691 0.00706 -20.43902 0.31454 -0.64972
-4.16759 -2.52278 -0.8164 4.32192 -3.48094 -2.07185 -1.52942 -22.53321 1.46236 -0.64624
-3.90374 -1.83876 -0.54157 3.72539 -2.70407 -0.12206 -0.61122 -23.27508 -0.22987 1.43563
-3.17906 -0.78589 0.06596 2.5336 -1.4841 -0.16821 -1.94682 -21.55499 -1.11758 0.6166
-3.95843 0.24704 2.08537 0.05672 -2.25495 -2.30315 -2.64179 -21.51875 -0.16896 0.6919
-3.95817 -0.07059 1.26255 0.11289 -0.82871 -1.16479 -4.54092 -19.93911 1.39989 0.66815
-3.99303 -0.92075 1.43347 -1.6519 -1.54027 -0.58061 -4.8701 -19.72957 -0.14463 0.76033
-5.21505 -1.3101 -0.9272 -0.71751 -0.1127 -0.2843 -4.58612 -18.97072 1.77733 0.58536
-5.22362 -1.83385 -0.65923 -1.52817 -2.25293 -0.6143 -2.14894 -18.42718 1.58812 -0.24102
-8.7843 -1.01248 0.89645 -2.11204 -2.2747 -0.98445 -1.71994 -18.7571 -0.70343 -0.88467
-10.75562 -1.59075 0.25457 -1.14848 -1.92322 -1.49444 -1.41144 -19.53183 0.15468 0.47342
-11.64298 -0.15238 -0.12766 -2.25053 -2.28952 -0.67538 -1.26254 -21.20656 0.22723 -0.14035
-10.31906 0.48638 -0.64544 -2.71461 -2.54011 -1.83495 -0.39801 -22.60041 -0.86231 0.35576
-11.1169 1.35621 1.35234 -3.66661 -3.04478 -0.71105 -0.99159 -23.36028 -1.32789 -1.33293
-13.85307 0.13534 0.72402 -3.9241 -4.05092 0.00535 0.19183 -23.25871 -0.23554 -2.42632
-16.52282 2.10556 -0.3666 -2.13948 -3.61159 -1.85249 -0.36642 -25.24398 0.20304 -2.1822
-16.54936 2.68843 0.12061 -1.44687 -2.87046 -0.01721 0.74667 -28.4207 0.31269 -0.96772
-15.19992 1.41871 -0.55001 -0.13215 -4.34167 -2.97328 -0.03622 -31.06235 1.01432 -0.75565
-14.80235 2.39413 0.62261 0.36264 -5.18187 -2.79999 -0.00803 -33.67904 0.16248 0.60291
-14.09779 1.44903 -1.05155 -0.81602 -4.69115 -0.94395 1.32397 -37.50663 -0.24416 2.01285
-12.33892 1.94255 -0.89921 -0.86706 -4.45102 -1.94142 1.23502 -39.69881 -0.56545 3.04679
-12.63341 0.9948 -0.23424 -0.47884 -4.78313 -2.19685 1.7178 -39.32621 -1.05368 2.46093
-11.95604 0.17201 0.07337 0.52778 -3.92385 -1.77622 3.19453 -39.86422 -0.19299 1.90596
-9.59897 0.23653 1.57643 0.18193 -3.38399 -1.85749 3.79655 -40.35416 -0.8464 2.22337
-7.89947 -0.2841 -0.31503 0.45857 -5.47679 -0.78123 3.75933 -41.28953 -0.03322 2.44922
-6.2143 -0.00371 -0.42883 0.06783 -6.01882 -1.487 3.111 -39.80698 0.42224 2.72281
-5.09094 -1.39619 2.15568 -0.17728 -3.54361 0.99558 1.96251 -40.16619 -0.24032 2.69951
-3.66164 -0.64149 1.61835 -1.21262 -4.18047 1.98873 0.91817 -39.55196 -0.23561 1.89469
-4.38213 -0.08558 2.04002 -1.64929 -2.07709 0.23758 0.4069 -37.04634 0.65184 2.5078
-3.68908 -0.69822 0.02282 -0.63756 -1.7915 -1.07194 0.29441 -34.38797 -0.76838 2.80729
-4.19027 -0.5358 -0.86736 -1.53495 -2.09641 -0.8658 1.45333 -33.06326 -0.57776 1.40942
-6.21014 -0.73302 0.30886 -1.07531 -2.68252 -1.91272 2.62928 -31.26391 -1.31255 1.88315
-5.31891 -0.19744 -0.85352 -1.10648 -3.90193 -0.95001 0.88243 -29.2214 -0.93218 2.17755
-3.87947 -0.58025 0.28368 -0.77504 -1.0571 2.51437 0.14738 -27.63462 -0.76404 0.18591
-2.79688 0.16221 -1.93431 -0.47444 -0.62647 -0.38191 0.09161 -26.45726 0.04301 0.53281
0.46381 1.20604 -1.13244 -2.4858 -1.87716 0.17316 -1.27657 -25.1171 -0.26886 0.13406
0.14065 0.34278 0.9096 -0.64291 -0.09405 -0.29329 -2.17509 -22.81246 -1.09449 0.36815
0.8355 0.55139 -0.54365 -1.29855 0.05613 -1.98101 -1.61458 -20.35595 0.42238 -1.23355
0.14928 0.65183 0.77889 -1.75546 0.77801 -0.30184 -2.91456 -17.33673 -0.53765 -1.62609
-0.18017 1.7964 0.34299 -3.45676 0.86879 -1.96376 -2.70347 -15.59032 -0.21002 -1.37166
1.83859 0.68268 -1.15678 -2.56067 0.86197 -0.77989 -1.90006 -12.66527 -0.5112 -0.82452
0.13329 -0.28704 -0.06974 -2.00203 3.05584 -2.35845 -2.69218 -11.86403 -0.33305 -1.21922
-0.64285 0.13621 1.0437 -0.04745 -0.46354 -0.57194 -3.26233 -10.08387 -1.01944 -1.12799
-1.78217 -0.18574 -0.74877 -1.52418 1.09541 -0.73359 -2.81635 -8.45792 -0.02635 -0.77546
-1.48861 1.01776 0.85936 -2.12284 -0.72497 -1.8327 -2.49104 -7.0892 0.53784 0.43342
-2.4085 -0.17572 1.05343 -3.99661 -0.36103 -0.94031 -1.6691 -6.06986 -0.83976 1.18458
-5.0163 -0.80399 2.03182 -4.04534 0.03917 0.86241 0.2814 -6.4514 -1.64256 -0.50929
-6.15535 -0.05447 1.6037 -2.88822 -0.21029 -1.45608 0.93229 -6.3724 -0.90941 0.06324
-6.66479 1.94426 1.35551 -2.50169 -1.74204 -1.3791 1.48735 -5.54396 0.46881 -0.21574
-6.3603 2.41897 -1.29571 -0.42317 -2.15362 -1.84869 1.9146 -6.0146 -0.10941 -0.37411
-7.38595 2.00371 0.09089 -0.09754 -1.50323 -2.07586 0.63499 -8.32105 0.49298 0.54266
-7.1724 0.89134 -1.01031 -1.05341 -1.79899 0.16511 1.04836 -9.29834 -1.28641 0.03799
-6.54804 0.86064 -0.74984 -2.95356 -2.87814 -0.59811 1.13982 -8.75314 -0.60881 0.72471
-7.35555 1.26489 1.34247 -0.92485 -2.48062 -0.46969 1.99602 -10.69588 0.74971 0.49737
-8.83215 -2.42758 1.73389 0.21517 -2.89453 0.08539 2.07326 -11.64468 1.00057 1.07555
-8.41071 -0.42621 0.36396 -0.21027 -1.62794 -0.29464 2.2442 -11.03247 0.28619 0.36377
-6.358 0.21792 0.49287 0.58298 -1.92812 -0.98206 3.01963 -13.8952 1.98229 -0.87781
-5.18911 0.73274 0.61028 1.20438 -2.51215 -1.06476 3.70689 -15.29932 0.15699 0.89209
-5.34394 -0.52935 -2.12743 2.18538 -3.46037 0.3075 2.99904 -16.2311 0.82811 1.52828
-3.7033 1.07426 -2.19594 2.49413 -1.49445 0.73237 4.23484 -16.505 0.02349 0.82702
-2.04467 0.7454 -1.29706 3.64615 -2.37814 -0.4659 2.82991 -14.80635 -0.50101 0.04614
-0.18588 1.77044 -1.03255 3.17255 -3.62318 0.2869 1.65726 -15.40831 0.49701 -1.54067
1.10561 0.13418 -0.72274 4.47319 -2.65466 -0.29523 1.21904 -14.41559 0.59916 -3.78173
2.67117 0.51556 1.19599 3.89746 0.91682 -0.32051 1.14066 -15.38059 -0.23234 -3.12336
4.51719 2.68304 0.35962 4.31537 1.09699 1.37139 0.58724 -14.59057 -0.31161 -4.65353
6.20185 1.00486 0.28712 2.14759 1.02183 0.96017 1.01551 -13.79611 0.21809 -2.72913
6.46225 -0.78896 -0.87285 0.50609 1.58176 1.33824 1.01311 -11.17617 -0.46737 -1.40166
6.3718 0.70269 -0.67038 -0.28732 2.40051 1.13958 1.55722 -9.15669 -0.86483 -0.77005
4.91755 0.4456 -0.13784 0.75379 2.60107 1.78465 -1.09879 -5.41325 -0.17865 0.62972
3.57557 -0.9932 0.9352 -0.75778 2.82164 -0.35126 -2.18884 -2.50984 0.98394 1.91275
4.39353 0.15806 0.57402 -0.74203 3.21973 0.78076 -1.13484 -0.20136 -0.17851 1.39396
2.83492 -0.41061 0.60365 -0.80598 1.27861 1.39987 -1.33051 2.66162 -1.47265 0.52495
2.04116 0.0448 -0.65378 -1.84866 0.73708 0.18787 -2.6832 4.5395 -1.59097 1.1048
2.80121 0.83147 -0.71431 0.11611 2.05075 1.29347 -1.77777 5.77483 1.89357 2.4639
1.84074 1.4006 -0.49622 -1.04206 1.66068 0.51416 -0.4914 6.37439 0.58544 2.31436
1.85027 2.41527 0.58746 -1.48832 1.18011 0.33882 -1.56064 5.78709 0.09306 1.09453
-0.03928 2.82476 -0.45171 -1.8982 1.48685 -0.75453 -2.3564 5.46845 1.21093 1.17723
-0.41461 1.25316 1.49482 -1.72682 0.0187 0.238 -2.92812 6.62012 -1.41698 -0.28132
-1.39348 -0.7287 0.21604 -1.52514 0.38461 -1.17452 -2.02873 6.51874 -0.94376 0.20971
-2.99621 0.01505 -0.31282 -3.24293 -0.35687 -1.66009 -1.33932 5.69502 0.26989 1.45622
-3.40717 -0.62395 0.67572 -3.01786 0.28391 -0.51671 -2.48982 3.80723 -0.35575 0.61682
-5.33361 -1.61144 0.45876 -3.06717 -1.05705 -2.02239 -1.36874 1.8773 -0.07989 2.58537
-6.3166 0.85861 -0.21246 -3.04334 -0.10552 -0.04456 -2.47616 2.32883 2.10343 2.67322
-7.83584 0.43916 -0.50598 -2.95672 -0.26063 -2.6594 -2.19048 -0.32433 1.70253 1.79246
-7.20496 0.99568 -0.62389 -2.8107 -2.06418 -2.07228 -1.99704 -0.82438 -0.35881 1.30667
-6.72976 2.11748 -0.38776 -4.24254 -3.29159 -3.38201 -1.42507 -2.52169 -1.91316 0.29529
-8.41886 4.64116 1.47697 -3.67228 -3.9986 -2.19192 -1.4692 -5.97454 -0.08833 1.172
-9.10694 3.45125 -1.22292 -3.81109 -3.85739 -0.61528 -1.58025 -9.42237 -1.60832 1.18515
-8.84751 2.58183 0.48914 -4.0272 -1.8221 -3.52407 0.11555 -12.46756 0.83813 1.80799
-9.98517 3.10818 0.52849 -4.00475 -2.3417 -1.3834 0.57341 -14.45999 0.91551 1.58628
-9.31562 -0.23778 -0.8052 -4.8845 -1.65761 -1.64374 -1.24811 -15.03057 -1.40871 -0.56045
-9.69616 0.26348 -0.17763 -1.92806 -0.45358 -2.13111 -0.12246 -16.11429 -0.65196 0.53261
-10.52105 -0.79804 0.07702 -0.75814 -2.41089 0.38039 -0.33071 -16.75982 0.00293 1.71298
-10.43797 -0.68152 -0.43787 0.19607 -2.31804 -3.92557 0.57613 -16.24631 0.93663 1.07073
-10.22679 -0.23325 -1.63601 1.73044 -3.7772 -2.54154 0.26177 -17.53228 0.64866 0.05613
-10.65176 -0.98231 -0.87951 -0.26504 -6.02151 1.44778 0.31859 -18.95833 0.25676 0.20942
-10.1865 -1.93616 0.35472 1.28408 -6.05916 -3.7429 0.9594 -20.76596 -1.44224 1.00599
-10.77136 -1.93238 1.69756 2.14179 -6.82883 -0.12568 0.96768 -21.96408 -2.22874 1.53972
-7.1009 -2.9795 0.3633 1.67616 -4.09975 -0.77749 0.85923 -22.38167 0.69914 1.55796
-5.12423 -2.88675 0.51136 1.26407 -3.50795 -1.17772 1.61329 -24.6694 -0.14265 2.19362
-3.88393 -2.64288 1.11895 -0.43688 -2.54269 0.33926 1.17289 -26.04261 2.33773 2.82277
-2.12348 -0.14688 -0.96892 -1.65297 -0.62123 -1.20306 2.00594 -25.37845 -0.0245 2.36767
-1.62394 0.54628 0.20037 -1.44734 0.27991 -0.0129 1.74586 -23.19213 -0.35941 2.12063
-1.97904 -0.14556 0.59625 -1.64701 -0.90425 -0.27596 1.29139 -20.516 -1.01282 0.87853
-1.97122 0.38506 -1.81688 -0.96621 -3.05193 0.25377 1.43368 -18.22378 -2.23824 0.05826
-0.70328 -0.25958 -0.06486 -0.61377 -1.41934 -0.06426 0.36651 -16.72496 -0.28572 1.29786
0.67138 0.10256 2.29894 0.27329 -1.3295 0.81494 -1.57599 -17.22745 1.47765 1.24992
0.43284 -0.81161 1.61442 1.60682 -0.88194 -1.47919 -2.96535 -15.93705 0.76497 0.94869
1.18206 0.66304 -1.16955 0.20148 -0.05297 -1.05462 -2.73066 -15.13926 1.40651 -0.93013
1.66355 0.38385 0.67263 -1.33879 0.64597 -0.1051 -3.39866 -14.56051 0.59539 -0.67626
0.93201 0.15774 0.74059 -4.23561 1.28379 -1.67242 -4.50928 -12.19218 -0.76209 -1.14412
0.83819 -0.06849 -0.9763 -5.46944 0.43988 -0.80212 -6.10986 -9.86323 -1.28086 -2.13566
-1.48484 1.6647 0.34362 -6.28294 1.16369 -0.17984 -5.29881 -8.93757 -0.63736 -1.88507
-4.46229 0.47647 -2.03464 -7.29666 1.87835 -2.41905 -3.83066 -7.9062 -1.82871 -0.83174
-7.97899 0.38184 0.23789 -7.84573 1.00331 -2.31661 -1.13945 -5.42096 -1.29494 0.6505
-11.38303 -0.3579 -0.39446 -7.13236 0.29915 -3.39659 -3.56352 -6.06129 -1.32657 0.2777
-14.83587 -1.06375 -0.32555 -7.69012 -1.03468 -1.27034 -5.70754 -6.50689 -1.75272 0.07131
-16.14555 -0.41868 -0.33883 -6.66185 -2.37146 -1.51168 -5.17035 -9.05612 -0.24044 -0.51954
-18.40815 0.09622 0.85161 -5.08187 -1.74387 -2.69734 -5.85196 -11.58299 -1.36928 -0.7583
-20.8007 1.17939 0.65525 -6.02936 -4.80085 -1.16684 -5.93605 -16.16425 -0.99873 -2.18329
-25.1227 -0.71152 -1.6508 -6.79014 -3.71143 -2.20247 -7.16026 -19.03731 1.22317 -2.01702
-26.56857 0.20772 -1.2351 -6.81631 -6.2043 -3.79573 -7.70094 -23.88111 -1.09329 -1.53389
-29.27085 -0.62747 -1.08065 -5.65412 -9.44361 -3.76703 -7.89885 -28.99635 -0.8196 0.04236
-31.63116 0.02443 1.03321 -6.67339 -9.21572 -6.07368 -6.86298 -35.71745 0.21496 -0.33407
-33.81263 -0.71495 -0.39262 -6.62898 -10.60925 -3.87271 -7.29671 -42.55872 0.76062 -0.47907
-35.39365 -0.88797 0.06425 -7.07804 -12.29337 -5.30661 -6.25196 -48.9249 0.87217 -1.80911
-37.87856 -0.03041 0.12692 -7.70397 -11.90034 -5.99543 -7.07 -54.34357 -0.15228 -1.1488
-39.61939 -0.47447 -1.49451 -7.4322 -12.98945 -5.9366 -6.78635 -60.92389 0.68246 -0.45525
-41.03034 -0.64031 0.54306 -7.75019 -15.77667 -6.22946 -5.8621 -66.08911 0.10476 -1.18972
-44.08986 -2.823 -1.47333 -8.12392 -16.24955 -6.32919 -7.14156 -71.50523 -0.40238 -1.37675
-44.15226 -2.26845 -0.47361 -8.63334 -17.68684 -6.58691 -7.82741 -76.46089 0.9995 -1.60956
-46.21825 -1.6513 0.00129 -10.03941 -16.58967 -6.75085 -5.50082 -82.35207 2.14343 -0.20219
-46.18248 -2.00082 -1.73859 -8.94344 -17.73877 -6.52111 -5.43619 -88.23943 2.35096 1.03464
-49.01157 -0.80068 0.39782 -9.74255 -18.00525 -8.549 -3.7215 -95.29546 -0.57047 1.89643
-52.94477 -1.52019 -1.2224 -9.2718 -18.51931 -10.34925 -2.9335 -101.96931 -0.23577 0.17245
-53.09487 -1.56342 -0.59275 -8.46014 -18.126 -10.0085 -1.05183 -107.95504 -0.23897 -2.37218
-54.6746 0.95702 0.19975 -6.92961 -19.3048 -7.45291 -2.67188 -114.15146 -0.58029 -0.01232
-53.20835 1.74426 0.34541 -7.39187 -21.29902 -7.96702 -3.9203 -120.55017 -0.84288 1.17252
-52.98238 0.87386 0.18597 -6.72355 -21.37016 -8.02321 -2.64448 -127.13964 1.29388 -1.25267
-52.5331 0.42976 1.55567 -5.14907 -20.77956 -6.57405 -3.66893 -132.91989 -0.50687 -1.71705
-51.76048 -0.29218 0.32217 -6.20089 -22.53071 -7.31115 -2.02783 -138.77892 0.20688 -1.87862
-51.66192 0.13225 0.32136 -4.30741 -22.91161 -8.83293 -1.55793 -142.84489 0.67344 -1.63153
-53.76168 -2.48172 -0.17713 -4.08663 -20.19323 -8.56194 -3.85182 -147.82735 -0.30015 -2.59142
-51.99839 -0.99883 0.2437 -2.97317 -20.5111 -7.68439 -4.75653 -152.6376 0.8684 -0.86779
-51.44861 0.02764 -0.92655 -0.95039 -22.36358 -6.31088 -4.4357 -156.83719 -0.1707 -0.25845
-50.9529 1.58526 0.52245 -1.94864 -22.32104 -7.51611 -4.57531 -160.4467 -1.49453 0.54651
-50.59346 1.81192 -1.75856 -1.81201 -22.77229 -6.55393 -4.53318 -161.93991 -0.54469 -0.09011
-49.73313 0.87706 -0.4478 -2.91476 -23.159 -6.90966 -5.26972 -162.20125 0.09382 0.61283
-49.04554 0.37518 0.1368 -4.42205 -21.69872 -6.70201 -5.23695 -165.1618 -0.28636 -0.01397
-47.56253 -0.01794 -1.78209 -5.43714 -19.94853 -7.97617 -6.18571 -167.49419 -2.23347 1.13801
-48.92913 -0.15267 -0.33037 -6.29039 -22.16567 -7.81697 -6.95421 -169.29445 -1.6495 0.18962
-47.58302 1.25281 -0.61031 -6.54915 -20.10801 -7.8545 -8.57039 -168.22159 -2.02908 0.74068
-46.74541 0.93041 -0.6411 -8.35066 -20.23096 -8.11572 -7.86822 -168.54152 -3.1994 -0.61805
-47.75885 -0.10046 -0.00316 -9.35829 -18.48596 -9.07638 -7.03124 -167.20842 -3.16617 0.09066
-49.94101 -0.25488 -0.54779 -9.02319 -19.35259 -8.42903 -5.40177 -169.15181 -1.16256 1.51742
-52.60336 -0.06955 0.48731 -10.07786 -20.5395 -8.63436 -5.7562 -168.50075 -0.82497 4.02611
-55.27962 -0.86776 0.53218 -11.18202 -20.33065 -8.83559 -6.66978 -169.08492 -0.07049 2.21898
-57.1232 -1.27701 0.56753 -9.28452 -20.3107 -9.62072 -7.52573 -170.45454 0.64866 2.05782
-59.42372 -1.3508 -0.37564 -9.9312 -20.34355 -6.92443 -6.22561 -174.05856 -0.80255 1.74667
-60.99982 0.17565 0.93594 -9.13109 -22.96818 -7.4363 -4.64573 -177.69583 1.11205 0.73925
-64.36636 0.26607 -0.30341 -9.68888 -23.30277 -9.00341 -5.19263 -180.39578 1.20665 -0.22671
-65.21416 -0.35613 1.22834 -9.77499 -23.04129 -10.92702 -5.00415 -182.7446 1.07831 -0.87005
-64.99053 -0.76507 -1.54443 -11.13264 -24.81137 -9.22157 -5.05362 -186.10214 0.31865 -0.16718
-65.62727 -0.58507 -0.90315 -9.77674 -25.57054 -8.62074 -5.02978 -189.94853 0.00493 -0.67972
-66.75986 0.40399 -0.03243 -9.9711 -28.09071 -10.47953 -4.5193 -192.69308 -1.40523 -1.83
-66.10654 -0.87393 1.42608 -8.28801 -26.66371 -9.91552 -3.6946 -197.11681 -0.80905 -0.17472
-67.23124 -2.67182 1.63927 -7.32847 -26.80041 -8.7033 -3.6292 -200.68375 -1.54074 -0.41977
-67.68946 -2.22178 -0.70129 -4.5502 -27.3234 -11.29602 -2.69728 -205.22485 1.5102 -0.06797
-67.32706 -1.61497 0.24044 -4.51777 -26.529 -10.45239 -2.12804 -208.4962 -0.35386 -0.40479
-66.10447 -1.31439 0.77147 -3.39885 -28.9365 -10.5958 -2.00251 -210.73643 -1.40834 0.42332
-62.44574 0.15661 -0.09088 -3.31864 -29.18747 -12.07519 -2.06192 -213.57132 0.60961 0.88569
-61.88528 -0.8165 1.29134 -2.89629 -28.69686 -9.31113 -2.11312 -216.78062 -0.2268 1.64404
-59.20632 -2.6495 -0.47539 -4.00817 -28.21414 -5.94519 -2.59252 -217.95436 -0.23367 0.8477
-56.381 -0.89105 0.29726 -5.55054 -25.7241 -9.7008 -1.85273 -218.81354 -0.53836 0.23434
-56.18975 -1.64283 -0.60506 -6.30997 -26.57826 -7.64059 -3.50474 -219.06567 0.40575 -0.90198
-57.85346 0.58335 -0.33049 -4.91969 -25.95301 -8.02163 -4.59196 -215.86177 -1.1698 -1.59282
-57.6683 1.11343 -0.45731 -4.62321 -26.5456 -10.81434 -5.27841 -214.47636 0.4997 -2.62429
-56.29214 -0.7535 -0.60185 -3.88667 -24.9239 -10.00435 -4.21626 -214.58035 -0.05207 -1.98045
-56.12737 -1.8188 0.04896 -4.43579 -24.45396 -7.59498 -4.99584 -215.57826 0.47378 -1.4588
-55.33184 -1.47141 0.09611 -3.23233 -21.84154 -9.5588 -3.2267 -213.94623 -0.0916 -2.22648
-55.68411 -3.59914 1.06847 -2.79493 -20.57159 -8.68689 -1.34306 -213.03592 -0.48623 -1.49863
-56.40233 -1.8188 -0.37015 -3.64392 -20.08609 -7.88593 -1.97864 -213.08989 -1.38902 0.07996
-57.57029 -1.30324 -2.17045 -3.02244 -22.11263 -8.76163 -2.23896 -210.46983 -0.39317 0.39307
-54.56677 -0.33892 0.07184 -1.75745 -24.01466 -6.95997 -1.61293 -207.18893 -0.61824 1.89368
-54.27239 1.33017 0.68695 -0.13816 -24.65137 -5.89318 -0.8134 -204.66238 -0.21576 1.09602
-53.42407 1.26659 1.38119 -0.14542 -23.64168 -5.06682 -1.67635 -203.26115 0.55409 1.1527
-51.35841 1.5836 0.00241 -0.31808 -21.83045 -5.3924 -2.69788 -203.00479 1.01097 -0.0708
-49.48761 0.21992 0.66265 -0.33353 -22.34065 -6.92983 -3.60473 -202.06363 0.14331 0.0032
-46.95845 -0.34479 0.39247 -0.89717 -21.65022 -7.15882 -3.55247 -200.85577 1.14233 0.40962
-44.37049 0.68581 -0.29243 -2.96559 -20.5036 -6.65872 -5.6347 -199.05777 -0.76271 0.5471
-45.00478 1.60581 1.84742 -3.04444 -20.98335 -7.54673 -3.76288 -198.05605 0.36637 -1.04232
-45.60341 0.1108 0.0088 -1.35767 -20.25654 -5.83404 -2.81641 -194.33279 -1.15696 -0.82928
-44.39832 -1.61033 0.5732 -2.99151 -18.92363 -7.82921 -1.33559 -192.11743 0.20859 -0.78846
-44.76754 -0.69871 1.00468 -2.61844 -19.38662 -6.64081 -1.25795 -189.75331 1.25938 1.03891
-43.85944 -1.44429 0.5795 -3.39712 -17.83835 -7.10919 -1.55654 -186.61642 0.81583 0.12904
-42.70572 -2.16756 0.95996 -2.40256 -19.84438 -5.3276 -1.81087 -183.55969 1.76701 -0.09627
-42.06384 -3.15534 -0.82646 -1.47218 -18.12781 -5.59795 -1.1769 -180.30623 -0.61462 1.22064
-41.05225 -1.56847 0.1935 0.56108 -17.86248 -5.89172 -1.42752 -177.46893 -0.28474 -0.44642
-40.90413 -2.74845 1.74928 -0.55422 -18.52145 -4.28082 -1.90598 -175.80251 -0.29844 -0.00581
-38.03247 -1.94852 1.92947 -0.9422 -19.08739 -6.00205 -1.60341 -172.6425 -1.69739 -0.46205
-36.76627 -3.37259 -0.81544 -2.26975 -17.92 -6.91689 -0.92966 -169.35344 -1.01915 0.34547
-36.37302 -2.35492 -0.3581 -1.86642 -16.13445 -3.4118 -1.03575 -166.81477 -0.13799 0.32789
-36.52344 -1.20276 1.90695 -1.97256 -17.91775 -6.95825 -1.56166 -164.33101 -0.1648 1.65139
-34.87154 0.76124 0.40202 -0.41326 -16.08443 -4.93522 -1.08285 -160.65407 -0.41246 0.90713
-34.28837 1.51491 0.49321 0.88546 -17.14454 -4.89442 -2.19178 -156.78957 0.04144 2.08219
-33.53233 0.50287 -1.3059 0.70401 -15.32937 -4.23986 -1.46821 -152.52478 -1.59593 2.36433
-33.06964 0.87727 0.36377 0.44363 -14.83582 -5.66871 -2.62962 -148.31731 -0.11644 4.24602
-30.83654 1.76757 -1.16677 -0.45142 -14.35698 -3.105 -3.32629 -144.83665 0.12529 4.98486
-29.64889 2.14016 -1.02851 -0.56018 -13.64532 -4.55102 -3.50447 -142.48361 0.95777 3.14387
-29.3548 0.50721 1.78569 0.47122 -15.81593 -4.00572 -3.51142 -139.58826 -0.14244 2.58017
-28.94248 -1.46434 -0.32994 -0.12629 -14.59082 -2.94151 -5.66121 -138.00667 -0.18057 2.89949
-27.24537 -2.21002 -0.14837 -0.49038 -13.88903 -3.80603 -4.09105 -136.76262 -0.10893 2.02585
-23.99589 -1.90393 0.32001 -2.05187 -13.7136 -3.81878 -4.47434 -133.91185 0.80309 1.33189
-25.49766 -1.74102 -0.47252 -3.8449 -13.13287 -6.08276 -6.5571 -130.89748 0.86605 0.87908
-26.94148 -1.81057 -0.82745 -2.80601 -11.07195 -6.12909 -5.3105 -128.36652 -0.31254 0.51818
-28.36 -0.74291 0.03488 -5.11509 -11.20588 -5.04528 -4.72314 -124.17951 1.74464 0.56691
-30.76314 0.13947 -2.07175 -4.593 -12.35805 -3.88707 -3.79965 -120.84057 -1.15784 1.59104
-32.52662 0.7067 -1.2688 -5.49481 -10.20607 -7.36649 -3.87529 -119.40281 -0.64729 1.78074
-32.33794 1.20564 -1.47487 -5.84587 -11.89394 -5.69517 -4.30169 -115.91036 0.47007 0.168
-32.068 -0.10119 -0.63907 -5.65456 -12.81608 -4.51832 -0.67362 -114.09235 0.88714 -1.75969
-31.12677 1.90153 0.75194 -3.97927 -12.15983 -6.14602 -1.37895 -114.3949 1.406 -1.05036
-29.92172 1.11293 0.66254 -4.94249 -11.34671 -6.26624 -2.77022 -112.81049 -0.43803 -2.76097
-28.25801 1.77408 1.04631 -2.8115 -12.43493 -6.62288 -0.95302 -112.68243 -2.25531 -2.30569
-28.55928 1.22714 0.92671 -3.03328 -12.223 -4.7162 -1.47377 -109.23486 -1.12318 0.2681
-27.98598 0.21103 -0.42139 -2.0477 -12.86017 -4.54332 -0.54435 -107.21867 1.1878 3.99163
-27.1381 -1.21939 -0.82249 -1.48167 -12.31701 -3.90822 -1.47831 -106.26247 -0.42964 3.13426
-25.73367 1.043 1.35933 -3.03026 -12.03911 -4.41671 -1.79601 -103.86175 -0.55542 1.8927
-23.7811 -0.97267 0.21822 -1.57339 -13.20202 -6.02623 -0.1332 -101.90173 -0.87031 1.18959
-23.54317 0.60818 -0.74481 -1.53042 -12.74936 -3.44239 0.33842 -101.11037 0.86629 -0.51853
-23.9971 0.79098 -0.09978 -3.07934 -12.00465 -3.5063 -0.44476 -99.18138 0.04072 -0.06381
-21.13101 2.52182 0.49743 -3.99529 -11.68054 -4.79611 0.96245 -97.86938 -0.85711 0.74204
-20.74535 1.96438 0.535 -3.71501 -10.92377 -3.28259 -0.31404 -97.47757 0.03385 1.55774
-20.73987 1.29559 -1.2838 -3.06114 -9.88644 -4.69677 0.43997 -95.83056 -2.29515 2.658
-19.86591 1.08996 -0.13004 -2.84731 -9.10482 -3.96295 -0.37658 -94.50689 -0.14357 2.49242
-17.58846 2.7427 -1.55892 -1.44454 -8.75712 -4.24376 -0.82713 -93.42584 -2.45803 2.61232
-18.5907 1.37963 -0.83578 -2.1753 -11.21546 -4.53382 -2.00813 -90.089 1.64612 2.83032
-18.4055 -0.92773 -0.08827 -2.85301 -10.78066 -3.12395 -2.72608 -89.70287 -0.67633 2.891
-18.75346 -0.25089 -0.81419 -1.56701 -7.06962 -1.70259 -3.08287 -88.31338 1.99232 2.4176
-18.16839 0.02967 -0.90792 -2.63806 -7.48363 -4.45856 -3.35938 -85.46341 -1.60309 3.19063
-17.1796 -0.04939 -1.08382 -2.62105 -7.47421 -4.75741 -2.63332 -84.25946 0.80643 2.19815
-16.65086 -0.54791 -0.2881 -3.28365 -8.44606 -2.59781 -3.7203 -81.84863 0.09689 1.88346
-16.90685 -1.74692 -0.58806 -4.46308 -9.80201 -2.9918 -2.79305 -79.51311 -0.12088 1.40152
-16.27268 -1.94687 1.3175 -4.37522 -5.82573 -3.78938 -3.43655 -79.59563 0.54391 2.59376
-16.49726 -0.52515 -1.96053 -4.27431 -4.7507 -2.30007 -2.11803 -78.62156 -0.09415 1.077
-17.15788 -0.91005 -1.54571 -5.52139 -6.01089 -3.81951 -2.52772 -75.60505 0.40127 -0.22646
-16.90256 0.18811 -1.50335 -5.26463 -8.54672 -4.49445 -2.91439 -74.56091 -0.24513 -0.03414
-17.136 -1.20894 -1.20868 -2.66095 -7.75592 -2.78476 -2.28605 -72.63875 0.93616 2.43642
-18.59772 -0.99296 0.62321 -2.01849 -6.80867 -2.83345 -3.72969 -70.11149 -0.09306 4.16813
-20.04198 -1.27203 -0.29519 -1.70986 -5.1473 -2.27863 -3.0019 -68.49581 -0.2953 3.09633
-21.21873 0.17591 -1.0004 -3.77898 -4.6733 -3.74021 -4.21577 -69.56058 -0.05164 1.96139
-21.60625 1.03762 -0.10571 -5.51952 -6.14518 -5.08799 -4.15365 -68.0302 -1.67318 2.18417
-20.99582 1.19253 0.26622 -4.13048 -6.34507 -3.51706 -3.88243 -67.85004 0.55801 2.0924
-22.42065 0.09595 -0.2523 -5.11821 -8.40069 -2.33418 -3.8162 -68.51352 -1.54615 0.40916
-22.75655 0.26328 0.00648 -4.72142 -9.89298 -4.25999 -2.8512 -66.55446 -1.54329 0.68411
-24.39347 1.47344 -1.53515 -4.87929 -10.39484 -3.58282 -2.72596 -69.55766 -1.28247 0.41774
-25.69016 1.51729 -0.5356 -6.50692 -10.69412 -2.99455 -2.52833 -70.54688 -0.11369 1.27512
-25.08774 0.66585 -0.09157 -5.62223 -11.39263 -4.88653 -2.75588 -72.66435 -0.99049 1.4136
-27.09364 0.99085 0.78569 -4.54597 -12.16273 -4.99079 -1.98734 -73.26032 -1.11113 0.52607
-26.75166 0.10475 0.16349 -3.88195 -11.99313 -3.12335 -0.45254 -77.45729 -0.59592 1.5848
-28.40412 -0.82921 1.20127 -3.12483 -13.26392 -4.39279 1.2963 -77.83618 2.20631 0.86806
-28.79805 -0.03781 -1.37337 -1.76631 -11.59581 -5.56572 0.65926 -80.13142 0.77534 0.60876
-28.2021 -0.15693 0.36106 -2.55034 -12.45276 -5.42836 -0.25813 -82.82587 -1.12293 0.54484
-25.08673 -0.76273 1.64159 -1.41646 -11.97206 -4.19432 -0.23867 -85.0171 0.90971 1.96374
-25.6976 0.03767 0.76966 -0.86107 -11.79979 -4.51086 1.3631 -87.13092 1.53508 1.56806
-24.59512 0.66111 -0.8122 -0.63355 -14.10077 -3.75642 0.67557 -87.12797 1.16712 1.80122
-22.14191 -1.4914 -0.51872 -1.45685 -12.40357 -4.29301 1.51274 -86.37476 0.20702 2.23111
-21.85576 -2.08893 0.71174 -1.48121 -10.67159 -3.00336 2.99265 -88.15034 1.11979 2.68403
