1.40028 0.91607 13.7611 -1.26936 0.77782 4.99124 1.91155 1.13934 3.93356 1.69297
0.52752 1.23256 12.91121 0.00127 -0.84339 4.65685 2.2333 -0.80223 3.07825 0.59498
0.13226 2.56172 12.94321 0.44478 -0.93196 3.65146 0.59157 -0.59573 2.57626 0.8054
1.04727 2.66786 11.16271 0.57137 0.1881 3.41615 3.57366 -0.01566 3.64896 0.79277
-0.51282 3.53073 11.60516 -0.29438 1.254 4.31781 0.01947 0.2755 1.18966 -0.73448
0.11883 1.52037 10.92745 -1.09998 0.46382 2.97541 2.1162 -2.01686 1.70381 0.17567
0.02811 0.09864 10.00927 -0.22511 -1.47535 3.4743 2.60355 -1.88513 -0.42279 0.41164
-1.2152 0.26823 9.89761 0.30241 -2.62565 2.93272 2.75912 -1.83782 1.1725 -0.88756
0.17285 1.06603 8.03143 0.12654 -1.00158 2.10566 1.00092 -2.28603 0.80011 -0.97196
-3.54856 -0.14525 6.19793 -1.51906 -0.26708 3.48769 1.09624 -3.40111 0.60941 0.66506
-1.67849 0.5125 5.40247 0.25391 0.18232 2.21765 0.1581 -2.5911 -0.01575 0.1659
-0.40028 0.60217 4.81729 0.18892 -0.10242 2.20053 -0.15246 -1.18671 -1.2976 1.75403
-1.01506 -0.36762 5.19497 1.48922 -1.03838 0.64999 0.39558 -0.58735 2.46277 1.22304
0.52043 -0.72971 3.92241 -0.42812 -2.09782 1.53488 0.87207 0.20172 0.56605 2.03173
-0.55806 -1.19898 2.17468 1.05809 -0.38928 1.7791 1.33074 -0.64901 0.85019 1.46323
-0.35613 0.27713 0.6925 -0.47347 0.44549 1.39403 2.3139 -0.90003 -0.10568 0.68425
-0.79132 1.3512 0.34242 0.83374 0.03037 -0.11341 0.56827 -0.94158 1.13259 0.50327
-0.21019 0.4724 -0.29134 0.6823 -0.06841 0.96122 0.2735 -0.38004 0.61066 0.20998
0.27433 0.70273 -0.81459 1.47995 -2.73401 0.04126 -0.27993 -0.78603 0.26542 0.3863
-1.54428 1.79795 -0.95829 0.4694 -1.06784 -0.49324 0.70718 -1.57895 -0.04376 0.5556
0.26686 2.10385 -1.05883 1.25321 -0.5723 0.0455 0.413 -0.34367 -1.03338 0.56917
-0.62071 3.2005 -0.58943 0.16663 -2.08634 -1.78339 -0.88527 -0.04615 0.2347 1.19385
-0.24487 2.05822 -1.86742 -1.62279 -0.21785 -1.03601 -0.20084 -0.60751 -0.49417 -1.73141
0.00025 1.50062 -3.42882 0.03984 0.4442 -1.19212 -1.02096 -0.00495 -0.01421 -1.56137
-0.84141 1.71663 -2.82676 -0.67353 -0.23449 0.67576 0.35249 1.05516 -1.71976 -0.53855
-1.25306 1.53029 -2.31043 0.36723 0.46162 1.15145 -0.50221 -0.28805 -1.15165 -0.88822
-0.41934 1.48772 -1.73469 0.26159 -0.57043 -0.17322 -0.06274 0.8413 -1.55803 0.0863
0.49997 -0.35639 -3.29768 1.41359 -0.34401 -0.73982 -0.53977 1.13064 -2.54514 -0.7742
-0.35533 0.57268 -2.57416 0.49713 -0.48218 0.37574 0.79884 0.95888 -1.10671 0.69473
1.17761 -0.31954 -1.32266 0.36981 0.04512 -1.83435 -0.63919 1.20174 -0.64602 0.5386
0.35647 0.38185 0.36733 -0.14137 -0.67878 -2.09373 -0.91717 -0.27019 -1.18595 0.48104
1.68955 1.21551 -0.03168 -2.50881 0.41603 -1.47681 -0.34251 -0.41873 -1.56218 0.89523
0.58621 -0.25479 1.73937 -0.69673 -0.54595 -1.78434 -0.35759 -1.04132 -0.73837 0.21482
-0.95303 0.10412 3.79401 -0.2094 1.10913 -1.38625 1.5195 -2.32205 -2.20675 -0.41971
0.06606 0.05586 3.02177 -0.41677 1.17722 0.46086 0.07976 -2.81877 -1.33303 -0.44011
-0.45988 2.3141 2.44394 -0.45938 -2.16155 3.05852 -2.3169 -5.17804 -0.60512 1.63652
0.36154 0.47323 1.32486 -1.29938 -2.1536 -0.33022 -0.42372 -4.49416 -0.42485 -1.48427
0.00383 1.05538 1.66227 1.78122 -3.03081 1.17724 0.50342 -2.83777 -0.1032 -0.82699
-1.06448 0.9903 1.90755 0.25947 -2.30288 0.56529 -0.53134 -1.95702 1.30988 0.43829
-1.04007 0.13274 2.72447 -2.58346 -1.14325 -1.0002 0.53035 -0.73235 1.82183 -0.12646
-0.47637 2.19537 1.49716 -1.78223 -0.68264 -1.5373 -1.03429 -1.00628 1.5123 -0.22211
-1.90646 2.58775 2.62649 -1.43389 -0.85334 -1.51783 -1.75981 -1.37775 1.06348 0.60612
-1.95433 1.15376 1.9322 -0.26941 -0.45487 -0.93555 -1.33389 -0.94128 -0.1374 -0.7014
-2.40765 -0.1428 1.97053 -1.41381 0.47195 -1.0905 -1.73177 -1.80995 -0.63684 -1.3396
-0.62192 0.03537 3.83894 0.97243 1.75843 0.25924 -0.32944 -2.92327 -0.81073 -0.42643
0.17764 -0.40538 4.91374 -1.12916 2.48405 0.52824 -0.55483 -1.09208 0.42901 0.05775
0.01248 -0.61347 5.52041 0.01284 0.23632 1.2374 1.1202 -0.579 0.16773 -0.3216
0.03954 -1.57635 5.08548 0.61664 1.20554 2.55258 -1.31338 -0.55938 -2.11917 -0.36298
1.47887 -2.26276 2.7447 -0.15249 -0.95674 2.77694 -0.61405 0.66928 0.64572 2.44911
2.51581 -1.98515 0.72577 0.08283 -0.81151 0.97952 0.42097 1.83123 2.0132 0.99301
0.23036 0.39952 0.39829 -0.02728 0.28231 1.66223 0.80205 2.00934 -0.98274 -1.29135
1.32754 0.1368 0.86287 0.07846 0.43114 1.3248 0.00753 2.12564 0.14526 -1.27323
-0.6313 0.55144 0.3804 -0.02268 2.43781 -0.05264 -0.77819 2.53105 -0.00634 -0.91402
-0.22118 0.81777 -0.73495 -0.13331 3.05381 0.83712 1.21156 1.81794 0.95285 -0.64477
1.64693 -0.90534 -0.8679 0.28776 1.90834 0.53732 -1.35495 1.54383 -0.09151 -1.28211
-0.12059 -0.27481 0.4434 -0.13041 0.25857 0.68009 1.43237 -0.52264 0.59725 1.31487
-0.45367 0.20607 3.60304 -0.68916 0.07573 -0.30155 2.10223 1.17452 0.23665 -0.09973
0.79422 -0.27906 4.2991 0.13521 -0.29911 2.08173 0.82461 1.14596 0.85296 -0.63919
0.21656 2.60886 4.13784 0.57024 0.44726 0.65337 -0.2256 0.95432 0.80467 0.5737
0.98478 2.49008 3.16888 0.73763 1.24667 1.51536 -1.25631 1.18062 1.32653 0.94491
1.57135 0.71006 4.55384 0.25017 0.21765 1.83802 1.78622 0.85058 1.41018 0.13361
1.20394 -0.84318 4.11758 0.5792 1.06824 0.84109 -0.45551 1.6296 1.6951 -1.69596
0.52705 0.74097 5.69977 1.26449 1.55362 -0.62876 1.62686 1.58572 1.93012 1.11268
1.22365 -0.54612 5.85773 -0.7577 -0.75475 0.91793 -1.03564 0.49679 0.53057 1.79088
0.3713 0.51915 5.01547 0.45397 -1.43654 2.75611 2.2945 -0.44849 0.81739 1.73307
-0.34233 0.33304 8.01137 2.24703 -0.48377 1.68832 -0.0936 0.60329 -0.41149 0.94347
-0.14937 -0.5313 9.29891 1.04663 -0.40824 2.41763 1.30779 0.5069 0.69907 -0.10629
-0.09676 0.44963 8.88681 -1.24176 0.86649 2.93163 1.87413 0.22961 3.59775 -0.10896
1.46182 1.82042 9.97631 -1.80235 0.63842 3.36805 0.13682 0.34276 4.2678 1.12557
0.1876 0.56428 9.95952 -1.47158 0.15121 3.02173 2.49843 0.22889 3.21085 0.97007
0.05662 0.27128 11.08658 -1.85698 -1.53408 4.48279 -0.05064 0.26851 3.59893 -0.9969
-0.64832 0.60687 8.98563 -0.9144 -0.12486 3.51206 0.27114 2.27298 3.2074 0.78648
0.42057 0.45607 9.11832 -1.23413 0.44617 3.02582 1.60984 1.85027 0.58646 -1.18296
0.90762 1.79124 10.25336 -0.63165 0.16377 3.13803 1.56884 0.39601 2.55249 0.44257
2.03785 1.09844 9.95538 -0.19383 0.26095 3.91131 0.76334 0.94961 1.52724 0.70245
0.45921 1.27285 7.92143 0.09202 0.61238 3.44735 3.33644 -0.33877 1.48714 0.1898
1.31597 0.03922 8.03478 1.17295 -0.19602 3.35535 2.1025 -1.2616 2.64395 0.26411
-0.15601 0.16864 7.9602 1.6824 0.59615 4.15565 2.06106 -1.45422 0.60476 1.1796
-0.78118 0.49976 8.66409 1.12085 0.84712 3.7326 2.58295 -1.27339 1.03171 1.36199
0.71365 2.04464 8.34436 1.17773 0.80405 3.00731 -0.9219 -1.27881 2.94725 -0.46041
-0.75056 1.24779 6.95427 1.84129 1.44212 4.13235 2.91227 -0.89546 3.2099 0.34132
0.75207 2.93276 6.79971 -1.27109 0.67806 2.19272 2.86399 -1.04431 1.79268 -0.07073
-0.39161 4.09513 5.01764 -0.65015 0.99851 1.80026 1.60277 -1.21944 2.44897 0.06976
-1.54875 2.37636 3.86856 -1.35931 0.06822 1.62479 2.00406 -2.53284 0.35754 2.61965
-1.6853 3.68969 3.5648 0.56805 -0.09083 1.5365 2.97593 -4.55808 1.58458 0.18559
-1.16693 2.02337 3.42581 0.07797 -0.78486 0.59935 -0.20394 -4.88976 2.36237 -0.20807
0.34134 0.4918 1.24646 -0.76114 -1.15754 -0.11342 0.44566 -5.75105 1.25509 -0.4359
0.37696 0.3907 1.31473 1.07085 -2.80326 1.01164 0.90707 -4.61626 0.90404 -0.20873
-1.81798 1.23745 0.72384 1.86202 -1.74492 -0.46587 -0.3104 -4.78455 1.31807 0.95931
-0.34468 0.33319 -0.42373 0.75673 0.79963 0.01148 1.34045 -3.50842 -0.03979 0.27991
-1.64118 -0.17842 -2.84873 -0.47918 0.89597 -0.51925 1.65175 -2.9195 -0.88468 -1.20319
-1.58051 -0.19176 -5.55284 -0.38189 -0.51112 0.30855 0.49354 -2.48842 1.06964 -1.25327
0.02504 0.40359 -6.37737 0.09341 -1.77866 -1.76873 -0.38872 -1.75841 0.05908 1.69439
0.244 0.17602 -7.05202 -0.77093 -0.34743 -2.22417 -1.02703 -3.07236 -0.9763 -0.41855
0.11192 0.18206 -7.51603 -0.08815 0.06223 -2.23926 -1.16236 -2.17201 -0.54584 -3.08933
-1.73784 -0.54549 -7.88578 2.05265 -0.46297 -0.62306 -0.21393 -2.28738 0.05087 -0.61716
-1.01578 -0.83513 -7.26605 -0.07416 -0.09212 -2.23745 -2.10601 -1.33803 -0.19062 1.17466
-0.9898 -1.16533 -7.09811 -1.07951 -2.85897 -3.37829 0.54897 -2.59898 -1.15961 -0.81421
-1.33294 -0.21619 -6.75346 0.98361 -3.63456 -3.11862 -1.17344 -1.98737 -2.2091 -1.21777
-2.58462 1.91465 -4.99053 -0.82048 -2.62283 -2.3774 -1.62053 -1.99829 -1.03643 2.36708
0.24417 0.85755 -5.21327 -0.74765 -1.03945 -1.12964 -1.55133 -0.24325 0.01683 0.44661
-0.82313 0.31447 -4.45419 -0.89953 -1.61016 -0.71647 -0.81708 0.21497 -0.34034 -0.26067
0.05097 0.32696 -3.80427 -0.00463 0.12978 -3.85047 -1.51366 1.37254 -0.22694 -0.83214
1.6046 0.97463 -2.35472 0.68092 0.38676 -0.06666 0.1852 1.36019 -1.08136 -0.28953
3.0257 1.5811 -3.57176 -0.88554 0.00088 0.4503 -0.08475 2.37836 -0.92396 -2.18243
2.36792 2.39311 -2.94974 -0.99173 0.48171 0.14973 1.43171 1.93687 0.04636 -1.01351
1.16619 -1.23236 -2.0865 -0.70143 0.64915 0.00469 0.12131 1.42205 0.78909 1.3652
-1.34478 -1.80646 -2.31978 0.13167 -0.9981 -1.29874 -0.91151 1.57237 1.24292 0.0678
0.95746 -1.12441 -1.62578 1.25486 1.44601 -0.91166 -0.992 0.28107 0.05392 1.01944
1.11999 -0.08011 -1.20941 0.86615 0.55439 0.18184 -0.46221 -0.01581 -0.3809 0.80892
0.52601 1.33455 -2.01897 -0.3265 -0.17851 2.42689 0.10335 0.42936 -0.36481 2.13111
0.65213 0.76282 -0.31124 0.52404 -0.55173 0.88074 1.02874 -0.16168 1.05271 -0.12127
-0.26746 0.0712 0.5269 -1.78894 0.09336 -1.43674 0.44388 -0.51766 0.31576 0.24522
0.63626 -0.01689 0.59636 -1.08248 -1.42804 1.09913 -1.27379 -0.71958 -2.38579 0.93657
0.21349 0.2141 1.8044 -1.40669 -0.30447 0.70017 0.07024 -2.05191 -0.12265 -1.68762
0.71653 -0.55309 0.14337 0.57443 -1.82057 0.96861 0.53475 -1.60197 2.56478 0.87709
-1.33247 -1.12173 1.74323 0.90486 -1.34986 0.76897 -1.10419 -2.60027 2.23762 0.35469
0.0832 0.86297 2.03305 -0.43362 -1.73549 1.62095 0.91327 -2.0427 0.46658 -0.15889
-1.53529 1.81077 0.88254 0.62774 -0.15148 2.59983 0.21411 -2.38053 1.41421 -0.02648
0.40939 2.09221 1.62166 0.93332 -1.79471 1.24796 -0.51953 -1.71918 0.51857 -2.61561
0.21409 1.79008 0.17188 -2.08585 0.99013 0.00888 1.10895 -0.72777 0.06635 0.39875
-0.38188 1.56447 0.89145 -1.30818 0.55125 0.77625 -0.06121 -0.64141 0.45515 -0.51259
0.20626 1.85336 0.73609 -1.79719 -1.67187 0.87193 1.04837 -0.17634 -0.61684 1.98229
-0.99313 1.45296 1.37004 -1.35835 -0.65042 -1.55834 0.50735 0.28699 1.51856 -1.25897
-0.15678 2.14613 0.38789 0.84748 0.29149 0.44024 -0.88416 0.39811 0.02534 0.43376
0.68813 0.09307 -0.01905 -0.64662 0.73875 -0.45118 0.4315 0.53429 0.41328 -1.96
-0.14595 1.06936 -0.90485 -1.71434 -0.64706 0.94248 1.0524 0.98303 1.06364 0.23246
0.2007 -0.24403 -0.32416 -0.47412 -2.24715 0.21712 -1.54132 2.15006 0.18497 0.47351
-0.60919 -0.62512 -1.71734 -1.37319 -0.27178 -0.85759 1.42671 2.09932 0.59912 0.89106
-0.00301 1.84533 -1.40907 0.36026 1.61079 -0.53649 -0.63002 1.08493 1.22588 -0.65585
-0.8177 1.15884 -0.65059 0.4872 -0.41219 1.22407 -1.74764 0.27201 -0.26453 -0.39286
-0.67104 0.87002 1.41288 -0.15613 0.35002 -0.63683 0.3489 0.16788 0.51931 -0.34898
-0.33569 0.91898 0.93422 -0.01309 -0.01805 -0.08483 1.01206 -2.19955 0.35355 -0.54985
-0.07975 0.01686 0.77973 0.03394 -0.10405 -0.49879 -1.09574 0.08247 -0.26721 0.02454
-0.14733 -0.94855 -0.05041 0.88355 0.04498 1.10095 -0.38475 -1.35442 -1.28747 -2.08175
0.33902 -1.05964 0.67709 1.2231 -0.96452 -0.01424 -0.13975 -0.8507 -0.44078 -0.85609
-1.4172 0.04099 -0.25116 1.20584 -1.13539 1.56752 2.21736 -2.15008 1.50846 -0.25871
0.48355 0.11641 1.25874 0.41853 -1.31197 0.24227 -0.17494 0.71306 1.53645 -0.02675
-0.23436 -0.49716 1.09165 -0.11439 -0.91582 -1.93739 0.81732 -0.52012 -0.20038 2.55744
0.76001 -2.7171 0.65157 -0.21717 0.49521 1.18733 0.24894 -1.04208 0.09421 1.08002
0.6975 0.28699 0.41369 0.7503 -0.81994 0.41603 -0.62321 -1.03353 -0.27687 -0.55037
-0.48882 1.66809 -0.26809 1.16472 -0.80261 -0.99332 1.98256 -0.30241 -0.88217 0.48638
1.61779 0.63487 0.2812 0.95369 -0.99452 1.54849 0.48219 -1.60185 -0.98929 -0.66196
-1.90457 0.19659 0.48777 -0.38251 1.3111 1.06268 -2.59539 -0.43074 -0.79837 1.15598
0.00098 -0.34817 0.12864 -0.12234 1.75099 0.3543 1.76063 -0.16929 0.61529 1.30418
-2.27109 -1.08508 -0.07957 0.92678 0.35177 0.1771 -0.49449 -0.02869 0.61764 0.68858
-1.62443 0.7186 -0.40401 -1.04665 0.63461 1.25909 0.99028 0.12401 0.44168 0.70464
-2.08471 0.91449 1.1971 0.05108 -0.01084 -1.47688 -1.70224 -0.82344 -0.32652 0.17592
0.41336 1.5781 1.3483 -0.64908 -0.20714 -0.43367 0.65768 -0.74013 0.00653 1.4223
1.83334 1.49307 1.71808 2.01597 0.22281 -0.45835 -0.14425 -1.42586 -0.59519 -0.64024
0.12963 0.2855 1.30803 0.63192 -1.02361 -0.35979 0.14655 -1.87131 -0.45791 1.09047
-0.25657 -0.33875 0.61874 -1.87379 -1.1047 -0.35479 0.88932 -2.5164 0.31896 0.1053
-0.61723 1.55773 -0.32895 -2.05995 -2.62162 0.58798 -0.29276 -0.55685 0.23751 -0.47934
-0.69338 1.49012 -1.1965 -0.54799 -1.81737 3.26027 -0.57871 -1.10668 -0.36225 0.76715
0.12432 0.38186 -1.89948 -0.91007 -1.66075 0.00833 -1.5296 -0.38368 1.73658 -0.72708
0.02773 0.89749 -3.0196 -0.6232 -0.90856 -1.69296 -0.13431 -1.28371 1.87339 -1.60331
0.96779 1.64682 -3.95824 -1.01847 -0.99268 -0.53675 0.6459 -2.45014 0.27788 -1.25884
-2.4343 0.56151 -2.25546 -0.24302 0.27091 -0.70483 0.95973 -1.14512 -0.17701 -0.69698
-0.35375 0.18452 -2.33693 -0.75016 -0.70339 0.68176 0.13355 -1.43527 -1.71534 0.38184
-0.54165 0.23729 -3.08334 0.51448 -3.54175 -0.95791 0.01966 -1.95537 -1.02889 0.88826
-0.85694 1.20471 -3.53751 -0.71804 -1.76396 -0.144 -1.88392 -1.26314 0.30699 0.25988
-1.10527 0.01487 -4.26699 -0.48309 -0.54383 0.72358 -1.55181 -0.31399 -0.32336 0.6559
-2.92056 0.79205 -5.75285 0.24645 -0.68962 -1.5406 -0.83031 0.19588 -0.00206 -0.02466
-1.58059 0.53915 -7.10777 -1.551 -0.67185 0.74045 0.32745 -0.64214 -2.40174 -2.97808
-0.62639 -1.63381 -7.11961 -1.22861 -1.73177 0.13123 -2.6136 -0.977 -1.46241 -0.64255
1.58481 -0.79596 -6.92458 0.09041 -1.02382 0.66547 1.08347 -2.9896 -0.68498 -1.2461
-0.30671 1.35477 -4.46633 -0.36844 0.7579 0.72869 -0.70372 -2.4644 -0.83605 -2.04789
1.47722 1.02756 -4.84478 -0.74924 0.86361 -1.35676 1.14113 -3.18719 0.65721 1.43687
-0.62591 0.20367 -3.60972 0.55287 0.85809 -2.76029 0.44382 -3.88115 -1.53207 0.77723
-0.78856 0.65009 -3.34908 -0.54143 0.23906 -2.61395 0.14072 -4.8127 -2.97889 0.81455
-1.28865 -0.14533 -4.18069 1.23835 -1.35612 -2.25761 -2.62502 -4.50905 -2.76765 -0.77977
-0.3499 1.97023 -4.62687 -0.6247 -0.92315 -0.28854 -1.81083 -2.28717 0.31459 0.44431
1.27557 0.26035 -3.27339 -1.0745 -1.2651 -2.41939 -1.82544 -2.5952 -0.13985 -1.62889
-0.05496 -0.73875 -3.47565 1.15663 -2.32835 -0.32828 -1.63876 -1.52245 -1.3571 -0.25183
-2.01586 0.65265 -5.46668 2.28103 -2.03959 -2.088 -3.05786 -0.69309 -0.73914 1.10327
1.21827 -2.05294 -7.50199 0.11656 -0.61296 -1.45578 -0.48248 -0.24275 -1.19625 -0.10624
0.65225 -1.18079 -6.51182 0.71013 -3.57621 -0.72286 -1.0512 -1.07153 -0.71621 -1.42554
1.6359 0.33572 -6.06036 -0.95789 -0.12017 -1.99946 -0.40468 -0.83276 -0.61555 -1.46346
-0.19697 -0.28178 -4.07463 -0.94198 -0.70495 0.30482 0.78688 0.90797 -1.84294 0.0618
-0.33873 -1.33726 -2.41415 0.73382 -0.98436 -0.6438 -0.76553 -0.23599 0.21224 -1.59119
0.86734 -1.12656 -1.52954 -0.84571 0.04327 -0.34694 1.62419 -1.20858 -0.60099 -1.13257
2.03005 -0.38911 -1.12133 -0.04925 -1.99817 -0.85734 1.04379 -1.82142 2.81668 0.81586
-0.17269 0.81157 -0.00492 -1.66901 -4.05284 -2.1655 0.49061 -0.47524 -0.33493 1.4655
-1.04247 0.44621 0.67052 -1.11036 -0.63475 -2.65388 -1.19766 -0.84222 1.73208 0.91097
0.40155 1.43163 -0.05138 -1.15397 0.54259 -0.28416 -0.3519 -1.08944 -0.88831 0.47411
0.8336 2.71508 0.47621 0.55234 -1.07726 0.23254 0.08802 -0.99176 -2.30475 -2.49466
-0.7958 0.21325 -0.05118 2.05244 -0.3709 2.17018 0.43821 0.53093 -1.11959 -0.91514
-1.36653 -0.68533 0.84887 1.4301 1.77509 1.94618 1.30696 1.27689 0.45138 -1.47355
0.55765 -2.62909 -0.02561 0.32473 2.14483 0.99029 2.15174 1.77604 -2.38635 1.25808
0.02299 -1.30876 -1.57523 0.00368 -0.21719 0.3751 0.17695 1.0197 0.00761 0.95609
0.82864 0.71758 -1.28404 0.58041 0.52069 1.54608 -1.11269 2.20204 -0.10918 1.21969
1.74548 0.09408 0.26035 -0.59259 0.23553 0.27682 -0.63847 1.35951 -0.28827 1.06705
-0.85818 -0.55919 2.01581 1.55428 0.53521 0.95359 -0.87924 2.66019 -2.206 -0.19506
0.07309 0.41951 1.66871 0.56348 0.88359 0.31157 -0.11279 2.51908 -0.74872 -0.15605
0.63266 -0.33303 0.99216 -0.04607 1.24759 -1.75377 0.29517 4.41747 -0.34867 -0.07439
0.98336 -1.88863 -0.38211 0.57902 2.853 1.80026 -0.55213 5.0168 -1.71212 1.30021
0.49161 -1.20891 4.02608 1.62392 1.41678 -0.88838 -1.82891 4.66363 -0.69145 0.02158
0.10058 -0.584 5.95795 0.88194 1.72008 -0.94461 -0.60541 4.19416 -1.97042 0.75011
2.53887 -0.19003 7.02681 1.23099 1.42431 1.78511 0.82741 1.45627 -0.51006 -0.54457
-0.02041 -1.72883 8.69513 1.10072 -0.2599 2.12639 -0.64362 0.75503 -0.76681 -2.25305
2.23718 -1.58391 8.52837 0.72487 0.06818 1.86819 1.32122 0.67122 -1.55087 -1.47557
0.75452 0.61003 9.01856 0.82246 0.31376 2.06412 0.82588 0.82821 -0.2476 0.09825
-2.05141 0.53505 8.10111 -0.31103 1.67023 0.07908 1.31151 -0.09581 -2.11795 0.22721
-0.80821 -0.81084 7.6494 -0.47814 1.05825 2.66037 -0.46976 -1.10993 -0.4558 0.79295
-0.05317 -0.30545 5.77426 -0.40107 0.7742 3.85792 -1.28728 -1.86295 1.09736 -1.49583
0.18519 -1.53277 6.96251 0.68568 -0.16072 1.38823 -1.73691 -1.65087 0.71494 1.58771
0.04543 0.23869 7.99875 -1.26794 -0.04293 0.70656 2.62271 -1.147 -1.55191 1.11855
-1.9456 -0.4387 7.63881 0.43811 -1.48279 1.35861 0.73334 -1.0233 -0.20189 -0.44047
-0.26163 0.42827 8.06517 0.69614 -0.98969 1.37669 0.74958 -1.0176 -0.90209 1.1804
-0.43836 1.03121 8.26882 -0.88311 -1.54873 2.41057 -0.22695 -1.92106 0.56871 0.05705
-0.23871 1.92157 8.09287 -0.09285 -1.28151 4.6096 0.05928 -0.98904 0.61561 -1.29519
0.86734 2.0649 8.28171 -0.03864 -0.34501 2.59917 0.95808 -2.195 0.80192 -2.30395
-1.18647 0.95484 6.19892 -0.90038 -1.56345 2.96184 1.80834 -1.42004 0.28338 -0.95965
-0.5928 0.25644 4.97966 0.02123 -0.70767 2.78891 1.24255 -0.35357 1.0382 -2.09061
0.35451 -0.69176 4.00144 -0.16465 0.33378 3.68752 1.03919 -1.56389 0.99597 0.43127
0.03926 0.40114 3.34487 2.10375 0.30169 2.51086 0.10808 -0.43478 1.82047 0.56549
-1.3077 -0.02494 3.20035 1.95653 -0.79196 1.0762 0.83679 -0.65635 0.8899 -0.57983
-1.20288 -0.60414 3.62108 0.14824 -0.97167 -0.8389 2.31626 1.35176 -0.02375 -0.93822
1.47584 0.53645 2.17675 1.11589 0.49565 1.1767 1.97342 1.14713 -1.17198 0.2238
-0.96453 -0.71404 4.43498 -1.0192 1.5722 1.40177 1.92961 1.42949 -0.68678 1.083
-0.59033 -0.74808 5.16088 0.17294 1.81157 -1.51782 2.39319 0.82071 0.23182 -0.3048
0.40659 -0.36915 4.13773 0.97888 -0.02344 0.40222 1.16741 2.39909 -0.34601 -0.50908
-0.44125 1.37325 5.41136 1.03967 0.32777 2.03255 0.23245 2.35203 0.17857 -0.44399
-1.22663 0.10424 7.37694 0.88509 -0.13675 0.59485 0.25845 1.24946 2.38604 1.50218
0.88842 -0.8313 10.50262 0.51015 1.30665 1.08549 0.37179 1.00759 1.93073 0.08275
-1.1009 0.32964 10.95542 -1.26606 0.46169 1.57824 0.75051 2.019 -0.47429 -0.37604
0.33852 -0.92198 10.34898 -0.49456 1.48338 2.88393 -0.55721 3.59385 -1.43577 -0.34357
-1.82619 -0.72692 11.19725 -0.00765 0.18189 2.76315 -0.75139 2.19798 -0.10294 -0.41886
0.39727 -1.46393 11.51202 -0.247 -0.08702 3.04437 0.95951 1.43708 0.72908 -0.27697
1.66837 0.2685 11.62486 -1.58092 0.08563 4.61601 0.83011 1.28596 0.17692 1.31934
1.78488 -0.75904 11.73388 0.24387 -0.35537 3.43666 -1.08574 0.16141 1.82248 -0.07368
1.21335 -2.24375 12.23842 -0.14414 -0.3996 3.37439 2.22667 1.63345 1.42388 1.11873
1.17524 -0.84927 12.04115 0.50481 0.26592 4.39574 1.81729 1.2523 3.00109 -0.01282
0.02991 -0.23806 11.15081 0.84756 1.1097 4.15314 -0.46411 0.90104 3.42322 -0.67234
0.50548 -0.1908 11.29694 -0.20309 0.61097 5.6167 1.2814 1.57151 2.72223 -0.2868
-0.14702 -0.57468 8.93748 0.41252 0.38717 4.29604 1.49924 2.84127 0.38064 0.29165
-0.52937 0.019 9.15549 -0.45121 -0.92805 2.32842 2.05948 4.2737 0.33631 -0.58092
-1.34389 -1.97286 9.87653 -0.2503 1.19097 1.11325 2.78667 2.04364 -0.48039 1.22006
0.24603 -0.17304 10.74807 0.00365 0.42851 2.35676 1.70863 2.82087 0.51775 0.44845
-0.82624 0.90768 12.61086 1.08258 0.27475 3.30134 1.78426 1.34347 1.4703 1.66771
0.87822 1.29554 12.6754 0.09386 0.73021 4.18871 -1.49097 1.84034 2.21236 0.32228
1.51323 0.61373 12.61356 0.71605 -1.14805 3.40699 0.95724 5.40562 3.34245 1.16824
1.33741 0.18292 12.30845 0.20261 2.21222 4.57568 1.62608 5.78237 1.56252 0.14012
2.68646 -0.5973 11.91157 1.28309 2.03201 5.00526 1.53267 4.20077 2.43588 1.06261
1.62929 0.16164 12.09791 1.60407 1.94605 4.71583 3.19161 2.7345 2.83936 1.27369
1.02909 -0.67852 12.1719 -0.49251 2.06679 4.87646 0.7865 1.84445 1.83085 -0.96053
-0.00348 1.12808 13.36698 -0.95538 2.06362 4.89946 0.62374 2.12198 1.48226 1.59838
0.96867 0.58421 13.44663 -1.42879 1.2189 3.34208 2.54895 1.42049 0.97761 0.13518
1.36983 1.57577 12.8191 -1.55555 -0.26922 4.41052 0.58954 1.49394 2.28031 -2.08757
1.75103 1.62716 11.8392 0.30182 -0.78677 2.65103 2.53928 2.39702 2.42832 0.82147
1.15897 1.99999 12.42251 -0.7104 0.91585 3.0929 2.33977 1.29868 1.8212 0.64158
2.17865 -0.09095 10.81303 0.94973 2.02511 3.90531 3.40247 1.18105 1.62763 1.561
0.24003 0.63912 10.54363 0.66069 0.20741 4.60236 1.96518 0.45885 0.75472 1.42301
0.99163 0.94545 9.46023 2.20509 1.8616 4.87919 3.61537 1.67469 1.26959 1.47229
2.3367 -0.10397 8.62244 -0.67395 2.01771 5.34869 2.06804 2.62436 0.39233 0.71961
-0.33658 0.19816 9.56219 0.67426 0.8782 2.77556 0.90026 3.94178 0.6532 0.68229
-0.37925 1.30157 8.84184 -0.84686 1.49413 2.64501 3.09447 4.42577 3.8075 2.46199
1.55354 1.23144 7.83588 1.10629 0.67254 3.75593 1.28814 4.34075 0.23337 0.26671
1.1528 -0.41739 6.52502 -0.23268 2.6947 2.43446 1.01359 5.83216 1.29195 1.89633
1.36348 -1.00701 8.0104 0.95541 3.31902 2.92452 1.40062 5.2205 -0.34925 0.29458
2.17207 0.569 9.26998 0.11236 1.78907 0.34744 1.35218 5.56488 -0.04569 -0.23328
2.18231 -0.74158 8.92096 -0.27118 2.10198 2.71803 1.74508 4.77803 -1.51824 1.47986
0.04106 1.45195 8.86302 -1.84822 2.35129 2.13859 -0.11995 6.10025 -0.9459 0.94608
0.06156 -0.13811 9.37024 0.25668 2.87264 2.23781 0.00744 7.34482 -1.36665 -0.42606
0.94668 0.44623 10.85827 -0.02044 3.55233 2.34343 0.47129 6.14528 -0.73258 -1.53711
2.03207 1.92978 11.68806 -1.25308 1.69051 3.0106 0.23237 6.14238 -1.48116 -0.64675
2.73709 0.87207 12.4011 -0.06425 0.32513 3.11264 0.34147 4.38549 0.29788 -1.44545
1.61066 -1.53612 13.87194 -0.39284 0.16375 4.99276 -0.47006 2.60643 1.31973 0.13452
2.53716 0.03807 14.94991 -1.7282 1.54645 4.13999 0.81161 3.27693 1.62846 0.14814
-0.11236 -0.27467 16.73468 0.11634 1.53149 4.70436 0.55766 2.05346 0.81418 -1.55573
1.32437 -0.06934 16.91877 1.06454 0.82893 4.42946 0.35416 2.15698 0.79557 -1.04509
1.16621 0.15155 19.05838 1.31484 1.1084 5.02756 0.9128 2.80591 1.22795 1.11111
0.10119 0.25551 18.04395 3.79483 0.97914 4.86644 0.58363 2.00592 1.27133 0.06455
1.07081 1.36125 16.25891 -0.05103 0.59815 5.90502 1.88531 0.74193 1.57148 -0.40291
0.27724 0.52863 15.38463 -1.45306 1.56331 6.80686 0.85911 0.13137 2.07506 0.62092
0.30354 2.42099 14.93334 0.88884 1.68933 5.37765 2.75977 -0.67931 -0.27637 -0.30558
0.37768 1.27415 13.11597 0.43334 1.21067 6.96747 2.55361 -1.59461 1.01552 1.93893
0.86473 0.34807 13.58884 0.76139 -0.6002 5.62992 2.00761 -1.94957 2.50442 0.80736
-0.08254 -1.39196 12.25274 -1.26487 -0.93785 2.63153 2.01364 -2.38941 2.94851 -0.80981
-1.21553 0.47979 11.61039 0.27791 -1.45112 5.88206 2.00091 -4.21612 2.68347 0.95888
-1.89159 -1.05262 10.72003 -0.2371 -1.23964 3.84342 2.58307 -3.57103 1.27725 0.01658
-1.25078 -0.7752 10.59165 0.2949 -0.28072 4.71627 0.62694 -4.49283 -0.63117 0.6267
-3.03008 0.15005 9.66482 -0.4541 -0.67715 3.26352 1.44585 -5.77955 0.76297 -0.51676
-3.32338 -0.39658 8.47134 -1.04778 -2.34804 4.06462 2.81681 -5.3611 1.44062 -1.0794
-1.39355 -0.38719 9.0662 -0.37393 -3.10012 4.86201 0.77509 -6.0033 0.85889 -0.5778
-2.48241 1.97199 7.61962 0.61966 -2.31875 1.54219 1.88646 -5.85163 1.61619 0.95755
-1.64421 2.51423 6.56332 0.892 -1.78512 3.32111 -0.07109 -5.46601 0.58208 -0.19979
-1.83361 1.24039 5.77319 -0.05504 -2.27149 2.96025 1.33673 -3.49993 1.89602 1.77247
-1.88139 2.76518 3.43189 -1.62296 -1.91687 3.2945 0.18607 -5.16751 -0.66526 0.14755
-1.36008 -0.36439 2.16504 1.04476 -2.72797 3.05876 0.14627 -3.84683 3.29224 0.09003
-1.63357 1.67397 -0.39467 -0.47741 -2.58031 1.16395 -0.8256 -4.18497 1.9733 -0.48389
-1.35355 -1.04911 -1.43037 0.19133 -0.59009 1.29991 0.30589 -4.69358 0.75852 -0.758
-0.80945 0.4678 -1.6835 -0.01458 1.05049 -1.45119 -1.48511 -6.16292 0.62961 0.23134
-1.76594 0.03357 -3.71057 1.21864 -1.4349 -0.58831 -0.4303 -6.83877 -0.91553 -0.10781
-1.89129 1.21143 -3.66447 -0.43908 -1.77392 -0.04329 -0.18821 -6.97807 -1.85377 0.05368
-1.84375 1.21076 -2.08846 -1.24331 -4.75118 -1.56603 -0.54801 -5.72968 -1.10798 -1.35624
-2.1934 0.87265 -3.20503 1.18435 -3.39675 -1.75308 -0.4005 -8.08356 -1.52379 -0.38875
-1.46404 0.26039 -4.53774 1.14269 -3.43828 -1.03393 -0.29142 -7.67637 -2.20292 -0.20349
-3.30896 0.47983 -3.9037 -0.28258 -2.53453 -0.40741 -0.50108 -7.29285 -0.3245 -1.2637
-2.79438 -0.32345 -3.11133 -0.71554 -3.09662 -2.90824 -1.52088 -7.01812 -1.60813 0.82496
