1.10894 -1.51654 0.79419 -0.12901 0.66541 -2.21443 0.64994 -0.69348 -3.00765 -1.78667
-1.76581 0.09895 1.54418 1.73047 1.08311 -3.02866 0.60995 -0.13008 -1.55735 -2.85802
-1.21373 -0.9884 2.03435 -0.45717 2.16518 -1.9649 0.21963 -1.52177 -0.99388 -1.96438
-0.30972 0.76977 0.29697 -2.22201 1.61998 -0.83806 -1.21019 0.00608 0.48107 -1.32466
-0.02995 -0.1733 0.89177 0.34459 1.28074 0.03646 -0.31519 -0.89478 0.29264 0.22554
0.61601 0.55862 -0.18237 0.34247 0.59322 -0.07763 -0.48246 0.4045 0.5508 -0.25221
0.82648 -0.24639 -0.19306 1.89545 0.37814 0.0987 -1.06515 -1.56619 3.11474 1.09678
0.79696 -0.83685 -0.92168 0.46259 -0.17522 1.38231 1.19026 1.30298 4.14072 0.4631
-0.51836 -0.67121 -0.29605 0.30685 0.32356 1.53293 -0.62134 -0.3758 4.33607 1.21504
-0.73562 -0.49907 -1.71168 0.37462 0.49443 0.65049 0.27291 1.19261 2.98406 1.16443
-0.98583 -1.57836 -0.05781 1.42697 1.22631 -0.53186 2.8319 1.56363 3.64331 0.72413
0.89509 -0.81271 0.18621 1.19613 -1.42481 -0.69596 -0.50501 1.3756 2.52461 1.84486
0.85737 0.50056 -1.26808 1.06049 -1.34969 -1.90132 -0.02772 1.67178 3.64084 2.50222
-0.58819 -0.79561 -0.27961 1.08767 -2.52109 -0.53536 0.37137 2.04996 3.33243 1.57497
-1.18421 -0.35103 -0.05455 0.7243 -2.70634 -0.63379 -1.905 1.83121 1.56337 0.75743
-1.41114 0.60696 0.42171 0.01926 -0.97067 -1.59589 0.27315 -0.57686 1.6748 1.2794
-2.96117 1.11862 0.66338 -0.27751 0.0648 0.54697 1.15549 -1.33847 2.70928 1.96112
-2.04069 0.03963 -0.64077 -1.00832 0.82875 1.83815 0.26325 0.71968 3.80032 -0.72085
-2.89219 -0.01997 -1.79918 -1.55702 -0.29699 1.66636 1.04671 1.81179 2.07976 -0.33544
-0.9761 -0.6883 0.15753 -2.46909 0.14543 1.31297 1.18167 2.36701 2.55993 -1.58295
0.13451 0.2978 -1.30165 -2.96976 -0.12669 3.22629 0.93669 -0.55112 1.58863 0.55658
-0.26679 0.71086 -0.76838 -1.42111 -0.53551 2.21022 1.05201 1.37348 1.34385 1.95912
-1.28376 0.40172 0.26787 -2.59421 0.90702 1.67023 0.69428 0.52196 0.93452 0.20644
0.7834 -0.1775 0.71402 -0.99628 1.55472 2.65512 -0.44963 -0.11695 0.38617 2.25057
0.63146 -0.77822 -0.09955 -1.26143 3.00654 3.1693 0.87768 0.46015 -0.35944 0.82361
0.86557 -0.95772 1.16939 0.85332 2.82051 3.82578 0.14016 -0.44949 0.30805 -0.59379
2.38135 -0.19744 0.81877 1.731 4.24849 3.79965 -0.512 -2.28767 1.51308 -1.57571
1.97055 0.60127 0.53007 1.17227 2.83114 4.08788 -0.06145 -0.46214 2.66686 0.47043
2.55835 1.65209 -0.01115 1.71384 3.43129 1.87262 -0.14088 1.35177 2.14735 0.65542
2.14176 1.31517 -0.49751 1.51922 3.92952 1.65425 1.5242 -1.35319 0.51786 1.47754
3.39442 1.22907 0.3033 1.80743 3.76241 1.54647 -0.21309 1.62914 -0.47657 0.48917
3.36844 -0.13065 0.524 0.56748 3.6894 2.21722 0.6065 0.32657 -1.84322 -0.96928
3.50565 0.8949 1.62723 0.22809 3.84504 3.09902 -0.6272 -1.14683 -2.87005 -1.11649
2.45525 -0.65153 0.38142 -0.0049 3.14038 2.77771 0.31574 -0.26228 -1.58876 -2.98846
3.9237 0.16073 0.83006 -0.21522 1.99999 3.93105 0.59794 -0.30105 -2.35139 -2.52809
2.31968 0.267 0.90997 0.54472 3.09342 2.19884 0.44212 1.17241 -2.5909 -2.4607
2.786 -0.28374 1.53242 -0.09887 2.85629 2.11681 1.54373 1.12895 -0.99848 -3.43781
1.97574 -0.80458 0.61488 0.0764 3.91073 4.47726 1.05996 -0.70133 0.37021 -2.45254
0.65538 0.61495 -0.11455 0.78005 3.32564 4.16571 1.45714 -0.48823 0.71421 0.0001
0.50536 0.4579 1.11873 -0.24259 4.09906 2.61764 0.69917 0.46046 1.63192 1.12653
0.63865 1.24432 0.77671 -0.83964 5.03082 4.46275 -0.56743 -0.1634 0.86183 1.42272
0.80036 -1.61819 -0.90769 -0.81748 5.6321 4.11029 -0.42177 -0.44842 0.54769 1.42289
1.48942 -0.48561 -0.17722 -2.54505 5.47854 2.01803 -0.74407 -0.4378 0.15126 0.03662
3.66334 -0.4965 -2.16194 -2.45692 5.53105 2.63493 -1.23525 -1.26298 -0.92211 -0.57134
1.59778 -0.54261 -1.64645 -1.19446 5.68231 3.26557 -0.88509 0.15752 -0.35419 1.0031
3.19833 -0.46676 -0.26613 -2.06945 5.41134 2.76155 -0.05614 -1.1194 0.15653 0.62167
1.63648 -0.60541 0.20856 -1.32299 5.71749 2.15594 -0.44952 -0.15812 -0.62274 1.93901
0.93158 0.05207 0.30069 0.12656 5.17188 1.75814 -1.10454 -2.21679 -0.51084 -0.15557
2.27813 -0.01737 -1.60841 -0.68488 3.62934 0.27019 -0.47619 -1.46561 1.29965 1.29068
1.04018 -1.50224 0.03501 -0.57885 3.65133 -0.15321 -0.30282 -0.92218 0.66764 4.06815
0.92119 -1.5319 -1.08273 1.11239 2.98358 0.13769 0.22549 1.44322 0.02454 0.44607
2.05506 0.60868 -1.39316 1.23046 1.62712 0.24986 1.05204 0.3248 0.08071 -0.17538
-1.12564 -0.0036 -0.58827 0.2163 0.66118 -0.43238 1.83396 1.14041 0.55824 0.96441
-0.43838 0.32305 -1.02898 -0.51058 1.19079 0.46527 0.7419 -0.32131 1.00063 1.55551
1.2382 -0.16865 -1.54061 -0.02148 1.05963 1.83578 -1.66719 -0.27465 0.43435 0.79646
2.50927 -0.4671 -0.69594 -2.11795 1.63701 -0.62094 -1.5517 0.39246 0.52834 1.90888
0.71874 -1.10811 -0.67309 -2.1638 3.3972 -1.34332 -0.41156 1.35097 0.99264 0.40639
-0.24217 -0.29366 -0.52336 -1.92142 2.92179 0.11808 -1.62291 0.04261 0.78523 -0.13385
1.16588 -0.53083 -1.3817 -1.03036 3.16242 1.48538 0.51095 1.46058 1.9716 -0.146
2.50538 -2.14502 -1.83267 -0.47786 1.76715 0.93302 -0.404 0.23162 1.70048 0.42817
1.49295 -1.72371 -2.73218 -0.71029 -0.54601 -1.48632 0.43569 0.35952 0.69217 -0.39374
1.63943 -0.98206 -0.86069 -0.06372 -0.64545 -4.66708 1.8351 1.50366 -0.06168 -1.8595
0.58186 -0.99479 -1.72112 -0.11285 0.14071 -5.00091 -0.42029 -0.16246 -0.5166 0.11586
0.06851 -0.14494 0.79811 0.00516 -0.48721 -5.71539 -2.07758 -1.13448 -2.44135 1.50614
0.34704 0.61299 -0.23144 0.54033 -0.78867 -5.1816 -0.85003 -0.65967 -4.65881 0.63992
-1.42471 0.32352 -1.35473 -0.32162 0.01422 -5.60455 -0.16208 -0.30679 -4.79848 -1.73684
-0.06747 1.12365 -1.41107 -0.58889 0.34341 -7.07574 0.22455 -0.18406 -5.62886 -3.54745
-0.00522 1.52729 -0.23012 -0.75424 2.77685 -7.57706 -1.96888 -2.21886 -4.69398 -4.89922
-0.9204 -0.92839 -2.01234 -0.54891 3.76563 -7.37239 -0.54999 -2.6184 -5.14481 -4.92247
-0.79049 0.49623 0.05428 0.34128 3.56512 -8.56063 -0.35304 -2.97628 -4.9057 -2.5842
0.35285 1.00181 0.57697 0.49352 3.88344 -8.72008 -0.80042 -0.6607 -5.64934 -3.40308
0.87219 -0.80419 0.57579 0.85567 3.92384 -9.54858 -1.67061 -1.04072 -4.81148 -4.10372
1.3942 1.96861 -1.0014 1.04616 3.50164 -7.17472 -3.03346 -2.92346 -4.70491 -1.0683
2.89752 -0.12975 -1.10982 -1.29127 2.36404 -6.27783 0.12833 -1.83072 -3.90964 -1.35472
3.1054 -1.23298 -0.39941 -1.43691 -0.29848 -6.84713 0.99095 -2.091 -3.42807 0.68862
1.89525 -1.45433 -3.64267 -1.30182 -1.13068 -6.4499 -0.2556 -1.73147 -3.45082 -1.65005
0.54471 -0.84174 -3.7444 0.10946 -2.50533 -8.18046 -0.77342 -1.05063 -2.61576 -1.65861
0.31808 -0.13776 -3.08686 0.15987 -2.70879 -8.08257 1.00712 -0.26888 -1.99379 -0.53818
0.36045 1.81873 -1.17913 1.83789 -2.83348 -8.37585 1.30208 -1.72341 -0.69223 -0.85659
-1.10141 -0.85293 -1.21219 2.47281 -4.08276 -8.66331 -0.88959 -1.51835 -1.51749 0.39842
-2.19169 -0.50964 -0.4634 2.37655 -2.59392 -8.22672 -0.6109 -0.78789 -1.31255 -0.65612
-1.44203 1.04857 -0.68772 1.25405 -2.53146 -9.15278 0.11901 1.77755 -1.39507 0.71918
-1.30344 -0.63115 0.43127 1.08531 -0.96676 -9.2653 0.52788 0.33512 -1.40874 0.64913
-0.97103 0.20278 0.19724 1.72362 -1.74659 -8.0156 -0.77948 -1.27695 -1.64254 -1.11711
-1.63782 0.20596 0.6709 0.88415 0.26059 -9.04433 -0.75 -0.88371 -1.34961 -0.58421
-1.83529 0.82015 -0.99925 2.28647 1.16407 -7.38683 0.17826 0.05302 -2.14231 0.2981
-0.76233 -1.65158 -2.03971 3.01503 1.42473 -7.36762 0.16167 -2.43978 -2.2817 -2.50425
-0.09649 -1.73831 -1.72446 2.82672 1.1166 -6.84516 -0.12408 -0.84056 -1.8184 -2.85852
0.14669 -0.9044 -1.00007 2.13915 2.74227 -8.28054 -1.70579 -0.17299 -0.75083 -0.66714
0.02527 -0.16002 -2.01847 4.06531 2.19048 -8.20128 -0.39425 -2.34705 -0.54453 0.60132
1.43306 -0.03034 -1.65635 3.91947 1.76946 -7.15979 0.31576 -1.4438 -0.32616 0.83714
1.15381 0.78242 -1.31768 1.4755 1.00952 -7.1581 -0.27712 -1.76839 0.80454 0.9401
1.5186 1.09521 -0.72668 -0.03351 0.95508 -7.08237 0.53308 0.05498 1.094 1.15082
2.28381 -0.09767 -0.64865 0.75462 0.10341 -8.10421 0.48021 1.37348 1.32531 0.82266
1.60024 -0.08489 0.81327 1.84008 -1.28106 -8.50881 -0.39135 -0.09914 1.33371 0.26937
0.17345 2.61684 1.8088 2.08952 -2.40589 -5.0664 0.99862 0.91751 1.48521 0.02908
-0.22008 0.30354 1.46435 1.79596 -1.75865 -2.56378 -2.08551 0.89282 1.66605 0.15586
-0.30759 1.26478 1.77451 1.9298 -2.15673 -0.86012 -2.13389 0.41514 1.42416 0.60123
-1.12969 -0.50616 0.62793 1.27323 -1.2353 -0.26477 0.86972 1.83514 1.91531 0.89588
-1.98216 -0.15818 1.06423 0.95469 -1.24352 -0.66587 -0.32637 0.75969 2.22185 0.98624
-1.21241 -0.58717 -0.00772 1.34287 -0.06442 2.21858 -1.53209 0.61188 3.56704 1.75931
0.61202 2.45811 1.41008 1.32668 1.12144 4.04297 -0.77601 -0.30526 5.02369 1.08846
-1.12546 1.9932 0.93783 0.38521 1.42535 4.53414 0.34347 1.05998 4.41778 2.00979
-0.21168 0.34943 0.84267 -2.18577 3.81909 5.84476 -0.13588 1.31321 3.00059 2.6102
0.17626 0.24791 -0.82374 -1.71271 3.24848 6.29822 0.86208 2.71073 1.68276 1.9635
0.10364 0.33288 -1.57594 -0.02085 4.52692 6.26083 0.83604 0.30408 1.42836 3.882
-0.61855 -0.01566 -2.13597 0.09258 3.83923 7.82041 2.11356 0.10788 1.35379 0.48008
0.89021 -1.44628 -0.3636 0.70831 4.1576 6.94568 1.78009 -0.12025 2.30891 1.95424
2.3488 -0.32622 -1.15584 -0.16456 3.10674 5.69524 1.05155 -0.27162 2.49873 0.89746
1.28153 3.40651 1.73477 -1.57948 3.5025 5.74083 -0.26175 1.41413 3.10354 0.14536
-1.22723 0.81216 1.83787 -2.09767 4.0631 7.91085 0.55222 -0.06405 3.06006 -1.48744
0.85241 1.88995 0.99644 -2.258 3.33668 10.12504 -0.21252 -1.17377 2.77784 -0.26067
1.12778 0.54885 0.62396 -1.55856 1.56334 8.8514 0.71608 1.62896 3.89411 2.2158
1.36144 -0.34244 0.47041 -1.53236 1.97939 7.63004 1.30304 -0.6778 4.70861 1.74449
-0.15443 0.59241 0.06177 -1.20596 3.23752 8.91566 1.51443 1.80648 4.85846 3.1435
0.00629 -1.33337 0.70336 -2.05344 3.49607 7.49701 1.33646 1.89529 4.3505 2.23382
3.20241 -1.36143 0.39894 -0.94384 2.34764 8.77962 1.06269 -0.78838 6.18049 1.52601
2.6652 0.74077 1.66578 -2.19314 1.81215 7.75849 -0.17547 0.89854 7.85849 2.38449
2.5232 0.51771 2.22411 -2.5067 1.65008 6.10002 -2.57125 1.3531 8.28197 3.91299
1.76457 0.65047 3.62322 -3.72413 3.55845 5.52355 0.22141 0.069 9.63953 4.27704
2.46698 0.30611 1.80245 -3.42185 3.80729 5.72689 0.1367 0.75997 10.46865 4.38014
2.50573 0.88699 0.62465 -2.67807 3.68073 5.01494 -0.19802 4.48988 9.89197 5.09943
3.04328 0.46732 2.74501 -4.41526 4.06327 4.93347 -1.28635 1.29295 8.78293 2.28202
4.11406 0.27557 1.2213 -4.64822 4.80956 7.34534 -1.32062 3.42677 9.578 4.19997
3.41233 0.8766 1.71581 -2.95086 4.09581 4.76421 -0.40385 2.02187 8.89307 3.96216
3.52375 -0.25197 1.51566 -1.90107 5.69131 6.41594 1.27263 3.97638 7.21206 3.4616
0.28925 0.03061 1.91292 -2.0971 6.50794 7.92487 0.57842 2.93318 6.81938 3.025
0.87182 -0.2624 2.68647 -2.06891 8.04108 9.23283 -1.64997 3.00378 5.75754 1.42618
1.72191 0.61873 0.74214 -1.56674 6.88779 8.62142 -1.50498 1.89739 4.57242 1.88499
3.51793 -0.04531 3.60534 0.0096 5.32277 10.41808 0.2598 1.26271 2.82772 0.81123
3.38583 1.20882 2.09557 0.06766 5.60657 11.25374 -0.75491 1.09172 3.22354 -1.51996
1.5478 0.65621 1.34063 -0.80645 6.21997 9.18676 1.61604 0.17208 2.86748 0.14599
1.88852 -0.70655 1.10754 -1.32938 6.59334 11.00816 0.3913 0.60715 3.3489 1.25208
3.2725 0.76795 0.13302 -1.65381 7.56099 12.29349 0.1674 2.09114 3.58088 3.52058
5.52573 -1.0823 0.17861 -0.94929 6.98428 11.82614 -0.70692 2.85566 2.97256 2.85378
3.05688 -0.20461 -0.50565 -2.68701 5.24803 10.82913 -0.52486 1.93282 1.76738 1.60713
2.11778 2.08597 -0.72935 -2.95233 4.51041 8.98112 -1.58826 2.36766 1.09725 0.51569
1.0639 0.69605 -0.16237 -1.55672 4.30601 7.25946 -1.34512 0.50275 1.08973 1.72611
0.80088 0.12263 1.62304 -1.54467 4.38312 8.00877 -0.65082 0.12869 1.51147 2.30036
0.54232 0.19824 1.25029 -0.34957 4.6805 6.71178 -1.81315 0.90881 1.66686 1.24547
0.50933 0.04031 -0.2711 -0.46653 5.336 8.3181 1.1517 -0.40455 1.93823 1.18562
0.41988 1.29967 -0.33901 -0.02997 4.92216 7.99235 -0.28313 -0.64854 1.78234 0.21924
2.85699 -0.44453 -1.31428 -0.17855 4.3754 7.23188 -0.75739 -0.29005 1.16929 -0.253
1.86453 0.19189 -1.70158 0.51582 3.55717 7.23134 -0.53233 1.55847 0.7384 -0.42585
0.9782 -0.9671 -1.96293 1.11605 3.09096 7.74551 0.03375 -0.69616 0.22417 -0.06775
3.34596 0.46078 -0.87108 1.29181 1.69292 7.11559 -1.07824 2.37006 0.31449 1.30909
2.3875 0.98318 0.91901 -0.67599 -0.38232 7.51244 -1.38173 0.49048 -1.09573 0.30825
1.87071 0.45029 -0.09539 -0.21389 -0.5584 9.53157 0.21059 0.8884 -0.09638 -0.55635
0.61254 0.59753 1.08028 -0.65353 -1.39138 8.85949 -0.60594 0.66787 -0.93344 -0.08142
-0.38411 1.29466 0.50463 -0.36546 0.99357 7.82222 0.43748 1.06466 -1.78116 -1.93108
-0.98666 0.57542 1.34771 -0.21171 2.06631 7.20903 -0.23638 -0.11958 -2.78917 -0.43736
-0.71862 0.48508 2.49241 -1.23074 0.5932 5.73492 2.3006 0.49923 -1.37149 -1.36126
1.03906 1.42816 0.86226 -3.53932 -0.37786 5.6679 -1.12428 0.51154 -1.25233 -1.16096
0.09617 0.27026 0.13821 -3.39747 0.65431 4.96785 0.30364 -1.0053 -2.02231 -0.74492
-0.85197 -0.32921 -0.63115 -3.77635 1.02799 5.77269 0.42177 0.08086 -0.90536 -2.27535
0.46842 -0.4365 0.75128 -3.28863 2.49234 4.24054 -0.14425 1.72044 -0.35649 -1.17416
1.6622 1.80688 3.21884 -2.22442 0.74107 3.50277 -0.78993 0.63635 -0.61575 -1.09482
2.42878 -0.45252 3.98214 -2.00188 -0.42913 3.46641 0.68122 0.59395 -1.0449 -1.15662
0.24795 -2.28184 3.75533 -2.15934 -0.33246 5.28118 0.55913 -2.46286 -0.94151 -1.88468
1.45504 0.95197 2.19124 -2.35069 -0.34954 5.03724 0.15238 -2.30745 -0.51451 -1.16647
2.02073 0.68892 1.96287 -1.57615 0.37447 4.07692 0.0626 -1.42614 0.18822 -0.46445
0.18509 -1.19928 2.47545 -0.37097 0.60991 3.23716 -1.03933 -1.57764 1.29661 -0.13871
0.47194 -0.9044 0.9016 0.15703 2.13682 3.99195 -0.32464 -0.5404 2.26016 1.10291
-1.06242 0.02651 0.88297 0.42087 -0.63213 3.84349 -0.3332 0.24914 2.44674 0.92339
0.60364 0.45761 -0.59006 0.90051 -1.78752 2.85571 1.37015 0.94608 1.8605 1.02318
0.6574 0.62838 -0.43839 0.69852 -1.60059 2.32079 -0.76495 0.61584 0.68208 0.96727
-0.82102 0.35129 0.54987 0.53358 -1.98799 0.24521 -0.65218 -0.32012 3.86771 2.04786
-1.87888 2.08145 0.62254 -0.4741 -2.37475 0.38331 -0.61256 -0.40587 3.98387 0.58836
-1.06901 0.30987 0.52826 -1.23741 -3.398 0.57845 0.34184 0.84573 3.96014 2.41315
-1.04754 -0.908 -0.49549 -1.26578 -1.36863 1.38216 -0.26907 2.10898 2.55189 2.43305
-1.72265 -0.04454 1.8151 -1.03787 -0.80447 2.62246 0.20459 3.36446 3.32976 0.33638
0.30359 -0.12844 1.50097 0.55238 -0.23956 3.31712 -1.09362 1.22761 1.75994 0.88118
-0.6907 1.77892 4.24935 0.52904 -0.58218 5.49538 2.1725 1.21909 0.01611 0.90041
-0.51818 0.03178 3.58518 1.60522 1.21864 5.4816 1.13264 0.70282 0.59159 0.73666
-0.74665 0.68725 3.52027 2.69623 2.08141 6.08653 -0.16024 0.4687 1.35619 -0.38342
-0.28413 0.20766 3.87167 4.41887 1.87361 5.98431 -1.7252 1.5903 1.86278 0.22106
-0.08861 -0.26261 2.97147 4.65511 4.16342 4.96505 -0.84169 0.34766 2.59952 1.75132
0.95787 0.37137 3.28898 5.17633 1.61763 6.55358 0.38342 1.95622 1.6036 0.97171
-0.60112 -0.0518 1.80733 4.33468 2.0788 5.16137 1.29544 2.00667 1.60878 1.06536
-0.84888 0.12027 0.65479 4.41623 1.2705 5.98532 3.13191 1.04463 1.80427 -0.75645
0.15193 1.73644 1.98223 4.2527 1.47298 3.34572 0.64666 0.62266 1.72118 0.78178
-0.1038 1.64063 1.11632 3.79387 0.46062 4.14993 0.01505 0.7883 1.16742 0.30231
0.44117 -0.41048 2.46238 3.1155 0.20115 4.09516 -0.41184 2.11512 1.54562 0.11298
0.50275 -1.07991 2.69086 1.87119 0.27544 4.95188 -0.28391 1.1432 2.0659 0.36252
1.54694 -0.74139 2.54906 0.19723 0.0552 4.5355 0.80492 2.25906 2.41516 0.9107
1.62767 -0.49985 1.72451 -0.14948 -1.99115 5.92463 2.21749 0.85633 1.98875 2.30779
-0.26851 0.16891 -0.24187 0.47254 -2.51823 6.53367 0.69504 0.93256 1.78214 1.02388
-2.50566 -1.05215 -0.33294 0.38485 -0.94286 5.78369 1.32879 0.34643 1.13748 1.66555
-2.11046 0.24195 1.25795 -1.83637 -1.09697 4.84789 0.69292 0.43779 2.67804 0.96075
-1.51346 -1.6202 0.4698 -2.00729 0.62601 6.05731 -0.05702 0.51031 0.34574 0.80687
-2.09334 0.58102 0.37313 -0.34677 -1.09086 4.93409 1.51675 -0.63501 0.86199 1.7561
-1.3728 0.44111 1.52018 0.00512 -1.42298 4.21046 0.52355 1.63807 0.63306 0.7718
-0.39876 0.59431 2.56005 -0.38975 -0.34511 3.01221 0.27525 0.02016 0.00122 2.03103
-3.02732 -0.41731 2.804 1.35439 -0.33504 2.83805 1.56921 -0.20595 1.97697 0.60358
-1.33479 -0.30452 2.06808 -1.58273 -1.29948 4.21937 0.85947 -0.46973 1.60558 2.41949
-0.00453 0.16975 2.04296 -1.2434 0.23668 5.08469 0.82943 1.31914 0.08307 1.94617
1.36714 0.13201 2.71029 -0.95452 0.20729 5.47995 -0.42227 0.78695 0.12208 1.29873
1.17043 -0.01509 1.09593 -2.39013 1.40601 6.21869 0.09615 0.70638 -1.21221 -1.62114
1.28751 -0.19159 2.19412 -2.25008 0.12562 5.43836 0.2413 -1.45933 -0.59731 -1.38196
0.15055 0.04455 1.64351 -1.61321 1.31899 5.70976 0.8067 0.03779 -0.16302 -1.57603
-0.68855 -0.74302 1.2283 -1.77001 0.73352 4.92765 2.47115 0.3955 -1.22719 0.22858
0.96045 -0.63253 0.19078 -1.73774 -1.16592 5.31062 1.53585 -1.54383 -1.55976 0.91387
0.90983 -1.7565 1.01157 -1.22942 0.41509 5.09725 -1.05326 -1.62145 -1.03288 0.70913
0.05357 -0.74168 1.76651 -2.91221 -2.39881 3.73244 0.40557 -1.28496 -1.5899 0.27654
0.13487 -2.3829 2.1926 -1.35745 -1.376 3.93411 0.00987 0.00422 -1.73613 -2.92222
1.47149 0.17874 3.35345 -2.02905 -1.59093 3.63143 0.85872 -0.90384 -0.43364 -0.69023
0.60206 0.30729 2.49255 -3.12863 -1.26666 3.41239 1.67332 -1.00068 -0.49279 -1.74011
0.76317 -0.42261 0.15724 -3.1914 -2.0311 3.99638 1.08473 -2.00398 -1.33267 -0.56824
0.30812 0.3321 0.27797 -3.61171 -2.59077 2.25249 0.30452 0.40982 -2.96711 0.48248
1.35789 -0.30294 2.55195 -0.85452 -0.28464 2.59035 0.54595 -1.95913 -1.87073 -0.70696
-0.31827 -0.40231 1.75076 0.4767 -0.92627 4.18516 1.17464 -0.46784 -0.58407 -0.15282
0.64945 -1.31536 -0.4084 2.44658 -2.4515 1.98883 0.03044 0.29902 -0.58658 0.4673
-0.71433 0.58072 0.18196 2.67413 -3.49658 0.96168 -0.71779 1.99211 -1.4988 -0.10443
-1.61494 -0.69201 0.59116 3.17012 -3.42452 2.29123 1.69371 -2.38662 -1.35155 0.5167
-1.87726 -0.78823 0.02896 3.38674 -4.13788 3.15685 1.41204 -0.32672 -1.18405 -0.73616
-0.2928 0.0128 0.23707 2.47936 -6.2644 1.7974 2.03749 -1.72875 -0.06932 -1.16675
-0.12194 -0.38362 0.64566 2.54702 -7.58157 1.23345 -0.0644 -0.92981 1.14291 -2.31997
-0.8222 -2.49686 -0.07229 0.96315 -5.73894 2.6293 -1.69567 -1.42266 1.70276 -0.9614
-0.83322 -1.36625 2.26779 1.64098 -6.47094 1.92013 -1.26227 1.11043 2.09578 -0.23461
-1.57092 -0.21115 1.76772 1.90611 -6.24248 2.32036 -1.33867 0.33419 1.3526 -0.49672
-2.03362 -0.66529 0.22826 2.49754 -4.36255 2.91255 1.5643 1.03017 1.3782 -0.99752
-3.66554 -1.30118 -0.13703 2.66434 -6.04483 1.8673 -0.74553 0.46585 1.31393 0.70495
-2.37256 1.80961 -2.58271 2.76425 -7.79937 2.65944 0.09964 0.02323 0.91258 0.80639
-4.68394 0.951 -1.04116 2.79005 -6.13958 -0.90499 -0.38899 -0.40447 -0.79104 0.87261
-2.62522 -0.63209 -1.14588 2.29232 -5.03436 0.31727 -0.77123 0.64426 -1.33141 -0.47049
-3.95813 0.22988 -2.55002 4.32729 -4.47762 0.92496 -2.03974 -0.076 -1.23505 -1.08371
-3.16827 -0.76117 -1.22139 2.49291 -4.81918 -0.15966 0.70515 0.69734 -2.20225 -1.78521
-3.46254 -0.34105 -0.95758 1.57902 -4.96929 -0.85975 0.01888 -0.8026 -2.56233 -1.12922
-3.83638 0.91017 -1.10827 0.61998 -5.51851 -0.62344 0.25779 -0.53685 -3.18515 0.72578
-1.89154 0.43718 -1.56771 -0.72686 -5.3316 0.00191 0.59827 -0.40214 -0.59349 0.56772
-3.84201 -0.63899 -1.76476 0.42126 -4.13838 -0.88214 0.67495 -1.84447 1.5466 0.84795
-2.70075 1.25197 -2.21548 -0.62812 -5.05941 -1.55311 0.63855 1.47025 3.5796 2.26531
-2.03054 -0.45056 0.75079 -1.04787 -4.40182 -1.84908 1.75205 1.81581 2.16814 0.54285
-2.89439 0.23865 0.21933 -1.65497 -4.7214 -1.01249 0.01539 0.73065 1.51236 -0.63608
-0.22518 -2.40838 0.18816 -3.58224 -5.76409 0.60667 -0.76348 1.50259 1.80039 -1.09666
-1.07537 -0.68482 2.10257 -3.42482 -6.42449 0.38652 1.02738 -0.84656 1.94923 -0.40269
-1.09486 -1.50378 2.41004 -3.12518 -4.46803 1.58788 0.76292 -0.12189 1.97408 -1.36883
-3.29898 0.09478 2.73604 -3.61592 -3.85839 0.71823 0.41349 -1.71084 0.96619 -1.37507
-3.40572 -0.25944 3.6137 -2.39401 -2.9798 1.37677 -0.73105 -1.02274 -0.35478 -1.32366
-2.51034 -0.21945 2.64956 -2.1956 -3.31145 1.17506 0.62023 -1.42824 1.3855 0.79105
-1.8022 -0.93313 1.82059 -2.5992 -3.80448 0.10822 0.75265 -1.41695 2.89603 0.49648
-0.63856 0.56247 1.35332 -3.04794 -4.50971 0.52641 0.69375 -0.12099 2.33373 1.99807
-0.97009 -0.15102 0.10845 -4.0408 -5.02424 -0.40976 0.30631 0.82424 4.03012 0.68266
-1.08622 -1.38079 0.50664 -3.78865 -5.74972 -0.64961 0.94417 0.15062 3.33188 1.09245
-1.7781 -0.83249 -0.00636 -4.39078 -5.77932 0.66059 1.30879 -0.71882 3.73196 -0.85193
-2.63099 2.23299 -0.77269 -2.63316 -5.02397 1.14609 0.53769 0.31994 3.87728 0.50034
-4.68586 0.6912 -0.96676 -2.66279 -4.21486 0.46212 0.41287 -1.55554 4.00305 0.27802
-2.17166 0.72899 -1.65499 -1.46859 -4.89336 0.6911 0.67192 1.0982 4.78479 0.18477
-1.13151 -0.51984 -0.56561 -2.36883 -4.66825 1.05061 0.54741 1.73618 2.34171 0.56546
-1.92072 -0.2489 -1.20034 -0.38085 -4.11578 0.45613 -1.11154 0.66427 2.28505 -0.57744
-3.01537 -0.66954 -0.30878 -2.02948 -4.16069 1.78866 1.0804 0.57395 2.42119 -0.188
-3.29432 -1.1456 -0.25887 -1.00159 -3.95571 2.40005 0.49459 -0.41786 0.71547 -0.32967
-3.24261 1.23885 -0.30087 -1.55022 -2.88718 3.03503 -0.37607 0.63385 -0.76969 0.87906
-2.95825 0.14595 -0.62238 -0.21789 -2.41097 2.62145 0.94538 1.07473 -0.70567 0.94098
-1.44917 -0.73872 -0.45577 1.47097 -2.76665 1.52943 0.29541 0.16313 -0.34592 0.22457
-1.01093 0.10164 0.21396 -0.74903 -4.28509 1.71815 -0.84235 1.27681 0.61668 -0.41463
-2.09111 -0.21448 -0.38793 -1.14767 -5.02907 1.62138 -1.51318 0.38477 0.99453 -2.66222
-1.44596 1.13798 0.55391 -0.3957 -4.77279 2.52754 -2.14805 0.57952 1.25304 0.13979
-2.9328 -0.51117 -1.03172 0.4237 -2.19711 2.59577 -0.50529 0.07332 1.44789 1.39559
-1.72938 -0.69076 -2.61951 1.15117 -1.14083 0.71887 -0.19831 0.80524 2.57204 0.01344
-0.10399 -0.30423 -3.20018 1.99963 -0.29704 -0.33786 0.47464 1.07057 3.46935 2.38686
-2.16594 -1.85017 -3.07383 2.45241 0.48839 -1.46112 0.93873 0.77517 3.40396 0.69161
0.15343 0.53916 -3.63319 3.66968 0.88186 -1.74335 -0.41566 0.97496 2.02296 2.95068
-1.06539 -0.56862 -2.16418 3.47349 0.2109 -2.27467 2.74869 0.21581 1.71324 2.21011
-0.9436 1.67621 -2.05776 3.44706 -0.16523 -3.02014 -0.31118 -0.34066 0.41556 3.48601
0.43438 1.34429 0.09268 1.88488 -0.64305 -2.53587 0.23469 -0.18768 0.28547 3.82495
1.52267 0.32286 0.00758 0.91677 -1.86182 -4.01704 1.13602 -1.19009 1.01584 1.77352
-1.47886 0.46954 1.12728 0.82867 -2.23892 -2.50477 -0.42122 1.10593 0.34343 0.25522
-1.26872 0.61214 1.27892 0.01905 -0.72259 -0.93816 2.09916 0.07894 1.26803 -0.82518
-3.25972 0.50585 2.04991 0.18864 -0.77889 0.77306 -0.61093 -0.33139 1.04392 0.59278
-0.28538 1.46203 -0.06594 0.04527 -1.4048 2.87751 1.27097 0.54907 2.38622 0.87062
0.82264 -0.11398 -0.53024 1.90069 -0.9251 2.20326 0.19218 1.40309 1.2578 -0.87691
-0.8371 -0.15156 -0.66123 1.57404 0.87584 2.54668 0.23702 -0.02254 0.69887 0.48567
-0.84888 1.25507 -1.69228 1.30947 0.40447 2.25309 0.44174 -0.52338 3.42325 0.22139
0.39358 1.02729 -1.16707 1.27089 -0.07615 2.14047 0.78399 0.33914 4.31413 0.32575
1.38624 3.08288 -0.08264 0.93317 -1.89416 2.8539 -0.64381 2.57369 3.39894 0.89907
-0.43737 -0.03056 -0.66473 0.7225 -0.52016 1.85945 1.00268 1.3691 2.60276 1.86267
-0.06618 0.15049 -0.02341 1.52967 -1.32238 3.3703 0.45932 2.35387 2.70661 3.03598
-0.06132 -0.42157 0.6671 2.74788 -2.09707 2.77071 2.07695 2.29487 2.83224 2.26315
-0.52562 0.22843 0.5643 0.64444 -4.37605 4.73202 0.66686 0.71617 3.48415 1.65798
-2.01305 0.26948 -0.28113 -0.3839 -3.59391 6.12901 0.16047 1.24275 4.87204 1.40486
-2.29202 -0.01955 1.27172 -0.5747 -1.32803 7.71847 -0.61512 -0.32471 2.99485 0.91968
-0.27865 -0.25899 3.0849 -3.30524 -0.02153 7.03861 1.66052 0.99775 2.4324 -0.23212
0.90212 -0.37377 3.07872 -1.87169 -0.88643 6.05949 -1.09418 0.5304 2.9174 1.56925
-0.64847 0.19086 2.33497 -2.23384 0.37822 8.80113 0.14788 0.58713 2.73979 2.27087
0.03115 -0.29247 2.74488 -1.21822 1.09606 9.09753 0.82478 0.77608 1.61592 2.83308
-2.13173 1.34091 2.79487 -1.05656 0.45377 11.37882 -0.68737 0.80332 0.56648 1.20036
-2.63187 -0.09247 4.21832 -0.13576 0.06736 10.53935 -1.30499 0.62266 -0.39696 -0.63319
-0.66643 0.6604 2.43426 -0.0431 -0.02115 9.78479 -0.83549 1.71189 0.76421 -1.62621
-0.36101 0.43645 1.18398 -0.05423 0.62546 10.87077 -1.04102 -1.0395 0.55971 -0.98057
1.51099 -1.1838 0.97678 -0.30603 0.96494 9.98673 -0.06816 0.4721 1.46987 -0.76883
1.54557 0.12597 0.43254 -0.17833 0.89483 9.66205 0.0308 -0.55718 0.26885 -0.05495
1.1 -1.587 -0.29263 -0.08599 2.17399 9.13977 0.89799 1.0168 0.37329 0.04668
0.98569 0.58419 -1.07114 0.8029 2.50911 8.28249 0.57211 -0.44091 0.50776 2.62381
1.19241 1.09956 -0.31087 -0.03309 0.50287 6.67637 2.14138 -0.03824 0.83051 1.51672
1.98897 0.57042 0.45245 0.32456 0.91675 3.87951 0.39703 0.09838 2.34097 1.82915
0.44887 1.33716 0.2398 -0.11812 0.75555 2.34443 0.33435 -0.47252 0.51095 0.99092
2.33116 -1.87625 0.25544 -1.22191 1.54452 0.73103 0.09661 1.05435 1.36155 2.36245
1.63431 1.39628 -1.10919 -1.54413 1.00062 1.10586 0.28042 -0.46376 -0.00921 1.15759
3.43872 -0.66957 0.08094 -2.945 4.38526 0.92134 0.47112 0.94056 -0.61896 0.77149
