-1.85584 0.0188 5.38928 4.10253 4.49004 -1.88794 4.82484 1.52396 7.93415 0.83401
1.1286 -0.09767 6.57302 2.38538 3.78469 -0.8428 4.92478 2.60536 6.07992 -0.13378
1.85281 -0.93831 5.91146 4.34802 3.86266 -0.2609 5.72767 3.65228 4.91791 -1.66417
-0.34609 0.88222 4.22086 6.20556 3.63312 -0.0949 7.37052 2.96153 3.47572 -0.98641
0.60748 -2.75137 6.87245 6.55977 3.02133 -0.52814 7.6063 1.8553 2.61963 -1.00751
2.32481 -0.80772 5.27132 6.40597 3.13667 -0.57222 7.35305 2.18771 1.53147 -2.34559
-0.35148 -0.07684 4.64144 6.83662 3.08261 -2.37001 6.23149 2.50753 2.11656 -2.09952
-1.23234 -0.35394 5.07724 5.77681 5.15077 0.48392 5.91404 1.69009 2.2768 -0.57143
-1.10015 1.11636 3.39588 5.46037 3.80279 1.02423 6.56455 0.96024 1.85146 -0.2445
-1.88386 1.14249 3.65909 5.96449 4.61049 1.26356 6.32946 1.27081 1.55807 -1.35704
0.15664 0.98952 3.53991 6.00243 3.86706 0.9943 6.8611 1.41544 1.23654 -1.15042
1.2349 -0.96201 4.2045 5.49873 5.58642 0.17294 6.62501 0.8099 1.71122 -0.8468
2.00758 -0.24738 6.27767 5.7002 5.21113 -0.00139 8.47931 2.18582 2.57251 -0.72107
0.37842 -0.59243 6.95071 5.28254 5.57596 1.39815 6.76929 1.25196 3.54402 -0.67841
0.8423 -0.81479 5.63513 6.24882 3.75497 -0.60672 5.43386 0.8682 4.49233 -1.18474
0.39113 -0.41852 4.87823 4.36805 5.46669 0.01402 3.88237 1.13618 3.18433 -1.78318
-0.47374 -1.08344 5.59232 2.83143 6.15721 0.17833 4.59829 1.63538 2.35113 -1.7683
0.10726 0.09821 5.63686 4.06376 6.10871 -0.49809 4.85917 0.24735 1.37967 -2.0208
-1.79647 -0.48686 6.57654 6.22897 4.58617 0.3195 3.36996 1.257 1.52343 -1.30828
-0.06201 -1.79384 6.48676 5.97064 4.7078 -0.77406 3.69711 0.25929 2.52451 0.08976
0.89258 -2.35629 5.8754 6.436 5.21293 0.30584 1.88397 0.05246 3.39536 -0.34974
-0.97278 -2.1279 6.47839 3.54702 4.39552 0.73293 2.1883 1.03605 2.1511 0.6954
-1.6953 1.02383 6.61675 2.72511 5.45339 1.23583 1.05419 -0.30752 2.39815 0.02195
0.19572 0.05153 6.71347 1.36908 4.50155 0.55054 1.22427 0.04914 3.99991 -0.556
1.08452 -0.41768 7.01941 2.28075 4.04111 -0.71615 0.64263 1.6451 4.78478 -0.68047
0.43864 -1.49252 6.56686 1.07403 5.1742 -0.55336 -0.08139 1.33905 3.37464 0.07951
0.06159 0.02428 4.61431 1.20085 5.08247 0.48227 0.76053 1.31777 2.75901 1.56945
-0.40576 -0.64338 5.88029 1.68947 3.67322 0.78253 0.32534 1.12828 3.21736 0.46308
1.36914 -0.46168 5.70269 1.9825 3.84763 -0.02367 -0.18487 2.37564 3.43891 -0.65256
0.72027 8e-05 4.97972 -0.27447 3.03616 -0.1417 -0.18144 2.03444 4.09712 -1.29386
1.67355 2.07478 4.73149 -0.59856 2.64458 -1.4579 0.39559 1.04247 5.7005 -1.86095
0.26842 0.24147 4.97216 1.16828 2.45378 -1.68427 -0.14608 0.02057 5.43776 -1.48464
-0.18755 -0.13082 3.97875 2.87857 2.99883 2.37579 -0.18878 0.40412 3.60966 -1.73942
0.43502 -0.80308 4.40301 2.20296 4.8159 0.59331 0.15787 1.57599 5.14595 -2.79179
0.05551 0.62314 4.24762 1.61393 4.42767 1.19182 -1.47376 -0.22198 4.38616 -1.22074
1.04988 -0.25468 4.52151 -1.046 3.91077 0.64793 -0.3282 -0.07201 2.61751 -1.18961
1.00941 -2.33345 4.31885 -2.27657 3.71943 -1.55467 -0.68947 1.2202 2.82821 -0.66749
0.10879 -0.36619 3.88652 0.25714 2.91385 -0.94039 -2.63297 0.91078 1.40786 -0.47962
-0.19313 1.22409 3.26233 -0.48516 2.32755 0.64877 -4.67329 2.38775 -1.09722 -1.852
-0.4691 1.23026 2.0346 -2.56538 2.66946 -0.19657 -4.92167 1.38332 -2.29276 -0.56281
-0.60577 0.34376 2.6334 -3.00116 1.8218 -0.43988 -3.95059 1.52101 -0.90687 -0.661
1.19418 0.50837 3.19821 -4.15367 2.22317 -0.42151 -3.66089 -1.61812 -0.52428 -0.51013
0.68053 -0.05222 2.26564 -3.12629 2.38905 0.54938 -5.05606 -0.1238 -0.74762 0.15711
0.15718 -1.38029 1.58119 -4.14115 2.29624 1.2786 -4.75707 0.88408 0.65404 1.23683
0.96893 -0.19022 2.88655 -5.36017 0.59618 0.03869 -5.71252 0.14497 1.62013 0.72772
0.97628 -1.25854 2.62824 -6.13778 1.36132 -1.70857 -7.38252 -0.77243 0.66727 2.2208
1.08408 -0.71266 1.58602 -5.9559 2.46947 -0.04756 -6.34114 -1.06591 -0.09149 1.84347
-1.45857 -0.26247 2.88971 -8.13398 2.65005 -0.80362 -4.91478 -1.10017 0.41304 3.94471
0.64853 -1.4319 1.89291 -8.73784 1.67879 0.99387 -4.23165 0.17469 0.98653 4.49545
0.0915 1.44006 1.18792 -7.22805 2.16037 0.98079 -3.57319 0.18094 0.26602 4.28217
1.45596 0.67898 1.77918 -6.06001 2.88986 0.43941 -3.50668 0.24574 0.31192 4.43948
0.17555 -0.87693 2.00731 -4.45882 0.96702 -0.03654 -2.03507 -0.01229 2.12734 4.47777
-1.72017 -1.20608 0.70135 -3.36863 1.58023 0.91319 -1.58743 1.2975 3.57287 3.02588
0.87596 0.17262 0.48124 -1.85272 1.82056 1.60646 0.49641 1.4623 1.70257 3.75783
0.52993 0.33124 1.47544 -2.02917 3.8888 0.29181 2.16149 0.20587 1.61076 2.03437
-0.80073 -0.97002 1.65349 -1.3962 2.12274 -0.4652 3.4793 0.48663 2.14949 1.77645
-0.33954 -0.61237 2.27076 0.63523 2.14187 -1.68336 4.31801 0.33721 1.62788 3.43942
-0.16629 -0.97199 1.74391 2.18774 1.81641 -0.57303 5.98328 3.08905 0.19203 2.42261
0.90479 0.42324 2.25615 2.99811 1.16154 -0.63887 4.30953 -1.0874 0.95218 3.44552
-0.0787 0.10615 4.03868 4.77982 1.35662 -2.04465 4.06624 -0.17534 -0.07944 5.41678
0.58853 -0.29271 2.71052 3.44008 1.00691 -0.73856 5.24561 -0.73049 -2.15445 3.09537
0.0577 0.76617 1.41974 4.30781 0.02193 1.56365 6.37328 2.04559 -1.27695 2.93987
0.68954 0.90415 1.30281 3.90813 1.78603 0.69261 7.15829 0.31972 -1.71754 3.8371
-0.04025 -0.98759 1.40652 4.92863 2.23953 0.84794 7.04095 -0.14674 -2.61892 3.2587
1.06963 -1.20522 -0.11526 4.37288 1.6115 0.16413 10.1635 -0.49661 -2.36983 4.45999
0.21573 0.17909 -1.33012 4.96682 2.35127 -2.63255 11.3931 -0.95753 -2.68315 3.33003
0.15892 -2.02053 -0.22371 6.67209 1.03962 0.20525 10.28723 0.80663 -3.55685 3.07145
-0.43714 -1.43137 0.75035 8.65319 -0.23478 -1.4151 11.28238 0.68572 -5.08154 -0.23894
-1.88872 0.77293 -0.81105 9.99364 -1.97574 -0.93482 12.08854 -0.49237 -4.18259 -0.9497
0.09246 2.68269 -2.40351 11.66567 -0.71624 2.39131 12.34348 -1.65374 -4.93622 0.20011
-0.56614 1.25115 -3.07682 11.53791 0.59144 -0.8264 12.68114 -2.25459 -6.07352 0.18221
-0.07817 0.25774 -4.77256 11.57226 -1.16962 -1.07124 14.12324 -0.19402 -4.05453 0.25127
-0.16791 1.1478 -2.5256 10.75998 -2.61326 -0.98005 13.20233 0.56823 -4.97959 0.81065
0.20208 0.12187 -1.65663 11.61426 -0.35063 -1.40956 12.62585 -2.22425 -4.44842 -0.97279
-0.85747 -0.67967 -3.10195 11.76581 -0.87588 0.86117 11.96304 -1.55485 -4.21885 0.17625
0.34139 1.66164 -4.33103 12.13803 -2.52443 -1.1338 9.29247 -2.05045 -4.03612 0.24827
1.0163 0.71702 -3.14004 14.02586 -3.37034 -1.49175 8.80777 -0.86109 -4.90961 -1.88151
0.8527 1.16027 -2.69049 12.74665 -2.27403 -1.57142 9.70182 -0.86579 -3.55658 -1.08248
0.91101 1.75812 -4.62564 13.51587 -2.34173 -1.31534 8.00076 -1.2825 -6.02843 0.07254
1.25897 -0.12601 -4.14023 12.40701 -3.42104 0.57297 9.09842 -2.36431 -6.6221 -1.22928
-0.06232 -1.17992 -4.28085 12.32467 -2.40072 2.00852 10.71193 -1.8644 -6.15184 -1.72299
-0.63911 0.48148 -4.31568 12.27488 -4.35768 3.09055 9.93408 -0.59569 -5.17596 -3.29761
-0.28697 -3.12057 -2.7452 10.00248 -3.02538 0.41352 10.25862 -0.29331 -3.91228 -2.1552
-1.17506 -1.48966 -6.30761 10.32654 -4.03936 0.22466 9.96549 -1.39486 -5.90897 -1.33516
-1.38724 -2.17372 -4.33711 10.56876 -4.10406 -0.21505 7.76059 -0.6755 -5.63746 -0.91932
-0.30256 0.08409 -5.47237 10.93749 -1.83146 -0.31093 6.88941 -0.95414 -5.56557 -0.10441
0.41559 0.8111 -5.1713 10.32942 -0.87396 0.20308 4.77531 -0.20871 -4.9641 0.4731
-0.1627 -1.78785 -4.60145 11.74296 -1.65556 1.22458 5.27062 -1.73901 -4.67246 0.25439
0.11335 -1.59238 -2.7262 11.89486 -0.24299 -0.54033 6.40463 -2.05292 -6.09479 -0.3712
-0.04549 -0.92685 -2.10624 11.14623 -0.93251 0.97095 5.43225 -2.35262 -5.00439 -1.61442
-0.67686 0.31214 -2.86451 10.80225 -2.96969 0.37764 5.55634 -0.88143 -4.76941 -2.01871
-0.96282 1.31725 -0.90671 9.7401 -2.79311 -0.1338 5.3668 -1.12382 -2.32234 -1.01621
-3.11439 0.50989 -3.58076 9.61706 -2.91718 0.44569 5.23002 -0.66884 -1.63258 -1.27927
-0.46723 -0.51685 -4.55922 9.59959 -2.51807 0.36144 7.85547 -1.25106 -2.16802 -0.89977
-2.34444 0.61256 -3.72791 9.34394 -1.33648 0.20563 8.27642 -1.46096 -1.80043 0.90984
-0.16314 -0.27796 -1.87735 11.12867 -2.34527 0.39732 7.50247 -0.28226 -0.15909 -0.80876
-0.47059 -0.4658 -4.07948 9.66055 -4.52805 -0.89295 6.48618 -0.88463 -1.10715 -0.7342
0.81336 1.43408 -5.97225 10.51593 -3.50578 -0.62586 4.87198 -0.64631 0.52508 -0.38332
2.23072 -0.26474 -4.59643 8.94637 -2.13968 -1.67843 4.21503 -0.47385 -2.45515 1.35158
1.09464 1.30251 -3.57277 7.36779 -2.90073 0.56569 5.22428 1.67624 -3.04614 3.4072
0.80204 0.53901 -3.86383 7.08299 -2.12963 -0.06024 4.28124 0.34114 -3.77563 3.37467
0.20189 -0.05531 -5.2038 6.41663 -1.39175 -0.172 5.14825 -0.65214 -2.857 3.99421
0.67228 1.39101 -5.66506 5.32518 -0.51601 -0.56323 6.13935 1.01808 -2.72523 3.0985
1.17012 0.45352 -4.28748 6.48085 0.3529 0.29536 4.75376 -0.59481 -1.45914 2.95104
0.65679 -0.31423 -3.64211 5.25358 -1.3263 -0.70915 6.52986 -0.55672 -2.57186 3.26368
0.11566 -0.48702 -2.55565 5.7174 -3.15302 -2.13619 7.20306 -0.78079 -3.65627 2.71844
-0.21069 0.11749 -2.84047 6.41646 -2.22635 0.82124 7.28317 -2.30314 -5.38239 3.05387
-2.1138 -0.81578 -3.697 8.63087 -5.02184 1.88897 7.89981 -1.05617 -5.99589 1.52388
-0.64182 1.83862 -5.90616 7.43683 -3.54095 1.39838 7.87627 -0.64602 -5.08304 0.95014
-0.18897 0.74107 -6.55783 7.24949 -3.70934 -0.76301 8.66515 -1.44224 -3.57315 0.33506
0.72563 0.7885 -6.32378 9.61848 -1.22013 -1.63909 8.64218 -1.41127 -1.74594 -1.07964
-1.09669 -0.16626 -7.6173 10.4143 -3.00534 -0.36743 8.76945 -2.45839 -1.39469 -0.65034
-0.4086 -0.09328 -5.66492 10.07814 -4.85422 0.09933 8.93923 -1.56655 -2.89175 -2.03541
-0.18848 1.5632 -5.57828 8.92489 -5.95486 -0.14957 8.03157 -0.72308 -3.87518 -1.7685
-1.46957 -0.06392 -4.96183 10.24864 -4.63351 1.08145 6.90827 0.73216 -4.44346 -4.68118
0.69939 0.854 -4.38203 8.88145 -4.74891 0.65152 9.00517 -0.45321 -3.84478 -6.99854
-0.12359 -0.6115 -5.14317 9.51124 -6.02032 1.87338 6.71346 0.89262 -4.55387 -5.12307
2.15981 -1.94136 -6.14767 9.77474 -5.94214 -0.09283 6.7957 -1.26525 -3.7124 -4.00524
0.84609 -0.96878 -5.2873 10.55706 -5.05858 0.13543 3.93603 -0.02937 -6.28321 -5.1421
0.03656 -0.12081 -8.098 10.65252 -4.085 0.45428 0.72938 -1.55642 -5.61772 -5.93369
2.16517 -0.43769 -7.20344 9.79512 -3.26065 0.42066 -1.97663 0.14058 -4.40442 -6.04495
0.85633 -0.1055 -5.20292 6.33017 -3.14967 0.25404 -4.27547 -0.9982 -3.34545 -3.74741
-1.02517 -0.31372 -6.25166 2.95208 -3.04912 -0.33572 -4.94931 -1.30347 -3.50131 -5.20929
-0.37496 0.22787 -5.34475 1.94102 -3.92298 0.38722 -6.04459 -1.40521 -4.67438 -5.13567
0.20924 0.61456 -4.28004 2.08278 -4.63824 1.60259 -7.46849 -0.30097 -3.16032 -4.65839
-0.52541 0.67532 -4.29485 0.06808 -4.60444 -0.57049 -6.79258 -0.62826 -1.26621 -5.67011
-0.66332 0.89848 -6.11865 -1.63209 -4.8844 -2.60258 -5.78204 -1.8811 -0.1779 -6.11508
-1.59447 0.31475 -4.75302 -3.69569 -4.76281 -1.16614 -7.58952 -1.54913 -2.48956 -5.14775
-0.9323 -0.12384 -6.68748 -4.71483 -4.9397 -0.21725 -8.47334 -2.9063 -1.48548 -3.61187
0.13113 1.77005 -3.78283 -6.55865 -5.70686 0.13821 -8.81918 -1.74415 -1.33694 -1.51028
-1.90336 -0.55094 -5.02911 -6.31453 -4.3635 -0.5504 -9.37848 -0.90538 -0.49797 -1.15788
-2.31856 -0.65156 -5.98738 -7.45274 -3.2326 1.12099 -9.73667 -1.89185 -1.63077 -1.19913
-1.89399 0.2909 -4.30626 -7.03334 -4.09235 0.86918 -9.9116 -1.39341 -1.65886 -2.12874
-1.60014 0.11345 -4.34089 -8.71892 -3.01809 2.16446 -10.04951 -0.74614 -0.23535 -2.21744
0.6355 -0.91878 -5.24403 -8.56929 -2.73795 -0.48952 -7.45422 0.27459 0.04867 -3.77769
0.75458 0.34109 -2.00729 -9.49278 -3.73043 -0.09207 -6.89124 0.37819 -1.55269 -4.59502
-0.6278 -0.30602 -3.27579 -9.83728 -4.54345 -0.51085 -7.13277 0.24205 -2.21504 -5.24039
-1.17945 -0.46679 -2.07874 -9.43464 -4.64741 0.76896 -7.32944 -0.30599 -2.72161 -4.08543
1.10097 0.69908 -2.44218 -9.27862 -4.23966 0.5764 -6.84557 -0.62182 -2.45891 -5.32569
1.77627 -0.28856 -2.97495 -8.47729 -2.0868 1.5655 -6.91414 -0.49658 -4.81634 -4.35331
2.11204 -0.08043 -3.90709 -7.86582 -2.63179 1.31116 -7.46555 -1.51598 -1.94286 -3.98972
-0.39453 0.86684 -4.85474 -9.39619 -3.68706 1.26004 -8.22484 0.71108 -0.14661 -3.61897
-0.21398 -1.61015 -3.45056 -9.89282 -3.16248 -0.72411 -7.57609 -1.08671 0.76737 -1.84601
0.1669 -2.49052 -4.35696 -9.70813 -1.65466 -1.03762 -9.27295 -1.78389 0.56975 -1.46574
1.87673 -0.96443 -5.54602 -9.8232 -1.29973 1.43971 -11.00139 -0.74804 -0.95327 -3.56239
1.30644 1.93405 -3.9437 -11.2177 -3.10883 0.00468 -12.40522 0.78202 -0.68031 -4.38634
-2.07662 1.53352 -1.93635 -11.54 -1.66331 -0.06688 -12.80275 -1.39279 -0.99475 -3.4403
-0.36501 1.37708 -1.0718 -12.46107 -3.31507 -0.2533 -11.80656 0.9952 -0.99571 -1.79016
-0.4733 -1.38697 -2.46461 -12.54054 -3.24288 0.71317 -12.10352 0.2434 -2.04887 -1.4925
1.22583 0.87282 -2.71488 -15.35559 -2.0594 -0.43685 -11.54017 0.88214 -3.6678 -2.32771
0.63499 -0.3165 -3.51736 -16.50212 -2.16996 -0.34791 -11.10558 -0.50668 -2.82141 -0.23211
-0.99879 0.6864 -4.16399 -15.40689 -1.47449 0.1819 -9.24148 0.27908 -2.72597 -0.96117
-0.04137 -0.85193 -5.28 -16.65977 -0.27038 -0.70287 -9.21704 0.13454 -2.41379 -0.68185
0.13565 0.25454 -3.98726 -15.24207 -0.43843 0.3176 -8.70251 1.40185 -3.94431 0.77826
0.54784 -1.25599 -3.23707 -17.56746 -0.67371 1.05014 -9.61704 -0.77587 -2.01451 1.88204
-0.9631 0.26978 -3.50564 -16.19955 -3.48315 -1.04099 -8.66836 -0.26144 -1.5603 2.38818
-0.75019 0.42176 -1.08473 -17.43106 -2.97776 0.1479 -7.12504 -0.18176 -1.97988 2.71319
-0.78339 -1.38812 -1.61609 -16.63545 -0.80196 -1.09967 -6.47279 -0.5367 -0.59426 4.42576
1.88206 0.77475 -1.86252 -15.87507 -1.95212 -0.52036 -7.17193 -1.2113 -1.82591 2.34888
-0.6212 0.20867 -3.00499 -15.64914 -2.07107 0.88771 -5.94784 -2.45466 -2.82519 3.63093
-1.17513 0.05337 -2.2293 -13.53769 -2.17871 0.05869 -3.44284 0.17966 -0.69177 3.44156
-0.30507 0.55771 -0.65816 -12.70544 -0.8244 -1.09492 -2.26789 1.33301 -0.57791 3.38808
0.56177 -0.4366 -0.06069 -10.70105 -1.24696 -0.53884 -1.83221 -0.5613 -0.56889 5.07649
0.21265 0.44486 -2.57207 -9.24229 -0.75584 0.20186 -1.30791 0.2092 -1.87232 3.71576
-0.74073 0.82064 -1.20511 -7.90655 -1.03262 -2.63807 -1.83544 -0.6556 -2.43621 2.6768
-1.1968 -0.3483 -2.46013 -7.70702 -1.62033 -0.07274 -2.65726 -1.13853 -2.68041 2.65588
-0.94266 -0.31889 -1.23679 -7.22889 -2.36504 1.51798 -0.97589 -0.91951 -3.45371 3.01666
1.01724 -0.57887 -0.43279 -5.22309 -2.62821 0.40226 -1.025 -0.0561 -2.64703 3.25095
1.59792 1.03757 -1.31066 -6.08372 -0.77941 0.77006 1.55452 -0.38148 -3.46288 2.91919
1.36015 1.65651 -3.15021 -5.83196 -0.80188 -0.20293 1.74757 -1.11614 -3.50672 2.56809
0.0151 0.64784 -3.6299 -3.61356 0.04529 -0.92086 3.90768 -1.8632 -3.01289 1.99041
0.96069 1.5164 -3.62313 -1.43117 0.51453 0.56229 4.4969 -1.32186 -2.9919 0.52536
-0.39731 -0.57025 -4.09707 0.13718 -0.20734 0.91647 6.15896 0.41438 -2.64652 -1.76539
-0.03603 1.38448 -4.26287 3.38822 -1.81668 0.79388 8.28188 -0.71466 -2.4113 -1.50389
0.92521 2.25266 -2.28635 3.89466 -3.64595 0.99734 9.53793 -2.47979 -0.29959 -1.34185
-1.06816 1.29305 -3.22862 5.87308 -3.27858 1.42774 9.01093 -0.57041 1.78657 -1.90704
-1.49363 0.30408 -3.22775 6.06592 -3.86263 0.37836 9.6549 -3.47725 3.09496 -0.91805
-0.05163 -0.68645 -3.35366 6.94985 -2.09091 -0.3755 10.68031 -1.31073 2.77746 -0.6458
0.85493 -1.37278 -4.02097 7.38363 -1.39199 -0.80648 11.16745 -1.56708 1.81634 -0.5354
-0.66279 -0.33976 -3.33535 8.76386 -2.61678 -0.14145 9.3282 -2.20843 1.0703 -0.46031
-1.00618 -1.05425 -1.8069 9.79284 -2.27247 -0.69074 8.36295 -0.44468 0.95917 0.1774
-1.1231 -1.63821 -0.91897 9.73335 -2.71667 -0.34953 5.72992 1.02899 1.7483 -0.70575
-2.00586 -0.04765 -0.1255 7.85886 -1.57183 -0.93578 5.10243 1.56148 0.40942 0.39524
-0.59808 0.2187 -1.71602 8.42212 -1.24568 -2.51445 4.36505 -1.36458 0.63708 1.1257
1.75564 -0.46903 0.36753 7.93881 -1.76473 -1.82043 4.0933 -0.22107 0.33662 1.61335
-0.06883 -1.29787 -0.03039 8.48607 -3.08208 -1.00884 2.50121 0.6313 0.10139 -0.42072
-1.87624 0.65697 -1.14751 8.70011 -1.69112 -0.53115 2.45748 1.10401 -2.01989 1.06163
0.7399 -0.5534 -0.76841 6.89849 -1.71803 0.6108 1.1835 -0.85208 -2.70433 1.26022
-1.87149 -0.97138 0.43716 6.14509 0.12829 -1.7137 1.80511 0.43767 -3.63948 0.25807
-1.39316 -0.17001 0.84715 4.68647 0.18463 -0.60432 1.48237 1.06462 -3.83821 -0.49303
0.52739 0.78304 0.59027 2.46701 -0.39472 -1.03171 0.82013 0.50894 -3.90643 -0.10168
-0.0261 0.72414 0.08357 2.32081 -0.67503 -1.05961 0.14766 -0.6343 -5.83162 0.5699
1.6795 0.59525 -1.01396 2.96811 -1.83788 -0.41228 -1.76282 -1.44423 -6.84203 1.83386
1.55699 0.35177 -2.6987 2.63468 0.93225 1.31101 -0.52758 -1.9879 -6.3017 1.24293
-0.14727 -0.6354 -3.6098 2.24145 1.15281 0.15446 0.01737 -1.71384 -4.19563 1.01673
1.24862 0.54838 -3.57894 2.37783 -0.17865 -1.79644 -0.53459 0.0726 -6.07179 1.07178
-1.05706 0.8306 -4.59974 1.29476 -0.20338 0.22281 -0.52002 -2.27092 -4.68957 0.9748
-1.24742 1.2315 -4.16745 1.3539 -0.95416 1.81359 0.15569 -0.71835 -5.64095 0.92067
-1.42753 1.93592 -3.71112 -1.63284 -2.45583 2.16292 1.51652 -4.12633 -3.98591 -0.02399
0.22593 -0.49721 -3.03231 -1.53624 -3.06105 1.94362 3.64086 -2.98262 -3.49402 -0.53953
1.2603 -0.60062 -5.02234 0.6927 -2.10352 1.14575 5.02819 -3.2317 -2.93612 1.00603
0.22821 -0.71545 -5.47725 1.95976 -2.41484 0.54 5.11932 -1.41383 -1.57033 1.15796
0.52652 0.05469 -6.35643 2.92707 -1.81638 -0.25673 3.07286 -1.07873 -1.68041 1.00104
1.03775 0.68762 -5.41291 2.64477 -3.17705 -1.77833 3.47154 -3.06054 -1.56934 1.10321
-0.37019 1.45514 -5.44961 1.39463 -2.89009 -1.2791 2.78511 -1.33321 -2.44684 0.8689
-0.83656 0.08601 -6.46773 2.48369 -3.85333 0.01183 3.12702 -1.7923 -1.05187 0.59931
-0.2149 2.60034 -4.16563 1.02569 -3.28449 -0.41432 4.24016 -2.25266 -1.25007 0.50127
2.19596 -0.332 -3.20364 -0.27817 -3.27128 -1.13942 3.425 -1.23111 -1.62679 0.98373
-0.35403 -0.35874 -1.46059 2.95515 -5.73155 -1.408 3.69675 -0.07407 -3.36855 0.09649
-0.32502 -0.27342 -2.95803 2.9626 -4.47694 -0.85178 3.65698 0.91593 -4.16241 0.67437
0.93193 1.29273 -2.99412 3.12121 -3.31949 1.73013 3.41307 -0.21429 -2.68208 1.76614
-0.47586 1.68643 -2.54775 3.09698 -2.99657 -0.07705 3.18521 1.55521 -1.63929 1.92335
0.11142 0.94863 -3.2157 3.0232 -2.86654 0.84439 3.77496 1.07487 -1.10015 1.87855
0.26947 0.6288 -3.55918 2.14724 -3.27376 -0.51589 4.17621 -1.37706 -1.55923 1.23429
0.98877 1.12762 -3.64233 2.97101 -0.53344 -0.19254 4.30273 -1.33738 -0.98658 1.01565
-1.74246 -0.22437 -4.72982 4.23607 -1.89666 -0.38871 4.11121 -0.91469 -0.06878 0.39962
0.36323 -0.01176 -1.63152 1.77088 -2.6859 0.24592 4.01047 0.59853 -0.32843 -2.03648
2.48921 -1.71923 -2.17767 0.78775 -2.16624 0.84654 2.60277 -0.53594 1.97962 -1.47726
1.32682 -0.79456 -2.31106 -0.70221 -3.93526 0.43164 4.08833 -0.49193 2.33718 -0.52972
-0.38591 -0.3894 -2.75914 0.28248 -1.74353 -0.39967 4.56032 0.81827 1.71617 -0.98188
-0.44936 -1.7484 -2.31003 2.80987 -2.44472 0.42434 3.2217 -0.07737 0.58088 -0.14662
-0.41193 -0.09427 -1.65462 2.15474 -2.36569 0.34306 2.13306 -0.79691 -0.65154 -1.26076
-0.45655 -0.36804 -2.19964 2.24342 -1.72223 -1.00054 1.79421 0.90867 -0.74217 -0.03038
-2.43015 0.47478 -1.55067 1.02211 -1.45675 0.16888 2.29223 1.9148 -2.62615 0.11861
-0.92839 0.65789 -0.85225 0.79432 -0.33585 -1.73943 2.19492 1.55512 -2.5058 -0.02759
0.85491 -2.46868 -1.34121 1.49042 0.14278 -0.28416 2.22784 0.68647 -3.69618 1.34509
1.87301 0.26492 -1.64446 0.17573 0.48803 -0.79018 1.79277 0.23661 -4.08103 1.24737
0.11367 -0.67344 -0.75293 0.39166 0.0563 0.66186 2.08997 0.92539 -4.03848 1.98534
1.285 -1.53871 -2.1219 0.94289 -1.27243 -0.68263 1.72969 -1.07568 -4.07594 2.26462
1.71803 -1.26438 -1.14082 1.81484 -1.27188 -0.80823 1.94656 0.59323 -2.4847 3.58721
-0.46439 1.03551 -2.94109 1.26649 -0.92895 0.8735 1.5307 -0.46281 -1.86898 3.97054
0.43189 0.95233 -3.77645 1.47696 -1.16449 -0.38359 1.10016 -0.72116 -0.54874 5.92988
-0.34584 0.51578 -3.82997 1.95283 -1.07639 0.47278 2.39901 -1.9287 -0.49175 4.37119
-0.24 -2.16635 -3.11446 0.53657 -1.19944 -0.96003 4.35674 -1.98265 -1.75666 5.30247
-0.85135 -1.19898 -2.59047 0.36459 -1.97793 0.99308 5.89384 -1.71745 -3.11489 3.93049
-0.41031 0.92543 -1.47883 1.18894 -0.56279 0.63956 7.26859 -0.07455 -3.52496 3.5749
0.53334 0.94849 -0.01492 4.52035 -1.25406 2.32222 6.87314 -0.75477 -5.45321 1.9932
0.30128 -0.60704 -0.78177 5.60676 -3.88486 -0.09918 8.74826 -0.66646 -4.80187 2.89099
-0.52083 0.60506 0.19548 5.63914 -2.68524 -1.57189 10.3609 -1.35727 -3.0675 1.86077
0.56316 0.57853 -2.6386 6.35724 -3.37864 -0.50444 9.39267 -0.67874 -3.24448 1.14364
-2.37567 -0.06813 -2.85026 7.43501 -2.07226 -0.80761 9.22405 -0.64186 -1.06338 2.86909
-0.57985 0.30045 -6.52575 7.76112 -0.99521 -1.09974 7.8741 -1.06896 -1.07896 2.96514
-0.14953 1.03706 -4.60657 7.39717 -1.33354 -1.56185 6.65603 -1.90502 0.70686 2.95907
0.61423 0.0504 -5.25558 8.37692 -1.56488 -0.37434 8.80402 0.04784 -1.32692 3.36602
2.14175 -1.59188 -3.01004 8.45475 -3.3027 -0.54733 9.8322 -2.03649 -2.15308 3.83697
1.93794 1.22659 -0.66819 10.18788 -3.88195 1.23191 9.99408 0.11422 -3.38006 4.69144
0.30945 -0.59437 -2.18021 7.71491 -4.50532 0.64964 7.29593 0.20079 -1.90626 4.02148
0.09582 -0.61042 -3.31433 8.7514 -3.23404 -0.58973 6.78932 -1.63765 -1.31743 3.27483
0.92753 0.6115 -2.53715 7.60037 -2.15306 0.62908 9.72231 -2.53735 -1.66983 3.82609
0.16025 0.09793 -3.68424 9.75399 -2.13238 0.42482 11.39745 -2.15651 -2.04298 4.43696
0.09361 -1.42503 -1.81045 10.22764 -2.28007 0.31579 11.53459 -0.20621 -2.7038 3.86095
0.82953 -0.03132 -4.12751 11.79093 -1.48968 0.96525 14.1061 -2.02776 -1.29907 5.00943
-1.14034 -1.13796 -3.2813 12.02777 -0.31019 2.40133 13.77757 -0.87564 -0.56909 3.78648
1.53321 -0.02609 -1.08311 13.35457 -0.25606 0.11442 14.0436 -1.33711 -0.4053 2.47705
-0.20795 0.64044 -3.58629 14.05821 -0.55377 0.49396 14.68078 0.06978 -1.46529 2.96887
-0.30366 0.62241 -3.66738 15.19696 -1.27614 1.5216 14.20609 1.36354 -2.01806 1.93063
0.39021 1.42459 -2.78052 14.81732 -1.03321 0.72433 13.90496 1.46195 0.30748 3.32569
1.06024 1.36914 -2.21646 14.12027 -1.87115 -0.0527 14.5088 2.16783 1.59073 3.32404
0.90216 0.11909 -2.92231 14.91011 -3.14203 1.47633 14.09593 -2.32503 0.03586 3.81323
0.19759 1.14199 -0.95163 15.51748 -2.20527 2.11801 14.14344 -0.66233 1.044 3.73905
2.16296 0.40868 -0.69482 16.31973 -3.67302 0.88913 14.8927 0.25787 2.3364 2.35959
0.25004 -1.79443 -0.29888 15.96081 -3.81888 1.21393 17.56595 -0.75822 3.37829 2.07321
-0.85377 0.37451 -1.69576 15.60247 -3.96755 0.3605 17.21237 0.84873 4.44213 2.54536
0.65533 0.40627 -1.92159 17.13584 -3.8037 -0.42595 16.19161 -0.26999 3.80722 1.23343
-0.03456 1.49748 -0.65849 15.65179 -3.59398 -0.73649 15.63336 -0.20474 4.97842 3.30131
0.27712 -0.30749 -1.35031 14.81334 -3.78914 1.515 18.24841 1.10161 2.77491 4.2107
0.96357 1.30094 1.44929 17.97452 -3.3344 1.26647 18.13553 2.20102 3.39547 2.72123
0.97433 0.60823 0.90188 18.60685 -1.83209 -0.22103 16.85387 1.24361 5.39274 1.47136
0.04468 0.16864 -0.27018 18.78228 -1.2396 -1.94665 17.54231 1.93559 4.14153 1.87952
-1.65683 0.89586 0.63623 19.3015 -0.44317 -1.30457 18.21545 0.24176 2.9154 0.89933
0.06408 0.23241 0.73894 20.09975 -0.32644 -0.73768 17.2622 1.56329 2.1138 1.61066
-0.57765 -1.12687 -0.07308 19.82615 0.18169 -1.6651 17.55235 0.21827 1.55161 0.80607
-0.88086 -0.24161 1.23557 19.2302 0.22528 -0.15947 16.49522 0.4803 2.29694 1.8936
2.53896 1.66145 1.8681 17.82102 0.72244 -0.38296 15.94075 0.83993 3.05398 1.03058
0.41643 2.83309 0.63147 16.831 0.57981 -1.70519 15.8868 0.19469 3.71429 0.54343
1.71948 1.2773 0.80393 18.66528 -0.03419 -0.78902 15.3081 -0.2458 3.92502 0.36327
-1.47715 0.41428 -0.28548 17.67354 -0.3342 -0.04031 13.89188 0.40637 3.26866 2.33462
-0.80718 -0.49214 1.30846 16.79557 -0.91514 0.93099 11.99089 1.67682 3.36783 2.75019
1.05419 -2.08646 0.65275 15.98872 -0.78119 0.8054 9.80875 1.85201 3.32036 3.43818
1.04562 -0.80808 0.82786 14.47348 -2.19492 -0.45222 9.24564 2.10521 2.05366 3.74732
0.28272 1.4538 1.37057 11.67831 -0.13037 0.45392 8.99808 1.80858 0.19005 5.24944
-0.94621 0.11022 1.41136 10.42381 0.30085 -1.67081 8.36104 0.17308 0.74663 4.56149
-0.77032 -1.12918 1.70374 10.11218 -0.18695 0.75837 7.67469 1.87122 -1.24733 3.78885
0.50091 -0.18227 0.3315 8.97338 -1.70696 1.85764 6.78822 1.27718 -2.0851 2.97281
-0.23216 -0.19678 0.9513 10.7653 -0.31348 0.63517 9.47626 1.3256 -1.0984 3.61208
2.02656 1.52196 0.30547 11.05971 1.01896 -1.4102 9.60877 0.59202 -0.24513 1.95381
0.03062 0.97002 0.20347 9.93744 1.73461 -0.39497 9.96186 0.68126 -1.70679 2.32274
0.37706 0.50666 -0.55309 11.7963 1.40395 -0.6747 8.33003 1.6067 -3.12083 3.2564
-0.20939 0.74812 -1.5853 11.08813 0.44178 -0.29893 7.66109 0.93644 -4.16002 3.71214
-0.72989 -0.29666 -3.18341 9.98427 -0.40793 -0.33313 6.98562 0.7915 -3.91334 4.93185
0.58514 -2.5109 -1.94022 8.56842 1.15165 0.18255 8.71002 0.68114 -5.98551 5.62269
1.32257 0.36401 -2.70205 8.72404 -0.54711 0.66087 9.44567 0.12255 -5.11848 5.69859
0.24976 0.14169 -2.94331 10.87971 -1.22691 -0.14463 7.7829 -1.7058 -5.02732 4.5165
1.65031 -0.42163 -2.57409 9.41426 -0.9927 -0.31031 8.01075 -1.2732 -5.26615 4.06712
1.14672 1.76675 -4.38721 9.60476 -0.16439 -0.48245 9.79483 -0.52824 -5.32936 2.79631
0.11392 0.26832 -3.50479 9.0302 0.38662 1.31196 9.61465 -1.04329 -5.36868 1.13471
0.30872 -0.16375 -4.27056 11.53258 1.05557 1.61495 10.33604 0.00718 -2.71392 1.13978
1.53254 0.77292 -3.5969 12.57422 -1.74389 -0.2276 12.08142 -2.5002 -2.01908 0.8027
1.04305 -0.82083 -4.47608 13.1261 0.59692 -0.0608 12.00431 -2.80139 -1.60055 1.78952
0.83452 0.59638 -2.83928 13.22113 -2.1667 1.22065 9.70203 -1.39002 -1.99337 0.35161
