-1.68444 0.67546 -0.27683 -0.76759 -1.78125 -0.77423 -0.6829 3.40919 1.04354 -0.59861
-2.45151 0.32072 -0.73014 -2.29919 0.17086 -1.22836 -1.33156 3.48105 0.93024 1.44417
-0.84174 0.21409 -0.60759 -0.83322 -0.43548 0.42268 -0.8783 2.42141 -0.54989 1.47345
-0.08358 1.82895 -0.44284 0.18111 1.44446 -0.61959 -1.68757 1.79141 -0.32276 0.67525
-0.01324 2.24506 0.08285 0.76515 -0.36078 -0.81002 -0.01406 -0.20881 -0.73671 1.39037
0.73023 -0.02042 -0.87 0.35371 0.0844 0.37961 0.47948 0.06395 -0.56915 1.58713
-0.11303 0.41573 -1.05417 0.39052 1.72626 1.96508 0.72267 -0.34456 -0.15596 0.29214
-1.04146 -1.86136 0.04735 -0.21338 -1.00195 0.81455 1.23661 -2.13225 -0.45473 -0.9681
0.96343 -0.66303 0.51634 -0.52684 -0.66911 -0.24254 1.63583 1.13509 -1.68109 2.59876
0.6006 1.81248 0.01423 0.74571 0.35947 -1.3368 2.20919 1.21582 -0.07501 1.66611
1.22931 2.14758 0.58586 -0.25992 1.73259 1.61515 3.69755 0.72508 2.37457 2.64501
0.53693 2.89966 -0.37091 0.02303 -1.29683 0.78665 2.91082 0.42607 1.06603 1.13432
1.5401 0.26972 1.10979 0.41719 -1.3849 0.49881 3.18297 1.44118 0.65127 0.03242
-0.28798 1.10841 2.01387 -0.31236 0.5883 -0.28904 2.29989 0.54479 0.64985 -0.59869
-0.43135 0.80883 1.57444 1.15323 1.09386 0.63236 0.67672 -1.36515 2.82919 -0.88304
-0.82186 0.05837 0.77362 0.27081 1.32422 -0.3824 -0.25842 -1.54183 -0.30889 0.23258
-0.43104 -1.50537 -1.99763 0.04907 -0.73286 -0.78911 -0.58302 -0.18791 1.67609 1.02507
0.69027 -0.85266 -1.55689 1.24258 -0.43732 -0.65367 -0.14131 0.80128 0.27972 0.9776
0.61467 -0.62634 -0.40242 -0.39161 -0.56676 0.33929 -1.52469 -0.17775 -0.30767 1.46867
-0.89707 0.66949 -1.92447 1.66736 -0.24851 0.46283 -0.68227 0.37038 0.56419 1.50861
0.74058 1.18944 -1.46927 -0.71122 -0.63073 -1.03694 -1.11833 1.12348 -0.04528 1.31477
-1.14691 2.0884 -0.30637 0.31483 0.47379 -0.15307 -0.74307 1.57505 0.58366 0.38106
-1.99994 1.50319 -0.59194 0.39062 -1.47087 -0.38194 0.65217 1.71919 0.00274 0.43958
-0.81111 1.55415 0.14047 0.01207 -1.12241 0.2044 1.12425 0.58843 -0.66219 0.00165
-1.18523 1.80065 -0.3288 -0.54032 0.78585 0.74308 0.85752 3.06882 -0.99757 -1.74136
-0.42967 1.1358 0.87515 0.24821 0.2641 1.46795 1.85952 1.75344 -1.85048 -1.31474
-0.31071 0.29174 0.96892 0.84217 1.00066 0.78395 2.87559 2.69348 -0.93417 0.13664
-1.48305 0.78346 -0.22976 0.37934 -0.06 0.24975 3.3688 1.01116 -1.68976 0.20577
-0.86289 3.4274 1.49948 -0.58774 0.57437 -0.5309 3.65341 0.9717 -2.04488 0.09802
-0.28204 4.07652 2.52438 0.4103 0.443 -1.60555 2.84366 1.22803 -0.32006 1.72146
-0.14129 4.68033 3.39208 0.3405 1.08935 -1.82439 4.15738 -1.09955 1.95353 1.30564
-0.2878 3.22199 1.25588 1.21145 -0.00716 2.23063 4.30113 -1.33609 2.56757 0.08084
1.93032 1.43026 0.17779 1.80642 -0.8707 -0.46411 4.09285 -1.14395 2.62926 -1.43679
0.47719 2.19897 1.85986 -1.75543 0.56865 1.71902 4.02263 -0.82995 0.68792 -3.16758
1.01143 2.82013 0.23336 -1.09083 0.71569 -0.62359 2.57219 -0.73326 1.94691 -2.17226
1.67706 2.11472 -0.12048 -1.87269 1.26535 1.22051 2.34793 -0.3433 2.71697 0.41941
0.65141 2.3454 -0.9828 -1.30295 0.50583 1.05748 1.64014 1.98775 -0.99879 0.71891
1.07127 0.71121 -3.53202 -0.15822 1.29251 0.69776 -0.02046 2.73454 2.32036 0.04218
1.6276 -0.95955 -2.10683 0.95583 -0.50914 -0.97671 -1.58886 1.14993 -0.86495 -0.78316
1.24709 -1.23072 -1.00554 0.42422 0.11211 -0.25463 -1.53136 0.22453 -0.05461 -0.39597
0.55249 -1.98019 -0.40198 1.24275 -0.74909 0.57893 -0.61961 0.34886 0.68601 0.33482
0.21785 -2.77407 -1.08357 0.07677 0.24142 0.07447 1.2752 0.26786 0.92378 1.94315
0.23559 -2.89613 -0.30249 -1.11918 -0.77697 1.23493 1.31844 0.85176 0.1006 0.55394
1.03132 -2.50198 -1.23939 -0.14151 1.24763 -0.35065 -0.03129 1.21258 -1.75704 -1.28489
0.93591 -2.7505 -0.57516 2.26782 -1.24029 -2.23494 -2.02625 -0.10738 -0.45847 -0.38436
-0.28689 -2.83157 -0.03808 -0.38849 -0.22576 0.78724 -1.63064 -0.10997 1.09888 0.80819
0.05182 -2.58016 -1.02382 0.71802 -0.08928 -1.9616 -0.2781 -0.99902 -0.21463 0.49617
-0.28438 -3.17768 -1.61113 1.06273 -2.42144 1.19179 0.0474 0.28425 -0.38498 0.88442
1.95453 -2.53793 -0.90618 -2.36687 -1.69097 0.90805 -2.67588 1.10459 -0.38581 0.00549
0.40226 -1.63217 0.58249 -0.93062 -1.67421 0.32034 -2.71578 1.53417 -0.15348 -1.5427
0.71536 -0.69734 0.52707 0.45163 0.02537 -1.32988 -3.03493 1.59658 0.76067 -2.48533
-1.48542 -0.18414 -0.16031 -0.11028 -0.05197 -1.01607 -4.17408 0.03696 -0.13674 -0.30582
-1.64949 0.14712 -1.70139 0.51629 -0.51126 -1.37355 -3.306 1.58727 -0.17634 -1.5869
-0.44492 -0.37926 -0.04854 -0.48326 -1.19038 -1.87622 -3.16512 -0.45229 -0.75921 0.5861
0.16977 -0.235 1.78617 0.0221 -0.09649 1.12982 -1.34422 -1.2121 -2.1191 0.80171
-0.04434 -0.66191 0.56285 0.10861 -0.85454 -2.89286 -2.3517 1.12759 0.88594 0.17054
1.17934 -1.22396 -0.23815 1.55467 -1.18637 -0.603 -3.36424 1.33147 -0.05144 -0.34038
0.78015 -2.62142 -0.88392 -0.31397 0.4176 -1.12703 -1.70638 0.75918 -1.99938 1.81616
0.41736 -1.58888 -0.73357 0.45585 -2.40973 -0.0226 -1.85069 0.17044 -3.25609 0.26653
2.21362 -0.05755 -0.0467 -1.73643 -0.62505 1.81983 -1.23275 -1.67276 -0.55859 -0.32942
0.50412 0.93508 -2.15118 -1.68153 1.27263 2.39298 -0.03907 0.18245 -1.72081 -1.46052
0.27646 1.28085 -1.27721 -0.86673 -0.17565 0.88285 1.34692 1.45615 0.50873 -0.01155
1.00833 0.58383 -0.444 0.46413 1.6776 1.23231 0.79958 -0.72066 -0.25068 -0.29646
-1.09257 0.50285 -1.85496 0.18426 0.19062 1.05861 -0.46749 -0.41371 -0.06997 0.62164
-0.27982 1.44072 0.3735 0.4061 -1.25047 -0.5885 -1.39834 0.56414 -0.66089 -2.91508
-1.03453 1.12342 -1.36206 0.00915 -0.75615 -0.79978 -2.35476 1.06481 -1.80895 -0.91543
-0.40245 1.70706 -2.35027 -1.80875 -1.0747 0.19879 -2.57207 0.11367 0.34427 2.29725
-1.02969 1.91626 -0.81147 -0.97155 -0.64322 0.84939 -1.71819 0.39854 0.40778 1.1982
0.14098 3.0767 -1.98742 -0.16619 -1.37659 0.90266 -2.47941 -0.81931 -0.58141 1.59389
1.01547 1.23206 -1.73332 -0.56032 -1.00979 0.64327 -1.49852 -0.09246 -2.51543 0.70679
1.54548 1.39699 -1.04876 -0.41723 -1.6237 0.04238 1.00393 0.2993 -1.99 -0.20763
0.01608 1.89104 -1.25199 -1.49112 -0.70676 -0.0721 -0.98937 0.26094 -0.93911 0.0428
-1.43321 0.50185 -0.76621 -0.93105 0.32623 0.62822 0.33234 -0.46852 0.4581 -0.04826
-2.59745 0.19855 -1.26052 0.68296 0.74634 0.66557 -1.22224 0.74945 -1.6302 -0.14197
-0.91707 0.45835 -1.23029 1.56083 -1.03544 1.67167 -1.65716 0.35753 0.19222 -1.48215
-0.12313 0.12843 -1.41495 0.69312 -1.67376 1.64514 -2.82833 0.93123 -2.64425 -1.15177
0.69626 0.3215 0.50543 -0.47898 -1.24744 -1.13832 -1.15657 1.00437 -1.5202 -1.14769
0.12166 -1.00961 1.60701 -0.5759 0.37195 0.30718 -0.7507 -2.37185 -1.92993 0.18089
-0.67814 1.17393 1.48491 -0.32035 2.73366 0.64296 -1.86955 0.42817 -1.56428 0.15553
-0.97729 0.24865 1.55418 0.25537 0.84493 0.6392 -1.59797 -0.28755 -0.28568 0.57997
-0.07567 -0.42846 0.86079 -0.53984 1.28535 2.45395 -2.41368 -0.02379 -0.15829 -0.90461
0.63845 0.40869 -1.10444 -0.15608 -1.05251 -0.44149 -1.80187 0.05725 0.48901 0.469
2.03532 0.64165 1.26196 -1.45382 -0.85528 -0.06787 -0.76318 -1.63611 -1.1102 -0.36272
1.70218 -0.0068 -0.31228 -1.72175 -0.98514 -0.66477 0.58792 0.54842 -0.63456 -1.86963
0.20899 -1.30028 -0.47676 -2.43906 1.26987 -0.70435 0.63399 1.87988 0.4969 0.24675
0.44189 -2.2083 -1.40914 0.44654 1.01363 0.02489 -0.7746 0.43767 -0.75152 0.47873
-1.02229 -2.60046 0.49073 1.25199 -1.77558 -1.86916 -2.36128 1.13005 0.16684 -1.34314
-0.31068 -1.62947 0.53818 -1.98383 0.17885 1.17717 -0.21267 1.17606 -1.11225 -0.14912
-2.61111 0.63339 0.06585 -0.50902 -0.20571 0.15692 -0.18443 1.14704 0.04364 0.36361
-2.36667 0.91246 0.53157 0.01968 0.37769 -1.23008 0.93891 -1.53924 -0.81714 -0.50213
1.27882 -1.17327 -0.02688 2.17895 0.19002 0.77803 1.72692 -0.68355 -0.80939 0.36478
0.64501 -2.26182 0.52979 -0.80022 -1.59038 -0.41757 -0.45887 -0.02309 -0.78368 1.57022
2.15251 -0.56001 0.45759 1.14647 -0.54693 -0.14363 -1.00566 0.74491 1.84922 -0.14866
-1.53031 0.17998 0.76112 0.889 -0.85836 0.85382 -3.41057 1.33996 1.06556 0.27372
-0.72379 0.02675 1.269 -0.1398 1.52305 0.88492 -3.75529 -0.41567 1.73562 0.03757
1.15411 0.15548 0.93111 0.65939 1.28011 -0.49145 -2.90413 0.38995 -2.22503 0.9799
1.08199 0.03352 0.49242 -0.00983 -0.28299 -0.35124 -2.03813 0.92438 1.39695 1.0216
1.95118 1.14577 -0.04955 0.08343 0.17853 1.37963 -3.03135 0.12607 -0.49018 1.25427
0.2908 2.35477 0.32202 0.92794 -0.78533 1.17056 -2.51066 0.25067 -0.40423 -1.07095
-1.06344 2.16326 -0.16163 -0.73067 -0.1676 -0.62212 -2.15021 1.07408 -0.02849 -1.44217
-0.89746 1.62785 -0.84944 -2.14006 0.90069 0.1638 -3.62994 1.97225 -1.22631 -0.33035
-0.33973 1.11919 0.29946 -1.61599 0.55721 0.22488 -2.90805 0.61406 -2.75738 -1.68302
0.92895 -0.0812 0.72778 0.10542 -1.13531 0.73974 -2.65578 -0.56917 -2.77425 -0.23132
2.38834 -0.09921 0.96583 1.00593 1.20791 -0.41966 -2.51533 -2.39115 -0.95525 -0.08784
-0.12958 0.68546 1.29822 0.16856 -1.82612 0.0377 -1.19453 -1.37192 -1.61668 1.16599
-0.0623 1.33967 -0.88581 -0.90824 0.03453 0.14848 1.82739 -2.7625 -0.41856 -1.80726
-0.34233 0.19801 0.09457 0.03811 0.86243 -0.7455 2.34678 -1.66048 -0.41825 0.85549
-0.201 0.80718 -0.16804 0.44729 -1.37953 -0.81292 1.13408 -1.60155 -1.55375 0.86723
-0.9596 -0.63178 1.5886 -0.43647 -1.09664 -0.61666 1.26759 -0.8093 -0.51773 -0.82386
-0.65492 -0.11204 0.22949 -0.05665 1.42423 0.71853 0.97195 -1.96323 1.60319 -0.00093
-1.56759 0.95319 -1.0941 2.16277 0.43495 -0.17787 0.09228 -0.89109 -0.59519 0.05291
-0.9232 -1.03305 -1.09119 -0.04369 1.3548 -1.21368 0.18194 0.05384 1.92704 0.09057
-0.00482 0.60926 -0.76313 -1.3878 -1.07861 -0.62401 -0.78148 0.56366 0.45053 -1.05803
0.61551 1.15532 -0.43822 -1.09017 0.9837 0.87569 -2.72439 0.13099 -1.99111 -1.96489
2.54821 0.5822 0.13427 1.16676 -0.24747 1.30112 -3.88817 -0.357 0.10796 -0.59572
1.26615 -0.66996 -0.15045 1.9877 0.85115 -0.15225 -3.21456 1.21624 0.52215 2.0095
0.16936 0.15694 -1.17815 0.14631 0.89664 -0.01652 -3.27727 1.85078 2.60176 3.06664
1.28997 -1.28741 -1.15139 -1.36027 0.13453 0.2448 -1.96124 1.33928 -0.85319 1.86246
-0.54063 -0.3496 -1.12889 0.49561 0.25517 1.03998 -3.12295 -0.02485 -1.98774 -0.6048
0.86466 0.40032 -0.37869 -0.37628 -0.4549 2.24562 -3.39062 0.67954 -0.77652 -0.549
0.20854 -0.54708 0.42639 -0.80769 -0.64776 -0.39807 -3.71401 2.72785 -1.27368 -1.07676
-1.71566 -1.67134 -0.45154 0.07175 -1.5132 -0.96989 -4.70023 2.35928 -0.37691 -2.89065
-0.97809 -0.98091 -0.12255 -0.15159 -1.71629 0.73316 -5.37063 0.90927 -1.19481 0.05051
-2.24209 1.9378 -0.54308 0.89442 0.96997 0.39552 -3.86436 0.44603 -0.64033 0.45708
-0.7256 1.04092 -1.25279 -0.37654 1.12905 0.03875 -2.8005 -0.47735 -0.32557 1.92762
-1.07867 0.11424 1.26012 0.54698 0.43109 0.16197 -1.2606 0.58439 -2.09168 0.27168
0.61738 -0.9493 0.76685 2.50472 -0.43334 0.04043 -1.50803 -0.61065 -1.93658 -0.1336
-0.97116 -0.98263 -0.55849 -0.48213 1.74759 0.85518 -1.029 -0.18103 -0.61475 1.40767
-0.36096 0.18221 -0.58227 2.34905 1.63749 1.76809 -1.84643 0.02142 0.79252 -0.65525
-1.01301 0.45491 0.46035 2.39957 -0.28939 0.12985 -2.30349 0.93191 -0.97756 -1.21793
-1.6767 1.0803 0.25428 -0.80086 -0.15891 -0.07791 -3.7487 -0.55063 -2.11736 -0.66964
-0.37374 1.62378 -0.45796 1.67018 0.78824 -0.23799 -3.10496 0.38837 0.10211 -1.10149
-0.57807 1.63876 -0.21668 0.96499 -1.70603 0.08755 -2.58207 -0.30063 -0.37117 -1.4731
-0.69489 2.28946 -0.86153 1.21617 -1.02351 1.579 -3.99495 0.51051 0.17729 -2.30331
1.57278 0.48962 -0.39122 -0.20574 -1.03515 -0.69977 -5.18637 -1.10469 -0.42121 -0.46307
-0.0347 1.17122 0.64669 -0.1442 -0.50515 0.99568 -3.22732 -2.52182 -1.40641 -0.23061
0.40854 1.43458 1.19237 -0.28579 -0.15401 -0.73056 -2.11905 -1.5528 -2.06868 -0.54642
-1.48393 2.05864 0.62458 -0.56179 0.84188 -1.63411 0.51122 -0.60116 -3.2879 -0.03678
0.2219 2.59918 1.29797 0.2181 2.07714 -2.8053 -0.21056 1.199 -0.13167 0.2845
-0.42887 1.09606 0.52815 1.48124 2.59443 -2.81244 0.44955 0.84031 -1.03345 0.61639
2.57472 -0.20989 -1.72907 3.458 0.09186 -1.3611 -1.62417 0.59284 -0.52857 -0.01993
0.43328 -0.20643 -1.60023 2.41191 -2.16305 -1.11744 -2.29712 0.61709 1.02972 -0.60359
-1.40485 0.75816 -1.05061 0.88656 -2.72108 -0.52913 -2.13611 -0.0994 -0.71279 -1.94709
-1.15172 0.95508 0.06102 0.32107 -2.76177 0.74928 -1.32423 1.50403 -0.87015 -0.32118
-1.19271 0.81555 0.00403 -0.94622 -1.25267 0.77193 -1.69931 1.70027 -1.99794 -1.40295
0.63009 0.24586 0.46444 -0.28113 -0.29308 0.08904 -1.82424 2.33433 -0.04235 -1.34776
-0.83805 0.81507 0.71707 0.57973 1.03857 0.99834 -2.20298 1.2306 -0.90931 1.27693
1.35802 0.1355 1.6228 -0.70852 1.8846 0.0904 -1.29448 1.52803 1.08156 0.25909
1.42229 0.12905 0.55565 1.13031 -0.33452 1.53845 -0.62547 -0.58187 0.62725 0.02345
-0.22923 0.76542 -0.2353 1.16766 2.07682 -0.1064 -0.36184 0.47211 -0.38373 -0.78079
0.93801 -0.3292 0.17405 0.68373 -0.1927 -0.09147 -0.91343 -0.67482 0.9102 -0.14692
0.27246 -0.6152 -1.183 -0.97808 1.09573 -0.05799 1.33055 -0.22615 1.03212 0.07444
0.06759 -0.40359 -0.10353 -0.39618 -0.02485 0.45014 0.94203 -1.4516 -0.07722 1.11152
-0.01182 -0.03695 1.87765 -2.2743 -0.02618 0.4831 -0.28685 -0.70203 0.25824 0.15587
-1.89245 -0.21185 1.91898 0.20966 2.02584 -0.24368 -1.77942 0.08344 0.10524 1.52708
-1.30605 0.20752 0.81345 2.181 0.90596 0.37184 -1.85518 2.67654 1.09227 -1.92366
-0.73283 1.3867 0.6316 0.74439 -1.04171 0.38045 -1.26837 1.31199 0.97947 -0.50042
-1.89341 0.24609 -0.65466 0.13173 -0.97299 0.53331 -1.91739 0.23054 -0.29117 0.76348
0.0459 -0.44577 -2.1174 1.47633 1.24905 -1.28125 -3.58299 0.83111 1.13606 0.84005
1.19885 -0.16226 -0.5114 0.45767 0.2664 1.42359 -3.0011 1.52783 -0.47343 0.52411
0.11765 0.48211 -1.88474 1.97838 0.18427 1.31124 -1.47017 2.51418 -2.24647 0.94
0.41811 0.35339 -0.89116 0.32716 -0.79313 0.30193 -0.49739 1.90192 -1.0961 1.71353
0.26292 1.48728 -1.72255 -0.33023 0.08838 0.72279 -2.02581 2.47628 -0.43481 1.24089
-0.20476 0.8967 -0.23485 -0.07358 0.64599 -0.33192 -1.51707 1.15526 -1.23331 -0.28532
-0.0786 0.70756 0.07449 -0.76638 -1.77744 -1.59076 -1.03591 0.59526 -0.69925 0.95591
0.09335 -0.48396 0.51151 -0.17075 -0.42571 0.27896 -0.96423 2.26546 0.304 1.27851
0.33581 0.31888 0.32994 -1.12761 -0.58008 -0.42649 0.1459 0.85659 0.06709 0.0015
1.87006 -0.54932 0.33914 0.80797 0.15033 -0.90554 2.71455 -0.44593 1.43123 0.58752
2.06698 -0.27974 1.87592 0.84226 -1.00018 1.10136 3.71116 -0.2292 -1.79342 1.47946
1.36888 1.06366 0.40876 -0.59577 0.20022 0.88723 3.06952 -1.02031 0.5399 0.98801
-0.84067 1.06765 0.14259 0.11789 -2.1259 -2.00076 1.61086 -1.62626 0.10012 -0.04522
0.56091 0.13102 -0.63811 -0.05577 -2.39208 0.17853 -0.21132 -2.53073 1.58935 -0.14664
0.1953 0.3319 -1.47012 -0.6849 -0.77631 0.8025 -0.45425 -1.3968 -0.18439 0.47963
1.27821 1.44497 -0.50942 -1.62277 0.262 1.22501 -0.57453 -2.08423 0.39387 0.46546
0.55233 0.02838 0.09948 -1.78917 -0.59704 0.86212 0.19623 -1.75558 1.70669 1.35592
-0.08859 1.0171 -1.06146 -0.84374 0.94397 -0.70063 0.2636 -0.26811 -1.09823 -0.7322
-0.77559 0.14509 -0.42528 -0.21984 1.72926 -0.00742 -1.24171 -2.1963 0.78245 0.7464
-2.4495 -0.83949 -1.01643 0.01426 0.88004 -0.1627 -1.2407 -2.75939 0.3507 -0.43543
1.16048 -1.52376 -1.03753 -0.64594 -0.22244 0.30182 -2.69473 -1.32527 -0.68807 -1.41246
0.99286 0.65669 -0.55221 -1.13374 1.39063 1.4137 -2.52156 -2.04153 -2.30065 -3.07472
1.34472 0.53495 0.24257 -1.84187 1.28059 -0.5181 -4.30062 -2.0822 -0.62172 -0.53925
-0.7267 -0.03092 0.97928 -1.55798 1.62517 -1.30421 -5.51143 -1.27783 -0.60457 -0.32625
0.14084 1.12446 1.57508 1.40036 2.201 -1.39019 -4.36811 0.35652 0.32535 1.35495
-0.16394 -0.50069 0.73503 1.74055 0.86335 -1.43254 -5.65513 -0.32344 0.21799 -1.4161
1.39073 0.55856 0.62551 1.01675 -1.49615 -0.88338 -5.7068 -1.08582 -1.31394 -1.72565
0.89778 -0.9278 -0.22423 0.32541 -1.20813 0.26513 -4.4412 -1.25086 -0.95614 0.85734
0.51653 -0.81585 0.42954 -0.90066 -1.28452 0.95725 -4.12338 -1.26348 -1.15049 0.99986
0.25777 -2.78101 1.05268 -1.99051 1.20487 -0.56356 -4.31121 0.92978 0.28998 -0.1745
1.47527 -1.7143 -1.07871 1.17938 0.58922 -0.80963 -4.73299 2.0853 -1.00264 -0.79041
-0.15429 -2.37771 -1.13248 1.86386 0.83293 -1.19618 -4.79622 2.16579 -1.39719 0.1036
-0.15138 -0.86013 0.47617 0.93044 -1.78908 1.29994 -5.25362 -0.62124 -0.4707 -0.52332
0.90587 -1.55798 -0.71007 -0.22151 -2.1421 -0.46482 -4.10818 -0.14572 -2.30475 0.54644
-0.93918 0.35627 -0.6856 -1.79793 -0.58292 0.65683 -2.04899 -2.69993 0.36195 -0.41712
-1.04258 2.29452 -0.43129 -0.54699 0.8049 1.73227 0.26063 -3.52732 -0.79746 -0.94147
-0.18976 2.30661 -1.45682 -1.05197 0.23619 0.60575 0.46814 -2.19065 -2.58255 -0.88696
-0.98579 1.25085 -1.48574 -1.55582 -0.76345 1.28887 0.84335 -0.10631 -1.69446 -1.18207
-0.13667 0.48387 0.2715 -0.53061 0.33449 1.16348 0.0843 -0.26428 -1.25655 -0.17336
-0.31276 0.82434 0.69635 -0.72666 0.38899 0.81746 -0.57117 -2.73998 -1.68089 -1.7211
-0.45632 0.06251 -0.0115 0.28661 -0.04912 -0.25487 -0.04746 -2.71089 -1.16547 0.50314
-1.74371 2.14486 -0.11343 1.11922 1.04984 0.04794 0.85898 -1.9349 -0.53278 0.60844
-1.64889 0.80202 0.05567 0.84617 0.95531 -0.90717 -0.88198 -1.19459 -0.00646 0.48155
0.09062 1.01691 -2.57149 1.47588 1.09326 -0.31257 -2.32637 -0.36734 -2.97324 0.85407
2.05986 -0.65929 -2.66744 -0.44228 0.93543 -2.21647 -3.46786 -1.40639 -0.11918 0.73736
0.44329 0.00333 -1.77503 -0.70748 -0.99619 0.16202 -1.97112 -1.49909 0.07624 0.94649
1.02688 0.50312 -0.80738 -1.76004 -2.94267 -2.29541 -4.01764 0.08608 0.52128 0.16724
-0.61651 -2.05247 -0.31914 -0.68756 -0.35154 0.00041 -3.06553 -0.58056 -0.10868 -0.65058
-0.80653 -1.32573 -1.0805 -1.44296 1.36281 -0.19129 -2.63549 1.84913 -0.91494 1.98114
-1.01774 -1.65205 -0.20305 0.75491 -0.89729 -0.33693 -3.9831 2.16084 -0.91273 0.99883
-0.40175 -2.88565 -0.93559 0.33182 -0.52209 0.25211 -3.83716 1.8457 -1.82357 1.20089
-0.77212 -1.36473 0.24553 0.4689 1.82462 -0.87785 -2.56962 0.06283 -1.01798 0.22026
-0.43517 -2.20493 1.22183 2.04478 -0.99778 -1.37486 -0.83779 0.12151 -0.37499 1.24041
-0.31241 -2.34762 2.04907 1.03583 1.06045 2.23591 1.22273 -1.60122 -0.19278 1.0934
-1.24122 -3.35279 1.37265 0.96255 0.2353 3.03316 1.037 -1.37982 -0.10493 0.01882
-1.89117 -0.90195 1.45934 1.80074 -0.61076 -0.02159 0.98535 -1.47372 -1.31749 0.83381
-1.92922 -2.0298 -0.03142 1.26188 0.70719 -0.12568 0.31779 0.7201 -0.00297 2.36475
2.20347 -1.79576 0.24677 -0.85172 0.94065 -0.56262 1.4951 1.77052 -0.09003 0.46771
0.71077 -0.67839 -1.17344 1.04162 -1.23203 -0.13432 0.5348 0.92971 0.56798 1.32867
0.11055 -0.76693 -0.09306 -1.6917 -0.25983 -1.38979 -0.51068 2.3873 -0.20531 -0.77963
-0.07508 -0.22219 0.078 -2.95032 0.42108 0.29334 -0.33025 0.71167 0.06808 -1.35582
0.50913 -1.56663 0.19816 0.79538 0.42146 -0.07711 1.88634 0.5567 -0.2064 -0.6205
0.58105 -2.15042 1.04006 -0.94105 0.43774 -0.37826 1.4115 -0.55527 0.94363 -0.61413
-0.96583 -0.62925 -0.8519 0.231 2.15194 -0.74865 3.66548 0.19209 -0.22264 -1.66694
-1.68322 -0.75241 -1.58101 2.44217 -0.06131 -1.26446 3.98358 0.36789 1.50183 -2.44147
0.98291 0.52033 1.43907 0.02638 -0.23524 -1.3728 2.94733 -0.77907 -0.7716 -1.09078
-1.50717 -0.15651 -0.12755 -1.13981 0.83803 -0.55221 2.03584 1.09537 -0.26942 -0.99127
1.03669 1.29327 0.52309 0.39455 0.23178 -0.1046 1.0736 0.52241 1.33516 -1.4537
-0.62638 0.07631 -0.52337 1.38392 1.04852 -0.55689 2.00901 0.20367 -1.69342 0.56142
-1.63901 0.518 -1.78643 2.16706 -2.55446 1.85349 1.54041 0.84306 1.52422 0.52336
1.51444 -0.5416 -0.00391 -0.45432 -1.27646 0.42673 1.8681 1.73259 1.22125 -0.59896
1.20624 0.41001 -0.50337 1.26699 -2.53101 -0.80437 1.01397 1.40035 -0.94445 -0.07516
-1.01397 0.1558 0.07191 0.18576 -1.09582 -0.11844 2.08693 -0.79072 -0.13783 -0.77276
0.49959 -1.13323 -0.32407 -0.73444 -1.97349 0.6536 1.26205 0.50333 -0.88969 -0.33163
-1.88057 -0.22291 -1.32805 -1.57573 0.87169 -1.70511 2.2572 0.94556 -0.03583 -0.45674
-0.17522 -0.66977 -2.10186 -1.07188 0.556 0.04784 3.63023 -0.58868 0.96945 -1.21543
1.13778 0.1453 -2.74426 -0.57735 -0.80895 -1.06454 3.72995 -0.23233 1.0249 0.05171
-1.11961 -0.51125 -2.01218 -0.09818 -2.73174 1.26501 3.80746 1.10982 -0.81294 0.55535
-1.44995 -0.2126 0.49882 -1.09909 0.13109 1.49061 4.35704 -0.77318 -1.37773 -0.04006
-1.18403 -1.34075 1.32784 -1.80695 -0.11684 -0.29947 4.15236 -1.65475 -1.28854 -0.87185
0.22124 -1.03678 -1.26707 -0.06244 -0.06788 -0.99216 2.7116 -1.73041 -1.54393 -2.0086
-1.56499 -1.29978 -3.25166 0.48625 -2.21646 -0.03309 3.85425 -2.73485 0.85197 -1.91137
-0.58027 -1.17832 -0.45474 0.00468 -2.77062 -0.63949 4.24887 -1.95849 1.32828 -1.07948
1.01424 -1.52031 -0.21302 -1.94148 -1.14128 -0.59889 4.11731 -1.28289 0.84374 1.08294
0.81832 -2.50186 1.06129 -1.04753 -0.144 -0.83574 2.99982 -0.77136 1.25564 -1.10398
1.05756 -1.69904 1.35925 -0.74226 -0.70677 -0.22173 1.87195 -2.28581 2.37729 0.64697
-0.41925 -1.72175 1.55699 -0.38458 1.87872 -1.9019 0.70628 -0.90605 1.18242 0.46558
-0.09635 -1.15456 1.3672 0.11534 -0.75038 0.94295 0.74858 -1.3061 1.21984 0.39226
0.56826 -0.17879 0.1332 1.26257 0.00564 0.12135 0.46565 -0.82693 0.47081 0.03916
-0.2361 -1.71889 0.71896 0.85348 1.02842 0.09342 0.63249 -0.90665 2.24666 9e-05
0.91187 -2.35968 0.71763 0.12076 -1.45308 -0.32258 -0.61621 -0.02834 2.53134 -1.70817
1.75956 -0.94775 1.30852 -0.23884 0.85152 -0.21766 -0.8093 0.52464 -0.77111 -0.15548
0.10604 -1.22571 0.336 -0.01187 -0.60243 0.4121 -0.51543 0.19278 1.68629 -1.22044
-0.44935 -0.23758 -0.00916 -0.07793 1.04335 1.2167 1.13493 0.55167 0.26712 -1.07231
0.5226 0.90723 -1.60994 0.46261 1.80883 1.43006 1.82781 0.9212 0.84425 -0.92973
-2.03984 0.09728 -0.47339 0.76985 0.42012 1.21027 0.74816 1.24549 -2.15247 -0.84727
-0.89256 0.24843 0.01915 -0.97363 -1.03342 -0.4537 1.18907 0.59561 0.59317 0.85831
-0.02385 1.03845 1.65618 0.48054 -0.7397 -0.51415 2.14561 2.07694 0.0635 0.96373
-0.62795 -0.40015 0.25035 0.55954 1.74084 -0.36035 1.39163 1.34657 1.4412 0.89115
1.37258 -0.89661 1.4116 -0.89074 1.71147 -0.99093 1.24387 0.2023 -0.38595 -1.32608
0.22179 1.19658 0.87198 -0.65161 1.21158 -0.63499 2.09557 -1.27023 0.87543 -1.20316
-1.81293 -0.36994 1.65059 0.23362 -0.12455 0.2251 4.20141 -0.38176 1.73056 -0.12286
-0.43723 1.29455 0.2259 0.07596 0.87777 -0.14835 4.45055 0.96516 -0.11252 -0.70157
1.31002 0.12564 0.44482 -0.10252 -1.11677 -1.10968 2.6196 -0.26955 0.53933 -1.17159
-0.12292 -0.69206 2.75141 0.22509 -1.83184 0.5544 1.95971 0.24794 0.38879 -0.16381
1.01233 -1.17101 1.80254 -1.60484 0.94552 1.85445 1.31991 -0.45894 3.83329 -0.07494
0.20223 -2.0008 1.56472 -0.43272 0.77214 1.15949 2.95758 -1.19019 3.62978 -1.01346
-0.23326 -0.70801 -0.70063 -2.93611 1.60442 -0.47963 4.13652 1.26056 1.59409 1.30083
-0.6642 -0.40081 0.07352 -0.44733 0.69956 0.38328 3.26637 0.74058 2.02134 1.42094
2.4426 -0.21228 -0.56336 -0.69338 -1.33393 -1.09518 4.66977 0.50518 0.80769 0.99661
2.16605 0.31718 -1.14411 1.24077 1.44794 0.31957 2.48787 -0.65385 0.48401 1.2558
2.10362 1.32966 -2.07026 -0.05337 1.52489 0.54754 3.2697 -0.51416 0.9467 -0.66129
1.60107 0.85242 0.03687 1.26649 0.23495 0.54664 3.02308 0.33901 0.25213 0.4513
-0.65255 -1.19287 0.82812 0.21231 -0.08037 0.71209 4.22838 0.6477 1.12075 -0.39804
-2.05897 -1.53583 -0.74954 0.93247 -0.93281 0.30151 2.32135 1.52541 0.77708 0.41466
-1.03402 -0.29491 -0.85747 -0.43212 1.19069 -0.34709 1.02732 0.56639 0.45804 -1.17483
-0.52302 -2.29011 1.2056 -0.81292 0.75312 -2.12267 0.87316 0.54235 1.32323 0.75222
-0.25205 -1.06776 -0.18652 -0.29221 1.71317 -2.32454 -0.89585 -0.79678 1.83486 1.22554
0.11616 -1.63791 -2.35945 0.10832 -0.31887 -0.2883 -1.83545 -0.25345 -0.31195 -0.14671
-0.3953 -1.47604 -1.19835 0.84275 -3.93265 -0.43027 -0.93039 -1.32708 -0.13866 2.69575
0.4925 -1.58531 0.48662 1.17495 -2.17962 -0.1923 -2.14596 -1.51389 2.18726 1.70673
0.9126 -3.22614 0.87774 -1.07717 -1.45964 0.79595 -3.1328 -0.80952 -0.68679 1.70635
-0.33597 -0.14365 1.19446 -0.66646 -0.12318 0.89119 -1.78688 0.25362 -0.45537 1.37599
-0.27414 0.72752 -0.42519 0.79463 -0.16244 0.84831 -2.1561 1.46571 1.08633 0.51101
0.65721 0.87571 -0.32673 -0.49693 0.40008 -0.21203 -2.04632 1.49506 -0.96727 0.83529
0.66959 -0.15299 -1.39383 -0.51062 0.57055 0.32059 -1.6535 1.32431 0.08647 0.05025
2.09872 -1.60442 -0.94499 0.37654 0.69372 -0.49937 -2.58896 1.64174 -0.08817 -0.26874
0.75441 1.10091 -1.89853 0.06439 -0.24848 1.66518 -2.81537 2.64224 -1.94217 0.98673
-0.6056 0.49076 0.27051 1.90356 -0.51139 0.17161 -2.2668 2.2766 -0.16678 1.00662
-1.2475 0.62973 0.827 0.7173 -0.75182 0.24715 -1.18387 -0.2753 0.10984 1.39506
-2.44722 0.69215 -0.84532 0.0119 0.71072 0.38918 0.27609 -0.51793 -0.28218 0.55599
-0.48271 0.42721 0.32588 -0.33142 -1.29913 0.94945 2.23497 1.54344 -0.60199 -1.62598
0.14848 -0.13291 -1.90016 0.675 1.08911 0.84842 1.76241 1.63242 -1.44521 1.41795
-0.62359 -0.07263 -1.85517 -1.14918 0.04134 1.19093 0.22712 0.52634 -0.45413 -0.03801
0.51053 0.17792 -0.45902 -0.30241 -0.54165 0.21979 1.87066 2.49002 0.15402 -0.33798
0.01626 0.25257 -0.6759 0.49887 -0.99631 -0.149 2.0729 1.44407 -0.29942 0.41682
-0.51673 -0.97375 -0.84802 1.83181 -0.37859 -1.59168 1.90965 -1.01458 -0.32943 -0.80862
0.96549 -1.28912 -1.08389 1.83369 -0.08108 -0.86091 0.67207 -1.29336 -1.87087 1.14494
-0.50548 -0.62577 0.45919 0.52845 0.17356 -0.75481 1.69032 -1.99862 0.43184 0.25992
-0.71598 -0.11249 0.73828 0.36932 0.38224 -0.75861 3.36929 -1.02407 1.62285 -0.21899
-1.23152 0.25359 1.61366 0.72009 -0.4606 0.76123 2.93455 1.26016 -0.97554 0.01325
-1.31182 -0.71595 1.27993 1.01626 0.14969 1.00171 0.23756 0.52711 -0.37396 0.03409
