-2.80465 -0.69303 -0.59888 0.01511 -0.66897 0.57343 -1.66992 -0.01932 -5.79554 1.358
-3.72865 1.47264 -1.66993 -0.26454 -2.08914 -1.40632 -1.47272 2.67355 -6.30093 -0.43882
-3.84258 -0.58266 0.88727 1.73733 -1.10387 -0.3209 -2.89139 1.13321 -5.06334 0.62688
-2.96746 1.10968 0.49102 0.21362 -1.67675 -0.06119 -0.54919 2.53054 -5.18839 1.02289
-2.93561 0.76211 0.67692 0.66774 -1.07642 0.78783 -2.23381 0.23067 -3.58858 -0.82351
-2.06149 -0.89549 1.10418 -0.00282 0.72525 0.05098 -3.19883 -0.30572 -3.16797 -1.09841
-3.30844 0.45998 2.22525 -0.98193 1.10346 -0.45897 -0.87356 -0.64893 -5.18782 -0.5634
-2.66988 -1.9616 1.98553 0.23284 0.10178 -0.69601 -0.13767 -1.24096 -6.78821 1.01451
-0.55724 -0.36876 -0.92671 -1.71838 1.10437 -1.83921 -1.80892 -1.14066 -8.16426 -0.49288
-2.87444 -0.2595 -0.59746 -1.59195 -0.41092 -0.87197 -1.46628 0.62215 -8.97133 0.8891
-2.50132 1.05021 -1.17853 -0.73314 2.96221 0.2475 -2.84788 0.74801 -8.80546 -0.35385
-1.08836 0.34053 -1.40274 0.70453 1.92914 0.31447 -1.93063 -0.80808 -8.05563 0.98552
-0.08048 -0.96029 -1.57909 -0.46362 -0.46589 -0.12062 -0.75504 -1.45372 -7.76242 -0.41671
-0.37487 0.38522 -1.45822 -1.38173 0.36345 -0.36214 -2.00157 -0.85325 -8.29112 -0.32521
-0.45346 -1.41328 -0.36877 1.27757 -1.92741 0.5165 -2.11055 -0.7125 -8.77255 0.15515
-2.44802 -0.7354 -0.36777 0.11047 -1.17943 0.04445 -2.97232 0.65784 -9.62496 -0.34149
-3.08139 0.26722 -0.95099 -1.56233 -1.76151 -2.16914 -2.59301 1.37992 -9.38591 -2.26291
-2.90413 -2.18757 -1.46023 0.92341 -2.15 -0.96643 -2.09463 1.89483 -10.85492 0.46294
-3.307 0.20908 -0.88217 1.90955 -1.3293 -0.85647 -3.36032 1.3685 -10.07111 -0.37676
-4.27039 0.44208 -1.04826 -1.77813 -3.48601 -0.31356 -3.14252 1.74057 -10.27007 -0.42542
-5.18971 -0.4423 -2.68365 -0.83824 -2.11184 -0.66209 -3.73976 2.5251 -11.92224 -0.01853
-4.21209 1.71411 -0.91191 0.17459 -3.63988 0.27363 -1.7473 2.62792 -12.42532 1.82042
-5.82532 2.2364 -2.78252 -0.54492 -2.22083 -0.98179 -2.54117 2.59002 -13.10731 -0.97779
-5.00284 1.10102 -0.64093 0.79178 -0.76408 0.06723 -1.48899 2.99525 -10.41841 -0.8976
-5.57813 1.61893 0.12326 -1.17956 -0.73654 -0.09277 -3.37197 1.54734 -11.97938 -1.06067
-4.49227 0.78642 0.34297 -1.05235 -0.98526 -0.48276 -2.52976 1.19749 -10.84116 -1.19467
-5.36173 -0.81124 -0.85593 0.05266 -2.21491 -0.38088 -4.77418 1.64697 -12.13382 -0.21532
-4.14025 0.67539 -0.43724 0.96814 -1.95727 1.10445 -1.06806 1.93107 -11.67051 0.74467
-4.89668 -0.39103 -0.99036 0.53042 -3.06426 0.97126 -2.17765 2.72097 -12.70333 -0.04503
-5.60449 0.05435 0.32715 0.99601 -2.60476 2.71667 -2.04333 2.31225 -13.9091 -0.09452
-6.89337 2.21228 -0.37492 -1.72262 -0.65614 1.82677 -2.23124 2.71796 -13.3042 0.08196
-7.78609 2.17757 -0.91013 0.21428 1.02369 1.08402 -1.9625 3.01737 -12.48874 -1.31538
-8.16006 0.93054 0.84283 0.94168 1.00433 1.89411 -3.31275 1.70999 -12.40333 -1.24416
-7.69753 0.54768 1.89244 -1.38319 1.17232 1.59083 -2.84329 2.21617 -12.37584 -0.7219
-5.74435 -0.42079 2.29867 -1.49695 -1.98594 1.11466 -2.15126 2.84091 -11.05252 0.93892
-5.88642 1.59126 2.48882 -1.40323 -0.8877 2.00164 -4.34521 2.82344 -9.09253 0.32733
-4.58664 0.75888 -1.25066 1.46148 1.04707 2.32224 -2.39998 2.25806 -9.38198 1.31963
-5.23907 -0.31601 -2.34243 1.64847 -0.97812 1.7488 -4.5371 0.19476 -10.22987 -0.19695
-4.84404 1.86209 -0.20248 0.28683 1.91217 2.74773 -2.25962 1.48578 -10.97025 -0.29229
-4.64418 -1.65947 -0.02304 -0.48723 1.29147 2.29329 -1.47845 1.47083 -10.93528 -0.27499
-7.50322 1.52561 0.12051 -0.48606 3.13989 1.99766 -2.67398 1.20911 -11.17148 -2.24628
-7.01756 -0.85544 0.65303 -0.04376 3.95509 -0.05894 -2.37528 -0.25009 -11.51159 -0.01216
-5.76161 0.88761 -0.8115 -1.8819 2.73634 1.09876 -2.82744 0.07024 -9.9651 -0.53546
-4.0099 0.57297 -0.30936 -0.17628 3.09723 0.16899 -2.75723 0.7372 -8.58924 0.5777
-2.221 -1.47389 1.1351 0.43492 2.33329 0.9748 -1.83546 0.60947 -8.9933 -1.40677
-2.87365 2.1067 -0.77877 1.42634 2.46893 1.21965 -1.91841 1.7119 -8.3351 0.32183
-0.38939 0.73408 -0.45797 -0.0867 0.70855 -0.56758 0.70316 1.04447 -7.36265 -0.47765
0.7108 -0.99723 -1.90624 0.85367 0.04233 0.82126 -2.62852 1.67614 -8.64634 0.60843
1.74311 0.43074 -2.26566 -0.25107 0.65709 -0.15379 -3.34455 0.95862 -7.80935 -1.76728
2.0409 0.14488 -1.85502 -2.49903 0.785 -1.39316 -0.18763 0.21085 -7.92849 0.67632
0.97822 -1.18988 1.167 0.44978 -1.41633 -1.17904 -2.56568 -0.26802 -8.66751 -0.45779
3.01689 0.76379 1.96086 -1.57483 0.46599 1.21129 -2.00431 0.3455 -7.38759 2.92928
2.30794 -1.36521 1.35183 -0.06958 0.61046 1.73268 -2.10916 0.60689 -5.00268 -1.31679
2.93089 -1.4148 2.19209 -1.34074 0.46383 0.97547 -1.85917 0.90908 -6.72185 0.93329
3.23726 0.37793 2.31358 0.30372 -0.68079 2.27828 -2.2722 -1.52532 -7.97866 0.43485
3.96757 -0.95923 0.04504 0.22458 0.5195 1.41129 -2.91243 -1.5039 -6.7483 0.45719
1.889 0.79555 0.65158 0.78405 2.96286 1.6337 -0.46282 -1.95053 -6.1814 1.03314
0.35084 -1.83155 1.85508 1.5011 2.07075 1.92588 -0.12225 -1.81297 -4.81029 1.28733
-0.61999 -0.75352 1.15412 -0.28935 3.55662 2.12929 -1.60417 -3.52611 -3.4923 -0.20789
0.9679 -1.00646 1.54698 -0.09864 2.35741 1.83727 -1.77928 -3.79635 -3.21143 0.43754
0.76089 -1.92171 1.51433 -1.23245 0.8986 1.07934 -2.8656 -3.37537 -3.70461 0.20727
3.4406 -0.31123 1.17486 -1.66521 1.59903 0.92006 -0.60135 -3.062 -2.69099 -0.23021
3.50499 -1.8396 -0.78465 0.39351 3.07023 -0.74969 0.25575 -3.38445 -1.79067 1.00872
1.44284 -0.36577 -0.02102 0.17692 1.55492 -0.13891 -1.29018 -4.16291 -1.62665 0.08375
2.05437 -0.89697 0.75096 -2.29099 0.52405 1.91177 -1.09807 -2.21746 -1.7964 -0.346
2.65505 -0.76243 1.40293 0.10762 -0.55295 0.50189 -1.30444 -2.51627 -3.16841 0.0359
3.35104 -0.57963 0.70527 0.06244 0.60837 0.40852 -1.70783 -3.48804 -2.51973 -0.39784
4.16497 -0.76845 -0.1031 -0.15853 1.30463 1.26523 0.24978 -3.51899 -1.00223 -0.4814
3.25041 -1.16858 0.95733 2.64531 0.16243 1.29737 -0.31244 -3.92843 -1.39183 -1.3539
2.28856 -1.32346 -0.21588 1.09081 0.49437 -0.19733 -2.53857 -3.54423 -1.54839 -0.88872
1.97092 -0.77797 0.30199 -0.65965 1.13131 -2.3647 -1.27554 -4.95953 -1.77959 1.35067
2.44684 0.3063 0.83593 -0.17411 -0.01597 -2.65875 -0.70533 -5.49134 -0.48921 -0.03615
2.14118 -1.1221 1.38842 -0.14485 -0.05531 -1.65301 -2.46245 -3.71386 -2.31173 1.76439
2.08028 -2.62156 -0.14334 0.58663 -0.95316 -0.97139 0.25601 -2.01857 -3.74754 0.87776
0.76757 1.17756 -0.34176 0.27191 -1.22193 -0.27047 1.72322 -2.70105 -3.27743 -0.50627
1.33874 0.45869 -1.83706 1.39301 -2.65899 -0.56674 0.77532 -2.99313 -2.88878 -0.60742
0.95343 0.77849 0.22004 -0.22739 -0.44514 -0.31378 -2.14997 -4.62505 -4.56566 0.20574
-0.38995 -3.12256 0.22579 1.10033 1.0662 -1.03314 -1.01639 -4.69022 -5.32574 -1.13488
-1.61406 -2.86271 0.59188 -1.14961 0.93711 0.06377 0.71525 -5.49937 -4.92951 0.18156
-2.01341 -1.03889 0.2428 -2.1728 0.30087 1.67536 1.47345 -5.86615 -4.25554 -0.07252
-2.19048 -1.83453 -0.40586 0.68435 0.07865 0.95009 -2.24557 -4.14628 -3.68323 0.79869
-1.53032 -1.24846 -0.1452 -0.33418 2.35061 0.28031 -1.40976 -3.94821 -3.40641 0.59703
0.23865 0.01521 2.25449 0.98329 0.91669 1.86532 -1.43072 -5.2298 -3.65612 1.56014
-1.34974 -2.2059 0.24152 0.96388 0.98159 0.89041 -1.40528 -4.25699 -4.3949 -0.83137
-1.05415 -1.38007 0.91251 -0.71126 -0.05642 -0.17446 -0.58352 -4.43165 -4.35856 -1.14714
1.83934 -2.98317 -1.21271 -1.0789 -0.13929 -0.67136 0.79084 -6.82441 -4.50817 0.4101
2.41224 -0.97104 1.84734 -1.0415 -0.05939 -0.88702 -1.5897 -7.37567 -4.00627 -0.43624
1.24576 -2.03724 -1.967 0.4067 -1.66432 -2.39459 -1.82932 -7.94799 -2.66192 0.06083
2.64785 -1.65477 -0.81827 1.06717 -0.73759 -1.31287 -2.86776 -8.36842 -3.89292 0.65155
1.97114 -1.36557 -1.49662 -2.27181 -1.13219 0.65903 -0.51379 -9.16108 -4.69163 -0.60156
0.44431 -1.50128 -0.33177 0.40575 -1.14313 -1.60785 -1.85811 -6.68441 -6.47895 1.19592
1.76868 -0.91642 0.03262 -0.25897 -1.13692 -1.53784 -0.91953 -6.20283 -8.8063 0.30059
0.43206 -1.05086 -0.02288 1.22637 -2.81361 -1.89129 -1.95137 -5.8623 -7.49486 -0.03805
0.3544 -1.84098 1.39057 -0.73985 -1.98944 -2.93421 -2.26421 -5.16197 -7.1821 1.2633
-0.87759 -2.74136 0.43678 -1.65411 -0.57038 -0.50303 -0.97349 -3.88559 -7.92828 -0.70964
-0.15701 -2.37102 1.22448 -0.29745 0.1044 1.87796 -1.53567 -4.21883 -7.73873 1.22913
-1.99418 -2.67048 1.54491 0.69617 0.3903 -0.08633 -0.5937 -4.39633 -7.25089 -0.79617
-2.06911 -1.85803 0.79764 -1.36223 -0.28813 0.54239 -3.27518 -4.3695 -4.50122 0.26352
-1.74346 -0.99424 1.14545 1.00997 -1.3571 0.76406 -4.27488 -6.70422 -4.03438 0.0302
-2.1305 -1.77394 0.06699 1.65983 0.19865 2.22513 -3.41212 -6.03312 -6.13005 0.11353
-2.02311 -2.80756 0.49965 -0.32814 0.54828 1.90986 -4.47095 -5.81033 -5.80566 0.58781
-3.48057 -2.0888 0.80298 -1.3764 0.03054 1.21045 -0.3248 -5.94095 -7.33789 -0.4143
-4.38267 -0.76692 1.42748 -2.33603 0.31912 0.23282 -0.95967 -6.1391 -5.73774 -0.07114
-4.26009 0.41015 1.21796 -0.96542 -0.04202 0.05452 -3.38353 -7.17357 -7.33835 0.15097
-2.46114 -2.66375 1.59697 0.72167 0.56445 -0.54925 -4.24533 -6.35014 -8.49135 -0.81678
-0.62744 -0.0928 1.14538 -1.28451 1.31458 -0.2932 -2.57389 -5.8813 -7.99329 -2.38599
-2.06786 -1.4728 0.28454 0.97839 0.05949 -0.74935 -3.14674 -6.46886 -7.6711 -0.40903
-0.62362 0.18685 -0.07499 -1.07759 -0.35921 -1.61532 -2.4505 -7.59753 -6.05556 -0.07153
0.0272 -2.42012 1.43061 -0.62908 -0.2255 -0.25525 -1.20727 -7.22697 -5.17566 -0.65574
0.182 -2.30264 -0.28563 -1.72166 -0.44839 -0.22138 -3.15912 -6.28639 -5.47251 -0.56413
1.53863 -2.15124 -1.18001 -0.80438 -1.12669 0.87689 -1.66278 -8.83438 -6.28717 0.39134
0.29628 -1.05417 -0.07403 -1.41832 1.15749 1.06717 -1.89922 -9.59285 -7.79011 -0.70197
0.1328 -1.38573 0.53092 0.93157 -0.3185 1.88501 -4.53814 -8.54897 -6.82747 -0.33534
1.18881 -2.41435 -0.33051 1.30935 -0.1742 3.07721 -2.25355 -8.59812 -7.15042 0.30517
1.11051 -0.59645 1.43221 -0.58931 0.40653 3.09013 -2.48944 -8.44773 -5.7491 -1.69053
1.83966 -2.59618 0.65746 0.26948 3.5529 1.73645 -0.1793 -7.41597 -4.29692 0.05023
1.73566 -1.16791 2.20914 0.04251 3.35951 2.0309 -1.75927 -6.47253 -3.69127 0.3055
3.02775 -1.17427 1.7479 -1.26466 4.18108 2.73556 -2.7261 -5.89193 -1.4148 -0.04446
3.85753 -1.22408 2.11785 -0.97307 2.94388 2.50151 -2.65811 -6.18115 -0.82363 0.42655
4.52426 -0.92344 3.87765 -1.79217 2.36495 3.91162 0.40987 -5.53921 0.18015 -0.03549
4.72463 -1.46552 0.78735 -0.46949 4.34582 2.25797 -2.38364 -4.70449 0.43832 -0.12596
4.68558 -1.77782 1.50284 -0.00831 3.46185 2.46318 -1.58286 -5.37554 2.85139 0.96599
5.9358 -3.39951 1.71659 0.3747 2.68298 2.03664 0.56422 -4.29507 3.86034 -0.51956
7.98059 -0.83319 1.86272 -1.5356 2.38048 1.03949 -0.52295 -5.35609 4.53003 0.74743
8.30451 -2.00453 -0.38236 -1.14866 1.20397 -0.49594 -2.10933 -3.71045 3.89242 0.05129
7.21268 -2.44708 -1.29004 -2.5259 1.33507 -2.31842 -0.41249 -1.99636 2.78196 1.1501
7.85442 -0.74228 -2.70526 -1.71394 -0.30201 -2.63702 -0.00946 -2.62604 3.02015 -1.50748
5.94128 -1.88869 -1.78772 0.86177 -1.06408 -1.53038 -0.19023 -1.22297 1.80597 -0.34917
6.81502 -1.53919 0.4632 -2.76431 -0.97485 -0.19645 0.0976 -1.42024 1.89429 -0.91976
5.99732 -0.20865 -2.63971 -0.38486 -2.56608 0.87821 -0.9566 -3.31279 1.81974 0.74515
3.3498 -0.6247 -0.03826 0.69079 -2.55797 0.23863 0.29784 -2.71114 0.62533 0.2926
2.78799 -0.57426 0.3962 0.16682 -1.2285 0.82752 0.76483 -3.26173 0.561 -0.04161
3.51705 -0.98387 0.18324 -0.98108 -1.13673 0.65015 0.481 -2.9119 2.59961 0.91648
1.28037 -2.27746 -0.29884 -1.84473 -2.34924 1.42246 -0.27809 -4.00211 2.45611 -0.49766
2.35198 -0.36698 -0.51904 -1.01361 0.21978 0.8072 0.69908 -4.55222 1.68629 -1.5528
3.59384 -1.19084 1.29906 0.117 0.45655 2.18219 -1.93179 -3.73767 2.35192 -1.4546
2.70889 -0.44723 0.89287 -0.5444 2.03479 1.94075 0.46718 -3.47535 3.62714 -0.27725
2.02704 -1.0188 0.18756 -0.3653 0.06461 1.30196 0.00036 -1.8539 3.1104 -0.58048
3.59605 -0.61798 0.27561 -1.22281 -1.6904 2.00102 0.61929 -1.07937 4.06317 0.28955
3.93099 -0.07265 -0.09 1.22981 -0.32238 2.41607 1.62799 0.19692 4.13723 0.34405
3.05321 0.98269 -1.14831 -0.65043 0.85486 -0.01421 1.27682 0.72448 3.73408 -0.51105
1.72165 1.34619 0.78917 1.59916 -1.10231 -0.45159 -0.97518 0.75894 2.95165 -0.88749
-0.68118 0.62287 1.42893 1.45893 -0.51857 -0.43834 0.38642 -0.26788 3.04609 0.34237
-0.93732 -0.06831 0.54717 0.73992 -0.85158 -0.75397 2.12419 -0.92529 3.38802 -0.07921
-1.0652 -0.0757 0.32098 0.46793 0.41588 -0.57573 2.06694 -0.00277 4.62392 -0.75036
-1.99215 -0.12702 -0.9415 -0.03414 1.35017 1.12596 0.85486 -0.92912 4.95622 -0.31097
-2.28139 0.04949 -0.82669 1.79937 -0.54737 -0.07379 0.59848 0.35435 5.72749 1.63783
-1.62179 0.57177 0.81394 -0.62146 -0.18778 -1.38517 0.38125 1.09995 5.71011 0.59079
0.26398 0.47314 -1.7505 -0.35172 -0.68947 -1.66822 0.59271 0.23657 3.62433 1.18119
-0.36405 -2.29909 -1.00432 -0.0861 -0.65992 -2.42548 1.59232 -0.19868 4.29557 -0.07536
0.423 0.87916 -2.72218 1.04749 -1.25829 -1.43105 2.82127 -1.60493 3.50381 1.34483
-1.65388 -1.30205 -2.97445 0.73065 -1.37962 0.64527 1.51575 -4.3453 3.74591 0.17602
-1.1238 -2.11188 -2.73986 -2.47147 -1.53771 1.08634 0.44365 -2.36719 2.59723 -0.45849
-1.35655 -1.85146 -1.10184 -1.84601 -1.54137 1.05444 0.5951 -1.85386 0.38351 -0.14935
-1.09848 -2.16301 -1.52292 -1.47274 -1.15143 2.41336 1.09228 -2.10285 0.70345 -0.16749
-2.6299 0.72951 -2.25019 -0.04962 -1.57118 0.63526 0.1634 -0.68537 0.33473 -1.79844
-2.03724 3.50311 0.12329 0.32767 -1.85336 -0.52681 -1.49026 -1.04382 -1.48915 -0.41859
1.08716 0.52197 -0.25184 1.13396 -0.23866 -0.18221 -1.78691 -1.57575 -0.33631 1.28633
1.2517 0.06467 -0.64191 0.69534 1.88917 -0.26333 0.01747 -1.6559 -1.57255 2.84962
0.06705 0.07875 -0.50512 -0.04549 -0.42605 0.64796 -0.0754 -2.53499 -0.55293 -1.10936
-0.54469 1.49858 -0.07509 -0.20565 -1.23128 0.16189 1.08762 -1.87487 0.86686 -0.17189
0.27378 0.50253 -0.31081 0.50801 -0.68154 0.8228 -0.01112 -2.09492 1.43045 -1.27313
-0.13736 -1.167 -0.07221 -1.3756 -0.42764 0.30146 0.55065 -2.32728 0.57015 -0.79622
-0.73499 0.84325 -0.78295 -1.9311 -0.28894 0.85737 2.29828 -2.61798 0.77337 -0.87846
-2.88828 -1.82035 1.09892 0.39315 -1.24519 -0.08231 1.92282 -2.18578 0.61213 0.5295
-2.24106 0.76189 -0.20582 -1.53923 0.53063 0.17185 0.48294 -3.42764 2.1723 0.9266
-3.46954 -1.86287 -0.52174 0.19423 -0.44797 -1.17409 -0.13276 -4.25088 3.00606 0.68474
-4.63249 -1.63961 -0.4995 -1.26687 0.22423 -2.06773 0.91621 -4.82882 4.05677 0.56763
-4.04436 -1.20012 -0.45161 -0.63943 -1.29107 -2.01598 -0.36434 -4.00427 4.23532 -0.51527
-3.34517 0.14561 -0.99331 -1.94082 -2.4421 -2.30293 0.66836 -5.47772 4.31534 -0.81649
-3.46548 -0.49339 -0.74843 1.94949 -1.83298 -2.46766 0.67505 -6.12335 1.62741 -1.0713
-4.26244 -1.7739 0.34173 -0.39498 -1.51654 -2.02433 -1.54634 -4.08765 -0.35701 -0.67445
-4.13152 -2.00419 -1.75102 -1.5195 -2.26819 -0.89551 3.06876 -4.03373 0.45359 0.6616
-4.2744 -0.61421 -1.12263 -1.64771 -3.21695 -3.52097 0.6329 -4.18183 0.96739 1.60183
-4.53362 -1.19187 -0.95195 -0.64359 -2.97628 -4.3028 0.8335 -4.47098 0.23478 -0.41566
-5.2397 -0.3845 -2.04333 -0.08494 -1.10031 -2.40877 0.11273 -4.55825 -0.66464 1.56444
-3.64526 -0.53909 -2.78061 2.35111 -3.06969 -2.43201 -2.04333 -5.77925 -0.36023 0.06819
-4.74505 -0.19934 -3.31321 1.75684 -5.43862 -1.06725 -0.61475 -4.19199 -0.27798 -0.04681
-3.50374 -0.86664 -2.34826 -0.16547 -4.83831 -1.24408 0.34773 -4.71833 0.04336 0.6453
-3.51572 -2.19969 -1.55165 -1.03801 -2.51071 -2.81769 0.59876 -4.33113 -1.14459 -1.5058
-5.24647 -0.89695 -0.50152 -0.71286 -3.60049 -2.40297 -2.45257 -3.41257 -2.08735 -0.97482
-6.11661 -2.5781 -1.60704 -0.59066 -2.1582 -2.28623 0.96323 -4.22524 -2.52685 -0.26258
-4.48858 -1.98171 -2.20387 -0.30832 -2.87786 -1.25472 0.37699 -3.4709 -4.01035 0.65753
-5.02095 -0.28824 -2.57754 0.42266 -3.13222 -2.53932 -2.81674 -1.70594 -4.58324 0.71027
-5.09996 -0.43 -0.5973 -0.57814 -5.35985 -1.36062 -1.6215 -3.16139 -4.32579 -0.43501
-4.14854 -1.40512 0.52146 0.8311 -3.137 -0.91899 -0.38607 -2.71252 -6.52579 -0.94494
-4.42123 -1.11102 -0.78923 0.03201 -0.79659 0.46488 -0.99533 -2.42803 -5.63953 1.6014
-6.294 -0.781 0.88608 -2.34542 -0.72023 1.63296 -2.61026 -2.67727 -5.16053 -0.48548
-6.90366 -0.96075 1.62915 -0.36035 0.39391 1.21754 -1.85699 -2.93017 -6.18914 0.00926
-5.35574 0.58263 2.28921 0.51046 1.52972 0.46906 -2.71007 -4.68831 -6.71103 1.64728
-4.12082 -1.70328 1.51386 0.62824 1.03944 -1.56534 -0.56289 -4.04193 -5.15679 -0.99911
-3.71654 -0.7838 2.04668 -0.39937 1.89805 -1.54921 -1.15635 -3.91182 -3.16472 -1.1784
-3.86615 -0.34438 1.02111 0.61017 2.33586 -3.28548 -0.12411 -2.61766 -0.89672 -0.32524
-2.60689 -0.91639 1.82474 -0.28743 2.60227 -3.31527 -1.90521 -2.2946 1.66905 -0.33002
-2.23039 0.82163 -0.67007 -0.50468 1.30332 -3.8309 -0.34545 -3.46714 0.78706 -1.2161
-1.08574 -1.19245 -1.81833 1.22944 -0.62819 -3.06846 -2.02228 -4.35281 1.21927 0.00429
-1.13063 -1.51521 -1.64288 -1.12391 -1.95778 -3.26516 -0.16279 -2.04488 -0.37788 2.00303
-2.29977 -0.34955 -0.75412 -3.05384 -2.28231 -2.23956 1.36995 -1.2616 -1.37526 0.3569
-2.13763 -0.08104 -2.4116 -0.15513 -4.31863 -1.96663 1.60852 -3.81463 -2.57939 -1.30661
-2.67434 -0.31464 -3.60535 1.31219 -5.89714 -1.66254 0.91586 -4.94169 -2.3147 -0.17673
-3.24997 -1.53547 -2.38455 0.31971 -4.91081 -1.31963 -1.11788 -4.03504 -3.6624 -0.71826
-5.78308 -2.93323 -2.87162 0.66079 -4.62514 0.39927 -1.08644 -3.90719 -4.34878 -1.92652
-4.2332 -1.70612 -1.38434 0.61058 -4.29529 -0.63068 -1.06205 -4.40934 -5.67212 0.37658
-3.52702 -1.03168 -1.56833 0.81583 -2.2265 -0.02378 -0.01442 -3.46366 -6.11182 -0.81236
-4.38101 0.6654 -0.51737 -0.20286 -1.36176 0.17939 -0.99487 -2.6391 -6.54619 -0.57528
-4.37748 0.43094 -0.59524 0.04327 -2.73873 -0.04828 -1.98694 -1.69202 -6.02402 0.22495
-2.11223 -0.14792 -1.3412 -2.43805 -2.2074 -0.18731 -0.54625 -1.58812 -8.16479 -0.44401
-1.86634 1.23652 -0.07401 -0.42707 -0.60905 -0.11254 -1.40446 0.99969 -8.89344 0.11945
-3.18695 -0.33361 0.25104 1.09656 -0.08376 -1.75026 1.25127 0.09833 -8.18722 1.97486
-2.65613 -0.481 -0.67952 -1.62384 -0.89485 -0.29378 -2.39993 2.2117 -9.2692 -0.30844
-1.89322 -0.36552 1.30768 0.32538 -1.16688 -0.11328 -1.88021 2.6967 -10.2432 -0.01596
-0.81175 0.93155 0.18599 0.63118 -1.54914 2.68846 -3.11564 0.52916 -12.99312 -0.99497
-1.24974 -1.15423 0.80771 0.72136 0.15221 1.89481 -1.73332 0.37401 -12.59312 -0.74594
-1.23015 0.86518 0.9627 2.28201 1.14292 4.33314 -2.65191 1.71894 -10.5939 0.40628
-3.67427 0.82951 1.57851 0.88719 2.01004 2.10494 -2.85272 1.70086 -10.00286 0.72537
-3.81209 2.25054 2.68456 1.83665 2.24858 1.6268 -2.73292 0.94081 -9.37062 -1.71284
-2.88561 -0.46361 0.09051 2.13162 3.50676 0.74014 -2.33478 -0.29937 -7.98768 0.43739
-3.24639 -0.29853 -0.05669 1.79327 2.9308 -0.57998 -2.90213 -1.26054 -5.78672 0.06672
-1.58653 0.85331 0.73129 -0.97958 2.57096 -0.91851 -3.25095 -0.06758 -5.03511 -0.48892
-2.71944 -1.3486 -0.36347 -1.54293 2.57537 -0.56933 -1.59461 0.08091 -3.78298 -0.63321
-1.69925 -0.60128 0.52895 0.49488 1.00924 0.19848 -1.75146 0.11931 -2.3644 -0.40167
-0.50625 0.70032 1.3765 -0.49969 1.77597 -0.20439 -0.19634 -0.73964 -2.61088 0.07948
-0.79585 -0.06962 1.35977 -1.06447 -0.54582 -2.00953 -1.90932 -3.04365 -1.81698 1.52172
-1.53411 -0.64343 0.57831 -1.26984 0.56412 -2.45355 -0.49591 -1.18812 -0.02123 -1.4164
0.40301 -0.36567 1.54495 -3.11933 -0.18112 -2.11283 -1.58974 -1.94658 0.09439 0.81401
-0.35535 -0.3009 0.41404 0.1879 -1.01316 -1.85483 1.83196 0.24902 1.64455 -0.1925
0.26053 -0.00877 -1.9826 -0.46129 1.31836 -1.91316 -0.05328 0.59858 2.39778 0.0845
-0.38799 2.36378 0.90789 -1.20213 0.46358 -1.54903 2.2288 0.76131 2.17632 -0.72743
-0.24237 -0.93602 1.06075 -0.02962 -0.58119 -1.84488 0.68414 0.23062 2.51556 -0.80627
-0.27945 0.60363 -0.34137 -0.14036 0.72646 -0.63955 0.80378 -0.37816 1.75956 -1.63575
0.73917 0.54738 0.28976 -1.34222 -0.30591 0.51339 0.6019 -0.37609 1.8636 -0.40704
0.09103 -1.11652 -0.04799 -0.06333 -1.37912 -0.77207 -0.00996 -0.10536 2.11525 -2.39746
-0.07902 1.13665 -0.1921 -0.85264 0.39656 -2.67024 1.65144 -0.8675 2.1317 -1.49563
-0.27305 0.26701 -0.47555 -0.62394 1.38552 -2.20421 0.00502 -1.68353 1.04893 -0.60936
-2.25137 -1.8934 -1.87135 -0.59707 0.3013 -0.74894 -1.60916 -2.18393 1.75669 -2.22615
-2.46641 0.29861 -0.41626 -0.39107 -2.47822 -0.79737 0.7541 -2.56886 1.52713 0.12823
-0.32739 -0.05341 -0.83516 0.11543 -3.34262 -0.77229 1.25266 -3.76048 0.08364 2.38117
-2.10109 0.36361 -1.10215 0.37925 -2.06648 1.06136 0.01765 -3.90786 0.92062 -0.09048
-1.17965 -1.9586 -0.20064 1.54058 -1.60418 0.18717 1.46522 -4.18878 0.14338 0.66602
-4.23514 -1.71053 0.4928 0.7397 -2.43469 -0.08262 -0.36153 -4.2109 -1.01243 -0.7581
-5.17096 -1.35004 -0.31626 -0.73987 -1.10999 -0.79397 0.27574 -3.54364 -1.58081 0.54187
-5.01738 0.16332 1.92409 -0.53714 -0.01208 -0.42096 1.65915 -2.83164 -3.42845 1.21279
-2.61142 -2.28521 1.53961 -1.85946 -0.43175 -0.80779 -0.62866 -2.03867 -3.17688 0.92829
-2.3371 0.824 0.61966 -1.71623 0.01881 -2.62519 0.21509 -2.67182 -4.04155 -0.58975
-3.55112 -0.93447 0.46569 1.32488 -0.05836 -2.4866 0.04484 -3.26303 -4.3764 -1.76318
-4.1146 -1.68885 0.10989 0.56789 0.38834 -0.56667 -2.16838 -3.44569 -5.95406 -1.38306
-1.33664 -0.94242 -1.49197 0.11625 0.86339 -0.60153 0.90937 -3.96302 -8.75985 -1.21557
-2.28967 -2.56726 0.47967 -1.02638 -1.57101 1.46896 -1.3456 -2.57505 -7.35536 0.43564
-0.86009 0.94479 -0.25168 -0.97994 -2.65211 1.32028 -0.68053 -2.17329 -7.80978 -1.02528
-0.26 -0.81678 0.91725 -1.60017 -2.39574 -0.013 -2.15961 -2.07926 -7.11975 -1.20834
-0.99745 -0.47944 0.81041 -1.00996 -1.90497 -0.22741 -4.08296 -1.91775 -7.96493 -0.40338
-1.41405 0.07275 0.11527 -2.88054 -1.27688 2.36656 -1.89289 0.32985 -9.26545 -0.86869
-2.56847 -0.93784 -0.41564 -2.14187 -0.9744 2.77594 -2.89181 -0.09126 -10.03869 0.72662
-2.09802 -2.18386 2.05635 0.72504 -0.77602 3.87794 -3.09617 1.10471 -12.21047 -0.7043
-3.72152 1.04765 1.46148 0.10978 0.71051 4.60195 -1.29898 0.19884 -12.03589 -1.0791
-3.51112 -1.15195 1.04564 1.09622 1.69229 4.46136 -1.80691 1.86549 -11.89193 0.96701
-2.17075 1.80885 -0.2315 -1.01019 2.11974 2.48395 -3.03837 2.48441 -11.48952 -0.61755
-2.65516 1.50447 0.84945 -0.57081 2.60566 0.66747 -1.28466 3.39128 -9.24909 -0.80556
-3.01737 0.71901 -0.66957 1.20371 3.6776 -0.79792 -2.30285 3.31176 -7.48906 -1.28084
-0.6412 -1.04283 0.13653 -0.0027 3.7217 -1.49509 -4.41756 0.74154 -5.69351 1.02969
0.42929 0.02638 0.49072 0.22925 2.39944 -1.69848 -4.6344 1.36182 -3.94247 1.60652
0.63888 -0.06626 0.37097 1.5623 -0.05629 -1.42821 -1.14769 1.07384 -4.56092 1.50954
1.50231 0.94251 -0.49812 0.73083 -0.3563 -0.55905 -0.91364 0.82525 -3.00623 0.7095
0.07914 -0.23095 1.85923 0.48952 -2.276 -2.01382 0.51795 0.20617 -4.64579 -1.93702
-0.28997 -0.91752 -0.49528 0.09746 -1.30209 -2.39698 -0.63869 0.48301 -4.26912 0.91212
-0.21988 0.96422 -0.75305 -0.03112 -0.82978 -2.53659 -2.46617 0.37037 -5.01064 0.79333
-1.31443 1.77501 -1.18109 -0.61735 -1.39502 -1.65215 0.75054 0.32571 -4.3973 -0.54808
-0.94066 1.12805 -2.18463 -0.54408 -0.18179 -0.76316 -1.53648 0.06176 -4.88009 -1.05819
-3.4855 0.99989 -0.05387 -1.58577 0.10881 0.8247 -1.75982 0.41834 -3.42549 0.17234
-3.98901 -1.81458 -0.45297 0.34713 0.00468 -0.14856 -1.84111 0.35275 -2.52096 0.23174
-2.22207 -0.62515 -0.64135 -0.88984 0.32962 0.12974 -0.13577 1.27723 -1.03806 0.31769
-2.91741 0.06878 0.63537 -0.1429 1.96449 1.84831 -0.90675 1.77029 -1.07261 1.72441
-3.34548 -0.38775 1.8834 -1.22517 1.06096 1.78356 -0.77965 1.90603 0.33313 1.12501
-1.99533 -0.4131 1.54906 -0.43977 0.64007 0.83651 1.12366 2.96592 0.48418 -1.49469
-0.90243 0.62968 1.1506 0.88666 1.82921 -0.37455 -0.61199 3.6299 1.45849 -1.18508
-0.77176 2.59265 1.85846 -0.43878 1.6151 -0.00534 -0.6847 2.93562 1.64194 0.03764
-0.60697 2.05491 0.26618 -0.68159 1.51845 0.61756 -0.58427 0.86451 3.23475 1.52735
-0.27932 0.10528 -0.97064 -1.86713 0.68898 0.58239 1.5544 0.63532 2.56541 0.605
0.22096 0.52768 -1.47462 0.64182 0.99078 1.54538 0.97402 1.9665 3.11945 1.88903
-1.41893 -0.94344 -1.3309 0.63099 -0.05449 -0.47177 -0.69701 1.94098 3.98623 0.26579
-0.40021 -0.49732 -0.83587 2.0987 -0.91797 1.90103 2.16289 2.14189 4.32097 1.84389
-0.4225 1.20012 -0.3931 1.23298 -0.09796 1.08548 -0.7528 2.30346 4.72315 -0.42204
-0.90841 -1.51549 0.32644 1.82906 -0.70829 -0.12126 0.72297 1.93907 3.74709 -0.12092
-1.80467 -1.19003 0.82149 1.13597 -0.69494 -0.33582 2.70236 3.75145 4.14197 0.69124
-0.3278 0.15475 0.15881 0.86124 -0.32182 0.01896 1.32092 2.86607 4.19538 0.80154
-0.53441 0.03353 1.47516 -0.07914 -0.53348 1.04211 1.4732 4.0565 6.05247 -1.22493
-0.11807 1.84064 -0.38442 -0.99597 0.18707 4.642 2.14189 5.3448 5.20247 -0.77395
-0.76618 1.25538 -0.6415 3.25716 1.67121 2.99118 0.87689 5.87341 4.60338 0.44791
-1.94199 1.12716 1.41151 1.08582 1.18141 3.42475 1.74906 2.85379 4.89182 0.40255
-1.66498 1.01223 3.23185 0.4403 1.42117 3.84139 0.01839 2.8001 5.69644 -1.67022
-2.56813 1.15889 1.68085 -1.21533 3.59821 4.4149 0.79609 1.96143 5.78553 -0.38189
-1.37668 0.5663 3.10257 0.63554 4.30171 4.54317 1.75352 4.27703 5.86753 1.02024
-1.18619 1.43993 1.44765 -1.24801 6.03522 2.80264 1.3699 3.34954 7.46138 0.31763
-0.56148 0.50998 2.0315 2.67564 3.46002 1.57435 -0.09033 4.28236 8.20014 -1.40136
-0.44636 1.62644 2.65733 1.02897 5.04152 1.63286 2.14072 5.40496 9.61656 1.33025
0.95011 2.07153 3.04486 1.95462 4.95872 2.12288 2.10379 5.46981 11.59917 0.64438
2.64713 1.18111 1.46269 -0.45159 3.821 3.27923 2.67207 4.45078 11.6705 -0.53391
5.63521 2.28734 1.55971 1.4391 2.91374 3.55542 2.32198 4.15667 11.657 1.086
6.7599 1.3228 0.52666 1.11868 1.83242 4.04427 3.91618 2.80796 11.43059 0.1464
7.29118 1.13164 0.16809 0.11742 2.7232 3.6692 3.90658 1.74855 11.40584 0.85322
