0.06909 -0.10253 0.31221 0.60483 -1.14393 -1.55213 4.37788 -2.80035 -1.27864 2.11792
1.52694 -0.80228 1.43418 1.18623 -0.10387 -1.68224 4.96416 -2.22527 1.92023 1.09045
4.13979 0.55033 0.76721 1.34783 -1.44178 -1.22447 4.14537 -2.2415 1.11009 1.01089
5.00506 -0.03459 -1.06252 -0.94683 0.06066 -1.82626 5.00723 -1.92694 0.54331 0.41341
6.03714 1.67266 1.89742 -0.48701 -2.21681 -0.04016 3.63919 -0.26591 1.04702 -0.66473
3.29612 0.01938 -0.46364 -0.67626 1.23866 -1.25566 1.50315 -0.9307 0.57521 0.03995
4.93137 -0.58482 0.28791 0.08108 0.2078 -0.619 2.83994 -2.46274 0.3844 0.43239
3.76754 -0.15388 1.27415 -0.22656 -0.09884 -1.15198 1.66232 -1.80421 -0.15495 -0.14729
2.95812 1.16965 -0.44103 -1.09829 0.21138 -2.61855 1.42972 0.02142 -0.23053 1.06383
1.46215 0.13779 0.67049 -1.6859 0.03615 -1.33016 1.90509 2.76874 0.04428 1.61498
-0.02288 -1.24542 0.53375 -0.67169 -0.11772 -1.32629 2.31299 2.70456 -0.5458 1.36584
-0.86884 -0.05507 -0.52855 -0.93408 0.33013 -0.61463 1.33183 1.45081 -0.79412 1.60403
-0.35768 0.16705 -0.9545 -0.09974 -1.37476 -1.08922 0.62613 1.73267 -0.6054 1.44227
-0.11836 -1.43874 0.39269 -1.46004 0.30123 -2.47944 0.57243 1.32586 -0.27007 -1.13256
0.01381 -0.76358 1.61049 -2.45399 0.48256 0.27828 0.73386 0.76687 -0.20264 -1.11714
0.40918 -1.25643 -0.0841 0.09366 0.43293 1.06435 1.58434 2.59535 -0.15529 0.19434
0.88525 -2.36065 0.05266 0.78919 1.13409 0.87864 2.68404 -0.43835 -1.26619 1.28362
2.48798 -1.27223 0.3453 -1.66133 2.30036 2.0504 1.52771 -0.85359 -0.23325 0.97691
1.64102 -0.08884 -0.01481 -0.90145 0.15153 1.01098 1.8414 -0.37959 -0.76574 0.35203
0.80793 0.26146 -0.59923 -0.60247 -0.16925 0.21684 1.59797 0.59673 -1.13568 -0.29725
0.84337 -1.09027 0.165 0.74662 -2.37349 -0.86503 1.87386 0.92258 0.79767 -1.79561
-0.46071 0.1742 1.38825 -0.16363 1.1009 -1.57117 0.48808 -2.0843 -0.06015 -1.28538
0.26757 0.18751 3.03422 -0.58919 0.8666 -2.09254 -1.64436 -1.9305 -0.38396 -0.01347
-0.7338 0.34456 0.08141 1.29241 -1.02377 -0.41691 0.56446 -0.48665 0.13988 -0.73329
-1.49981 -0.33319 0.18427 -0.60255 -1.23414 0.35689 0.81911 0.1661 0.85367 -2.04278
-3.1067 0.3347 -0.0484 0.15035 0.33544 0.94809 0.95218 -0.4436 -0.77294 -2.00477
-4.11098 0.69475 -0.6342 -0.1082 2.62692 0.95031 0.52023 -0.31011 -1.55887 -1.82459
-2.38907 0.35387 -1.22162 -0.15556 0.23185 1.25095 0.85689 -1.52683 -1.41017 -1.71518
-3.70141 -1.11395 -1.3043 0.08115 -1.16695 0.36405 -0.00052 -0.90685 -2.79398 -1.69776
-4.25145 -1.46136 0.90919 0.1164 -0.91164 1.08517 -0.6801 0.74197 -2.1364 -2.01698
-4.44649 0.15715 0.9011 0.91292 -1.04075 1.00223 -0.59018 -0.08795 -0.1542 -2.57268
-1.98323 1.02825 -0.16095 0.88141 1.52132 0.41465 -0.12228 -0.13054 -1.58964 -1.67483
-0.73933 -0.12124 0.35632 -0.28638 -1.15555 -0.48891 -1.3932 -0.40403 -1.77338 -1.47408
-1.70235 0.99113 0.01837 -1.2973 -0.30426 -0.20227 -1.28178 -2.19563 -1.20726 -0.9159
-2.15764 -0.23504 -0.96507 -1.5084 0.35268 0.92132 0.41893 -0.98579 -0.66262 0.77821
-2.25715 -0.30436 -0.65506 -0.85194 -0.19987 1.24559 -0.22394 -0.06459 -1.02075 1.38301
-2.18551 0.20477 0.3957 -0.8646 0.52874 2.73458 -0.92083 -0.17553 -1.29585 2.52878
-2.00256 0.74069 0.42692 -0.8606 -0.40855 2.01751 -0.37468 0.04474 0.06963 1.28368
-2.36698 -0.24091 -0.43912 -2.22253 -0.18981 0.93408 1.19671 -0.4897 0.40687 -0.44539
-2.12447 0.76868 1.68521 -1.14973 -0.58329 -1.66737 -0.11517 -2.85043 0.0057 2.46426
-2.05308 0.6923 1.47973 -2.14357 0.3704 -3.61232 0.22493 -1.35262 0.07549 2.06287
-1.06082 0.63459 0.09629 -2.65236 0.26068 -2.13592 1.22699 -0.97509 -1.68341 2.64032
-2.39213 0.61817 0.164 -1.53805 -1.03577 -2.43452 0.19561 -1.37391 -0.17587 1.73553
-2.49923 0.36325 1.60108 -0.05471 -0.41387 -1.56791 0.99561 -1.64282 0.7244 0.97157
-1.20083 0.89671 0.54297 0.00776 -2.31858 -1.96245 1.05634 -1.8467 1.26907 1.63982
-1.05966 1.58687 -0.13935 -0.68781 -1.13961 -0.09565 2.36896 -2.13104 -0.02537 2.95326
-0.307 1.05006 -0.54665 -0.15257 -0.63051 0.99086 3.85787 -0.3947 -1.38945 2.48066
-0.7831 0.49732 -0.6068 -0.3716 0.5736 0.17224 5.28663 -1.03078 -0.73784 2.77922
1.70777 0.18595 -0.23298 -0.34121 0.18538 1.55375 7.08743 -2.29577 -0.78753 2.62783
2.89743 0.00591 0.89377 0.33088 0.08664 2.13628 8.39565 -0.83765 -0.64458 3.1277
1.81036 -1.9281 -0.42894 0.65223 -0.55397 1.8686 7.90487 -1.0949 -0.40845 1.63519
2.29015 -1.61712 3.59171 -0.0814 -0.34542 2.42937 6.88648 -1.35531 0.98026 0.95805
0.64428 -1.54225 1.54861 0.12408 -0.50518 2.60769 8.92191 -0.03329 1.91875 2.02978
0.73001 -0.03033 2.72106 1.55823 0.596 1.94296 9.15656 0.26304 3.14208 3.05604
-0.09171 0.09239 1.0214 0.15456 0.87541 3.14408 7.01424 1.17226 1.56322 3.31715
0.10963 -0.76092 2.92911 -0.66772 -0.21355 2.80115 7.91423 1.68601 1.55018 3.75138
2.80765 -0.85697 2.79935 0.05198 -0.5224 -0.97876 7.47888 1.06452 1.38929 2.92653
1.20215 0.76302 2.82613 -0.71243 0.91323 0.72975 6.96788 0.35281 -0.97994 2.72743
0.54859 2.20653 2.90751 -0.99651 0.89622 0.1965 6.33702 1.34934 0.80922 2.46529
1.64792 0.36311 1.44901 0.69132 0.95681 0.97317 6.15482 1.61687 -1.24444 2.63054
5.07655 -0.9709 1.81276 -0.33353 0.29249 0.39221 5.25052 1.13638 -0.96186 3.13863
3.51273 2.38895 1.09104 1.16493 0.70568 -0.79841 6.34634 3.12066 -1.7865 1.69723
2.28694 0.51269 1.96528 -0.20549 0.78754 0.94005 6.74744 1.0891 2.40442 1.09393
3.51543 -0.13139 1.96942 -0.6598 0.84935 0.0501 5.55934 0.1871 1.32158 0.11272
5.32407 -0.323 0.88128 -0.80386 -1.14261 -0.44887 4.69662 -1.52226 1.70238 -1.73063
4.51089 0.7478 0.97288 -2.00491 0.16816 1.34745 1.98836 0.0311 3.25073 -2.75523
5.10667 1.86145 -0.3741 -1.42224 -1.11211 1.1184 -0.61212 1.35572 2.23804 -2.92003
5.05096 0.755 1.17653 -0.49759 -1.06611 -1.15166 -1.19136 2.52344 0.1501 -0.96603
3.56795 2.29507 1.54245 -0.0792 -0.58495 -1.41168 -2.20531 3.60935 -0.14944 -0.28035
2.29526 1.71619 2.46715 0.43219 1.5866 0.65528 -1.65067 2.9465 -1.14966 -1.80462
2.85289 -2.14398 2.72831 -0.75469 0.36565 0.57901 -1.12362 2.63463 -0.95201 -1.03988
3.5491 0.65842 1.80337 0.32604 0.07521 -1.56747 -0.33691 2.08424 0.56556 0.27613
4.12452 1.71657 -0.01173 -0.04837 -0.08014 -0.07221 1.66364 3.17591 -1.10588 0.21005
2.87768 0.89739 -2.04328 0.27619 1.12145 0.65852 2.22413 2.48808 -0.89802 -0.73628
4.11721 -0.28215 -0.45373 -2.57782 1.29915 -0.68227 2.2984 0.75133 -0.7211 -2.03975
3.02888 -0.58627 -1.53946 -0.69834 -0.00391 -1.37785 1.977 1.92212 -1.29207 -2.48181
3.65696 -1.5622 -0.66719 -0.66156 0.09542 -2.40082 2.97641 1.67352 -1.53278 -3.91476
3.14365 -2.03793 2.75256 -0.37401 0.14799 -1.11309 1.20741 2.47035 -0.94961 -4.2402
3.13433 -1.22603 1.61857 0.3947 1.44802 -0.57856 0.54194 3.45926 -1.74836 -2.7354
2.94331 -1.55537 1.61544 -0.34113 0.01857 -1.17843 -1.4802 1.77268 -0.30785 -2.32731
1.63731 -0.32914 -0.42912 -1.14845 0.40638 -0.96896 -2.51785 0.54099 -0.02657 -2.55645
0.06129 -0.86768 0.60491 0.09992 0.56838 -0.89585 -1.70814 -0.47322 0.04015 -2.86162
-2.61479 0.55961 -0.54405 0.05235 1.11977 0.44592 -2.68326 -1.86554 1.85388 -3.7209
-2.38036 -0.06851 -0.05494 -0.45956 -1.32837 -0.81846 -3.66266 -0.07125 1.27053 -1.96841
-3.6366 1.14131 -0.70227 -1.19326 -1.67175 -0.85934 -3.3701 0.22145 -0.14797 -0.3095
-5.71575 0.58554 -1.82987 0.83746 1.45921 -1.92167 -1.52907 0.12951 0.09749 -0.6594
-7.04623 -0.851 0.07801 0.18478 0.96067 -1.59605 -2.55179 2.15426 -0.68632 -1.14332
-6.51687 0.11165 -1.11445 0.84442 0.75568 -1.77837 -2.0861 0.14115 -0.44633 -0.90091
-6.69033 -0.5237 -0.75457 1.19005 -0.23882 -1.5717 -1.73299 -0.56786 -2.6036 -1.12574
-5.46722 -0.32355 -0.62002 -0.34698 -1.62835 -0.25933 -0.65045 -0.90896 0.00722 0.9307
-4.37916 1.18592 1.00235 -1.39605 -0.61072 -0.3925 -0.60763 0.09133 -1.92771 -0.38761
-2.94082 0.47621 -0.71465 -1.14801 1.33837 1.36085 -1.69283 -2.11964 -0.44744 -1.00468
-3.08119 0.28641 -0.83699 2.377 -1.62472 0.70067 -1.11666 -4.19841 -0.68545 -0.1583
-2.52137 -0.43163 -0.64124 2.04637 -0.63101 -0.69438 -1.29315 -2.88007 0.13973 1.5967
-1.70885 0.22612 -1.0185 1.60634 -0.01214 0.49106 -0.25777 -3.44209 0.19914 1.76954
-2.23515 0.0184 1.7248 -0.20017 -2.36319 2.02562 -0.7223 -3.40452 0.8036 2.02864
-2.19119 -1.68113 -0.23097 0.18039 -0.84911 0.81502 2.09809 -3.51168 1.57981 0.91108
-2.62045 0.75016 0.10842 0.70799 -2.29407 0.78684 1.78957 -3.76652 0.83377 0.87683
-1.37405 0.01896 -0.9593 -1.40426 -0.32036 1.03566 0.83964 -2.13276 1.45286 -0.23928
-0.63837 -1.10689 -0.21292 -0.1702 -2.35744 1.61114 1.63239 -1.14132 0.39642 0.31249
0.67736 -1.01343 -0.27858 -1.49666 0.07926 -0.95768 1.97574 -1.93099 0.62403 0.59594
-0.50072 -1.36408 1.18433 -0.96882 0.87197 -0.02281 1.82798 -1.08704 0.18769 0.26661
-0.43918 -0.21574 2.37259 -1.32385 2.34887 0.60768 2.33141 -2.07701 -0.3909 0.75693
0.20356 -1.22469 -0.10527 -0.82944 -0.87987 -0.21981 1.57718 0.23117 -0.17174 -1.16994
0.75343 -0.77736 -2.38262 -1.6608 0.41244 -1.8375 0.48498 0.44139 -1.51144 -0.98398
0.73342 -0.04402 -0.70282 0.28193 -0.98104 -3.39162 -0.95669 0.79124 -0.10213 -1.56712
-0.27145 0.67476 -0.4188 2.72802 -0.92535 -1.41753 -2.51054 0.38712 -1.27666 -1.63635
-0.45583 -0.04452 0.76761 1.55098 1.75277 -0.13677 -1.06075 -0.49177 -0.6914 -2.77391
-1.01786 -2.29158 1.10321 0.09119 -0.09909 0.05364 -1.78627 1.21192 -0.57202 -2.43018
-2.09553 -1.18894 -1.69699 1.1518 -0.68834 -0.64429 -2.2455 0.11079 1.0855 -3.12654
-3.00839 -0.15932 -1.71278 -0.4243 0.50392 0.44168 -4.03834 0.99562 0.54885 -2.39841
-2.65444 0.24947 -1.70765 -0.68746 0.39716 0.93475 -4.62863 1.10395 1.17589 -4.48263
-2.82235 -0.32867 -0.25678 1.45633 0.24471 1.4553 -8.05858 0.95173 -0.13824 -3.96711
-1.96935 0.67213 -1.0508 -0.43182 -0.88673 2.33043 -8.89182 -0.97835 -0.06265 -3.51343
-2.92508 0.76457 9e-05 -0.59055 -0.95068 2.98605 -7.27841 -2.12157 -1.16564 -2.34003
-2.94989 0.95271 -1.19867 -1.92 -1.06882 1.7256 -8.88932 -2.61804 -0.88007 -2.14234
-3.0456 0.95231 0.22189 -0.67715 -1.99005 1.45512 -7.76648 -1.39065 -1.19553 -2.92923
-4.16013 -1.03989 -2.19925 1.18899 0.49707 0.78705 -9.90616 -0.12301 0.0317 -2.966
-4.96817 0.00998 -1.50023 -1.04915 -0.1572 0.97615 -10.94593 -0.75241 0.9041 -2.55348
-4.14772 -1.64265 -0.7275 -0.79583 -1.04149 1.67292 -8.74266 -1.21406 0.45454 -1.0258
-2.9793 -2.65269 -3.75388 -0.20901 0.3648 1.15941 -8.2251 -1.21473 0.5426 0.01795
-4.83467 0.27231 -0.63024 0.2997 -0.64964 -0.32929 -8.57188 -3.08073 0.66536 0.41447
-4.31895 0.67388 -1.71385 -1.55844 0.99778 0.06554 -8.9356 -3.56076 0.11852 -0.51584
-3.90649 -0.69494 -2.76978 -0.65338 0.15595 -0.087 -6.07857 -4.21456 -0.4613 -0.51301
-2.62127 1.69105 -0.39975 -0.99868 0.58595 -1.29441 -4.75408 -3.03528 1.49249 0.53661
-2.64329 0.16016 -1.29889 -0.59283 0.35105 -2.40405 -4.13301 -3.16767 2.17734 1.6432
-2.56819 -0.38703 -2.86861 -0.33437 -0.7037 1.5708 -3.26574 -4.00279 0.04974 1.83592
-3.29493 -0.12075 -2.32355 1.06317 -2.43788 1.70961 -5.03068 -4.17292 1.06447 0.96789
-2.96585 0.16677 -1.79769 0.31537 -1.26095 0.4987 -2.32184 -1.40384 -0.87651 0.90549
-0.27834 -1.68688 -3.8198 -1.40353 -0.32813 0.45249 -2.69485 -1.91094 0.82468 2.32778
0.23411 0.81841 -2.17345 -0.06155 -0.01328 -0.7433 -2.02537 -1.21785 -0.58072 1.74122
0.75397 -1.84587 0.29084 0.14269 0.95052 -0.42125 -2.2952 -0.59966 1.03141 1.48868
-0.10361 0.13017 0.31093 -1.60214 -0.80685 -0.58568 -1.15575 -1.78275 0.04681 0.44208
-0.26652 0.37799 -0.13311 0.60212 -2.93954 0.94973 -0.02753 -2.34857 0.6448 0.94316
0.96816 -1.9544 -1.79657 -1.32479 0.5893 1.58994 0.91874 -2.38447 -0.63068 1.21257
2.39246 0.39037 -1.04155 0.75456 -0.06129 -1.40359 1.17511 -0.8761 -0.86463 -0.17529
2.24689 -0.07833 0.64579 -0.65442 -0.45562 -1.37909 1.25811 -0.93738 0.09533 0.11636
0.70467 -2.04124 -0.31626 -1.06496 -1.08887 -1.20169 0.7247 -1.17036 0.85472 -2.00994
0.24592 0.17086 -0.49459 -0.06646 -1.11997 -0.9685 0.36973 -2.81327 1.52591 -2.40586
-1.91221 -0.77728 -0.08128 -0.99491 -1.73594 -2.28289 -1.28499 -2.32553 1.46006 -2.2752
-1.59742 -1.18018 -0.11149 -1.3864 -0.08786 -2.08366 -2.20953 0.2146 1.79378 -3.12145
-2.4368 -1.56322 0.28259 -0.34447 0.03004 -1.80721 -4.01248 0.91559 0.9204 -3.02554
-3.3076 -1.27813 1.16716 1.76204 -0.94735 0.65086 -4.12176 0.40933 -2.31155 -1.29136
-4.0103 -0.43809 -1.82457 0.05243 0.00659 0.13591 -5.9073 -0.42491 -0.06546 -2.35478
-3.70548 1.80049 -1.02509 1.09383 -0.05947 -0.58565 -6.63485 -0.29004 1.04775 -3.52776
-3.9374 0.66187 -1.11764 0.91234 0.64143 -2.66032 -5.79927 -0.21258 1.54126 -1.98592
-3.15906 -1.31994 -2.67659 -0.70516 1.09579 -1.26423 -5.93851 -0.04665 0.52774 -2.01459
-1.87971 -0.09515 -0.28218 0.16165 0.44259 -2.24159 -4.28456 1.13703 -0.72176 0.4908
-5.26431 -1.46454 -1.95113 0.60445 0.76859 -1.77657 -3.46472 -1.20238 1.09958 -0.19554
-5.00662 0.68332 -1.2805 -0.63634 1.59808 -1.36294 -3.62378 -2.75647 -0.4174 1.50727
-5.11922 -1.76147 -3.80877 0.10521 1.04479 -1.58805 -2.51526 -4.64167 -1.43165 1.60169
-5.15172 -0.46947 -1.50256 0.01321 -0.7092 -1.71893 -2.77918 -3.70236 0.73597 2.58432
-3.74966 -0.79907 -0.20994 0.91166 -1.25961 -0.2075 -2.33674 -2.81686 -0.89403 1.48215
-4.31534 -0.08134 -1.1049 -0.07712 -2.30664 -1.46836 -0.73449 -2.78185 -1.41677 1.40958
-4.25167 -0.98854 -1.14177 1.64359 -0.61768 -1.4514 1.08751 -2.12019 -1.70068 0.95429
-2.65465 -0.15191 2.13781 -0.35234 -0.79255 -0.07403 3.0869 -1.86777 -0.93459 1.39647
-0.82714 -1.30172 -1.64621 0.62904 1.13966 1.29312 3.45462 -1.81417 -1.41595 0.63789
-0.96701 -1.07146 -0.64176 -0.77661 -0.02289 1.54177 3.69204 -2.99672 0.63214 0.07206
-1.42053 -0.54677 -0.39567 -1.01045 -0.89255 2.31032 4.0686 -4.55042 -0.02303 0.47064
-0.79015 2.377 -0.07668 -0.68848 -0.48721 2.88524 4.62467 -3.43432 -1.06054 -0.25574
-1.96936 0.63576 1.87232 0.56189 -0.39902 2.02959 3.43541 -2.91634 -1.23883 -2.29055
-0.81168 3.81703 0.01659 1.63742 -2.32693 2.10052 1.97655 -2.4327 0.7908 -3.94431
-1.62722 0.31442 1.71569 1.51468 -1.13787 -1.49405 -0.11087 -1.5586 -0.0927 -3.60963
-1.91068 -0.39814 2.92208 -0.04101 1.30174 -0.9592 -1.48686 0.78408 0.70807 -3.64643
-0.11353 0.82865 1.32045 -1.73109 -0.33187 0.24913 -4.00811 -0.20851 1.81027 -4.18438
-0.2965 0.66698 1.11905 0.09586 0.00337 2.20669 -4.8001 -0.41569 1.90415 -4.18379
-1.88732 -0.04522 0.96615 -1.86807 0.1645 2.70238 -4.08013 1.24119 -0.25769 -1.98543
-3.50744 0.12652 1.68468 -0.68342 1.78975 -0.33191 -2.75456 -2.73766 -1.34214 -3.18047
-4.90073 0.97059 -0.52607 1.5538 0.12423 -0.90154 -4.15669 -1.64843 -1.45222 -4.12514
-5.08728 -0.75922 -3.21035 1.18396 -1.22053 -0.65392 -4.76399 -1.29435 -2.06762 -3.98503
-5.09056 0.95001 -0.53483 1.1492 -1.17989 1.04243 -3.73614 -2.5653 -0.89765 -4.13725
-5.93477 0.80407 0.88788 0.4678 -1.62992 -0.42221 -4.34283 -2.23032 0.7512 -2.91561
-5.94791 -1.12623 -1.03227 -1.22658 -0.79099 1.53446 -5.51756 -0.99063 0.17096 -1.37696
-4.56137 -2.11502 -0.79252 0.81886 -0.0672 1.10799 -5.08793 -0.29792 1.50138 -1.71874
-4.00762 0.58859 -0.57084 0.21324 0.19332 0.41813 -3.9551 -2.9306 -0.64259 -1.07076
-2.0938 -0.69873 1.06183 1.52246 -0.74716 -1.86726 -6.48742 -3.74318 0.24193 -2.79014
-0.8261 -1.0918 -2.02699 -0.76846 -0.69552 0.18986 -8.49002 -5.55976 -0.54126 -2.73859
-0.05527 -0.24588 0.85028 1.8536 -0.95145 2.80447 -9.4069 -4.62679 -0.12844 -3.49982
0.04331 1.40601 -1.37794 -0.93025 -2.44823 1.50742 -10.08686 -4.90183 -0.6875 -3.64222
0.41214 -1.5584 -0.01385 0.13359 -1.84331 0.97235 -10.00257 -4.35209 0.37671 -4.20051
-0.56866 -0.97895 -3.32233 -1.42909 -0.9095 -0.33402 -8.8542 -4.14017 1.32813 -3.28745
-0.65507 -0.48361 -1.01031 0.75714 -1.25392 0.54849 -8.29684 -1.33976 0.93933 -4.45966
-1.02704 -0.30105 -1.58431 -0.25002 -2.78873 0.90138 -8.45213 -1.75291 0.60704 -4.99405
-4.23636 -1.11093 -3.23328 -1.89487 -1.79259 -1.35734 -8.78735 -0.6597 0.93019 -3.73589
-3.15541 0.65086 -2.71883 0.09955 0.3265 0.52482 -10.04915 -1.70311 1.41713 -2.47548
-4.34102 -0.04211 -1.5827 -0.19913 -0.1372 -1.32364 -9.73019 -1.14352 2.00662 -1.82627
-5.36763 -0.55952 -2.93688 -0.60459 -0.06435 -1.6431 -8.67956 -0.90661 0.35528 -0.08359
-4.28786 0.17199 -0.69617 -1.817 0.19155 -2.44887 -8.9206 -1.09359 0.36084 -0.99153
-4.53825 -0.21493 -1.24976 -0.52821 -1.00077 -1.66277 -9.36099 -0.99852 1.22692 -0.65201
-4.88146 -0.94534 -2.93907 0.54883 -0.7725 -1.22313 -8.91776 -1.14794 0.50864 0.01459
-4.28222 0.62284 -3.17783 -0.48297 -0.11683 -0.9199 -7.72729 -2.37087 0.61819 -0.19906
-4.25113 -0.0511 -0.98881 -0.35464 0.69352 0.81423 -7.90501 -2.76902 1.49997 -0.27883
-3.31733 0.29555 -3.92155 0.23298 -1.48958 0.31554 -7.08153 -2.74333 0.75473 1.58746
-2.7546 -0.11449 -2.80916 -0.57129 -1.18649 -1.62444 -4.72132 -2.62442 -0.96354 1.30232
-3.0474 -0.09586 -1.98109 1.23296 -0.59385 0.35936 -2.14631 -2.06288 -1.81466 -0.67127
-2.24502 2.71002 -1.63981 0.32304 -0.7623 -0.61087 -3.13435 -2.45867 -0.48371 -0.01775
-3.11816 1.26152 -1.17576 -1.14859 1.2771 -0.46081 -1.47409 -0.98661 -0.33035 0.11049
-1.64428 0.36714 -3.06965 -1.82606 -1.67274 -1.85784 -2.32515 -2.0106 0.2489 0.9686
-0.42949 0.60309 -1.26985 1.06682 -2.10779 -2.531 -1.38965 -0.56146 0.35666 1.05776
-0.76232 -0.90192 1.56009 1.2009 -1.92026 -2.59621 -0.51599 -1.2575 -0.74541 0.81568
-2.06312 0.48445 -1.25289 1.61545 -0.33328 -3.82296 -0.7811 -2.12071 0.65519 -0.30481
-0.61781 0.31491 -0.58578 0.0785 -0.14848 -2.453 -0.16014 -1.94487 2.09559 -0.20834
0.24485 -3.00515 -1.38801 1.57359 -0.98394 -1.88352 -0.32301 -0.46004 0.98572 0.20692
-1.24097 1.19166 -1.9977 -1.32647 0.29654 -1.99876 0.6874 -0.72874 1.52081 0.25059
-0.94006 -0.17113 -1.16448 -0.46744 -0.36018 -1.51707 -1.20284 -1.39114 0.9515 1.73563
-0.33418 -0.38387 -0.31363 -0.64924 -0.9341 -1.34813 0.29137 -0.57724 -1.4288 1.76099
-1.93392 1.68194 0.48967 -0.52133 -0.95342 -0.19817 3.29289 -0.4187 -1.46742 2.13933
-1.94879 1.58799 -2.10762 0.04378 -3.18596 -1.05259 4.47312 0.53208 -0.02268 1.08393
-2.18457 -0.60006 -0.19421 2.19602 -1.86481 -0.2248 4.66624 -0.10393 0.55542 0.49155
-1.78703 0.94007 0.65953 -0.13179 -0.68764 0.93472 5.08654 -1.51003 0.05422 2.96491
-1.1526 0.09103 1.45796 0.0022 -0.14808 0.60478 5.49814 0.1856 2.08951 3.51587
0.81487 -0.3426 1.95754 -0.95867 0.12123 -0.88688 5.42897 -0.15566 1.34709 3.36797
-0.40395 -0.29069 -0.28593 -1.35061 1.0308 1.0228 5.83217 -1.11494 -0.22735 2.31049
0.11695 1.57811 1.18914 0.0931 -1.28448 0.86066 5.86299 -0.83384 -0.45313 3.05859
1.91736 1.87472 1.79608 0.84746 1.11193 1.57422 5.64929 -0.51684 -2.55976 2.74317
3.1735 -0.41964 0.74247 0.9774 0.48307 0.85791 5.75728 -0.3731 -0.82363 1.44689
5.18786 0.68797 1.09789 2.20667 -0.45996 1.1464 5.65983 0.39734 -0.38101 1.8377
3.54935 -2.59952 3.78565 -0.76355 -1.38563 -1.22377 7.61585 -0.15003 0.1424 1.89201
2.92215 -1.45727 2.00535 -1.16626 -0.40327 -1.47333 8.88267 0.31102 0.76791 0.93654
2.34559 -0.867 0.3667 -0.27447 -0.03356 -0.82594 7.6831 2.86643 1.22418 0.58422
1.66799 -0.1716 1.36121 0.41714 -0.69474 -3.0004 6.32262 4.56041 0.99098 -0.61712
1.33368 -0.86201 1.37721 1.47847 -1.38767 -1.5414 7.47211 5.15533 0.38636 0.21076
2.14217 0.83392 3.07415 -0.94322 0.47474 -0.78382 6.11221 5.19626 1.13522 -0.42377
2.61624 2.0159 3.22686 -0.04655 1.2778 -0.63627 6.40082 3.1375 -0.06849 -0.42487
1.25535 -0.15017 2.13612 -0.2448 2.80226 -0.81042 3.68018 2.03438 -0.27587 -1.18555
0.34614 -1.61599 -0.40395 -0.4363 2.74425 -2.7198 4.36346 2.99377 -0.16497 1.03621
0.67808 0.06122 2.24491 0.87348 1.72973 -1.49398 5.42878 1.79773 0.01631 -0.05507
1.63995 0.92588 2.54407 0.58281 0.3541 -0.4732 6.36851 3.57942 0.6663 -1.83178
0.64313 0.84557 1.92189 2.171 0.57543 -0.25166 4.18268 1.71965 0.01443 -0.87269
-0.19872 1.42687 -0.05772 1.24427 1.16637 -0.4992 3.57413 2.37542 0.20693 -0.97876
0.08787 0.22158 -0.44802 -0.65281 0.07744 0.12998 3.46881 1.80132 -1.44225 -1.37311
0.20353 1.68716 3.04673 0.56787 0.68102 -1.75205 3.61634 1.34064 -1.08081 -0.21172
-0.10758 0.80411 0.30969 -0.60976 1.26032 -0.27012 3.96029 0.64865 -0.88321 -0.98195
0.01289 0.81356 0.65371 -0.53206 0.86997 -0.64039 4.29185 -0.22017 0.14471 -0.17349
-0.08416 -1.15523 1.69721 0.95727 0.62483 0.07862 5.21536 1.07357 1.06222 2.28072
-2.0258 1.4504 -0.16932 0.30164 -0.42997 -0.85248 6.53265 -1.09472 1.6625 3.35966
-2.33219 2.17493 -0.41071 -0.27567 -0.57468 1.51365 6.20988 -1.05458 1.89571 2.96181
-2.93499 1.69017 0.86285 0.79544 0.84836 -0.37314 7.15999 0.27715 0.00636 3.64228
-1.54408 1.78731 0.09653 2.2263 -0.11511 0.13142 7.72711 -0.4709 -1.37201 3.06768
0.30127 0.78695 2.75452 1.332 0.58602 -0.52295 7.81449 -0.84274 -1.51144 2.53718
0.95295 0.00159 1.70418 0.11078 -1.30644 0.34134 7.2066 -1.20859 -2.32951 1.05813
0.74955 -2.20921 2.74653 -2.51117 -0.51322 -1.47761 7.40816 -1.20321 -1.80448 -0.72684
3.16548 -0.32398 2.98581 -0.67204 -0.17533 1.42486 6.95306 -2.49557 -0.92613 -2.5583
3.11094 -2.41142 2.3137 -1.3001 -0.05805 1.01137 5.64 -0.25949 0.12995 -4.11148
3.27508 -1.26173 0.87802 1.15335 -3.237 -0.68759 4.89727 -0.54284 0.01646 -4.23035
1.38452 -0.61146 2.61722 -0.49871 0.47743 -0.67474 2.92013 -0.45876 -0.8752 -3.86431
0.36084 -2.11809 0.70347 -2.10311 0.94638 0.80146 2.56147 -0.50463 0.32643 -2.656
0.12841 -0.46996 3.35616 -0.63937 -0.37213 1.24603 3.12646 2.59571 0.97076 -2.75613
0.35408 -1.58822 3.9161 0.54582 -1.01564 0.36394 4.10563 2.10751 0.34467 -1.88994
0.64171 0.25892 -0.58048 0.54414 -1.38945 -0.35196 2.33207 2.00469 -0.37152 -1.9686
-2.63886 0.78549 1.74983 0.39988 -1.09407 -1.46491 1.0947 2.45624 0.52502 -0.06703
-3.84968 0.4646 0.91477 1.31614 0.15261 0.33365 -0.19967 1.0193 1.27854 0.20294
-0.91487 0.62045 2.26786 -1.01571 -0.93288 1.26921 0.23023 -0.02189 0.01959 -0.52866
-1.72208 -0.20721 0.32231 -2.70021 0.80459 -0.36975 1.77682 -0.28101 -0.52434 -0.89906
-3.91015 0.66753 0.69956 -1.35398 1.09128 -0.44332 1.30973 -0.1695 1.00746 -0.52142
-1.94599 -0.32889 2.08456 0.07303 -1.58985 0.83797 0.36648 -1.05025 1.91136 -0.45039
-2.70271 1.22028 -1.48019 -0.94828 -3.26549 0.23042 0.03572 -2.00142 0.19478 -1.07811
-3.9699 -1.43735 1.69796 0.75731 -1.93127 0.02002 -0.89282 -1.01701 -0.12075 -0.44127
-4.518 0.05707 0.27569 1.79127 0.03811 0.45789 -0.72216 -0.74823 0.65472 -0.02986
-2.9094 0.04449 0.37277 -1.53316 1.23446 0.45683 -0.69565 -3.45515 1.67897 0.19136
-1.95112 -0.04269 0.46203 -0.43712 -0.24682 0.11233 -1.10741 -3.71892 1.19594 0.80095
-1.44703 -0.30332 0.33469 -2.09646 -1.08065 -1.65954 -0.7581 -1.71205 1.06974 2.13922
-0.15921 0.31012 -0.35655 -1.21788 -0.83968 -2.25704 0.65313 -2.54432 0.94115 3.09743
0.42487 1.39242 -0.15814 0.20943 -0.41051 -3.05479 0.69156 -3.30621 0.64407 2.44635
1.0541 0.34436 -0.50888 1.01144 0.02105 -1.44039 0.79196 -3.68209 -0.21274 2.30951
-0.42185 -0.14418 -1.23445 0.0679 0.73433 -1.86004 0.65935 -2.27691 -0.54204 2.02771
-0.66769 -2.4121 -0.62208 -1.38951 -0.11627 0.48538 0.72914 -2.05064 -1.95724 1.0823
0.91842 -0.31162 -1.25248 -2.40531 -1.77297 0.45865 0.39404 -0.79578 -1.40045 -0.26088
1.51812 -2.12753 0.19651 -0.90597 -0.81739 1.01841 -1.03598 1.24368 -2.04239 -1.08194
1.77944 -0.66173 -1.80293 -1.20557 0.87314 0.38596 -3.04595 2.51516 -0.92656 -1.01099
1.60633 -1.16422 0.25513 0.86092 -0.16801 -0.03781 -3.78088 -0.17036 -0.00262 -0.53694
1.19179 -1.18301 0.29168 0.44974 -0.0194 0.65786 -5.11881 0.32659 0.02156 -0.64877
0.16251 -0.61107 -0.79628 -0.80227 -1.23959 0.34335 -3.55219 0.50417 1.00877 -1.69557
-0.61559 0.67807 1.00726 -0.57309 -0.09577 0.5934 -3.13364 1.03757 0.82231 -2.35225
-0.12964 0.78453 0.15433 -2.12881 -0.29629 1.77428 -3.58276 1.17893 -0.23107 -1.39571
1.67084 -0.95589 -1.1076 -0.7603 0.94035 0.59325 -3.43035 0.52716 -2.1801 0.99381
1.24382 0.5974 -1.37322 1.95273 1.11638 -0.81684 -2.95546 2.28095 -0.49868 -0.19601
-1.52401 -0.8976 -1.38105 1.08073 -1.11777 0.21225 -2.67364 2.26975 -1.50877 -0.06972
-2.67385 -2.09246 1.02203 1.51197 1.35753 -1.3344 -2.02019 -0.09583 -0.85883 1.2368
-0.81157 -0.28633 -1.91461 0.51414 1.45069 -2.55197 -1.62045 -0.411 -1.03285 -0.98745
-0.39779 -0.3442 0.32369 -1.09659 0.84363 -1.43753 -0.10826 0.35826 -2.55583 -1.51476
2.2377 -1.49268 1.122 0.19352 1.59963 -0.74314 -1.71731 1.20447 -1.55759 -2.70469
2.1014 -0.03875 -1.95096 0.58735 -1.01076 0.58667 -1.11806 1.54392 -1.60071 -2.35174
4.20002 0.0516 -0.91246 -0.24961 0.92688 -0.6744 -2.12445 0.62339 0.03648 -2.78837
5.06074 -0.82034 -0.03424 0.36319 1.16458 -0.5275 -3.86348 0.55776 -2.77721 -3.48447
2.81751 -2.21343 -0.68153 -0.43987 0.20001 0.20824 -4.88024 -0.12069 -1.61168 -2.79348
1.49289 0.29044 -2.3674 0.71744 -1.18591 1.19743 -4.98136 0.1917 -0.79612 -0.94738
0.49353 -1.55071 -0.70859 0.00567 -0.73676 0.10515 -4.74042 2.78722 -0.31176 -1.08573
-1.88789 -0.20467 -1.60767 0.83131 -0.02551 1.1314 -3.77059 1.10768 0.59231 -0.49161
-1.01889 0.02774 -3.01083 -0.26464 -0.11408 0.37944 -3.47109 2.14886 1.56857 -0.25849
-1.11649 0.19983 -1.1918 -0.42605 1.56983 0.15699 -3.73937 2.9918 1.21993 1.00273
-1.08023 0.70891 0.28858 -0.95708 -0.11432 0.52904 -4.34053 1.68884 -0.20094 1.35442
-0.4008 -0.93523 -2.363 -1.35407 -0.17596 1.28787 -5.41628 0.72825 -1.59967 0.53813
-2.17409 2.98674 1.19567 0.3736 0.42883 0.32408 -4.61791 0.26895 -1.48767 0.62039
-1.87851 2.64599 -1.16066 1.51913 -0.03439 -0.47303 -4.01739 -0.81783 -1.87562 1.92458
0.36666 -2.35694 -1.3872 0.40841 -0.57225 -1.6056 -1.98717 0.10144 -2.82889 2.90384
-0.29951 0.58313 -0.38644 0.33225 -1.21825 0.32479 -1.88379 -0.67481 -2.60644 2.5579
-0.2337 -2.06039 -2.38585 1.52097 -1.17593 0.22729 -0.31819 0.39407 -1.82773 4.3502
-0.29385 -2.17937 -0.89113 0.99938 -0.50639 0.18817 -0.47741 1.43384 -2.714 4.69
1.59495 -0.80133 -2.02268 0.30933 2.25988 -0.58566 1.62263 0.35824 -0.47096 2.91629
