-5.10413 -15.20646 -1.70207 4.38602 -3.54262 0.69974 -4.35158 -3.62691 -0.81956 0.58573
-4.68083 -15.8766 -0.89584 4.49393 -2.94512 -0.2422 -5.43129 -5.04807 -1.16056 -0.15274
-4.35764 -16.96278 -1.55162 5.12069 -2.67405 1.84756 -5.91668 -1.61391 1.09438 -0.43569
-5.82382 -17.10807 -2.44947 4.09104 -1.82011 -1.33542 -6.26509 -2.12621 1.56836 0.59115
-6.05684 -17.36665 -2.54314 5.00846 -2.76874 -0.03672 -7.02983 0.81731 0.25717 -0.07064
-5.94266 -17.93555 -1.88158 5.55915 -3.26286 -1.63074 -4.89104 0.6502 1.22601 -0.95263
-5.63144 -18.90931 -1.71718 7.05624 -2.5453 -1.14549 -4.71316 -3.14177 0.8173 -0.99486
-6.39296 -17.97769 -1.33697 7.43374 -2.1244 0.04119 -5.60429 -2.38431 1.44837 -0.70118
-6.26312 -18.87164 -1.57063 8.30648 -0.72718 2.45471 -6.42378 -2.67499 0.84975 -0.49019
-6.04292 -17.72075 -2.80786 6.87056 -0.1871 0.33106 -6.94386 -1.42324 0.49002 -1.47052
-6.24507 -16.75755 -3.68381 6.92859 -0.95118 -0.2338 -7.49576 -1.84858 1.26759 -1.47148
-5.07981 -16.74626 -3.54091 6.85055 -1.09786 1.24552 -7.44052 -0.90075 1.25958 -1.29631
-4.67387 -17.0299 -3.23646 6.37993 -2.13814 -1.42179 -5.94757 -0.94484 1.72526 -1.09956
-3.61914 -17.47181 -3.50058 5.74185 -2.0266 -0.96313 -5.64308 -1.01883 0.55055 0.18517
-3.43652 -17.7015 -3.26071 5.89231 -4.54173 -0.14527 -5.91755 -3.00265 0.26667 0.33738
-3.9484 -19.91173 -3.9119 6.19474 -3.11471 0.6863 -4.80846 -4.20358 0.60278 -1.27373
-3.22084 -20.04973 -5.38941 6.29659 -2.43674 0.61471 -4.28604 -2.64453 0.15767 -0.03795
-3.32667 -19.60497 -5.85778 6.18613 -2.10152 -1.13697 -3.34357 -1.03639 -0.64224 -1.23604
-2.16311 -19.23737 -7.17217 5.97545 -2.19428 -0.22658 -4.48913 -1.89237 0.4986 -1.00215
-2.0471 -20.57937 -6.17832 3.55739 -2.23571 0.65304 -4.19022 -3.30377 0.26734 -0.71804
-1.59316 -20.24558 -6.44251 2.37086 -2.60783 -0.11951 -5.66695 -2.63255 0.67818 0.92119
-1.61 -19.86388 -6.29926 3.98682 -1.30667 -0.67423 -5.56466 -2.60003 0.2091 0.70314
-2.27922 -19.94629 -5.45524 3.14041 -2.93222 -0.70727 -5.32887 -3.46028 0.36138 -0.42548
-1.80313 -21.15485 -3.22135 3.0628 -2.00465 -0.47156 -4.6978 -2.68374 0.19385 -1.4848
-0.49381 -19.93693 -2.92708 4.54136 -4.15256 -0.08052 -5.09871 -2.86726 0.87279 -0.8513
1.87849 -19.8406 -3.54442 4.71325 -4.63044 -0.74507 -3.39597 -3.43498 0.07354 -0.50487
3.09348 -19.49043 -2.79582 4.3538 -3.26952 -0.37698 -2.93764 -3.05402 -0.39789 -0.65697
2.15825 -17.87848 -3.41783 5.46702 -1.45996 -0.56101 -2.62702 0.05132 -0.33211 -0.35593
2.92509 -15.87967 -3.63927 4.24891 -0.25377 0.54791 -2.63383 -0.22876 -1.18593 0.47322
3.42268 -14.35371 -2.73881 3.45191 -1.49778 1.31289 -1.80062 0.05864 -1.45138 1.12957
2.51508 -12.01755 -2.60349 3.42752 -0.9464 0.79216 -0.34086 -0.42083 0.78587 0.19038
3.16263 -9.63956 -3.12076 2.95448 0.99183 0.663 -0.79946 -0.0561 0.41034 0.41807
3.77155 -7.5571 -3.54993 2.64298 -0.78509 -0.06861 -0.275 1.07437 0.96062 0.11436
3.52466 -8.27848 -6.5205 3.18519 1.01206 0.04476 -0.17666 0.41234 -0.91182 0.40588
4.22316 -6.48938 -6.04631 2.52666 1.03629 -0.76605 0.0335 2.03307 -0.72107 -0.01746
4.35026 -5.20219 -3.27179 2.63522 0.90987 -1.67917 0.74735 -0.01753 -0.09775 0.04262
3.57303 -4.49699 -2.03665 2.94692 -0.42378 -1.74879 1.06198 -0.94648 -0.7195 -0.0618
1.72804 -3.8103 -0.78829 3.48195 1.84897 -0.26008 0.39116 1.78242 0.3551 -0.54481
0.82237 -4.52762 -1.22477 1.876 3.79066 1.83068 -0.77396 -0.02373 0.11428 -0.40353
-0.45209 -6.38545 -2.27374 1.12322 2.03433 0.51238 -0.07839 -0.01296 1.61571 -0.7203
0.71907 -4.9954 -1.51035 0.78455 2.0679 0.51836 -0.47293 1.02864 -0.00536 0.09914
1.77109 -1.94121 -0.61104 2.75304 3.65419 -0.48588 -0.88859 0.53427 0.027 0.32085
4.48524 -1.57005 -1.45889 1.93496 2.19027 -1.09637 -0.71029 -0.40963 1.94437 0.30483
4.11309 -3.22545 -1.35903 0.87555 0.48801 -0.61904 -0.12515 -0.05444 0.83249 -0.01504
4.04846 -2.71307 1.24959 0.9329 -0.2915 0.99231 -0.16829 -2.80264 0.31633 1.78142
5.23405 -1.51193 0.93003 2.32209 -1.59886 0.85217 1.84391 -0.6852 1.3905 1.58194
3.6731 -1.94154 0.7315 0.9589 -0.22966 1.41601 1.77851 -0.40188 1.15374 1.86329
3.14382 -0.6607 2.20966 0.51499 1.61943 0.45593 1.79364 1.43914 0.04425 0.8366
3.35353 2.60159 2.25918 0.40921 0.65499 0.94646 0.29564 1.08222 -1.67939 0.35445
2.3561 3.3365 2.25097 0.12217 1.3092 0.30936 -0.49064 1.93948 -0.43271 0.22556
0.93222 3.33654 1.18224 0.48801 1.10899 0.91104 -0.99607 2.82451 0.26885 0.51085
-1.21033 3.79045 0.32393 1.1928 1.02399 -0.67392 0.36399 4.07807 0.63886 0.63407
-1.64771 4.9476 1.24937 2.12291 2.13547 -1.34603 0.30931 0.38745 0.02213 1.87163
-0.29586 2.76147 0.88223 1.23018 2.93178 -0.51054 -0.13035 -0.02315 1.88215 0.59493
-0.479 1.72177 1.02853 0.62129 2.47952 0.1789 0.65047 -0.81725 1.24509 -0.17927
1.00625 1.04689 0.0797 0.0452 1.83149 0.13962 0.03219 0.92191 0.03293 -0.94559
2.60198 1.46165 0.5791 -0.50478 1.40152 -0.55496 -0.81954 1.12777 1.28865 -0.90276
1.69084 1.85122 1.3252 -0.00356 1.31913 1.21295 -0.54216 -0.05896 -0.41242 0.51929
1.64064 0.81089 -0.03942 -0.26167 0.61838 0.15616 -0.78466 -0.10914 1.56616 -1.022
2.05268 2.21528 0.20268 -0.72966 -1.32041 0.21782 -0.98855 -0.40456 -0.76293 -0.422
1.8971 4.84131 -0.75319 -0.26645 1.09362 -1.48362 -1.04055 1.11735 -1.00153 -0.3982
3.10408 5.39728 0.08602 0.18429 1.12848 1.2729 -0.87013 -0.55775 -0.22985 -0.15345
3.97384 4.82868 0.72509 -0.77132 2.10387 -0.41451 -1.87016 1.01421 -1.60314 0.45918
3.90336 4.96274 0.17492 0.65585 1.53391 1.99541 0.31401 -0.22042 -1.04676 -1.03297
3.93756 4.6406 0.29716 1.53638 2.76352 -0.65056 0.97918 0.93671 1.00387 -0.36056
4.23156 6.07766 -1.05561 2.52667 3.45533 0.78685 1.07712 1.04327 -0.49735 1.36766
3.53456 5.96774 -0.10302 3.4439 4.32461 1.6531 2.32314 2.61932 0.12081 1.49107
3.63431 7.26539 0.60208 4.32547 3.38979 0.91829 1.46978 -0.48877 1.44702 0.84627
4.71873 8.27768 0.16842 4.15313 3.5479 0.88359 1.33412 1.22496 1.05656 -0.35065
4.56801 7.2609 -0.93464 5.68411 2.99735 -0.27397 0.38039 1.45589 -0.00522 -0.02081
3.93867 8.10899 -0.84912 5.36269 2.51729 0.40771 0.03108 -1.01501 -0.53243 0.7412
3.32165 7.53006 0.00449 5.00367 0.46394 -0.37297 -0.52094 2.5052 0.28114 -0.29008
2.98614 8.10549 0.00789 4.98854 0.85419 0.70194 -1.31406 0.90561 -0.04191 0.86574
2.86842 9.01399 -1.59133 4.67588 2.95971 -0.29253 -0.3232 1.60259 -0.2152 -0.41183
2.71333 8.13044 2.26649 4.09414 1.91086 -0.0602 -0.05346 1.37531 0.16435 -0.50316
3.50964 9.77618 3.21858 3.89041 2.06205 -1.01017 -1.52255 2.05442 0.81847 -1.57009
0.76735 10.4194 2.71061 3.26159 0.95881 -0.54707 -1.3513 -1.19675 1.10359 -1.44764
1.41624 9.49916 2.99027 4.19335 2.79615 0.00235 -1.38373 2.28635 0.46355 -2.72088
1.48389 9.09428 3.23187 6.57724 0.73281 -0.3316 -1.87228 1.62396 -1.48351 0.55571
2.21365 10.982 4.24403 6.14184 0.98934 -0.54259 -1.88452 -0.13663 -2.05252 1.05043
3.94829 11.11503 4.6824 6.09963 1.95417 -0.07073 -0.26682 1.5475 -1.99806 1.49538
2.8767 11.50275 4.65354 7.88286 0.23444 0.54688 -0.72004 0.2932 -2.47681 1.19199
2.73878 13.06161 4.56143 6.61436 0.20885 -0.27612 -0.87654 -0.08681 -0.47232 -0.37811
3.40783 12.5415 4.785 8.06871 -1.46432 0.79441 -1.5588 2.02971 2.17591 -1.18212
2.67405 13.62308 4.55841 7.73599 0.53575 0.19504 -2.83169 2.66271 -0.15237 -2.03454
2.93142 13.99665 4.35901 7.27718 0.93948 -0.87313 -0.27004 3.25151 -2.02959 -2.03916
3.1736 11.9301 5.58995 7.07923 2.73039 -0.4353 0.90811 3.24796 -1.71335 -1.16862
1.73659 12.15681 3.92171 5.01821 1.01553 -0.53081 1.31888 0.35251 1.09783 -1.60536
1.82537 13.38332 1.41422 5.58619 1.87324 0.99645 1.68241 2.31341 0.49704 0.20207
1.6695 12.43327 1.49079 4.86031 2.00811 1.58355 1.58384 3.12863 0.39521 -0.05652
2.94272 13.14163 1.50565 5.20946 0.64038 1.19561 2.14017 0.72553 0.13538 2.35327
3.08722 12.47884 -0.41116 4.58671 0.79001 -1.2343 1.48109 1.87301 -0.15975 0.86123
5.42553 12.23837 -0.3455 4.57074 1.04877 0.90326 1.09363 0.31429 -1.4323 1.13203
4.12634 10.68939 -0.317 4.11488 -0.50537 2.17412 1.42737 1.537 1.9471 -1.55694
3.18407 12.27222 0.52258 4.38482 -0.28194 1.05465 1.48664 1.17665 0.27939 -0.58329
1.19237 13.88474 0.29738 4.31176 0.81474 1.29919 1.2237 1.44804 -1.21754 -0.24989
1.2092 13.01354 0.96085 4.17159 0.51113 0.11292 0.4772 2.77709 0.57774 -0.00294
1.51671 11.22068 1.77262 3.49524 2.62159 -0.58039 2.29397 2.76508 1.36248 0.74568
0.42249 11.91237 0.93246 4.05591 2.58528 1.49708 3.23424 -0.0914 0.99027 0.28525
0.33384 9.53899 1.57771 5.43493 1.52484 0.38768 2.40718 0.59116 -1.75065 0.56639
1.6938 9.79119 2.20428 5.24562 1.65853 -2.56438 1.33967 2.25264 0.17885 -0.20707
2.49968 8.82899 2.38092 3.96654 0.50259 -0.64079 0.50976 0.32909 -0.65095 -1.23612
2.44032 8.41339 1.27424 4.26527 -0.06589 0.3658 0.14665 -1.09449 -3.28537 0.7067
2.16597 9.162 0.49027 2.36272 0.63037 0.54053 1.43152 -1.44397 -2.40216 -0.71479
2.61032 9.03662 -1.2871 1.8018 1.98952 -0.03918 1.54145 0.84165 -0.81992 -2.03148
2.3331 8.84417 -1.82781 2.25869 1.56427 -1.9006 1.63142 1.11061 -1.91497 -0.77601
1.11585 10.40223 -0.21122 2.44052 1.50551 -0.68792 1.20167 0.86083 -0.92266 0.06803
0.37798 9.53046 -0.55831 2.0992 0.83353 -1.13829 1.23955 1.63065 -1.11943 0.1175
-1.24066 6.79169 -1.23596 1.17146 1.49085 0.06028 0.84697 1.24348 -1.09578 2.48729
-0.16475 4.33067 -0.76547 0.85829 0.94321 1.6565 1.48256 1.04819 0.01903 0.74838
-0.0749 3.60012 -1.16044 1.21651 0.23898 0.11075 1.51644 -0.20075 -0.28103 -0.66618
-1.86226 2.24729 -0.97881 0.06093 0.66251 -1.74109 0.59626 -0.21515 1.93666 -0.08015
-2.09618 1.05819 0.35717 -1.48298 1.9215 -1.40853 0.8027 2.20545 0.65943 0.70354
-1.28493 -0.89414 -0.44353 -0.58794 1.60166 1.66522 1.67642 -1.05569 0.55962 -0.30029
-0.9965 -1.85185 -1.64328 -0.11151 0.84768 2.15383 2.89735 -2.064 1.2697 0.43698
0.46965 0.10798 -2.1607 -1.82381 1.88543 1.91551 4.16169 -0.31954 1.04907 -0.97581
0.27683 -1.30717 -0.31476 -2.00868 -1.22058 1.02928 3.71028 0.06237 0.61106 0.09829
-0.02182 -2.47802 0.46024 -2.86365 -0.85224 1.32972 3.36656 -2.08023 -1.3522 0.24459
1.04553 -1.98085 1.58106 -2.24211 -1.20006 0.62422 4.00776 0.1393 0.16761 0.67282
1.49324 -2.48811 1.07194 -2.38445 -1.40664 1.18151 4.89727 -0.27969 0.84418 1.00981
0.9897 -2.31114 0.25094 -1.91944 -0.64562 0.63219 7.08898 -0.14083 0.60354 2.22457
3.10555 -2.15874 -1.9938 -4.047 0.43941 2.73416 5.398 1.27086 1.16686 1.39513
1.30243 -0.41772 -3.2599 -5.02401 0.20133 -0.17218 5.61652 0.49269 0.58623 0.64289
3.26628 -0.07589 -3.16189 -6.50218 0.18419 1.73831 6.0237 1.58498 0.33923 0.11288
2.20224 0.88845 -3.18827 -6.62488 -0.04424 0.41071 5.74792 0.85448 0.47437 -0.65818
3.33597 1.42518 -2.69842 -4.99625 1.02063 0.35721 5.83935 0.48735 -0.86535 1.12311
3.13685 1.63157 -5.41867 -4.5334 2.22485 0.56605 5.9132 1.9461 -0.5471 1.56478
2.26001 3.88879 -4.15826 -4.14748 -0.28859 1.0035 5.75348 0.31521 -2.206 0.8029
2.03117 1.85984 -2.46064 -4.00647 -0.73418 1.38762 5.49349 -0.48335 -0.80105 1.86415
3.44698 3.2249 -3.64808 -3.87093 0.6807 0.98867 6.57032 0.09704 -1.19184 -0.86208
1.37253 2.37313 -5.90084 -2.60167 1.06775 1.38304 6.55724 -0.47053 -1.35549 3.55239
1.19017 2.25036 -4.80977 -0.51484 1.9754 0.50978 7.28854 0.8245 0.75921 0.148
2.14915 1.62076 -4.39383 0.81284 0.19777 1.08465 9.32368 -0.34179 1.26574 -0.25922
2.32324 0.89161 -4.28873 2.31823 -0.13022 -0.24957 7.95188 -3.39362 1.88153 -0.95868
2.78016 -1.33621 -5.78304 1.32481 0.60618 -1.97717 6.60718 0.39174 1.42845 -1.06792
2.18529 -1.836 -5.30893 0.6585 0.94627 -2.7247 5.25878 -0.38114 0.67147 -0.71857
1.82911 -4.03238 -2.97691 1.06281 0.69758 -0.59152 3.56065 -0.45036 -0.60698 -1.96656
1.81889 -4.08563 -4.15111 1.473 1.46799 0.35429 3.35796 -0.15667 -0.80763 0.39887
1.86492 -5.69903 -3.48859 0.28283 1.47589 0.36146 2.35136 -1.72168 -0.83612 0.19823
2.61832 -5.51848 -1.98275 -0.73325 1.98202 1.30426 0.78071 0.05877 -0.26857 1.12794
1.19769 -6.26048 -2.59125 -2.81326 2.71892 0.10436 0.94415 -1.10991 -0.897 -0.08965
-0.46422 -6.26595 -2.60847 -0.54266 1.73294 0.2017 -0.85147 -0.74083 -1.36026 0.33503
-0.07907 -6.00714 -2.88831 -0.28607 0.07829 -0.6855 -1.18112 0.93679 -0.71077 -1.42435
-0.39544 -6.55995 -3.68642 0.8377 1.55966 0.69069 -0.87255 -0.41817 0.73672 0.71283
-0.75933 -7.70774 -3.4237 1.14 1.63028 -0.70714 -2.41502 -0.62644 -0.41121 -0.6735
-0.25217 -8.49916 -2.27304 0.83021 1.03018 0.61382 -2.19455 1.62274 -0.27424 -0.06633
-0.01302 -9.35007 -1.92147 1.45903 0.30727 -0.60894 -2.41707 -1.45414 0.88111 -1.0343
-1.10794 -11.07586 -1.19173 1.66795 -0.90309 -1.51136 -1.97833 -3.6864 -0.01643 -0.50794
-2.20367 -9.72446 1.52666 0.72125 -0.76275 0.54742 -0.68187 -1.11002 0.3528 0.97529
-3.118 -10.28298 3.15675 2.8433 -0.24259 -1.15171 -1.53871 0.80318 1.10254 1.86133
-3.42862 -8.57617 2.60589 1.92887 1.033 -0.2812 -0.60962 -1.00227 0.09937 1.5638
-2.8606 -9.19141 1.02163 0.65548 0.38795 -0.95846 -1.63831 1.52817 1.15777 -0.87162
-1.28384 -8.41173 2.64893 -0.11724 1.24709 -1.23024 -1.49404 -0.23085 0.05424 -1.90802
-1.86517 -7.03164 1.63841 -0.34425 -0.74474 0.55398 -1.40504 -1.27846 1.36881 -0.80406
-2.3248 -6.08995 0.60375 0.31211 -0.02003 1.05635 -1.10642 1.06162 0.47221 0.43949
-1.79153 -6.71378 0.67124 0.26742 -1.16304 0.48556 -3.10199 -0.05479 -0.88333 1.35724
-1.07844 -5.55703 -0.00444 -1.07166 -1.81334 0.31439 -3.71738 -2.04782 1.07977 -1.02605
1.70026 -4.93929 1.06538 -0.90996 -1.75887 -0.55451 -4.23031 -1.27289 1.62933 -0.93064
2.47133 -3.58576 0.54245 -2.99847 -2.66524 -0.06712 -4.71694 0.46427 0.44372 0.32235
0.97046 -1.56726 0.10104 -2.98477 -1.16205 -0.63738 -5.0019 -1.29681 1.76082 -0.65592
2.4824 -0.46653 -0.0314 -2.92737 -2.16869 0.09175 -3.61917 3.05691 0.24488 -0.64188
2.29027 -1.36689 1.04491 -2.88419 -2.64049 0.96672 -3.256 -0.81479 -0.75597 -0.33181
2.60897 0.53056 0.46858 -4.06481 -0.61812 -0.16908 -4.01511 -0.27214 -0.49598 -1.06406
3.599 2.22553 0.23002 -3.87884 -1.42992 0.0647 -2.72012 -0.46842 -0.04959 0.81028
3.05797 2.1304 -1.59458 -3.81636 -1.32983 1.3117 -3.69426 1.25295 0.4474 0.09621
2.48046 2.63239 -1.24303 -5.75423 1.00662 0.52864 -4.0261 0.14126 1.587 0.25485
3.47262 2.53634 -0.80062 -5.66727 2.07134 -0.96208 -4.67567 1.03624 1.63066 1.8289
2.07185 3.12765 -2.14291 -6.5636 0.34918 -0.44797 -4.30573 0.77185 1.4263 0.65198
2.59208 3.75347 -0.37926 -5.82888 0.68162 0.57634 -4.87272 0.83649 0.60388 0.71737
1.4047 2.78296 0.63003 -4.26813 1.52331 -0.01789 -5.57171 -0.34904 -0.13894 1.08795
2.32927 2.24611 0.42243 -4.88536 1.95616 -0.03696 -6.76533 -0.26465 -0.25427 0.70636
3.0119 2.27373 -0.07197 -3.8425 1.48487 1.8503 -6.51285 0.29554 -0.53741 -0.93661
3.55943 3.0723 -2.25816 -3.72192 1.19287 0.56712 -6.8333 -1.80841 0.60929 0.88062
3.09409 4.78486 -2.20059 -4.2807 2.32902 1.21323 -6.56903 1.19767 -1.02637 -0.3854
3.5839 4.09359 -1.92386 -2.99972 3.46096 2.15026 -5.44836 1.72031 -2.23935 0.25822
6.55661 5.2446 -1.69938 -3.39236 1.66951 -0.09389 -5.21123 1.26782 -0.33928 0.91523
6.91079 6.89798 -3.72722 -2.29909 3.56349 -1.0036 -4.15709 2.25595 0.73797 -0.54035
6.45689 8.8575 -3.6996 -1.53879 1.9108 -0.41315 -4.79577 2.69758 -0.15355 -0.91046
5.44127 7.72923 -3.27211 -0.99714 2.88535 -1.96293 -3.95995 2.03006 -0.45808 -0.49429
3.58281 8.97372 -5.19493 -1.53259 2.59282 -0.88568 -4.66165 1.66231 -0.89147 -0.78157
3.9574 6.53409 -4.10586 1.21361 2.81924 -0.5527 -4.53846 1.23362 0.6625 0.10148
4.11825 5.10188 -2.43529 0.85567 2.45965 -0.37443 -4.97233 -0.39504 -0.05022 -1.14627
4.24258 7.01699 -1.17523 0.21598 2.7043 -2.07904 -4.7631 0.39237 -0.93073 1.64688
3.53907 4.58672 -0.49718 0.16958 1.90455 -2.01266 -5.42117 -0.5139 -1.01472 1.48573
5.45904 4.40944 0.07358 3.04108 1.19575 -2.43616 -5.74912 0.09559 -0.36542 -0.09528
4.79538 3.84522 -0.22194 3.46168 0.80693 -1.59821 -3.72788 1.37405 -0.87373 0.76455
4.59142 4.82651 1.41352 3.42275 1.82093 1.08136 -3.5773 0.9244 -1.52359 -0.66405
4.42671 4.33804 0.71349 3.73712 1.49071 0.98123 -2.94899 1.97503 -1.50327 0.37051
5.57272 5.22141 -0.42427 3.57193 2.28753 0.05566 -4.0356 1.4141 -1.47868 -1.45186
5.72645 6.30916 0.59061 2.8068 1.25682 -1.5108 -3.88583 2.55924 -1.9535 -0.30293
4.73354 5.45984 0.42934 3.25605 1.80603 -2.8959 -3.29175 1.46608 0.42736 1.70372
1.92289 6.08035 1.19396 3.77319 2.74734 0.05756 -3.38196 1.90086 0.03918 -0.27964
0.48427 6.58978 1.62475 3.69835 4.33635 -2.48737 -3.72054 2.23952 -0.31841 0.15425
0.92275 7.72076 2.03097 2.11272 2.84068 -1.98634 -5.23583 -0.8129 -0.24496 -1.14846
2.70943 4.80428 1.73645 2.2763 3.91056 -0.48166 -5.89952 1.21239 -0.96289 -0.88907
2.92319 5.64955 0.42535 2.7622 4.02144 -1.35721 -4.46794 0.03418 -2.07515 -0.67949
2.39406 5.15457 -2.04924 2.92925 2.62877 -1.56457 -4.62241 -0.17669 0.0713 -0.13911
1.30333 4.77488 -2.51346 3.68248 0.37045 0.21933 -5.32442 2.05303 1.10535 -0.91072
0.58233 7.08145 -0.49438 2.41441 0.07941 0.17818 -4.6386 -1.24078 1.62298 0.85813
2.22849 5.2567 0.30107 0.33347 0.20011 -2.0517 -5.57108 -0.23335 1.26264 -0.28063
2.60245 4.74469 0.43449 0.65833 0.36002 -2.72424 -5.56619 -0.79201 -0.53803 -1.18052
3.67735 4.40732 -0.22421 0.11336 0.54608 -2.0006 -5.84303 0.86799 0.52888 -0.1671
4.02008 3.37351 1.51092 0.11062 1.07648 1.56054 -5.92272 0.7951 0.38213 -1.1001
2.51 4.13929 3.40756 0.94999 0.50791 1.68412 -6.55646 -0.21662 -0.21236 0.4791
5.04754 5.14264 0.68295 2.93987 -0.82037 0.31069 -4.80448 1.09474 1.25383 -1.49037
5.21237 5.40499 -1.03934 3.45874 -0.2761 -0.14349 -3.13741 1.05433 1.4078 -1.12684
4.06592 5.90499 -1.42302 4.05696 0.2767 0.27145 -3.47611 2.12537 1.67002 -0.80863
4.19667 7.40814 -1.85088 4.23339 0.92434 -0.51517 -4.90637 3.39192 0.25036 -0.87187
2.88972 8.30718 -3.20669 4.17509 2.96014 0.04809 -5.13398 0.18146 0.40162 -0.94823
2.21155 6.81523 -2.67158 4.77608 3.35526 0.52093 -5.85444 1.36077 -0.43287 -2.20035
2.60994 7.08836 -1.64645 4.16118 2.58605 -0.30813 -4.94837 0.34613 0.38848 -0.41532
2.01228 7.20448 -2.04741 4.61437 1.36487 0.21701 -4.30536 0.07386 0.9997 1.94371
2.55111 8.12052 -0.47618 3.03198 2.02641 2.28364 -3.67198 0.12565 -0.78843 0.70558
2.68999 6.6959 -1.26361 2.53356 2.85715 0.80327 -3.0415 0.26822 -2.55272 0.63446
3.63795 4.80465 -0.54306 1.7619 2.80297 1.15317 -4.08552 -0.80816 -1.84634 -0.46245
3.64913 2.65043 0.17407 2.08599 2.18836 1.17676 -3.57558 0.21349 -0.61025 -0.66798
2.82194 4.81794 -0.45526 1.87978 -0.27718 1.96917 -2.26201 1.71818 -0.53815 -0.0359
1.11649 6.02677 -0.03308 -0.04325 -0.86483 -0.10212 -2.31583 1.84083 -0.93844 0.2563
-0.21256 7.18541 -0.54649 1.48457 -1.48285 -0.24196 -2.38749 0.29123 -0.993 0.83467
-2.35917 6.88756 0.2403 1.46109 0.68928 -1.10487 -2.53526 1.09245 1.43972 -0.84549
-3.55709 6.24907 0.10427 0.29949 0.19312 0.63842 -3.72562 1.33503 1.07042 0.93843
-4.12278 5.28224 -0.1037 -0.04104 -0.56789 0.39729 -2.68247 -1.61465 0.02231 1.06498
-4.51375 4.49484 -1.09836 -2.64358 -0.25443 -0.49563 -2.7873 -2.01972 -0.83815 1.44879
-4.59121 2.62074 -1.35401 -0.98244 -1.72409 1.45572 -1.52823 -1.49339 -1.0675 0.07423
-4.21666 1.37981 -0.5013 -1.9216 -0.48601 -0.20659 -2.0966 -1.005 -0.56551 -0.48226
-4.85169 0.57511 -0.02004 -0.82633 0.64111 0.72921 -2.66595 -1.29223 -2.30068 -1.06884
-3.31457 -1.74238 -0.39615 -0.21628 -0.33221 -0.13544 -3.84052 0.60931 1.52836 -1.5964
-3.41991 -3.9354 0.98082 -0.95198 -0.11016 -0.12689 -2.21859 -1.33381 0.88923 -0.93706
-4.44188 -4.9005 1.7676 0.2407 -0.40536 -2.54594 -4.26026 -0.86492 1.44655 -0.4966
-1.68453 -4.64057 1.11542 -0.36918 -0.12718 0.24393 -3.55287 -1.7549 1.23279 -0.19985
-3.91857 -5.37661 2.50729 -1.26108 -1.0821 1.01592 -2.79187 -1.72441 0.35277 -0.71584
-1.97279 -5.25066 2.09938 -0.80993 -3.58043 2.80274 -3.35012 -0.05352 0.72373 0.01052
-0.00151 -5.94644 1.89989 -2.08207 -2.57768 4.03984 -3.49157 1.59092 -1.05453 -0.35322
-0.9426 -6.21096 1.0499 -0.4669 -1.37283 4.53489 -1.82925 -0.41938 -0.71488 -0.65068
0.58854 -5.14647 2.37746 -1.64108 -0.84354 1.18194 -2.70462 -1.84148 0.1123 1.16152
-1.30074 -3.60262 1.63289 -0.21625 0.26373 -2.23881 -1.56525 2.79972 0.31061 0.42253
-1.66626 -2.44931 1.16273 -0.15544 -1.0554 -0.89961 -0.51345 0.28015 1.24788 -1.46273
-1.56261 -1.85477 -0.00792 0.80617 -0.26757 -0.58949 -1.2696 1.45959 0.96873 -0.85181
-2.37654 -1.46811 1.0419 -0.02088 -0.49057 0.63647 -1.40026 0.20543 -0.75327 0.53391
-1.29392 -3.65183 -0.46907 -0.37313 0.1975 0.14028 -0.2681 -1.39549 -0.1151 1.93033
-1.52586 -2.60145 -0.00224 -0.32619 -0.70393 -0.82519 -0.94368 1.02624 -0.27413 0.66257
-1.00539 -2.69417 -1.60543 0.53063 -0.20606 0.73908 -2.65896 0.79093 -0.23593 -0.20015
-0.63276 -2.3674 -1.11784 1.12206 -0.2241 0.29357 0.56224 0.18655 -0.07724 0.41792
-0.48469 -1.7286 -0.65174 0.82471 -2.33451 -0.44374 0.51098 -1.21619 0.04629 -0.42954
-1.86554 -1.13633 -1.52685 1.13884 -3.00352 -1.92371 0.84462 0.65198 -1.41495 0.85996
-2.14174 -1.20226 -1.12755 0.03155 -2.69444 -2.24765 -0.03313 0.32836 0.59091 0.30342
-0.41819 -0.88474 -2.19618 -0.94481 -0.59084 0.10627 0.3247 -1.05225 1.70582 -0.42266
-1.33173 -2.91168 -0.19371 -1.33536 -1.23201 1.53987 2.14047 -1.48063 1.48744 0.31707
-1.32539 -3.19355 -0.82175 -0.99034 -2.08649 1.5994 3.22902 -0.94026 0.46985 -0.24334
-1.55887 -3.18868 0.03162 -2.25393 -1.95039 1.43868 1.7184 -0.4628 -1.20402 -0.42489
-0.47805 -2.81021 0.20541 -1.9468 -1.15681 -0.29519 1.74849 0.07981 -2.43485 -2.77533
-2.47009 -2.98555 -0.79969 -2.637 0.47099 -0.31516 1.00983 0.75724 -0.41123 -0.79118
-2.48211 -3.51999 -1.11807 -1.15505 1.7261 -0.15154 1.08761 -0.39388 -1.19234 0.22822
-3.58543 -3.41766 -0.98357 0.05625 1.6866 -0.18327 0.59579 0.54825 0.0869 -0.2161
-3.22738 -4.99253 -1.41898 0.65235 -0.45625 0.65029 0.26241 -1.59454 0.03615 1.33598
-5.06154 -5.62424 -2.2873 2.42609 -0.54005 -1.44203 1.64002 -2.5612 1.19944 -0.03484
-5.02997 -5.14023 -1.13008 4.28885 -1.79209 -0.37479 0.91928 0.71659 -0.00027 0.53217
-3.76831 -7.14158 -2.12557 1.4749 -1.73703 1.00214 -1.42689 -2.29471 0.50925 0.88683
-2.71871 -7.70083 -2.74223 1.3098 -0.19337 1.85072 -1.24111 -1.5876 -0.62857 0.3
-2.18246 -9.12565 -1.8066 1.34381 -2.42444 1.12318 0.08633 0.21169 -0.40993 1.43585
-2.32929 -8.63506 -1.89524 0.84608 -0.81864 0.34798 0.60957 -1.46821 0.71675 0.29097
-1.384 -9.31084 -2.24183 1.75107 -3.0044 0.27948 -0.83832 -1.78544 1.3443 0.27002
-1.25426 -9.17947 -1.29158 1.30588 -2.8272 1.57865 -0.38836 0.16516 -1.36421 -0.63457
-1.05928 -8.53464 -2.27039 1.13526 0.00456 -0.63025 -0.60072 0.15968 -0.16367 0.25815
-0.39252 -9.31755 -2.1774 0.76577 -1.9763 -0.22392 -0.67925 0.40772 0.51074 -0.51552
-0.34785 -11.239 -2.78495 1.26417 -3.1574 -1.34456 0.62823 -1.38864 -0.75129 0.14439
-0.65166 -10.6305 -2.74561 1.76412 -2.66678 -0.26489 1.72804 -1.76827 1.20462 0.49814
0.0045 -11.13479 -2.70163 0.71968 -3.85083 -1.93103 1.90462 -1.0805 1.09788 -1.19558
-0.03894 -11.79139 -0.73284 0.41257 -3.13061 -1.39399 1.42182 -1.7183 0.53692 -1.59068
0.27682 -12.89679 -1.24169 -0.33038 -0.8654 -1.59404 1.4413 0.26421 -0.56841 1.18774
-0.35606 -11.51971 -1.61745 -0.65362 -2.24837 -0.82308 2.14693 -1.75976 1.07604 1.12032
1.45394 -11.60279 -1.38162 -1.02926 -1.99594 -0.46374 1.74972 0.34813 -0.14529 1.73688
1.32028 -10.77687 -0.82603 -2.0252 -1.08973 -0.05847 2.29381 0.24108 -0.55342 -0.61155
1.34885 -9.36847 -1.06454 -1.54937 0.89543 -0.86755 1.97094 -1.12275 0.14529 0.53831
2.72621 -9.32658 -1.75904 -2.927 -0.08947 -0.2925 3.11198 0.0414 0.09018 -1.07436
3.16477 -7.20695 -1.83882 -3.19809 -0.99933 -0.51991 2.14851 -0.62542 0.49876 -1.26693
3.02641 -6.57006 -3.92349 -4.05159 0.31674 -0.7394 1.72629 -1.78966 0.53976 -0.36463
2.82321 -4.59968 -4.51137 -5.47319 0.76439 -0.85943 1.44391 -0.96543 -0.02281 -0.80139
2.50865 -5.08441 -4.1521 -3.28175 0.90455 -0.85373 3.6293 0.19758 0.90648 -0.23365
3.08727 -3.13417 -5.50793 -2.96829 1.56308 -0.70602 2.89983 0.39355 -0.68994 -0.8678
2.70599 -2.59051 -5.89394 -2.39624 2.84944 -0.80244 3.77836 -1.40112 -0.14416 -0.7513
1.82402 -2.9299 -6.54447 -1.87785 2.2682 1.02682 2.60376 -1.16931 0.30693 -0.95867
1.88389 -3.90486 -4.98191 -1.15944 1.57013 -0.53032 1.91455 -0.52737 0.54403 -0.38775
-0.99688 -3.62229 -3.50172 -0.93735 2.93098 1.73254 2.22692 0.41737 -0.43571 -0.69463
0.37595 -4.90502 -1.92527 -0.40989 0.54337 -0.53007 2.21351 -1.0182 0.83034 -0.05093
0.38729 -7.44059 0.23006 -0.19325 0.45965 0.27343 1.18481 -0.66219 0.19708 0.30493
1.07209 -7.76022 0.3829 -0.10177 2.83793 0.21729 0.84039 -0.4182 -1.19137 -1.51667
-0.59114 -8.03013 0.2089 0.35142 1.73989 1.99732 1.78204 -2.37984 0.31503 0.46491
0.18784 -7.78595 0.37199 0.89728 0.69151 0.40131 3.20408 -0.50984 -0.64072 1.54672
0.15607 -6.12943 2.10516 0.02885 -0.12517 -0.51527 3.51462 2.72922 -1.29909 2.88714
0.62524 -5.44058 1.68577 0.74389 -0.49059 -0.01986 5.62629 -0.29067 -1.60903 1.34337
1.02085 -5.21255 2.42127 0.39792 -1.08526 0.69653 6.81175 -0.49831 -1.03441 -0.47576
1.01091 -4.26013 1.57825 -0.47326 -0.96751 0.35967 6.89588 0.70121 -1.14893 2.24185
1.42946 -3.56313 1.95891 -1.73349 0.40668 -1.44729 7.46715 1.63736 -0.43981 0.61288
1.83019 -3.28297 2.50984 -1.05391 -2.81148 0.33992 5.4494 0.54703 1.27256 -0.59519
-1.07846 -2.30137 2.89511 -1.50209 -2.4342 -1.19203 6.43937 1.38344 -0.11175 -0.90624
-1.81166 0.50454 0.85135 -1.52183 -0.76535 -0.18241 5.3531 0.36774 1.35952 0.58106
-2.01712 1.22681 2.44705 -0.65541 -1.07667 -0.68646 4.38224 -0.01748 1.24633 -0.11596
-3.50696 0.25222 1.11019 -2.57091 -0.97725 0.02998 3.57436 0.19402 0.51396 -0.893
-4.00379 2.20056 0.98684 -3.89079 1.50195 -2.03922 2.92147 0.12797 -0.88157 -0.56199
