-0.04786 0.01569 0.32718 -4.30202 -0.0161 -0.81833 -0.79919 1.83578 -0.25749 -2.12767
-0.31801 0.99998 1.28164 -3.51501 2.93924 -2.61899 1.24078 1.06681 -2.12065 -2.53511
0.3883 -0.78795 -0.34558 -3.7492 1.58334 -0.0553 0.32732 1.4028 0.02765 -0.98814
1.57096 1.06712 -1.37169 -4.94228 0.66358 -1.32081 0.07632 0.12009 -0.87293 -1.08478
-0.03995 0.09581 -1.31181 -3.9525 -2.67317 -0.47581 2.73595 0.04259 1.83203 -2.58776
-0.48226 -2.0221 -3.08463 -2.04192 1.17349 0.70526 -0.51751 0.02498 -1.61978 -2.99344
-0.19002 -0.63751 -1.7628 -3.01801 -0.01427 -0.00203 0.18225 -0.90899 -0.56731 -4.85813
-0.7811 -1.12067 -2.32245 -0.10019 1.49799 -0.22136 -0.23729 0.7178 -1.70821 -5.07536
-0.92699 -1.10123 -4.63193 -0.59754 0.36566 -0.84251 0.36296 -0.22956 -0.62927 -4.03348
0.52199 0.00929 -3.86911 -1.022 -0.2749 -2.10209 -1.33046 0.04353 -1.86835 -3.2064
0.63241 -2.1507 -2.6721 -0.97858 -1.49461 -0.27585 -0.92138 -0.39059 -1.52799 -2.39625
0.68336 2.04735 -0.40824 -0.40586 -0.0468 4e-05 -1.66047 -1.10173 -0.70411 -2.0723
-0.71735 -0.22053 -0.88208 -0.51539 0.23282 -0.90348 -2.09546 -1.13746 -1.06308 -2.63288
1.67654 0.78011 -0.63585 -0.73098 -2.12113 -1.11805 -1.18192 -1.07986 -1.07089 -1.15455
-0.09372 0.52155 -0.31576 -1.54517 -0.62971 -0.61161 -0.40824 -0.17454 2.31945 -0.91039
0.77865 2.71033 -1.49942 -0.80023 -1.36165 0.23943 0.01848 -1.74212 -0.21608 -0.97632
-0.61549 2.43867 0.76257 -0.57097 -1.01017 1.46943 -0.64533 -0.0363 -0.1576 0.04934
0.87659 0.90465 1.44217 0.12402 0.42453 1.13343 -2.01862 0.02955 0.0952 -0.48423
-0.43059 -0.71631 0.07216 -0.54376 0.39593 1.59182 -1.27647 1.76843 -0.81772 -0.44662
0.43955 0.99615 -0.20066 -0.74203 1.21505 -0.0903 -1.58175 2.46394 1.29038 0.60268
-0.61419 0.55297 -0.44853 0.22458 -0.05427 0.06384 -0.81946 3.84492 0.55659 0.58952
0.65238 1.37396 -1.15655 0.62531 -0.30997 -0.22621 -0.53851 1.90725 -0.21683 -0.41246
-1.24353 3.04003 1.24233 -0.82979 1.73313 -0.20583 1.65355 1.43738 -0.63271 0.78803
0.36239 2.79175 0.34931 -1.41433 1.09554 -0.4104 1.20092 0.36673 -1.14588 1.28122
-0.0111 0.8962 2.15004 0.11403 1.24731 -0.97493 -0.34729 0.20047 -0.70542 1.37112
1.46394 0.5359 2.82419 -0.61481 0.62048 -1.36302 -0.58651 1.39841 0.07728 -1.11534
-0.80333 -1.73787 0.64579 -1.44022 0.45988 -1.27712 -1.33952 -0.44748 -1.02929 1.12295
1.30838 -1.70513 0.30362 -0.58231 0.1306 -1.42361 -2.09608 0.07365 -0.46788 -0.31877
-1.96777 -0.27622 -2.17917 -1.58991 1.59087 -1.3984 -1.37404 -1.09883 0.89494 1.05072
-0.97973 -0.66897 -2.20683 -1.36259 2.43133 -1.13887 -0.98231 -0.41987 -0.42104 -1.29798
-0.15414 -1.14562 -2.26063 -1.3835 1.16608 0.22123 -1.84074 0.24297 -1.39504 0.55832
0.00473 -0.3902 -1.85389 -1.79082 0.45885 -0.26432 -0.41009 0.38481 -2.50335 -0.20328
0.13631 0.09982 -0.4109 -0.48435 -0.7732 -0.5048 1.01789 3.7544 0.1359 -0.27331
-0.497 0.06356 0.91075 -0.00192 -1.13245 0.29632 1.76564 2.15946 -0.08462 -2.21997
0.73925 -0.65115 -0.65842 -0.82858 0.60444 2.50389 0.63119 -0.63591 -1.57952 -1.11322
-0.48218 -1.26343 -1.48175 -0.40195 -1.56477 1.63659 0.33716 0.42317 -0.58396 -0.5506
-0.65549 -1.99286 -1.6881 -0.60819 0.94928 2.98252 -0.05308 1.36637 -0.58039 -2.29986
0.11579 -0.32179 1.5411 -0.00469 1.56458 1.75373 1.17857 1.81353 1.47543 -2.10779
-0.59727 -0.34234 1.62999 1.50387 -0.72295 0.80391 1.61891 1.54831 0.94777 -3.05624
0.63175 0.2198 1.73254 0.7579 -0.004 1.59308 1.45934 0.06408 1.19716 -2.58712
-1.23245 0.41925 2.5919 -0.29151 0.78359 2.33832 0.90147 -0.54373 -0.02697 -2.62151
0.02683 0.43221 -0.94446 -0.19781 1.24848 1.43034 0.41652 0.94475 1.66192 -2.49055
-0.50246 1.15536 -1.16125 0.42387 -0.05736 2.67512 0.3945 1.36383 -0.11097 -3.72021
1.16599 2.14391 1.40035 1.02057 0.97857 0.33835 -0.53614 1.07282 0.14168 -2.43732
-0.38944 1.56183 -0.34193 0.17129 0.48762 0.14564 -0.67439 -0.44557 -1.849 -1.30627
1.71591 2.04312 1.52148 -1.06584 -0.54103 -0.62227 -0.45195 -0.33096 0.66743 -2.24011
0.02282 2.50718 1.8099 -0.89293 -0.44602 -1.83928 1.03442 -1.51152 1.35812 -2.27856
-1.02165 0.27215 -0.06539 -2.07161 1.50499 -0.26031 0.95878 0.06192 -0.02497 -3.54355
-0.96799 -1.70041 1.77357 -0.3287 0.52797 -0.03542 1.21944 0.38352 0.71685 -1.47072
-0.6959 -2.84104 0.70457 0.84142 1.59905 -1.80918 0.44826 -1.28802 -1.08489 -1.81578
0.70814 -1.46149 1.0797 2.22041 -0.29271 -0.20638 0.30823 -0.96353 -0.27902 -1.29607
-1.74178 1.56036 0.46195 2.79341 1.03707 -0.10037 0.51828 0.20215 0.09981 0.06384
-0.34682 0.86288 -1.11967 2.73239 0.10369 0.91191 1.03036 0.45143 -2.80929 1.06432
0.22253 -1.58695 -0.92405 2.11905 1.68051 -0.34487 1.03543 -0.99481 -0.69884 0.80451
-0.36149 -0.07773 -0.77164 1.28835 1.19774 0.14307 0.82888 1.49398 -0.40424 1.96669
-0.10039 -1.22617 0.53286 2.80529 1.9627 1.4754 1.06306 0.63797 0.9458 2.29535
-1.53842 -1.63941 0.48802 3.44307 2.57487 0.16442 2.24985 0.64533 -1.09073 1.99162
0.10686 -1.00501 3.56786 3.23177 -0.7727 1.90464 1.74371 0.33701 1.13837 3.7916
-0.35854 -1.85563 2.92836 3.26451 0.0705 0.95944 2.39014 0.9734 1.45818 3.21143
-0.53884 0.18072 0.77706 2.65451 1.31828 1.31154 1.42396 0.66195 -0.29795 3.116
-0.74933 1.12101 3.17083 3.03492 0.56948 1.27293 1.44102 1.6067 0.1788 2.743
0.83248 -1.18371 2.30981 3.89921 1.90919 1.82237 -0.53003 0.83875 -0.22798 1.9702
-0.18811 -0.91334 -0.35148 4.39961 0.33992 1.67756 -0.10994 0.97932 0.00682 3.03066
1.34562 0.42623 1.72667 2.93993 0.89312 0.15792 0.35499 0.31547 1.61055 4.20334
0.15992 0.01535 2.21712 3.1447 1.02753 0.06122 1.67994 -0.08791 0.97485 6.44141
1.02318 -1.84566 1.7357 3.91584 2.46092 -0.56198 3.03136 0.79576 0.01894 5.43786
1.40382 -1.06754 1.57649 3.69044 1.2712 -0.10119 1.29927 0.93149 -0.48242 5.15512
-0.52159 1.42587 0.98264 2.23564 1.18124 1.03692 1.25748 0.26683 0.61387 5.3447
0.39623 1.21579 0.48362 1.78043 1.23417 -0.02577 1.12316 0.60258 -1.53083 6.02955
1.41693 -0.14565 1.37514 1.06989 -1.03093 1.18978 -0.01482 0.57149 -1.32969 4.55323
1.12077 0.23361 1.09667 3.13717 -0.35424 0.31567 1.89918 -0.14701 2.56567 5.58319
-1.435 0.82958 1.73877 2.55304 -1.93784 1.88876 -0.10243 1.3025 -0.89565 6.03728
1.64686 -0.24587 0.01682 1.22269 -1.79762 0.47885 -1.21303 -0.10857 0.13762 6.22303
-0.10956 -0.85664 2.41293 0.06541 1.6347 0.49423 -2.13054 -0.40641 1.62274 4.65128
-1.16534 -1.4177 1.56724 0.18859 -0.35333 -0.15077 -2.02476 0.34251 0.1578 5.27513
-0.81657 0.79409 0.81372 -0.08454 -0.36654 -1.01685 -0.97292 -0.3246 -0.1195 3.31738
1.16529 0.24378 1.93878 -0.48943 -0.85475 -1.76657 -1.25588 0.55469 1.96748 3.23226
1.34238 2.29969 1.88674 -0.14479 1.67679 -1.9477 -0.84212 -0.19562 1.41879 1.91846
-0.80076 -0.66683 0.28013 -0.06258 1.9785 -2.52893 -1.19682 1.58396 0.38538 3.26796
-0.81928 -0.52538 -0.21709 0.48381 1.62782 -3.62696 -0.15568 1.55782 -0.52497 3.82707
0.89892 -0.32545 0.0138 0.56734 0.34944 -3.90686 -0.04244 -0.74343 1.47002 1.39273
1.40214 -1.03268 -0.40879 0.24063 -0.56044 -2.77434 0.15281 -1.51411 0.70798 3.27078
0.18275 -1.46419 1.25781 0.29247 -0.93406 -2.11262 -1.61465 -2.23518 -0.39736 2.62066
0.77352 -1.26076 0.73965 -1.20404 0.96606 -2.03645 -1.22741 -1.67822 0.72948 2.09067
-2.12174 0.57423 0.18497 -3.29127 -1.00506 -2.35833 -1.30382 -2.83394 -0.26717 -0.07203
-1.10751 0.42525 -2.01887 -4.43963 -0.70608 -0.26322 -1.89605 -3.53295 -0.55348 -1.98324
1.32938 -1.06085 -0.65788 -3.56813 -0.35437 -0.98413 0.59708 -2.14333 -0.29857 -3.48826
-1.01107 -2.99152 0.4999 -4.49733 -1.08851 1.71726 0.95093 -1.67543 -0.24112 -4.9449
1.00705 -2.49291 0.59958 -4.4722 -0.50879 1.34745 1.24462 -2.9394 0.0712 -6.38689
1.94277 -1.81857 -0.69697 -4.92257 -0.39338 0.80976 1.99834 -3.15661 -1.44107 -8.83326
0.85997 -0.8972 -2.47037 -4.584 1.16572 0.38156 -1.93477 -1.02681 -0.6486 -6.70425
-1.43509 -0.15705 -1.86569 -6.02772 1.47269 -0.18788 -1.56989 1.45427 -1.49947 -5.2939
0.99891 0.75672 -3.47369 -6.6244 1.24974 -0.28294 -1.54654 0.8427 -0.40178 -6.1767
1.78986 0.80204 -3.23971 -6.36633 -2.20568 -0.58702 0.17957 0.85145 -0.76586 -5.87704
-0.39768 0.29024 -1.89242 -5.78944 -1.63396 -0.23802 -0.429 0.93163 -3.05384 -6.22297
-1.6275 0.44606 -1.09943 -4.7832 -1.01887 1.85797 0.92855 0.9763 -1.08264 -6.43662
0.39391 2.44478 -2.97165 -5.70248 0.22022 0.40818 -0.37064 0.30504 -1.75088 -7.10119
0.43386 0.72346 -2.0959 -5.74394 -1.62765 -0.94046 -1.0126 1.03293 -1.64567 -6.20226
0.30426 2.15736 -2.53132 -4.59125 -0.34355 -0.39051 0.4992 -0.60201 -0.82748 -7.4547
-0.63107 2.1159 -4.12426 -4.25137 -0.95218 -1.36689 1.79704 -2.06776 -2.03547 -7.64966
-0.41466 -1.13942 -2.9458 -2.63965 1.3335 -0.45456 -0.84098 -1.83713 0.0703 -7.51791
-1.84986 -0.72745 -3.69538 -3.79541 -0.66606 1.43193 0.31385 -2.41974 -1.18311 -7.31094
0.71176 0.02951 -2.84866 -3.38982 0.11592 1.71818 -0.2155 -1.7683 -1.05479 -5.88615
-0.34803 -0.70857 -2.56833 -2.70202 -1.08769 0.77185 -0.29087 -2.5669 -1.9196 -4.28544
-0.80316 1.28067 -0.07365 -1.95385 -1.59042 -0.40496 2.62709 -0.20418 0.37031 -4.25618
1.37482 -0.04146 -1.14596 -1.97524 -2.6553 0.6163 1.05612 1.3209 -1.61627 -5.11842
0.94468 0.71827 -1.41475 -1.29053 -2.3361 -1.14174 -0.96274 3.21429 1.94935 -4.87335
-0.67659 1.26237 -0.97688 -2.62916 -2.55684 0.246 1.7781 3.59407 -2.55221 -4.73531
-0.61381 0.51966 -1.784 -1.72697 -1.12913 0.46585 -0.48349 2.15458 0.11639 -3.30254
1.07105 -0.15082 -0.4438 -1.61159 -0.53609 -0.72205 -0.71245 1.77887 -0.81718 -4.03104
-1.04901 0.09856 -0.22224 -1.91828 0.229 -0.64649 -1.4479 1.53427 -0.21009 -3.41476
0.64705 1.55588 0.25493 -1.87465 3.34153 -1.11991 -1.26466 1.10412 -2.64457 -5.01843
0.12252 0.22198 -0.42528 -1.96606 0.58455 -0.60334 1.63624 -0.12896 0.36474 -4.01436
-1.78426 -1.59422 0.61087 -3.20704 0.5485 0.49317 0.13048 -0.07955 -0.43821 -2.39629
0.95454 0.4698 -0.08851 -3.2346 -0.16625 0.25133 0.3261 -1.34256 0.25241 -2.99665
-1.07308 0.49082 -0.41907 -2.90026 -0.35411 0.28595 -2.72484 -1.29545 -0.40631 -3.43781
0.33782 -0.04643 -1.17843 -4.03345 1.87321 -1.17433 -0.80197 -0.46523 0.41565 -3.87366
1.03681 1.29752 -2.29548 -4.4623 -0.17515 -2.20211 -1.4545 -1.35912 -1.60428 -2.25162
-1.43034 0.51908 -2.52684 -2.93737 -1.73692 -2.57663 -0.54831 1.25121 -0.71025 -3.68347
-1.01639 -1.83935 -1.25091 -2.48289 -2.05583 -2.46062 0.23151 -0.51794 -1.28595 -4.43846
1.69096 -1.00089 -4.30778 -2.40628 -1.24789 -1.12068 -0.02656 0.16146 -0.2341 -4.09229
-1.24677 -2.12508 -3.74717 -2.7755 0.17507 -0.91469 0.2353 0.78165 -0.08295 -3.92905
0.00753 -2.18531 -2.07377 -1.78294 1.4842 0.87686 0.32217 -0.289 -0.59882 -5.36535
0.19752 -1.35522 -0.73442 -1.57623 -2.56641 -0.40395 -0.88932 -1.63905 -0.38765 -4.06267
1.30148 1.67271 -0.89768 -1.00754 -1.89414 -1.24666 -1.39986 -0.72414 0.23276 -1.89267
-0.18956 -1.34652 -1.56725 -1.56072 -0.09425 0.67918 -0.18137 -1.61644 -1.05248 -1.35484
-1.46941 -0.73508 0.29746 -1.35721 -0.54931 0.89767 -0.89469 -1.55801 -0.1785 -3.06199
-1.04467 -0.9093 -0.02546 -1.37678 -2.08506 0.81329 -1.05216 0.05867 -1.13287 -3.6894
0.7311 1.45567 -0.89925 -1.34326 -0.88407 -0.33499 -0.64563 -0.63804 -1.09195 -3.1491
-0.23452 0.02982 -0.63388 -3.08616 0.72462 2.49006 1.0127 0.12147 -0.2103 -2.46041
-0.41203 -0.00818 0.77664 -4.51127 -0.90964 1.8983 -1.91838 0.87363 -0.8486 -1.30112
1.28495 0.67823 -0.50096 -2.80451 0.86445 -0.65927 -2.85166 0.0519 -1.0075 -0.61463
0.06194 1.43949 0.79303 -2.55416 1.43582 -1.68143 -2.42084 -0.15114 0.56758 -1.49534
0.11261 1.51958 0.53083 -2.96786 0.73973 -0.5437 -1.91142 -0.41378 -0.74104 -1.86286
-1.51557 0.4661 -0.26759 -3.30621 -1.58504 0.19907 -1.45572 0.60794 -0.75965 -2.112
-1.56864 0.20591 -3.65222 -3.15332 -2.25995 -0.1043 -1.17452 0.65175 -1.40564 -2.37843
0.79989 -0.93632 -2.59968 -4.74168 -0.57686 -0.69818 -1.64377 1.50003 -0.40062 -3.01167
-3.12376 -0.42601 -1.41204 -4.58919 -0.19678 -0.64902 -0.80797 2.03529 0.45176 -5.04786
0.42613 -1.20262 -1.10292 -5.89021 -1.52401 -1.59552 -0.52168 1.75654 -2.7803 -3.40897
-0.32165 0.16409 -2.47694 -4.18635 0.12621 -0.42897 -0.67379 3.31696 -2.57321 -5.93031
1.15395 -0.18901 -0.33586 -4.95867 1.89223 0.46078 -1.18831 0.46408 -4.31904 -6.68551
-0.93302 -0.726 -1.01871 -4.3383 0.74324 0.83884 -1.25023 1.44956 -0.41683 -6.51713
0.22589 0.84043 0.18806 -4.14269 -0.62824 -0.65546 -1.11519 1.61634 -2.60116 -9.02854
0.08655 0.81737 -0.31131 -3.50639 -0.69309 -0.88084 0.50006 2.0934 -1.58182 -9.84358
0.18403 1.20444 -0.77911 -2.08781 1.45697 0.91141 -0.52181 0.36187 -0.49547 -9.74873
-0.40262 -0.53147 -2.61031 -1.65545 1.61499 0.53558 0.30525 -0.01689 -2.15199 -9.60965
-0.11457 -1.09657 -2.99165 -1.28624 1.79843 0.59159 0.09754 1.66439 -1.50556 -8.55556
-1.99626 -0.87628 -2.21722 -1.86355 1.47338 -0.38222 0.94574 2.02862 -1.67893 -7.98095
-0.25756 -0.31912 -1.2639 -2.18188 1.22426 -0.88258 1.92581 0.75533 0.01274 -7.14042
-0.09178 -0.59099 -0.51473 -2.45097 -0.99813 0.30114 2.12836 -0.4183 -0.04523 -5.58301
-0.39813 -0.04473 -0.18204 -1.63169 -2.18851 -1.01866 3.07128 -1.22795 -0.15044 -6.29257
0.67226 0.59174 0.09582 -0.51832 0.33817 -0.64866 3.5896 -0.49813 0.16063 -4.63983
1.50931 0.06844 1.79883 1.0898 -1.78153 -0.76046 1.08224 -1.69352 0.28809 -4.01053
-1.00596 -0.19313 1.69766 -0.13981 -0.05711 0.12252 -0.44456 -2.31981 -0.66867 -2.716
-0.60215 -0.76353 -0.28277 -1.08395 1.18533 -0.80378 0.26386 -0.44444 -0.25332 -1.46216
-0.30086 1.03369 -0.6753 -0.90523 -2.19316 -1.87575 -0.73287 0.74624 0.49002 -1.05612
-1.41714 0.46939 -0.25604 0.98041 -1.64675 -1.69219 -0.59743 0.93137 -0.69888 -0.82766
1.12894 -0.80813 2.11327 -0.35949 0.69757 -0.19633 0.45128 -0.45131 -0.09424 -0.57753
0.68796 0.70515 0.20932 -0.31064 0.32224 0.43334 -1.01011 -1.396 0.91651 -1.12625
0.49161 1.04276 0.52593 -0.09152 -1.4113 0.81047 0.52908 0.60091 -1.29991 0.76166
-0.26604 -0.05947 -0.77254 0.83469 -0.4545 0.57059 1.91186 -0.17586 0.00386 -0.41137
-1.15082 -0.95707 -1.09418 1.42547 -1.69231 0.81435 1.33064 0.35457 -0.21784 0.54715
0.02745 0.21501 -1.74653 1.93395 -0.83139 -0.56488 0.43999 -0.67647 -0.89319 0.54594
-0.5616 0.41268 -1.57203 2.86033 -0.74185 0.4159 -0.19884 -0.17197 0.60598 1.29457
0.35196 -0.61837 -0.56226 0.78037 1.74991 0.3864 -1.87078 -0.65676 0.69312 2.38834
-0.06752 0.05418 -0.17957 3.59014 0.29285 -1.03587 0.02367 -0.55088 0.11773 3.53569
-0.51934 -1.30985 1.80062 3.28729 1.09282 -2.6346 1.81897 0.8085 -1.26423 3.2352
-1.3564 -1.51411 0.91759 3.42756 -0.37426 0.35141 1.40431 0.08441 0.80256 4.468
0.49594 -0.40232 0.56196 2.2639 -0.45216 -0.51155 -1.92329 0.0901 1.89201 3.91996
-1.86704 0.13575 0.55498 1.64045 -0.38839 1.5954 -1.16726 2.11424 0.00865 5.69068
-0.91899 1.62499 2.78578 3.03762 0.47265 -1.24567 -1.1929 0.79628 0.52434 4.95271
-1.66441 0.88791 3.54127 4.84881 -0.22129 -1.46768 -0.66141 0.78421 0.95619 3.35157
-0.54599 -0.57069 2.78845 3.07457 -0.1788 -0.81768 -0.70793 0.19286 1.24586 3.03047
-0.0882 0.08427 0.32936 2.18224 -0.56126 0.60864 -0.59111 -1.53461 0.32727 3.54435
-1.49893 -1.82481 1.79031 2.72055 0.40619 1.03863 -0.3567 -2.0024 1.91325 2.29752
1.35022 -1.78255 0.28987 2.75189 -0.81622 -0.93374 -1.39022 -0.76899 1.23693 2.97467
-0.35106 -1.27576 1.07047 2.15699 1.01487 -1.73485 -1.92914 0.45715 0.02053 4.41169
-0.29579 0.1558 1.69996 2.54393 -2e-05 -1.25016 -1.28656 0.49415 -1.13206 3.58565
-2.6775 0.01948 3.16286 2.17251 -0.67431 -0.22187 -0.54493 -1.09639 -0.3109 3.26958
-0.2243 0.90325 2.94816 3.1032 -1.52303 -1.03442 -1.15878 -0.00816 0.97429 2.37083
0.76236 0.87448 0.08941 3.50468 0.08661 -1.1989 1.23961 -0.04319 -0.47671 3.19821
-0.09002 0.8596 1.23962 3.55067 0.75934 -2.22028 -0.93689 -0.61719 1.62127 3.73519
-0.46456 -0.96983 1.18264 2.0578 2.54992 -2.53551 -2.01244 -0.90047 0.7302 2.94425
0.35378 0.26534 -0.9632 1.27018 0.46953 -2.45682 0.4688 -0.64435 1.57294 4.13392
-0.53842 1.42336 -0.38928 1.38972 0.15804 -1.58176 2.12514 -2.21558 1.59083 4.52285
1.6594 1.46884 0.6408 2.24762 0.87676 0.39043 1.25587 -2.07001 -0.22596 4.66958
0.17953 0.80171 2.55884 2.11028 -1.48812 0.93146 1.44574 -0.77688 1.50581 2.57901
-1.01407 1.02691 2.2969 2.87932 -0.24319 0.70284 1.62431 -0.34507 1.16952 1.71428
-1.67542 1.00303 2.10367 3.35609 -1.71323 1.55584 1.16994 0.4153 0.46423 1.71995
-1.63217 1.52026 0.08711 2.8414 -0.92879 1.32432 1.71036 -0.2456 -1.29017 2.61994
0.33871 -0.86877 0.16155 3.73484 0.14735 0.96907 -0.76044 -1.36967 0.06158 3.26515
-2.23721 -1.3219 0.33117 2.66688 0.72394 -0.70069 -1.85553 -0.57708 1.19719 2.34857
1.3934 -1.25768 3.71638 2.76973 1.75536 -0.98397 -1.76879 -2.2135 0.65942 3.31077
-0.49782 -1.33463 1.88493 2.87453 1.34633 -1.32067 -0.74789 -2.67343 1.96938 5.63424
1.151 -2.09528 1.75615 2.68202 0.64466 -2.80368 2.07065 -0.93062 -0.47928 6.94815
-0.55553 -0.88577 2.0806 2.97228 -0.92257 1.09458 3.66111 -1.08059 1.33394 4.79998
-1.38073 -0.60306 2.17197 3.37639 -0.4841 1.11974 2.83968 -1.13425 0.40506 3.39167
-0.18045 -0.53976 2.02041 4.35481 0.90432 0.95517 1.66766 -0.0883 4.28723 1.63161
1.43237 0.56137 1.77114 4.41728 0.88577 2.10637 -0.63249 1.12584 1.30645 3.49815
-1.95375 1.10782 0.08812 4.4031 1.48254 1.12295 0.06559 2.73697 -0.23073 6.33968
0.38899 2.83757 1.07749 5.05514 2.03725 -0.99895 1.01224 1.28498 1.07927 5.88285
0.23607 1.0885 -1.00624 2.01024 -0.20311 -1.57891 -0.75797 1.54762 -0.56185 6.78198
0.28496 1.85605 0.83224 2.94941 0.83896 -0.572 -1.198 0.191 -0.01045 9.04776
0.8112 0.67556 1.62636 0.94848 0.58579 -0.27042 2.76967 -0.00332 2.12377 8.99064
0.31912 0.66977 0.18892 0.14903 0.35566 1.11053 0.99447 0.12971 -0.14244 9.1432
-1.4725 0.55973 1.8332 -1.13 -0.26092 1.86411 0.20959 -0.62849 -1.20779 8.5436
-1.17046 0.21952 0.84909 -0.65279 0.28737 1.22249 0.72992 -1.44383 -1.80468 6.47463
0.77087 -1.95625 0.23056 -0.56969 0.5162 0.62442 -0.55578 -1.79612 0.31382 6.16138
-1.25242 -0.77213 0.37436 -1.1952 1.67514 0.58691 -1.03724 0.70622 -1.8224 4.59041
0.36744 -0.04877 1.14512 -0.38958 0.66806 0.84946 0.97809 1.15709 -1.84136 3.10387
2.39279 -0.99224 0.51788 -1.48393 -1.06395 -0.16107 0.45364 1.53701 1.03879 2.23077
1.67335 1.25328 1.57504 -3.44214 -4.39778 0.15679 1.01212 -1.44258 -0.62978 -0.0508
0.14672 -0.4257 1.03379 -4.15611 -2.365 -0.52685 0.996 -1.1243 -1.81203 0.15911
1.18467 -0.33703 -0.09253 -3.70668 0.27061 2.11926 -1.04563 -0.89272 -0.0214 -0.68494
0.09814 0.45683 0.53542 -3.79672 0.54995 2.00963 -1.29125 -0.43759 -2.19699 -1.77251
0.80558 0.37337 -1.91812 -3.59358 -0.31326 0.26731 -2.91721 -1.08373 -0.12896 -2.99848
1.30466 0.82068 0.00206 -3.67126 -0.81527 0.73881 -2.71851 1.26969 -0.6137 -4.7486
0.82665 1.28279 -1.71347 -4.05448 -0.60199 0.0799 -0.93999 -0.22083 -1.30671 -4.5463
0.3712 1.261 -0.81935 -2.17258 0.33299 -0.24472 -0.0192 -0.12895 0.35327 -3.64914
1.77884 0.82234 0.05881 -3.72961 -3.76768 0.75373 -1.13972 -0.458 -1.51704 -3.91539
0.91759 -0.46846 0.04272 -2.38597 0.89729 1.30802 0.04352 -1.26259 0.2883 -3.7223
1.48841 0.57808 -0.14399 -0.6685 -0.54916 0.96295 -1.55247 -0.62717 -1.55625 -4.5752
-0.0604 -0.35066 0.77846 -3.55302 0.92928 -1.31184 -1.77283 0.6197 -4.51552 -4.32492
-0.28231 1.34745 -0.75241 -4.04081 0.28614 -2.00148 0.38623 -0.15159 -1.6833 -3.64321
-0.67796 0.89413 -0.47389 -4.64299 0.68129 -0.94394 0.7125 0.81638 0.80524 -4.09258
0.44941 0.68573 0.01981 -4.65763 -0.51081 1.82919 1.38343 -1.41427 0.8739 -4.33779
1.20875 0.61255 -0.10309 -5.19823 -2.42733 1.4146 -1.37405 -0.34891 -0.91661 -4.55017
1.30499 -1.24303 -3.49207 -5.84765 -0.85716 0.51606 1.70697 -1.07751 -2.51801 -4.87822
-0.7831 -0.08288 -1.92319 -4.52076 0.04847 -0.33641 1.23715 -1.98484 -0.69162 -4.0552
-0.30237 -1.26217 -1.81446 -5.15224 -0.10204 1.17292 0.60993 -2.27515 -1.80703 -3.51041
-0.4052 -0.63194 -2.25587 -4.33938 0.84979 2.22552 -1.19442 -2.03105 -0.96358 -4.60176
0.51707 0.36125 -0.68343 -3.0576 -1.16471 1.0244 -0.46869 -0.68913 0.267 -5.04253
0.09004 -0.15111 -1.66857 -3.68146 -0.60108 0.75347 1.21879 -1.05922 -0.63571 -4.80897
-1.76974 -0.50617 -1.39676 -2.32284 -1.16058 0.33302 0.28612 -0.39165 -0.79656 -5.59456
0.14637 -2.0903 -1.88072 -3.26737 1.07265 -0.75976 0.51055 -0.89352 0.31436 -4.88238
-1.43525 -1.24767 -1.6233 -2.95821 0.62016 -1.03192 0.69459 -1.55783 -1.10988 -1.53849
-2.07617 -0.17591 -1.85391 -1.62093 -1.39579 -0.22942 1.25666 -0.69038 0.6648 -1.87789
-0.84923 -0.54475 0.08922 -1.64898 0.04891 0.89802 -0.17034 -1.29632 -1.24617 -0.416
0.70161 -0.43665 0.11942 0.18729 -1.22997 -0.75749 1.57812 -3.20019 0.3451 -0.51343
2.32852 -2.12239 -0.07328 0.48922 0.26748 -0.02524 0.66431 -2.37539 -2.2384 -1.17789
0.21097 -0.17297 1.55222 0.96946 -1.75397 -0.59866 -0.50599 -1.05048 -0.17482 0.26716
0.65928 -0.35984 0.34793 0.53825 -0.06124 -0.25976 1.3153 0.68263 0.94783 0.5425
-0.58188 -0.23001 -0.2911 0.92105 -1.24941 -0.46096 -1.02233 1.32711 -1.82045 -0.07729
0.87179 0.74422 0.08377 0.90967 -0.46259 -0.50243 -0.15801 1.4092 1.43624 0.62483
0.40978 0.83219 0.53143 -0.1835 0.11536 1.59695 -0.71409 0.56292 -0.52654 2.72633
0.13731 -0.7779 1.76669 -0.57653 -0.41938 0.72991 0.15692 -1.56479 -1.13764 1.9851
0.46627 -1.24975 2.28385 0.64794 -0.17613 0.78526 -0.77432 -0.6498 0.27552 1.29787
1.24642 0.61258 1.10963 1.43894 0.27282 0.56085 0.20596 -0.16818 1.25725 0.65536
-0.50453 0.95366 0.5933 1.6295 2.47821 2.63468 -1.13072 0.9223 1.06182 -0.19305
1.21904 1.59352 1.54661 0.63661 -2.03151 1.36234 -2.06996 1.52222 2.06539 1.62526
0.35974 1.00109 -0.31751 0.30006 0.59306 0.8106 -1.16358 1.89334 0.02291 1.4361
-0.88859 -0.07049 1.97879 0.83193 -0.08751 2.32768 -1.09179 1.4937 0.28379 1.58754
0.86605 -1.87691 -1.01613 0.50923 -0.53987 1.65779 -1.24591 -0.00748 -1.94667 2.64284
2.0915 -1.76312 0.22225 -1.30675 1.38771 1.58489 0.78121 -0.42499 -0.75637 0.97555
-0.65943 -1.43683 -0.07296 0.57842 -0.03363 0.40713 0.61676 0.86399 -2.27099 1.32189
1.50766 -2.26722 0.06572 2.68167 0.07501 1.03465 -0.41604 1.90204 -1.88133 -0.26007
-0.77406 -0.12136 2.30459 1.03101 -1.31621 2.37829 -0.55743 1.02472 0.53709 0.50733
1.53581 -0.48213 0.02848 0.61391 -1.24316 -0.50365 -0.11006 1.2213 -0.61612 2.6145
1.97557 -0.22055 -1.06234 0.84493 0.56366 2.79229 -0.09961 2.72865 0.69435 2.14011
1.31064 0.88882 -0.80113 -0.95219 1.95925 2.15402 -1.49456 0.77256 -0.82603 0.22489
-0.85818 0.28384 0.61393 -2.07727 -0.78324 2.61988 -2.23308 1.27856 -0.74447 0.76906
-0.57005 1.55834 0.00187 -0.82854 0.35017 1.85519 -0.19983 2.01456 0.49129 1.33037
0.63161 2.23864 -0.7609 -3.04895 0.53876 1.47698 0.28646 0.70135 0.59114 0.69976
1.66222 0.45508 -0.51194 -3.06863 -0.35179 3.06794 0.27428 0.12663 1.71537 1.71801
0.79323 -0.71534 0.0165 -2.51329 0.24664 2.52946 0.77134 0.19679 1.84215 1.55803
-1.56896 0.16652 -0.00795 -1.47729 1.53457 2.19831 0.15351 2.03631 -3.40162 -1.09102
-0.14685 1.21666 -0.4698 -1.44651 1.38487 2.28323 1.39975 1.36684 -0.57168 -1.31607
-0.1009 1.52935 -2.60997 0.38861 1.59435 2.23612 1.11208 2.53535 -0.03499 -2.17036
0.04494 2.43706 -0.89583 0.44546 1.97835 1.78728 0.24698 1.65215 -0.28124 -4.15021
0.01982 1.89935 -1.84996 0.22131 2.2977 1.82571 -0.38356 2.308 -0.58851 -4.80338
1.74261 0.57849 -0.87632 0.63272 0.56409 0.80956 -0.33215 2.00589 1.25205 -4.59394
0.35408 0.11342 0.42 0.76697 0.3165 -0.16191 1.4975 1.29259 -0.85221 -4.907
2.58569 -0.85352 1.14879 3.18119 1.34315 -1.1761 0.0383 1.5039 0.41171 -3.0999
3.11631 -0.58647 0.98948 3.16537 1.31099 -1.43159 0.40546 0.88933 0.82556 -0.78624
1.18796 -0.93382 0.1706 2.4767 0.27404 -1.1956 2.66939 1.33042 -0.56419 -0.20609
1.71546 0.22831 -2.75172 3.16007 1.26616 0.10546 1.30659 -1.29015 -0.54576 -0.33438
1.32922 -1.86932 -2.32602 2.84636 0.33993 1.99649 2.25664 0.34346 0.25432 0.08018
-1.23909 -2.2421 -0.13169 2.19486 1.57765 2.6372 1.25302 1.84702 2.23464 -1.89499
1.27638 0.54714 0.78399 1.54502 -0.06897 2.35302 1.81359 2.31496 2.5965 0.83478
1.43821 0.38256 1.56778 0.57079 -1.48165 1.74881 1.29379 1.88291 1.10865 3.47145
0.96839 0.37526 2.61773 -0.40333 -1.3185 1.25294 0.44021 0.93058 1.67653 3.06184
-1.23827 0.23808 0.26452 0.18057 0.90053 0.56498 1.8354 0.1737 -0.28526 3.11579
-0.16714 -2.58143 1.10088 0.79335 0.37085 -0.97262 0.28115 0.57617 -1.70226 3.7951
-0.46005 -0.36177 -0.08065 1.14467 0.88747 0.18237 -1.32164 1.72563 -0.33908 4.00632
-0.79233 0.42928 2.10078 1.4577 0.63584 -0.46559 -0.70055 1.61501 -0.03029 4.82438
-0.45256 1.9272 -0.85579 1.46952 -1.00248 0.55413 0.64898 1.30714 0.81719 4.74131
-0.10782 1.81019 0.69712 2.09399 -0.66265 2.32544 -0.04084 1.30715 0.91858 5.44024
0.57808 1.72359 2.23387 2.55976 -1.07481 0.44224 0.07941 1.59858 0.51063 4.47015
-0.34989 -0.329 0.36553 1.50408 0.76247 0.8164 -1.81848 0.73804 1.60846 5.64088
1.23187 0.64815 -1.58048 2.30891 0.3873 -0.11928 0.99306 1.05063 -1.37651 5.92107
1.45267 1.6476 -2.29362 1.19844 -2.05738 0.14631 -0.04371 0.98636 0.56434 3.89289
0.17428 2.0968 0.07639 0.0762 0.34166 -0.92287 1.53867 -1.48435 0.65637 3.03541
1.85616 0.04857 2.71827 0.71632 -0.25255 0.92861 0.66845 -0.09095 2.11234 4.19506
-1.7577 0.62396 1.28736 0.45509 -0.55636 0.06284 0.87985 -0.27086 2.49293 3.09715
0.67086 0.06355 0.84363 -1.95604 1.28632 2.5884 0.61899 1.1363 1.18465 1.67723
-0.14427 0.47395 1.72074 -1.52331 -0.11059 3.11489 0.00536 -1.53159 -0.31045 0.90616
1.86749 -0.46433 0.08314 -0.8332 1.24216 1.84884 0.14589 -0.38908 0.12999 -0.93617
-1.01746 -0.07242 -0.52836 -0.94575 1.75844 1.44265 0.38936 0.0695 -0.60533 -0.53461
1.14628 0.98843 -0.86521 -1.95379 0.36949 -1.47625 0.70399 -0.00095 0.79345 0.31005
0.48391 -1.41979 0.70632 -1.21635 1.40019 0.97508 1.16956 0.81189 -1.10939 2.35994
