0.09281 -3.44551 -11.9767 -4.62934 -26.22799 2.23371 -1.83226 -2.74851 -4.45877 -9.5531
-0.85159 -2.41588 -10.93211 -4.25558 -26.66882 2.36778 -1.71041 -3.01394 -3.41439 -9.70568
1.08924 -4.77783 -11.39156 -3.30113 -25.3435 3.34083 -3.88839 -2.50431 -2.46072 -11.4958
1.94652 -3.36694 -13.722 -2.70799 -25.35453 4.35298 -3.92536 -0.81402 -3.48335 -12.04908
-0.10148 -4.80343 -15.96913 -1.93112 -25.20108 3.19571 -2.40074 -2.22454 -4.6962 -12.69564
-1.2275 -4.94486 -15.87552 -1.45791 -25.28151 3.28033 -2.03185 -0.6752 -4.99486 -13.82896
0.64546 -3.05964 -16.29533 -1.2359 -25.8456 2.70157 -1.87322 -0.54614 -3.92048 -14.952
-0.12932 -5.44764 -18.09822 0.15394 -27.69979 3.88966 -1.04398 -1.02124 -1.75821 -15.99127
-0.32608 -6.7839 -20.01246 0.04564 -27.25851 4.01629 0.23799 1.88402 -2.94656 -15.916
-0.83213 -6.3275 -19.81889 0.65539 -28.88497 3.35475 0.54476 2.07521 -1.10536 -16.6677
2.13392 -7.28463 -20.92616 0.45667 -30.41763 2.22659 -1.43275 1.46348 -1.81142 -17.5161
0.02206 -4.96539 -19.58546 -0.97943 -31.9463 2.25948 -1.82093 1.50978 -1.31173 -18.5374
-1.54381 -3.7207 -20.21709 -2.0017 -31.99951 3.20807 -2.97712 0.19718 -0.19902 -17.59831
-1.14577 -5.50943 -18.97922 -2.49158 -34.03324 3.70541 -2.85341 0.53572 0.87028 -17.96352
-0.31 -5.50691 -19.61894 -2.53937 -35.32908 2.90515 -2.24655 -0.15448 0.19112 -19.51788
0.07033 -5.90559 -20.18063 -2.96179 -36.69702 1.85787 -2.88795 -0.51918 0.17828 -19.89409
1.60072 -5.56698 -19.28333 -2.7434 -37.91693 0.88353 -3.4798 -0.21456 0.84969 -21.82897
0.42744 -8.50803 -19.06276 -2.23106 -39.86335 2.68226 -3.3779 0.5162 2.50051 -22.14901
-1.22067 -7.84433 -19.95509 -2.6029 -42.63715 0.99669 -3.41498 0.03749 3.07253 -23.19735
-1.30599 -6.62086 -18.84328 -3.17815 -45.10278 0.63221 -4.61656 1.00304 3.00571 -22.80729
-1.43972 -6.87583 -20.43918 -3.71961 -48.08708 0.34908 -4.94447 0.38139 0.52547 -23.06701
-0.28418 -7.13211 -20.82788 -2.96029 -52.3404 -0.23424 -4.50428 0.74546 0.08299 -23.87554
0.57337 -8.26822 -21.44744 -3.06418 -55.59664 -1.55268 -4.08606 1.14785 -0.38345 -24.78028
-1.02925 -8.32489 -21.08093 -3.30176 -56.57011 -1.43303 -4.32657 0.96922 -0.34069 -26.2714
0.85284 -7.89246 -21.09935 -3.97451 -58.99921 -1.08588 -4.43985 0.3598 0.63418 -26.42767
-0.2342 -6.65967 -22.87133 -4.76172 -62.63364 -2.07547 -4.24686 -1.17715 1.76661 -24.86457
-0.46061 -7.83754 -23.87706 -5.03976 -65.37992 -1.37164 -3.69761 0.36539 1.35011 -26.42792
0.14696 -8.39558 -27.34186 -5.95301 -67.66265 -1.46026 -4.53595 0.97999 2.06795 -25.59802
-0.03037 -9.79044 -26.50467 -7.94638 -68.19344 -0.12818 -4.98567 0.78792 1.63293 -24.98684
-0.85166 -9.75825 -26.6158 -9.45526 -69.00269 0.72242 -4.67129 -1.28234 -0.08843 -24.85679
-2.29581 -11.6106 -29.15904 -9.26762 -71.06345 -0.61046 -6.07222 -1.39223 -1.75242 -27.49974
-0.9315 -10.64249 -30.29496 -9.77454 -70.65969 0.23564 -4.97394 -2.72477 -2.73522 -28.16195
-1.39509 -12.07897 -31.78093 -9.19827 -73.92527 -1.17984 -3.95841 -3.18239 -2.83173 -29.86313
-1.5959 -13.72533 -33.21852 -8.95871 -75.51586 -1.8947 -3.20827 -3.55167 -3.3268 -30.69925
-2.55205 -11.54097 -37.6923 -9.66477 -78.08309 -0.48115 -4.84013 -2.99637 -3.52541 -31.40968
0.37551 -15.33888 -39.99166 -8.9915 -81.33402 -0.91134 -5.45444 -2.38336 -3.52606 -31.8567
0.09538 -15.40667 -42.72383 -8.46446 -82.74848 -2.50952 -5.99619 -2.30323 -2.36274 -33.2262
-0.71409 -15.00176 -45.54175 -9.14469 -83.24415 -2.0946 -6.21646 -2.60351 -3.72989 -35.88317
0.13741 -17.17062 -48.29324 -8.28205 -88.98182 -0.32916 -6.50584 -2.26746 -5.24475 -38.12989
-0.40448 -17.64913 -48.88795 -8.25851 -93.39037 -2.15483 -6.11072 -2.306 -5.5921 -39.92411
-2.12807 -18.30123 -48.8112 -7.15314 -96.69402 -1.70162 -6.6701 -2.84855 -5.23181 -40.02116
0.05805 -16.86544 -49.48787 -8.11158 -101.17908 -0.56944 -6.03555 -3.12449 -4.31478 -42.90924
-0.8952 -16.5229 -51.7628 -7.25509 -104.80975 -0.35398 -6.48633 -3.05038 -4.2248 -45.57946
-0.02397 -18.89108 -55.29206 -6.47687 -109.84179 -1.53823 -6.37067 -4.35745 -3.52708 -48.93842
-1.06532 -18.98041 -57.46431 -7.8886 -114.3501 -0.32987 -4.25389 -3.41723 -4.7395 -50.78598
-1.00986 -19.64511 -60.33073 -6.14068 -120.2199 -0.46034 -2.10302 -2.01491 -3.90041 -53.92316
-0.3883 -21.00237 -61.37847 -4.97864 -127.03011 -0.19789 -3.62927 -3.5821 -3.42907 -56.48073
0.01987 -22.11717 -62.38566 -4.60966 -134.0459 0.30003 -3.54667 -2.33333 -4.82906 -58.33395
-0.02023 -20.7954 -62.26846 -4.91819 -141.27505 1.01157 -2.67697 -1.71382 -5.36002 -60.96231
1.1062 -21.64599 -62.03224 -3.38745 -147.13443 0.09331 -4.23212 -2.38167 -4.90877 -63.70172
-0.83592 -21.94815 -61.31718 -3.09582 -154.43262 -0.08529 -4.95146 -2.0508 -2.53157 -65.12613
-1.11139 -20.83956 -60.25985 -2.84141 -160.412 -0.47232 -5.93372 -0.96042 -4.71937 -68.37801
0.20383 -18.59361 -61.64332 -3.11899 -165.37531 0.28995 -5.50658 -2.86098 -4.43288 -68.49249
-1.40941 -21.23004 -62.88168 -2.10241 -171.77348 -1.82527 -5.92839 -1.74062 -2.18418 -68.99624
-1.31025 -20.28863 -62.29418 -4.44802 -175.87607 -0.64453 -5.74019 -2.83509 -2.93873 -69.71238
0.23628 -21.33286 -63.0658 -3.71066 -180.26971 0.05027 -4.58762 -2.45609 -2.66712 -72.17958
2.25787 -21.6979 -62.82133 -4.34522 -184.76041 0.01688 -3.38716 -1.48033 -3.19541 -72.70874
-0.36929 -20.94267 -62.64465 -6.14728 -188.23384 0.37823 -4.26931 -1.6031 -2.58715 -72.65215
-0.57728 -22.91886 -64.17396 -6.491 -192.47665 1.49019 -3.45496 -2.14815 -2.86325 -75.33813
-2.12081 -21.32332 -64.80811 -5.00234 -196.29115 0.88843 -1.51274 -0.61816 -4.12525 -75.24181
0.68793 -21.62031 -66.58584 -4.15255 -200.1096 -0.5975 -1.82474 0.30261 -3.68245 -74.5451
0.79175 -22.56591 -66.30689 -3.95737 -204.08325 -1.16043 -1.70719 -1.63813 -3.49433 -75.28855
-0.50428 -23.26075 -65.94518 -2.8222 -206.25685 0.27109 -2.49169 -2.87941 -4.64489 -77.56226
-1.43904 -21.8547 -64.88995 -4.48781 -211.63219 0.96314 -2.97581 -3.94686 -6.77272 -79.36243
0.40928 -20.14214 -65.13502 -4.29653 -215.16992 0.04157 -1.58777 -3.81121 -5.77201 -80.28586
-0.92986 -20.41216 -64.73045 -4.73209 -218.29071 -2.0176 -3.01001 -4.39892 -4.13206 -81.60599
0.4014 -22.37479 -64.83405 -5.95914 -224.17377 -2.87885 -3.12179 -5.37039 -4.37253 -81.99278
-1.87485 -22.88545 -63.2387 -6.33442 -229.08098 -2.46095 -4.38897 -6.41833 -5.3363 -82.65877
0.22102 -21.81815 -64.401 -7.3416 -234.48648 -2.82129 -5.05408 -6.62248 -3.74472 -82.29396
-0.41637 -21.99427 -64.64794 -5.94047 -237.58704 -1.49323 -4.26169 -6.03904 -4.40169 -80.86607
-0.40162 -22.17127 -63.24962 -5.1473 -240.29337 -1.19814 -3.32091 -6.14241 -4.09352 -80.13515
0.7548 -23.73255 -64.13727 -5.5359 -241.07381 0.02403 -2.84908 -5.66395 -4.5482 -80.96617
-2.26406 -21.7154 -65.78558 -4.64803 -242.57217 -0.99058 -3.24536 -6.7665 -5.03925 -79.24373
0.17114 -23.5767 -66.2166 -3.83279 -243.50389 -0.94273 -4.36483 -4.9653 -5.29627 -79.47523
-1.05408 -21.25154 -66.1194 -4.04245 -245.21721 0.32745 -4.26942 -4.9493 -6.68105 -80.31586
-0.5762 -21.50335 -64.7353 -5.21249 -246.22408 0.01571 -3.25879 -3.94105 -6.11377 -78.79845
-0.47942 -21.38755 -64.28504 -4.35908 -247.5905 0.09119 -4.07685 -2.97121 -6.66992 -77.31872
0.84947 -19.91806 -65.74366 -3.33697 -248.56448 -0.79216 -2.55111 -3.70146 -5.43014 -78.37472
-0.81383 -20.18513 -67.9747 -2.69097 -247.57903 -1.2319 -4.37327 -3.65367 -5.91914 -80.68733
-1.18118 -22.26687 -68.39925 -2.97457 -246.24011 -1.31306 -4.47386 -2.55807 -6.09723 -80.52663
-1.36334 -22.66965 -68.73577 -1.15561 -247.62697 0.07866 -3.88784 -2.18348 -6.90498 -81.58837
0.95843 -22.52678 -66.96394 -2.15233 -248.507 0.6829 -5.23476 -2.5472 -6.00507 -81.76371
-0.49111 -20.85841 -68.32638 -2.11559 -249.994 1.8341 -7.03406 -3.15526 -4.98112 -83.89455
-1.1234 -22.44651 -66.57777 -3.79951 -251.18039 2.00642 -3.73425 -3.44856 -5.29312 -85.19495
-1.71337 -21.56887 -67.44057 -2.99976 -250.69347 1.43617 -2.20203 -2.84748 -3.93344 -83.38419
-0.27479 -21.41494 -68.53182 -2.24742 -253.20511 2.51541 -2.48504 -2.70396 -3.65814 -82.95445
-1.15589 -21.87947 -67.66248 -3.08575 -253.36763 2.93681 -3.78066 -1.43272 -4.32759 -82.32773
0.4323 -22.223 -66.46928 -5.88262 -253.43748 2.55304 -0.85584 -0.15515 -5.14005 -83.01119
-0.16024 -21.50538 -64.72982 -5.52632 -255.22287 1.79088 -0.34322 0.82164 -4.34374 -82.64354
0.69726 -21.32882 -61.29668 -4.54856 -254.58018 1.48845 -0.3751 0.15704 -5.07572 -81.71957
-0.55939 -21.54598 -60.50836 -5.11245 -255.06386 2.03504 -0.64663 1.50687 -4.15374 -84.02831
-0.48408 -19.89822 -61.88491 -4.71156 -253.71017 0.25961 -1.61648 2.09333 -2.64402 -83.28872
1.02796 -19.60518 -61.63042 -3.97428 -254.94403 1.53106 -0.6251 0.79564 -1.86429 -85.11346
-0.9816 -20.53799 -61.51025 -4.55007 -254.80582 -0.25371 -0.83557 -0.77394 -2.61389 -83.23715
0.09575 -20.91475 -59.83734 -3.59592 -255.74379 -0.95866 -2.07947 -1.36995 -1.56577 -81.09904
0.08545 -19.13316 -57.3511 -4.19446 -255.00734 -0.51469 -0.47973 -0.84807 -0.00069 -78.87321
-1.07186 -18.7962 -55.96567 -5.34741 -254.05414 0.32832 -0.82502 -1.45409 -1.10067 -79.02074
-0.64803 -17.21562 -53.96164 -6.27208 -253.8954 1.18161 -0.99748 0.30506 -1.04193 -78.76708
-0.72783 -18.02765 -53.05386 -6.00012 -252.96361 -0.66084 -1.79417 1.22822 -1.52605 -78.56215
-0.89146 -15.64913 -51.13606 -4.82018 -251.56947 0.87627 -0.14063 3.03457 -1.29227 -78.31674
-1.24662 -17.67816 -50.25425 -3.67208 -251.36853 -0.03674 0.41567 0.64039 -0.82861 -76.10034
0.23645 -17.23001 -50.11612 -3.88431 -248.72766 -0.19367 0.33936 0.75345 -0.64956 -76.30638
-1.82514 -17.55016 -49.8438 -4.9198 -247.57317 0.90938 0.76503 3.61085 -0.77064 -74.21884
-0.5377 -16.90064 -49.35775 -4.34277 -246.25641 0.51992 1.55874 3.0327 0.5949 -71.6893
-1.36356 -18.36923 -49.4788 -4.79022 -248.41054 0.06671 1.11857 0.89815 0.04017 -70.57939
-2.33954 -17.18381 -47.84832 -3.91458 -245.33173 0.89291 -0.70902 -2.20613 -0.35703 -69.20454
-0.48497 -18.70923 -45.03272 -1.77789 -245.24832 1.61588 -1.34635 0.2013 -0.10605 -68.32951
0.62718 -17.66663 -44.40025 -0.93009 -242.03999 2.077 -0.46435 -0.48509 1.14771 -68.01894
0.57265 -15.28068 -42.77759 -2.13804 -237.03252 3.16944 -0.24669 -0.37154 2.64207 -66.52811
0.4841 -13.74384 -41.32716 -3.22764 -234.95541 3.61595 -1.03912 -1.44331 0.12207 -63.5433
-1.73063 -13.22819 -38.90909 -1.89574 -232.52655 2.7071 0.0223 -2.3041 -1.70793 -63.03165
0.19782 -12.55584 -37.98489 -4.19296 -226.64061 1.47854 2.2896 -3.53172 -1.36244 -61.8039
-2.86312 -13.73565 -35.08369 -3.002 -222.38522 1.19129 0.84285 -5.31288 -3.06013 -60.31927
-0.22625 -11.95268 -34.36052 -3.1748 -220.44084 1.1269 2.10543 -6.21013 -2.94199 -58.63869
0.73313 -12.55391 -33.3967 -2.92698 -218.82101 1.60708 2.21913 -7.37692 -2.58807 -56.90585
-0.58065 -9.54894 -32.73075 -2.38419 -212.22614 0.85979 2.41778 -6.93413 -3.20077 -52.93536
-1.37083 -10.85561 -33.20225 -1.99574 -208.50276 0.99423 3.34943 -5.67681 -3.22216 -52.62689
-0.45889 -11.19142 -32.11246 -0.77237 -203.98833 2.83692 2.84879 -4.43831 -4.9428 -50.76662
-1.27644 -10.48872 -31.97306 -1.81981 -199.4391 3.459 0.56707 -4.56987 -4.72558 -48.64118
-0.52604 -10.10536 -32.19358 -2.97002 -194.62627 4.14427 0.63069 -5.54637 -5.50662 -47.58094
1.09916 -9.18819 -31.35693 -2.85036 -190.20757 3.27735 0.42876 -6.52311 -4.88863 -48.7795
1.21783 -10.99088 -31.04065 -2.50145 -184.59967 3.2516 1.37458 -6.69217 -4.99235 -47.26492
0.48835 -10.2284 -30.7286 -0.00795 -179.81174 3.54786 -0.23325 -7.07308 -3.7137 -44.47503
-0.8486 -10.06236 -31.04838 -0.30437 -175.00963 2.76308 1.06593 -6.40367 -2.65711 -43.17249
1.25084 -9.71167 -32.01304 -0.69327 -169.64998 1.8468 0.90539 -5.56727 -3.13477 -42.32757
0.25851 -10.2469 -32.63403 -1.57169 -164.24046 0.53806 -0.59609 -4.24688 -4.6626 -42.73803
0.53427 -12.20128 -30.77226 -2.01345 -161.83672 -1.17694 -0.57042 -5.51581 -6.17679 -42.27559
-0.07681 -9.08466 -30.60659 -2.91988 -157.60234 -1.3163 -2.58455 -5.44839 -7.69425 -41.53418
0.42877 -10.71565 -29.59041 -0.30126 -155.2943 -2.38375 -4.14571 -4.41818 -8.11296 -42.75935
1.45017 -8.58221 -27.67432 -2.23506 -152.57378 -2.74122 -6.05986 -4.06592 -8.37215 -41.8399
0.49605 -9.58853 -28.83082 -1.9055 -151.82167 -4.28413 -7.95416 -2.80708 -9.26512 -40.39075
0.01556 -8.88837 -30.62383 -2.13777 -149.53885 -5.28787 -7.40782 -2.81235 -7.4897 -40.22802
-0.95199 -11.48312 -32.98486 -2.15186 -147.6665 -3.72539 -5.84068 -1.24568 -7.36353 -37.51279
-0.9429 -11.59869 -35.78285 -0.89746 -147.35431 -3.10484 -4.62894 -0.94658 -6.63705 -38.40405
-0.81842 -11.31705 -40.76632 -0.6405 -145.25031 -3.75319 -4.348 -0.53518 -5.13958 -37.72739
1.05959 -12.25941 -42.63727 -1.10447 -143.4292 -4.09673 -3.92127 -0.10032 -6.23501 -35.46234
-1.85883 -12.30024 -43.84764 -2.05272 -140.07587 -3.46002 -2.36543 -0.94867 -3.38231 -36.16859
1.7461 -13.82923 -45.8097 -0.39548 -137.90596 -2.12219 -1.05991 -1.60837 -2.58531 -38.47781
-1.03532 -16.57928 -46.83566 -1.2216 -137.4507 -2.52656 -0.07692 -2.47931 -1.37652 -38.86771
1.81653 -16.33858 -47.39928 -1.45677 -138.20145 -3.19899 0.25663 -1.60219 -0.56306 -42.31825
-0.44559 -15.82187 -46.44579 -2.21392 -140.2944 -2.66074 2.25706 -1.93348 0.26248 -44.3178
0.65136 -14.46825 -46.0178 -2.52076 -143.01456 -2.06772 3.07415 0.41857 0.14524 -48.36411
-0.012 -14.10056 -44.11284 -3.49857 -144.382 -1.87689 3.01869 -0.62512 -0.76368 -50.89518
0.65277 -14.74065 -42.56322 -0.05409 -146.91245 -1.38059 0.71315 -1.02526 0.19718 -51.77174
0.83721 -15.59444 -40.64351 0.96541 -148.35637 -1.39324 0.60448 -1.50274 0.76138 -52.75354
-0.72224 -13.93453 -37.73232 -0.39336 -152.79974 0.19379 -1.02629 -0.95446 1.39084 -53.77059
-0.3314 -12.51687 -34.87198 0.36897 -153.91237 1.04508 -1.00372 -0.50717 0.07228 -52.59528
-1.47998 -10.93378 -32.65956 -0.04842 -156.0114 0.91742 -0.17988 -1.05664 -1.79561 -53.20808
-1.27062 -10.14838 -32.37515 -0.11483 -157.33736 0.56913 0.0896 -3.05223 -2.10667 -53.07566
-0.67677 -8.62847 -31.19645 1.14653 -158.16855 0.12401 -1.49479 -1.77765 -2.68388 -53.71984
-0.15588 -9.16255 -31.3519 -0.21977 -156.17487 -0.2052 -2.71759 -2.57528 -3.42987 -52.62221
0.54372 -10.54142 -27.42932 1.06281 -156.72696 -0.47765 -2.54339 -2.92572 -2.11233 -51.31403
-0.9373 -7.73447 -26.84023 0.94662 -157.39714 -1.27849 -2.31914 -1.87069 -0.40092 -48.94765
1.91292 -7.84096 -27.78932 0.15349 -155.23715 -2.97458 -1.17819 -1.7222 -0.21225 -46.96833
0.71779 -9.24841 -28.82255 0.08261 -154.26373 -1.73161 -0.98197 -1.72317 -1.29979 -45.66343
0.18278 -9.86562 -29.00957 1.14916 -152.35519 -2.35707 -0.73761 -2.59981 0.49774 -45.51727
1.2872 -10.38629 -28.67368 -0.03289 -150.63986 -2.83783 -2.29161 -2.46405 -0.35399 -45.51447
1.47104 -7.38865 -27.39386 -0.02877 -148.94128 -2.55501 -3.35876 -3.32989 -1.44924 -42.39952
-0.07952 -8.77797 -25.80902 -0.3013 -149.42496 -3.2073 -2.83907 -3.72533 -2.00206 -38.72943
1.09134 -8.71708 -25.23646 -0.75319 -147.49506 -0.30136 -3.71079 -2.54654 -2.90603 -37.40523
0.61093 -7.12176 -24.06707 0.68993 -146.70938 -0.55185 -3.68003 -3.16286 -3.8501 -36.33501
1.37506 -9.20489 -25.05018 2.54909 -144.2131 -0.09962 -3.26733 -1.74793 -2.76502 -35.61691
0.24845 -7.74911 -25.95452 1.47873 -140.25288 -0.18933 -3.79499 -1.62204 -2.92665 -35.82203
1.0368 -8.42981 -26.17164 0.53561 -137.48311 -1.5828 -4.00365 -2.2528 -3.14006 -36.2413
-2.46112 -7.3267 -26.83058 -1.04015 -133.81688 -3.0669 -3.74255 -2.42457 -4.36917 -36.91416
-1.04087 -8.11611 -25.69218 -1.75539 -131.32756 -1.14943 -3.08208 -2.92948 -2.1494 -36.12719
0.69203 -7.88335 -25.59391 -3.25639 -127.66608 -2.16791 -3.25147 -4.20026 -1.57786 -35.89153
0.40494 -9.46997 -26.59743 -3.50297 -126.06242 -3.57793 -3.72439 -2.89907 -0.80898 -36.10386
-0.42071 -7.82236 -28.24206 -3.65584 -126.96603 -3.93515 -3.67402 -1.53013 -0.66139 -35.28525
-1.03415 -9.31391 -29.88148 -3.0504 -127.23888 -3.77177 -3.33922 -1.03247 -2.93914 -33.03985
1.1063 -11.34761 -31.36513 -1.3922 -126.2528 -5.01363 -3.15195 -1.34655 -5.55427 -31.82196
-0.50302 -11.61659 -32.14799 -2.49324 -126.383 -2.86683 -2.9019 -1.50346 -5.00763 -31.72654
-0.27697 -9.87186 -31.24709 -2.30223 -127.49528 -2.54046 -0.49562 -0.88527 -3.89841 -31.1011
-0.48456 -9.32293 -30.62113 -1.19974 -126.38636 -1.76614 -0.14738 -0.37124 -2.43248 -32.766
1.8797 -10.4942 -31.82389 1.09126 -124.04441 -0.16247 0.50113 -1.93555 -2.35988 -33.01951
-0.34385 -10.77392 -32.70248 2.13711 -122.30524 0.81433 -1.09774 -4.51282 -2.67616 -34.31551
1.62163 -9.11888 -34.76191 3.05817 -122.56013 1.74044 -2.06957 -4.86964 -4.75463 -33.22118
-1.27157 -9.95563 -32.32035 3.4245 -121.20509 2.24643 -3.05823 -4.17504 -4.13173 -34.09275
1.07016 -8.76797 -30.40391 4.71804 -119.11539 2.79181 -1.62814 -3.1941 -4.71646 -35.37319
-0.36053 -8.7768 -27.75776 3.39837 -116.38196 3.024 -0.24117 -1.28623 -5.05983 -37.54516
1.5436 -9.04914 -28.01465 3.33884 -113.39974 1.25964 -1.22323 -1.34289 -4.96027 -40.2475
0.17951 -8.26659 -27.9983 3.71774 -111.84375 1.17349 -1.98979 -2.85007 -4.49339 -40.90723
1.28028 -7.73758 -27.10757 3.02512 -113.6694 1.38512 -1.97371 -2.06045 -3.04702 -41.13612
-1.81869 -7.51445 -27.69698 2.41208 -113.22493 0.40568 -1.75196 -1.91425 -3.42147 -38.93331
-0.59592 -7.46968 -26.58982 2.72853 -113.95344 -0.21439 0.47332 -3.28996 -2.08467 -38.87449
-0.56231 -7.51641 -27.04797 2.06081 -113.63608 0.53536 -0.61252 -3.1428 -3.80825 -36.88136
-0.66519 -8.73626 -26.52775 1.9053 -115.08547 3.41276 1.19544 -2.49813 -2.69949 -37.67995
-2.3397 -8.08044 -26.95883 1.52848 -115.35142 1.99601 1.94795 -3.95461 -1.35074 -34.54423
-0.07753 -8.42976 -25.75964 1.50777 -114.92652 2.74436 2.0847 -5.53466 -1.11606 -33.4548
0.95475 -8.5068 -24.15777 0.76785 -114.2101 3.46624 1.60635 -4.34572 -0.50113 -33.04594
-2.04752 -8.64223 -22.66903 0.14923 -113.66305 2.38724 0.98371 -4.89668 -1.59915 -32.34112
0.77941 -7.66389 -20.5177 -0.96649 -112.73801 2.32235 1.55128 -3.63575 -1.72095 -33.5509
0.04299 -7.28278 -20.00566 -0.1633 -111.91957 2.04931 2.19848 -3.3817 -0.72015 -33.49726
-2.03643 -7.90012 -17.27765 -0.05114 -109.97044 2.15814 2.36969 -3.71819 -2.44372 -32.32188
1.20994 -5.18192 -15.5205 0.67643 -109.36685 2.73134 4.14463 -4.81177 -2.8639 -32.19228
1.37996 -4.40469 -15.76909 -0.35295 -109.24787 3.83558 4.21422 -5.35555 -3.29385 -31.43222
0.05452 -3.97906 -14.33989 -0.70175 -106.15557 3.40637 4.69386 -4.71282 -2.51179 -31.22152
-1.38191 -3.58005 -14.71945 -1.50378 -103.54362 5.07006 4.56286 -5.30797 -1.90303 -30.90069
1.61389 -6.0488 -13.80778 -0.08943 -101.00632 3.65939 1.60783 -6.41463 -1.33837 -29.79529
0.55184 -5.41547 -12.84961 -0.08115 -96.19295 4.58628 0.37994 -5.90694 -2.56484 -27.62208
-0.65811 -3.98429 -12.3246 -0.51834 -93.3461 2.9592 0.82922 -6.15299 -2.99747 -28.42127
-1.56299 -4.9186 -9.78189 -1.511 -92.2062 -0.79413 2.21582 -5.94635 -3.23955 -26.50759
0.45063 -1.77624 -8.37507 -3.36443 -90.99324 0.3469 3.15038 -5.70694 -4.41563 -25.11468
-0.7138 -1.78919 -8.50119 -4.34745 -90.01537 -1.30771 2.94592 -3.9299 -4.29352 -24.41793
2.2661 -1.65831 -9.72972 -4.11494 -88.029 -0.92441 2.69816 -2.97174 -4.91946 -23.90978
-0.22764 -5.14025 -9.80292 -4.1057 -85.2711 -2.13728 2.433 -2.04602 -4.85012 -21.80499
-0.30295 -5.24406 -11.41916 -3.06498 -82.24978 -2.10866 1.75495 -2.59931 -5.58032 -19.38618
0.74312 -3.88599 -13.07477 -1.33652 -81.51777 -1.50518 2.14935 -3.33693 -5.34471 -17.64432
0.40565 -5.59253 -12.54117 -2.04594 -78.35036 -1.21529 2.27 -0.34256 -4.19611 -16.65981
-0.48407 -5.97666 -13.25869 -1.64246 -77.16679 0.12339 1.75025 0.90822 -3.59483 -14.72338
1.34183 -6.79075 -12.94517 -0.29164 -75.08896 2.36418 0.94184 2.26691 -2.2037 -15.76705
-0.23325 -4.24129 -13.53105 -1.01944 -72.99621 2.20388 0.98785 1.12819 -3.41151 -15.71723
-0.3159 -6.25715 -15.61205 -1.45158 -71.52083 2.18752 1.77843 2.1803 -3.14265 -16.22052
0.04891 -5.08853 -15.3363 -1.05217 -67.53291 1.24621 2.52708 1.49321 -3.99807 -15.92178
1.78542 -6.38077 -15.61622 -2.0318 -66.15787 1.36332 2.28843 0.95983 -4.69715 -15.66659
-1.5587 -6.27904 -16.96449 -1.2477 -64.70725 0.6236 1.87893 1.95428 -3.05232 -14.39067
0.64833 -4.99319 -18.79532 -2.07404 -64.39017 -0.7162 2.09937 1.7348 -2.84748 -14.37057
1.5371 -7.18033 -17.22569 -2.08892 -63.31887 -0.01194 1.47367 0.50807 -1.77444 -15.67609
0.88482 -6.16588 -17.36279 -0.91974 -61.70128 -0.37084 -0.61883 0.09221 -0.87235 -16.36251
1.11297 -7.21919 -18.39889 -0.52078 -61.71431 -0.29756 -0.49588 1.44502 0.02891 -15.98661
0.09463 -6.243 -17.09988 -0.94769 -60.96674 -2.34303 -0.99935 3.24793 -0.2413 -15.65155
2.00206 -5.12829 -17.1797 -0.70511 -61.82673 -2.13393 -1.31 2.27311 -0.26402 -17.79597
-0.62138 -4.8786 -14.92384 0.13814 -62.21006 -3.08891 -1.21849 3.26786 0.77921 -18.61793
1.06078 -5.00156 -14.33853 -0.24517 -61.34803 -3.76779 -1.51559 3.26523 0.90437 -17.66041
0.64575 -5.79194 -12.44602 1.90026 -62.10312 -4.3942 -1.34124 2.36869 0.643 -17.66928
0.11206 -3.61233 -11.80226 1.63428 -62.44477 -3.03499 -1.20895 0.69598 2.52012 -19.3256
-1.73926 -4.75807 -10.71443 2.50065 -62.53585 -0.54827 -1.17246 0.12965 4.85685 -18.29928
1.14982 -1.98707 -8.24036 2.40989 -63.16424 -0.16957 -3.22138 -0.44412 6.16864 -18.67721
-0.19958 -1.93565 -7.47141 1.39079 -62.80737 0.87152 -4.13635 -2.24774 5.87738 -16.73464
-0.32893 -0.58342 -6.23347 2.38713 -61.81542 0.73192 -4.76609 -3.63948 2.95489 -17.02292
-0.16215 -0.0367 -3.19036 3.74971 -60.47001 1.1035 -5.9793 -6.10817 1.92712 -17.47919
1.15238 -2.4096 -2.58218 3.31196 -57.65301 1.00202 -5.07964 -6.30814 2.75973 -17.93263
-0.56389 1.15102 -0.27172 4.21354 -55.81593 1.44748 -6.176 -5.90294 2.11201 -16.26607
0.53592 0.29689 1.33807 1.96251 -55.6899 1.21414 -7.11695 -3.6721 0.58165 -15.41496
-0.50705 2.44658 1.53474 2.6258 -54.25399 0.84376 -5.89829 -4.1066 -0.26973 -13.08099
1.35961 2.95598 2.00259 3.07656 -54.18137 -0.05906 -5.91058 -2.40866 -3.74951 -11.64312
0.50657 1.64664 1.64723 2.32276 -52.62113 -0.73106 -4.60819 -3.14598 -5.08564 -10.2152
0.64063 0.85752 2.57427 1.68349 -49.33302 1.24261 -4.07018 -3.32847 -5.02939 -9.93089
-0.32945 1.83712 0.58118 3.56924 -46.33781 1.27274 -4.58584 -3.3388 -5.16409 -6.24259
1.18363 3.06662 -0.85217 2.89079 -40.80657 2.1447 -1.81997 -3.82608 -5.23167 -6.02794
0.72931 1.11911 -1.55646 2.48795 -37.84515 1.68854 -1.79598 -3.45887 -5.12586 -5.38847
-1.77946 1.43977 -2.4974 3.68796 -35.4178 2.88645 -2.06446 -5.11235 -5.51427 -5.59738
-0.72389 2.06382 -3.02622 3.94569 -33.26139 0.62716 -2.63822 -3.75994 -4.06151 -4.28082
-0.08981 -0.41856 -6.93435 2.82788 -30.00501 1.46082 -2.38061 -4.32375 -4.54506 -3.52594
-0.34689 -0.49094 -7.61736 1.83864 -27.70158 0.65354 -3.36662 -4.07468 -4.21617 -2.8893
-0.52106 -2.82292 -7.40383 2.10297 -26.8273 -0.71411 -1.9416 -4.90323 -4.7014 -0.79948
-0.3225 -1.65337 -9.62387 2.92831 -26.55458 1.074 -2.50961 -5.23331 -4.50494 -1.44408
-0.19337 -1.26265 -11.376 4.15762 -25.65035 2.57678 -2.17267 -4.485 -3.94489 -3.51928
0.56781 -1.09227 -13.18446 3.75829 -22.4556 1.93895 -1.97905 -5.56855 -4.71074 -4.10412
0.15505 -3.55968 -14.00192 2.51858 -20.28461 0.63469 -5.02696 -5.15427 -5.6277 -3.85295
0.49303 -2.60189 -15.02728 1.8141 -18.78847 1.74964 -3.7312 -6.06794 -5.72601 -3.46092
-0.25901 -3.20398 -16.22783 1.35277 -18.86441 2.2658 -3.0757 -5.39043 -4.20594 -4.85222
0.47042 -5.04509 -16.38887 1.49871 -16.78225 2.82664 -4.08384 -7.36625 -4.92808 -7.20658
-0.11691 -3.14686 -16.46839 2.77708 -17.52482 2.39785 -3.99183 -5.98393 -3.90886 -10.35865
2.43031 -5.3216 -18.68225 1.53725 -19.08986 1.29144 -3.76602 -5.84814 -2.76354 -9.90059
2.23575 -6.43673 -20.17044 1.11551 -19.1523 1.53684 -4.01423 -5.67123 -3.49641 -12.78375
0.12659 -6.39347 -18.69716 1.03765 -19.35862 0.73495 -4.61849 -5.36526 -4.07334 -15.17276
0.70674 -5.44338 -19.49453 1.0299 -22.79394 -0.37084 -5.45794 -6.24034 -5.50127 -17.4234
-0.21713 -5.26162 -21.11612 0.64605 -25.00999 -0.383 -4.69748 -4.84801 -5.73053 -17.17812
-2.0461 -4.20844 -21.67025 1.07345 -29.22076 -0.82367 -4.82928 -3.24442 -6.8361 -17.28366
-0.64061 -4.29056 -22.43861 1.14743 -32.79493 -1.09236 -3.8085 -2.04172 -6.33829 -18.60663
-0.99948 -5.82102 -21.96691 -0.43648 -35.48787 -3.13407 -3.34374 -1.7431 -6.68788 -18.85149
0.04167 -5.83493 -24.03804 1.96603 -38.29041 -2.62747 -1.92587 -0.75572 -7.45767 -20.19284
1.55653 -5.79761 -25.93806 1.90764 -41.39341 -3.19236 -1.54778 -1.56456 -6.59738 -20.43793
0.52667 -7.9618 -26.78203 1.24734 -43.90464 -1.99414 -0.77298 -2.11775 -6.11434 -20.71
1.71061 -7.89234 -27.36982 1.00147 -46.92549 -1.60375 0.25518 -1.75308 -3.53065 -22.84721
-0.01091 -8.48626 -28.5037 -0.02319 -50.2465 0.56621 0.09958 -0.97432 -1.96124 -24.55264
-0.07278 -9.19793 -30.13497 -0.02204 -53.33987 -0.12664 -0.38909 0.08762 -1.19726 -25.76318
-0.3707 -8.83601 -30.36289 0.09693 -57.20154 -0.8482 0.14203 0.0371 -1.70291 -27.45842
-0.41601 -8.31623 -28.26845 -0.60423 -59.29018 -2.55503 -0.13132 -0.45975 -1.12692 -26.66356
2.52706 -7.32545 -27.27631 -1.65691 -61.43941 -1.71574 -0.86555 0.70862 -0.66218 -28.22714
-0.03985 -8.18455 -26.9519 -2.76528 -65.09959 -3.14542 0.58281 1.55889 -1.42677 -29.39942
1.19483 -7.34119 -26.55538 -3.7447 -69.55907 -4.29898 0.20226 2.93131 -1.72727 -32.36585
0.21163 -9.30702 -24.61887 -4.36864 -71.83981 -2.23606 -0.24548 2.86653 -1.14197 -32.49051
0.15545 -9.02127 -24.51711 -4.48026 -74.18382 -2.2186 -1.37176 1.86816 -0.23381 -33.81723
0.65834 -8.11086 -24.57117 -4.00959 -77.01276 0.70302 -1.97902 2.82344 -1.28204 -34.17223
-0.09755 -7.6392 -25.08651 -4.21751 -81.39404 1.9598 -1.50966 1.25384 0.02882 -34.49817
1.14917 -9.04128 -25.65067 -3.60829 -84.6423 3.53798 -2.4516 1.26624 0.99365 -35.03282
-0.08188 -8.21534 -26.42406 -1.93755 -86.55252 2.96738 -3.13929 1.58882 0.56974 -33.94502
-0.57629 -10.62212 -26.20405 -0.3462 -88.26111 2.30243 -1.85685 0.23367 3.27461 -33.94174
-0.12083 -8.63163 -26.10285 0.02494 -88.77564 1.34826 -0.34761 1.45185 2.96883 -33.22733
0.70689 -7.74906 -24.60725 0.77889 -89.85321 -0.12875 -0.49416 2.00532 3.23735 -33.14837
0.61551 -8.1432 -24.11452 0.0109 -92.46575 -0.54845 -0.76017 0.57983 2.08892 -33.04094
1.55341 -8.24881 -23.61446 -1.1403 -93.21832 -0.2819 -0.14816 1.96967 0.30931 -32.58591
0.06197 -8.08717 -22.2694 0.15019 -93.80202 0.18022 -3.03078 1.86542 0.53242 -31.85732
1.41165 -4.36824 -20.20849 -0.70056 -93.8012 -0.86349 -3.85267 0.23099 1.64213 -31.94571
-0.07992 -5.53781 -19.46446 0.0238 -94.84058 -2.60101 -3.37009 0.01855 1.63422 -33.00452
-1.96007 -5.73679 -18.79573 0.6248 -93.91021 -3.28816 -3.81028 0.15205 3.14202 -32.23947
1.38627 -5.53414 -17.74706 0.22237 -95.415 -3.04682 -4.43826 2.07222 1.95223 -32.05318
-0.04373 -6.02427 -17.64603 -0.79538 -96.90313 -2.34323 -4.25914 1.69114 2.33954 -30.70488
-0.83531 -5.239 -17.12924 -0.26518 -96.07296 -0.80648 -4.6297 2.07033 1.18233 -31.00006
-1.51884 -5.79988 -14.25628 -0.42085 -96.55325 -1.36261 -5.36595 0.85095 2.30205 -30.36012
-0.09368 -5.08231 -14.08887 -0.26175 -97.53066 -1.7469 -4.22564 -0.39527 1.61958 -28.84539
-1.843 -5.25112 -13.00325 -2.36324 -97.86084 -2.32703 -5.19769 -0.00138 0.71448 -27.26776
1.21677 -5.13318 -11.69567 -0.84068 -97.68906 -1.76738 -3.01608 -1.61427 -1.05383 -26.45317
-1.27346 -4.73183 -11.15161 0.48885 -96.20065 -1.2339 -1.82526 -1.50729 -0.46624 -25.86426
-0.27533 -5.59662 -12.94125 -0.1677 -97.20757 -1.48757 -1.97502 -2.12802 -0.79519 -21.99801
-1.51681 -5.78358 -15.1217 -0.20853 -95.30676 -1.79442 0.1825 -3.00856 -0.12246 -19.60669
1.32835 -5.14857 -14.5755 0.5577 -92.38293 -2.29933 0.94822 -2.31757 -1.28073 -19.45596
1.44457 -3.73216 -13.85223 0.14855 -90.40289 -1.71076 -0.88078 -2.30986 -1.84451 -17.96045
