4.15003 2.7292 1.20714 1.12145 1.76023 -1.11284 0.69366 -0.7745 0.13806 -1.03771
2.27665 1.4287 2.38534 1.03532 2.43821 -0.07481 0.81887 -2.27651 1.06761 -0.51093
3.69185 1.92072 1.57106 -1.07195 2.16341 -0.99598 1.12286 -1.85997 -0.3131 -0.40307
3.47339 1.39906 0.6151 -1.8228 2.00484 0.59881 0.77575 0.80252 0.70879 -0.16501
3.58547 -0.00311 -0.24078 0.95144 3.48747 0.68658 0.60729 1.20762 1.21264 -0.0753
3.74135 -0.57708 -1.78677 0.0752 2.5612 0.43283 2.68313 1.07754 0.79712 -1.66413
2.84829 -1.52785 -2.5862 0.65072 4.14188 0.61105 1.07818 1.53779 0.55866 1.44427
2.93425 -0.29244 -3.37815 0.57315 3.92233 -0.43433 1.62181 0.59205 0.67325 1.87531
4.06057 -0.13726 -3.76501 -0.59148 3.35437 0.52404 0.66015 1.7833 0.4175 1.0669
5.101 0.22575 -3.35534 -0.04823 4.35832 -1.06547 2.30468 -0.0395 1.96635 3.36702
2.83566 1.28936 -4.00506 0.5529 3.62185 0.84761 1.52432 0.44126 -0.04241 2.31877
2.23127 1.39411 -3.42615 0.65851 2.56035 0.00506 1.72567 0.62277 1.55216 1.55861
5.81658 2.1575 -3.37516 -0.02759 2.24363 1.38998 -0.7093 -1.34169 0.79921 2.02389
4.94027 1.71432 -2.4028 -0.29932 2.92709 0.73875 0.93923 -2.1402 1.90929 1.13844
5.26782 0.85699 -0.1898 0.48473 3.35089 1.24063 0.22787 -1.99178 -0.44797 -0.22179
4.77143 0.30994 -0.6289 -1.36911 3.13128 0.60988 0.40871 0.4531 -1.11123 1.14764
6.1853 -0.85999 -2.46818 -1.94117 1.74785 -0.3826 0.89725 -0.13155 -1.14256 1.1879
6.25675 0.19995 -1.98465 0.56625 1.50076 -0.89975 1.23635 -0.74561 -0.8989 1.18998
7.09608 2.61357 -2.45446 -0.95819 1.39684 0.14845 -0.6973 0.26752 -1.50671 2.36103
5.62865 0.00795 -2.8447 0.66019 1.1465 2.15168 0.35579 -0.09614 0.22058 -0.02371
4.77882 -0.32838 0.00013 0.31875 -0.01071 -0.9347 0.64893 -0.86638 1.97823 0.96452
3.23158 1.29076 2.00126 0.41916 -0.22161 -0.42218 1.19878 -1.34447 -1.15692 2.42146
4.53379 1.06193 -0.2939 -1.21277 0.861 2.09414 -1.47549 1.98476 0.367 1.30888
3.727 0.36583 0.02784 0.82689 -0.67616 0.76789 -1.28693 1.25352 0.95845 -0.45041
1.72843 0.0514 -0.29529 0.05216 -0.22078 -0.43791 -0.39089 0.32356 -0.60857 0.37775
0.49086 0.81605 0.54058 -1.70258 0.40218 0.59816 0.09809 2.36025 0.46909 2.35717
0.87293 -1.41033 -1.13857 0.07734 0.30055 1.05664 -0.68602 0.27291 -2.3198 0.17875
-0.12261 0.96245 1.32514 0.43085 -0.76781 -0.22514 0.47561 -0.7923 0.49668 -0.74069
0.75288 1.97609 1.38069 1.10741 -1.33193 -1.69726 -1.00048 0.03074 -1.11703 -0.30164
0.21018 0.03988 -0.04236 0.83484 -0.72258 0.85629 -0.01185 -0.37101 -0.76234 -1.98905
0.63714 1.97622 -0.03004 -0.33094 -0.81606 0.45577 -1.40373 0.99579 -0.11905 -0.47362
1.82235 0.39424 -1.38952 0.05807 -0.67259 -2.10611 -0.10388 0.52347 1.53886 -2.5555
0.86321 -0.42357 -1.23753 -0.51098 -0.85921 -0.9438 -0.36689 0.4912 -0.40332 -0.93478
0.36071 -0.20428 -0.72222 0.52742 0.20821 0.00409 -0.46497 1.19104 -0.82863 -0.86501
-1.08985 0.60818 0.54927 0.25322 0.84462 -1.8014 -0.21556 0.09423 -2.17448 -0.14077
-0.6531 0.83376 0.35732 -0.19676 0.56903 -0.89101 -0.89751 1.21122 -0.14636 -0.94946
-2.23488 2.79247 3.32321 1.31455 0.76202 0.12449 0.13566 -0.50429 0.20995 -0.67777
-1.08 1.59277 3.02194 -1.60533 0.42403 1.18819 -1.09408 0.27541 0.61748 -0.02734
-1.43255 0.11158 1.75062 -0.4018 2.14686 1.35653 -0.74987 1.1449 1.59801 0.29724
-1.65771 0.54455 0.52936 -0.05729 1.97237 -0.56458 1.89427 -1.34179 1.2175 0.72642
-1.65674 -0.44587 0.28811 0.18145 2.79915 -0.02655 1.40909 -1.17134 -1.16617 -0.6419
-0.01507 0.24147 1.58139 -0.22786 1.83464 -1.02692 -0.10772 -0.30529 0.56673 -2.29615
-0.02986 -1.4709 -0.36591 0.70208 1.98008 -0.44001 0.23346 0.07361 -0.71801 -2.11726
0.21484 0.95925 -0.3677 1.59313 0.48999 0.20239 0.51965 0.18788 -0.53473 -1.16896
0.33327 0.02395 -0.64707 0.55298 1.37391 -0.27685 0.83353 -2.11235 -0.78718 -1.13783
0.47315 0.57202 -1.66803 1.01583 2.78479 -1.44996 0.48629 -2.11341 -0.6871 -1.24353
1.43449 0.63005 -3.74955 -0.9195 2.60172 0.14348 1.20644 -0.88467 0.86603 -2.05796
1.11385 -0.73469 -2.12975 -0.41451 1.51574 -0.68498 1.62039 -1.93726 -0.48877 0.60446
2.11015 -0.19643 -2.52922 1.19341 3.02851 -0.68956 0.35885 -0.61343 -1.52735 1.7399
1.87785 0.1035 -3.4332 1.97907 2.20981 -0.07287 0.88045 -0.09559 -0.22498 1.23019
0.91566 -0.17525 -3.21066 1.00108 1.54795 2.23595 0.72593 0.38256 0.36147 -0.14979
0.28585 0.27285 -4.06087 0.46605 2.02131 -0.79826 0.23289 -0.67628 -0.59328 3.5363
0.31156 0.11446 -3.18736 -0.46075 1.25406 0.15021 0.377 0.91353 -0.5591 3.07711
0.45608 -0.82 -3.5175 -1.04273 0.76087 0.91137 -0.15591 -1.82167 -1.0016 0.79525
-0.37298 -1.17014 -3.16645 -0.39056 4.01109 1.8338 0.06247 -1.85633 -0.2541 -1.34466
-0.91736 -1.4579 -3.55618 -0.80881 4.27331 -0.96666 1.93417 -1.43522 -0.40847 -1.59118
-0.10875 -0.56014 -2.51056 -0.23793 4.2376 -0.91745 -0.18062 -2.22586 1.36631 1.09039
0.88588 -0.52611 -2.62772 -0.57525 3.37421 1.76835 1.50277 -0.67402 0.92239 -0.62493
0.11193 -0.857 -2.62291 0.65791 3.697 -0.39073 0.555 -0.51952 -2.13229 -0.68768
-1.14467 -0.60547 -3.87814 0.95446 3.93367 -2.33602 2.62346 -0.70583 -1.27991 -0.81126
-1.3223 0.19353 -5.51747 0.65105 4.22466 1.01083 0.98534 -0.81126 -0.49975 -0.0232
-1.72913 -0.40246 -3.10574 0.14224 4.50399 -0.7247 -0.00496 -1.23569 1.43542 0.70371
-1.64673 -0.19902 -2.13899 0.49275 5.30166 2.02841 0.47984 -0.45277 -0.26376 2.48939
-2.0514 0.50168 -1.97093 -0.5684 5.15057 0.04037 0.92825 0.69073 -0.1181 1.07502
-2.82786 -0.73044 -2.8414 -0.29859 3.75716 -0.03151 2.86866 -0.26377 -0.97411 -0.59342
-1.01098 -1.85809 -2.31451 0.1406 2.73401 -0.13213 -0.67523 0.06254 2.60906 -1.01798
-0.00225 -0.27105 -0.85956 -1.41462 1.60478 -0.533 0.55063 -1.36345 0.54455 -0.24514
-0.07146 2.00551 -1.43181 1.46177 2.37015 -0.52711 -1.63548 -1.08235 -0.98906 -1.39748
-0.55965 1.09913 -0.03666 -2.48495 -0.08916 -0.7959 -0.92866 -0.34586 0.44874 0.31663
-1.13906 -1.24183 -0.59904 1.15874 -0.99746 -1.0012 1.06737 1.01598 0.29717 -0.91306
-2.55108 1.55811 -0.01231 0.26165 -0.28893 -1.81354 -1.81646 -1.02965 0.88739 1.79333
-1.9404 1.17634 0.41058 -2.35671 -0.00774 0.11537 -1.42272 -0.09389 0.27115 1.96932
-1.55795 -0.24955 0.35317 -1.55992 0.74635 1.73038 -0.71569 2.31258 2.19759 0.47871
-2.79939 0.12131 1.55187 -0.88979 1.51182 -0.85735 -1.20438 2.52626 0.56287 0.13088
-2.81984 -0.02684 -0.66569 0.88298 3.06592 1.41085 0.27673 2.21056 -1.04036 -0.16744
-2.83503 2.86434 -1.02137 2.70693 4.72936 1.25566 0.37882 0.26991 0.08872 -1.2005
-1.07063 2.669 -2.57922 1.13262 3.17724 -1.09137 1.49375 0.12198 1.67232 -0.10116
-2.05978 1.69771 -3.53774 1.65184 2.39887 1.53402 1.31309 0.19327 -1.76013 -0.7583
-2.70259 0.0411 -2.273 1.44177 2.84221 -0.95882 3.11957 0.39162 1.97504 -0.45372
-3.38553 0.66483 -2.48486 0.39933 1.72039 -0.46654 0.33366 -0.70994 -0.98629 0.22431
-2.5349 -1.2296 -3.4888 1.52342 1.87604 1.80075 0.70167 -1.47101 -0.34736 2.30325
-2.63518 -2.84962 -3.72552 0.20692 -0.05527 1.91961 1.65878 0.73979 2.24865 1.6365
-3.40124 -0.56449 -2.32438 0.98655 -0.85678 2.30075 -0.77403 2.27124 -1.8486 2.34556
-3.28039 -0.44681 -2.8786 0.13533 0.69227 1.40302 0.854 1.18354 1.55564 2.05789
-2.52135 0.72056 -5.36121 0.41046 1.08062 0.39218 -0.68499 -1.07188 -0.52924 1.30971
0.98488 -0.35047 -2.81838 0.96192 0.20384 -1.56647 -0.80342 -0.88707 0.3242 1.64821
-0.73438 -1.76637 -2.13742 1.24829 -0.82609 0.97387 -1.02937 0.93683 -0.05309 0.58431
-1.04652 -1.15597 -0.30514 2.84339 -1.46741 0.3421 1.09559 -1.06412 -0.13808 -0.89304
0.32067 1.53406 -0.07007 -0.67227 -1.1516 -0.27581 2.03338 1.36082 -0.5437 0.03122
0.35069 -1.30156 -1.70865 0.31928 -2.17376 -0.50073 1.59953 0.81687 -0.1457 -0.59337
1.3097 0.14209 -2.64299 0.73203 -2.74643 -0.07463 -0.00119 0.12041 0.87818 0.04592
1.84856 2.57254 -4.03767 1.43449 -3.02239 -1.08088 -0.34567 0.08134 -0.96653 -0.30046
1.47961 1.98484 -4.16458 0.77827 -2.71031 1.32244 -1.25359 -0.42771 1.01835 -2.26023
1.57365 0.9939 -4.29187 -0.68745 -2.19825 -2.21468 0.10438 -0.72304 -1.85105 -2.08119
1.90754 -0.3784 -2.67297 -0.88577 -2.41825 -0.86805 2.19692 0.26165 -1.61799 -0.86276
2.35424 -0.06529 -3.41937 1.00197 -2.89426 1.43307 0.79796 0.33959 -0.27959 -0.90507
1.93386 0.77229 -3.42107 2.08413 -1.75637 -0.83902 0.63467 -1.22581 1.24213 -1.47225
1.35152 0.40368 -2.29101 1.82197 -0.14055 1.03391 1.26178 -0.2412 -0.3987 1.07435
0.66671 0.31221 -2.23517 0.93689 0.28607 0.57538 1.09338 0.27682 0.05104 -0.19987
-0.35006 0.90574 -0.77222 0.82181 0.6841 -0.36995 0.87804 -0.15141 0.24208 -0.08064
0.78286 1.25189 -2.00114 -1.22541 1.8443 1.37599 -1.93503 1.13045 0.30156 -0.73934
0.94113 1.04282 -1.35547 -0.89689 1.93574 -0.85408 1.86355 -0.85771 1.59186 -0.74525
1.63626 1.8564 -3.67666 1.06087 0.9947 0.08705 0.9014 -1.20587 -0.56698 -1.06326
1.66092 0.66223 -4.93959 -0.72319 0.89276 -1.4076 1.70586 2.24774 2.11791 1.94046
0.31136 0.26392 -5.14779 -1.74463 0.35979 1.09162 1.3425 1.65786 1.31382 3.81164
1.33368 2.12603 -3.71226 -3.05478 0.41776 2.472 0.36516 0.62921 0.61209 2.57329
2.30412 -0.15834 -2.29469 -1.31347 0.73499 1.33984 1.29684 0.06563 0.38679 1.9948
2.45043 -0.85482 -2.2156 -0.50058 -0.02915 1.11006 0.66847 -0.22447 1.17481 -0.24832
1.68571 -1.45546 -2.13125 -1.48541 0.07353 -0.5162 -0.03015 0.61257 -1.06935 0.38491
1.27562 0.17206 -0.87936 0.94602 0.4964 0.28304 -0.60632 1.7193 0.86675 0.51015
2.35608 1.15069 -0.30371 0.06567 0.31982 0.55008 -0.53798 1.99224 0.51811 1.52422
3.34406 2.28082 -0.2861 1.24677 1.54865 -0.28576 1.69538 1.13078 -1.1791 0.81409
1.72122 3.30924 -0.27174 0.18576 0.83926 1.22157 0.77503 0.16408 0.58931 -0.04465
0.9785 -0.32271 0.73015 -0.40191 1.65159 0.35001 0.608 1.68048 -1.09529 -2.41536
0.04627 -0.25889 1.81904 -0.33649 0.96079 0.25995 3.05637 -0.48308 0.18394 -2.26203
-0.15601 0.97759 1.09916 -1.11267 0.61257 2.38137 2.35681 -1.0525 -0.18576 -0.7559
-0.39989 0.43623 3.21698 0.4297 -0.18038 0.83093 -0.7755 0.51825 1.00362 -0.25771
-2.03903 0.41148 5.25788 2.44878 -1.07332 -0.11929 0.76084 -1.24081 -0.42843 1.11003
-1.13669 2.14394 4.34043 0.31367 0.32826 0.69665 -0.62677 -2.21106 0.1555 1.30051
-2.12901 1.58933 6.00865 -0.09812 -0.8672 -0.04185 -0.31851 1.11505 -0.18169 1.2217
-2.44715 -1.88079 5.58334 -1.31509 0.9476 -1.16954 -1.15828 0.75391 -0.15414 -1.10472
-2.47785 -0.67174 6.91939 -0.85602 0.11651 1.78915 2.14315 0.37843 -0.10374 -0.95869
-1.47014 -0.3253 4.45057 0.20636 0.80519 -0.18258 -0.11542 0.66078 -0.28843 0.99205
-2.12764 0.00322 4.89276 -0.69729 0.4372 1.2495 -0.03939 -0.50135 0.83072 0.70982
-1.90938 0.25753 4.35678 0.20006 -0.6573 0.92914 1.35726 -2.02141 0.37353 1.98741
-0.49325 0.4054 3.37529 -1.00091 -2.76754 -1.33071 1.2436 -1.33998 -0.57847 1.25977
-0.38428 -1.14543 4.26086 -0.05717 -2.3215 -0.56346 -1.13969 0.22148 1.05587 1.4608
-1.06828 -0.53064 4.99659 -0.35121 -2.15915 1.46236 -0.74302 -0.23138 1.66204 1.58873
-0.71291 -0.14955 3.94027 0.63499 -2.15053 -0.41715 0.35913 -0.86184 -0.26076 1.63608
-0.70739 -0.17378 3.21989 -1.15792 -2.20657 -0.79496 -1.96544 0.26634 -0.65333 -0.81986
-1.42303 1.07354 0.94089 -1.82199 -0.42868 1.21528 -1.06026 -0.97464 -1.30712 -0.8011
-1.04223 -0.87857 0.61917 -0.67817 0.30993 -1.14077 -1.36469 0.79455 0.52153 -1.93032
-2.29117 -0.3041 0.68391 -0.61328 -1.38664 -0.61717 -1.66515 -0.3337 0.4209 -1.41706
-3.8131 1.21265 0.65585 -0.44316 -1.6463 -0.75212 -1.75927 -0.37553 -2.39293 -0.08756
-4.34847 -0.4696 -1.57381 -0.38285 -1.43835 0.55182 -1.81817 0.05962 -0.78425 -0.38851
-4.09685 -0.49458 -3.10005 -1.65542 -2.85645 -1.45801 -0.14707 0.63532 -0.81227 -0.17299
-3.70399 -1.32036 -2.12105 -1.42714 -2.55327 0.07425 -0.66558 -0.14874 -0.63758 -0.36176
-3.46514 -1.40427 -2.17269 -0.16154 -2.13848 -0.04451 -0.1222 -2.40313 0.11587 0.23746
-0.9027 -1.37436 -1.36367 -0.43097 -0.50133 1.85259 -1.96268 -1.17145 -0.06439 -0.00283
-0.67772 -0.34413 -0.80851 0.25222 -0.15975 -0.15669 -2.82357 -1.00639 0.86239 0.23476
-2.11114 -0.82274 -0.05139 -1.43938 -0.73521 -2.7197 -1.61366 -2.08458 0.45635 0.3423
-3.52266 0.08093 0.15993 -0.3565 -2.24898 -1.21496 -0.21705 -0.00584 -0.22327 0.76295
-2.7433 -2.83214 0.75059 -0.70679 -1.84984 -2.19962 -2.00258 -0.16336 1.78179 1.34841
-2.62212 -1.77223 1.30675 -0.50332 -1.9174 0.15995 -2.41435 -0.48359 1.80844 1.6932
-2.19245 -1.46125 2.02825 -1.07831 -1.96615 -0.52 -1.22681 0.40217 1.34483 1.02884
-2.60442 1.4911 2.64744 -0.30865 -1.088 -2.91732 0.98177 -0.01871 0.28637 0.60396
-1.91761 0.85216 0.73637 -0.50058 -1.39264 1.04224 -1.53517 0.21168 2.32327 0.33333
-0.2189 -0.13253 -0.25743 0.75939 -1.54387 -1.57005 -0.96355 -0.9546 1.23029 0.03156
1.41094 0.32872 -0.42114 1.14937 -1.38772 -0.22218 -0.7493 0.84656 0.63497 -0.42894
1.4771 -1.74517 -1.06374 1.09567 -2.02407 0.3899 -1.17718 0.17445 0.96536 -0.54757
1.62829 -0.66468 -0.15203 1.39146 -3.38558 -1.35885 -1.95046 -0.00695 -0.23686 0.78602
2.66221 -1.81279 0.38326 -1.02725 -3.69622 0.31397 -0.09067 2.18286 -0.2331 2.73572
2.54276 -3.13643 -0.06404 -0.2291 -4.55248 0.10511 -2.74255 1.88062 0.52098 1.99654
1.54878 -1.57702 -1.17827 0.14103 -2.58528 -1.64428 -2.89392 0.86286 -0.12504 3.41924
3.58262 1.51844 -2.72753 1.23123 -1.34191 1.37905 -2.65905 0.62442 -0.61012 2.07483
2.78754 1.67023 -3.14745 0.81389 -0.27505 0.37736 -3.47922 -0.51848 -1.28845 0.90497
2.08013 0.33359 -4.24785 0.80591 -3.40788 0.84471 -0.36551 -0.08296 -1.37819 -1.01461
1.90897 0.46518 -2.73992 -0.20359 -3.7145 -2.39363 -0.51927 0.73281 -1.56193 -0.70556
1.69192 2.21751 -2.01274 0.72018 -4.66672 0.36862 -1.56401 -0.30214 -0.07519 -0.00507
2.23195 1.36594 -2.76018 0.99839 -5.35231 0.54662 0.23648 0.33754 0.98828 0.93334
2.37182 -0.13789 -3.88361 -0.13223 -3.94906 1.11965 -1.97108 -1.05377 0.81971 -0.95725
2.22088 -0.23631 -4.12688 0.70165 -2.98034 0.17615 -1.09297 0.44805 -0.34103 -1.7243
1.79852 1.744 -4.16714 -0.62441 -3.07477 0.02859 -0.52233 0.27714 -0.8222 -0.67046
0.54555 0.59573 -4.35171 -0.0733 -4.07288 -0.38292 -0.07216 -0.81493 -0.93669 -1.24577
1.13959 -0.5708 -2.97263 2.24721 -6.00105 -0.89169 -1.84863 -1.70248 1.32503 -1.9996
3.10389 -0.85323 -2.10801 -0.02642 -4.05304 -0.98508 -3.01599 -0.50265 0.72355 -1.88416
2.09411 -0.29478 -1.79908 0.95735 -3.9465 -1.66249 -0.52568 1.24108 0.13009 -2.29964
2.83065 0.91684 -0.63781 0.1934 -5.01418 -0.93414 -1.18025 -0.05279 0.45672 -1.7987
2.1035 0.72402 -0.96316 0.48791 -3.40386 -1.00651 -1.52847 -0.26071 0.51081 -1.02359
3.12126 -0.24371 -2.2844 0.41315 -3.5548 -1.46246 -1.14033 0.19267 0.73726 -0.46663
1.97807 -0.80516 -0.85778 0.85722 -0.75548 -0.33903 0.3626 -0.93279 0.90306 -0.16543
0.9603 1.31325 -2.82163 0.49565 1.15883 -0.90141 0.56395 0.54708 -0.63253 0.50062
1.25747 -1.22896 -3.37992 0.00327 0.00643 -1.59597 -3.20469 0.50295 -0.92966 1.29292
1.27834 -1.02862 -3.38317 -0.4704 0.07994 1.71942 0.0909 1.43357 0.4124 0.9539
2.14682 -1.04923 -3.1376 0.13076 0.05991 -0.0352 1.68503 0.89968 0.69793 0.93852
0.37874 1.50373 -3.39093 0.62772 -1.50695 -1.18905 0.41904 1.15167 0.20219 -0.86604
1.88357 -1.9156 -3.80681 0.33251 -0.25194 1.19803 0.30095 -0.04639 2.54628 -1.43122
1.74369 -0.98346 -2.33883 -0.80577 -0.41626 -0.93823 0.05334 1.66947 0.53 -0.46011
1.83248 -1.35802 -3.46774 -0.86585 0.71742 1.17567 -1.70779 2.69978 -0.33402 -0.37144
2.28491 -1.87858 -4.15272 0.64082 1.32042 -0.46067 0.3872 2.08747 1.38797 -0.88283
2.91525 0.21145 -3.60344 0.34024 2.99736 -1.1403 0.71448 1.36712 0.9826 -0.61716
2.26768 -0.66348 -5.27773 -0.01687 2.76889 0.51388 1.23265 1.54638 -0.59307 -0.78955
1.40848 -0.49395 -6.20156 -2.32454 2.41835 -0.78853 0.65483 1.71872 0.2181 0.3862
1.03639 -1.29616 -5.94202 -1.08598 1.78197 -1.93623 0.9568 0.64414 -0.37328 0.23996
-0.01875 -0.06724 -4.1323 -0.48142 2.15817 -0.70521 1.13756 0.75276 -1.10281 1.15939
0.09831 -0.33935 -4.59093 0.8822 3.097 1.2497 1.30348 0.59455 0.50761 2.31967
0.94809 -2.31402 -3.82903 0.23601 3.30176 1.72689 0.49214 0.05532 -0.19436 -0.20211
1.31966 -2.05753 -1.62661 -0.60018 2.93319 -0.58817 -1.44786 1.45596 0.17698 1.71758
0.43352 -0.30822 -0.57895 0.71154 3.32676 0.10044 0.79272 -0.40182 -0.38308 2.25506
1.02031 1.18202 -1.02712 1.39931 1.35125 0.07591 -0.54859 -1.27898 1.35129 0.79038
0.27972 0.20178 -2.5487 0.45004 0.45636 0.48792 0.66844 -0.34587 2.30225 0.22396
-1.45732 0.56549 -2.44015 -1.87005 0.18276 -1.6186 1.44985 0.02729 1.48633 1.25171
-0.68753 2.12583 -3.33311 -0.23629 1.1189 1.73961 1.45803 1.85646 -0.32317 -0.51322
-0.65614 -0.49876 -3.62227 -0.57682 1.00658 0.86751 3.99751 0.46252 0.79195 -0.2802
-0.76129 -0.52144 -1.59589 -0.60394 -0.47698 1.00202 2.51341 -0.75267 -1.07435 -0.07421
-0.59016 -0.76091 0.50122 0.40629 -1.60938 -0.5881 0.07335 0.39267 -0.38751 -0.24831
1.13182 -0.54641 1.09938 0.89619 -1.62687 -0.17645 -0.68684 0.00485 0.81608 -2.10203
1.28313 1.83783 2.19331 -0.85719 -2.31987 0.2336 -1.32244 -1.61558 0.13839 -0.63369
1.75301 0.45086 0.44494 -0.24977 -1.58764 0.75158 -1.54322 1.0987 -0.30197 0.75109
2.3927 0.29432 0.64342 -1.09894 -1.28058 -0.7597 0.47928 1.74029 -0.1128 0.404
1.70995 -0.87621 0.50822 0.89865 -2.80058 -0.28287 -0.84921 0.38623 -0.40285 0.83921
2.96559 1.74153 -0.01821 0.75253 -2.60621 -0.70602 -0.15012 0.49654 -0.23486 1.81042
2.30775 2.74199 -0.92707 0.50629 -1.54896 2.12666 -2.30473 -0.67252 -0.19651 -0.40695
2.73265 0.56467 -0.92146 -0.10239 -0.68673 -0.64338 -1.34878 0.81512 0.01878 -0.43041
1.97041 0.32848 -0.83744 -1.1662 0.29509 2.14638 0.56811 -0.44578 -0.91765 2.76184
2.6145 -0.63388 -2.57984 0.22039 -0.75825 0.53001 0.88716 -0.06916 -2.26044 2.23399
4.20459 -0.82514 -2.14999 -0.16621 -0.68129 0.50133 0.90253 -2.28343 -0.75044 1.25231
4.06895 0.01491 -1.32124 0.67453 -1.02383 1.412 1.02062 -0.15562 -0.51278 -0.35302
4.58299 -2.17815 -2.25722 0.64006 -2.47155 -0.31727 0.84029 -0.44288 0.21645 -1.29827
4.6789 1.39246 -3.94388 -0.67865 -1.44944 -0.78278 0.38818 0.09176 0.54575 0.36685
5.3326 1.16325 -3.02324 -1.16557 -1.9618 2.1819 -0.15982 1.2011 -0.66928 -0.86404
4.81258 0.18686 -0.94895 -2.82985 -0.71837 -1.30385 -1.24959 0.05962 1.33431 -0.91812
3.86351 0.04354 -1.18997 -2.79927 -1.51057 0.82373 -0.34302 1.75788 -0.6036 -0.7511
4.09529 0.45121 -1.13487 -1.19311 -2.9344 -2.03689 -0.49022 2.54374 -1.58781 -0.53063
4.13248 2.13511 -2.22984 -0.12165 -3.32507 -0.69179 -0.59139 1.65034 0.45399 0.06398
4.27336 2.47461 -1.58037 0.67376 -2.86381 -0.45957 -0.81935 0.67766 0.11868 -2.27761
5.08413 2.56224 -2.03257 -0.39403 -1.65161 -0.83526 -0.72086 0.01849 2.25123 -1.83938
5.80951 1.80786 -1.79396 -2.03742 -2.63675 -1.95694 0.25911 0.36278 1.04691 -0.85744
5.75306 0.12983 -3.1639 0.76218 -2.80069 -0.25232 0.19332 -0.33473 1.00975 -1.3436
6.19285 -0.00103 -2.20424 0.30031 -2.05141 0.59998 -0.50371 -0.45695 -2.01434 0.36971
3.70901 -0.74377 -2.27687 -1.37221 -2.20401 1.83839 -0.69936 1.63075 -2.05215 -0.9841
3.20854 -1.00726 -1.32367 -1.21672 -1.0525 1.14638 -0.52626 -0.38388 -1.285 -0.03213
3.22086 -0.63207 -0.68764 -1.45435 -1.821 0.63952 -1.16067 0.2976 -0.34758 1.89129
1.09414 -2.52964 -1.09114 -0.78946 -2.69777 0.08188 -2.31318 -0.31272 -0.69011 1.15004
2.15538 -1.36664 -1.66748 1.1804 -1.73083 0.2847 -2.18999 -0.6119 -1.19968 -0.25993
1.10888 -0.8936 -1.709 0.87489 -2.0596 -2.29458 -3.03146 -1.5073 -0.57471 -0.3679
0.07103 -2.41698 -1.50502 0.91387 -3.57655 -0.49806 -1.66424 -1.51971 -0.52443 -3.76403
1.15153 -1.52741 -1.33115 -1.36071 -2.69013 -0.43906 -2.04676 0.7017 0.69181 -2.27256
1.37685 -1.19788 -1.20354 0.53278 -2.39366 -1.7553 -1.31407 -0.1743 -0.66236 -0.94768
0.38809 0.84336 -1.55931 -1.07289 -3.62657 -0.19272 -0.78076 -2.08365 -0.95552 -1.34064
-0.46786 1.26194 -1.49777 0.58798 -2.49381 0.33726 -0.10354 -1.69843 -1.108 -1.26436
-1.11051 -0.88482 -0.65474 -0.62518 -4.61034 -1.206 -2.44347 -0.92637 -0.88456 1.42764
0.34307 -2.22137 0.32337 0.22652 -6.71618 0.0221 -1.99912 -1.18178 0.8943 0.27544
-2.83643 0.61843 0.66781 1.02872 -7.58179 -1.94096 -1.91897 -1.83582 0.08673 -1.49939
-2.25292 0.47456 0.41057 -0.095 -6.5204 -0.52206 -2.54134 0.15971 0.03245 0.89178
-3.24013 -0.96297 -0.13361 0.01129 -5.35111 0.80908 -3.003 0.93244 0.30566 1.60762
-4.13447 0.298 1.40168 0.0639 -4.90259 0.59413 -1.09053 0.67794 2.44563 1.07755
-4.37039 2.09738 1.52708 0.15133 -6.08195 -0.62358 -0.49177 1.43904 1.82526 -0.58113
-5.18053 0.52106 1.14932 0.21588 -4.58812 -1.46331 -0.54482 1.87504 2.42345 -1.36155
-4.83344 1.80945 -1.08078 -0.64679 -2.86891 -1.59159 -0.45555 3.32679 0.48105 -0.74927
-4.62023 1.79183 -1.50713 -0.24492 -2.71871 -2.45893 -2.598 1.89296 1.51371 0.06222
-4.51657 1.6821 -1.32447 -0.20017 -2.60289 -1.11841 0.2106 0.75774 0.9055 0.18847
-3.37024 -0.2645 -0.8942 -0.40436 -3.33002 1.16857 -0.52418 -1.65333 -0.40441 0.82916
-4.17851 -0.61348 -0.15925 -1.55793 -4.37802 0.36812 -0.73878 2.14923 -0.65349 2.70075
-3.43391 0.45569 -0.34889 -1.69677 -5.46177 2.12924 -0.5101 -0.38167 -1.5998 0.79281
-3.07093 1.94953 -2.703 0.17871 -5.07509 1.03519 -0.20113 -0.74428 -0.75477 0.2197
-3.2259 1.63824 -2.55058 -0.69355 -5.36108 -0.08972 -2.29608 -2.43554 0.56395 1.11209
-3.278 0.51741 -1.5651 -1.02821 -6.46996 -0.41102 -1.19679 -1.15017 1.33879 0.00446
-2.64384 0.27595 -2.35593 0.65377 -5.38739 0.88496 -1.59073 -0.00571 -1.38042 -0.29446
-2.75906 0.61133 -2.74094 0.30942 -6.13481 -0.23897 -0.73386 -1.03339 -0.49054 -1.42173
-2.20421 0.24059 -3.38646 0.66385 -6.22077 -0.67717 -2.15394 1.13223 -0.95131 -1.89649
-2.20879 -0.03003 -2.04444 0.27067 -6.5336 0.42396 -1.83274 1.34349 -0.5893 -0.1967
-1.64757 -0.67205 -1.9745 -0.72857 -7.1132 0.16568 -2.35447 1.84786 -2.71091 -0.02691
-1.96632 -1.27753 -2.39058 1.18184 -7.53923 0.05154 -2.67508 -0.67297 -1.14216 2.04446
-1.35639 0.8018 -1.41166 1.645 -9.04123 -0.76741 -2.15055 -2.92618 -0.38591 0.63236
-0.66122 0.39489 -2.43382 -1.26584 -8.56195 -1.4862 -2.04169 -1.48366 -2.71253 -0.18883
-0.1923 -2.1306 -3.86129 0.30067 -10.20746 -1.00493 -2.124 0.08768 -1.00955 -1.78277
-1.18219 -0.18255 -3.72805 -0.40183 -10.42875 -1.65324 -2.98561 -1.19548 -0.84096 -1.56296
-2.34143 -0.10001 -2.48616 -0.71186 -10.27938 -1.33108 -2.95395 -1.34124 0.33075 -2.10638
-1.32816 0.26801 -3.14765 -0.46184 -8.30135 -2.58197 -4.58009 -2.21316 -1.01824 -2.34079
-2.10402 0.29246 -2.86531 0.59468 -7.9757 -0.66186 -2.401 -0.36973 0.56996 -3.42767
-2.17691 -0.67745 -3.17384 1.8744 -9.31288 -1.32687 -2.34603 1.09211 -0.0259 -3.65717
-2.05407 1.97754 -3.96498 0.12845 -6.36166 -3.80336 -1.85699 -0.51871 -1.19334 -2.34349
-2.15981 -0.36932 -4.51059 1.12166 -5.17091 -1.08878 -3.32208 -0.6547 -2.3297 -1.62734
-3.8028 -0.02782 -3.32103 0.77685 -7.00841 -1.31837 -3.01823 -1.05104 -0.42253 -0.50807
-3.8871 -0.44287 -2.78588 0.53248 -7.29076 -0.02976 -3.60008 -0.82154 1.20767 -0.52951
-2.62739 0.10509 -2.77683 -1.73635 -7.06599 -0.55708 -1.97037 -0.97072 -0.18893 0.81957
-0.92899 1.42999 -2.81637 -0.15188 -5.61752 -0.43531 -1.84972 0.31261 -1.61926 1.69963
-1.62162 1.25499 -1.22356 0.62182 -7.56262 -0.814 -2.83631 0.60762 -0.69396 2.04704
-3.9801 -0.69218 -2.27791 0.70749 -9.19048 -0.17792 -2.31273 1.27446 -1.05352 0.71153
-4.8487 -0.34645 -3.07114 1.02988 -8.80311 1.1901 -3.60513 1.22485 0.57827 0.34317
-2.78049 -0.26348 -3.10014 0.02275 -7.724 -1.49188 -3.12692 0.63154 -0.13663 -0.12289
-3.31431 -0.80267 -2.23924 -0.09473 -7.48477 -0.94593 -1.6887 1.23881 0.66189 0.07295
-3.74148 1.72958 -3.11507 0.04075 -6.75103 0.57973 -2.57673 -0.54062 0.8903 -1.48496
-1.88816 1.49416 -1.96211 -0.31593 -6.69229 -2.55551 -2.9768 -0.43774 -0.97952 -1.51239
0.65706 0.95923 -2.7957 -0.08211 -8.06706 0.20173 -2.28794 -0.28118 -0.02411 -0.48246
1.45791 0.12309 -2.16315 -0.95214 -8.18201 -1.96972 -3.14684 -1.69461 0.66407 -1.81556
3.28867 2.46913 -3.5961 0.97262 -8.60284 -2.76954 -0.80713 -0.5712 1.10319 -0.73254
2.97548 1.26378 -2.42422 -0.50084 -6.04501 0.52545 -2.15145 1.03952 0.11902 0.79336
2.9147 -0.82422 -1.52639 -0.11588 -5.95217 -0.0832 -0.69911 0.17065 -0.03875 0.71469
2.06758 2.1332 -1.70257 0.06046 -5.80634 0.56894 -1.57647 -1.3539 0.58282 1.02721
0.58773 1.32758 -3.08165 -0.33979 -5.29377 -0.0939 -2.85361 -0.51435 -1.39356 1.56559
0.71339 0.68445 -1.78346 -0.6693 -4.28801 2.01955 -1.11013 -0.49981 -0.18771 -0.06803
1.49417 1.53132 -0.98293 -0.8035 -5.17804 0.67886 -1.88998 -0.69169 0.85078 0.55896
1.24169 0.06314 -1.28866 0.07743 -5.15223 0.96601 -1.61726 -1.6059 -0.27822 -0.01286
0.93975 0.10401 -1.82297 1.20953 -3.26824 1.31492 -1.72612 -1.27436 1.68099 0.03948
0.44395 1.06243 -4.5966 0.26082 -3.19232 -1.72685 -0.05944 -1.41534 0.08381 0.13962
2.64728 -1.59666 -3.79206 1.142 -2.78633 -2.08385 -0.33346 2.36252 -0.13296 -0.40157
0.9431 -1.34422 -3.20822 0.13698 -3.84107 -1.62716 -3.03561 1.2193 0.95467 0.39003
2.74708 -0.70708 -4.02551 -0.32327 -3.89619 0.6346 -0.42253 0.6601 -0.91906 -0.08426
3.87411 -1.45834 -4.69856 0.33075 -4.09781 0.82067 -1.276 1.46269 0.82979 -0.03555
3.95722 0.08209 -4.96617 0.57097 -4.77102 0.61083 -1.93881 -0.82618 1.13208 0.06762
3.98293 0.10388 -3.40639 0.38057 -6.60854 -0.7855 -1.10179 1.99178 0.53273 0.51878
3.82446 0.2705 -3.88065 0.44444 -6.78116 -3.04147 -1.12317 2.01782 -0.16592 -2.85991
5.26472 -0.34432 -5.02442 0.40356 -6.05663 -1.69154 -0.96527 0.19475 0.39034 -1.64203
4.25632 1.59819 -4.19107 -0.26934 -4.9321 -1.75175 -1.71974 -1.07829 -1.11336 -0.76399
2.58216 1.55908 -4.04889 0.52772 -3.50852 0.53669 -0.42189 -0.1494 0.19083 3.15064
0.73994 0.7464 -2.71924 0.14632 -3.37704 1.38358 -0.48331 -1.55445 0.04213 0.77734
1.49444 -1.4824 -3.60707 -0.09658 -2.75118 -0.46086 -1.6388 0.53521 0.43062 -0.24959
3.59447 -1.39274 -3.41161 1.31168 -3.65745 -0.1248 -1.66839 -0.23276 1.39082 -1.23957
