-0.19906 -2.57227 -2.77049 0.97669 1.10655 1.04501 -0.42524 0.85726 -1.44798 0.92456
-0.14757 -1.33533 -3.74923 0.14785 1.80856 -0.06163 -0.17196 -0.55372 -1.06879 0.98803
0.60126 -0.46855 -1.96987 0.81189 1.82249 -1.11132 1.26248 -0.38891 -2.49284 0.6599
-0.06425 -2.07834 -2.38846 -0.27003 2.24809 -0.61528 -1.04591 -1.97845 -1.98302 1.99662
-0.91607 -0.65483 -2.62237 -0.12598 0.6426 0.60261 -0.63172 0.4663 -1.2506 -0.05087
0.39234 0.06444 -0.66162 1.14681 0.84638 -0.58068 -3.34521 -0.49143 -0.85658 -0.14269
1.85738 -0.27022 -2.79394 0.04901 0.95073 -0.71042 -2.7859 -2.5371 -0.13617 -0.15735
2.24457 0.16153 -0.79594 1.20524 2.10658 1.19607 -1.02209 -1.26414 0.17133 0.15041
1.01616 -0.68283 -1.69707 -0.51739 0.96885 -1.16513 -1.93583 -1.82064 1.67186 1.24529
-2.21153 0.4765 -0.30492 1.56222 0.91046 0.63575 -0.38004 -2.57616 1.17352 2.01375
-2.33052 1.42578 -0.97482 -1.68641 1.67813 0.53535 -0.42103 -1.03345 -1.88138 -0.24887
-2.81012 2.61067 -0.5789 -0.94979 2.31892 0.50312 -0.03609 -4.04538 -0.52701 -2.59428
-4.84413 1.76061 -3.37701 -1.09302 1.93117 1.25869 -0.44463 -5.18002 -0.63219 -1.05418
-5.1922 1.48996 -0.08263 -0.37488 1.17726 1.06541 -1.39521 -5.04819 0.37933 0.83788
-6.37299 -0.59039 0.08977 1.62976 0.14476 1.74662 0.27218 -3.16833 1.0759 1.03701
-7.32644 -0.96723 -2.27536 -0.28073 0.00551 0.50766 -0.69669 -1.39243 0.19882 -0.01423
-9.16573 0.00992 -2.58994 -0.27041 0.14041 1.15614 -0.45099 -3.42932 -0.51553 -0.62736
-9.03113 0.45752 -4.23394 -0.61472 -1.3443 -0.78615 2.79455 -2.83082 0.80742 -0.64243
-9.73204 1.06216 -4.75047 0.19226 -2.28341 -0.97383 0.21757 -3.13488 -0.28569 -0.03387
-10.14421 0.22864 -5.79228 -0.95922 -1.37765 -2.48728 1.59236 -3.39543 -0.55781 0.13555
-11.28571 0.37754 -6.03594 2.07501 -1.03783 -2.71032 0.18846 -3.84802 -0.1971 0.14261
-12.04037 0.47744 -6.33582 0.90662 -1.44212 -1.22369 -0.90074 -4.4991 -0.51937 -1.27369
-14.2921 0.918 -7.49917 1.38324 -0.79185 -2.44939 -0.50785 -3.35925 0.26629 -3.11644
-14.54224 1.75044 -7.40188 0.8449 -0.85273 -2.87579 -0.56672 -2.00325 1.36682 -3.30442
-14.74361 2.69837 -9.89877 -0.33224 -0.90118 -3.30654 1.17687 -2.18448 0.74493 -1.87394
-16.71611 0.65 -9.56852 0.2474 0.65966 -4.5883 -0.06037 -2.09091 0.44574 -1.32984
-17.48825 1.52154 -11.18675 -0.33364 -0.10477 -3.31145 -1.20239 -2.03114 0.65662 -2.73296
-17.709 2.48347 -11.82093 1.04982 -0.96885 -3.29383 -1.36971 -1.10415 0.14755 -3.19534
-19.02989 2.14433 -12.34857 0.09014 -1.49768 -3.32245 0.58148 -2.63044 -0.77244 -1.00866
-17.99932 1.42737 -11.68915 0.10236 -2.78336 -3.52632 0.0596 -1.5621 -0.36436 -0.30772
-18.29926 2.11461 -13.00574 -0.30515 -3.62293 -3.11046 0.03585 -1.7134 -0.45049 -0.37544
-18.39512 0.78513 -13.28659 0.03937 -1.60706 -4.35554 -0.19014 -2.59418 0.26925 -0.61252
-17.37446 1.37217 -13.18401 -0.02158 -1.26239 -5.35465 -0.67987 -3.26339 0.37405 -0.75605
-16.10521 1.02253 -12.07989 -1.76012 -1.26245 -4.31058 0.12529 -0.87513 1.30631 0.59399
-17.05267 0.54019 -10.98255 -0.00589 -1.15307 -4.92713 1.40879 -0.91704 1.2758 1.78039
-18.50827 -0.20676 -9.43018 -0.92509 -0.92606 -4.53698 1.55926 -0.62885 -0.00934 3.32601
-19.79442 -1.45717 -10.04829 0.0619 -0.59046 -4.49334 0.75893 -0.59799 -0.96724 3.03747
-19.43147 -0.05234 -10.19503 -0.14721 -1.62543 -4.72129 1.47561 -2.10924 -0.12973 1.86899
-19.81509 -0.25132 -8.97637 -0.93948 -2.71262 -3.70004 1.85584 -1.93519 -0.6922 1.11493
-18.90449 1.16461 -7.96168 0.37361 -3.387 -4.82539 -1.53896 -0.04264 -0.35449 0.92702
-20.79144 0.2766 -7.43996 -0.70693 -4.08383 -5.37109 0.22259 0.80463 -1.48215 1.24854
-20.76367 0.72303 -6.1186 0.84428 -1.59712 -6.18876 -0.52158 1.99721 -0.0335 0.71517
-20.12949 -0.63623 -6.63605 -0.59419 -0.79239 -4.2174 0.04782 0.69445 0.92562 1.04949
-19.99678 -1.27142 -6.78156 -0.00064 -0.85709 -5.77576 -1.60187 0.1678 0.73754 -0.35549
-20.18946 -2.28334 -5.81357 0.207 -2.07911 -5.51231 1.15534 -0.22443 0.46683 1.15302
-19.42767 -2.13116 -5.33848 -0.92852 -1.70362 -4.50154 -0.20896 1.2203 -0.33045 0.41388
-19.69594 -2.49773 -5.81561 -0.1338 -0.784 -5.99512 -0.80014 0.61166 0.9901 -0.45406
-20.79941 -2.89989 -5.2175 -0.37134 -2.56293 -4.90029 0.31534 0.92354 -1.23205 -1.54693
-19.32265 -2.90351 -3.88768 -0.18097 -0.40968 -5.17095 -1.43938 1.014 -0.47905 -0.86472
-18.43223 -1.77399 -4.71443 -1.61695 -0.23119 -4.63014 -0.51318 1.22971 -0.9282 -0.44314
-19.11263 0.2694 -3.72651 0.53797 0.18355 -6.83315 -1.52876 -0.59319 -0.40728 -1.167
-17.3493 0.14898 -4.42548 0.09968 -1.574 -4.84618 -0.20026 0.68665 -0.70253 -0.67638
-16.22728 0.65822 -3.76438 -1.50776 -1.48894 -4.0355 -1.89115 3.01735 -1.84504 -1.88642
-14.44802 1.42123 -2.8779 0.58792 0.47726 -3.74887 -0.35379 3.34444 -0.22721 0.30986
-13.56751 -0.09194 -3.84344 1.05833 0.56651 -3.81273 0.0318 2.50354 0.0365 0.35219
-11.57775 -1.21394 -3.91335 -0.48994 -0.25422 -4.44306 -1.51749 1.22156 0.62279 0.8733
-9.39123 -1.06811 -1.1085 0.53438 -0.07426 -3.21648 0.54632 2.88086 1.91581 1.8571
-9.7808 -0.05445 0.07396 0.17837 0.44393 -4.92743 -0.70603 4.01216 1.18804 1.64642
-8.09732 0.96404 2.42871 0.08291 -0.40636 -3.56334 -0.06711 3.31803 0.8045 1.37899
-5.94933 0.58198 3.59537 0.08092 0.67778 -4.01635 1.7318 2.58219 1.30973 1.96169
-4.43902 0.07151 3.58099 1.15751 1.27253 -1.09412 -0.64618 1.78114 0.79877 -0.00793
-3.51104 0.38596 4.19458 0.55979 2.24175 -2.33329 -0.16394 2.59273 0.93463 -0.46282
-3.93244 0.96546 5.84529 0.64234 4.08521 -3.11166 -0.20355 4.71107 0.5885 -0.20631
-2.8593 1.44327 7.10761 0.83406 2.7201 -1.67018 0.07326 4.3773 2.66657 0.8826
-3.87077 0.74369 6.74578 -0.12093 2.79787 -0.88304 1.26541 4.72941 1.39061 0.73427
-2.42557 0.75911 7.29029 1.18891 1.94364 -2.97478 0.64825 5.71319 2.84839 1.32602
-1.59459 1.40655 7.50255 -1.71646 0.45455 -3.29143 1.09809 4.34431 1.62175 0.01508
0.5792 1.61103 8.07628 0.48095 0.19259 -0.67829 -0.83136 4.61663 2.05136 1.00755
4.49349 1.32656 9.63139 0.56737 -0.81773 -1.27282 1.18069 4.89304 2.54412 0.927
7.20371 0.06196 11.21713 -0.38916 0.04028 -0.56418 -0.19391 6.73005 1.07472 0.40328
7.80079 0.77362 9.94703 -0.73593 1.92593 -0.58762 1.04827 6.1666 0.60421 -0.04527
9.54407 0.92036 12.74785 -1.63556 1.97999 -1.77918 -0.84199 4.95224 -0.27832 -0.85338
9.18745 -0.6808 14.11169 0.57892 2.55541 0.7049 1.0124 4.50622 -1.93423 -1.89827
8.61211 -0.61836 13.76708 -1.77735 1.94101 2.43857 0.77114 5.37878 -2.4495 -2.50007
9.11724 -0.122 12.99061 0.63412 1.44752 3.08717 1.00681 4.98122 -1.64041 -2.96632
10.29194 0.33319 13.46666 1.47885 0.71909 1.69461 -1.98297 4.35915 -2.08625 -4.09666
9.50878 -0.13301 12.37929 0.11964 0.97032 2.74883 -1.1071 3.79672 -1.16872 -3.32217
11.03566 1.47108 12.5285 -0.27297 0.02829 2.04644 0.72508 5.83462 -1.65947 -1.27776
11.9153 1.29942 13.93207 0.36309 -2.28225 2.44155 -0.43491 2.81063 -1.4299 -3.0247
12.24172 0.32801 12.08707 0.41867 -3.12842 3.30964 -1.7087 1.84433 -0.6443 -3.92692
11.83721 1.25721 13.45687 -0.91519 -1.94558 1.45698 -1.57328 2.24185 -1.55842 -2.64393
13.46244 -0.51682 14.82066 -0.97023 -1.25238 2.59656 -2.00664 1.73764 -2.16791 -4.13234
12.83745 0.0772 14.28748 0.21961 -2.6595 2.02666 1.95689 0.18767 -0.93432 -3.40475
12.39733 0.2712 11.83456 -2.7552 -2.47743 3.27274 0.64038 0.89487 -0.07285 -2.96243
10.73344 0.44837 10.03121 0.0876 -1.97382 4.0758 -0.87755 0.13227 -0.44799 -0.98429
9.5581 -0.83361 9.50379 0.15933 -3.24129 4.04302 -0.38232 1.20391 -1.93001 -2.51756
9.81355 0.20306 7.75399 0.70676 -4.05052 3.6664 -1.97988 0.58734 -2.10831 -3.45769
9.73194 -0.93318 5.00455 1.1106 -5.24966 4.49571 -0.8955 -1.48698 -2.17105 -1.73212
9.27334 -1.93228 4.88117 -0.76863 -5.35532 2.30061 -2.40092 -2.67621 0.16743 -1.22239
9.14212 -2.26368 3.73509 -0.7157 -5.85411 1.94447 -2.09219 -2.84127 -0.62774 -3.01756
8.09337 -0.88018 1.53093 -1.12243 -4.7069 2.14854 -1.9731 -4.7989 -1.29091 -1.78581
7.05916 -0.97537 -0.04224 -0.82075 -5.37864 1.62629 -0.92558 -4.2197 -0.69297 -2.56744
6.23736 0.05028 -1.26249 0.5244 -4.94025 2.14522 -1.35984 -4.02042 1.22736 -0.40047
3.63271 -0.20699 -0.67969 -1.35755 -4.38247 2.96436 -1.29076 -1.80546 0.45295 -0.57815
2.28811 -0.19429 -0.99375 -1.55591 -2.1418 2.22783 -0.81871 -1.16112 -0.29167 -0.27067
0.9464 1.61846 -1.54968 -1.59544 -2.54675 1.42291 1.45684 -0.67682 -1.79254 -0.77352
1.42382 2.36976 -4.01388 -0.16467 -1.81231 0.9651 0.03007 -1.93041 -0.20719 -2.53252
2.35141 -0.03908 -5.16762 -0.07888 -2.02736 -0.31402 1.76522 -2.58186 -1.881 -0.64333
1.10127 -1.28127 -4.0897 -0.47012 -1.41328 0.60113 0.20046 -2.94418 -0.81957 0.36701
0.03008 0.74922 -3.14106 -1.40622 -3.00194 -1.24844 -0.22368 -2.7662 0.3754 -1.38459
-0.82596 1.09763 -3.37132 1.99841 -4.64381 0.61304 -0.2947 -1.446 0.15832 -2.13393
-0.9696 0.54909 -5.5705 0.55337 -5.05418 1.46624 0.66158 -0.55893 -0.23284 -0.66248
-0.53106 0.35646 -6.18855 -0.46746 -4.02916 1.67504 0.32733 -0.38542 -1.11016 -2.07944
-0.97464 -0.63314 -5.09356 0.48484 -4.21875 0.52991 -0.19648 -1.11329 -0.16865 -0.87483
-0.87199 -2.69531 -5.37572 -1.16297 -5.87067 -0.16618 -1.64868 -0.28797 -0.74349 0.07143
0.15655 -1.3054 -6.71065 -0.66265 -4.65921 -0.78237 -0.92637 -0.72875 -1.76306 -0.09433
1.14605 0.46675 -7.11223 -0.43008 -5.33584 1.7676 0.21994 -1.96984 -0.4787 -0.66407
0.71993 1.05789 -8.20769 -0.23772 -4.93876 0.23201 0.35661 -3.43115 -0.59474 -0.26712
0.32383 -0.0001 -7.36131 -0.81057 -3.44807 -0.15305 -0.05795 -2.75766 0.39078 1.60594
-1.22731 1.34365 -5.25863 -1.3333 -2.656 -0.19394 -1.00694 -1.37666 -0.54823 -0.38056
-3.0979 1.77143 -3.23007 1.29455 -3.24398 1.21067 -0.9974 -1.48215 0.271 0.01808
-4.06625 1.38377 -4.52971 1.32676 -2.84543 1.0385 -2.15305 -2.02927 0.21526 -0.98647
-4.01362 -0.07912 -3.78675 -0.78966 -1.14972 1.10035 -0.74206 -1.99232 0.1516 -1.03714
-2.63962 0.21986 -4.95332 0.56241 -1.78847 -0.93089 -0.34168 -3.62777 0.64345 0.59466
-3.42086 1.98678 -3.62938 -1.50697 -1.10272 -0.98976 1.44613 -3.80432 2.13799 -1.13476
-4.63582 1.96043 -4.83793 1.54559 -0.28163 -0.9878 1.91694 -3.40126 1.70144 0.80192
-4.48288 1.53056 -5.41624 0.81564 -0.27401 -2.89363 1.87876 -2.32809 1.49049 0.45555
-5.55972 2.00593 -5.74387 -0.94953 0.55742 -0.06182 0.64013 -2.66483 0.10531 0.3004
-4.91291 -1.27863 -6.95699 -0.8727 1.04975 -1.34801 1.445 -2.68838 -0.95344 -0.26773
-5.76974 -1.02906 -6.85393 -0.02318 1.28657 -0.79562 1.42543 -0.9758 -0.59728 -0.09937
-6.63592 0.41725 -8.35608 0.54174 1.49139 -1.67312 2.5975 0.0963 1.5293 0.83268
-6.40814 -1.01745 -7.25553 1.21982 2.00564 -0.91562 2.31148 -1.23856 1.02788 0.54146
-6.54606 -0.15947 -6.55979 -0.13333 2.51374 -1.84937 1.5173 -0.57527 1.71925 0.68791
-6.42305 0.42592 -8.77012 1.1425 2.26959 -1.69744 1.11999 0.37398 -0.10523 -0.55888
-5.70905 0.15094 -9.12321 1.2201 2.20454 -3.52049 0.2035 -0.78048 -0.65572 0.17463
-6.36845 1.62746 -8.49258 0.94783 2.12129 -1.44582 -0.86352 -2.51984 -1.22191 -0.62793
-5.10559 0.26631 -7.83755 -0.68411 3.55485 -0.81695 -0.96953 -3.40197 -2.43401 -1.75777
-4.64867 -2.14267 -8.30215 -0.32917 2.78233 -0.37116 -2.03262 -3.44762 -2.81387 1.97601
-4.20954 -0.46782 -5.8617 1.39113 1.50483 0.30838 -1.61721 -5.03899 -1.87845 0.68785
-6.146 -0.74509 -5.87108 -0.00978 0.46423 -2.13271 -1.25698 -4.54526 -1.55123 -0.48053
-5.5312 1.53784 -5.53087 0.6001 0.17049 -2.19192 -0.2951 -5.46112 -1.91294 -0.6362
-6.09991 0.18029 -4.42599 2.2339 1.73305 -3.54334 -0.3697 -4.27927 -0.63949 0.58661
-7.04708 -0.54838 -6.36749 -0.11302 -0.71188 -1.42397 -0.30404 -3.37085 0.16382 2.26858
-8.71118 -1.82198 -7.71066 0.78836 -0.51413 -2.33688 -2.16693 -3.32048 1.68077 1.89049
-11.47483 -1.69406 -8.47777 -1.03937 -0.83926 -0.26069 -1.44368 -3.08055 0.85315 1.19866
-12.18519 -1.13847 -7.7314 0.20557 1.29559 -1.56549 -1.14075 -3.23183 0.98082 0.26259
-12.97813 -0.32109 -7.94225 1.37572 0.67474 1.05274 0.01516 -1.48359 -0.06961 0.61167
-12.41158 0.00635 -9.48477 -1.40167 -0.03663 -3.25007 1.41915 -1.11394 2.10491 0.65909
-11.81744 -0.21536 -8.24259 1.85052 0.84733 -2.48627 0.80665 1.41021 0.7029 1.25285
-11.39969 0.32614 -8.22411 -0.50821 1.71001 -3.70785 -0.32441 1.90322 -1.5641 1.34842
-11.30684 2.48977 -6.62184 -0.3592 1.24162 -3.04869 0.62138 0.85844 -1.97855 -1.36689
-9.68197 1.11636 -7.06588 -0.72634 2.55505 -2.4616 1.12099 2.23895 -1.11659 -1.06977
-7.76537 1.02079 -6.3589 0.06109 2.48968 -2.867 -0.29177 1.548 -0.2178 -1.93854
-7.86213 -0.10136 -6.7516 -0.3622 2.87747 -3.09906 -0.4281 0.30357 -0.31783 -1.511
-6.76446 1.58112 -5.7114 1.08992 0.8295 -1.23824 -0.25766 1.09334 -0.2517 -0.39107
-6.6493 1.89229 -5.39555 -1.04565 0.39966 -1.66697 -0.93998 0.97268 0.4383 1.18273
-7.30712 1.29919 -4.79117 0.82812 -0.24436 -2.46844 0.33584 2.31593 0.63071 -0.2642
-8.25887 1.81679 -3.57298 1.07657 0.53205 -1.48546 1.3103 2.93986 -0.56551 2.42175
-7.29092 1.76777 -3.50405 0.81543 -0.0355 -2.72698 -0.84125 2.32798 -1.28683 3.26465
-5.36034 -0.23057 -2.70939 2.59874 -0.77521 -3.33977 0.99851 1.00111 -0.89894 3.23517
-4.40345 -0.43236 -2.78518 1.34149 -2.19806 0.25864 1.46545 1.17292 -0.75868 4.13951
-3.41959 -0.0247 -2.18905 1.00709 -1.13084 -1.24318 0.78635 0.08893 0.98418 2.92259
-4.49051 0.84422 -1.03795 -1.59778 -1.44613 -1.51926 1.22699 1.87103 1.45301 1.44805
-4.65459 0.11438 -0.02941 0.51109 -0.35853 -1.87628 2.40284 1.23902 1.33136 1.13314
-2.05616 0.02653 1.14101 -0.4598 1.50261 0.02411 1.12004 1.97013 1.01121 -0.00372
-1.29037 1.37378 2.79004 -2.20314 3.51403 -1.18812 0.39118 1.77897 3.25296 -2.19914
-1.58844 0.67562 3.34326 -0.39699 2.277 -1.81704 1.78511 2.5094 2.54637 0.68489
0.63943 1.00172 3.6114 -1.04887 2.25454 -0.35491 1.61054 3.46155 2.26162 0.61239
1.78596 0.41997 4.19739 1.26018 1.65376 0.54593 2.56703 4.32368 1.12736 1.51161
2.28816 -0.35467 2.75375 -1.2731 2.6883 -0.77832 -0.15681 1.68474 1.69 1.96782
2.9665 -2.43554 1.62797 -1.29641 0.08471 -2.05942 -0.41192 3.92604 0.3753 1.47002
5.63656 -2.1105 1.35236 0.14903 -0.7151 -0.6359 1.65866 5.86197 0.0714 -0.25527
4.95489 -1.47138 1.63114 0.9404 -0.46112 0.01643 1.62388 5.32633 -0.26865 -0.16572
3.28503 -0.85789 2.02088 1.29026 0.94601 -0.54341 0.31983 5.45208 -2.82577 -2.08133
5.01854 -3.11056 2.15642 -0.16761 -1.1654 0.78506 1.13523 5.57534 -0.17985 -0.36311
5.12261 -1.10098 2.2276 -0.69337 -0.41224 1.69694 -0.26589 5.1646 -0.28365 0.00353
4.28344 -0.42144 2.64185 -1.12145 -1.64464 1.24603 -1.84283 4.1049 2.4659 -0.13134
6.43104 -2.26556 4.35375 -2.00647 -0.72008 1.2503 -0.66622 4.04129 2.23011 -1.01151
5.85368 -2.81961 6.67007 -0.21538 -1.79918 1.81904 -0.98524 3.64231 0.78172 0.96259
5.89739 -0.95233 7.26985 0.17797 -1.1639 1.57666 0.51681 3.15978 -0.19726 -0.00772
6.58995 0.19738 8.83403 0.87155 0.77005 1.35022 -0.90668 2.23646 -0.1064 -0.58281
7.37161 -0.15834 8.64597 1.64652 0.01014 0.99675 0.97316 1.86686 -0.18695 -0.35936
8.82336 -2.70002 6.78535 0.14165 1.92667 1.45083 -1.70272 -0.07401 -0.86922 -0.18979
9.69701 -2.56104 6.62837 -1.60301 1.26859 2.14095 -2.14336 1.61854 -0.29763 -0.68347
10.06728 -0.84736 8.61169 -0.48092 1.03667 0.83193 -1.65886 2.84426 -0.54439 -0.56849
8.89646 -0.50091 7.40883 -0.03522 -0.19384 2.4794 0.77478 2.08984 -0.765 -1.36137
7.59312 0.971 8.55991 -0.44814 0.8787 1.31065 -0.6615 0.71028 -0.74358 -0.46964
8.10411 0.35148 7.6725 0.8496 -0.34378 2.22963 -0.11659 -0.82111 -0.55615 -0.03165
9.44299 0.40008 6.78683 -1.53455 -1.90081 4.56127 -1.71217 -1.43255 -1.01583 0.10288
9.10739 1.20485 7.33988 -2.10376 -2.01985 2.04759 -0.47233 -1.80641 -0.72682 0.37733
9.84517 1.2459 8.50274 -0.51487 -1.13372 0.51068 0.29068 -2.92181 0.01454 0.95781
9.24918 1.42051 7.30532 1.14699 -1.47615 0.93372 -0.81695 -0.81598 -1.33197 1.84399
7.26826 1.58626 6.95404 -0.33608 -0.29881 1.95742 0.49297 0.01227 -0.15967 1.02747
6.41427 2.51865 5.87651 -1.61188 -0.54497 1.63364 -0.15715 0.49023 -1.41458 0.98331
3.92486 1.94116 6.05317 -0.30563 1.39593 1.09812 -0.34598 -0.25816 -1.36329 0.39946
4.70107 2.24263 2.7387 -0.33118 -0.46465 1.58955 0.89392 0.51987 -1.73817 1.87458
5.12313 2.43123 2.80524 -0.00611 0.35722 1.73262 0.11583 0.09798 0.15016 1.42372
5.28072 -0.82776 2.47609 0.79801 1.56734 2.94724 0.73624 0.33979 -0.84162 2.05964
5.62601 0.79325 2.24294 -0.13352 2.66666 0.7167 0.06438 1.16113 1.94029 3.6344
5.45452 0.75282 2.13996 0.18183 2.28166 0.91637 0.56297 0.85181 0.43052 3.82203
5.04838 -0.12601 2.56315 -0.73536 1.29797 0.93866 -1.35751 1.35545 0.28219 2.46909
2.68806 -0.91581 3.60248 -0.57686 0.05766 0.20417 0.77727 0.87779 -0.52329 2.76179
3.15612 1.09258 6.23541 -0.04282 0.29264 0.79729 -0.83319 0.68902 -1.36113 1.33573
3.3552 0.52938 6.01302 -0.31148 1.79848 0.64235 1.0169 -0.90733 0.27036 2.83179
4.181 -0.53135 6.94204 1.33848 1.62664 0.93938 0.27617 -2.05769 1.85702 3.19499
2.47224 -0.72212 8.31274 1.5816 1.51698 0.74938 1.06952 -1.61771 1.19077 3.01872
3.36147 2.19712 9.5141 0.88951 0.94784 1.85996 0.05249 -0.53529 0.89423 3.2193
2.17769 -0.05966 8.69777 0.81239 1.42033 -0.36395 0.27806 -0.00628 -0.6266 3.05321
2.09897 -0.47492 7.55484 0.52063 2.71976 1.30652 0.33692 -0.79481 -1.03318 2.60345
0.88124 -0.89814 8.10049 -0.64693 3.58216 1.52275 -0.56291 -2.06477 -0.40369 3.53107
2.78802 -1.10599 8.30773 0.63158 5.80674 1.01114 1.74911 -1.42606 0.71333 1.88454
2.83378 0.24203 6.74721 -0.94328 5.26734 0.70954 -0.58016 1.39688 1.43958 1.17862
3.25324 2.054 6.33768 -0.01124 4.19922 -0.18502 -1.64867 1.66676 0.57919 1.33633
1.25491 3.47083 6.47708 -0.30948 4.77401 -0.39931 0.33055 2.47139 2.15039 1.71048
2.33216 1.89476 7.02761 -0.69543 5.19047 -0.60492 0.94386 3.40034 0.42946 1.58766
2.27052 0.17811 4.29397 0.45299 6.17806 -0.24649 0.34677 2.27403 1.04798 1.11481
1.06081 0.17107 3.66457 -0.27579 5.69275 0.63343 -1.18324 4.47595 0.45832 -0.13471
1.58287 -0.48477 3.32585 -0.644 5.47214 1.12663 -0.46918 3.37911 0.44203 -1.53948
0.92479 -0.49934 4.3553 0.79065 5.77428 2.18549 2.24367 4.08445 0.25863 -0.95003
4.30075 -1.55392 5.18945 0.7114 6.59412 0.06092 1.59081 2.67159 0.78076 -2.25763
6.4249 -0.32162 5.85079 -1.00337 4.93273 -0.73322 -0.49911 1.67852 3.12029 -2.47998
8.08991 0.89277 7.92611 0.25962 4.72269 1.10332 -0.91654 4.70985 0.43971 -2.32911
8.57067 1.03859 8.43952 1.93566 4.61697 0.86418 0.28503 5.73252 0.2911 -4.87779
8.1322 0.60432 8.43385 0.51169 3.40129 2.45684 1.5306 5.62193 1.28536 -3.23942
9.5245 1.43974 7.5851 0.76134 1.75095 1.72241 0.1586 3.85261 0.8503 -1.3323
9.22769 -0.00683 6.03137 0.07679 -0.49017 0.66795 0.69104 4.65754 0.89112 0.63382
10.38717 -0.66002 5.54312 1.46418 0.69199 1.1909 0.30239 4.26734 0.20876 0.95304
12.05567 -1.49807 7.15318 -0.18346 0.28351 3.78628 1.65992 4.3942 0.27632 0.9442
12.38385 2.56372 7.59065 -0.07485 -1.7302 1.69729 0.93173 3.66619 0.57472 1.27311
12.00736 3.16668 6.97317 -0.3384 -2.03799 2.20671 2.0645 2.60715 2.57568 -0.56184
12.71272 2.03104 7.98676 -0.96306 -0.84761 2.80966 -0.02298 3.58799 0.93979 0.35206
13.65722 1.9929 7.05334 0.65759 -0.72035 4.29433 0.6925 3.5709 0.83611 0.2456
13.92779 1.86932 7.56951 -0.83911 -0.17783 2.02637 -0.11458 3.78064 -0.27483 0.70744
14.74028 -0.72451 6.72745 -0.3795 0.12213 3.15917 0.77139 3.07261 0.25271 -0.47516
13.29235 -0.01251 5.75633 -0.23422 1.07345 3.28587 -0.34074 2.53416 0.00796 2.37424
13.51829 -1.63361 6.74499 -0.73347 -0.36928 3.36546 1.07179 2.24569 -0.64716 3.73224
12.33206 -0.25861 7.91782 0.60347 0.34325 2.57771 1.7936 2.40135 -0.54451 4.4697
11.77942 1.10228 6.71095 1.14114 -2.04427 5.40078 1.24021 2.83333 0.77781 1.99801
12.0337 0.20043 9.88231 1.76291 -0.17704 3.98703 -1.40811 4.22847 1.28668 2.00786
13.89234 0.5503 10.23915 0.25965 0.54359 3.08698 1.24538 6.30071 0.37497 1.66734
15.0094 -0.85877 11.22721 1.84673 2.1486 1.73005 -0.32631 6.27342 0.49492 1.36221
14.7711 0.56879 10.52712 0.36188 0.04534 2.64994 1.61113 5.77095 0.92133 1.27391
15.2679 -0.43057 10.2782 0.66789 0.00925 2.57066 -0.10629 4.29987 0.86511 0.53583
18.24394 0.54018 10.48703 -0.13999 1.07225 3.96574 -0.5237 2.57263 -0.00066 -0.45421
17.85951 -0.31591 11.88168 -0.59916 0.65587 4.61231 -0.40948 1.52423 -0.4504 -0.61288
18.42419 0.20663 12.34614 -0.6726 2.04534 4.22558 -2.5028 1.07426 0.53166 -1.43549
18.4499 -0.20265 12.87204 -0.85918 2.40432 2.54315 -1.82346 1.53427 -1.08304 0.43975
19.97335 1.37691 13.20295 1.62044 2.90311 2.44362 -0.07752 1.04872 0.44595 -0.21877
20.95474 1.0017 13.36999 -1.9226 1.57758 5.47827 -0.88009 1.52504 1.16226 1.15574
20.02812 -0.41749 11.67948 1.83192 0.20444 3.90377 0.25575 -0.89359 -0.52674 1.32312
18.91985 -1.84843 10.70749 -1.44774 0.37747 3.55193 1.49055 0.06099 0.86647 1.3439
18.77007 -1.61387 10.19913 0.31105 -1.47647 5.05067 0.1437 0.72937 0.73989 0.36804
15.67323 -1.92487 8.94799 -0.81523 1.22517 5.51864 1.10649 1.73957 -0.51281 2.04785
16.68983 -0.36892 8.4354 0.11759 0.3937 6.8751 0.83656 2.8642 0.40706 1.55909
15.13512 -0.74471 7.4486 -0.77336 1.59087 4.19107 0.05277 2.20549 -0.20469 2.07934
15.01715 -1.14913 7.40373 -0.24147 2.27697 3.81061 1.83859 1.00331 -0.60519 1.79671
14.36395 -1.58907 7.74951 -0.37536 2.99751 4.22746 -0.37487 -0.02524 -2.48261 1.77912
14.16244 1.17295 8.66772 -0.67715 1.34599 4.00441 -0.43645 -0.64268 -0.82803 3.53941
14.0065 0.65827 8.79138 -0.23498 1.79484 2.63524 0.14278 -0.82806 0.32001 3.0509
13.02699 0.16914 8.68823 -0.65958 1.60321 2.91061 0.28985 -0.98149 -1.50406 1.80186
11.24399 -0.4982 8.25429 -0.2163 0.7981 2.63685 -0.35233 -3.60648 1.23568 0.42717
11.03358 0.80689 8.81836 0.95691 1.59297 5.33075 -0.0652 -2.83388 0.74833 -1.02057
9.99391 -0.32938 9.56138 1.89483 1.63795 3.37997 -2.21644 -1.52498 0.38028 -1.54061
7.88065 0.67693 8.35717 -1.23741 1.40341 2.30238 1.25158 -1.58946 0.86775 -0.9021
8.26296 0.53795 7.36531 -0.40772 -0.13394 1.34251 -0.70482 -1.16227 0.01648 1.12597
8.25707 -0.10595 4.8749 -0.65063 0.93976 3.35875 0.38095 -1.72128 -0.53771 1.09804
8.34732 -0.62147 4.78636 0.67617 0.95539 2.65545 0.08782 -2.25192 -0.71071 0.07231
8.52434 0.88059 2.68042 1.52185 0.09314 1.31135 -0.98279 -2.74573 -0.53723 1.87149
7.92947 -0.70257 1.02778 -0.86904 -2.16792 5.529 -1.50272 -1.56195 0.83993 1.67414
6.5952 -1.90324 0.90922 0.11732 -2.319 2.65929 -0.06366 -1.03376 1.83901 0.48959
7.36115 -3.00119 0.32471 -1.69691 -1.77745 1.80945 -0.76874 -0.61333 2.02166 0.30533
6.65001 -1.9524 1.08311 -0.50263 -0.49687 0.63105 0.16319 -1.67082 -0.08038 -0.22398
5.87262 -0.75295 0.07954 1.65611 0.25952 2.26518 1.533 -0.69414 0.14868 0.56076
4.42602 -1.55208 -1.27494 0.72155 0.01618 1.90363 0.07928 0.05839 0.47173 0.14367
1.71018 -0.31066 -0.6257 0.75761 -1.00416 0.70478 -1.1247 1.80893 -0.93539 -0.46687
-0.18541 -0.53862 0.38858 -0.6846 -0.81119 1.17199 -0.02281 2.40583 -0.1241 -1.01939
0.6358 0.33335 -0.67053 0.59082 -0.75053 1.17972 -1.73487 2.84301 -0.08672 0.12603
1.83291 0.63846 0.49507 0.96526 0.77203 3.51936 -1.59078 2.10506 0.66611 0.93453
2.16684 0.21421 0.83204 -1.70066 1.89332 2.50157 0.31488 0.88478 0.37018 1.28757
1.2415 0.17961 0.0212 -0.7119 0.91996 1.57503 -0.40522 -1.68611 -1.10608 -0.0227
1.72516 0.25222 1.16934 -1.2115 1.26279 1.53934 0.95512 -1.06956 -0.03956 -0.31093
1.15806 1.865 3.36767 -0.01016 1.31105 0.59253 2.27081 0.19471 -0.99581 0.69849
-0.10312 -0.44728 1.79121 -1.1477 1.79191 0.47006 -1.20928 -1.06433 0.08568 -1.52942
0.20109 1.06387 2.602 -0.48398 1.53962 -0.50473 0.93244 -1.43101 0.71123 -0.03512
0.67749 2.1673 2.77405 1.02993 2.35547 1.26375 -1.49365 -0.92096 1.05704 0.73347
1.43828 1.79969 3.65328 -0.37214 1.11255 0.27163 -0.05823 -0.6605 0.84609 1.6777
0.28067 0.55971 1.1835 0.08192 1.42459 0.25911 1.49135 -1.28906 2.20379 0.04021
-0.97315 -0.55814 2.43908 -1.27496 1.36597 0.58807 -0.09637 -0.5224 0.81246 1.15551
-1.30007 -2.70265 1.02382 -0.79378 1.63299 0.01921 -0.48472 0.70005 0.07873 1.89951
-1.39089 -3.4067 1.01584 1.07696 -0.2497 0.24774 -1.57623 0.98652 -0.59792 2.09223
-2.1455 -1.32069 -0.15697 0.54024 -1.21749 0.54014 -1.78244 0.21709 -2.1413 2.85997
-2.00907 -0.36379 1.79337 -1.66261 -1.50088 -0.66248 -1.28896 0.86186 -1.41299 1.73499
-1.90667 -0.32832 1.17495 1.2271 -2.09608 -1.10485 -0.77922 -0.78524 -0.42675 2.30518
-1.54897 0.52988 2.91518 0.33804 -1.57275 -0.39417 -2.96205 -1.66645 0.76896 1.99457
-1.42262 0.585 4.38503 0.97587 -0.29192 -0.05711 -2.16847 -3.10849 -0.86561 1.82418
0.94892 0.93937 5.24807 0.56532 -0.57611 -0.22087 -0.54253 -2.85241 0.38968 3.08763
1.66863 1.42864 3.98906 0.85625 -1.74026 -0.30901 -0.22617 -2.57193 0.35705 1.0647
0.1774 0.9549 2.9661 -0.91395 -1.75173 0.54925 0.34947 -3.1987 3.21936 1.63256
-1.71936 -0.08303 3.34585 -0.90557 -0.1768 -0.27992 1.11719 -2.14508 2.45308 2.17556
-2.23352 0.34294 0.67593 0.47962 1.01173 -0.37553 0.81258 -1.56328 3.07603 1.69041
-2.62683 -0.26107 1.64871 1.83668 0.78508 -0.00951 1.3365 0.08151 0.38205 3.71798
-3.87288 1.44953 1.97755 -2.29072 -0.16107 -0.57864 1.057 0.78726 -1.08131 2.52156
-3.41249 0.3014 0.46063 0.16752 0.48326 -0.20053 -0.73283 -0.38396 0.12736 0.88178
-3.53306 0.35191 0.20584 -0.23735 -0.77863 -1.04553 0.28633 1.19082 -0.68281 1.11166
-2.53525 -0.25004 1.89036 -0.53718 0.23143 -1.47753 -0.17913 2.47266 -0.61849 1.76493
-3.54699 -1.3263 2.97998 -0.42252 3.75194 -0.33669 3.4348 3.01393 0.25884 0.15128
-2.45864 -0.60433 3.95071 -1.1572 3.95437 0.10251 0.59167 2.65113 -0.36518 -0.06102
-1.57589 -0.16084 3.1656 -0.82133 4.23517 1.94302 -0.35389 3.56801 0.67067 0.70449
-0.11409 0.45994 5.93383 -0.17149 3.41054 -0.63269 -0.47437 3.92729 1.6614 -0.03241
-0.4491 -0.57632 6.85018 -1.01561 1.39344 -0.45495 1.21489 4.30574 2.01627 -0.66299
