-38.02361 -3.79175 -0.22276 -0.46124 1.29726 0.83086 1.28868 -1.39799 -0.40308 -12.96502
-40.91275 -1.64993 0.9024 0.95755 1.12913 2.52338 1.04407 -2.76593 -0.54694 -11.21594
-42.39853 -0.9526 0.07481 0.90117 -0.39412 3.40419 0.17123 -2.89755 -0.03241 -8.38823
-42.66962 0.66445 -0.99939 -0.28193 -1.74799 -0.29667 -0.19111 -2.66232 1.5002 -8.24335
-42.77364 2.13306 0.9787 -1.05221 -1.76265 -0.40967 -0.25905 -3.75501 0.26834 -8.82791
-43.07396 2.77995 0.25362 -0.34222 -0.39355 -1.0895 0.28466 -3.68809 0.09694 -8.3764
-44.99617 2.99181 0.44122 -0.9119 -0.00112 -1.06686 -1.61469 -3.71021 -0.3186 -7.30577
-45.24147 2.51646 0.39832 1.16849 0.36277 -1.22933 0.37455 -3.24704 -0.37075 -7.76813
-46.97412 1.74815 -0.32857 0.10327 1.50909 -2.32795 -2.00165 -1.53946 0.6793 -6.64265
-48.02998 1.22329 -1.26014 -0.64828 0.75512 -3.17976 -1.54353 -1.22577 -2.44666 -7.52615
-48.96105 0.64007 0.28398 -0.91595 0.15673 -2.47314 -2.08042 -0.99585 -0.9661 -8.8128
-50.4213 1.80915 -0.23538 0.65704 -0.72071 -2.43244 -1.33687 -1.19172 -1.06821 -6.56684
-48.03411 1.15762 -0.62017 0.37735 -0.52121 -0.18136 -1.23494 -2.02543 -1.59525 -7.84541
-48.08184 1.57225 1.48855 -0.76422 -0.54248 0.7304 -2.68714 -3.11285 -1.28225 -8.31667
-48.69365 1.0608 -0.22206 -0.71297 -2.77161 0.55045 -3.63349 -4.86824 -1.54032 -8.19475
-49.15034 0.71607 -1.58363 -0.15254 -3.68337 -0.62117 -2.47153 -6.96089 -0.35473 -9.24819
-50.51997 0.68603 0.59836 -0.35665 -2.55021 -1.4368 -1.51654 -8.24774 -0.45622 -8.23405
-51.03106 0.07922 0.20438 -0.76598 -1.98713 -2.92867 -0.12669 -8.9226 -1.41916 -8.23782
-53.1475 -0.49877 0.51755 -1.47106 -1.2629 -3.66103 -1.03547 -9.51393 -3.15443 -6.56238
-54.28257 -0.42337 -0.70444 2.2672 -1.16768 -2.0942 -0.82173 -8.95105 -2.24128 -3.74484
-55.84629 -0.39813 1.41655 2.73818 -1.68234 -2.7209 -1.35272 -10.00845 -1.58217 -2.7897
-56.66369 -0.58121 -0.21116 0.5686 0.3083 -1.16983 -4.79163 -9.52634 1.04387 -3.49216
-56.96229 -0.59064 -0.194 1.48812 0.09793 -1.63391 -4.98514 -7.55334 0.13619 -4.73244
-57.75117 -1.68409 0.32417 1.21057 -0.28198 -1.72454 -6.73603 -5.40113 -0.76682 -7.60366
-59.04373 -0.46408 0.75391 0.6567 -0.42796 -1.91509 -7.17685 -5.30497 1.4622 -9.50936
-60.81717 -1.36708 0.57585 -1.5407 1.52666 -0.48514 -6.43552 -4.90044 0.22222 -11.72283
-62.52706 -2.83921 -0.67245 2.36201 1.24067 -0.91258 -6.0474 -4.51117 -2.97547 -11.61002
-63.28832 -4.04421 0.10659 0.66894 0.56377 -0.36874 -5.34686 -5.3022 -2.84176 -10.68894
-63.07213 -4.52041 -0.51375 -0.21092 2.18443 -0.36754 -4.92491 -4.58895 -1.20562 -13.11302
-65.17245 -6.42669 -0.14113 -0.78455 1.18187 -1.24145 -5.73622 -4.68023 -2.03618 -12.38829
-68.14182 -7.95891 -0.49346 -0.05046 0.46213 -0.32302 -5.04535 -3.07087 -1.23324 -13.62676
-67.83435 -7.51333 0.59549 -1.38444 0.37458 -0.1738 -4.12326 -2.94089 -1.40245 -13.09209
-65.98821 -6.05824 0.33586 -0.11082 0.43812 0.52064 -3.27605 -3.64823 -0.14846 -13.37112
-68.88435 -5.78791 -0.3096 0.19406 -0.7031 -0.15111 -2.53909 -5.10938 -1.3086 -11.30339
-67.38631 -6.80209 0.98922 1.52401 -0.68503 -0.31076 -1.54061 -4.91257 -2.19794 -10.94827
-69.62022 -6.12794 1.09623 -0.30466 0.2788 -0.88202 -1.33269 -6.48011 -1.63695 -11.85419
-69.13484 -4.7835 0.12645 0.8526 1.18095 1.09216 -1.52765 -7.62719 -1.00317 -11.57199
-69.4033 -2.98949 -1.26584 -1.09206 0.96273 3.28232 -0.99449 -6.30886 -1.24754 -11.74364
-69.84261 -1.12268 0.84232 0.54794 0.47248 2.851 -0.10491 -6.34074 0.12371 -9.982
-68.9811 -2.99303 -0.34204 -1.08107 -0.50287 1.67338 -1.12826 -5.89146 -0.70189 -9.98315
-69.06986 -1.92009 0.02048 0.04484 0.69289 1.78285 -1.44559 -6.54739 -0.31368 -9.01625
-69.93437 -2.65313 -2.21917 -0.37878 -2.19194 0.47452 -1.2737 -6.6605 -0.3393 -9.08289
-69.69892 -2.35157 0.00039 0.03045 -1.89815 1.47 -0.60269 -7.82967 0.36737 -10.49604
-72.40929 -1.46924 -1.04212 1.21349 -1.39817 1.54049 -1.01584 -6.70222 -2.26043 -10.85991
-73.80955 -0.90083 -0.22172 1.13657 -1.49021 0.48406 -0.82497 -6.11986 -1.53313 -9.40241
-74.2746 -1.11277 -1.33108 1.59667 -0.06284 1.37729 0.76911 -6.76252 1.36712 -9.73001
-76.7794 -2.23925 -1.2017 0.87345 0.45381 -0.16425 -0.08542 -5.4188 -2.33659 -9.23243
-76.87867 -1.73888 -0.90421 -0.60689 1.01944 1.14402 0.59019 -5.16053 -1.11691 -9.05404
-76.09514 -1.06484 -0.81301 2.0565 0.77956 1.72853 0.96538 -4.69546 -1.12975 -7.32704
-76.28018 0.1482 -1.5077 -2.09412 1.12221 -0.21398 0.49575 -3.68919 -0.16564 -7.15635
-77.176 0.29676 0.73691 0.3784 0.3139 0.66219 -0.69526 -3.45465 0.30397 -5.05873
-74.69169 -1.35906 -0.41248 -2.87035 0.79579 -0.56561 -1.63309 -2.81276 1.04013 -5.29381
-74.15466 -1.85161 -1.38576 -0.72203 -1.32918 0.15472 -1.52807 -2.41367 -1.27468 -4.52537
-70.64188 -1.2937 1.20383 -0.25765 0.39296 2.15553 -1.96683 -3.02823 -0.54088 -4.21815
-69.11284 -2.17066 -0.0968 -1.15698 -2.47874 0.33511 -0.40531 -4.13197 -0.51943 -4.60929
-69.14338 -2.93689 -0.26943 0.32204 -3.10355 0.17856 -1.67609 -4.55726 -0.01169 -4.35216
-68.51972 -1.80816 -0.67122 1.982 -1.55967 -0.53715 -2.35599 -4.61776 -0.84546 -4.40083
-66.53387 -0.90402 0.16981 -1.86854 -2.5203 -1.40018 -3.01405 -3.61143 0.513 -6.88636
-63.48717 1.0244 0.37262 1.6707 -4.03778 0.50729 -2.57363 -2.48492 0.61789 -8.95067
-62.85431 -0.5141 0.03952 1.10132 -2.53062 0.78425 -1.81931 -1.6581 -1.16596 -10.97533
-63.82353 -1.18294 -1.48514 0.12568 -4.24251 0.99152 -0.99826 -2.29017 -0.36476 -11.33499
-64.42005 -1.3293 0.89403 -0.19494 -4.15014 1.10662 -2.79285 -3.25088 -1.1855 -11.30637
-63.91636 -1.29245 -0.00471 1.00753 -3.23675 -0.31784 -3.5213 -3.77002 -1.04062 -13.74763
-65.24361 -3.18077 0.26032 -0.21659 -3.46642 1.44099 -1.53168 -5.07442 -2.69461 -15.38035
-67.87099 -3.34885 0.63429 -0.86255 -2.38142 -1.01821 -1.42952 -4.49223 -1.97344 -15.59852
-68.86021 -3.19509 1.13422 0.40164 -0.82561 0.00331 -3.13641 -3.57944 -1.93865 -15.55487
-69.91463 -3.55467 -0.30508 0.31531 0.68422 0.76935 -3.8809 -1.7184 -0.39015 -16.50811
-73.02619 -1.84576 1.25933 -1.3626 0.24409 1.17777 -4.0468 -1.01085 -1.26677 -16.66665
-75.09073 -3.00041 1.02704 1.0396 -1.44908 1.11819 -4.12197 -1.00472 -0.53006 -17.26899
-77.12702 -3.60187 -0.84395 0.2784 -0.82023 0.18251 -3.93645 -1.07616 -1.07894 -17.76031
-77.15559 -4.10199 0.7931 -0.1122 0.20189 -0.17938 -3.90752 -1.74251 -0.62942 -19.71944
-79.38206 -3.67434 0.6128 0.18284 -0.86298 -1.25831 -3.76005 -3.05378 -0.88398 -19.14578
-80.66326 -3.61206 -1.16004 -0.00752 -1.46836 0.80818 -2.93932 -2.7443 -0.34905 -19.48919
-79.58195 -4.74538 -0.58504 2.10218 -2.57405 0.96223 -2.20598 -4.34438 0.03958 -19.63601
-80.61828 -5.88521 0.26814 -0.69865 -2.55184 0.58069 -1.74272 -5.19128 -0.50378 -21.58052
-82.28281 -6.16842 -1.41391 0.38578 -0.69483 0.31782 -2.6481 -4.07755 -2.08158 -21.31535
-83.34297 -4.70682 0.20602 0.31342 -1.23943 1.60497 -3.5794 -3.99806 -1.78568 -22.06494
-85.93971 -3.84564 1.62256 -1.01757 -1.35224 1.64746 -2.1066 -4.34164 -2.88348 -22.43364
-86.91843 -4.68198 0.93551 -0.22609 -0.72589 -0.92441 -1.47226 -5.23792 -0.5575 -22.82854
-89.3117 -4.27516 0.16008 1.25234 0.70031 -1.26753 -0.32869 -4.18966 -0.55983 -21.21327
-91.52342 -4.22331 -0.3007 -0.28725 0.88281 -1.90942 1.09032 -3.14771 -1.59891 -19.87951
-92.99224 -3.86029 -0.79827 1.74213 0.87387 -0.88752 -0.04378 -5.94427 0.42686 -17.37715
-94.52708 -4.24026 0.20838 0.75486 -0.11775 -0.80339 0.62654 -5.00656 -1.67952 -14.42243
-95.25315 -2.16664 -1.05247 -0.54045 0.14898 -0.34387 0.11379 -5.36722 0.69161 -13.69396
-94.02962 -0.6426 -0.07949 -0.80447 1.21359 -1.65645 1.93413 -4.02011 0.39216 -12.33715
-93.33603 -0.09675 -0.90087 -0.49216 1.69082 -1.60059 2.36791 -6.32861 -1.07072 -12.84274
-92.08501 -0.82143 0.17997 -1.49741 3.16246 0.59944 3.06389 -6.85079 0.91365 -9.41083
-90.29983 -1.2715 -1.94074 0.26965 1.91023 -0.24434 3.76273 -5.79826 -0.36522 -5.91214
-89.42273 -1.14047 0.13667 1.63181 1.59084 -0.45581 3.53957 -7.03654 1.09874 -5.28078
-88.12233 0.18991 0.26441 -0.68284 -0.13804 -0.39541 2.28806 -5.93813 1.67171 -3.92867
-86.77322 1.45842 0.72207 0.01803 0.07744 -1.64472 0.10475 -3.67335 1.43132 -4.53586
-85.6852 2.15538 0.1405 -0.74314 -0.00733 -0.34958 -0.2831 -3.83542 1.5938 -3.39245
-84.76717 1.71813 0.0085 -0.07912 0.0091 -1.73274 -0.01181 -2.81656 -0.17126 -2.25859
-81.18087 2.34417 1.52742 0.30247 -1.45296 -1.13897 -0.04096 -1.70831 -0.56318 -0.53872
-78.29696 1.33661 -1.54234 -0.62427 -2.30204 -0.95707 -1.03475 -0.38952 0.52244 -0.16663
-76.17714 0.94058 -0.16773 -1.71698 -0.77713 -1.79766 -0.77071 0.52216 -0.36703 -1.6842
-74.68018 0.63147 0.76442 -0.02968 -0.72553 0.19511 -0.02985 -0.98249 -1.09228 -1.44001
-72.10623 1.60262 -0.79992 0.53843 -0.87632 -1.69638 -1.25672 -0.55009 -0.9122 -2.42668
-69.95298 1.23335 -0.87456 -0.46265 -0.52822 -1.38495 -0.26903 -2.53883 -0.37032 -2.39709
-66.02179 0.82055 -0.41882 -1.00712 -0.57366 -0.97221 -1.32051 -2.82892 0.96988 -2.71707
-63.99707 -0.63278 0.95977 0.23308 -0.95373 1.1724 -0.78733 -2.68975 -1.86024 -3.80232
-61.41021 -0.29873 -1.15759 0.23489 -1.71416 0.76988 -1.70314 -2.97747 1.20591 -2.65995
-59.18369 0.94869 -0.18467 -0.67056 -1.59647 1.27526 -0.3735 -3.47657 -1.02609 -4.94401
-56.90829 -0.09137 -0.62172 -0.61973 -1.69993 0.96617 -0.93077 -5.03198 -0.04911 -5.22415
-55.70972 -0.32945 -1.11632 0.10685 -0.65985 1.21223 -0.96764 -4.8949 -0.08887 -5.12944
-54.30935 -0.2782 -1.63863 0.39239 1.62449 1.00812 -1.10072 -5.11526 -0.71674 -5.65434
-54.50225 -1.22689 0.3762 0.37073 1.61154 0.09885 0.59329 -5.43439 -1.59814 -6.0495
-53.0219 -2.12806 -1.38533 1.09307 0.86796 -1.24086 -0.8033 -4.41577 -0.59033 -5.24386
-52.43853 -2.5062 1.12215 0.35762 0.13633 -0.96197 -1.54422 -3.75687 0.91558 -3.46547
-50.34833 -1.26819 -1.01968 0.76228 -0.63975 -0.22738 -0.68904 -3.32919 0.53048 -2.85612
-49.79861 -1.59645 0.45007 -1.75032 -0.51722 -0.45342 -0.08475 -4.19742 -1.50276 -4.64045
-49.44411 -0.57172 -0.80578 0.66422 -0.27257 0.16595 -1.30193 -3.69235 -0.61864 -6.0785
-50.10757 -0.4095 -0.83802 -0.72822 -0.47267 -1.46528 -0.4571 -3.57715 -0.60918 -7.74124
-50.84392 -0.94026 -1.03287 -0.46445 0.29991 -1.63723 -1.40717 -4.84764 0.4499 -7.15847
-51.73916 0.91492 -0.32917 -0.43555 -0.34668 -0.27367 -3.4632 -4.5352 1.70416 -7.70449
-54.45241 1.10012 -0.85025 1.31191 0.45274 -0.97608 -4.052 -4.8126 -1.32687 -8.14758
-53.50148 1.41671 1.18027 0.15881 1.11997 -0.4543 -3.42973 -5.54169 -0.76589 -6.76424
-54.53902 0.40142 -0.42058 0.09951 1.91115 -1.21327 -3.42903 -7.3055 -1.24016 -7.11401
-53.18474 -2.97301 -0.61458 0.95985 1.97489 -0.42642 -2.36091 -6.5095 -1.97165 -6.68409
-51.86375 -4.85112 0.36924 -1.52283 0.16708 -1.10801 -3.19113 -7.67355 -0.94972 -5.75785
-51.99201 -4.51338 0.06064 0.55639 -0.16275 -0.01033 -3.45372 -6.32927 0.49941 -6.83356
-54.22272 -4.39545 -0.23681 0.70181 -0.91308 -0.18343 -3.4741 -6.1618 0.30285 -8.98034
-55.76486 -2.97638 -0.53433 -0.74243 -2.92037 0.04596 -1.68324 -4.98539 -0.44019 -7.33605
-56.89385 -3.19083 -1.03247 -0.33308 -3.14652 0.42101 0.26977 -5.10182 -1.48553 -8.07203
-56.94601 -3.17948 -0.22245 -1.12724 -1.97877 -0.20526 0.94754 -5.47846 -2.37316 -8.83475
-57.54252 -3.33305 1.78948 0.10206 -1.75516 0.14643 1.77326 -7.17298 -3.19315 -7.53927
-57.27702 -2.6017 -0.66782 0.7127 -1.82687 -0.71302 1.63308 -7.83006 -1.2239 -7.63799
-55.24562 -3.56799 -0.55629 -0.89625 -2.51101 -0.99943 1.90149 -7.46898 -0.30183 -7.14844
-54.42544 -4.06792 -0.76787 1.06757 -3.90393 -1.22438 2.56189 -6.83655 -0.11504 -8.84973
-55.77744 -2.75274 1.17006 0.6255 -4.82281 0.40697 1.11539 -7.16795 1.57112 -9.17243
-56.50388 -2.3236 -1.16969 -0.06182 -4.61748 0.58 2.2469 -6.11198 0.01012 -9.36548
-57.01601 -0.95733 0.89139 -0.85337 -5.02355 0.65444 1.41428 -6.59115 -1.05413 -7.70289
-55.54908 0.6216 -0.24989 0.53318 -5.85115 -0.8297 0.87521 -6.47305 0.54089 -8.18259
-57.02927 -0.87508 -1.27491 -1.26098 -6.8801 -0.19549 0.17175 -4.89309 -2.19583 -8.63405
-57.03801 1.21699 0.20036 2.69428 -6.12378 -0.99408 -0.59057 -5.15491 -0.6801 -9.21108
-59.1729 0.47706 0.72671 -0.70523 -5.43876 -0.73849 0.82888 -4.22142 -0.966 -10.37891
-60.40516 -0.02897 -2.5392 -0.24148 -3.48771 -0.84221 0.64824 -5.74932 -0.63733 -11.57224
-61.87347 -0.05543 1.25099 -0.79486 -2.71104 -0.71162 1.77402 -4.81376 -0.57557 -10.65464
-62.12866 1.04903 -0.1784 1.39217 -2.67884 0.31764 1.89276 -5.65155 -1.10151 -10.33278
-64.06153 1.45378 -0.14053 -0.89072 -2.37088 0.23887 2.29932 -4.72496 -1.22532 -8.72026
-65.84922 0.78342 1.0661 -0.07222 -0.762 0.45532 1.08461 -4.99613 -1.27654 -9.19378
-64.75213 0.87184 0.00314 -1.16542 -1.19263 -0.01135 0.85548 -4.56696 -0.57798 -8.93633
-65.14116 2.23982 -0.31645 0.82153 -1.22014 -0.2309 0.71312 -2.94373 1.12257 -8.20798
-64.53036 0.84979 0.34726 0.12702 -2.35107 0.56619 0.88678 -3.94978 2.3171 -8.44113
-64.90566 1.5771 0.42319 -0.2797 -1.61068 0.03086 0.44491 -0.85997 -0.88824 -9.46852
-65.76722 1.55745 -2.129 1.8332 0.20922 1.04701 0.4833 -0.84341 -1.72966 -9.28897
-65.9362 2.26019 0.06286 -1.97385 0.42439 1.05064 -0.23541 -0.97071 -1.56117 -8.69604
-66.37296 1.54641 -0.05275 0.69566 1.63185 0.34101 -0.53236 -1.60936 0.1505 -9.26499
-65.43054 0.74603 -0.52548 -0.30694 1.94444 2.49719 0.2916 -1.76341 -1.31417 -8.21263
-65.10925 -1.6499 -0.48062 -1.40493 1.21541 3.31728 -0.15907 0.12948 0.34924 -9.84363
-64.04704 -1.56394 0.24971 1.06704 1.12335 1.31536 0.69922 -0.38047 -0.07867 -8.04479
-63.18122 -0.30458 0.79663 0.52134 0.36329 1.13893 0.27346 -0.73625 0.83537 -6.96893
-62.55501 -0.08024 2.40762 0.84891 -0.60472 -0.34204 0.08748 0.28701 2.11121 -5.81227
-63.11316 1.6811 0.16489 0.57948 -2.17502 -0.61877 1.69741 1.01145 -0.49392 -4.7729
-61.15895 0.22613 -2.54852 1.3224 -1.63032 0.65695 2.07375 0.4168 0.0201 -4.24992
-59.72486 0.5724 1.50196 -2.08256 -2.75496 1.25352 1.04804 1.22174 2.55861 -3.57036
-58.50526 -0.16826 2.14845 -0.90698 -1.79439 0.90273 0.95568 3.54396 0.34279 -4.52321
-55.8385 -1.0565 -1.50147 1.00712 -2.11529 -1.54259 0.40423 3.81551 -0.29749 -6.54816
-53.3556 0.21727 -0.20181 1.48113 -1.86119 -1.81731 3.08077 4.74337 -0.98699 -7.34423
-49.92425 1.70429 -0.73513 -0.02524 -1.11824 -0.99269 3.1254 3.52858 0.46238 -7.88056
-49.58577 1.52369 1.20817 -0.45482 -2.56371 -1.6172 2.0403 4.21753 0.49193 -8.16143
-50.29152 2.9674 -0.16493 -2.49277 -2.21208 -1.63751 3.06651 3.58746 -0.48738 -8.32299
-48.54345 4.0095 0.2486 -0.94771 -2.49659 -1.49666 4.13743 3.67501 -0.74875 -7.61392
-46.49229 1.9701 -0.08528 -1.66739 -3.21321 -2.97285 3.09258 2.11151 -0.10455 -7.39442
-45.22972 1.1082 0.36698 -0.58527 -2.73216 -0.65328 1.86908 1.65293 0.42837 -5.73814
-43.99383 2.07315 -0.56521 1.06189 -1.67781 0.73204 3.85146 3.32667 1.36786 -6.22849
-44.02332 2.2162 0.68473 0.64119 -1.8342 0.1385 3.04317 4.74714 -1.62627 -4.07276
-41.37303 0.53466 -0.31665 -0.08016 -1.64686 -0.25475 4.17174 3.2143 0.00193 -3.97779
-39.51886 -0.32444 0.12032 0.51927 0.31241 -0.9839 3.33489 1.38882 -1.12709 -2.29086
-39.53069 0.72268 -0.52737 1.19835 0.91136 -0.26232 2.98133 3.17253 2.44084 -1.96798
-36.3038 1.22179 0.91773 -0.38189 -0.75684 0.2995 5.08495 2.2416 -0.51549 -0.80539
-33.45252 2.49312 -0.02867 -0.53839 0.218 0.06813 5.95145 1.58267 -0.09673 -0.32222
-31.62067 4.47542 -1.40006 -0.93261 -0.90953 0.56537 5.8838 0.63708 -0.2768 1.87692
-30.30539 2.97532 1.203 -1.26218 -1.12853 0.79522 6.0353 -0.5165 1.51848 2.67637
-28.03003 3.50321 0.20321 0.63736 -0.76055 -0.58672 6.37331 1.35881 1.87544 3.25538
-26.25589 5.05849 0.38696 -0.9451 -0.20629 0.69992 5.48951 3.00361 0.47239 5.8881
-23.09915 5.57874 -1.05977 -1.21797 -0.14186 2.12151 7.17841 2.20164 -0.34907 5.61356
-20.58263 5.56324 1.10467 0.9713 -0.93474 2.95081 6.48012 2.85474 3.28473 6.57321
-18.13244 6.00823 1.32254 0.18665 1.23155 1.68048 4.94689 3.9579 1.51156 8.36759
-14.34106 7.12215 -0.00361 0.76436 0.23418 -0.34056 5.79254 4.04561 1.79412 9.48082
-10.48506 8.46272 -1.91492 -0.86739 -0.68634 -1.15819 5.58849 4.81183 2.88181 11.14167
-9.46336 7.08569 -1.1781 -1.77076 0.83233 0.89102 5.34281 6.29728 2.99612 13.33699
-4.01637 7.27838 -0.62492 1.07033 -0.1327 1.46403 4.8586 6.70985 1.22948 14.05293
2.25133 7.86665 -1.79126 -0.44264 0.89061 0.2432 4.73747 6.72302 2.89738 13.73136
6.75778 8.61841 -0.01792 2.12619 1.10129 1.81923 3.22311 6.94043 0.37556 15.07241
12.16245 7.41579 -0.94599 -2.0184 1.76296 1.80884 3.10615 6.87634 -0.26495 14.08069
16.98923 6.45299 0.50399 -1.27557 -0.48193 -0.39243 3.19388 7.57096 1.95661 14.43743
22.06185 6.33674 1.22077 -0.12896 -0.66674 0.80118 3.29608 7.92786 1.07138 14.24125
25.52267 6.04395 -1.96301 0.65246 1.36958 -0.92619 3.9347 7.36088 0.8066 13.39172
29.89636 6.10951 -0.818 -0.75476 1.39454 1.48584 2.8795 7.82131 0.72708 13.8972
32.76892 6.4573 0.96706 -0.8443 2.66856 2.38208 2.21119 6.0532 0.69734 14.92366
35.61723 7.05851 0.59895 0.62972 2.31097 1.07462 1.62311 6.72922 0.02194 14.12313
39.89577 7.77583 0.37613 1.3564 2.45589 1.15236 2.84493 5.27695 2.46073 14.84123
43.42535 8.11013 -1.1548 -0.79053 2.13383 1.2418 2.80107 4.4176 1.64876 15.97085
46.13428 6.16629 0.18323 -1.15246 0.82178 0.70644 2.82624 4.88694 0.54196 17.07169
50.30068 5.95911 -1.77297 -1.65642 1.64904 1.31451 3.62928 5.47452 1.06399 17.92525
52.61821 5.44207 -2.11981 -0.14846 2.61943 3.18577 2.99069 4.19661 0.3252 17.32408
55.64587 6.75603 -1.44811 -1.3453 2.58813 2.3307 3.05636 4.03234 1.16504 17.8413
59.22164 6.0546 1.60432 0.04034 2.75049 -1.02011 3.77749 2.23631 0.47045 17.065
59.7919 5.33622 0.35759 -1.00315 3.68878 -0.65775 2.8142 2.70478 0.9224 16.1248
59.21292 4.65255 0.26921 -0.69219 4.98336 -0.11173 1.51404 2.14332 1.59995 17.3015
63.62338 4.82881 0.225 0.51541 4.63387 0.30506 0.63217 1.49367 1.37092 18.08057
65.75212 3.49248 0.62964 -1.24949 4.88339 -0.32867 0.52501 0.94607 2.35829 16.63186
67.71603 2.85122 1.38789 0.47824 3.17032 -0.97709 0.08096 0.18383 2.58429 18.2436
66.98368 3.87319 0.02146 1.52574 2.11021 0.9597 -0.28316 1.5994 1.6748 17.40983
68.51459 1.95539 0.80009 0.33402 1.49473 -0.51814 -0.28617 0.05529 1.73554 15.98091
67.76177 1.59188 -0.92714 0.58945 2.75171 -0.15855 -0.15578 0.31356 1.52155 16.53618
68.96484 2.78556 -1.80063 -0.15832 3.89148 -1.76142 0.03536 -0.37733 0.96445 17.47753
70.10952 1.0281 -0.63939 -0.24917 3.57251 -1.95165 0.301 0.42245 0.65412 16.90332
71.83195 0.49822 -0.80651 -1.64461 3.5006 -1.81976 0.88609 -0.52517 -0.3432 18.34715
74.52963 0.85213 -0.35968 -0.33324 2.44513 -0.34452 0.8912 -1.92181 1.55441 19.91673
76.73672 -0.39506 -0.92121 0.41388 2.56771 0.08459 0.80668 -1.73514 2.4703 20.21395
77.94603 0.68542 -0.03812 -0.12439 0.97101 -1.51666 0.52428 -1.17473 0.49366 20.26608
79.67422 1.55511 0.48569 0.39036 0.43312 -2.13347 -1.23952 -1.99729 1.79729 20.47932
80.45136 1.27583 0.68097 -0.41029 1.24272 0.04042 0.27717 -0.32058 1.35056 20.31934
80.16376 1.06896 0.38055 -0.07099 1.5454 -0.76542 -0.40654 -0.48758 1.15846 19.72066
80.31985 -0.5549 0.74014 0.72269 1.31486 0.85809 -0.6777 0.91659 0.57647 19.52279
80.07789 -1.34141 0.38867 -2.01439 0.72772 -0.2235 -2.56791 1.07129 -0.09824 17.25041
79.20601 -0.69233 -0.66961 0.78332 1.95001 -2.1641 -0.14187 1.4366 0.72586 14.228
77.35101 -0.09218 0.325 0.39907 2.95742 -1.84399 -1.27924 0.79659 -0.20415 14.92462
78.04921 -0.15721 0.79101 -0.03593 3.60445 -1.73995 -0.26323 1.04398 0.29357 14.93927
78.73698 -2.11607 -1.53486 -0.00784 4.55217 -0.23517 -0.54761 2.30595 0.06452 14.99136
78.20729 -1.9465 1.73428 0.2904 4.09602 0.40853 0.82305 2.13712 1.99907 14.31039
80.33878 -3.9109 0.71157 -1.09923 4.00826 0.5359 1.12021 2.97062 0.86782 15.93814
79.65369 -4.49787 0.01204 -0.89614 5.30055 -0.32898 0.23386 3.40549 1.14355 15.41216
80.07205 -4.02387 -1.15016 -1.30681 5.19599 -1.6104 0.4066 4.25297 0.35622 17.7933
83.5142 -1.65619 -0.30562 1.25498 5.63997 -1.69061 0.68222 5.13816 0.15317 18.21328
83.47086 -1.3348 -0.21058 1.5297 4.17876 -2.09651 1.00181 3.59742 0.15958 18.70769
86.42677 -0.06603 0.22125 0.828 4.36498 -1.85986 1.29792 3.09705 2.02567 18.32288
86.88982 0.05162 -0.49443 -0.54707 5.22876 -2.22001 0.09547 5.62066 3.67807 19.57694
90.68752 -0.65867 -0.58687 -0.84312 5.63275 -2.34894 -0.76571 5.86216 -0.26878 20.74016
93.11085 -0.65546 -0.24782 1.74457 4.82894 -2.20638 -0.011 4.71787 1.10313 21.04438
95.35839 -0.2786 0.94514 -0.33713 4.61143 -1.70912 -0.70612 3.28525 1.53581 21.20024
98.53877 -1.93932 -0.84764 -0.32141 3.92075 0.09389 -0.35387 2.47761 1.09457 21.43177
98.35747 -1.80942 1.79059 0.31258 3.13333 0.05849 -0.31384 2.40222 2.03406 21.94235
100.23639 -0.5855 0.67216 0.10282 4.56777 -0.84304 -0.29271 2.84261 1.37727 22.67599
104.93108 -0.40472 0.64021 -0.42989 3.77953 -0.1862 0.31775 3.98772 2.76994 22.20442
106.49422 -1.45557 0.55544 1.02971 4.34297 0.66428 -0.57485 3.55551 1.66555 22.6462
105.58598 -2.86579 -0.7684 1.00078 3.56734 -1.06536 0.77031 3.6656 1.70105 22.54703
107.67847 -2.45904 0.61609 -0.76445 3.7634 0.0552 2.56295 5.60252 1.58667 22.51745
109.86446 -2.59291 0.21508 0.08947 3.55858 -0.99029 4.50272 5.9449 2.0885 21.8667
111.78298 -1.84185 -1.55129 -0.20269 3.14363 -0.68896 4.46222 3.91466 -0.26659 20.5375
112.03376 0.27765 0.61328 0.02688 2.43421 -1.02165 3.45157 3.22028 0.84086 21.39318
114.1628 1.34157 -0.02185 -0.71308 2.39629 -0.49685 2.12363 4.10597 1.30394 22.60753
114.18963 2.1415 -2.29609 -0.982 2.15445 0.35149 1.13878 3.03341 2.56428 20.48143
114.83335 1.74585 1.28664 0.63665 2.14271 -1.20207 2.18331 2.12766 3.04681 21.51041
115.10983 1.92568 -0.04851 -1.30322 -0.53367 -1.87809 2.15701 2.4214 0.52058 22.09255
115.62027 1.55331 -0.04592 -0.13411 -1.45895 -1.03789 1.78852 2.9267 2.1952 22.13771
115.28728 0.23154 1.19051 0.92777 -2.14441 0.38091 2.55775 3.098 0.51647 20.61804
114.54324 0.84209 -1.51194 0.80894 -0.17171 -1.22825 1.84798 2.75584 2.28878 21.2109
114.16534 1.93276 -0.42645 1.16696 -0.56652 0.88841 1.1632 2.66023 -0.45953 19.67955
110.9127 1.53427 0.12927 0.31602 0.7567 1.02501 3.03377 2.87749 -0.20625 19.63572
110.45919 2.23843 -0.48236 -0.28629 1.70538 0.65416 2.71122 3.55215 1.53714 18.86006
110.02161 2.24637 -0.08166 1.36738 1.99248 0.78044 1.378 2.56563 -0.48834 18.94663
110.6661 3.08995 0.72054 -0.36214 1.76515 0.82792 0.35479 1.65414 0.54993 19.40979
111.53158 2.42264 -1.36342 -1.40076 2.46476 0.22466 0.47246 1.18685 4.51844 18.61271
112.04327 3.32011 0.65634 -0.22458 2.71384 -1.11248 1.77529 1.79375 1.43518 18.17379
111.82276 2.69476 1.24322 -0.83469 3.40135 -0.12719 -0.55296 1.03676 1.76672 18.55756
112.47388 3.52636 -0.42532 0.59303 3.00839 -0.59917 -1.19565 0.4527 2.45194 18.03633
113.78219 4.85111 0.00394 0.37528 1.06131 0.64317 -1.77527 0.03458 0.83993 19.4683
113.55223 5.00527 1.26184 -0.24292 0.54293 1.80041 -1.79538 -0.87229 2.00194 21.19451
113.26414 3.48272 -0.05588 -0.81331 1.48528 0.54901 -1.96065 0.51342 0.81186 20.30118
112.61726 1.84215 0.76613 0.90528 1.57814 0.78225 -3.94725 1.89669 0.46461 19.81069
112.38864 0.53287 0.16096 0.76114 1.49371 -0.18034 -3.10952 2.3956 0.94113 17.97335
110.64169 -0.34876 -0.25979 1.26695 2.10988 -0.317 -2.38433 2.41787 -0.78679 17.6568
110.47758 0.08336 0.12538 -0.29703 2.76107 0.10729 -2.44236 0.98315 -0.44651 17.59617
108.52856 -0.67526 -0.58925 0.81583 3.02168 0.02974 -3.1844 1.72405 -0.99698 16.67521
108.5491 -2.45487 -0.06935 0.04354 3.00827 0.87646 -1.7734 -0.97063 -0.49474 17.08081
108.69176 -1.03065 0.6544 -0.49956 2.88702 1.50761 -2.70011 -0.60117 -0.01736 16.53128
108.86112 -2.85112 -1.20886 -0.86673 2.58163 1.72428 -1.54554 -0.30158 1.25923 17.13426
109.01306 -3.17314 0.85395 -0.44266 1.77119 1.35117 -2.03095 0.43128 -0.57559 15.20142
107.6078 -2.69228 -1.85303 1.78411 0.78866 0.75015 -1.97002 0.94742 0.01236 13.37625
105.63195 -3.68315 1.06655 -0.40768 1.21915 1.60257 -2.61253 -0.23335 -0.25261 12.47717
104.09239 -3.60855 3.22097 0.57489 0.24203 1.4364 -3.23282 -0.13811 0.86772 11.1922
101.31655 -2.77076 -0.32615 1.45375 1.40158 1.38172 -2.78279 -0.71696 -0.41839 10.23281
98.2707 -2.43701 0.91047 1.35814 2.70605 0.84762 -1.70165 -0.8388 0.53936 8.30534
95.38815 -2.81799 0.32079 0.23779 1.49021 -0.14153 -0.25374 -1.63335 1.1463 7.83853
93.90903 -4.8525 0.17683 1.74306 0.88495 -0.50251 -0.53498 -2.45372 -0.65594 8.48193
90.82472 -4.72518 0.77986 -0.17212 -1.48508 -0.64005 0.97726 -2.49912 1.4877 8.49969
89.79462 -4.71075 1.31481 -0.27753 -3.18769 -0.38 1.14814 -0.64514 2.23203 7.73166
86.66982 -3.39536 -0.41491 -0.86964 -2.96909 -1.6138 2.48663 -1.69712 0.77145 5.5858
82.86301 -3.33859 1.3181 0.07977 -2.49834 1.42948 2.67625 0.04097 -1.99017 5.43741
79.64921 -2.77668 -1.90352 1.64021 -2.13309 0.43591 3.81199 -0.67961 -2.67785 4.34555
76.08363 -2.49426 0.32927 -2.2331 -2.24611 1.6792 3.53795 -1.09588 -0.25574 6.04505
73.65728 -2.29232 0.29244 1.25271 0.09148 1.20128 4.62532 -1.82813 -2.41734 7.08737
72.02071 -0.85163 -0.16205 1.12094 0.3948 1.70051 3.72361 -1.96834 2.07163 8.53084
69.22047 -0.13049 -1.09279 1.76182 0.4019 0.40249 0.83225 -0.29567 2.97428 10.09541
68.89102 0.19533 0.25999 0.61962 0.11967 0.6419 2.58125 0.21942 0.93334 7.45467
68.10493 -0.57427 -0.44595 -2.51202 -0.58357 0.66241 1.47399 0.83474 3.30487 8.62213
66.51354 1.17983 -0.101 0.13068 0.56026 1.02673 1.55897 1.54459 1.83694 8.20741
68.17194 -0.72634 -0.50669 0.17209 0.61187 1.16022 -0.41455 1.56468 0.57913 5.68585
68.63793 -1.04045 0.90278 0.15966 0.19501 1.15003 0.62168 1.03278 1.46482 4.36819
67.3062 -1.65176 -0.81046 -0.22077 -0.66849 -0.27019 -0.36799 -0.09704 1.17282 4.48353
65.01021 -1.75528 -0.80048 -2.20294 0.01149 0.64849 -0.06677 -1.00756 1.3617 1.55356
61.40244 -2.10655 -0.39348 -1.26225 0.14481 1.28053 0.23578 -1.52816 0.61275 2.43098
58.35358 -1.64946 -0.67972 0.58946 -0.11493 0.44638 -0.45146 -0.6179 -0.07003 2.27109
56.52285 -1.36697 -0.78789 -0.80935 -0.17658 0.45083 0.08075 -2.98362 -0.62298 2.32635
53.23425 -0.13511 -0.58099 -0.11334 0.34107 -0.08242 -0.95981 -2.20962 0.52182 1.99153
49.47929 0.16958 0.16497 -0.00381 -0.47289 1.53857 -0.78708 -2.97709 -1.06223 -1.17375
45.20599 -1.84959 -0.23583 0.73339 -0.71997 1.0467 -1.55091 -3.9545 -0.69457 0.97911
