1.34331 1.74939 3.20904 6.99075 0.09773 1.41515 -1.50441 -0.64742 -0.7536 -1.18208
-0.43295 1.87628 4.26914 7.18193 0.92066 -0.07883 -0.37422 -1.90187 -1.12168 -1.47401
0.03512 4.52634 4.33576 8.457 0.75681 -0.56695 -1.0109 0.29107 -0.96697 -0.72821
-0.82163 2.1345 4.68977 7.8811 2.38521 -1.11096 -1.80273 -0.14115 -1.95966 -0.87534
0.64793 1.63743 3.44488 10.28476 2.30558 1.54894 -0.12992 -0.07632 -1.07006 -0.40005
-0.85862 3.22975 2.72618 10.35264 3.99142 0.61498 0.89954 -0.76965 -0.88587 -0.0681
1.35334 2.03112 1.12367 9.83874 3.77387 0.25182 0.03681 0.6837 -2.56638 0.26207
3.67057 0.39898 0.57086 10.57494 2.98456 0.31816 -0.16082 0.1108 -2.26868 -0.70143
2.35675 1.40041 -0.03813 10.67998 2.04921 -1.11191 -0.17853 2.40939 -1.50315 -0.18305
2.82336 2.69766 -1.10741 9.85742 2.50601 0.64189 -0.10833 -0.45729 -1.17925 -1.72736
3.19247 0.37937 -1.41183 10.24461 2.31633 2.43334 0.02244 0.80364 -2.24036 -0.59722
1.54997 1.64433 -0.36777 11.08295 4.06335 1.21649 0.06037 -1.98132 -0.03784 0.30291
2.23273 0.60685 -1.07744 11.65037 3.14371 0.70779 -0.29605 -0.21852 0.11258 1.99967
2.23346 2.02484 0.55153 11.62299 0.71846 1.02666 -0.93182 -1.00361 -0.59758 0.49034
2.85056 2.79886 1.65983 9.85747 0.13002 1.6924 0.48922 -0.17558 -0.4568 1.01557
2.46994 2.12839 2.38285 9.32716 -1.45862 1.06139 2.09538 0.97487 1.16053 0.84038
2.05093 2.26885 3.78694 8.09565 -1.126 0.52426 0.69657 -0.48195 1.19617 2.11682
1.30126 2.57526 4.36336 9.38073 0.49794 -1.43294 0.27175 -1.02605 2.48538 2.70352
-0.3276 3.40847 5.06417 9.57481 -0.92807 -0.35413 -0.7705 -0.86485 1.28532 2.39003
0.54934 3.71633 4.88074 8.55315 -0.96856 0.28837 0.39415 0.38011 1.32202 4.36756
-0.42628 3.03625 2.59847 9.68765 0.66387 -3.13273 -0.40071 0.14205 -0.86899 3.75983
0.03617 3.4266 3.0749 8.3267 0.98224 -0.65095 0.8936 0.87103 0.3976 3.61692
1.25727 1.97226 2.33801 8.71175 1.00677 1.6561 0.55515 0.18893 -0.76505 1.87866
1.03896 1.65426 0.96665 8.08648 -0.27206 1.22463 0.42876 -0.60585 -1.4877 0.60324
1.80446 2.84617 3.07943 7.87127 -1.02865 0.49538 0.4086 0.81645 -1.66749 -0.73537
-0.18852 3.72205 0.71274 9.28134 -1.76585 0.85212 0.07181 -0.08017 -0.23911 -0.91708
-0.8615 2.93426 -0.04109 9.4472 -1.99007 -0.01252 0.80628 -0.3626 -1.45497 -1.34882
-2.36198 3.52053 0.46062 11.61259 -2.68843 0.64435 -2.42894 0.36878 -1.27377 0.01858
-2.24055 2.2302 -0.06507 10.05824 -2.55243 0.01067 -2.45422 0.59686 0.00854 -0.49533
-2.91001 1.25811 1.98054 10.08886 -1.88614 -0.31662 -0.66497 1.32043 1.63164 0.40925
-1.90132 0.40682 2.09536 8.96309 -2.73231 -0.82782 -0.00021 -0.0543 2.29248 1.19945
-1.07098 0.86123 -2.28169 8.45099 -0.38814 0.55489 0.40769 0.11866 2.58124 -0.70246
-0.72501 3.0376 -3.19326 6.08599 0.29279 -0.4069 1.77379 0.6046 2.09032 1.05066
-1.17398 2.55677 -4.59055 6.17755 -1.92306 -1.53059 -0.20514 0.81589 0.09865 2.899
0.82982 1.90801 -4.03562 4.78749 -2.73915 -0.99645 0.92724 -0.04977 -0.27821 3.34447
-0.26932 2.28819 -3.30441 3.51788 -2.60227 -0.68756 -0.32015 -1.48387 0.32396 2.15605
-2.01406 -0.15599 -0.59676 1.86894 -2.51085 0.53978 2.53824 -0.6089 -0.7651 0.87553
-1.64306 1.76414 -0.99422 0.20054 -2.69682 -0.7838 1.52918 -0.6035 -1.03404 0.4218
-0.43948 0.41262 -1.37832 0.09973 -0.46972 -2.68733 -0.49183 -1.18758 -2.38554 2.1397
-0.30993 1.04548 2.34833 0.18391 0.24183 -2.39336 -1.1029 0.59774 -2.56564 2.7047
-0.77 2.7647 0.80079 -1.51307 -0.51344 -0.32765 0.92915 0.76474 -2.57669 1.82287
-0.06538 0.67416 -0.96513 -1.30452 -0.14536 1.16831 2.29809 -1.87966 -1.21515 2.45894
-1.03948 -2.47622 -1.05047 -1.4715 -0.59563 0.3759 0.48054 1.13697 -1.01948 3.12159
-1.91745 0.75929 -1.07434 -1.67674 -0.23783 0.31952 2.03255 0.12164 -2.24081 4.51109
-1.49186 -0.92379 -1.46059 1.11732 -1.72328 1.17553 1.29945 -2.18579 -0.15541 3.98287
-2.74992 -2.49969 -1.05418 1.966 -0.00649 0.06206 0.20156 -2.7886 0.87146 5.29961
-3.00601 -1.43044 -1.13436 1.60148 -0.38157 0.56506 -0.64926 -0.5868 -0.17988 4.86231
-0.97973 0.90941 -0.48177 1.46009 -1.14193 -0.51421 1.274 0.21374 -0.38307 3.79192
-1.50371 -1.72434 -0.90475 0.82828 -0.59815 0.31117 0.97695 -0.10519 0.46757 3.74016
-2.192 0.015 -1.20986 -1.22426 -2.42718 0.49005 0.87688 0.283 -0.4705 2.78972
-2.9017 -0.8364 -0.67971 -1.87597 -2.95458 1.26184 1.00357 -1.11023 -1.63879 3.42335
-4.45325 -1.92136 -1.5145 -0.0737 -3.1273 0.27055 0.58745 0.07876 -1.44724 3.78557
-5.07845 -0.29344 -0.70243 0.35712 -3.49952 -3.40284 -0.02426 1.26117 -1.07916 2.96259
-4.84037 1.00177 -1.19374 -0.79145 -2.92889 -2.45846 0.00353 0.73853 -0.63272 3.6327
-5.21654 -1.11482 -0.96873 -0.63454 -3.36482 -1.45978 0.83796 0.02426 -0.60576 5.55059
-5.9005 0.62442 -1.96569 -0.76225 -3.15232 -0.48555 1.12438 -0.22794 -0.20849 5.08308
-5.28805 0.60083 -2.86968 -2.71423 -2.8602 -0.066 2.93958 -0.13831 0.4891 4.53358
-5.80429 0.37963 -1.98038 -4.64158 -1.601 0.50466 3.83551 0.53369 -1.59001 3.89342
-5.63306 -1.32383 -2.79663 -3.69815 -1.97469 -0.64291 0.75292 0.30554 -1.38682 4.24251
-2.44036 -0.23347 -3.0936 -5.81296 -1.25107 0.53212 1.91629 1.02424 -2.25374 2.36837
-3.20724 0.87224 -1.381 -8.19636 0.51121 0.90781 3.0822 0.49983 0.1865 1.57929
-1.135 -0.5445 -1.56517 -9.00861 0.63257 0.94472 1.34425 -0.41883 -0.59009 -0.50582
-1.03822 -0.17656 -3.80686 -9.50237 -0.3387 -0.24571 1.62064 1.64771 0.18272 -0.40073
0.70351 0.17417 -4.11384 -10.85341 0.97902 1.00072 -1.21586 -0.02004 0.48708 0.73235
-0.36585 -3.08907 -4.95301 -10.38946 0.96696 -0.06555 -0.12095 0.74112 0.04975 1.86761
0.21755 -2.5123 -3.12718 -9.24192 -1.18092 -0.23855 0.06193 1.05103 -0.01789 1.60517
-0.80914 -2.64431 -3.58668 -9.13476 -0.96374 1.51095 -1.43853 -0.24694 0.07618 1.40503
-2.40793 -4.82427 -2.6727 -8.40987 -0.0793 0.98494 -1.37103 1.06345 -0.3233 0.39642
-1.26716 -3.51038 -1.67072 -8.91276 -0.5971 0.01713 -1.16959 -0.07642 -0.99776 1.17321
-1.48784 -3.11896 -0.91113 -8.70459 -0.22928 1.06975 -0.73137 -1.04831 0.70152 0.22832
-1.69158 -2.38419 -1.53021 -7.37139 0.73442 0.91754 -1.80861 0.99897 -0.29126 -1.02364
-1.86147 -2.57872 -2.70777 -7.37235 0.8052 -2.70892 -1.83359 0.46505 -1.07696 -1.91832
0.35373 -2.55184 -2.67163 -6.39171 -0.29828 -2.94622 -0.13766 0.12998 -0.04887 -1.42833
-2.27087 -4.71271 -3.96266 -7.14144 -0.28637 -1.9308 -1.74421 -0.70123 0.28888 -1.11392
-1.96718 -1.14323 -4.31034 -9.46158 0.51405 -0.8853 -2.52484 1.81637 0.76051 -0.28454
-1.11387 -1.83268 -4.75415 -8.66173 0.17713 1.28444 -1.42245 0.95795 1.68674 -1.60722
0.16042 -0.66348 -5.00911 -6.75477 -0.61691 -0.1483 -0.57439 -0.22543 1.2392 -2.81568
-0.45757 -1.04646 -5.37892 -6.36516 -0.92643 -0.26069 -0.14697 -0.0498 1.71482 -1.58424
-0.63937 -2.83714 -3.4024 -6.87964 -1.17343 1.1044 -1.05306 1.37468 2.84379 -1.57438
-0.44761 -2.91573 -3.78873 -7.14551 -2.01572 -0.12549 -1.43125 0.88827 0.53271 -1.87339
-1.4447 -2.8183 -2.98857 -6.13265 -1.74475 1.58509 -0.81416 -1.2783 -0.19795 -1.93588
-1.4712 -2.93763 -1.65613 -6.55483 -2.02154 2.40672 0.76206 -1.17076 0.28112 -2.49592
-0.44105 -1.53408 -1.34455 -8.04378 -2.26155 2.94519 -1.61952 2.43312 0.19925 -1.72912
-1.52643 -0.23678 -0.8895 -8.44914 -2.66989 -0.72462 -2.03915 0.12777 -0.67472 -0.57463
-1.3762 -2.44228 0.40084 -9.67973 -0.84121 -0.54449 -1.81948 0.19958 -0.89164 -1.21951
-2.6519 -3.4793 0.27389 -10.50802 -2.02129 0.13485 -0.04946 -0.39862 0.88593 0.35533
-2.90225 -1.95448 -0.81855 -9.1716 -1.70841 0.94772 -1.06748 -1.26796 2.27832 2.06464
-3.07837 -0.67236 -0.92295 -8.67211 -1.7593 1.40473 2.13423 1.54428 0.82149 1.38997
-4.50636 -3.32082 -1.58972 -7.76288 -3.11184 0.37582 1.66438 -0.0039 0.64085 0.08508
-3.52692 -1.87195 -0.32012 -7.06218 -2.90802 -0.23915 1.15436 -1.48778 -0.52793 0.26331
-3.68572 -2.252 0.23976 -6.46802 -1.52857 1.78732 0.09588 -0.21864 -0.01414 0.52384
-2.18279 -2.59083 1.23246 -8.19659 -1.77061 0.77211 -0.13797 0.14116 0.77474 1.50119
-4.7641 -1.15089 -2.34322 -8.20192 -1.93576 1.0285 -0.09113 -1.91629 -0.77578 1.75237
-2.69855 -2.31621 -2.27626 -8.35476 -2.4819 -0.40256 -0.70017 -2.43792 0.6712 2.72406
-3.19401 -2.3475 -2.18816 -6.45928 -2.47169 -0.31988 -1.06058 -1.5811 -1.64826 1.41117
-3.98886 -3.52876 -1.11803 -5.47795 -1.76995 0.29477 -0.91228 0.43698 -0.39824 1.61406
-1.69244 -3.19392 -0.03407 -6.13563 -2.66809 -0.02592 1.06757 -1.68949 -0.6759 1.40705
-3.22381 -1.58381 0.45218 -7.74033 -3.50744 -0.65852 1.2066 0.03442 -1.11505 -0.07058
-4.88647 -0.32246 2.19262 -8.22027 -2.32204 -0.50484 2.03698 -1.56288 -0.08212 -0.2394
-4.5042 0.18173 -0.32149 -8.37266 -3.70699 -0.81949 1.16701 -1.10319 -0.90032 0.06389
-6.4082 -2.08212 -0.19143 -8.52643 -3.54882 0.52656 0.69221 -0.2474 0.17729 -1.02891
-5.23058 -1.24724 0.6063 -8.58836 -1.20124 0.28649 -1.73704 0.6157 0.49282 -1.36083
-4.73946 -1.16924 0.13469 -7.89451 -2.2205 0.80313 -0.89117 -0.24987 0.57803 -0.88002
-3.97236 -1.15877 -0.25081 -9.94364 -2.19061 0.43558 0.09528 -1.28411 -0.2228 -1.6371
-4.36509 -2.32438 -1.55081 -10.38649 -1.70768 1.37141 0.20621 0.1386 -0.54402 -0.73758
-4.23773 -1.55764 -2.33053 -10.54926 -1.81114 1.1816 -0.65403 1.00072 0.34369 -1.86863
-3.68377 -2.31845 -1.96159 -8.25124 -2.46807 1.00525 0.16609 -0.8398 -0.79294 -1.41401
-4.87921 -1.52895 -2.16844 -7.09985 -1.23812 -1.66971 -0.3585 -0.82289 -2.66379 -1.36276
-4.5493 -2.95444 -2.61991 -7.86378 -1.55712 -0.22887 -1.05217 -0.68768 -1.71373 -1.3044
-5.13873 -1.88696 -5.94774 -7.87382 -2.62297 0.54703 -0.13158 0.22496 -0.36074 -1.38245
-4.5609 -2.67848 -4.81766 -6.48938 -2.94301 -0.3866 1.00624 2.15567 -0.8642 -0.84343
-2.71791 -0.40324 -5.54574 -7.49927 -3.60372 -0.30372 0.06884 -0.7337 -1.19055 -1.81933
-4.12858 -2.508 -7.18171 -6.77567 -3.76231 -0.25892 0.16603 0.95298 -1.65501 -2.08515
-2.48136 -2.16117 -5.9035 -6.88444 -3.88237 -0.99437 -0.91296 -0.63221 -1.03769 -2.04593
-3.91061 -3.88622 -5.87223 -8.40194 -3.56229 1.09264 -0.61995 -0.5677 -2.17867 -1.62235
-4.08737 -2.94663 -5.45058 -8.29819 -4.41937 1.11424 -1.01751 -0.7297 -0.53948 -1.95787
-3.77721 -1.49278 -5.49041 -9.22086 -3.36531 -0.3389 -0.82074 0.69905 0.75342 -0.34008
-2.59584 -1.65884 -6.54467 -11.68696 -1.64936 0.50698 0.15471 0.29577 0.09859 0.26873
-2.40849 -2.80717 -7.93996 -13.01394 -1.08234 0.72305 -0.04786 0.37987 0.83858 -0.29451
-1.66751 -4.55698 -7.93898 -14.50822 1.16471 0.08633 0.3155 0.44289 1.3553 -0.16522
-0.90542 -1.0127 -7.40991 -15.71309 2.62382 0.49038 -0.78289 0.53433 0.32573 1.107
-1.60718 -2.52489 -5.64444 -16.39229 0.89303 -0.80352 1.54722 2.55145 0.2075 1.82037
-0.53803 -4.25913 -3.6804 -16.96264 0.95391 -0.61826 2.21025 0.82709 -1.35141 2.10126
2.44014 -5.05369 -1.69786 -16.23358 1.06233 -0.57848 2.87663 1.15692 -3.20592 1.01667
1.26476 -4.24725 -1.37588 -14.96268 0.87194 0.4399 1.04136 0.21203 -1.79057 1.0707
1.80942 -4.57751 -1.02534 -14.40305 -0.47998 0.84418 -0.21672 -0.45629 -1.25174 -0.78769
1.49437 -2.4132 0.25465 -13.78352 0.05036 1.00344 -2.44442 0.20652 -0.30205 -1.52579
1.38289 -3.29789 0.77258 -13.65337 -0.78263 -0.49428 -3.42241 -0.20125 -1.34833 -2.23038
1.01964 -2.91795 0.39693 -11.28638 -1.12912 1.25661 -1.26753 0.96246 -1.1802 -2.07654
1.98145 -3.49697 0.25383 -10.01809 0.65818 0.55549 -2.16283 0.09672 -0.87867 -1.63256
1.35926 -3.69613 0.46359 -8.32515 0.2806 -1.14265 -2.95815 -0.99162 1.11835 -2.16439
0.26821 -3.32057 0.86878 -6.49377 -0.81535 2.04198 -1.97914 1.39762 1.16887 -0.69236
-0.73041 -2.7873 0.63736 -6.16022 -2.31145 2.0877 -2.00828 -0.32635 1.68497 -0.27494
-3.01001 -3.03851 -0.79554 -5.0534 -1.40607 1.70078 -0.29537 1.85767 -0.18757 1.42054
-1.85466 -2.63654 -1.38825 -3.05531 0.14619 1.04308 0.11616 -0.51079 -0.15648 0.83285
-1.27936 -1.88151 -0.29245 -1.22951 0.86278 1.49356 1.97262 1.15774 0.17735 1.77193
-1.98538 -2.99765 -0.79155 -1.58798 0.85599 -0.0571 0.86086 -0.94399 1.9597 1.63977
-1.75814 -0.4125 -3.2956 -1.78416 -0.7668 -0.77653 1.32985 0.10986 1.20613 2.91874
-1.21746 -0.68794 -2.44456 -1.09357 -1.92904 -2.20786 0.2474 0.10224 2.14088 1.76351
-0.98557 -2.93821 -0.55097 -2.46962 -0.18933 -0.21677 1.83672 -0.32898 1.23104 1.68439
-2.29241 0.11601 -2.49032 -0.93372 -0.24946 0.89258 1.10514 -0.07216 0.77857 1.49608
-3.20739 0.77719 -2.10934 -0.36698 0.21957 0.89942 0.27062 0.18811 0.70736 1.15164
-2.96309 -1.23492 0.28239 -1.57586 -1.40222 1.62091 1.353 -1.03524 -0.19249 2.79329
-3.56734 -1.40582 1.49975 -4.79189 -3.89055 0.26502 1.70098 0.52518 0.73298 1.38049
-4.03652 -0.66963 1.7562 -5.9007 -2.05982 0.72912 0.87859 1.77707 -1.68117 1.86811
-4.3506 -0.49138 -0.0088 -6.33932 -2.03478 0.34257 1.33523 1.52324 -0.79417 0.28086
-4.83385 -0.06037 -1.77961 -3.82962 -1.63538 0.15895 2.38786 -0.34274 -1.0229 0.84764
-4.23428 0.43274 -2.74432 -3.20905 -0.85144 1.0494 2.4939 -0.87318 0.53171 1.16764
-3.23222 0.49579 -2.65 -4.44456 -0.8787 1.53648 1.30744 1.41544 -0.88946 1.61365
-2.63571 -0.95606 -3.24025 -2.66978 -2.77948 0.34454 1.0896 0.89748 -1.80546 2.324
-1.05506 -0.10924 -4.24983 -3.63306 -1.24711 1.38103 0.26553 -0.38357 -2.53849 1.12947
-0.22003 -1.8274 -4.74395 -2.91582 -3.19398 0.85965 -0.29713 0.26945 -0.00108 2.03749
-2.55589 0.77346 -2.87295 -1.96247 -3.09929 0.56174 -1.67052 0.57597 1.24824 0.8199
-2.7244 -1.36291 -3.93758 -1.90512 -4.85911 -0.11051 0.41273 -1.94398 -0.82897 1.40602
-4.72768 -2.15048 -4.18387 -2.87981 -3.64067 1.30491 -0.87014 0.35943 0.441 0.78886
-5.59365 -2.62621 -6.42887 -4.16981 -3.00645 1.16864 0.11059 -1.06746 -0.4939 -0.52583
-6.77135 0.57385 -6.23067 -4.9627 -2.49998 0.17876 1.73519 -1.21116 0.36621 -1.77344
-5.11608 1.21529 -4.41555 -6.65745 -1.75427 1.7275 -0.09859 1.32923 -0.13784 -0.79204
-3.46651 -0.52172 -2.94698 -9.04149 -2.5755 1.57275 -0.63094 -0.35382 0.00868 -0.85681
-2.22435 -1.22663 -4.08553 -9.31042 -3.18896 0.86113 -0.5713 -0.99243 0.52771 -2.39215
-4.06632 -0.9055 -4.99147 -11.16035 -3.88227 -0.60735 0.06407 0.47831 1.36921 0.50855
-3.95639 -0.33814 -5.74532 -11.66621 -3.31815 0.48341 -1.15115 0.48369 1.25499 0.16016
-3.84267 -0.0088 -6.40774 -11.22054 -2.58122 0.34094 -0.58189 0.03588 0.18639 -0.85327
-5.08673 -2.63953 -6.52674 -11.98788 -1.13609 -0.20444 -0.52934 1.15708 1.17263 -2.17002
-3.91401 -2.09083 -5.91338 -10.98303 0.40404 0.21954 0.15045 -2.61739 -0.92357 -1.21005
-3.79655 -1.46449 -6.17283 -12.27183 0.87329 0.78612 -0.97316 0.29045 -3.11153 -0.47289
-2.9114 -2.52657 -5.56251 -14.17872 0.87126 0.06248 -1.52618 0.91089 -2.53939 -0.28128
-2.97235 -3.48256 -6.15725 -13.94524 1.53848 -0.26709 -1.17768 0.71258 -4.55983 0.85365
-1.55491 -4.18149 -7.30845 -13.81518 1.57521 -0.0686 -0.92645 0.39264 -1.40244 -0.60353
-0.84946 -2.06016 -7.95774 -12.67834 -0.11878 -0.14375 -1.55079 0.46481 -0.35355 -2.48671
-0.0755 -3.7802 -8.87428 -11.83208 -0.7386 0.35357 -0.78347 -0.59702 0.51471 -1.82394
-0.40448 -4.21515 -8.15646 -10.2752 -0.04683 -1.01554 0.24939 1.21564 1.63684 -1.65573
0.90239 -5.0328 -9.8808 -10.31929 0.13161 0.80008 -1.89776 -1.08448 0.52399 -1.38742
0.02931 -4.7815 -7.85772 -10.38957 0.66551 -1.25682 -0.9263 1.07218 0.01724 -1.01896
-0.72135 -4.45238 -7.06952 -9.56963 1.56954 -0.81904 -0.86858 0.70098 -0.36014 1.20629
-0.23838 -3.87209 -7.52371 -10.85507 1.31017 -0.30118 -0.54415 -0.90882 -1.70638 1.48515
-0.86081 -1.99514 -6.17429 -12.93188 2.63873 2.16696 -0.35069 -1.06672 -0.23342 0.85354
-0.0695 -2.46009 -7.19351 -14.74821 0.83672 0.75563 0.25323 1.02293 1.7604 1.26412
-0.01299 -3.66742 -8.10748 -13.60324 1.50024 -1.06972 -0.23157 -0.08181 2.66496 2.12991
0.30844 -1.38376 -7.11346 -12.64282 3.06893 0.13361 1.3469 0.01678 1.2968 2.17448
0.92736 -1.05444 -8.45031 -12.50887 3.45971 -0.1086 -0.23667 0.74952 2.2765 1.52812
3.50548 -1.73556 -6.42827 -11.39114 3.33037 0.32921 0.17999 0.24339 1.87841 2.26356
3.16769 -5.58285 -4.93611 -13.41926 3.59723 0.83848 2.17199 1.91416 1.63138 1.97829
3.3835 -3.39783 -3.58166 -14.92532 2.87499 -0.6588 0.80087 -0.58669 1.59546 2.05497
5.32233 -4.34756 -2.64942 -14.00051 2.84484 -0.14963 -0.45742 1.58707 1.70434 2.49465
4.50212 -3.44006 0.26127 -14.35615 4.24388 0.80454 1.64819 0.10608 1.5821 1.99449
6.43699 -3.30314 0.71576 -13.20857 1.62522 2.63024 0.17266 0.98405 0.56258 1.27208
6.16745 -1.44543 1.52535 -13.7061 2.00725 0.21412 1.04602 -0.46204 -0.21074 -0.04922
5.11159 -3.45506 4.36934 -13.40819 0.0957 0.56437 -0.33162 -0.86171 0.46763 -0.01953
5.21982 -3.32915 6.24647 -11.29413 -2.24108 -0.86035 -0.82972 -1.8972 0.55055 -0.16699
3.18635 -4.50282 6.01474 -9.37264 -1.39017 -2.86595 0.35546 -1.0007 -0.21003 -0.46846
2.20129 -3.44669 6.08435 -4.49124 -0.54003 -1.03178 -0.97192 -0.71215 0.44625 -2.02992
1.3212 -2.70567 4.16603 -3.16526 -0.57702 -0.4533 0.2573 -0.51535 0.40653 -0.67594
1.51453 -0.57203 6.41564 -2.47685 -0.3329 2.17317 0.1611 -0.73852 0.60854 1.14452
1.3701 -1.95801 7.64731 -1.97535 -1.90542 0.19942 0.39809 0.53236 0.76868 0.84463
2.08465 -2.50161 6.2673 0.42228 -0.25928 -0.61047 1.4949 0.32882 -0.08354 1.61374
1.40469 -0.92524 4.65949 1.66304 -2.61495 -0.92683 0.29725 -0.42434 -1.14502 0.1556
0.66096 -0.70653 4.30806 1.07215 -2.576 -1.49958 -0.08917 0.46033 -1.73112 1.01735
-0.71775 -0.5701 6.00292 2.87784 -2.93305 -1.29097 0.96422 0.28493 0.20289 1.68802
-1.48916 -0.36236 4.65327 1.10125 -2.17183 1.21117 1.19071 1.07166 0.14536 1.32177
-0.67224 -0.27151 3.7932 1.76056 -2.01027 1.62737 -0.7125 1.3478 0.95472 1.0763
-1.93238 -0.05248 3.85019 1.23301 -2.55256 -0.20866 0.78599 -1.25698 2.30949 2.8241
-0.90421 0.35256 2.82093 2.27046 -1.63491 -0.25897 -0.03538 2.21427 1.46529 3.12658
-1.20372 1.20059 0.78466 3.58362 -3.90441 0.14885 -0.89925 -1.1083 0.6672 3.16022
-1.47215 -0.52219 1.64472 4.38012 -4.96129 -0.62143 1.87607 -0.0952 -0.03424 3.03413
-2.99409 0.33313 2.17022 5.0851 -5.87731 0.1925 0.89009 -1.21459 -2.38736 3.62097
-4.06727 1.16885 4.49057 5.47861 -6.04854 1.20988 1.70786 -0.10882 -1.55448 4.5009
-5.00214 0.64166 4.69077 8.07216 -6.04066 1.46156 4.40161 -0.64606 -1.11362 3.99221
-5.99309 0.94502 3.91 5.76823 -6.36488 1.52287 2.64165 0.27848 1.14463 5.28747
-6.87435 0.83193 3.07527 6.22015 -4.81749 1.15568 0.60443 -0.93244 -0.38936 5.81635
-7.70964 1.91254 1.43923 2.38164 -6.02382 1.33923 1.45089 0.11007 -1.64301 4.64356
-8.23408 2.80851 -0.03687 1.60652 -4.38796 0.20249 3.13196 0.25235 -1.96579 4.33286
-7.81098 2.70244 -1.12532 1.27419 -5.42846 -0.77248 3.33516 -0.35892 -1.24218 2.65296
-8.11836 0.78454 -2.2679 0.6071 -4.8602 0.62913 2.62214 -0.6371 -0.25942 2.17627
-6.52836 0.55984 -2.46849 1.71365 -5.53302 1.16775 1.77148 0.15164 -0.88547 1.57669
-7.48811 1.06782 -2.32284 1.48536 -5.79199 2.30008 0.12893 -2.86331 -0.04148 -0.4258
-7.84143 0.86908 -1.91825 1.02709 -3.55194 0.9928 -0.20029 0.84483 -0.40903 0.44727
-7.74857 0.51222 -2.35673 -1.13717 -2.83152 2.01462 -0.57415 -1.92559 -0.40939 1.04641
-7.15258 0.83284 -4.7847 -2.92646 -2.05265 0.92982 1.62574 1.09005 0.29943 -0.19014
-7.51021 -0.04697 -5.32671 -3.81342 -2.31103 -1.20719 0.74312 -0.18806 1.29527 -0.46665
-7.58395 0.9986 -5.17016 -6.60901 -1.97455 -1.08099 0.20125 0.7443 -0.62866 -3.92208
-6.76239 -0.85755 -5.78001 -7.01688 -1.72012 -0.56454 0.26212 -1.64296 -0.31229 -2.96328
-6.23933 -0.09104 -5.67874 -7.80738 -1.41602 0.34547 -2.15508 0.22551 -0.26065 -4.33922
-5.25255 -1.76425 -5.98385 -7.69353 -1.42717 -0.31071 -0.81843 0.04176 -0.47749 -3.32172
-5.13568 -1.16281 -6.03745 -9.18944 -0.79403 0.3814 -2.33149 0.08144 1.45695 -1.10417
-3.91481 -1.14765 -7.4802 -9.88485 -1.26392 -0.10377 -2.02092 1.29317 0.40734 -2.48283
-5.38175 -0.44414 -6.20431 -12.31365 -0.57625 0.66847 -0.7288 0.01989 1.03267 -0.58177
-4.94429 -3.60682 -8.08881 -12.76434 1.31671 2.00104 0.8837 -0.37726 3.50973 -0.3367
-4.59185 -4.2543 -9.63465 -14.79493 1.66403 1.26441 -0.93573 -1.39983 1.48618 -1.11872
-1.70638 -2.1664 -7.59532 -16.41647 1.99133 -0.0951 -1.08837 0.5161 0.10729 -1.96029
-2.09317 -2.65683 -8.19873 -16.12496 1.69699 1.93701 -1.21399 1.49821 -0.08367 0.62905
-0.52502 -2.38874 -8.64302 -16.29317 1.72207 -0.45956 -0.87656 -0.78519 -1.08165 1.32151
-0.10456 -0.9651 -7.40832 -16.46968 1.40257 -0.67939 -0.53554 -0.8345 0.74472 0.34058
0.61111 -3.75859 -6.05671 -17.86359 1.10483 -0.209 -0.79437 -0.50028 0.84064 0.82107
1.98359 -4.71501 -6.21678 -18.44466 0.81776 -0.92696 -0.15141 -0.05183 -1.71607 0.08712
3.5305 -3.81969 -5.60789 -16.8119 -0.12486 -1.88661 0.0838 0.54995 0.0332 -0.45377
1.36733 -4.56218 -4.18157 -17.10436 -1.73582 -1.21157 -0.38501 0.68898 -1.16034 0.43809
0.84498 -1.86097 -3.60122 -16.73145 -0.91773 -0.36149 -0.01918 0.92335 -1.43994 0.95655
1.21884 -5.61484 -0.60099 -16.9211 -0.83735 -1.16524 0.48039 0.41591 -3.0571 0.24856
0.97802 -5.2432 1.59875 -16.9529 -1.13084 -0.55061 0.63341 1.48052 -2.87875 0.49884
-0.05334 -2.94427 2.58091 -15.92296 -1.27713 -0.49058 -0.47401 -0.23219 -2.48013 0.99054
0.39592 -4.30676 2.18017 -14.17815 0.08188 2.24595 0.62404 1.34211 -2.45655 0.64519
-1.13667 -2.74179 1.48621 -14.88005 -1.14449 0.53427 -0.21626 -0.18642 0.70462 2.19509
-0.70789 -4.51563 -0.03956 -13.89971 0.0702 -0.95151 -0.02425 -1.47013 -0.68213 0.57595
0.78168 -3.03323 -1.41752 -11.21254 2.07062 -0.63578 1.69967 -0.25482 0.29343 1.69496
1.20715 -3.04584 -3.09426 -10.44436 3.01714 -1.63562 0.07493 -0.66054 0.61465 3.05843
1.52972 -3.09995 -3.76647 -9.01602 2.23313 0.77453 -1.27174 -0.52678 0.68928 0.6401
3.10549 -1.61497 -2.58939 -8.01144 0.66657 -0.22712 -0.75998 -1.24586 1.08427 0.974
2.83904 -4.58056 -2.49369 -8.13391 1.34132 0.51739 0.73027 0.05749 2.31659 1.18498
3.15439 -2.34185 -2.69489 -8.39947 1.83177 -0.55146 -0.58542 1.99824 2.56548 0.75883
2.33666 -3.40925 -1.66692 -7.97041 2.05414 1.56436 -0.3059 0.36507 1.82308 -0.79092
2.74383 -3.39291 0.50231 -8.38879 3.9631 0.44594 0.94993 -0.37403 -0.47731 -1.30943
3.89382 -2.52691 2.99501 -8.20605 2.95251 0.85791 0.17257 0.44599 -0.49232 -1.87386
4.25597 -2.99951 2.77938 -6.39249 0.90886 0.55394 -1.54859 -0.50911 -1.48518 -1.0236
4.96177 -2.78683 3.97172 -6.96782 0.99858 1.98483 -1.39726 -0.31191 -1.17771 0.11345
5.57752 -1.86231 5.58311 -6.3305 1.3843 -0.16259 -0.7495 -0.31937 -0.3987 0.8804
3.19564 -3.57949 5.4501 -5.2419 -0.85083 1.16688 -0.84517 -1.97621 -0.39788 0.56823
2.01891 -3.11753 5.38176 -4.47869 0.08793 -0.38718 0.10734 -1.00534 0.13067 -0.12742
2.13445 -1.47249 4.57259 -3.58905 0.20681 -0.84007 0.31126 -1.43931 -0.70632 -1.38646
1.63685 -2.19514 5.31672 -3.94871 0.89589 -2.38426 2.15716 0.26521 -3.6502 -0.14137
-0.78677 -3.16303 6.07352 -1.63428 2.41037 -1.43563 2.63019 -0.14222 -1.88861 -0.50199
-0.84449 0.31215 5.20147 0.44088 3.2612 -1.13541 -0.72631 -0.36948 -1.79812 0.33017
-0.62007 -2.49955 5.58232 0.69155 2.91698 -1.13167 -1.47763 -0.79684 -1.77511 -0.30366
0.46534 -1.21468 5.2166 0.85516 2.27729 -1.00438 -0.24512 0.73509 -2.42015 1.99612
1.68607 -1.1845 1.98062 3.54153 2.60333 0.92074 -0.40314 -1.67368 0.58639 2.86514
2.6631 -1.02353 1.72729 6.22198 0.4788 0.81803 -0.01247 1.54507 1.51855 3.17848
2.34505 -0.61027 1.11009 8.6749 -0.04087 0.5979 2.14738 0.41231 0.82867 1.89129
1.24256 -1.46022 -0.98583 10.1776 -1.16954 -1.84989 -1.20416 1.37831 -0.38205 2.12404
1.151 -0.29683 -0.40595 11.05252 -0.68031 -0.41332 -0.74062 0.94441 -0.46416 2.66762
1.59665 -1.1411 0.96035 10.4921 -0.93047 -1.59821 1.9643 0.21803 1.50366 2.48366
1.21285 1.62497 2.91426 9.83622 0.13522 -0.51285 1.52631 0.10319 1.83941 1.55932
-0.57177 1.55799 0.75857 10.59609 0.8608 -0.45814 2.66177 0.15747 0.84554 1.8386
0.60675 3.41225 2.1009 10.33954 0.32881 -0.30227 1.88248 0.28076 1.32741 1.20879
1.01052 1.46169 3.02737 9.8123 -2.21663 0.13945 1.89656 0.11889 2.63593 0.76589
-1.05096 3.65023 4.7779 7.377 -3.78652 0.20339 0.38518 0.93082 1.65993 -0.55399
-1.5334 3.33708 4.26116 7.67621 -2.61907 0.98549 -0.06911 1.02267 2.15266 -1.88265
-2.71196 1.78325 6.31583 6.29684 -1.41889 -0.03807 0.85848 -1.25283 -0.07439 -1.0099
-2.15469 2.74395 4.55211 5.94469 -1.80447 -1.64732 -1.35458 0.83605 -0.27867 0.30761
-2.16685 3.65476 4.6703 4.45197 -3.09051 -0.30397 1.13217 0.26359 1.19551 1.31694
-2.06178 2.60952 2.51798 4.77253 -3.70035 0.59413 -0.21967 -1.76663 -0.5863 0.05461
-2.10533 2.7819 2.6735 4.88637 -1.93895 0.91913 -1.37206 0.30359 0.49161 0.1855
-2.03445 0.99966 0.62531 4.46962 -1.73423 0.17701 -0.14117 -1.60127 -1.06222 -0.10787
-2.03633 1.5874 0.84778 5.04721 -2.14129 1.79878 -0.13015 0.1438 -1.4932 -2.12242
-1.7754 1.22608 -0.97967 5.82939 -0.30154 1.9709 0.39477 0.01514 -1.51247 -1.87049
-2.20937 1.9942 -0.2835 3.84625 1.36864 1.0426 -0.30235 -0.40871 -1.77017 -0.85177
-1.34621 1.57492 1.34216 2.79267 2.36047 0.51569 -1.30247 -0.97539 -2.0326 -1.35187
-0.71844 1.87352 -0.4336 1.50255 3.33908 0.50995 -0.47289 -1.49693 -1.65668 -1.10907
-0.69692 0.50061 -1.82387 1.77087 2.26194 1.32365 0.18167 -2.22728 0.50011 1.32796
-0.38932 1.30962 -3.95346 2.04815 4.0386 0.38363 -0.33093 0.64936 0.05086 -0.68286
0.39549 0.39661 -2.61194 -0.47847 4.08103 2.09286 0.60836 -0.05381 -0.90574 -1.394
2.53149 0.62744 -2.20051 0.94887 2.41118 -0.81801 -1.48495 1.11028 -1.04696 1.59108
3.92597 -0.36068 -1.4921 0.90933 2.19453 -0.18477 -2.95998 -0.37688 -0.66595 1.59582
2.44976 3.19393 -0.78596 0.47286 0.79664 -1.2395 -2.33829 -0.48046 0.27648 2.39726
1.71803 2.37501 -1.54719 1.44512 0.87485 -2.53819 -0.85756 0.97227 -1.55344 1.98982
2.78254 1.53125 -2.0522 2.22489 0.56531 -0.2296 -0.07534 -0.3309 -0.28012 2.11842
0.47472 -0.21994 -0.83378 2.81001 0.69848 0.76052 0.29627 1.56871 -1.386 1.68745
0.49172 -2.06921 -0.40181 1.59445 0.41839 -1.30851 1.41479 -0.79841 -1.33073 0.95265
-0.61588 0.49194 -0.54035 2.80788 0.3491 0.14715 0.91288 1.07834 -0.32567 -0.84288
-0.94557 0.78726 0.65372 2.42407 -0.45158 -2.03738 0.33317 0.92017 2.79529 0.37479
-3.03739 -1.18266 0.37211 4.58621 -2.48886 -2.22804 -0.08375 -1.16243 -0.05904 0.52531
