0.48235 -0.60635 1.35212 1.64338 2.89742 0.49075 -0.14454 0.40965 2.24554 1.65744
0.41739 -0.70357 2.23162 1.51562 -1.57174 -0.42784 0.36693 0.86566 1.26476 0.21797
-0.68959 0.71091 1.64886 2.57651 0.27172 0.96107 1.27477 0.91161 0.56087 -1.48917
-1.61239 1.14391 3.55066 2.58612 -0.97486 1.05479 -2.49712 -1.17145 2.15082 -0.92124
-1.32539 0.15439 2.76261 3.29603 -1.68826 -0.03011 -1.40555 -0.23659 -0.145 -2.18422
-1.97457 1.14619 2.79899 2.19845 -0.23421 -0.6372 0.16647 -0.80143 -1.00578 -1.48786
-0.98746 -0.58703 3.03922 -0.0456 -0.36578 -0.2419 -2.95025 -0.49255 -1.28831 0.44777
-0.97664 -0.08738 -0.13187 -2.35404 -0.74037 -1.10369 0.15721 -0.84931 -2.95866 -0.72523
-0.3667 2.12497 -1.13711 -2.99559 -0.16471 -0.38853 0.00995 0.71163 -0.78989 -2.51558
1.02528 1.30019 -2.45446 -2.04627 0.64952 -1.88258 -0.35722 0.86191 -2.06514 -0.51298
0.22965 1.6845 -2.07534 -0.84859 0.14413 0.85372 0.67327 0.52902 -1.38318 -1.79971
1.06768 2.18597 -1.78354 0.85286 0.40691 2.28752 1.1302 -1.13899 -0.55186 -1.48031
1.16436 0.04806 -1.20474 -0.30547 0.1778 1.36491 0.5837 -1.2507 -1.2683 0.54934
2.09939 0.52962 -2.65191 1.69899 -1.82449 -0.10066 0.73655 0.28291 -1.49794 -0.18305
1.56396 1.44414 -1.91984 2.60223 -0.27968 -1.62307 -0.89469 0.75831 -0.51723 0.04557
2.08685 -0.48004 -2.84835 4.06239 0.76263 -0.23751 0.5027 -0.18362 -1.5361 0.6665
1.01066 0.08126 -2.96576 4.49219 -0.2228 -1.72651 -0.42821 -0.33047 -0.45556 1.50269
1.73027 -1.56222 -1.69932 3.52594 0.22204 1.77864 1.12776 -1.10782 -0.95725 2.10617
0.36515 -1.2255 -1.38775 3.31058 0.09994 0.34572 -1.05789 0.88294 -2.3174 3.29299
0.15717 -1.32766 -3.52551 2.35169 1.48471 -0.70457 -1.11906 -0.09287 -4.8602 -0.13799
0.73027 -1.43996 -2.14916 1.56118 1.03304 0.76012 0.57175 0.80314 -5.02559 -3.18432
2.88947 -0.97889 -1.60463 1.44069 0.68588 -1.81871 1.08171 2.2938 -4.95082 -1.63864
3.39852 -0.82206 -2.48559 1.85462 0.07904 -1.17425 1.07859 0.17129 -3.97208 -0.75862
3.99364 -2.92787 -0.87417 2.81295 -0.10558 0.41187 -0.95303 -2.03651 -3.90047 -0.60384
4.87867 -2.31688 0.44288 3.28725 -1.29623 -1.17854 -1.44519 1.77823 -3.55668 0.27496
3.48905 -1.04105 -2.08443 2.67944 1.54585 0.79142 2.55197 1.47349 -3.43636 -1.91524
4.15859 -0.72342 0.23804 1.07218 0.14084 -1.15065 1.29014 -0.68759 -2.90184 -1.0926
1.3208 -2.17937 3.07847 1.17973 0.34533 0.12265 1.43562 -1.51058 0.24795 0.37482
2.02444 -1.22691 2.31296 2.34659 0.14606 1.50267 1.63423 -0.26967 0.35229 0.22887
1.71856 -2.00326 1.86912 3.00344 -1.83731 -0.63141 0.73407 -0.75264 0.33449 0.60315
2.72513 -1.02497 1.41326 2.6157 -1.96421 0.17588 -0.02994 -1.07256 -0.69016 1.40985
2.1378 -1.73314 1.06803 5.06033 0.02179 -0.03248 -2.32864 1.63877 -1.17299 0.52284
1.57213 -0.70058 -0.95307 2.67155 0.76642 0.52212 -1.16377 -1.08482 0.05313 1.12152
1.1497 -0.1569 -1.87856 3.95006 -1.66546 -0.43938 -0.85595 0.05166 -0.95803 -0.32896
-1.18025 -0.61891 -2.67993 1.99431 0.17352 -2.10022 2.27649 0.05324 -1.01997 1.38326
-0.92107 -0.55404 -1.13058 1.45836 -0.77531 0.49464 0.43835 0.82242 0.05039 2.59694
0.7975 -0.1177 -1.21185 0.31877 2.61167 -0.23629 -0.64475 1.79225 1.13854 2.01479
0.68144 -0.05007 -1.21988 1.2787 -0.04668 1.2891 1.73705 1.28705 1.30951 2.39791
0.3785 0.71592 -0.17618 0.53612 2.51268 0.82342 -0.91797 -0.72088 1.50226 0.46591
-1.54661 -0.22905 -0.99003 -0.48829 0.00042 2.60027 0.1762 -1.00566 3.16951 -0.84678
-2.48875 -0.37382 -1.19817 -0.80471 -1.11093 -1.82191 0.49689 1.35124 3.01789 0.60219
-0.34358 0.78505 -2.48296 -1.48289 -0.43976 -0.32668 0.67875 -0.13908 4.62652 1.29724
-0.74365 1.44789 -1.22425 -1.24811 0.1152 -0.12258 -0.63946 -0.24632 3.82756 0.57322
-0.57943 1.33424 -0.58539 -2.36383 0.21439 -0.61978 -0.57268 0.61297 2.99434 0.4163
0.48575 2.63489 -0.98936 -2.33023 1.51024 0.35054 0.05234 0.72065 3.83595 1.21766
1.61694 2.51043 0.76598 -0.69643 -1.06475 1.29736 2.69823 -1.17605 3.80169 2.29351
2.82538 1.27846 0.45725 -0.63901 -1.19391 0.22173 0.46031 0.14275 2.62991 1.18896
3.74954 2.86714 1.45842 0.49899 1.12355 0.28834 -0.32973 0.12872 4.08283 -0.44856
4.37892 2.91978 2.58498 1.69547 0.45507 0.98029 0.86623 -0.47304 3.62363 0.61465
3.15427 0.47211 1.03655 0.00337 -1.1305 -1.44435 1.38171 1.54203 2.89766 1.52825
2.26536 -0.42235 -0.61963 0.70937 -0.14036 0.73271 0.07152 0.18045 3.84085 1.52942
1.63473 -0.73985 -0.0675 -0.17215 -0.27924 0.31015 -0.27961 -0.61964 3.26289 1.41467
0.68591 0.91747 0.02292 0.7712 0.12732 1.22428 1.66038 -0.75988 3.94823 2.48623
0.80976 1.60134 -0.15715 1.67107 0.49582 0.86264 0.74735 -1.74751 3.30804 -0.00946
3.08161 1.219 -0.53712 2.08284 -1.54992 0.14968 -0.97248 -0.08855 4.51685 0.74887
3.92658 1.11562 -1.66215 2.14692 -0.30788 -0.00824 -0.50645 -1.20689 5.88433 -0.48324
2.94729 1.36615 -1.20785 3.67548 -0.45832 -0.43914 -0.62748 1.07886 4.74157 1.12491
2.87746 0.20266 -1.33074 2.88997 1.50364 -1.7868 -0.71623 0.5615 4.41927 1.99208
3.83583 0.91885 0.03358 1.204 -1.63577 -0.54921 3.13531 -0.3845 5.40715 0.28817
5.62432 1.16966 -0.16934 1.29534 0.60333 -0.34817 -1.03046 -0.47479 7.05841 -0.14418
3.10827 2.11909 -0.88405 1.77954 -0.08906 0.46361 0.25231 0.63247 7.30591 -2.65339
2.75682 4.09706 -1.32937 0.92061 0.21145 0.70968 -0.18233 0.70388 8.29983 -1.68691
2.2683 -0.31516 0.57401 0.82347 1.58622 -0.92815 -2.02418 0.41571 9.06091 -0.73116
1.34371 2.75326 -0.98886 1.63318 1.21584 0.15973 -0.44617 -1.20965 6.28591 -0.73905
-0.4085 3.0003 -1.08188 2.81049 -1.28949 0.07074 0.45312 -0.74173 5.32843 -1.68429
0.05034 2.78673 -2.23838 1.61945 -1.84449 2.15076 1.92878 1.65203 4.83802 -1.17501
-0.22829 3.52706 -1.50528 0.72394 1.27928 -0.18987 -0.30394 -1.58011 5.70149 -2.11932
-0.63591 3.82323 -0.57638 1.03289 -0.74191 -1.22948 -1.33841 1.31817 5.18164 -0.76388
-0.4257 2.21554 -0.49568 0.11978 -0.84834 -0.13076 0.19865 -0.12035 4.03873 -1.76047
0.50037 3.07457 -1.61914 0.9993 -0.56661 1.32505 -3.43003 -1.163 4.90445 -0.26134
0.88193 2.17395 -0.00242 0.79149 -2.24965 -0.20928 2.52942 -0.30237 4.03833 1.53296
-1.40753 4.23877 1.20841 0.07553 -2.18571 -0.28812 1.20429 -0.74766 5.04758 1.55617
-1.81156 3.37159 0.39103 -2.4223 0.59658 -0.36469 -1.51192 1.29457 5.61664 0.71098
-0.97919 2.66842 0.31568 -3.00182 -0.32531 -1.11254 0.14599 0.18525 5.88094 -0.30899
-1.30245 1.0739 0.17829 -5.70489 0.1408 -0.5903 0.20203 -0.55397 4.08375 -0.03894
-0.04944 1.65243 0.66532 -6.47706 1.14676 1.67062 -0.85361 0.32314 2.27302 -0.78086
-0.63756 2.52225 0.71446 -4.72801 -0.69097 -1.36917 -0.76159 0.09356 3.13893 -0.39066
-0.8154 2.23905 0.80975 -2.45417 -1.3368 -1.03281 0.44427 0.71233 4.20118 -0.85903
-0.08845 1.47064 1.45888 -2.15201 0.08239 1.11948 -0.91431 1.89275 4.03489 0.65819
-2.73812 0.74205 0.11263 -1.69166 0.98423 1.72574 0.44903 -2.62259 3.61779 0.40636
-3.25238 -0.05903 0.935 -1.83889 -1.4172 0.90571 -0.42041 0.56226 2.45136 0.55534
-3.727 1.7625 -0.96715 -3.94867 1.06308 0.36185 -0.63296 -0.8743 2.3492 0.42979
-3.70792 -0.2876 -1.28527 -1.98774 -1.38826 0.75515 0.06011 -0.88492 1.45185 -0.04395
-2.10941 -0.93303 -0.85118 -2.06956 0.44387 -0.33526 1.10304 -1.76136 0.56124 -0.87951
-3.14922 1.57973 -1.12643 -3.16334 0.83844 1.04593 -1.6919 -1.94108 3.11873 -0.55015
-2.98332 -0.40488 -0.75355 -2.42302 -0.5245 0.60137 1.12209 0.92785 3.11738 -0.16611
-2.12395 -0.02331 0.91208 -1.06764 -0.4978 -0.14684 -0.13322 0.74198 2.64875 -0.60984
-2.52518 -0.61634 2.38634 0.26945 0.2893 -0.50042 -0.44532 1.00635 2.39603 -0.64336
-2.54234 0.44959 2.15921 0.12417 -1.15151 0.38559 0.87807 -1.40065 2.08363 0.21681
-2.08123 0.79645 1.7466 -0.06853 -0.18994 -0.3092 -2.62916 -1.16009 2.23332 0.51591
-0.3317 -0.23985 2.11127 -0.32811 -0.7061 -1.13457 0.71372 0.14019 1.16873 -0.79752
0.66784 2.23136 2.8319 2.25378 -0.70076 -0.70576 -0.14499 1.36181 2.11031 -1.53278
-2.00131 0.91851 2.59579 1.74333 0.24218 -0.63956 -0.95944 -0.85005 2.30136 -0.98641
-1.17772 1.63853 3.09806 0.89964 -0.12488 0.78391 0.56855 -1.58119 2.39726 1.53527
0.73211 2.46918 0.93742 0.73367 0.56326 1.16123 1.3762 -1.88401 3.84894 3.4568
0.00615 -0.34886 0.30346 -0.22466 -0.0223 0.20882 1.20143 0.75079 4.83434 -0.21601
-0.30094 -1.19902 -1.0672 0.10435 1.30192 -1.01147 2.19051 0.44657 5.85816 0.8788
-1.133 0.83445 -0.55793 0.39816 0.81852 0.69813 0.49466 0.34725 7.24649 0.318
0.27224 -0.1994 0.12529 0.7674 1.40929 -0.16851 -0.11469 0.25415 7.77323 -0.34765
-1.36214 2.69182 1.19418 0.5558 0.17084 -0.40499 -0.08201 -1.10873 8.39291 -0.51571
-2.35237 3.27968 3.10612 -0.3221 -2.14193 1.54188 -1.0933 0.2346 9.97653 -0.71704
-1.73226 3.80096 2.18873 -1.42128 0.21325 1.23108 -0.24588 -0.21248 9.93758 -1.92039
-1.55852 1.63834 2.2585 -0.64138 0.707 0.33492 -0.70376 0.58056 9.57102 -1.28108
-1.78559 3.12989 1.71512 -2.20395 1.94962 -0.72091 -1.34024 0.41 8.59824 -0.15925
-1.61105 0.9 0.31272 -2.05559 2.79349 0.29016 1.5227 0.49836 7.98602 -0.47249
-0.86004 2.60729 1.19689 -2.94534 -1.33605 -0.15383 1.46762 0.74908 7.10023 -0.03653
-0.79199 3.65871 1.49756 -2.88302 -0.35433 -0.55495 1.68957 2.56927 7.48896 0.10244
-1.65225 4.12351 3.33646 -0.75262 0.42313 0.60004 -0.6656 -0.64533 8.07298 0.30053
-3.19971 3.73843 4.05434 -0.92979 1.38837 -1.51012 0.14933 -0.12178 7.2183 -0.7422
-3.6532 4.93687 3.05308 -0.09179 1.76913 -0.19293 1.0524 1.02921 5.78321 -0.00038
-4.207 5.34235 0.79609 -2.15245 -0.09503 1.07023 -1.40861 0.69183 4.7182 0.6658
-2.61891 4.35603 1.24609 -1.27229 0.37507 0.11347 0.13837 -0.93899 3.95755 0.89285
-3.7999 5.52613 1.15372 0.10881 0.63467 1.47088 -0.54978 1.22277 3.27612 0.54329
-2.70301 2.92784 1.75982 -0.23585 1.71355 2.25226 -1.0587 0.98402 3.10527 -0.50237
-2.07924 4.22656 1.96835 -0.71359 -0.65505 1.25558 -0.18594 0.13301 3.45207 2.1386
-1.9611 2.53483 2.73322 -0.53506 -0.13371 1.07075 0.48401 0.91179 3.28361 2.29935
-1.54726 2.03206 2.9484 -1.52561 0.03881 3.72335 -1.41742 1.27707 4.27633 0.96849
-1.78493 3.42501 3.40594 -2.1506 0.00264 -1.29303 -1.15365 -0.82893 2.60419 -0.21749
-3.08781 3.01406 1.96935 -1.77961 -0.78427 1.49478 -0.83837 2.27301 1.97941 -1.39866
-2.1142 3.45078 2.88229 -1.4562 0.59318 -1.73165 0.54749 0.82801 0.65369 0.05822
-3.68273 2.80437 1.98474 -1.67067 0.95719 0.09861 -0.12284 0.19938 0.4603 -0.47937
-5.67901 3.62096 2.82027 -2.45557 0.91239 0.70297 1.47509 -0.15696 -1.62128 -0.88578
-6.27957 2.38142 3.7578 -1.15661 -2.3034 -0.33794 1.72344 -0.34878 -0.74345 -0.41831
-4.42405 0.77745 4.20144 -0.36768 -1.30347 0.30745 1.6047 1.51979 -0.16371 -0.76564
-2.41357 1.45921 4.72564 0.32909 2.27061 0.93124 -0.27615 -0.00615 0.38084 -1.66976
-1.66956 1.57748 5.82919 1.71636 0.89069 0.43502 1.76492 -0.40338 -0.16325 -0.38566
-1.0032 0.99181 7.54547 2.35963 0.78821 -0.83057 0.54638 -0.18395 0.77894 -0.84103
0.00273 1.19907 7.02859 2.68084 0.44719 0.96473 0.53942 0.50839 -0.25784 -1.36729
-0.84155 0.00823 6.45401 1.0276 0.80341 -1.19628 -0.90456 0.40576 -0.12886 0.21438
0.40271 0.37181 6.21019 0.40803 -0.11681 -0.75132 2.67184 -2.13537 -1.88622 -0.76006
0.45995 2.1381 5.64118 0.74356 0.49673 1.17976 3.42433 0.50037 -0.84005 -3.14779
-0.56185 3.67962 3.28502 1.71289 1.64363 -0.78293 -0.73312 0.25563 0.26754 -0.62654
1.44383 0.39311 4.83978 1.89362 -0.56221 0.75646 0.23492 -1.31441 0.19935 0.49717
1.38357 0.08267 5.1958 0.71474 0.13741 1.41641 0.83781 3.12932 -1.27403 0.9216
1.12541 -1.5591 4.98537 1.38489 -0.18137 -0.05971 0.73401 0.48593 -0.97866 -0.07119
0.20693 -1.02345 6.03278 1.15083 -1.38289 0.24026 1.06811 -0.96198 -0.93458 0.42413
0.2991 -1.58279 5.48792 2.06214 1.83407 0.77769 0.89123 -1.38126 -1.22177 0.01902
1.11961 -0.84505 6.63799 2.23234 0.13407 -0.54812 -0.08373 1.9403 1.15275 -0.02917
0.56857 -0.87349 5.89493 2.55035 0.59892 -0.84207 2.78657 -1.51975 1.10561 0.8114
0.37467 1.18561 4.76075 1.27519 0.48519 0.49656 0.17562 -0.41049 1.66926 -0.05308
0.44077 -1.12572 3.05514 -1.2223 -0.7106 -1.42007 1.01649 -0.23624 2.72793 -0.16017
0.919 0.60884 3.4094 1.12951 0.65586 0.8748 0.43403 -0.33571 4.28703 0.80191
0.58304 -1.07802 3.01614 -0.60033 0.14642 1.51682 -0.19582 0.20666 2.2539 -0.46378
0.15728 -1.60381 2.62384 -0.11318 -1.7167 -0.56286 2.0661 0.07793 1.96631 -0.17729
1.29499 0.39405 1.8608 1.32143 1.82389 0.65031 -0.93749 -1.18424 2.77864 0.86145
0.7243 0.64396 0.08275 1.46088 -0.46995 1.20127 -1.55226 0.79078 2.95705 -1.48019
0.34151 -1.43943 -3.01132 1.36731 -0.26198 -1.68904 1.56775 0.816 4.20141 0.78238
0.2272 0.9497 -1.58359 0.8049 -0.08649 0.11157 -0.81259 1.03305 2.8034 0.87366
-0.4292 -1.35712 -1.98252 0.31479 -0.57679 0.11462 -1.23835 -0.74492 4.64299 0.90103
0.63705 0.53374 -1.3004 -0.07053 -0.22957 -0.64013 1.93433 0.47657 3.51918 0.66737
-1.30817 1.14476 -0.98502 0.35628 1.82698 -0.29713 0.72546 1.64456 3.45213 -1.10526
-1.65459 0.86629 -0.83146 -0.64257 0.30726 0.65974 0.3792 -0.2217 3.10968 1.33524
-1.43093 -0.14325 -0.84286 -1.93506 1.11219 0.92283 0.83618 0.79151 1.7474 -0.16879
-1.58279 -0.05328 -1.6856 -0.70388 -1.81386 0.60438 -0.88963 -0.08573 2.11906 1.63877
-1.55167 0.86846 -1.91479 -1.83251 0.08179 0.5749 -0.99365 0.97673 0.3766 0.60055
-1.37082 0.50677 -2.35136 -1.24494 0.56401 1.053 -0.56235 -1.40357 -1.54509 -0.203
-1.52656 1.17064 -0.79672 -1.08395 0.95781 0.73422 0.6183 0.03937 -1.84236 -0.83077
-3.24028 1.18766 -0.62695 -1.48123 0.99526 1.27081 -0.50931 0.34229 -2.73511 0.5095
-2.76873 2.86714 -0.19161 -2.83379 0.42797 -0.14219 2.08005 0.17726 -3.37107 0.66516
-1.44283 -0.25942 0.78929 -1.66177 2.40462 -0.38207 0.42072 0.64725 -0.66444 0.30467
-3.09323 -0.43685 1.621 -2.35062 0.87067 0.95863 -0.83206 -0.29016 -0.92482 0.3963
-2.60381 0.02806 1.26465 -2.46322 -0.78493 1.08123 1.67677 -0.11435 -1.35761 0.51508
-3.7772 -0.39004 1.18081 -2.03006 0.59133 1.97353 -0.41751 1.76287 1.01111 0.27396
-3.61258 -0.72438 0.39493 -0.78929 0.46721 2.51004 0.30835 -0.33579 3.42124 -0.10393
-3.51174 -0.26077 1.48698 -0.81473 0.05693 2.87091 -0.45992 0.22486 3.99264 0.48019
-4.29824 -0.52151 0.95326 -0.30513 -1.06091 -0.82405 -0.43391 2.55757 5.10137 1.82764
-4.86073 -0.31688 0.15705 0.51984 1.74591 0.52256 0.014 -1.00987 4.79272 1.56012
-6.03858 0.87375 0.78282 -0.0698 -0.04471 -0.28946 -1.21244 -1.57054 5.74355 0.68544
-6.02573 2.49409 -0.15635 0.86933 -1.0422 0.04843 1.61665 -0.9568 7.11385 3.26466
-6.17219 3.27168 -0.63953 1.96662 -1.61387 -0.65022 -1.15044 -0.10347 9.87974 1.20513
-4.66807 0.75028 -0.35107 0.95361 0.37908 0.95808 0.88593 -0.64492 9.17189 0.10913
-4.986 -0.33736 1.23528 -0.04924 -1.29971 0.8587 0.0178 0.06058 9.7496 0.25197
-4.78199 1.94852 0.48456 -1.36231 0.29652 -0.44471 -0.94528 0.68292 9.01191 0.39482
-4.18957 3.51467 -1.87099 -1.40806 1.68357 0.31676 -2.58568 -1.83563 8.02833 -1.12494
-2.73902 2.16707 -2.75805 -1.52169 -0.99625 1.81256 -0.59281 0.14303 7.12468 -0.84905
-2.47628 4.03465 -3.754 -0.52812 0.86209 -0.0879 1.06505 -0.1447 7.56749 -0.27503
-2.24283 4.66832 -3.63152 -0.43155 -0.49379 0.00401 -0.56066 -0.99695 6.80074 0.02615
-0.17898 1.90345 -2.14057 0.24365 -2.12101 1.0854 0.16018 1.35767 6.48001 0.88916
2.1669 4.23669 -3.15715 0.05677 0.932 0.56884 -1.13772 2.28112 7.98949 0.04144
-1.2318 4.60139 -5.03187 -1.31767 0.19088 -0.16719 0.33324 -1.30077 6.70953 0.30485
-0.79044 1.6598 -4.65979 0.22844 -1.91373 1.22586 0.86249 0.449 6.81097 -0.29141
-0.27986 3.88121 -5.79497 -0.4051 0.79385 0.887 -0.54922 -0.25677 6.60823 -0.19161
0.6114 3.65388 -6.7243 0.65498 1.67282 0.17851 1.25307 -1.65276 5.26186 0.03479
0.94485 2.83896 -6.00353 1.28635 -1.59531 -0.66858 1.24135 0.39601 5.60302 -0.079
1.15059 3.89901 -6.10633 0.94455 -2.30582 0.00794 2.51955 -0.4416 5.52039 -0.08142
1.14185 5.35711 -5.11324 3.88707 -0.7816 0.06049 -0.31284 1.01168 4.91801 0.69449
-1.1179 2.91138 -2.93771 4.74958 -0.45886 -2.56887 -0.72995 0.65321 3.96397 -1.35973
-1.14007 3.67918 -2.22012 2.87662 -2.34048 0.03922 -0.2234 -2.01171 3.82607 -0.1012
-2.47228 2.14426 -1.28171 1.08511 0.06971 -0.17038 -0.52553 -0.32897 2.3261 -0.83555
-1.24369 1.20067 -0.84455 0.57081 0.88091 -1.40932 1.50117 1.80703 1.05362 -1.26694
-0.55175 2.86269 -2.03169 -1.1164 -0.03302 -1.3265 -2.58132 -0.23828 1.79223 -0.10824
-1.4618 2.21393 -1.37951 -1.94321 -0.42037 -0.377 2.14988 0.304 0.29779 -0.99207
-1.57838 0.28452 -1.42606 -2.28227 -0.89943 1.35294 0.41548 -0.29974 1.0269 0.57355
0.70706 2.09238 0.89414 -2.88923 0.63594 -0.30811 1.02251 0.37475 -0.49303 1.79934
-1.1363 1.43379 0.42249 -0.94903 -0.7822 0.04339 -0.68033 -0.03248 -0.10233 1.60299
-0.17444 1.95783 -1.4429 -0.51709 0.11618 -0.77889 -0.46818 1.64676 -1.20902 1.60415
-0.35893 -0.33388 -0.11773 -1.89674 1.50971 0.10398 -0.95574 1.38074 -2.78407 0.67215
-0.88717 0.40974 -0.27759 -2.74374 0.67899 0.88698 -0.05453 3.11887 -2.89106 -0.79193
-0.83266 -1.45955 0.00139 -2.54002 -0.11462 -0.49934 0.76545 -1.06035 -1.96008 0.62355
-1.70082 -1.87259 2.21083 -4.14075 -0.87614 0.87872 0.8123 -1.68433 -3.32302 0.15708
-1.23097 -0.8795 0.55402 -3.20671 -1.18988 -2.95804 0.84809 0.15767 -1.56244 -1.44326
-0.99539 1.89447 0.44822 -3.58977 0.05962 -0.90576 0.76717 2.00661 -1.13229 -1.56101
-0.13349 -0.67787 1.01231 -2.41055 1.59868 -0.34197 0.09133 0.39926 -0.35319 -1.35628
0.8468 -0.65513 1.25108 -2.17949 0.28185 -0.08732 1.57259 -1.39738 -0.0003 0.67706
1.5688 -1.48898 0.45557 -1.75992 -0.09774 0.53106 1.88279 -0.70703 0.17538 -0.36553
2.89809 -2.02768 0.62437 -0.82664 -0.6338 -0.16038 -0.11465 -0.79832 -0.06594 0.90293
2.91412 -1.70861 0.43664 0.93067 1.09353 0.08258 -0.32243 -0.57561 -1.05521 -0.55911
4.41224 -1.08729 -0.04828 0.00091 -0.7404 0.38639 1.08928 -1.1161 0.22769 -0.49835
4.59403 -1.25105 0.38217 -0.20202 -0.82948 1.21818 0.70768 -0.27598 -0.39878 0.72208
6.07948 0.78143 1.1235 -0.22552 -1.71488 1.37562 -0.37353 -1.21535 -0.27823 1.38455
5.33187 1.45208 0.46929 0.53278 1.01853 0.14921 -0.34918 -0.32999 -0.24054 0.43921
5.47398 0.80819 0.42843 1.40862 0.72573 -0.02255 -1.13326 -2.27592 1.44299 1.1974
4.59619 1.67227 0.61118 2.75854 1.11635 -0.17909 0.20159 0.27899 1.22061 0.45125
3.72363 0.01788 1.72223 1.66207 -1.04455 -1.12134 0.1905 0.21829 -0.22291 -0.32053
3.04702 -0.91814 1.76599 -0.36196 -0.46749 -0.59199 0.20093 1.35451 -0.77253 0.58122
3.4231 -1.76848 0.6074 -1.28422 0.28663 -1.30269 -0.30485 1.10156 -0.88263 0.66183
3.66584 1.72912 1.58273 -0.03544 -0.19819 -0.33631 0.53664 -0.68177 0.01235 -1.15246
1.9249 3.22396 2.20173 1.53501 0.38027 -1.14975 0.53612 0.46519 -0.91297 -1.36332
3.38014 2.92685 2.09992 -0.01814 0.79574 1.58545 -1.02353 -0.8201 -0.45483 -0.56972
2.63765 1.56614 1.42488 0.95463 -1.6869 1.47302 0.36618 1.72478 0.66479 -1.66506
2.17976 -0.54122 1.64104 0.4811 -0.0583 0.59173 0.76243 1.13714 0.51163 -0.32151
4.23062 2.15459 1.20503 -1.12509 -0.5105 0.58285 1.14339 -0.70624 -0.08497 0.1329
5.0793 1.42131 4.10458 -3.61124 0.64876 0.664 0.7201 -0.06798 -0.53184 0.12432
5.83332 1.34992 3.33854 -4.04919 -0.36099 -0.13852 0.03781 -1.21147 0.30604 -0.14505
5.93231 0.51949 3.07862 -4.33888 0.24697 -0.69519 -0.39554 -1.84081 0.66287 -0.63725
5.70197 -0.16078 4.22453 -3.13036 -0.9972 0.28442 -0.95151 -1.44516 0.58464 0.85394
4.05135 -0.3413 3.09009 -2.19193 0.3556 0.36998 -2.00977 1.65978 -0.38545 0.14852
2.2179 -1.25297 2.55574 -3.91738 0.27557 0.32933 0.08342 0.76856 -1.20355 0.27852
1.86091 -1.8199 2.67377 -3.41031 -0.81169 1.41787 1.38599 0.88682 -0.98603 -0.56516
3.10463 0.10654 2.67381 -3.52196 0.68136 0.15152 0.00702 -0.33164 0.2485 0.02538
3.10805 -0.19581 2.99577 -2.85533 0.44571 0.32491 -1.05527 -1.09503 -0.52947 -0.51428
2.25802 0.21216 1.42093 0.27952 -0.22827 -0.06611 0.8983 0.97444 1.4582 -2.14746
3.17126 -0.78341 2.11918 -0.75666 0.70438 -0.53815 -0.75778 0.28204 0.83814 -0.41515
5.02907 -2.98167 1.00032 1.77995 1.65787 -0.08787 1.17347 -0.68505 1.93168 0.98485
6.27903 -2.14978 2.94577 1.86275 -0.94916 0.53636 0.05552 0.02735 3.10753 0.43283
6.08529 -2.65193 2.29504 1.43522 -1.45379 0.7245 0.37856 0.42738 4.71289 0.47228
5.7207 0.90842 3.53849 2.12735 -1.4198 -1.26382 -1.26451 0.29586 3.48157 -0.20785
5.73596 -0.21968 3.12577 0.47416 0.70694 1.46153 -1.43691 0.38681 2.69915 0.70781
6.3696 1.1523 2.98728 -0.07997 0.06088 -1.26459 -1.43196 -0.49538 0.99207 0.78552
5.6089 1.95599 2.6943 0.47812 0.34125 -1.43162 -1.06332 -1.11481 -0.27076 0.16826
4.15347 3.26251 1.13423 -0.53555 1.25221 0.2514 -0.19041 2.52609 0.30402 0.42082
3.10539 0.87533 0.98769 -1.08127 0.92815 0.55367 -0.31864 -2.04336 1.64087 -1.36888
3.31297 1.275 1.1961 -3.24202 -1.94788 1.2017 0.01642 -1.18702 1.76609 -0.5317
2.4167 -0.09488 -0.45133 -2.97166 0.13853 2.04674 -0.40925 0.22121 2.04365 0.53179
1.97746 1.07794 -0.73143 -2.01185 0.33076 2.08301 0.46814 -0.23824 0.91727 -1.31441
0.28307 1.0167 -1.58767 -0.7793 -1.50081 -0.09472 1.17582 -0.15318 -0.0195 -1.60425
-0.00113 -1.492 1.48689 -1.66983 -0.20649 0.51457 -0.06451 0.91888 0.60972 -0.93089
0.01415 -1.42036 2.02497 -1.39477 1.00085 -0.31195 -0.30802 1.78086 0.04144 -2.30154
1.29217 0.81208 1.38042 -0.5099 0.39828 1.88224 1.00309 0.01458 -0.05446 -0.93719
1.4157 1.94758 1.47983 -0.56736 0.76631 0.75096 -0.35984 0.95748 -0.71343 0.06119
1.90342 1.98771 1.71788 1.36184 1.41359 1.62956 0.44819 0.28755 -0.69667 1.71043
1.6239 0.35267 2.46933 1.37367 -0.24462 1.02558 -0.00354 1.29555 -2.4959 1.25592
1.91188 -0.47301 2.347 2.83951 -2.03238 -1.2529 0.3357 1.18573 -2.16929 1.19774
3.13984 0.06077 2.11709 3.42843 0.30703 -0.4703 -1.11328 -0.70776 -1.34121 0.66465
3.89145 -0.03422 1.286 2.33157 -0.39156 -0.53957 0.7886 0.67252 -1.82374 -0.20768
4.39584 0.14918 2.55094 1.39888 -0.30042 -1.08346 -1.08382 0.31254 0.12974 0.89034
4.40983 1.2644 0.80944 -0.58076 -0.15611 0.00997 0.25099 -0.16976 0.65929 0.55702
3.96584 -2.51423 0.75274 -1.47314 0.82834 2.16257 -0.66527 -0.02291 0.1812 1.79178
3.96566 -0.00208 -1.84516 -2.3173 0.94445 1.20095 -2.23485 0.45696 1.56724 -0.6819
3.57316 0.31517 -2.53298 -1.61922 -1.7539 0.22567 -0.65234 -0.56834 -0.15483 -1.3825
4.16128 0.24135 -0.69604 -0.73683 -1.23491 1.10804 0.71758 1.33343 -0.87958 -0.35536
4.62478 0.42126 -0.7658 0.0336 -0.08529 -0.30248 -0.74356 1.42214 -1.62304 0.24514
3.38534 -1.06383 -0.99319 -0.81582 1.2997 1.09582 -1.72259 0.17612 -3.43387 -1.51612
3.21616 -1.73566 -0.63062 -0.04365 0.46498 -1.30097 -0.91308 0.17433 -3.52774 -0.66076
2.87363 0.75633 -0.01649 -0.58472 0.25163 -0.74843 -0.61484 -0.69442 -3.43932 1.08219
1.53721 -0.3387 0.27367 -0.86492 0.94002 -1.21544 0.54075 1.56743 -6.06263 3.56127
2.9729 0.35526 -0.23289 0.44876 0.18472 1.54417 1.17474 -0.21761 -5.44971 2.944
2.01411 -1.48296 0.30436 -0.10639 -0.20902 -0.722 0.5489 1.818 -4.64543 0.68821
0.9541 -3.02451 -0.67258 0.46284 0.03396 -1.60979 -0.88822 -0.6166 -4.07632 -1.24579
1.11397 -2.98043 0.94303 0.24019 -0.22511 -1.05173 -0.82276 1.1085 -3.83777 -0.63584
0.94068 -2.57677 0.51092 0.46643 -1.12969 -0.60704 1.0483 1.21977 -5.2875 -1.0294
-0.68234 -3.50116 1.91721 -0.97445 0.53584 -1.16546 -0.97591 -0.73733 -3.31044 0.51857
2.64924 -3.11663 1.2605 -1.09659 0.73334 0.59686 -0.58522 -0.98269 -3.05996 -0.07925
2.21287 -1.9793 1.05791 -2.2671 -0.44606 0.30137 0.08549 0.10285 -1.6061 0.01331
3.66756 0.59298 0.67666 -1.97946 0.19495 -0.57573 -1.56396 -0.62905 -2.13128 0.10063
3.73474 -1.39306 -0.12378 -2.69212 -0.27814 0.94898 -0.811 1.15927 -1.89432 0.85836
3.26284 -0.23967 -1.13633 -3.03123 -1.76733 0.78155 -0.74649 -1.3624 -2.55955 0.86425
1.38223 -0.3799 -0.82152 -2.62697 -0.78554 1.54359 -0.152 -1.17189 -3.19782 1.62394
1.16667 -1.78854 -1.61382 -2.36049 -1.5485 -2.12622 -0.38547 -1.10584 -2.85121 2.11965
0.25301 -2.41063 -1.7685 -3.16149 0.10363 -0.90628 1.67665 -0.26093 -4.14086 0.96802
-1.4979 -1.88641 -1.11267 -2.88936 0.01844 -0.84925 0.38736 -0.41105 -5.69451 1.44302
-1.1615 -2.52376 0.42652 -2.82349 -1.48899 -0.70404 -0.45861 -2.56973 -7.00373 -0.54801
-2.37314 -2.43563 -0.26856 -2.17365 0.43514 0.30661 -1.33417 1.5506 -6.87699 0.08599
-3.0559 -0.3618 -1.15466 -3.13747 -0.51914 -0.53442 -2.55439 -0.15883 -7.74062 -1.10663
-1.72327 -0.22765 -0.26246 -3.77193 0.02334 1.95222 0.22002 -1.13485 -7.98081 -0.79797
-2.29056 -2.799 -1.55914 -5.04834 0.76578 -0.71679 -1.26297 0.08718 -8.47255 -0.53767
-0.14771 -1.93334 -2.55211 -5.41766 0.10417 -1.27449 0.36796 0.69011 -8.70845 -0.44473
1.05665 -3.89214 -3.76273 -4.13987 -0.14848 -0.92089 0.89807 -0.00901 -7.47959 0.89706
-1.58187 -2.60705 -2.82354 -2.30607 -0.69689 0.98752 -1.3485 -2.8705 -7.51647 -0.27986
-2.0773 -4.3449 -2.53208 -3.61185 -1.2544 0.035 0.92942 0.58996 -6.4397 -1.15065
-1.82451 -4.48382 -3.06383 -2.31542 1.15752 -1.01393 -1.04359 -0.89963 -6.22877 -1.7487
-2.05845 -6.21194 -1.8258 -1.37246 -0.32643 2.3351 -1.28287 -1.54959 -5.03235 -2.16374
-1.50124 -6.57583 -3.84009 -1.31809 -0.93301 -0.02353 -0.27051 -0.72573 -6.06046 -1.82744
-2.51345 -4.68942 -4.33477 -2.3332 3.00719 -0.87889 -0.57297 1.42698 -5.56618 0.1767
-2.13026 -2.80465 -3.71273 -4.72562 -0.06666 -0.72781 0.57399 1.48781 -4.77919 0.19876
-3.51303 -2.84181 -2.32424 -2.34428 0.95403 0.7131 0.82102 -0.78399 -4.08524 -0.70703
-2.31204 -3.42272 -2.57421 -3.67432 -0.44903 1.63642 -0.40919 -2.00333 -3.23769 -1.98812
-1.33189 -2.44631 -2.61535 -2.92119 -1.98079 1.63411 0.39349 -1.57427 -3.12123 -2.96988
0.2808 -0.91145 -2.02564 0.23652 -0.95153 -0.65116 1.40125 -0.8063 -2.94979 -2.32727
0.83555 -1.83985 -1.94559 0.64242 -0.46111 -0.8922 -0.47873 1.38705 -1.64991 0.33378
