1.40217 -0.05986 5.13053 3.48618 -0.34234 2.24873 1.03936 -0.3672 -0.61144 2.63139
2.37402 -0.73684 4.86304 2.38778 0.86879 3.69284 1.34573 1.50698 0.03109 1.85463
1.99425 -0.14505 2.60561 1.44704 0.47114 1.79289 1.1029 1.66095 1.18782 1.62037
1.60965 0.2021 3.08166 0.40693 0.52753 1.78979 -1.44297 0.90736 0.75607 1.11787
2.33793 0.55701 1.63784 -0.17331 -1.10666 0.50009 0.47143 -0.18939 0.66063 0.60293
1.21234 -0.20744 2.24689 -0.91924 -1.19962 1.85907 0.24871 -2.4011 0.11386 0.4317
1.41056 0.3617 0.92151 -1.83528 -0.37405 1.96488 -0.2902 0.01296 -0.81887 -1.06268
0.64068 0.11629 2.49057 -2.80003 -1.05177 1.85733 0.87793 -1.16492 -1.32631 -1.33151
0.53155 -0.3412 -0.61752 -2.89981 1.33669 3.49811 0.01455 -1.70048 -0.02663 -1.01142
0.40237 0.09535 0.95704 -2.71483 -0.51026 2.80137 -1.19017 -0.60186 0.22249 -1.02952
-1.01378 0.40024 1.2775 -0.83617 0.56016 -0.46587 -1.73079 -0.67385 0.52608 -1.27624
0.57348 0.86853 -0.74819 0.77166 1.36823 -1.12727 -0.87952 -2.89703 -0.93389 -0.79745
0.29067 1.05955 -0.9336 0.36962 0.99777 -3.52956 -2.72517 -1.56608 0.46586 -1.51725
2.53436 -0.88175 -0.81758 0.15983 1.43295 -1.17851 -2.36399 -2.85372 0.31495 -2.1543
1.85479 -1.4377 -2.15019 1.27726 -1.4256 0.30378 -2.04009 -1.18116 0.69782 -1.76269
3.10242 -0.55589 -0.6193 2.50612 -0.6288 0.74775 -0.81653 -1.4168 -0.52641 -2.17843
1.84575 1.62764 -1.84225 2.83202 -0.9453 0.72316 -0.36124 -4.11465 -2.06397 -1.40648
1.96142 2.47243 0.45098 3.20953 -1.05848 0.16433 -1.90583 -3.48068 -0.90017 -1.12605
1.92879 2.42364 1.51405 2.95345 -0.30613 1.04183 -0.03099 -1.28108 -0.83787 -1.6415
1.24578 0.1803 1.11833 2.85724 0.89672 1.48345 1.43571 -1.87108 -1.31433 -2.26103
2.28673 0.83833 -0.00825 3.64229 -0.1411 0.75072 1.00278 -1.21239 -0.18588 -1.29714
2.64075 0.09612 0.83851 3.33836 -0.17948 1.44186 -0.22202 0.22407 -0.69398 -0.62223
0.03891 0.59379 -0.60328 3.12524 -1.50647 3.22393 2.06167 0.03137 -0.57831 -0.80483
-0.55409 -0.24223 -2.94057 1.67572 -0.6319 1.32796 0.18242 -1.17936 -0.76888 -2.02042
-0.70503 0.10545 -2.49447 1.31308 -2.02861 2.9611 1.30174 -1.42282 -0.7476 -2.17077
1.77369 1.70069 -2.29672 0.39171 -1.03121 4.01951 0.08416 -0.98859 -1.05255 -4.01353
0.78516 0.03699 -0.34758 -0.76426 -1.21556 3.15369 2.30133 -2.83686 -0.99609 -2.69562
1.57843 -0.2477 -0.45643 -1.02007 -0.00351 -0.45602 1.8775 -1.44051 -0.58807 -2.61046
1.37364 2.44338 -0.43578 0.41795 1.38361 0.34411 0.38747 -1.15662 -1.54938 -3.06473
0.08297 1.8901 -1.65379 -0.02483 0.95055 -1.92925 1.64535 -1.81222 -1.50731 -2.22815
0.57466 2.96121 -2.7876 1.2273 0.57499 0.02348 1.30374 -0.59427 -1.50804 -4.32322
0.47172 2.88073 -3.69494 0.03555 -0.34283 -1.43457 1.67868 -2.43246 -0.13374 -5.15087
0.35563 4.21464 -4.22786 -1.2584 0.56877 -0.73943 0.94399 -1.22981 -0.1184 -4.8501
1.01962 3.25595 -2.7903 -1.17311 -0.09737 -1.14052 -0.48436 -2.73658 0.64426 -6.36534
-0.60046 3.81753 -3.17575 -0.63895 0.90243 -0.25951 -0.44373 -3.16112 -0.4656 -6.15684
-1.84879 3.29951 -1.86853 0.55607 0.16968 -0.2731 -0.43082 -3.08908 0.24069 -5.41927
-2.01979 2.75742 -1.26226 0.64907 -0.34893 -0.85442 -1.79386 -2.00798 2.83316 -7.38309
-2.05988 1.98712 -1.56932 -0.36733 -1.27521 -1.88246 -0.51369 -2.16459 -0.02958 -7.23414
1.12499 -0.87166 -2.85536 0.35387 -1.51384 -0.30978 -0.60011 -3.1979 1.65333 -6.68474
0.21656 -1.35297 -1.83622 1.92483 -1.66252 -1.0955 0.67803 -3.03104 0.05901 -6.78542
1.61804 -1.75601 -3.4091 2.77646 -3.91471 -2.19412 0.9962 -1.97708 0.8602 -5.67961
1.94362 -0.34446 -4.14049 4.52273 1.53182 0.03211 -0.15976 -1.69045 -0.60883 -4.42799
1.58658 1.44465 -3.6896 4.30426 1.73155 -0.44211 -0.40614 -2.27186 -2.87504 -5.50222
1.12279 1.87718 -5.98954 4.01356 -0.55657 -1.38263 -1.00756 -3.18109 -0.70848 -7.44761
1.71876 0.42669 -4.65738 1.94385 -0.9924 -0.11629 1.3822 -5.05705 0.21976 -7.97601
3.02932 1.40249 -4.01811 2.58478 -0.75337 2.55329 1.62402 -5.27127 -1.27496 -8.18107
2.48449 0.64015 -5.1271 2.0362 -0.14301 2.0177 1.03457 -5.69084 -1.18484 -8.7815
1.9407 -0.30713 -3.2344 1.74043 1.47523 -0.62383 1.50645 -6.00301 -0.15779 -6.58454
0.4229 -0.42314 -6.40654 0.66267 0.46273 -1.22586 -0.49643 -5.15585 0.86271 -5.54212
0.50583 0.70089 -7.0731 -0.75041 1.24633 0.83397 0.2338 -4.38723 1.22869 -4.44127
0.3629 1.64676 -5.74068 -1.62686 0.026 -0.62481 -0.86208 -3.88671 -1.58867 -4.30594
1.6125 2.65294 -4.55952 -0.7886 0.52207 -0.11125 1.08509 -3.8661 -0.14492 -4.48707
0.19278 3.40175 -4.5892 -0.19251 0.09954 -2.00858 -0.98921 -1.75307 0.48073 -1.9593
0.7497 2.23679 -3.71626 -1.1611 0.63142 -3.35578 -2.71198 -1.01569 -0.00311 -1.83225
1.25274 1.3175 -4.4642 -1.96092 0.75461 -2.03214 -0.67877 -2.47524 -1.03998 -1.20861
0.67231 2.12553 -5.91218 -0.49598 0.12383 -0.63814 0.08094 -1.09094 -0.84591 -1.9959
-0.29491 1.25178 -6.31428 -0.87944 0.72352 -0.82388 -0.00961 -2.21044 0.67638 -0.03666
-0.21837 -0.18543 -4.70637 -0.51694 -0.54516 -0.69524 0.90061 -1.33325 1.50958 -0.92106
-1.57958 -0.86346 -3.65514 0.10959 1.00254 0.46757 -0.05263 -2.63739 1.11622 -1.34572
-2.4302 -0.16024 -2.97977 0.07018 -0.52762 -2.24034 -1.20779 -2.9069 1.45905 -1.62431
-1.88031 0.26822 -1.99987 -0.36345 3.0593 -3.54402 -1.29631 -1.37915 2.3684 -1.15435
-0.33904 -1.03058 -1.67281 -0.6636 -0.13341 -1.10592 -1.05025 -3.18492 1.15768 1.03646
0.47715 -2.0116 -1.65329 -1.22955 1.48993 -1.41971 -1.69611 -1.31118 1.09833 0.11508
1.16852 -1.48238 -0.06456 -2.95076 1.30119 -1.19121 -1.01812 -1.07613 -0.06455 -0.31365
0.85131 -0.29627 1.56785 -3.55683 -1.56846 -2.84749 -1.26093 -2.34293 2.31944 0.39513
-0.30104 -1.51358 1.47929 -4.51545 1.95953 -2.84561 -2.2398 -0.52613 3.37194 -0.13119
-0.31321 -0.74473 0.85021 -4.35617 -2.86332 -0.8987 -1.40778 -0.57656 -0.26055 -1.98352
1.94641 -1.31031 -0.92549 -4.04368 1.42442 -0.77816 -0.6624 -1.04918 0.18175 -0.97402
3.98232 -0.43983 -0.71971 -3.38366 0.21346 -0.9911 -1.94517 -2.30548 -1.20289 -0.9214
3.35633 -1.74891 0.65562 -2.36387 0.60477 -2.85644 -2.14059 -0.80053 -2.01192 -1.00106
1.93942 0.51708 -0.47758 -2.48031 -1.30052 -1.84098 -4.60483 -0.91065 0.10583 -2.24278
3.70103 1.87027 -0.44718 -2.14029 0.25106 -0.96946 -3.49768 -0.6507 -0.07812 -2.33478
4.29062 3.50526 -1.19243 -3.29907 -1.2433 1.65486 -2.25568 -1.16622 -0.203 -2.2972
2.82182 3.48681 -3.14014 -3.20264 0.54273 1.31087 -3.05163 -0.75807 -0.86341 -3.00849
2.58223 3.17365 -1.87424 -4.66102 -0.4802 -0.8203 -1.96724 -2.8063 -1.25129 -3.4945
3.58258 2.94151 -3.11351 -4.93651 0.73624 -0.74933 -2.40394 -1.59383 0.41783 -3.37683
1.74301 2.11878 -3.26058 -5.67371 -0.88166 -0.88446 -2.41505 -1.68286 0.44558 -2.68609
2.27442 2.98814 -2.76261 -2.7019 -1.4681 1.04377 -2.24545 -2.54279 0.79622 -3.45229
2.96653 2.92547 -2.79934 -3.4211 -0.61459 -1.05258 -1.63095 -2.3217 -1.27972 -3.47198
2.71643 4.5115 -2.63299 -1.75518 -0.25388 -3.01919 -1.27959 -1.66325 0.40032 -3.21983
4.08969 3.04499 -2.60922 0.44348 1.11581 -0.5491 -0.98148 -1.5725 -1.25726 -3.02521
2.97711 2.68317 -0.96299 0.79681 1.23467 -2.38396 -1.43346 -1.72593 -1.16872 -3.04838
3.10365 3.34123 -1.75477 0.03306 0.54917 -1.01316 -1.70812 -2.128 0.19016 -2.75713
2.68945 1.87445 -2.20584 0.51319 -0.14756 -0.79432 -1.28761 -3.04151 1.92613 -2.40658
1.96065 3.97068 -2.03139 2.68839 -0.1911 1.59157 0.52476 -1.24827 0.42177 -3.9815
2.67557 4.17342 -2.18896 3.86302 0.55235 1.30244 0.99146 0.25025 0.84938 -4.47828
3.57359 4.60758 -1.54314 5.8271 1.19858 0.58528 1.06835 0.07393 -0.47813 -4.11517
2.06669 3.59914 -1.34781 6.47032 0.05906 1.05265 0.60221 -1.28518 -0.36763 -2.37034
-0.33721 2.67426 -1.2012 6.80616 0.03438 1.18605 1.46329 -1.85336 0.55062 -2.92093
-1.13686 3.81637 0.3702 6.98674 -1.39706 0.70549 2.60634 -2.4546 0.17062 -2.44913
-0.71811 3.84175 -0.96124 7.83293 -0.47506 3.63925 2.69821 -1.90419 0.70866 -3.73033
0.72064 2.21386 -1.70108 6.90351 -0.17015 3.50117 3.33155 -2.86777 -1.9998 -4.52126
0.35768 0.28725 -0.81395 6.68715 0.49072 4.2641 1.17233 -3.45807 -0.30148 -4.77309
-0.9785 -0.9985 0.61496 6.48428 0.17611 3.04336 1.3723 -2.92115 1.00871 -4.77849
-0.85986 -0.73286 -0.48678 7.01007 -1.90624 2.30947 2.18941 -3.75992 0.38737 -4.09379
-0.03754 -0.29485 -1.70156 6.89235 -1.10864 3.91572 2.08025 -3.82293 0.61678 -5.70604
-1.74388 -1.8004 -1.60428 7.94658 1.48488 2.9128 3.18571 -5.30687 -2.16488 -4.41181
-1.35124 -0.52443 -3.51288 7.61604 0.44874 2.39322 3.12917 -2.9553 -0.57031 -3.31243
-2.49806 0.71807 -4.48523 9.35644 0.88586 1.4521 2.37117 -1.82957 1.84931 -1.33327
-1.16489 1.51466 -3.68664 8.00502 0.43851 0.47169 1.76409 -1.5817 -0.06617 0.51039
-1.92174 -0.64136 -3.45175 8.07553 -0.78555 3.5368 2.12096 0.22514 0.81112 1.23372
-2.57174 1.18506 -2.82718 7.94176 -0.23405 1.88022 3.7849 -0.73299 1.05 2.01346
-3.03091 -1.12431 -1.93057 7.51333 0.06089 -0.68858 3.0445 0.78132 0.557 0.2987
-3.34888 -0.33663 -2.35024 8.83053 1.07118 -0.21222 3.65138 0.30772 0.32505 0.10975
-2.17965 -0.31574 -0.65503 9.77133 -0.24769 2.10845 2.54981 -1.23542 -0.36603 0.32757
-2.42384 -0.67629 -0.51937 11.9348 -1.74057 0.13224 3.5344 -0.62172 0.2968 -0.06373
-3.97657 1.14836 0.90152 12.25384 -1.79366 -0.70893 4.12205 -1.55693 -1.63774 0.10369
-4.72186 1.4456 -0.10496 11.98673 1.92432 -0.54039 3.21321 -2.11738 1.1068 -0.9757
-2.41593 -0.96549 0.57753 10.91416 0.05175 1.91435 4.07196 -0.71726 -0.76237 -1.10866
-1.53867 -2.13035 0.1173 12.3125 -1.2244 2.6215 3.24192 1.50478 0.28817 -1.01884
-1.88982 -3.50291 -0.40759 12.45483 -0.05582 3.14568 4.88899 0.30175 -0.85976 -2.01477
-0.95715 -3.00929 0.30411 11.5797 0.24385 2.92412 6.36386 0.82003 0.62684 -1.391
-1.84082 -3.36448 0.85495 12.89604 -0.35945 -0.12852 5.70576 0.5239 0.70032 -2.29768
-1.4933 -4.10361 0.16092 12.73404 -0.67126 1.02436 3.97378 -0.79528 1.14421 -1.18324
-1.30033 -3.16914 0.7367 12.24872 -0.59187 2.70454 3.6849 -3.10918 0.25289 -0.87122
0.58728 -3.27709 0.88262 10.81979 1.07038 3.19794 4.49982 -1.65747 1.8955 -1.17232
0.76427 -3.3706 1.23562 9.5873 1.07516 4.09427 5.96972 -1.24696 -0.06887 -0.98377
-0.92145 -2.45154 -0.87018 9.06824 1.07129 4.06149 4.74963 -0.99146 -0.20536 -0.76939
-1.19599 -2.28486 -0.68201 6.96568 -0.66212 4.20158 4.1994 -0.18169 1.80715 -0.23433
-0.39044 -3.11414 -1.37969 4.64832 -1.50486 2.30804 4.24018 0.00076 0.41758 0.88298
-0.47498 -1.09484 -1.64947 2.78127 0.37665 3.63496 5.20456 1.97453 -1.05513 0.12164
-1.89471 -1.20564 -0.52206 -0.98592 0.06434 2.98218 5.25917 1.28678 -0.46982 -2.2609
-5.0818 -0.10497 0.26104 -0.04751 1.47039 1.55735 4.04915 -0.62921 0.26639 -2.10584
-3.823 -1.23529 -0.19181 -0.83202 -0.67372 0.47397 2.52256 -0.94154 -0.84925 -2.94666
-3.10449 0.60305 -1.44741 -2.79381 1.19341 0.3066 0.54562 -3.25484 0.85355 -3.22959
0.29885 -0.29124 -2.54011 -1.21432 -0.22835 -2.08679 0.8773 -2.81634 0.1276 -2.27013
-0.12823 -3.69303 -3.05636 -1.21029 0.29547 -1.31571 1.16342 -0.34081 0.27818 -2.98429
-0.5817 -2.04366 -2.0289 -0.35706 -0.41739 -0.18965 -0.39401 -1.05001 -0.83576 -2.95721
-2.06214 -1.60122 -2.15599 -0.70025 0.48217 -3.34085 -0.18693 -1.22983 -0.84431 -3.65804
-0.38346 -0.21282 -1.22358 -0.05719 0.69869 -1.43916 0.41335 -0.72897 0.49917 -3.11592
0.86748 -1.00775 -2.67556 0.01267 -1.30899 -0.47402 0.00051 -0.00054 1.35287 -3.69672
0.32429 -0.98616 -1.93593 -0.78174 -0.9418 -1.54509 -0.0478 0.11754 0.7157 -2.30053
0.44191 -1.333 -0.57695 -1.71668 0.10416 -1.21829 0.67553 -0.76119 -1.23365 -2.27911
0.74128 -1.31173 -1.59924 -1.43219 -0.30058 -1.31489 -1.43062 0.08861 0.75323 -0.81659
0.80274 -0.44962 -1.55771 -2.67702 -0.30076 -0.72398 0.65077 -0.34085 1.51067 -0.77198
-0.14155 1.09909 -1.68214 -3.09933 -0.37504 -0.54853 0.77182 -0.33708 -0.77854 -1.48393
1.5987 0.74226 -1.56148 -2.30106 1.07351 0.12624 -0.29382 -1.35799 0.55638 -1.28233
0.84331 1.78648 -1.58816 -2.55978 -0.4283 -1.21319 0.00054 -0.67737 -0.74607 -1.71243
0.29988 2.02974 -2.53131 -1.877 -1.55116 -2.56554 -1.29391 0.23347 0.86865 -0.63651
0.40808 -0.28272 -2.47471 -2.36136 -0.18477 -2.69057 -2.36838 0.22475 0.7324 -0.25629
-0.09668 1.17541 -0.70368 -3.06566 0.14592 -0.96637 -1.01808 0.08712 0.60181 -0.14525
0.2872 1.39072 -1.86522 -3.18409 0.73731 -0.16384 -1.14491 -0.49332 -0.03532 -0.29414
0.16041 2.71091 -2.10167 -3.89312 1.18318 0.53565 -0.95243 -1.6052 -0.53469 -0.40696
1.94017 2.26922 -1.62384 -2.66941 1.25101 -0.27462 -2.09474 0.18293 0.09219 0.8811
0.62796 2.50479 -0.81831 -2.33044 0.48502 1.60112 -1.83325 0.27921 -0.39978 0.67632
0.6166 2.02154 -1.39675 -1.60236 -1.28187 -1.93285 -2.08359 0.79803 -1.27553 -0.69787
1.15314 2.08514 -1.9178 -1.93219 -1.16732 -1.35468 -0.58977 0.18269 0.46196 -0.5407
1.7361 0.38515 -2.94447 -0.71067 -0.51612 -1.86472 -1.88791 -1.33373 0.74334 -0.44804
1.58031 2.18732 -0.77457 0.54681 1.05285 1.0746 -0.92829 -1.85902 -1.2992 -2.14641
2.05674 -0.65913 -1.07463 3.01634 0.82654 -0.99605 -2.25151 -2.31271 0.50673 -4.08209
1.71502 -0.39526 -1.65598 3.5645 -0.17327 -0.6199 -2.29973 -2.25928 -0.34585 -3.5907
2.75556 0.78526 -1.57699 4.18287 -1.68497 -0.22426 0.26243 -1.40138 -0.89724 -4.10817
1.02646 0.14714 0.75331 4.13654 0.799 1.45172 0.52727 -3.6451 1.62796 -4.18696
0.57438 0.90481 -1.10728 2.66387 1.17885 1.67373 2.96639 -3.02217 -2.23914 -1.18055
0.91468 1.12978 -0.32469 0.80809 1.20428 1.48089 2.81334 -1.29943 -0.08716 -2.80955
-0.81713 1.10112 -1.11785 0.91211 0.44296 -0.269 2.77679 -0.05745 -0.61248 -3.14969
-1.49526 1.37836 -2.2465 1.24864 0.0925 2.41291 0.7555 -0.59516 0.62458 -0.88406
-0.92473 1.16921 -1.47567 2.54497 -1.85999 0.45513 0.44421 0.41845 -0.54572 -0.86554
-0.37135 0.99296 -0.1621 2.56814 0.88151 0.54964 1.87504 -0.81631 -2.95039 -0.93394
-0.07234 0.10671 -1.40654 2.51422 -0.2936 0.84116 0.57643 -1.40295 -2.74402 -1.20935
0.35883 -0.72895 -1.15436 2.46976 -0.06034 0.03053 -2.03165 -2.11901 -0.8355 -2.32899
-0.51026 0.39989 -0.68835 3.67818 0.34649 1.53899 -1.81527 -2.28995 0.79427 -1.12495
-0.74377 -0.54639 -0.87667 3.80564 0.59095 -1.07947 -1.5864 -0.85161 -0.14309 -0.5443
1.12729 -0.5096 -1.25743 2.57292 0.46541 -0.14401 0.87391 -0.73161 -1.99675 -1.99947
0.00161 -1.23272 -0.08924 4.3306 -0.83051 -0.61173 1.35512 0.28673 -1.62204 -0.54372
0.83163 -0.82381 0.09798 4.46413 -1.11204 0.56524 1.23903 -0.02319 0.21506 1.39576
1.71165 -1.27859 0.11465 4.77211 -1.39019 -0.81654 2.77699 0.03288 0.26051 4.32852
2.65855 -0.61684 -1.50041 3.12476 1.11377 0.6397 2.65768 3.03425 0.60851 5.92831
2.58813 0.48917 -0.35537 2.29207 1.35843 2.28703 2.76304 3.76938 -0.9338 5.54892
3.40134 1.78313 -1.07731 0.8465 -0.3251 2.2076 2.29143 3.76388 -0.98123 4.63639
1.66126 0.90347 -0.57423 -0.13486 -0.43171 2.9775 2.9608 3.55707 0.81434 3.8536
1.13464 2.94306 0.55408 -0.76553 -1.54054 0.72459 1.3677 1.95144 -0.34408 4.96549
1.28914 2.94362 0.47233 -1.30901 -0.30839 1.71523 1.38066 0.12433 -0.00092 5.30773
1.10699 2.02891 2.19753 -2.51413 -0.89825 1.35301 0.0476 2.75108 -0.6042 5.61744
1.84358 3.11989 1.79133 -1.81619 -0.34423 -0.86883 0.00459 3.01795 1.2143 3.71551
3.1457 5.3473 1.43845 -2.64825 0.31849 0.35492 -0.20364 2.43026 -1.23012 2.5058
3.15455 4.31833 1.11856 -1.45882 -0.71524 -0.47335 1.40947 1.98989 0.41204 1.51671
2.23089 5.18963 3.37591 -0.67097 0.12855 -1.03844 -0.07113 1.07595 0.18774 1.72296
3.40528 2.34903 4.16328 0.40692 -0.76961 0.33999 1.9179 -0.29552 -2.8054 1.46425
0.21901 2.3634 4.44413 1.41147 0.93586 1.14127 0.96124 0.88974 -1.73941 0.92333
-2.981 2.04235 4.22268 3.02404 -0.06307 1.72786 -0.20083 1.94429 0.1766 0.05222
-1.09685 2.42168 5.50422 5.60421 1.05882 1.2738 -1.25416 -0.35783 0.67177 2.52377
-1.7072 3.64328 2.27031 5.52616 0.10893 2.54948 -0.18989 1.04256 0.87001 1.84151
-0.67872 1.59967 3.28469 4.35502 1.46426 3.32151 0.09438 0.301 1.11786 1.0327
-0.61057 2.46022 1.10838 5.94389 -1.71033 1.68842 1.45437 0.37551 0.11141 0.54152
-0.56832 1.17919 -0.29473 6.54942 0.22799 2.93954 4.56217 0.33154 1.28293 1.1171
-1.2283 0.70472 0.47772 5.48433 0.40529 3.96409 4.22058 1.89682 -0.91568 0.99262
-1.4392 1.18746 2.35887 6.82665 0.66869 4.04489 1.77121 0.50773 1.86824 2.225
-1.15348 -0.50783 1.8326 6.12415 -1.43978 1.72377 2.11172 0.7647 0.93156 1.27832
-3.01615 1.53788 0.31591 5.62733 -0.95413 2.66449 2.98861 2.53873 0.0147 2.74644
-1.89298 0.14534 1.35049 6.82804 0.51565 1.9081 2.97093 0.56052 -0.62838 3.34792
-1.75692 0.59048 1.83982 6.19759 0.35984 4.6665 3.16067 3.10063 -1.4419 4.02464
-0.40794 0.00721 3.16785 7.74958 -2.31381 1.94999 1.62978 3.31185 0.06208 4.77241
-0.48106 -0.99865 2.8176 8.69374 -1.51023 1.87589 3.18546 3.65386 1.21536 2.38573
-1.03586 0.21877 2.76605 8.39202 -2.66872 2.61723 2.31836 2.47734 -0.44909 2.3368
-0.2278 -0.58963 1.50805 8.52219 -0.51834 3.30738 2.6344 0.33751 -1.91337 0.27329
-0.09231 -1.14839 -0.07211 8.74432 1.22534 3.64087 3.69314 -1.49262 -2.13416 -0.58514
0.16202 -1.35542 2.28546 9.00298 1.15018 3.49866 4.04756 0.2152 0.096 -0.75528
1.53948 -1.97895 1.34193 8.25061 1.05654 3.2183 4.04186 0.48961 1.93708 -0.19154
-0.40305 -0.22563 2.18424 8.34629 -1.69139 4.22019 2.01712 -0.21674 -0.50872 1.45586
-1.22765 0.89112 0.22252 8.27173 -0.89883 2.56136 1.97902 0.31217 -1.77081 1.6053
-2.30471 0.42022 0.85774 8.53509 -0.25137 2.88578 3.94415 1.17831 0.17865 4.08267
-2.26647 -0.1261 0.7931 8.94037 -0.20724 3.32044 5.36238 2.46925 1.54912 4.33919
-1.05992 1.59807 0.42958 9.3558 -0.79238 1.5255 3.60843 2.55469 1.2985 2.74367
0.35661 1.14955 -1.6646 7.74962 2.37987 1.08842 5.26614 1.04292 0.87753 2.53791
1.94527 0.40265 1.29939 7.19458 1.49317 0.06905 4.59142 2.19392 -1.0195 0.68969
2.29163 -1.39097 2.11003 8.036 0.76027 2.04377 5.55073 3.06501 0.40171 1.08268
2.00404 -0.52522 2.10263 6.28569 0.6808 1.98168 3.50022 2.68208 0.27517 0.56829
2.26793 0.52523 1.72592 4.86722 1.15313 2.74533 3.44929 1.99402 0.31326 -0.02514
1.89317 -1.03965 0.75693 3.88741 2.29765 1.30289 3.0679 3.16831 -0.49731 -0.97297
3.42951 -0.17627 0.59508 4.71933 1.00134 1.85963 3.58218 4.71511 0.31527 -1.93981
3.13115 -1.45041 -1.64316 5.76253 -0.34361 2.21584 2.62902 2.95592 0.05703 0.30771
2.94401 -0.85357 -1.27611 4.66972 0.96404 2.5955 2.33506 2.61238 0.14954 -0.38316
3.32999 -0.30145 -0.60001 5.53197 -2.02797 3.59518 2.08862 1.89345 -0.48441 0.07292
2.55169 1.65128 -0.73986 5.13098 0.57312 2.01351 0.79675 0.73079 -0.75314 0.17204
1.26442 0.94088 -0.13374 3.63678 -0.76189 0.89541 1.6518 0.75092 -2.34554 -0.85717
0.61466 0.31693 -1.57872 1.87813 0.03703 0.50661 2.65851 -0.22493 -0.96275 -0.82083
-0.62827 -0.27963 -0.81396 0.65078 0.90017 -0.05595 2.12551 1.29674 -0.24533 -1.25157
0.78636 -0.40967 -0.62094 0.79427 1.30461 1.52187 1.23165 -0.5186 -1.14482 -0.05157
0.77347 -0.63756 -1.98645 -0.34386 0.04851 0.66524 3.30913 -2.06052 0.95534 1.01647
0.82087 1.20018 -2.97761 1.81448 1.71149 -1.30734 2.24824 -1.68217 0.33476 2.61313
0.22503 -1.09566 -2.6154 2.18653 0.82321 -0.49689 0.77122 -1.86151 -0.41588 2.10653
1.44734 -1.91131 -3.82613 3.25343 0.98895 -1.87918 0.60208 -0.89257 1.40887 2.68561
2.25036 0.85419 -1.61067 2.85847 -1.51561 0.0321 0.68406 0.7736 0.81849 1.64013
1.42058 0.96702 -1.34638 2.59316 0.65662 -0.58829 0.06221 1.25072 -0.17734 0.74013
0.67362 -0.1843 -1.48956 4.33394 0.75985 0.12456 1.18227 -0.89197 1.11369 1.80583
1.79395 1.69861 2.07224 3.30287 1.67408 1.34308 0.37442 1.75929 1.3668 0.49136
-0.06044 1.45013 2.38327 2.08109 -0.51412 2.78546 0.09848 -1.316 0.78338 0.154
-1.02803 0.91328 2.23377 3.92196 -1.57248 1.40316 0.03944 -0.23784 -0.40617 2.59435
0.13371 1.9668 1.46998 3.22321 0.68816 -0.10413 0.46362 -0.1369 -2.06954 2.07653
0.24667 1.97549 0.96422 4.23415 0.34666 0.36041 0.5859 0.51201 -2.52368 1.96913
-1.5815 1.50908 0.78392 5.08006 0.64177 0.60495 0.84631 0.46346 0.0494 -0.36201
1.62591 0.62096 0.43962 6.33572 0.37585 2.89988 0.73305 0.71973 1.35826 0.01375
1.76937 -0.83707 -2.08907 7.56723 -0.14447 -0.94315 2.54352 -1.24034 0.74965 0.85971
2.41456 -0.69934 -0.99189 8.4598 0.61168 2.38625 0.663 -2.49254 0.36176 0.12866
3.4922 -0.41969 1.82072 8.69049 -0.12959 1.22187 1.40496 -2.30225 -0.25497 1.73742
3.01073 -0.56892 1.07567 9.34074 -1.62372 0.06866 1.07431 -0.85726 -1.00434 1.51641
3.41435 -1.82555 0.44822 10.18277 -0.67158 2.37145 0.86564 -0.10969 0.9592 2.71602
2.26199 -0.52534 1.00311 9.68739 -0.50826 3.31232 2.80597 1.15204 -0.08721 2.85774
1.72782 0.2094 -0.90775 8.94718 -2.22233 3.97331 4.9064 2.48517 -0.21268 1.9357
2.13845 2.41262 0.4269 7.70234 0.00138 5.3613 4.59849 0.39337 0.0171 2.21888
1.34584 2.65605 0.49896 6.47245 0.7387 4.25151 4.78883 0.1231 -1.44742 1.59283
-0.06774 4.08036 1.78087 5.55243 -0.01052 5.13648 4.98341 0.32503 0.82757 0.81388
0.69081 1.93947 2.11322 4.81061 0.7295 3.82691 5.79908 -0.38579 -1.08649 0.71935
0.03246 2.76059 2.34991 4.58651 -0.19044 4.00025 3.7349 -0.60017 -1.55788 -0.85435
-0.39006 2.80537 1.14905 6.58482 -0.62185 1.49735 1.533 0.16842 -0.1511 -1.15731
-2.22253 1.99915 1.77866 7.36652 1.59183 2.66387 3.11293 -0.47101 -0.0378 -0.68147
-0.83483 -0.03817 -0.36339 8.70555 0.52097 1.25674 2.92466 -1.47662 -2.42747 -0.78027
-0.77591 -1.16699 -0.5675 8.57837 0.10307 2.43142 3.81042 -1.55523 0.01991 0.08046
-0.08551 -1.13085 -1.90067 8.73033 -0.41728 3.10377 4.16975 -0.27961 0.16089 0.25303
-1.89689 -2.41798 -1.61875 9.49431 0.88403 2.12024 3.07633 -0.47047 0.41456 0.86274
-0.65231 -1.74804 -1.35438 9.67259 0.40063 2.94153 3.2382 0.85055 2.32019 1.78619
-1.49806 -2.3131 -1.78958 10.14004 -1.29024 1.47383 3.04736 -0.41309 -0.06816 2.01448
-2.84801 -0.54619 -2.03192 9.46391 -1.71189 2.44548 3.3949 0.85408 -0.30125 3.37512
-3.6797 -0.30911 -1.06028 9.93361 0.89819 3.5586 4.76862 2.10883 -1.03505 4.30857
-5.0123 -0.66491 -2.16072 8.60148 -1.06977 3.22828 4.37821 0.44972 -2.38922 5.07714
-5.51319 0.17608 -1.56044 7.54134 -1.36058 2.56272 3.17716 1.62771 -1.63706 4.24014
-4.60538 1.46876 -1.46854 5.62479 0.33588 3.21119 5.77767 1.11895 -1.02198 5.00417
-2.44573 0.76746 0.22054 5.78146 -0.98472 1.65923 5.48149 3.00215 -0.35103 5.1289
-2.27671 -0.47282 1.44657 5.87357 0.01469 1.46694 4.28235 2.78045 1.55443 6.17705
-2.5435 -1.72557 1.04851 5.70828 -0.07354 1.87417 3.89328 4.89292 0.33553 5.52666
-2.72833 -1.8015 3.02703 6.04798 -0.05071 0.29374 4.72005 4.09731 -0.79797 5.43447
-0.69526 -2.73416 1.42855 7.18587 0.56226 0.02206 2.69248 3.62737 -0.16861 4.05639
-1.33933 -2.48948 1.7317 7.53004 2.05391 2.68479 1.86474 4.11704 -0.79311 5.97334
-0.84269 -3.81436 2.0837 8.09016 0.49513 0.42016 1.63837 4.2233 0.32764 4.80969
0.01333 -3.58567 0.92412 8.06242 0.49878 0.42669 2.51062 3.35295 0.72178 2.9255
-1.49138 -1.10796 0.66865 7.64484 -0.74836 1.85011 3.59502 2.04218 -0.04006 3.2385
-0.82967 -1.7765 0.31673 5.26782 1.26356 4.29862 2.79721 1.0601 -0.41345 1.84055
-0.45069 0.05446 3.38381 5.22805 0.64785 4.06325 3.66889 2.121 0.15028 1.44179
-0.00343 0.44148 3.83393 5.31072 0.01157 2.71028 4.1893 0.06162 -0.08392 3.07486
-0.25788 -0.19824 4.00888 1.08551 -0.94054 1.7321 3.94114 0.53741 -0.26726 2.9789
-0.70108 -0.00488 5.12946 -1.61609 -0.4306 0.66903 3.71487 0.37198 -1.29257 1.91944
-0.14103 1.31231 4.50898 -2.28085 1.01651 2.74767 5.24997 0.47855 -0.96601 1.40737
-1.12524 0.62047 1.98357 -2.6549 0.09244 3.46982 4.38965 0.70092 -1.39617 1.53147
0.69108 0.53184 2.89525 -3.86998 -0.54721 1.26148 2.75702 1.90148 1.72904 0.11591
1.55264 0.83689 2.94823 -3.10804 -0.85794 -0.04023 0.51545 0.51964 -0.0584 1.55322
0.81212 1.72769 1.55908 -3.37168 1.46987 0.67195 1.17573 0.33528 0.53608 -0.10473
2.0952 1.61717 -0.46073 -2.22578 -1.78842 -1.78346 -0.98555 0.24131 -0.67596 0.21807
1.42393 -1.73499 2.59682 -2.40106 -0.488 -2.08892 1.00315 0.13298 0.45846 -1.3098
0.66102 -1.92309 2.63304 -1.13928 0.74801 -0.44032 -1.11322 -1.41067 -0.76806 -0.36287
1.8444 -1.02887 1.51659 -0.55125 -1.99896 -0.13702 -1.38664 -1.91877 -1.10658 -0.951
0.48594 0.78042 0.6092 -0.49221 -0.49813 -0.91515 0.08627 -1.50149 -0.83841 0.09579
-0.71154 -0.14903 1.62031 -0.65223 0.09866 1.03252 -0.22776 -0.69749 -1.71374 -0.13071
-1.24045 0.4004 0.0996 -1.76195 0.36613 1.04253 -2.68188 -1.10437 -0.66311 0.04808
-0.49684 -0.51716 -1.1472 -3.11157 0.29478 0.39099 -2.20091 -0.33502 0.85763 -0.67086
1.20495 -0.92938 -1.30004 -1.85756 1.34364 0.71146 -2.36554 0.29904 -0.94559 -0.54219
1.75852 1.68106 -1.52448 -2.60286 0.74528 2.01132 0.45164 0.80045 -1.29594 0.37783
-0.0065 -0.00647 -0.06321 -1.3599 1.14733 0.41616 -0.01787 1.82662 0.74859 -1.39914
1.60058 1.22659 -0.43336 -1.77654 -0.91962 -2.69278 -1.08098 0.74838 -0.79444 -0.84234
0.35691 1.49635 -0.48222 -2.07592 -0.21797 -1.34547 -1.2137 -0.4487 -0.91902 0.66777
-0.84003 2.41628 -0.25192 -0.49277 -0.97968 -0.32206 -2.34378 -0.65285 -2.54015 0.02588
-0.01929 0.86441 0.3484 -0.60043 0.40734 1.25411 -0.47019 0.49885 -0.9499 -0.23923
-0.74126 0.64012 2.08639 -1.15847 0.56532 1.04537 -1.719 -0.50144 -0.20933 -0.2884
-0.93995 0.06988 2.5681 -1.46804 0.80771 0.93528 2.16302 0.103 -0.43718 -0.4289
-1.57728 -1.38554 0.30975 -1.57689 -0.81832 0.7508 1.34652 0.04113 0.67023 -0.71653
0.39127 -1.45787 -1.64174 -0.89661 0.42032 0.2108 0.7195 1.05256 2.14634 -0.07837
-0.33331 -0.73961 -1.39422 -2.08053 -2.01775 -1.59503 -1.45978 1.11588 1.08735 -0.61939
-0.71416 -1.65946 -1.07917 -1.69536 -0.27066 -0.1818 -2.28427 1.60458 -1.8707 -0.12428
-1.00474 -1.99281 -0.51275 -0.12409 -0.68871 0.24874 -2.3981 -1.58953 -1.93641 0.6819
-0.65438 -1.92055 -0.13791 0.27795 -0.27901 -2.42433 0.66615 -2.25368 -0.93768 1.66922
