1.05739 -1.7558 0.77147 0.36378 -2.53903 -1.22592 1.4855 0.60446 -1.72244 -0.07341
0.99361 0.76217 0.99648 -1.18821 -1.25467 -0.57009 1.80551 1.73835 0.02313 1.72801
1.72279 0.91695 0.47443 -0.13638 -2.71351 -0.19407 1.97541 0.20525 -0.55721 1.66087
1.32314 -0.17541 0.29659 2.09219 -2.13703 0.50051 3.47169 1.21616 -0.42405 2.39379
0.25463 0.58571 1.41088 -1.19379 -2.20144 0.37248 2.96784 1.21607 -0.44714 1.95972
-1.05098 -0.32269 0.33961 0.69443 -1.96645 -0.28619 3.46257 0.8235 -0.41908 0.69919
-0.46724 4.13017 0.52088 -0.23903 1.41672 0.58407 1.78803 -1.13566 -0.39997 -0.42273
-0.03096 -2.75492 -0.67432 0.43144 0.53059 1.22397 0.72675 -0.46451 -0.60345 -0.22173
1.31985 -1.13347 -1.39273 0.21467 0.33621 0.03578 0.75626 -1.16969 0.36641 1.21937
-0.23577 -1.04475 -1.25988 2.09578 0.27656 1.21357 0.58118 0.37378 -0.73619 -0.55012
-1.24012 0.60677 -0.67952 1.50149 -2.17614 2.99362 0.70345 0.83155 -0.09699 -2.19653
1.45565 -1.64664 0.55794 -1.49753 -3.65725 0.15152 1.88164 -1.36733 0.42119 -0.39229
2.38462 -1.84803 0.6048 -1.67908 -4.96145 0.83521 -1.27301 -1.46826 0.87362 -0.62932
0.32349 3.05993 1.13105 -0.12583 -4.65921 -0.89788 -0.27364 -0.49641 1.13701 -1.17006
2.22597 1.28287 0.02137 -0.61444 -2.2706 0.02537 0.39176 -0.11208 -0.0593 0.48358
2.64188 0.33933 1.84016 -1.78273 -0.56476 -0.51714 0.07462 -0.65386 -0.55769 1.56051
2.82583 -0.72015 1.0224 -0.75123 0.2492 1.93417 0.38054 -1.61744 -1.63347 0.5577
5.05859 0.17661 1.35163 -0.39772 1.46919 1.25685 0.68409 1.19762 -0.04949 -0.49648
3.58231 1.0092 1.72658 -1.40049 0.81092 1.20807 -0.6784 2.12677 0.0644 -0.27401
1.54074 -1.11752 1.46916 -0.48129 -0.7527 0.52993 -0.00421 1.86288 -1.8297 -0.05041
-0.02881 0.14514 1.24957 -1.38732 -2.10824 0.75977 -1.15052 0.75156 -1.39277 0.29116
-0.54247 0.75283 -0.15031 -1.5086 -2.51752 0.14367 1.22087 -0.42649 -0.55969 -0.57181
0.00996 -1.52166 -0.53674 1.57982 -1.48551 0.9517 -1.01948 3.06228 -1.77048 0.5439
1.83432 -1.74282 -2.10935 -1.02578 -3.23462 -0.79361 -0.43902 0.33216 -0.73066 0.43291
-0.02589 1.16677 -1.46574 0.1775 -2.48186 0.6138 -0.67172 -0.67004 -0.41694 0.65889
0.98654 0.73524 0.27248 -1.3523 -1.37028 -0.82459 0.20743 -0.29418 1.93015 0.36674
0.5772 0.36841 -1.03601 -0.80472 -2.92439 -1.44871 -0.1969 -3.34044 1.04402 0.35653
1.86323 -1.05188 -0.59291 -0.93106 -1.71967 0.0315 -1.46527 -1.07047 2.82215 0.13054
1.48351 0.56596 1.54835 0.90854 -0.49691 -0.41638 -1.28216 -0.06026 3.21576 -1.38872
-0.74983 -0.59538 1.38115 -0.68898 -0.22386 -1.14615 -2.02115 -0.1146 3.84116 1.42326
-0.83505 -0.1112 -1.08935 0.86512 -0.94876 0.4017 -1.89029 1.23006 3.34568 2.23214
-1.12595 -1.21574 -1.38486 1.60687 -1.20852 -1.4205 -1.20692 2.19712 4.12723 0.40127
-0.46745 -0.01042 -0.28094 1.35165 -0.92546 -1.20284 -0.4763 1.58461 5.34276 0.00307
1.3885 -0.36412 -0.99159 0.20274 -0.31443 -1.47761 2.4152 1.03521 5.24705 0.44406
0.90306 1.21196 -0.46592 0.89136 -0.78252 -1.0454 0.91848 -0.3382 4.43713 1.61594
0.94965 0.85208 -0.73715 2.66802 0.93158 -1.61973 -1.54732 -1.679 3.77704 0.08274
-1.28286 0.63671 -0.76258 1.19073 1.98497 0.93342 0.19918 -2.05435 2.81977 1.53102
0.59977 1.24015 -0.50838 1.55329 0.96142 0.37843 -1.3846 -0.7027 1.86255 -0.34288
1.61324 -0.10917 -0.64425 1.75974 2.09286 0.54158 -0.5475 -1.10561 1.72058 0.4068
0.70747 2.34485 1.26442 1.65974 2.41836 1.00582 0.40295 -0.80887 1.3735 -0.76598
0.62899 1.28251 -0.03453 0.24993 2.02483 -1.05485 -0.62113 -0.37593 2.15898 -0.64
1.87421 -0.34357 -0.32642 4.0978 3.47171 1.15376 -2.82934 0.54243 0.99859 -0.33147
2.0295 0.86162 1.42182 -0.01446 2.82515 -0.92525 -1.53183 0.42239 1.08283 -0.72718
0.69736 -0.07681 -1.09037 1.87582 2.39471 0.45369 -0.78754 1.89375 1.75358 -0.29845
-0.29641 -0.67731 1.32257 1.66834 0.69954 0.04425 0.90497 2.96865 0.98591 0.01123
-1.20483 -0.43563 2.45287 -1.79438 0.07914 1.49109 0.86117 1.37901 1.8528 -0.5516
-1.64398 0.94954 0.07451 1.20562 -2.07626 -0.44432 1.56037 -0.09458 1.3022 0.53614
0.19169 -0.33144 0.62864 -0.64296 -2.36385 -1.62586 0.68339 -0.12291 0.5771 0.18858
0.70764 0.31375 -0.52099 -0.16502 -0.37335 -2.07346 2.71568 -0.39461 1.0511 -0.17647
-1.26923 -1.45559 0.16343 0.67135 0.94386 0.28295 2.67657 -1.07234 -0.43303 -0.37129
-0.80792 0.14766 0.59153 0.76213 0.3338 0.85208 2.93962 -1.52133 0.28975 1.42204
-1.24686 -0.10635 -0.14339 0.36594 1.08563 2.98586 0.50311 -0.00563 0.6787 1.27357
-0.63548 -0.59193 0.3072 -0.07995 2.03032 1.52545 -1.25822 0.16982 1.2809 0.19836
-0.8201 -0.62895 -0.00982 2.9867 1.7275 0.0847 -0.36341 -0.33578 1.46376 -0.18213
0.70693 0.19417 0.51467 -0.09176 1.18018 -0.45738 0.50446 0.80171 1.31121 0.20918
0.79942 0.11634 -0.26288 -0.4069 0.91385 1.07339 1.40698 -1.42853 0.68191 -1.53248
-1.77963 -1.78263 0.37003 -0.95698 -0.44126 0.05379 0.17596 -2.47798 2.96164 -1.78483
-3.88402 -1.59374 -2.005 -0.37283 -1.83472 -0.72807 0.35069 -2.05945 3.06164 -1.47381
-2.26475 1.52656 -1.79576 -1.14449 -2.95714 2.40968 2.28721 -0.67024 2.46364 0.40866
-3.72555 -0.14069 -2.21253 -0.25228 -2.52321 -1.22826 2.23906 0.7076 1.93657 -0.14296
-2.73063 0.2996 -2.38092 0.10255 -0.7286 -2.50397 2.28134 -0.45177 2.97341 -0.07437
-3.19971 1.16846 -2.49146 -0.2896 -0.36336 -0.87466 0.18327 -0.96074 2.89539 1.50349
-2.18419 0.74628 -1.52175 1.85112 0.1633 1.7523 -1.18511 -0.93003 2.8218 1.16041
-1.07188 1.14271 -2.67552 2.11121 -0.7627 2.24613 -1.8037 -2.35637 3.01463 0.43515
-2.29216 -1.48125 -1.31419 1.87964 -0.31468 1.19837 -2.38305 1.6859 2.40698 -0.91901
-1.49696 -1.3902 0.10519 0.59687 -1.84384 0.51068 -0.81848 -1.46858 3.5718 -1.31264
-0.36596 0.53239 0.75747 0.16918 -1.06149 0.0754 0.32303 0.25921 3.889 -0.15466
-2.406 0.57965 -1.15709 1.614 -0.68468 -1.60131 -1.24212 -1.99173 6.27606 -0.3302
-0.74977 -0.04156 -1.35066 1.50871 -0.35887 -1.35117 -0.5262 -0.2332 5.90775 -0.29999
0.05604 1.08569 -2.53737 -0.87348 -0.70649 -0.74725 -0.87848 -1.99177 5.07351 0.45341
0.86301 -0.66227 0.25824 1.70271 0.76845 -2.74175 0.24584 -2.29835 6.03952 0.48093
1.67531 0.80563 1.17019 2.9913 0.59645 1.66678 -1.16161 -1.23705 3.46867 0.98453
1.57104 -0.69744 0.61423 1.66013 1.71751 1.20024 1.03214 -0.35209 3.98851 -0.17925
0.34832 -0.67008 1.43066 0.13221 1.88155 1.37468 -0.88896 -0.71654 1.83693 0.50251
1.20052 0.77413 2.03363 2.256 2.01701 1.4273 -0.37858 -0.3377 1.37833 1.38105
2.54924 -0.59013 -0.67051 0.51112 1.28968 0.28133 -0.48871 1.22956 0.59504 1.44836
1.38309 -0.41067 -0.89977 1.13121 2.17117 1.19076 -0.13278 1.74926 2.25031 1.46832
1.47237 0.04101 0.46001 -0.0318 1.72973 1.89117 0.89477 0.32529 2.29976 0.23787
1.39478 0.10451 -0.10797 1.00666 1.88134 -1.81885 1.87747 0.69084 1.68666 -1.26055
1.47534 0.58859 -1.01269 0.51605 0.80382 0.01167 1.54559 -0.02795 1.41396 -0.52264
0.90128 1.41576 1.32803 0.26195 1.70299 -2.16469 2.19136 -0.08382 2.40454 0.08161
1.13558 -1.72593 1.95887 0.85037 1.10873 -0.08967 -0.48259 -0.33847 0.92873 0.1718
1.64185 0.97743 2.73215 -0.35741 1.59442 1.10598 -0.50927 2.21601 0.01033 -0.13978
2.19992 0.70928 1.24842 0.10878 0.98598 1.54991 -0.91927 0.5709 -1.47347 0.10489
2.0781 -0.51413 -0.09709 0.99106 1.42745 1.64639 -0.25928 -0.1224 -2.96344 -0.79912
2.51521 -0.71977 0.37846 -0.70886 1.45745 -0.25222 0.31561 0.24469 -2.09269 0.78932
3.06222 -0.42025 0.45939 -0.26302 0.01857 1.41884 0.97767 1.02163 -1.96966 0.66372
2.5164 0.34705 -0.5418 0.38841 -0.85413 0.99922 0.82379 1.02701 -0.49678 0.08732
1.0103 -0.87544 0.18735 -1.70013 -0.54835 0.59543 1.34415 -0.63812 -0.30143 -1.25122
3.37056 0.60426 0.49262 -1.03623 0.91954 0.22326 0.08877 -0.99753 1.02493 -0.53854
0.53408 -0.93282 -0.58047 -0.37901 0.30048 1.47678 0.75717 -1.68953 0.8284 -0.32169
0.74079 1.57032 1.22208 0.16508 0.09684 -0.91325 0.52624 -0.1988 0.40609 2.26626
0.65962 0.38165 -0.45766 -0.65164 1.15309 -0.35703 0.08491 0.05103 -1.35854 1.30701
0.51118 -0.54721 0.85303 -0.42761 2.7216 -0.29143 0.47223 0.01884 -0.81384 -0.04941
0.59151 -1.10565 0.12284 1.45941 1.80879 0.13512 1.11872 -0.54072 -1.54081 0.07476
0.198 0.30426 -0.53059 -1.47701 -0.49174 1.69121 0.74881 -1.90807 -2.97035 0.00163
0.23337 -0.07402 -1.38246 0.03633 -1.46891 0.66057 0.38461 -1.49773 -3.55473 1.6038
2.56405 -1.02368 0.84641 -1.1657 -2.4627 2.12487 0.16315 -0.86324 -3.92417 0.72827
0.47946 0.2556 1.86129 0.0559 -0.11121 -1.54592 0.9431 -0.50751 -3.52453 1.47102
0.08036 0.42684 -0.01854 -0.47533 0.39932 0.16844 -0.32223 -1.51891 -3.53663 -0.653
-1.48835 -0.90583 1.60758 -1.13057 -0.03478 1.81774 -0.80062 -0.79811 -2.24208 -0.31755
-0.87143 0.57493 0.00741 -0.25961 -1.04971 -0.2807 1.06353 -0.49501 -1.23454 1.18634
0.46074 -0.17352 -0.1295 -0.00476 0.40526 0.86659 0.70239 1.6161 -1.3166 -0.55488
1.39907 -0.31458 -1.26354 0.75096 -1.48779 1.34044 0.30869 -0.55459 -1.09342 -0.25678
1.02805 0.19046 -1.1656 -0.25363 1.35245 -0.23753 1.07384 -0.55956 -1.34821 -1.12527
0.6859 0.85227 0.90087 -0.40154 2.49733 -0.00118 1.14365 0.89462 -1.53328 1.4082
-0.68759 0.40858 2.10437 0.4382 2.65445 1.20924 0.08899 -0.26861 -0.81724 0.05912
-2.00219 0.44041 1.55644 0.01153 2.24109 0.43666 1.11385 0.36008 -0.51634 2.04374
-0.59717 -0.79772 -1.74915 0.36287 2.94584 -0.28264 -1.14101 -1.3657 -0.39051 0.86527
0.47944 0.16302 -0.06188 -0.27821 1.61277 -0.16006 -0.84356 -0.90283 -0.38199 1.82858
0.3609 1.40545 -0.11071 0.95492 1.17275 -0.91863 0.88211 -1.9794 -0.64605 0.6967
0.34746 0.17653 -0.20141 0.28068 0.43184 1.17315 1.97092 -0.95712 1.30316 3.63278
1.53455 0.73652 1.05205 -0.61307 1.8506 -0.69198 1.13669 0.46006 1.58817 1.16698
3.31437 -1.0721 -1.45124 -1.01595 0.34454 -2.01084 -0.39346 0.92796 0.31272 -1.09503
2.38987 0.6866 0.60995 1.60354 0.51274 -0.70373 -1.75723 0.08163 -0.34663 -1.36034
2.02185 0.83779 1.40005 3.11835 -0.07296 1.13393 -1.39222 0.77478 -0.1095 -2.38774
4.46406 -1.88619 2.25257 1.24243 -0.18123 0.87839 -2.2028 -0.22969 -0.12086 -1.90726
4.05371 -0.65339 0.60064 0.35535 -1.00517 -1.46744 -1.25517 1.39035 -0.62795 -1.39457
3.10994 -0.06415 1.3524 -0.38347 -2.38577 -0.04389 -0.18467 3.04516 0.3393 -0.19801
3.60182 -0.62959 2.23461 -0.73134 -2.0154 -0.79719 1.18134 1.15868 2.12704 0.20381
4.14911 -1.2886 1.24578 -1.28278 -0.17202 -0.04001 2.60435 0.45903 1.64965 -1.59466
4.57682 0.00853 0.35197 0.5652 -1.57891 -0.64692 1.67481 -1.34889 2.10476 -0.26258
2.98228 1.41509 1.17118 -0.14696 -1.56853 0.2264 1.30486 -0.46647 2.08219 0.09705
3.13857 -1.06316 -0.95137 2.3045 -0.34962 -0.51847 2.00305 0.6023 3.72286 -0.09566
3.3127 0.78242 0.27068 0.78849 1.53663 0.05236 2.09434 0.39726 3.86748 -0.58852
1.23284 0.54036 -0.01829 -0.72009 0.68333 -0.17879 1.18406 1.07142 3.33927 -0.69434
1.21487 0.25464 -0.60026 0.98874 -0.28886 -0.51878 1.99723 0.89325 4.78654 -0.67425
1.8522 -0.09333 1.13184 -0.83785 1.7702 -1.48485 0.74226 -1.39102 4.72735 -1.50387
1.81579 2.36148 0.47559 3.46535 0.59315 2.44835 -0.95768 -0.90184 4.09447 1.20315
0.70541 -0.7076 0.80961 1.15328 0.61234 2.01881 -0.54847 -0.64049 3.76479 -0.79039
0.48746 0.68961 -1.02086 0.24001 -0.54742 1.19661 0.02858 0.23837 4.63807 -0.1713
0.7094 2.60044 0.28533 1.07921 0.66374 1.10198 -1.70499 1.33155 5.51745 -1.31321
0.92699 0.181 1.03664 1.68094 0.95043 -0.05599 -0.3766 0.80422 5.44362 1.83317
-0.00071 0.15742 0.34921 0.11641 -0.27159 -1.11007 0.98146 0.01396 5.81206 0.40578
-0.23723 -1.17426 0.86804 1.96169 -0.69135 -0.96651 2.04275 0.43974 6.3232 2.09641
0.81037 0.16277 0.34971 1.1656 -0.65109 1.07856 2.2587 3.65487 6.54595 0.48003
0.77204 0.4445 -0.68164 2.39162 -0.55 1.81401 2.54163 3.39765 3.99003 0.56005
-0.2471 -1.49304 -1.14274 1.58306 -0.81724 0.56884 0.93219 0.59289 3.51926 -0.49685
1.30429 -0.85346 0.10339 0.79707 -2.02255 0.44729 1.13974 -0.34222 2.62125 -1.50825
1.79022 -0.52043 -0.54854 2.10892 -3.13441 1.05105 1.98182 -1.00839 2.03102 0.29627
0.4268 0.45416 2.67603 -1.08673 -1.48232 0.60046 -0.59735 1.15565 1.82076 -0.98074
1.07373 1.25641 -1.58543 2.43929 -2.38227 1.3092 -0.57444 -0.52215 1.71037 0.05237
1.27784 0.46057 0.26387 -0.78336 -0.42424 -1.43637 0.04382 -1.29276 0.68572 -2.24852
1.69133 3.21187 -0.2531 -0.35858 0.01069 -1.00432 1.23732 -0.8483 1.82916 -0.54887
1.08492 -0.82524 0.45598 0.20628 1.44745 0.79448 1.30359 -1.33981 1.10288 -1.83344
0.45381 0.01536 1.18544 1.23056 0.76907 -0.82741 -0.00811 0.52499 -0.99528 0.09356
-0.72164 -0.35967 -1.37456 -1.41756 0.6317 -0.216 0.51615 -0.30453 -1.81513 -0.80857
0.23717 0.69895 -1.56561 0.51053 0.96245 -2.05102 0.2317 2.50431 -2.83584 0.71442
0.46369 0.69734 -2.1629 1.76091 0.14789 -0.73798 -0.07376 -0.8746 -0.85211 0.28844
-0.4182 0.48846 -0.3057 -3.35514 0.6743 1.60999 -1.88159 -1.19938 -0.00156 -0.08942
-0.83927 -0.83089 0.65603 -2.23373 3.46366 1.69196 -2.73396 -1.53907 1.11294 -0.22668
-1.07717 -0.59291 -2.42115 -1.0286 1.31491 0.2309 -0.62221 -1.24818 1.10763 -0.21812
-1.63406 -0.36876 -0.74851 0.12414 0.95914 0.67112 -0.74812 -2.20467 0.27996 -0.26722
0.17237 -0.16838 -1.534 -1.25497 1.94736 -0.76216 -0.09778 -0.68343 0.79666 0.22258
1.03275 -0.48136 -0.94863 -0.52495 2.86121 -0.32777 1.10332 -2.06164 0.51667 -0.22229
1.44941 -1.59933 0.13414 -0.03865 2.1138 -1.47727 0.92293 -2.12202 0.04556 -2.01359
1.95248 -0.54706 0.40729 -1.19084 0.95785 -0.25997 -0.66903 -0.87865 1.73933 -0.33431
1.58807 -0.40658 0.29269 0.95736 -0.20039 0.15507 -1.32816 0.06704 0.72171 -0.90729
2.67162 2.73302 0.65506 -0.91454 -1.68427 -0.52096 -1.5033 0.25723 0.60903 -0.21616
2.87679 -2.42245 0.15973 -0.85075 -0.02166 -0.9854 -0.5238 -0.67136 2.73602 0.2873
3.05912 -1.15865 1.47673 2.07681 0.25247 -0.59183 -1.3463 -0.22915 2.60182 0.45632
3.79417 -0.47002 -0.16013 1.75342 -0.16392 -1.58157 -2.89711 0.47898 2.04269 -0.85511
2.71819 0.83655 -0.08444 0.40902 -0.62793 2.08468 -1.59692 2.38807 1.62909 0.2763
1.90183 -0.39148 1.48563 -0.31295 -0.65543 0.22447 -1.89381 1.89891 1.04463 0.77408
0.21902 -0.16549 -0.25839 -0.22987 -1.9708 1.08745 -0.28797 0.64837 2.42229 -0.87314
1.05294 -0.72146 0.59915 -1.41916 -1.55772 0.54638 -2.47153 -1.31723 4.21494 -1.01053
3.10477 -0.27667 -0.45189 0.25953 -0.58807 1.72025 -3.08179 -0.22331 5.53635 -0.63498
1.79376 -0.83172 0.61703 -1.19289 0.55528 -1.37365 -1.10257 0.77191 6.92059 -0.48392
2.36031 0.46893 1.53958 1.0595 -0.44992 -0.80939 -1.01958 0.71467 8.53048 -0.89018
0.1445 0.46827 1.68455 1.13924 0.62702 -2.11931 -0.24285 -0.62285 9.40835 0.23638
1.48067 -0.91252 0.29201 1.46622 -0.23175 0.56424 -1.30833 -1.2365 10.35854 0.89546
0.10809 -1.22628 0.21433 2.43068 -0.03391 -0.37046 -2.69354 -0.40076 9.89295 -0.03551
0.04029 1.36543 1.03868 2.12178 -0.15568 0.4281 0.00146 0.39549 8.65632 -0.84398
0.23487 -1.63551 -2.33116 3.28622 1.19628 -0.51028 0.35218 0.44319 9.33829 0.35254
0.38849 1.12032 -0.24867 2.53671 1.12981 1.44766 1.62883 -0.53062 9.79549 -0.20876
1.24939 0.54815 0.32743 2.9283 0.83575 0.5056 0.59584 -2.36846 8.4215 0.29648
0.80849 0.46361 -1.02209 2.19693 2.17402 -0.31721 -0.95225 -1.64362 7.3368 0.7906
0.48639 0.05928 0.22623 1.38484 0.91228 -1.04995 -0.74852 -0.2618 7.84637 -0.01315
-1.65592 2.49449 -1.67468 1.5185 1.35526 0.92458 -0.27085 0.40505 8.09408 -0.47655
-0.93835 0.13867 -1.24189 3.32272 2.82567 -0.10782 0.3511 0.81207 7.55454 0.19073
-0.89117 -1.60233 -1.23616 2.18355 2.81405 2.45532 -0.41183 -1.06577 7.17001 -0.21624
0.0212 -0.74547 -0.61084 2.15901 3.86509 0.92276 0.59683 -0.55571 6.88777 -1.39357
2.22802 -1.24709 0.55524 3.31354 3.62595 0.27207 0.36811 2.04509 8.44803 0.02288
1.1032 -0.90926 -0.19729 0.34491 4.56522 1.55023 -0.60732 1.65873 9.21138 -0.31011
0.97467 1.01419 0.18026 1.70253 1.70052 -0.62116 -1.02464 1.76804 9.12638 0.89347
1.43645 -0.94581 1.18627 2.64701 2.60666 -0.23125 -0.43529 1.66653 8.99326 -1.74232
2.50459 2.29878 -0.51947 1.9058 1.67587 -0.01792 0.69086 0.36412 7.76918 -3.25534
1.40098 -0.61839 0.91938 1.05305 2.02744 1.80591 2.65699 -0.20861 6.34968 0.28155
2.95803 -1.23235 0.08841 0.80927 2.10232 0.47465 1.4533 -0.35637 6.04333 -1.1548
4.13142 -0.21334 -0.10481 2.46465 1.14557 -0.14938 1.07175 2.1499 5.49365 -1.37067
3.62178 -0.95091 1.44752 1.9679 1.36301 1.66885 1.34921 0.97946 4.40913 -0.45478
3.40388 -0.18402 1.36274 0.64388 0.33656 -0.70998 -0.35368 -0.08769 4.0025 -0.00962
2.5375 1.60271 0.84375 1.33672 0.07872 1.77363 -0.67596 0.51851 4.13219 1.32955
2.80414 -0.18718 0.08995 -0.36064 -1.06654 0.56364 -2.23908 0.43108 5.91402 -0.73581
3.14773 1.48224 -1.37727 -0.89464 -1.53498 -0.12711 -0.00644 -1.41356 6.03164 0.37117
1.97717 -1.20877 0.39606 0.32907 -0.44971 1.38286 -1.06848 -0.0891 5.49587 1.03213
1.07437 1.03134 1.37058 1.24348 -1.20152 0.73678 1.28351 0.37577 5.38287 1.50052
2.72084 0.33926 0.03015 0.85442 0.21431 2.16953 1.69759 1.07358 4.89181 -0.30058
0.60784 0.48904 0.57047 2.26693 -0.40298 -0.60615 1.8782 1.87422 4.66406 -0.2582
1.52026 0.20919 1.29163 1.50394 -0.32752 -0.04964 2.91314 1.12043 4.6283 1.95963
1.35128 0.39625 -1.61259 3.00842 -0.06283 -0.83394 1.24565 2.09462 2.70268 0.1933
0.00685 -1.41729 0.25576 0.71359 1.1639 0.21412 -0.59476 1.10574 1.44364 1.54935
3.65955 -1.47302 0.28731 1.44142 1.29458 -1.30937 -1.72541 0.31415 0.72193 -0.9932
0.26799 0.97583 -0.48522 1.78078 2.17583 2.72413 -0.98953 1.12011 -0.59115 1.42089
0.07322 -0.84017 -0.7534 1.28066 1.92282 -0.96582 0.22372 1.08555 -0.00906 -1.27234
0.80799 -1.47518 0.21167 -0.18546 1.09499 0.26921 0.83939 -0.61939 0.76435 -1.20179
2.79439 -0.94217 -0.20146 1.547 1.0067 -0.46044 -0.31419 0.11352 1.67839 -0.90629
2.34888 -0.93137 -0.40453 0.51829 -1.32805 -1.10615 -1.13653 0.09512 2.02927 0.0912
1.66415 -0.94368 -0.30769 -0.11045 -2.18832 0.5701 -1.16023 0.22436 2.24397 0.51243
1.57097 0.47444 0.14369 -2.26409 0.33549 1.42625 -1.79024 2.3496 2.70601 0.62913
-0.10223 -0.89405 -1.67771 -0.38665 0.16172 0.67802 -0.62115 -0.09987 3.70996 2.07521
-1.58102 -0.25632 1.62391 -1.099 -0.5319 0.74995 -2.27201 -0.82035 1.64604 0.44099
-0.94801 0.06425 -1.48869 -0.98206 -0.95362 0.18938 -3.66438 -0.31048 0.88024 -1.34134
-0.4516 -1.2884 -0.25534 1.74303 -0.94847 1.65008 -2.43425 0.63878 1.72782 -1.51032
-1.39651 -1.33126 1.92823 1.41921 0.83767 0.52275 -0.63947 0.0805 0.97192 0.13557
-1.02629 0.49614 1.10537 0.87904 0.33841 0.46014 -0.75946 0.11597 1.1898 -0.69148
-1.80059 0.97329 2.80592 -1.45186 1.39752 0.26559 -1.49358 0.82522 -0.2864 -0.93501
-1.50156 0.46637 0.587 1.63993 -0.24792 0.24607 -0.54461 1.41513 0.78448 0.39729
-3.14762 -1.32837 0.02895 -1.34519 0.10861 -1.32899 -2.14572 1.25848 0.83455 0.38719
-2.17213 0.70385 0.17298 3.29093 -0.54769 -0.53582 -2.38231 1.90299 2.37366 -1.86837
-1.28463 0.70512 -0.40166 1.87329 -1.29827 0.14086 -1.64714 0.61536 0.35319 -2.39567
-1.11266 0.51793 -1.15245 1.05541 -1.04702 -0.27985 -2.34489 -0.48161 -1.75616 -0.52847
-0.8492 1.43337 -1.2445 -1.67188 -0.82276 -0.48626 -0.71844 -1.46687 -1.45233 0.6378
-1.30356 -0.15277 -0.98486 1.43492 1.34424 -0.99445 0.56162 -2.79849 -1.96369 0.69405
-0.33711 -0.45391 0.78211 0.55897 0.49912 -1.96366 -0.90752 -1.95031 -2.74306 0.29472
-0.41792 -1.84664 0.50534 0.3415 -1.31405 -0.78907 -0.89408 -0.70654 -1.88596 -0.65413
0.20401 -0.11535 -1.33676 0.32873 -3.05578 0.05483 0.6976 -0.22018 -1.90895 0.6959
1.3566 -0.97312 0.65453 0.87691 -4.06259 -0.48555 -0.14161 0.1665 1.25004 0.26247
2.33635 -1.2969 -1.02242 0.57002 -4.0568 -0.7744 -0.37555 0.08275 -0.7586 -1.47091
0.41681 1.03485 0.29598 -1.62929 -1.89197 0.57023 -0.66981 -0.31032 -1.02565 -0.16856
-0.38371 0.78653 -1.02512 -0.74377 -2.898 -3.35799 0.53428 0.24804 -1.42833 0.17495
-0.11961 0.02811 -0.01844 0.98413 -1.66903 0.2576 2.15117 -0.85802 -1.20268 -0.49628
-1.05759 -0.66435 0.84399 -0.97798 -0.54874 -1.24836 0.79035 -1.45709 -2.66456 0.55663
0.78735 1.73075 -0.41309 -1.73947 -0.31289 -0.96307 0.3163 -1.2057 -3.03 0.28696
0.40642 -0.90523 0.47483 -0.7404 -0.89957 -0.87283 0.22155 1.038 -1.03008 -0.04692
0.22217 0.26295 0.73639 -0.10754 -1.6339 -0.31457 0.71056 1.92509 -0.71194 -1.55275
1.06167 -1.83098 0.83678 -1.24779 -1.77263 -0.44226 -0.37079 1.3034 -2.24221 0.10077
-0.40369 0.83032 -0.49732 0.04285 -1.22447 -0.72053 -0.54775 1.16558 -2.42807 2.27988
-0.51405 1.85197 -1.02451 -1.02907 -1.05315 0.18383 -2.1097 1.29488 -3.96395 0.58282
-1.21238 -1.01657 1.12051 -0.24711 0.70832 2.41585 -0.75917 -0.70091 -6.07017 0.65548
-1.01398 0.2518 -0.20261 -1.30512 0.00419 1.97764 0.82418 -2.31885 -4.98614 1.78456
-0.5538 -1.77717 -1.18121 1.33047 -1.12357 0.95603 0.75913 -1.99526 -3.91807 -1.95559
-1.60892 1.69674 0.81401 -1.10774 -2.15702 0.66228 -1.41883 0.45256 -3.6129 0.20791
-1.06664 1.33378 1.21144 -1.37485 -0.35345 -1.02242 -0.42741 -1.0221 -3.65005 1.95649
-0.64293 -0.53797 -1.21884 0.69525 0.23838 -1.81817 -2.5109 -1.19762 -4.48728 0.64014
0.34775 1.50921 -2.73813 -0.36034 0.33704 -2.73399 -0.1567 -1.02801 -4.52575 -0.08883
-0.35497 -1.84464 -0.19319 -2.61802 1.90212 0.00799 0.58323 0.36234 -4.26182 0.84247
-1.62661 0.61413 -0.74419 -0.64259 0.26617 1.42585 -0.07246 -0.67983 -5.47037 0.41123
-1.92152 0.36005 0.37685 0.37585 -0.38487 -0.23816 -0.2631 -0.51926 -4.08782 0.81315
-0.83686 -1.50994 0.68272 -0.07843 -0.49079 0.24706 -1.75181 1.11424 -5.02817 -1.15952
-0.40388 0.20438 -0.109 -3.31373 -2.06005 -0.04623 0.10877 -0.50052 -4.61817 -1.04109
-0.15812 -0.70534 0.59198 -0.41378 -0.40048 1.22915 -1.11828 0.17651 -3.5943 -0.33818
-0.7494 1.0118 1.62857 -0.28262 -1.05264 1.14015 -1.32298 0.34608 -2.82311 -1.25778
2.13239 1.27967 -0.18547 -2.03936 -0.20798 -0.44114 0.60058 0.75471 -3.29165 0.26646
1.97864 -1.89527 0.58534 -2.43653 0.2721 -0.08967 -0.03832 -1.16158 -3.16965 1.47929
1.47007 0.31861 0.84612 1.42658 0.15892 -0.22458 -0.44072 1.44367 -1.95909 -1.99996
3.29407 0.4966 1.30118 -1.34492 -0.48782 1.14572 -1.25537 0.72749 -3.03111 0.81419
1.61751 -0.75801 1.08541 -0.25866 -0.68015 -0.78608 1.49987 1.94728 -3.05929 0.39998
0.50189 0.4858 0.45964 -1.48633 -0.95976 -1.16608 1.50184 -0.38584 -3.40231 -0.85146
0.30053 2.10122 0.81242 -1.15109 -0.61632 -0.8137 1.78327 -2.42551 -2.89886 -0.26946
-0.73103 0.45985 -1.51768 0.17692 -1.53191 -0.11402 1.40892 0.42228 -3.11261 -0.24041
-3.17049 -2.29126 1.87368 0.16649 -1.50881 1.78825 0.44107 0.30267 -3.19333 0.24455
-4.48158 0.19449 0.1697 -0.25515 -1.07316 0.96586 0.29773 -0.3892 -3.94953 1.39376
-3.82949 1.44729 1.64262 -1.60093 -0.3753 1.42567 -0.55164 0.36487 -3.8967 -1.60265
-2.13988 -1.37927 -0.34647 0.58781 -0.95802 -0.05977 -1.2564 -0.86202 -4.54509 -1.83816
-1.67098 -0.2305 -1.93194 -4.04925 -0.41458 1.19722 0.95676 -0.16732 -3.90364 1.45172
-3.83268 0.52025 -0.06008 -0.66249 -0.47247 0.13864 -1.19525 -1.1299 -4.00876 -0.91246
-3.95202 -0.31012 -0.97326 1.5845 -0.68203 0.10255 -0.59984 1.39665 -5.87755 -0.06195
-3.92371 0.27927 -1.25228 -2.30614 -0.76948 -1.19665 -0.66514 -0.45822 -5.73782 0.28284
-2.93528 0.13439 -1.76113 -2.58194 -0.39077 1.31611 -1.43194 -0.65135 -5.00245 1.59085
-3.31079 -0.41955 -2.08397 -0.38262 0.14361 2.08264 1.41826 -0.17902 -5.70514 0.2225
-4.03649 1.85383 -0.81237 -1.77398 -1.77634 0.04811 2.33241 1.06268 -4.29759 -0.51304
-2.38829 -0.44675 -1.15128 -2.68987 0.12254 0.61298 1.48849 -0.46861 -4.84907 0.13441
-1.76757 -0.66828 0.35525 -1.57607 0.11699 1.01795 2.12313 -1.13057 -4.46618 -0.94411
-1.31464 0.78445 -0.56819 -2.07102 0.46311 -0.72933 0.38329 -1.20431 -4.38473 -1.02924
-2.11825 1.20074 0.80833 -1.98153 2.92385 -0.48987 -0.72265 -0.74096 -3.64314 -1.65231
-2.58089 0.19504 -1.09169 -0.04088 3.32596 0.37772 -1.38146 -0.48646 -4.51113 0.33757
-0.32959 1.34025 -1.54683 -0.51172 2.12406 0.37462 0.3777 0.78687 -4.20206 0.71759
0.68366 0.49513 -0.24118 -0.90498 -0.05522 -0.93595 -0.58712 0.60256 -3.7949 -0.51917
3.36282 -1.1182 -0.4525 -2.45744 -0.18596 0.58787 2.04806 -0.13293 -2.86566 1.95119
3.30199 1.31406 0.21871 -1.13565 0.23152 -0.49797 2.70256 -0.06668 -1.75945 -0.42133
2.74755 0.65236 1.70735 -0.95119 0.27868 -0.2879 1.7467 1.33745 -1.40049 1.40556
1.40953 -0.80513 3.63178 -0.45136 -0.52846 2.35416 0.1618 1.41762 -1.14916 -0.23353
1.87024 -0.35218 0.35228 -1.22209 -0.89573 -0.4418 -0.67953 2.09935 -0.64537 2.22112
1.05468 1.37902 0.90978 0.01264 -0.35413 0.48372 0.25265 1.68755 0.10818 -0.44156
1.10673 0.15116 1.33212 0.12854 -0.05114 1.25854 -0.3955 -0.65254 0.51861 0.62023
0.35678 -0.73522 1.18598 -2.69605 0.27569 -0.76897 1.11676 2.0409 1.84672 0.43807
0.17625 1.36472 -0.02783 -1.47075 0.05047 -0.03546 2.03734 0.38299 2.53565 -0.92844
0.63777 -1.73477 -2.77819 2.00213 0.73948 -0.59927 0.1722 -0.21641 2.75268 0.44171
1.15089 0.1461 1.67711 0.57452 0.45778 -0.15714 -2.14871 1.62529 2.04957 -0.80216
1.71669 -1.40242 1.05787 0.17378 1.07318 -0.25416 -0.23641 -1.82447 2.41123 -1.61697
0.44974 -0.48327 0.30956 1.45989 1.19616 -0.75882 1.6001 -1.44921 1.86474 -0.61638
0.96149 0.33247 0.34772 -0.74313 1.02452 -1.86492 -1.1554 -0.41742 2.23584 -0.5421
2.39344 -0.76681 0.75248 0.40791 0.3398 1.06039 -1.62079 1.2804 1.62656 -0.53819
1.56666 0.37414 -1.24029 0.3103 -1.61012 0.71556 -4.20705 -0.95569 1.97742 -1.76974
1.99031 -0.51448 -0.86737 -1.51366 -0.41427 0.24192 -2.55349 -0.46416 1.97933 -0.34121
0.4571 -0.06859 0.11029 -0.01624 -0.91711 0.50942 -1.11014 -0.25443 3.64164 1.32813
1.45511 -0.20285 0.92732 0.65965 -0.68395 -0.76814 -0.53295 -0.64446 2.31553 0.32386
2.01081 -0.07488 -0.42554 0.92432 -0.06319 0.61504 0.01275 -0.70591 1.68494 -0.2621
3.86269 0.22773 0.4916 -0.36101 0.00282 -1.41917 0.16891 0.77005 2.40853 -1.63855
