-1.39028 -2.22289 0.70214 -1.94344 -0.13626 1.87614 -4.98632 -0.24983 4.21466 -0.62674
0.22231 -0.11776 1.46919 -2.18928 -1.35885 0.77345 -3.846 -2.21555 3.07668 -1.62917
-0.94455 0.56885 1.21781 -1.9433 -2.67563 -0.0949 -4.30258 -2.07501 3.19674 -1.58801
-0.40388 -0.27233 0.8718 -3.28868 -2.98317 -0.48241 -2.83613 -0.6958 2.75745 -0.67199
-0.7363 -0.99429 0.81031 -2.93554 -1.81644 0.03 -1.72535 -0.92545 1.00447 -0.73329
0.05395 -2.57038 -0.52604 -2.49452 -2.99541 1.42566 -1.37325 -1.26661 1.30138 -0.49218
0.51204 -0.23325 -0.61058 -1.637 -1.80132 0.87172 -2.85595 -1.68454 1.61615 -2.29979
0.29701 1.66092 0.10859 -3.32352 -2.00151 0.25734 -3.3615 -3.17182 2.55167 -0.79086
-0.50385 -1.9782 0.465 -2.31058 -1.9288 -0.00798 -2.50048 -0.53214 4.15687 -0.7865
-0.06005 -0.02245 0.85557 -1.45937 -2.04558 -0.10645 -1.68886 -0.09773 3.44998 0.98415
0.17014 0.18129 1.58864 -0.24875 -1.60813 -0.79872 -1.3074 -0.26054 0.90404 0.09781
1.04876 -0.98706 2.31079 -0.98293 -2.245 0.49564 0.18753 -1.01461 1.78721 1.95771
0.21346 0.20772 2.89899 0.13213 -1.78335 0.19559 -1.49345 -0.32523 2.08611 1.66877
0.63412 1.51742 2.34786 0.47954 -0.85376 -0.08816 -2.74488 -1.37252 1.14689 1.54676
-0.32246 -0.05555 0.47804 2.33898 0.37506 -0.07279 -3.27728 -0.45458 1.27476 0.92686
1.08408 -0.3689 -0.28666 3.97732 -0.04283 -0.41894 -2.66947 -1.34118 2.4125 2.08281
-1.70329 0.34261 -0.41923 3.67005 2.46976 -0.57137 -2.01029 0.27331 1.80359 3.46302
-0.94332 0.67971 1.46238 2.28893 1.662 0.25407 -1.28716 -0.27837 2.97997 3.8911
-1.56325 0.46879 0.26185 3.32841 2.35859 1.87489 -2.70477 -0.29566 3.8285 3.69981
-2.30505 0.37108 0.88551 1.89669 0.75663 0.36945 -1.01105 -0.05999 3.56849 4.76691
-0.54312 1.15741 0.37418 4.38006 -0.20024 1.52654 -0.92375 0.16043 4.34746 4.71297
-1.57279 0.22831 1.05305 3.11368 1.09468 1.96323 -0.8779 0.74968 2.24022 6.44146
-0.15273 1.06749 2.16587 1.99601 1.29076 0.55746 -0.83753 1.04995 2.12591 5.23225
-0.21792 -0.84333 3.29381 0.27007 2.40704 0.49603 -0.75477 3.55222 2.95338 4.81036
0.1342 -2.65515 2.36123 -0.04205 3.48033 -0.20189 -1.30105 2.00821 1.84257 3.31094
1.69024 -0.54702 3.19749 2.25687 2.05522 -0.07755 -2.21415 2.06074 -0.29577 1.65156
1.16942 0.99362 2.63673 2.74382 0.1191 1.26343 -2.58436 2.05947 -0.62945 3.19545
-0.91865 0.09512 0.42004 3.68239 -0.6794 0.02508 -4.76878 2.71864 -1.48818 1.47768
-0.94743 0.13837 0.02606 4.20742 1.55434 0.56798 -4.65694 2.27156 -0.48233 1.45112
-0.68581 -0.56698 1.6075 3.7782 2.36965 1.73468 -5.39932 0.28048 0.03719 1.61227
-0.26655 -0.71995 1.68619 3.72289 1.35075 0.23386 -4.01622 0.81229 -0.56529 2.55248
0.56377 0.57525 0.84727 1.09572 2.17991 -0.45316 -4.51772 -0.73733 -0.49865 2.2697
0.60835 -1.7708 1.02783 2.0716 3.15032 -0.16704 -2.89013 -0.01523 -1.88337 2.94828
0.97768 -0.66343 1.55266 2.96506 1.93513 0.69945 -3.21832 1.48557 -1.73507 2.69345
0.69086 -0.61526 1.28211 2.61975 2.0336 -0.51065 -3.85462 0.07135 -0.77395 3.95788
-0.9222 -1.67271 0.49852 3.0726 1.96045 0.44495 -4.35432 1.7251 1.0973 2.34992
-0.5187 0.50762 -0.55763 1.01436 1.81385 1.89591 -4.48893 1.60391 3.07824 1.7285
1.36014 -0.64237 -0.91456 0.42728 0.95814 0.67831 -3.8964 1.15135 1.87994 2.96145
-0.26495 -0.96495 -1.24186 2.06655 3.33506 -1.90154 -5.11388 0.79349 2.61044 2.85709
-0.3942 -0.93073 0.47435 0.58191 1.5974 -0.01766 -5.61159 -0.64018 2.09223 3.1066
-0.12497 -0.85811 -1.24675 -0.8467 1.94414 0.00508 -4.7379 1.29954 1.81747 2.03727
0.25906 -3.50964 0.11022 -0.92799 1.72451 -0.23728 -2.42346 1.9989 2.60404 2.09136
-1.19349 -1.23456 1.51797 -1.76073 0.84141 -0.36287 -2.67644 0.89253 1.40573 0.01901
-0.98818 0.31875 1.53709 -2.89403 0.11981 -1.36288 -2.57026 0.87854 2.18922 0.22162
-1.52343 -0.42501 0.63447 -2.76061 -2.04382 0.0512 -1.35002 2.08365 2.14738 -0.70605
-0.81544 -0.25901 0.64838 -1.69969 -1.04713 1.01418 -0.9759 1.31819 3.6147 -0.43027
0.61166 -0.44742 2.5784 -0.93568 -0.13506 -0.22035 -1.12477 -0.42124 4.86368 -0.01162
-0.43591 0.11925 1.43515 0.12185 0.76924 0.63151 -2.34482 -2.33627 3.52217 1.71602
-0.54675 0.81862 0.28839 1.48087 -2.61405 -0.15905 -1.01021 -2.28338 2.00426 1.15232
-0.77032 -1.40793 -0.43952 2.52837 -0.57082 -0.73494 0.39573 -1.87399 2.70315 0.87048
-0.99894 0.55245 -0.17929 2.27972 0.31243 -0.68768 1.044 1.12409 2.36679 0.6781
0.5746 -0.32006 -0.42086 2.78436 0.55884 0.20769 1.27329 -1.05387 2.37462 3.09423
1.10013 -0.20304 -0.66137 1.35809 1.39716 -0.55999 1.39975 -2.62222 1.2709 4.45486
1.50499 1.03353 0.03529 1.00087 0.53317 -0.79043 1.10653 -0.31209 2.42387 4.13888
1.07953 -1.21821 -0.42461 0.02955 -0.49153 -2.15053 1.32849 0.56813 3.81013 4.24111
1.76042 0.11877 -0.1612 1.26694 1.02759 0.47812 1.56258 2.10499 5.14059 4.6453
2.26719 0.28621 1.53166 0.74785 0.43443 -0.38315 0.8405 2.75518 4.9187 2.88662
2.22728 -0.40955 1.65017 0.33103 1.00461 -1.3646 -1.31966 2.15156 4.5565 3.36107
1.45552 0.81765 -0.61605 1.36556 -0.29595 0.28226 -0.33534 0.49167 4.13222 4.7641
0.5547 0.43135 0.63413 -0.30302 -0.05113 2.17471 -0.32857 1.90563 3.04358 5.3004
1.26296 -0.39539 1.21989 0.22397 -0.56492 -0.04952 -0.70869 2.1842 3.43603 2.73051
-0.52099 0.08295 1.5181 0.50375 1.58928 -0.88661 0.06191 1.59275 4.83481 1.49866
-0.1556 0.6938 1.49426 0.98667 1.65659 0.81322 0.93531 1.46639 5.11807 -0.73187
0.31086 -1.14286 0.83752 1.34202 0.77854 -1.45769 -0.33648 1.26871 4.89383 2.54372
0.5837 2.69851 1.28513 1.04233 0.71842 -0.39004 -1.2155 1.06787 4.59366 3.06697
-0.63072 1.06762 3.594 2.04065 0.48373 -0.06263 -0.59661 1.2338 4.66197 2.77506
-0.58943 -1.0392 2.85774 2.66199 1.5724 0.26246 -0.997 0.52605 5.63452 2.43812
-1.25509 -0.37692 1.77233 4.39722 0.48925 -0.39081 -0.02861 -0.18049 7.80324 0.75741
-0.48755 -1.07041 1.74608 1.79323 -0.98205 0.68449 -1.00793 0.52053 7.96032 2.26944
-1.05381 2.2961 0.27479 2.57841 -0.53977 -0.2925 0.48287 0.79309 7.5406 3.04362
-0.16536 -0.71599 0.47199 4.67849 0.22628 -0.88992 0.35976 1.35168 7.43248 2.73982
1.72687 1.51097 -2.09193 4.55066 1.99147 1.45019 1.34227 0.29646 7.20228 4.05814
1.00018 -0.47459 -2.17543 3.36402 1.33797 -1.93326 2.87516 0.05716 7.55861 4.2184
0.48793 -0.39245 -2.91251 1.88591 2.77564 -0.46197 2.38613 0.87306 6.02906 4.85661
0.17743 0.73279 -3.06651 0.33524 3.08812 -0.81194 2.47384 0.40817 5.92123 5.50427
0.59227 0.40634 -3.4561 -1.6831 2.14824 -1.74557 3.39186 1.59223 4.9886 3.57577
1.77523 -1.41104 -2.13 -0.36124 1.25116 1.23268 2.1641 0.38517 7.10437 2.60612
1.50084 0.93306 -2.37561 -0.82137 1.57677 -2.2124 1.3762 3.30539 7.7758 3.42687
0.12484 -0.37704 -0.40601 -0.05516 1.29039 -1.10998 1.05625 2.55878 8.6203 0.66174
0.7407 0.72424 -0.37593 -0.92934 -0.1608 -1.01205 0.69915 3.45564 8.40927 -0.88375
0.66991 -0.64036 -0.93776 -0.58455 -0.13403 1.55019 0.82115 6.17891 8.81803 -0.95107
0.20255 -0.5459 -0.74374 -0.54157 0.57449 0.80102 1.94089 1.93463 6.38694 -1.68034
0.93023 0.25317 -0.40695 -0.65874 -0.18668 0.39329 0.58227 -0.13919 7.42343 -0.92116
0.4388 -0.99081 -0.27587 0.10698 -1.5563 -0.18653 -0.15092 0.14452 6.85674 -0.62769
-1.50122 -0.36184 0.15846 -0.26716 0.34593 -0.89928 0.43914 -1.38633 5.88968 -0.9289
0.39228 0.1812 0.12656 1.4126 -0.16236 -1.55328 1.50195 -0.7581 7.89189 -2.52187
1.4029 0.68761 0.66649 1.53058 1.609 2.1329 1.114 -0.20711 5.78574 -3.47491
-1.0791 0.09635 0.78171 0.3395 0.43976 -0.47541 1.09505 -2.08678 4.62618 -4.0385
0.01124 -0.02578 1.79832 0.29217 0.54839 0.11583 1.20407 -2.20913 4.81616 -3.80794
-0.46477 0.56092 2.94939 -0.55319 -0.70964 -0.70988 1.37087 -0.76157 3.62347 -3.73295
-0.14319 -0.45209 3.13057 -1.58706 0.50648 2.83277 2.65632 1.3498 3.9207 -5.31309
0.18558 -0.58079 1.62648 -0.6308 2.12428 -0.66196 1.60259 -1.16265 4.36553 -5.06208
0.5265 -1.15932 1.29867 -0.69338 -0.09821 -0.01056 2.78529 0.68624 4.46139 -4.92062
-0.81106 0.264 0.38809 0.29493 -2.81281 0.14316 1.35417 -0.99584 3.57119 -5.30721
0.09738 0.19874 0.02329 2.18625 -0.4716 -0.17315 2.97971 0.73716 4.85768 -5.11241
0.47728 0.58828 1.48986 1.92666 0.19332 0.64145 4.61661 -1.41513 3.45384 -5.15257
-0.5161 1.40177 1.33732 1.53876 0.00365 1.44222 3.75822 -2.30548 3.21176 -4.01611
-0.44498 2.40302 -0.23194 2.2931 -0.74646 -0.55474 2.01006 -2.16218 1.99282 -4.1166
-0.40863 1.55433 0.05156 2.52948 0.00945 -1.17632 0.57276 -1.7916 1.16539 -1.37865
-0.17151 0.96289 1.67503 2.46647 1.01976 1.26419 0.03644 -3.58385 1.18186 -0.81651
-0.572 -0.95378 2.79125 3.09137 0.68213 -1.32832 0.51421 -3.36384 -1.3033 -1.49997
1.21227 1.25021 2.66165 3.29962 -0.1798 2.19392 1.15568 -2.36108 -1.15928 -2.98653
2.43219 1.12734 2.25103 1.63385 -1.22773 -0.00206 0.40782 -0.2476 -1.73332 -2.45234
1.56674 0.2853 0.55616 0.13966 2.55995 1.81188 -0.15367 0.56249 -2.95865 -3.09675
-0.09203 1.19853 -1.09204 0.77626 0.81881 0.59217 -0.86934 0.72381 -1.15768 -3.53889
-0.53569 -0.76676 -0.91895 1.83305 -1.51967 1.20275 -0.31908 -1.16683 -0.38797 -2.10576
0.26154 1.0899 -0.44055 1.02222 0.81376 -1.08949 -0.84472 -0.91712 -0.76493 -2.54672
-1.5672 -1.40877 -0.14393 -0.41987 0.46418 -0.08444 0.31513 -0.01461 -1.59706 -1.98465
-0.10065 0.34976 0.75229 0.78205 2.37548 -1.27944 -1.05684 -1.92991 -1.25112 -3.00405
-1.41751 -1.94028 0.64011 0.06478 1.10403 -0.89526 -1.14973 -1.91172 -0.9635 -1.56335
0.19137 0.78307 0.88647 0.30989 0.97021 -0.97752 -2.24337 -2.25392 0.54953 -1.75468
-0.92359 -0.29268 1.6183 1.22483 0.25686 -0.20639 -1.03457 -1.08798 0.93121 -0.74969
1.2821 -1.79365 1.10233 1.77464 0.13549 1.52311 0.02194 0.8497 0.56112 -0.70916
0.04465 -0.07371 -0.19356 1.63207 0.85574 0.86221 0.18001 -1.32877 -0.25282 -0.55035
1.09786 1.74636 -0.16405 0.68131 1.19879 -1.08723 1.46992 0.27989 -0.28016 -0.30733
0.77612 0.90187 -0.40537 0.75907 1.07252 2.06877 1.89664 0.5584 -0.89278 -0.1454
2.74512 1.1251 0.0992 0.26353 0.55049 -1.24991 2.105 0.5149 1.00801 -1.42835
1.99323 -0.15134 -0.99371 -0.25715 1.0381 0.26783 2.11314 2.21909 0.90533 -0.55933
-0.1306 1.50512 -1.70804 -0.66985 -0.63942 0.75333 2.26279 2.32196 2.45913 -0.75723
0.06926 2.49892 -0.54154 -0.43519 -1.29966 -0.71969 2.16266 3.63089 2.9417 -0.326
-0.33272 1.80824 -0.89676 -0.42353 0.33348 -0.91459 0.55121 1.99985 2.87355 0.23264
1.00738 -0.84084 -0.26568 -1.54923 -0.31646 -0.87773 -0.3081 -1.88081 0.86389 0.05424
2.22414 -0.4326 1.44992 -1.94491 0.07421 0.68506 -0.55239 0.51353 1.51329 -0.98498
2.61997 1.51659 -0.17738 -3.17064 -0.32939 0.18217 -2.81801 0.08963 1.4522 1.31637
0.91808 -0.23621 1.37474 -3.42259 0.31725 1.0075 -1.89823 0.7807 2.20915 1.89542
1.68244 1.40862 0.25812 -4.246 0.58755 -0.88751 -1.95062 2.12978 2.1298 2.36608
-0.88872 -1.3076 0.33708 -3.33862 -0.82679 -0.57505 -2.51834 0.30691 2.34619 2.50779
1.12198 1.99031 0.28554 -3.05404 -0.23102 0.75116 -2.49381 -0.64927 4.71712 0.91186
0.03414 -0.75521 -1.32638 -2.03727 -1.40966 -0.33122 -2.33638 -1.40381 4.90021 1.21977
0.37444 -1.24943 -2.31417 -0.51756 -0.54169 -0.53854 -3.21692 -0.40111 5.70723 0.68648
-0.29307 -0.30288 -1.43352 -1.02239 -1.98707 -0.39407 -2.87388 -0.78417 7.29573 0.08666
0.15078 -1.97443 -2.38189 -1.24896 -2.29847 -2.08295 -2.43865 -0.68253 6.61503 -1.08779
-1.21503 -1.73723 -2.94819 -0.89811 -1.62232 -0.58992 -3.47409 -1.22517 6.61551 -0.84289
-0.6251 -1.48072 -1.17847 0.19073 -2.33894 -0.22611 -2.97766 0.80698 4.95202 -0.94417
-0.77454 -0.91182 -2.73527 -0.66751 -1.71116 -0.5031 -1.59401 -0.45949 3.76348 0.03303
0.13239 -2.6087 -1.75262 -0.05914 -0.98127 -0.26951 -0.16896 -0.51292 4.67043 0.01861
1.21181 -2.17223 -0.69652 1.55914 0.54686 -0.26649 -2.04996 -2.99349 4.82603 -2.36185
1.13408 -0.39853 -1.00356 1.87679 -1.03645 -0.24047 -2.71201 -1.34947 3.43033 -3.28458
-0.44678 -2.15266 -0.45372 1.32356 -0.94748 -0.67613 -4.52415 -1.96398 3.86042 -3.95867
0.4389 -0.34371 0.81624 -0.8385 0.89281 2.00461 -3.09025 1.31969 3.11715 -5.26543
-0.04872 -2.54024 0.58457 0.09012 0.16302 0.75745 -1.32422 1.56065 0.78454 -5.56611
0.39394 0.85106 1.94179 0.19438 0.49579 -0.69936 -2.23254 -1.07446 -0.30955 -4.77257
-0.55224 -0.34039 0.83476 -0.40813 0.82304 0.43065 -1.35512 -1.09471 -0.22057 -4.03169
-0.91394 0.61923 0.93668 0.91625 0.82425 2.30449 -2.91056 -1.17375 1.12354 -3.9391
-2.41628 -0.54983 1.26879 1.18129 0.27952 1.23021 -3.12088 -1.18407 -0.20407 -2.37327
-0.07509 -2.00234 -0.45582 0.54207 1.25668 0.54434 -3.67964 -2.55734 0.76702 -2.74105
0.21978 -1.47505 -0.2812 -0.66303 -2.11703 -1.25892 -3.33589 -1.64438 1.00173 -1.51587
-0.65194 0.4322 -0.00147 0.13352 -1.84562 -0.94173 -1.6537 -0.77877 0.58894 -1.10598
-0.75299 -1.24551 0.32399 -1.02803 -1.91852 -0.16643 -1.21899 -1.54482 0.3153 -0.49158
-0.24479 -1.86124 -0.68721 -0.93671 -1.5217 -0.40908 -1.139 -0.1833 -0.64539 0.39293
-1.38099 -1.5438 -0.69067 -1.94537 -0.6733 -0.68765 -3.17717 -2.2297 -0.61115 -0.00833
-2.06955 0.52994 -1.73655 -1.14533 -0.54373 0.5484 -3.67128 -2.34518 -0.43707 -0.95231
-2.56598 -1.05675 -1.21946 0.37128 -2.65051 -0.4007 -4.23612 -3.20597 -1.36046 0.21731
-0.6313 -0.35841 -0.41409 0.04217 -1.58886 -0.83459 -4.2796 -2.08052 -0.27761 0.81081
-0.10625 -0.48248 0.94558 0.90888 -1.84943 0.20691 -3.05432 -0.12788 -3.07148 -0.14981
-0.25649 -1.11077 1.96079 0.9194 -0.3549 -0.63994 -2.98087 -0.22562 -2.63024 -0.40945
1.45118 -1.24801 1.90532 0.53909 -0.07492 -0.72069 -2.56584 -0.39835 -3.69738 0.36456
-0.90983 -1.22169 1.33211 -0.05811 -0.81771 0.32695 -4.13906 -0.80435 -1.59115 2.32667
-0.78783 -0.12747 2.36087 -1.27421 -0.97297 0.31852 -4.48125 -0.19196 -2.98247 0.8479
0.91316 -0.89965 0.8577 -1.95118 -3.47217 0.97487 -4.43284 0.86642 -4.30824 0.72574
-0.13981 -1.73603 0.76961 0.63521 -2.29654 1.42223 -6.13266 -0.4387 -2.88991 1.14936
1.52655 -0.59217 1.28833 0.08838 -0.88923 2.2499 -5.17405 -1.60528 -3.54901 1.93056
0.95287 -0.62049 0.19562 -1.53577 -1.44197 -0.79061 -5.99256 0.52287 -1.78625 0.867
0.3229 -1.72254 -0.32154 0.80758 -1.29735 -1.60703 -4.41411 0.30972 -0.36437 2.57962
2.49605 -1.56248 -0.54303 0.90848 0.99014 -0.71352 -3.96994 -1.54883 0.14148 1.9684
1.13033 -3.28431 1.01074 0.75365 -1.22566 0.21323 -3.81942 0.95451 0.36473 2.30045
1.15431 1.02532 3.11565 0.10826 -2.29444 0.1352 -4.40306 -0.5075 -0.02563 2.73995
1.43265 0.10496 3.2303 0.9444 -2.0959 1.53741 -1.75158 0.06044 0.50998 4.41541
-0.08243 -2.96122 2.86969 1.58247 -1.50003 1.7706 -1.82419 2.21602 0.7673 5.34007
0.61044 0.21871 1.04716 1.01009 0.14983 2.00271 -1.87769 0.10146 1.96243 5.0833
0.24692 0.80232 2.57364 0.3617 0.7301 0.45324 -1.66714 0.96635 1.682 5.33561
0.15842 0.52129 3.88156 -0.97383 1.93936 1.66886 -0.48841 -1.75439 1.94715 4.36226
-1.74006 -0.50887 2.94157 -1.20335 2.82188 1.80953 -0.25696 1.00547 2.46175 4.71354
-2.48103 1.78306 3.00616 -1.50866 3.39407 1.59755 0.45475 1.81101 2.35583 5.9044
-2.53212 1.05051 2.76782 -1.0263 0.36937 2.06936 1.80782 1.77174 2.27018 5.72345
-0.19361 0.42842 1.66718 -0.45964 0.30794 0.91627 0.96716 0.26339 0.44321 4.35309
-1.0663 3.22568 0.90254 0.64129 -0.91742 0.50275 1.19566 0.08002 0.15491 5.5128
-1.65255 2.27372 -0.37108 0.43564 -1.03508 0.28811 1.94416 2.94 -0.04663 5.21171
-1.20796 -1.60335 0.87071 -0.99038 0.6615 2.05218 1.7744 3.17496 0.00464 5.05732
0.0615 -1.26306 -0.32833 -0.57157 2.70272 -0.95854 2.49831 1.59224 0.42017 3.52577
0.62543 -0.45844 -1.87118 -0.95795 0.85995 1.03575 2.16317 -0.14808 -1.5404 1.86269
0.2781 1.3838 -2.13797 -2.51614 2.3172 1.29511 2.69336 1.35968 -3.36843 0.71144
0.03723 1.10963 -0.73429 -2.18072 0.3026 0.39718 3.87665 2.46703 -1.9875 0.3818
0.71444 -0.41071 0.60644 -3.20323 0.08244 -2.48114 3.56067 0.79467 -1.74953 -1.36517
2.48812 0.53803 -0.39046 -1.98179 -0.34946 -1.26975 1.3792 3.65544 -3.01879 -1.10928
0.69135 0.80067 -0.81181 -2.52793 -1.55528 -0.92094 0.4692 1.68894 -2.75252 -1.22348
1.79619 0.72375 -0.10573 -2.60175 -1.15384 -1.36037 0.23618 -1.05223 -0.99258 -0.7658
1.25933 0.15389 -1.48176 -2.60337 -1.09222 0.28407 0.80891 -0.44944 -0.56947 0.36175
1.83224 -0.35746 -3.17887 -1.51762 -0.26943 0.27992 0.27714 -1.46966 -1.51997 1.32077
0.37461 0.50109 -0.94654 -0.1603 -1.13741 0.0532 -0.10354 -0.20908 -1.43988 1.47282
1.87543 -0.1682 0.59547 0.75173 0.48926 -1.08607 1.47765 -2.2527 -1.50465 0.27198
0.94923 -0.34392 0.97635 0.5182 -1.93702 -0.87302 1.9087 -0.52017 -2.39315 -0.06672
1.21626 1.72233 1.07113 -0.95836 -1.16656 0.48616 1.32875 -0.05993 -1.15776 1.27434
1.83972 1.7774 1.86844 -1.23646 0.11297 1.96181 2.48469 1.62814 -1.834 1.48831
1.04994 1.76454 1.95599 0.13706 -0.25533 -0.47501 2.96312 2.15478 -0.40978 2.11439
-0.02309 2.32612 3.34738 1.46909 0.45991 0.96892 1.75079 -0.57566 0.26803 1.78982
0.22759 1.32318 3.42648 1.48277 1.27824 0.02727 3.18678 0.46634 0.07275 1.90647
0.72748 0.73414 2.90208 1.45768 2.40879 1.06424 3.03284 2.18189 -0.02673 0.67309
1.27086 1.34361 1.55374 0.86403 2.73151 0.80549 3.52623 0.98787 1.26555 2.44681
0.58124 0.67961 1.91796 1.40748 2.12261 -0.13386 4.18856 0.68471 1.51504 1.63624
0.57232 1.89204 2.33053 0.18342 2.3234 -1.64276 4.07732 0.541 1.49461 1.03538
-0.84435 2.21196 1.59903 1.10392 0.92356 1.31054 3.68765 1.45729 1.35835 0.49866
-0.11473 2.16221 1.67123 1.2038 0.88132 0.06357 3.25715 1.10854 0.79721 -1.15907
1.51108 0.15248 1.70355 1.58119 0.68631 1.09192 2.13101 1.24435 0.207 -1.01413
0.85891 0.95329 0.94416 1.32108 0.68182 -0.87493 0.61696 -0.00367 0.94179 -1.57933
-0.93868 2.26825 -1.23751 1.71193 1.47669 -0.10808 0.05892 1.76701 1.00173 -0.72786
-2.54601 1.33976 -1.55302 1.9695 0.61904 1.15714 0.81932 1.0491 1.32071 -0.97419
-3.86139 0.47202 -0.01165 1.00172 1.12888 -1.5207 1.0606 -0.61411 -0.43666 -2.3602
-1.07487 -0.00203 0.31913 -0.59144 2.07406 -1.30499 -0.08415 1.40736 -1.75109 -1.81095
-0.21334 -0.93933 0.37749 -2.48051 1.62332 -1.54009 0.43094 -0.05284 -1.92802 -1.73294
-0.74793 -0.45272 1.2246 -2.24105 2.41077 -0.4551 1.29832 -0.46831 -1.06672 -2.06446
-1.63935 -0.18523 1.96608 -4.10577 1.7965 1.06261 1.24468 -0.21901 -1.04765 -2.80063
-0.92952 -0.9012 -0.02673 -1.40972 -1.28905 1.20536 0.30344 -0.92802 -1.62148 -2.27972
-1.40551 -0.32373 -0.93125 -0.18128 -0.28481 0.19495 -0.96328 -1.01514 -1.80461 -0.68713
-1.27293 0.66963 -0.63294 0.33173 -1.90726 -1.12036 -0.94216 -1.79936 -1.74279 -1.68535
-0.7659 0.10595 -0.04165 -0.6089 0.45998 -0.9187 -0.6351 -0.35824 -4.15656 -2.82248
-1.62063 0.048 0.22579 -0.9366 1.68384 0.68669 -0.92322 0.64532 -5.22472 -5.03396
0.49082 0.63872 0.90144 -1.40125 1.09924 -0.10441 -1.76094 -2.58183 -4.89913 -5.08172
1.23197 -2.89893 -0.58426 -1.10889 -0.15143 0.76717 -1.94183 -2.53091 -5.73977 -4.95452
-1.18128 0.03343 1.1522 -0.47928 -1.0986 -0.66481 -1.24884 -1.47388 -5.82406 -4.61037
-1.62372 0.28826 -0.51399 -2.01229 -1.89255 0.09706 0.37207 1.48235 -3.87198 -4.74783
-1.52969 -0.48054 -0.72683 -0.93044 -1.39091 2.58037 -1.51151 -2.36503 -5.24381 -4.5861
-0.98056 -0.97074 0.11926 -0.49102 -0.596 0.70391 -1.8922 -2.68151 -3.87853 -3.71641
-0.39659 -0.45331 -0.06403 0.77102 -0.63766 0.56144 -2.56065 -3.41174 -4.33646 -2.80087
-0.55454 -0.54875 2.45165 1.71161 -1.22479 0.99031 -3.506 -2.51521 -3.80269 -4.64393
0.87119 -1.98596 2.96399 2.1491 -0.42705 -0.26975 -3.44048 -2.49236 -3.97759 -5.09521
0.00362 -1.72143 1.71706 1.11918 -1.29255 -0.07576 -2.24122 -1.02816 -2.95489 -3.82898
-0.40311 0.88499 1.08062 -0.29716 0.55387 1.48127 -1.9578 -0.56317 -2.00265 -4.74456
-0.65902 -0.01718 1.57402 0.07756 -0.09422 0.63145 -1.79251 -0.46887 -1.60662 -4.93576
0.00673 -0.52688 -0.36118 0.21588 0.90615 0.75041 -1.73401 -0.78078 -0.25516 -4.68736
-0.3821 1.26792 -0.41232 0.05143 1.00313 0.97155 -3.21571 -2.75824 -0.57834 -2.24713
-0.88836 -0.04177 0.04565 1.51453 0.12039 0.68001 -2.77325 -2.4138 0.36769 -1.74552
0.02512 0.79609 -0.88447 0.82321 -0.25675 0.07907 -3.59402 -0.80677 0.82505 -0.91053
0.55414 -2.30416 1.54949 0.60639 1.6486 0.33586 -3.28709 -1.42388 0.67292 -1.75461
-0.28984 0.07475 0.55049 -1.00631 0.17903 0.14871 -4.18905 0.04239 -0.10679 -2.59694
0.96197 -3.3379 1.15159 -1.24014 -1.58932 -0.06191 -3.62348 -0.0888 -0.39768 -3.63297
1.92668 -1.26486 0.38794 -2.08137 -1.06399 2.0415 -2.76246 -0.24116 0.28432 -2.98135
2.38406 -0.10844 0.87218 -0.41657 -1.23651 0.95248 -1.98181 1.43147 -0.85582 -1.73691
1.17156 -0.23842 0.63738 0.38751 -3.41345 0.03441 -1.76344 -0.78191 -1.33934 -1.47494
1.69904 -1.22443 0.7259 0.47206 -0.47234 -0.0947 -2.54839 0.29735 -1.36922 -1.05032
1.49992 -1.39021 0.24212 1.31727 -1.15215 -0.0413 -1.84366 -0.5729 0.45848 0.02021
-0.39048 -0.08985 -0.1115 1.85274 -1.35944 -1.63569 -0.14924 0.16437 1.65569 -0.07829
-0.98769 -0.44221 -0.13878 2.44394 -0.6801 -0.41841 -1.91292 1.18423 3.11971 -1.42093
1.20531 -0.63986 1.31963 2.44618 0.97215 0.86268 -1.84735 0.50557 3.67354 -0.71928
0.92097 1.82191 0.7436 0.3339 0.02213 -0.36461 -1.96515 -1.2709 2.76339 -2.04169
1.17411 -1.345 1.07273 0.30575 1.82371 -0.51832 1.65331 0.0901 2.21666 -1.73302
1.04774 1.03068 -0.46966 -0.56141 0.70729 -0.32316 3.33403 -0.84802 1.43536 -0.90569
-0.22121 0.92345 0.32702 -2.25607 -0.61797 -1.31967 2.42308 -1.72714 3.4224 -1.89795
-0.37713 0.6702 -0.02159 -1.28257 -0.58738 -0.9743 1.60173 0.47763 4.26622 -1.50782
-1.33595 1.19558 -1.41094 -0.69935 0.98578 -0.81809 2.28205 -0.65553 3.68921 0.23505
-0.91001 0.49632 -2.68617 -0.4712 -1.45136 -1.55363 1.36625 -0.66914 2.20334 2.03288
0.78231 0.50972 -2.30177 1.05536 0.07143 -1.09289 1.86439 -2.18338 -0.40066 1.95042
1.02186 -0.8558 -1.70124 -0.12099 -2.37333 -0.9336 1.06474 0.28801 -2.19027 2.15894
0.59454 0.43646 -1.10573 -0.24958 -2.36764 -2.45846 0.14142 -0.3584 -1.87498 3.75282
0.49531 0.69455 -0.98349 0.33572 -1.81631 -1.82682 0.98703 0.50235 -2.92158 1.64649
0.10263 -0.82091 -0.18554 0.43707 0.98242 -1.5724 -0.85495 -0.03811 -2.07514 2.19626
1.27906 0.37627 0.00752 0.21384 -0.32797 -0.07815 -2.58243 1.11308 -3.5877 1.61994
1.06808 -0.44558 1.06103 -0.86887 -0.10244 -0.99677 -1.97145 -0.97595 -3.02497 3.26333
2.08356 0.67561 0.81921 -0.67091 0.50385 0.27576 -1.90666 -0.99461 -3.17808 2.7431
0.78198 -1.29074 1.24018 0.28333 -0.31961 0.84089 -2.08221 2.05023 -3.93006 3.78612
-0.693 -0.02261 2.26455 1.13773 -1.7934 1.22156 -2.40167 0.31195 -2.56349 5.2007
-2.53078 -1.60718 1.60811 2.10545 -1.47603 0.46261 0.37701 0.75477 -2.06863 6.43542
-1.68934 1.71422 1.91151 4.02471 0.59731 -1.1725 0.8025 -0.45079 -1.03844 4.30085
-1.01731 1.77266 2.6516 4.03676 1.76696 0.95297 1.23853 0.77367 -0.76753 4.33476
-2.18441 3.29592 2.45891 3.89842 3.15297 0.73721 1.80722 0.61438 -0.54911 3.39341
-0.2453 0.89606 2.77824 3.27757 1.45176 0.4212 1.19793 -0.28545 -0.71399 3.97826
0.20333 2.3102 3.21512 2.92251 2.44827 2.37786 -0.27262 0.38651 -0.54818 3.9105
0.88836 1.12773 3.74507 2.56176 1.56949 0.7549 -0.74512 1.21717 -0.29632 1.70578
0.48091 1.59509 4.35989 2.08801 2.47325 2.28973 -0.25653 2.89251 2.02015 1.0496
-1.3221 -0.04653 3.65126 1.85972 1.03511 1.86967 1.4579 2.57631 0.98207 1.57022
-0.41203 2.42176 1.70743 1.20421 0.40196 0.60429 -0.70928 2.12558 0.24642 3.67325
0.82781 1.4064 1.70153 2.49357 1.57454 0.20869 -2.51069 3.37002 -0.29409 2.5133
1.73046 -0.01014 -0.35735 2.10859 2.69972 0.03853 -3.07804 1.27739 1.00207 1.55742
0.88656 0.03848 -2.91474 0.96619 1.85833 0.23681 -2.61144 -0.18536 1.53848 2.94196
-1.69586 0.18705 -3.14986 3.09525 1.45244 0.03016 -1.18181 -0.21492 1.08395 3.35466
-1.7152 -0.43754 -3.04341 1.97381 -0.36833 -2.08575 -1.9197 2.71575 0.64731 2.03438
-1.30766 -0.65143 -2.88683 2.63603 2.40729 -1.07956 -2.22333 2.47021 -1.28967 -0.22051
-1.60476 -1.22495 -1.4952 1.19193 -0.73216 -0.83731 -0.30611 1.78516 -3.50775 0.49694
-1.25643 1.23729 -1.1961 1.43065 0.28906 -0.20945 1.29673 2.34359 -2.85411 1.22048
-1.67379 -2.26058 -1.26074 1.61149 0.78876 0.36211 2.80256 1.51518 -1.98431 0.60768
-0.98252 -0.45388 -1.77689 3.29002 1.02692 -1.14187 1.36601 0.45753 -1.23894 0.97734
-1.03628 0.70199 0.73191 2.4987 1.2231 0.1511 -0.32125 0.03695 -2.052 0.92151
-2.41353 -1.15037 0.29197 2.91845 2.00015 2.19832 -0.84398 -1.7758 -4.19231 0.32747
-0.51648 -1.16157 0.30163 3.53397 1.72883 -0.40471 -0.18412 0.34641 -3.43182 1.69943
-0.31365 0.7902 0.86176 1.67997 -1.25748 0.20814 -0.50972 0.55041 -3.78305 1.97344
0.61137 0.3028 0.67886 2.02052 0.78138 -0.19397 -1.05409 0.4174 -3.30512 1.27521
0.43824 0.23762 0.552 2.24583 1.05826 -0.23989 -2.23708 1.72199 -4.16925 0.64294
0.34038 -2.54467 0.30251 2.88494 0.9009 -1.08568 0.17158 -0.28819 -4.49803 0.78425
-0.07804 -1.10036 0.50207 3.48829 1.39944 0.29392 1.20193 0.23998 -5.27234 -0.54768
-0.61468 0.0874 2.04153 2.75937 -0.01396 -0.19348 2.72403 -0.57053 -4.24632 -1.72657
-2.1695 2.40272 2.27142 1.66819 0.92744 -0.55888 1.34005 0.45454 -4.56577 -1.46524
-1.24921 -0.7225 0.27186 1.64961 1.64132 1.22994 1.24355 1.26311 -5.77691 -1.99024
-1.69836 2.75316 0.67284 1.2266 2.27942 -1.01069 1.14135 0.65114 -6.81875 -0.9755
1.2398 -0.06676 -0.32915 -0.05416 0.03034 2.48607 0.40622 -0.39377 -7.24641 -0.50809
0.4752 -1.13439 0.38897 -0.18389 1.75809 0.44487 0.81219 0.16639 -6.51833 0.39251
0.3912 1.62894 -0.58256 1.0128 -0.13578 0.42577 0.58644 -1.44267 -6.87914 -1.43755
0.55902 -0.53481 -0.83016 3.04077 0.71787 -0.15171 0.0095 0.96975 -7.40773 -0.84853
-0.23451 -0.31132 0.32565 3.1389 -0.10762 -0.19084 -0.6655 0.02303 -7.06041 -2.34289
-0.24538 0.22238 -0.03304 4.62484 -0.98581 0.45066 -0.67394 0.79202 -5.49795 -2.55331
-0.20052 1.1465 2.21982 3.92149 0.22744 -0.00988 -1.31687 0.45506 -5.69141 -3.13052
