-1.51865 2.59193 6.53051 2.08525 -1.01329 -0.25414 1.36704 0.4682 0.77145 3.49992
-3.29841 2.8394 8.71999 2.37822 -0.14525 0.73036 2.50725 -2.12735 0.93281 4.48531
0.21145 4.18491 8.46492 1.41137 0.12563 -0.5203 0.63341 -1.78968 1.01479 4.15369
-0.73336 4.97448 7.71115 0.85783 1.07943 -0.09612 2.05841 -1.26418 2.09422 4.55466
0.69931 3.33897 8.31228 -0.1454 1.12916 -0.79154 0.93728 -2.08918 0.57957 3.61376
0.84737 4.79124 7.93632 0.65203 1.42716 -1.47446 1.2758 -3.86881 0.87884 3.90146
-1.07825 4.22366 10.17115 1.92249 0.89907 0.06577 1.4478 -3.52487 0.53542 5.44853
0.36544 3.4393 10.48427 1.79612 1.32932 1.73566 2.5848 -1.6405 1.48612 7.00356
0.0056 2.49554 11.82654 1.44043 1.58269 0.54973 1.31705 -0.13387 2.26131 5.37249
-0.28251 -0.0017 12.04677 1.49393 -1.12199 1.54641 1.78731 -0.86703 2.1084 6.45997
-0.23834 -2.24471 11.26769 0.56522 -0.50488 1.55469 2.02792 -1.95002 2.32028 5.84985
1.33239 -4.46432 11.72984 0.03379 0.24189 -0.90939 3.74375 -1.01387 1.47083 6.00848
0.75326 -5.69087 14.01423 2.21587 0.07441 1.86655 2.13424 0.34295 2.25478 8.55106
0.04431 -6.37113 12.84746 1.43434 -0.16368 -0.84609 2.89851 0.50548 0.70438 8.41166
0.75946 -4.39254 12.7879 1.96696 1.07554 -0.55913 3.62624 -0.71606 0.83088 8.30265
-0.15212 -4.49475 12.73882 4.15266 2.03733 -0.48311 0.03389 -0.15555 0.34488 9.17875
-0.7804 -5.83064 12.40895 5.51448 1.23474 -0.51623 3.32166 -0.08279 -2.44772 8.2271
-0.60216 -6.66362 9.80236 6.13575 1.56602 -0.76782 2.17671 0.27345 -0.6701 6.6266
-0.48589 -6.04949 11.48545 7.03684 0.33041 -0.22947 1.23344 0.16991 -1.69686 5.68754
-1.43595 -3.72696 12.56478 7.06357 0.28506 1.88105 3.31595 -0.34018 -1.74271 5.99981
-1.67877 -2.71869 11.77352 5.8964 1.53388 -0.34727 3.33104 0.69663 -0.63463 7.98584
-1.19145 -2.55772 11.29597 6.14281 1.76597 1.51371 4.40232 1.52209 -0.33221 6.86604
0.01982 -1.69626 9.9814 5.79663 1.99874 1.01323 4.32132 -0.0006 1.49567 7.68963
-2.53999 -0.62611 8.47294 6.46379 4.4488 0.67459 2.06299 -1.21677 3.13146 8.73677
-1.11003 -0.15338 6.27087 8.79426 5.44193 -1.95364 2.96341 -1.57109 1.59008 7.32342
-0.73374 0.27011 4.31714 8.9282 5.04833 -0.14448 2.57188 -0.00444 0.99517 6.48369
-2.28728 1.20379 4.21512 10.70955 4.98735 0.87284 1.2303 0.60231 0.33777 4.26875
-2.86111 0.1322 3.36174 10.55535 4.88187 -1.23283 3.05076 -0.96604 0.08768 4.17394
-0.42768 -0.70423 2.96959 11.1845 3.47116 -0.51935 -1.26679 -0.66375 0.18772 4.68822
1.39364 -1.3694 3.16504 10.57351 3.53673 2.37916 -1.0315 0.06337 -0.65197 3.3838
1.91895 -1.21316 5.3465 9.08082 3.53861 1.65862 0.75869 0.62178 -0.77315 3.01617
-0.19909 -0.7728 4.71605 9.52019 5.14071 1.70263 2.4565 1.93534 0.63243 3.00276
-0.66692 -0.63731 4.06766 10.74134 5.24541 -1.3418 2.81731 0.74623 0.59525 2.90374
-1.54252 -1.37086 3.75895 10.08212 8.10774 -1.35467 2.37358 -0.23288 2.46658 2.50907
-0.25022 -1.59712 5.49222 9.16713 9.67896 -1.0212 0.34786 -0.38429 2.14385 1.76315
-0.86015 -1.12974 6.10813 9.00077 8.83297 -0.62122 0.25845 0.71319 1.18608 2.25821
1.12396 -0.91255 6.69155 9.57445 6.91322 0.49794 1.2107 0.31235 1.32736 1.42692
2.0949 0.32377 7.37467 10.27638 5.53815 1.01388 0.68149 -0.56812 1.60718 4.74404
0.50091 1.15123 8.7681 7.20557 4.41115 1.88696 0.47965 -1.3795 1.43177 4.74851
-1.42649 1.42096 7.68007 5.83312 4.27749 1.273 -0.43421 -3.07162 0.65382 4.10847
-1.97003 1.58105 8.58414 6.30587 4.39881 0.87271 2.23684 -2.28777 1.18416 4.01858
-3.38121 1.61972 8.34777 8.71501 3.7575 0.90342 2.27345 -1.65366 2.58106 3.72473
-2.14498 2.31293 9.05463 8.51455 3.90994 -2.33203 0.6686 0.48353 1.35865 4.55408
-1.08561 1.36849 8.73076 9.93408 3.97804 -1.49661 1.93515 -0.64101 0.89284 6.75261
1.33182 -0.62179 10.19499 10.35801 4.14458 -0.81374 1.42353 -1.31333 -0.71192 5.97539
1.86108 -2.53718 11.29833 9.46224 4.42493 -1.38396 1.23365 0.67212 -0.74295 4.98036
1.03856 -3.86047 10.82905 9.34032 4.3637 -0.60784 2.5285 -0.43492 1.0889 5.04392
0.56135 -2.15883 10.52208 8.18972 4.68603 -0.4247 2.13226 -0.67793 0.48315 6.90186
0.68909 0.13054 10.45573 8.73782 6.70318 -1.34488 2.24373 -0.37157 0.20029 4.35826
1.29996 -1.63059 8.55657 8.28623 6.16363 1.12141 2.46668 0.1101 -0.41605 4.88803
-1.73382 -0.50838 8.06523 6.12114 5.99247 1.20196 2.25675 -1.81281 -0.31968 5.05455
0.44146 -1.07426 6.22307 6.33807 5.38568 1.5174 2.75132 -0.60462 -2.176 5.99296
0.49495 -2.00409 5.97002 5.72135 4.20998 -0.76637 2.04964 0.71636 -1.22337 4.51266
0.45286 -3.2067 6.6273 5.05068 3.99721 -0.06354 2.41632 1.47986 -0.57622 5.76222
-0.59879 -3.24381 5.8131 6.14125 5.61058 1.36677 1.44799 2.09695 1.33168 3.80879
1.01909 -3.07914 7.16693 7.81489 5.07304 1.44173 2.3468 1.11896 0.13054 5.2117
0.36197 -3.5068 7.52539 7.95392 4.21951 1.45016 2.81184 1.46321 -0.10781 5.19581
0.0567 -1.63958 7.13512 8.80162 4.72763 1.01218 1.89425 1.41979 -2.27786 4.57804
-0.48074 -0.21695 5.96112 8.86295 4.01448 1.3766 1.63495 1.21245 -4.73513 5.31528
-2.07029 -1.20156 7.23038 9.70257 4.94845 0.48285 2.52808 1.34401 -5.36314 4.37221
-1.86403 -0.16132 7.59107 10.75764 6.36777 1.74257 1.33922 -0.24005 -5.94499 6.0729
-3.03275 1.85469 8.1083 12.7365 8.25316 1.05933 -0.51867 0.06794 -3.23492 5.62008
-2.06368 2.21388 8.62639 13.68158 8.19353 0.45186 3.11286 -2.19124 -2.63877 5.87854
-1.38226 2.08936 7.13796 14.54497 7.9198 0.52135 2.30389 -0.45253 -0.98022 4.54081
-0.70805 2.60311 7.01892 11.36966 6.52221 -0.50756 2.14182 -0.74846 -1.4905 5.54633
0.76676 0.32991 6.73512 13.16322 8.39059 0.67165 2.72331 -1.62012 -1.29891 4.19227
3.17824 -0.94098 5.3554 12.87434 9.32267 -0.48933 1.92226 -1.5607 -0.72417 3.93668
1.69663 -1.92249 5.56671 13.74901 9.62418 1.02893 0.30358 -1.82369 -1.9657 2.89136
1.77999 -0.85448 3.25309 13.22075 10.14389 -0.43524 0.80695 -0.65477 -0.89381 2.27357
2.1148 -1.73871 1.65945 12.35091 9.28302 0.90473 1.19281 0.55329 -0.70013 4.17667
-0.26618 -2.31481 1.3985 13.28835 8.99305 -0.12897 0.79033 0.08346 0.5719 4.70456
0.1572 -2.58479 0.83358 13.71868 8.5764 1.30744 0.18643 0.1236 0.40426 1.16272
0.40759 -1.29857 -0.24702 12.895 8.08744 -1.14465 0.40544 -0.35584 -1.28958 1.71101
-0.41972 -2.9089 -0.52676 13.08514 10.81871 -0.9513 1.82553 1.30663 0.8011 0.96652
-0.50583 -2.00776 -1.40077 14.48812 11.05366 0.67856 -0.86546 1.55582 1.33797 1.84675
2.45148 -2.37799 -2.84535 12.3347 9.26006 0.51218 -1.15864 1.14492 0.34414 0.72039
2.17396 -0.88876 -2.37597 10.87179 10.6157 0.84799 -1.39471 0.08006 1.64806 -0.69841
1.2333 -1.89108 -2.72085 9.37545 8.99255 0.49165 0.67812 0.21723 1.6436 -1.59449
0.25799 -2.89445 -4.04859 10.14951 8.97778 -0.10797 0.38558 -0.28641 3.6232 -1.46287
-0.34345 -1.69417 -2.01211 10.33584 9.15175 -2.10676 -0.76218 0.33183 2.89856 -1.65848
0.68864 -1.17898 -2.87376 10.16318 8.27995 -1.45591 -1.69105 1.32513 2.50631 -2.1774
0.21208 -0.13244 -3.21403 10.18185 6.93396 1.31363 -2.72899 2.46015 1.85354 -1.84903
-0.04002 -1.70144 0.14284 11.31538 7.74723 0.47086 -0.88903 1.93595 1.31792 -1.55689
0.94596 0.03645 1.60129 8.79605 7.96942 -0.1905 -0.89787 0.83889 2.96428 -0.75176
-0.24537 1.64677 2.47659 8.46399 5.67911 -0.5725 -1.10462 0.87714 1.89515 0.38674
-0.89737 1.8479 1.24258 7.62149 5.80349 -1.45633 1.65915 0.72995 -0.73715 -0.60437
0.67056 4.33707 1.88709 8.25044 6.13768 -0.89222 -1.10074 -0.98428 -0.33023 -1.85554
1.18328 5.46551 4.51145 10.39153 6.24299 -1.37671 0.06228 -0.88503 0.04548 0.62165
1.10822 5.56627 5.98256 10.58128 8.06562 -0.28127 0.62651 -1.09465 0.93953 -1.01906
0.23366 5.69832 6.39043 10.32042 6.06156 -3.44168 0.66831 -1.12319 0.02519 0.84442
-2.60394 4.31657 5.87431 9.522 4.64966 -1.54391 1.38977 0.62699 -0.4693 0.13087
-1.56043 3.3538 4.73143 9.31847 5.30975 -0.36957 0.66331 0.23031 -1.07167 1.31001
-0.87 2.13907 3.91734 8.89402 4.75892 -0.61 1.74419 0.75426 -1.11489 2.55234
0.2756 0.70703 3.64587 9.45968 4.96511 -0.10063 1.20067 2.72883 -1.77516 3.6265
0.87333 -0.77235 2.61228 9.12256 2.92516 -0.40126 0.87396 2.00672 -0.46278 2.40671
0.6471 1.6602 0.78642 8.32021 4.19376 -0.37442 2.0791 0.83399 -2.03888 1.10049
-1.04476 2.49683 -1.11825 5.81773 4.86803 -2.49511 -0.34938 2.07186 -2.83396 0.73133
-1.08652 1.68085 -2.07491 5.32359 4.27399 -2.39439 -0.8 1.37067 -3.04048 0.55508
0.71926 2.0859 -2.06054 5.742 3.87317 -0.87192 -1.14088 0.48249 -1.82251 0.60224
0.23167 3.49003 -1.70573 4.09739 3.75944 -1.33019 -0.6192 0.36619 -0.38324 -1.7902
0.73199 2.4768 -3.61208 4.257 5.77991 0.32034 -1.59777 -0.45884 0.19594 -2.22664
0.09664 3.34477 -4.60812 3.03357 5.12369 -0.03735 -1.3466 0.71247 0.74019 -2.86041
-0.41969 3.88727 -6.42698 1.99777 3.44413 -1.20595 -2.17447 0.74156 0.99089 -3.21659
0.39512 2.65654 -6.86008 -0.26152 3.45385 0.06986 -2.70522 0.48956 0.8766 -2.97504
-1.97255 3.67113 -8.21372 -1.32613 1.36292 0.24702 -2.33118 0.26566 -0.28295 -2.5168
-1.37267 3.00059 -7.37076 -1.02688 1.919 -0.80442 -0.17965 -2.8779 0.15091 -4.78257
1.47646 1.85525 -7.7792 1.02045 1.07705 0.57649 -2.25879 -1.54266 0.53188 -4.86542
1.23531 1.51668 -8.32567 1.50586 1.05323 1.01314 -2.46995 -1.73889 1.76273 -3.85608
-0.23062 0.41579 -6.99282 0.83238 0.57872 -0.97328 -1.28473 -0.2953 2.37405 -3.54573
-0.82319 -0.47945 -7.01434 -0.31257 -1.40825 -0.02924 -1.948 -1.98185 2.30604 -4.91041
-1.29108 -2.39629 -6.46153 -0.49554 -2.25572 2.08739 -1.92305 -2.81827 2.09829 -4.23859
-0.37084 0.37629 -7.21055 -2.90327 -1.02741 0.13336 -2.27258 -2.24593 1.53563 -3.89822
-1.23806 -1.8534 -5.66568 -3.51246 0.8667 1.4252 -1.29701 -0.61776 1.61538 -3.64629
0.31228 -1.45764 -2.69636 -3.15913 -1.09497 2.65868 -2.87592 0.12134 1.59776 -5.36723
-0.47788 -3.1245 -1.96554 -3.62355 -0.59732 0.27431 -2.26484 -0.34828 0.57999 -2.38461
-0.80814 -3.3172 -0.5342 -3.89428 -0.98478 0.34885 -1.04131 -0.27036 -0.36482 -2.47378
-1.34392 -1.79643 0.8346 -5.29622 -2.70784 0.15416 0.24864 0.54318 1.18632 -1.9629
-0.36917 -0.87201 -0.04234 -5.99144 -2.60367 -1.77297 -0.69614 0.04497 1.78515 -0.8453
1.11081 -1.21896 1.9234 -7.52965 -0.53871 -0.39583 1.14896 0.15838 1.04783 -0.49984
1.03906 -1.01689 1.82894 -7.55683 -1.73918 -1.22736 1.1678 0.73446 1.6444 1.04229
1.64253 -0.35223 2.5647 -7.35793 -3.22495 -0.56566 0.00359 -0.10916 -0.28355 0.66599
0.79636 -0.27231 2.56766 -6.64329 -2.45172 2.21956 -0.50307 1.05707 0.78767 1.62043
0.06434 -1.55119 0.44086 -7.69322 -1.73461 -0.5573 0.33863 1.36247 2.0292 2.14884
-0.21491 0.16271 1.53046 -7.99018 -3.12963 1.50722 0.88006 0.64273 2.46154 3.59339
-1.10183 1.41705 0.8081 -6.50213 -4.8865 1.66181 0.01267 0.01124 1.53859 1.88321
-0.04547 2.13331 0.73376 -7.55101 -3.61026 1.06783 0.45393 -0.72719 -0.23693 0.87183
-1.65178 1.73029 0.26583 -7.19115 -3.51675 -2.33283 -0.33614 0.36824 -0.09994 0.79491
0.35551 1.27949 0.89129 -7.62154 -5.59722 0.6509 0.16954 -0.65399 0.9922 -0.81487
0.95314 1.27178 0.29161 -6.32881 -4.26908 -0.79858 0.67694 0.84859 1.00553 1.04907
1.71987 1.12811 3.81678 -5.62314 -2.88082 -0.88251 0.01386 0.47065 1.45947 1.78218
2.11646 4.1514 4.16057 -6.07793 -2.01849 0.47763 -0.04213 -0.60459 0.54928 3.08511
1.67234 5.28811 5.10218 -5.07176 -3.84332 0.52182 -0.60964 0.58742 0.45778 1.42576
1.19844 4.29402 4.98602 -4.37273 -4.69334 -0.24038 -0.20184 0.66721 0.94838 0.67512
2.12557 3.74129 3.22473 -5.16534 -2.06654 -1.69926 0.14767 0.47352 0.3436 2.50666
3.6992 2.04453 3.82646 -3.88359 -2.95624 -1.77764 1.55555 0.01909 1.43037 1.68338
3.32004 1.44788 5.2822 -3.06524 -3.04097 0.99669 1.18075 1.32203 1.13927 1.27229
1.91853 0.71198 5.73505 -4.11581 -2.68858 0.80884 0.64757 0.0647 -1.97102 1.45523
1.00424 -0.78748 6.54269 -3.05949 -3.64679 -0.95166 -0.53765 -0.57864 -3.22358 2.40018
1.59018 -0.65982 5.79352 -3.86422 -2.15675 -0.51969 2.60965 -0.70376 -1.29877 3.15238
0.09201 -1.39266 4.56599 -3.27603 -3.28983 1.62459 2.37492 -0.42595 0.54888 2.08874
0.44599 0.00343 3.54725 -1.4458 -5.06615 -0.31499 1.04266 0.51575 -0.8044 0.44373
1.33265 -0.0782 0.83611 -0.12251 -3.23652 1.17117 1.2868 -0.86596 -0.84741 1.11147
-0.17429 -0.75313 -0.77348 -2.59831 -3.73431 -0.40919 1.04903 -1.34512 -2.54233 2.28272
-1.02239 0.00198 -1.49513 -3.18081 -4.08296 1.16302 1.43872 0.20508 -1.99022 1.62554
-0.69282 0.28896 -0.62925 -2.82131 -2.20942 -0.88934 -0.07996 -0.17556 -3.29543 0.8146
-0.81706 -0.46294 -0.72888 -2.49538 -1.4929 0.76948 -0.1726 -0.46146 -2.91648 0.54158
0.60456 -0.62142 -0.19308 -1.7573 0.12563 1.26762 -1.37638 -0.38609 -2.61025 -0.40283
-0.10109 -1.55615 -1.47052 -2.40152 -2.5834 -0.49658 -2.0317 -1.6519 -0.72557 -0.64106
0.35743 -0.52131 -0.79046 -1.37776 -1.93071 0.32263 1.09469 -1.55199 -0.31529 0.44839
0.08672 0.69031 -1.66324 -1.67765 -1.56679 0.66531 -0.67632 -0.86243 -0.25443 -0.75795
-1.57446 1.04618 -4.83823 -2.67155 -3.06719 -0.90014 0.3193 0.45097 0.20456 0.75059
-0.46473 1.18938 -4.88542 -3.47153 -1.32982 -0.18775 0.53406 -1.49351 1.31976 -0.81048
0.7329 -0.42518 -5.48461 -2.91352 -2.54717 0.05977 -0.7962 0.26477 -0.60803 -2.80483
-0.43887 -1.41978 -4.39056 -2.68178 -0.81077 0.48875 -1.29016 0.51415 0.49716 -2.66748
-1.05949 -1.58366 -4.65392 -1.76875 -1.03913 -0.06065 0.03597 -1.6067 -0.21443 -3.5984
-1.28107 -1.55707 -4.11382 -1.70708 -0.45757 0.37419 -1.46832 -0.74291 -0.13129 -2.99242
-0.45008 -0.30335 -4.10401 -2.44792 -0.7461 0.00037 -1.73345 0.20779 -1.37201 -1.85607
0.36215 -1.64453 -4.19907 -2.25362 0.32768 0.89409 0.46366 0.19798 -1.09905 -3.3713
0.99717 -1.71636 -5.50388 -2.36752 -1.26213 0.08879 -0.69636 0.64658 -0.76486 -2.87076
1.33756 -2.04213 -5.07639 -2.19653 -3.52412 0.5309 -0.54104 1.33813 0.85294 -3.41413
0.16793 -2.7732 -4.82361 -2.07291 -0.3652 0.07889 -1.66923 1.83448 -0.09188 -3.10285
-0.40008 -2.40532 -5.49909 -2.17248 0.15945 -0.58004 -2.30857 2.27927 0.1689 -2.59052
0.92688 -0.6824 -5.6674 -1.02159 0.45228 -0.95084 -1.12324 1.65093 -1.19337 -5.23943
1.18718 -1.31626 -6.25536 -1.45564 -0.6492 0.3681 -0.88884 1.2861 -1.15961 -4.21474
-0.60803 -1.85201 -7.84619 -2.29189 -1.00213 0.50418 -1.72381 -0.45672 -1.95579 -3.83977
-0.11851 -0.14071 -6.74591 -1.28831 0.28408 1.87041 -2.58052 -0.05331 -1.90768 -4.06431
0.40142 2.90356 -6.23322 -1.25728 -0.7022 0.19208 -0.52553 -0.41132 -1.52609 -4.20736
1.66397 3.66547 -6.94792 -1.47392 -0.30449 0.58839 0.40205 -0.0646 -1.22051 -4.62553
0.99168 4.88524 -7.75946 -1.29467 -0.73735 0.01603 -1.78163 -0.37896 1.57519 -6.19367
0.65738 3.82843 -8.85646 -0.30232 0.02393 -0.24389 -0.24562 1.11939 1.11306 -4.48432
0.2702 3.2045 -8.39205 -1.2864 -0.66 1.08733 -1.74237 0.85054 0.41228 -4.36036
1.98317 2.84026 -9.88656 0.4659 -0.20252 -0.57505 -2.38271 1.16483 0.14178 -6.23911
1.00817 2.64212 -9.26741 -0.88319 -0.36122 0.60828 -1.91224 0.72142 -1.83648 -5.00434
0.37257 1.98597 -7.21055 -0.59169 -0.73616 1.24105 -1.9967 -0.68014 -1.8686 -6.64484
-0.68125 1.45767 -6.15619 -1.42305 -1.1198 0.16716 -1.02679 -0.71132 -1.04476 -7.09341
1.08851 1.26573 -4.73352 0.54274 -0.69609 0.12018 -2.34035 -0.45727 -0.98845 -7.17862
0.71234 0.25122 -5.40595 -0.52707 0.65471 0.6018 1.78525 -1.21554 -0.82509 -4.81358
0.18357 -0.60224 -5.26249 0.16836 0.55804 -0.31775 -1.9535 -0.94222 -1.4487 -4.46049
-1.77175 0.74823 -5.47904 0.91855 -0.41552 0.43736 -2.1734 1.22288 -2.1801 -3.86498
-0.05157 1.39803 -5.27162 -1.11277 1.0999 -0.28338 -1.8142 0.32809 -0.45632 -2.91609
-1.03225 1.05071 -4.75611 -1.20371 0.70585 0.75235 -0.97147 0.55558 -0.27141 -3.63671
-0.78421 0.89499 -3.57341 -1.01842 2.29736 0.02256 -1.03799 -0.0143 -0.44918 -6.15005
0.61122 0.27619 -2.75788 -1.92147 0.61634 -0.789 -0.04383 0.02591 -1.04073 -4.86417
-0.36849 1.21984 -3.92282 -0.93258 1.07026 0.19626 -0.31526 -0.16786 -0.30152 -1.93193
-0.61411 1.23282 -4.087 -0.92407 1.72153 0.61797 0.14169 -1.01073 0.34644 -1.01752
-1.36317 2.67421 -3.43508 -1.29037 0.34545 1.06861 -0.37101 -0.913 1.35455 -3.63551
-1.16323 2.74577 -0.99735 -3.63127 0.64046 -1.74431 -0.28893 -2.32608 0.05803 -2.06342
-1.14534 3.97217 -2.33705 -4.91824 1.67529 -0.08901 -1.53731 -1.86094 -0.53875 0.49792
1.47252 1.91386 -1.39227 -2.8305 -0.02031 0.21928 -0.80106 -1.85007 -2.8532 -1.89159
-1.11253 1.58258 -2.71264 -3.00226 -0.7398 1.38023 0.90286 0.16567 -1.62827 -2.42613
0.70739 2.18675 -1.73776 -2.04388 -0.91973 -0.08807 -0.47553 -1.26253 -1.80627 -2.36416
0.40944 0.56691 -0.09291 -2.9939 0.04848 -1.57811 0.23327 0.46126 -0.68819 -2.23607
0.12301 -1.40682 1.82729 -3.10375 -1.27794 1.90713 -0.69146 0.02223 -1.7638 -2.87375
-0.91994 -2.52507 -1.24608 -1.5573 -1.85073 0.71002 -1.75238 -2.51739 -1.46094 -2.70691
0.35854 -1.31171 -0.92475 -0.62236 -3.38146 1.64543 -0.92077 -3.4301 -1.37479 0.21328
0.94838 -1.89814 -1.53434 -1.05858 -2.44662 0.12497 -0.00424 -2.37704 -1.28001 0.45629
1.50385 -2.69771 -2.63319 -1.29856 -3.19854 1.22399 0.73276 -2.85219 -0.64243 -0.44558
0.23181 -0.43475 -1.19778 -1.44609 -3.29068 -1.31966 -0.3925 -2.40407 -0.42025 -1.37627
-0.09539 -0.96537 -0.40454 -1.43663 -2.88248 2.11082 0.0034 -2.58617 -0.20791 -1.81487
-0.38407 -1.93073 -0.08531 -1.11108 -1.32375 0.14484 0.5927 -1.46015 0.36524 -3.01277
-0.1016 -1.03988 -0.65185 -1.91437 -0.95901 1.57432 -0.55219 -0.64769 0.69088 -1.3208
0.33543 -0.82149 -0.08497 -0.13601 1.12499 0.21741 0.12026 1.38579 0.95946 -0.91526
-0.23911 -2.17808 -1.17235 -1.53482 1.28673 -1.17776 0.19227 0.98522 -1.4118 -1.05572
-1.94456 -2.32566 -0.56278 -1.5767 1.78743 0.42479 0.69142 1.08897 -1.18665 0.20156
-0.05311 -2.62939 -2.10034 -0.89781 0.5711 -0.84154 -0.87062 0.02136 0.18476 0.88393
0.51319 -2.00268 -0.14977 -1.29674 -0.39789 0.08166 0.11653 -0.75336 0.16884 -0.25166
-0.27575 -0.8279 0.08163 -0.63611 -0.68314 -1.72573 -1.03316 -0.34259 -0.08999 -0.32792
0.78057 -0.30881 -1.04038 0.67478 -2.51257 0.28561 0.02383 1.93858 -0.69035 0.09994
2.23598 0.92096 -1.84635 1.91258 -1.6222 0.23579 -0.87992 1.34225 -1.40659 1.00625
1.8597 0.57169 -1.20025 0.73665 -0.68687 0.38903 2.29897 1.83428 -3.08195 0.27443
-0.30066 0.35296 0.17557 1.33126 -0.16828 0.32562 1.14222 0.29275 -2.68023 0.39475
-0.81277 -0.48402 -0.04305 1.97005 -2.13119 -0.58594 -1.19121 0.84142 -2.13315 -2.19552
-1.23077 1.54177 0.03763 2.45288 -0.23418 0.84314 -1.08608 1.98282 -0.52784 -1.73105
-1.12976 0.5687 -0.87156 0.97574 1.30866 0.6299 -0.52752 -0.13829 -1.84396 -1.55097
-1.51957 0.47406 -0.18691 2.54459 1.04806 -0.3154 -0.1893 0.362 -1.45326 -0.29654
-1.18361 0.77885 -0.38379 3.18705 -0.16023 0.03952 0.49511 -0.05827 -1.56592 -0.49521
-0.94734 2.43865 -3.00556 2.53893 1.40858 0.00926 0.40279 -0.43609 -1.18173 -0.9681
-1.43516 2.41091 -3.58553 4.18067 0.38283 -0.09038 -0.20771 -1.34841 -1.51929 -0.08961
-1.72037 2.85642 -3.36955 2.83574 1.15294 -0.54965 0.1269 -0.36333 -1.21309 -1.50151
-1.80619 3.58438 -3.85029 2.01391 0.15582 0.29669 -2.18974 -0.6519 -0.9369 -0.849
0.47064 3.94231 -2.8098 2.92491 0.42926 1.68666 -2.7367 -0.01816 -0.27054 -0.86361
0.00632 3.87187 -3.71342 2.56559 1.38943 -0.03864 -0.19313 -0.48029 0.39609 -1.44342
-0.20453 2.6127 -3.88512 3.91981 3.44906 1.78844 -1.1696 0.11991 1.12998 -3.15068
-1.01908 2.25995 -3.9508 3.75195 2.57051 0.48493 -1.8678 -0.72427 0.59482 -3.55955
-1.02813 0.75694 -3.00915 3.56497 2.82693 -0.75866 0.33479 0.12681 0.70039 -2.75841
-0.00514 -0.24327 -1.8905 2.51592 2.4994 -1.2086 -1.58404 0.6341 1.10342 -1.80682
-1.54655 -1.02881 -1.96031 3.97161 2.98887 -1.02968 -0.55049 0.22326 1.33862 -1.76443
-0.73883 -0.28349 -0.96021 4.93066 2.19742 -0.147 -1.86748 0.44609 0.32968 -1.29703
-1.41607 0.54148 -0.43946 4.70532 4.36861 -0.27694 -1.60486 1.69999 2.35165 -2.92952
-2.69616 -0.28805 -2.14843 4.44751 3.24705 -1.33703 -1.62064 2.00717 1.97141 -1.8569
-1.15404 1.69664 -2.93003 2.86288 2.20124 1.57285 -1.67725 1.45731 1.35577 -1.96409
-0.1144 1.52335 -3.93766 0.43591 2.47198 0.53207 -0.71631 1.31525 2.44032 -0.18969
-0.35995 1.77021 -2.55365 -0.16275 1.70293 1.46774 -0.77018 1.85056 2.39896 -0.17742
0.53079 2.29232 -3.05092 -1.58586 2.92911 1.54302 0.80295 -0.83706 3.0944 -0.33883
-0.9815 2.7069 -1.56451 -2.72236 1.91682 0.67129 -0.72541 -1.75772 4.75344 1.5334
-0.72504 0.98511 -0.26851 -3.98664 3.59421 0.19646 -0.55007 -0.14473 3.22408 -0.47201
0.42308 1.28853 -1.11222 -5.24292 1.23191 -0.81053 -0.51251 -0.5719 2.52625 0.42789
1.05185 1.30856 -1.01008 -4.15656 0.73916 -0.73101 -0.13115 -1.51277 0.77579 1.52
0.06151 2.57173 0.92604 -3.14529 0.19844 -0.80757 -1.51663 -2.09891 2.05433 0.28636
0.42843 1.11951 1.36317 -3.78352 -0.60949 1.12685 -2.2595 -0.80285 1.50064 0.62758
0.23229 -1.21173 2.83196 -3.55217 -1.98599 0.92051 -0.36476 0.00945 0.37988 -1.78795
-0.12926 -1.41221 3.05464 -2.82947 -1.70478 0.85481 0.69762 2.12407 0.46154 -1.16911
0.06883 -2.71606 2.30076 -2.10746 -2.0372 1.3535 0.5603 3.1435 1.8952 -1.01781
0.78173 -2.84345 1.64946 -3.76316 -2.12018 -0.29138 -0.1733 1.47238 1.25237 -1.58763
1.14288 -3.56418 2.59318 -3.74695 -1.44644 -1.09921 1.07858 2.46208 -0.01402 -1.06112
3.33545 -3.991 3.45749 -3.1627 1.31273 0.64345 -1.27058 2.37348 -1.13088 0.70309
1.56976 -4.035 1.64299 -2.63302 1.08672 -0.16051 -0.00621 1.70683 0.38725 1.25605
0.10899 -1.66305 2.89021 -0.14965 0.44559 0.14282 2.88058 1.35137 1.70598 3.41851
0.26145 -1.9873 3.79298 0.8233 -1.10935 0.36003 0.52175 1.09741 -0.48203 3.24638
-0.8449 -0.63615 4.36866 -0.67304 -3.12747 -1.31145 0.86306 0.24962 -0.64535 2.22052
-0.66958 -0.84022 4.27073 -0.43284 -3.08541 0.79232 -1.37788 0.71154 -0.89132 1.71208
1.20395 -0.80772 3.27467 1.21293 -2.29734 -0.38845 2.8163 0.6008 -1.73845 1.77614
0.34794 0.70657 3.72664 1.17472 -1.47923 -0.98179 2.97346 -0.85797 -2.00254 1.56661
0.201 1.84059 3.55049 -0.08001 -0.62468 0.91591 0.42198 -0.8557 -2.46486 1.8575
-1.08053 2.37188 1.6434 0.43438 -0.37086 -0.88901 0.0556 -0.11787 -1.55315 0.19928
-0.75924 3.34792 3.8026 2.12856 -0.40276 0.63096 0.95916 -0.33423 -2.64158 1.79906
-1.33276 3.57976 3.36733 3.52445 2.86883 1.88785 1.21123 1.98012 -1.89831 2.21939
-0.09208 3.87325 3.4683 2.74431 3.42534 -0.53872 -0.17935 -0.56776 -0.72465 0.58855
-0.19455 2.95341 3.5013 3.84611 1.70503 1.28137 0.4981 0.85196 1.0538 3.2897
-1.76895 3.72829 1.8816 2.89304 1.05984 -0.78986 0.8709 0.19545 2.5683 3.15746
-1.16208 2.90837 2.67497 2.35405 1.47105 0.42447 0.8245 0.15814 2.39654 3.84271
-0.98545 4.12944 0.36942 3.2558 2.32507 0.35471 2.82599 -0.69484 2.11375 0.57334
-0.73373 2.45093 1.15392 3.36684 1.55564 -0.96563 -0.60587 -1.3759 1.55612 -0.02852
-0.66489 1.89457 0.92143 2.78852 1.3957 0.58703 0.14999 0.30479 1.63992 1.29916
-0.9917 0.28693 0.25636 3.52794 1.85043 -0.19861 0.3591 -1.00098 -0.17906 1.17847
-0.97226 0.93557 1.63845 0.88743 1.84532 0.71854 0.49589 -1.52779 -0.49586 1.17725
0.93227 0.38232 3.12756 -0.9023 2.1624 -0.60546 0.13481 -0.5479 -0.34481 0.17259
-1.60157 0.64939 3.29162 -3.73924 1.16354 -0.7172 1.48989 -0.96602 1.09975 1.4451
-2.50461 0.51543 4.78028 -4.4972 1.69304 0.71302 0.56261 1.27515 0.51857 1.69008
-2.83895 1.19658 3.51036 -2.95721 3.35812 -0.20877 -1.99775 1.09459 2.63659 1.98587
-2.92412 0.53834 3.15277 -1.61024 3.46604 -0.18727 0.83751 1.3218 2.06812 1.45646
-1.89181 1.19592 1.82606 -1.48794 3.34349 0.86204 1.57293 0.36931 1.20045 2.97704
-3.2135 0.8943 0.69668 -2.67394 2.32826 -0.23809 1.667 0.67031 -0.37782 3.91237
-1.61531 0.81716 0.23223 -2.96358 0.81079 0.24938 -0.88695 0.46205 -1.52665 2.39392
-0.76061 -0.10991 1.7274 -4.56925 -0.89837 1.77424 0.24387 2.58479 -1.88849 0.57018
1.75138 0.3044 3.16012 -4.61871 -1.53205 1.10552 -0.05557 3.00556 -1.86383 -0.66212
1.04596 -0.84056 2.52399 -4.05032 -1.51824 0.8801 1.2217 1.94138 -2.04112 0.3901
1.4089 0.84798 2.07482 -4.39962 -1.64141 -2.1006 0.72065 3.20938 -0.49421 1.11407
2.4116 0.63415 0.49699 -3.95385 -1.52799 -0.66129 1.99687 0.96092 0.19682 2.2851
0.90755 1.65288 -0.36646 -2.28024 -2.40714 1.35554 1.57127 -1.10879 0.25645 1.98168
3.19716 2.29795 -0.21351 -0.19164 -2.03496 0.21835 -1.62788 -0.1924 1.51551 2.54362
1.48029 4.99702 -0.13267 0.91901 -2.13257 1.51772 1.17094 1.10894 0.04174 2.67032
0.71397 4.67421 -1.40059 -0.18844 -4.02418 -0.37111 -0.95877 0.76812 -0.262 1.37803
-0.18979 4.4854 -1.85041 1.25086 -2.99585 -0.56235 1.16541 1.43231 0.19495 -0.16744
-1.66859 4.19872 -1.2119 3.09926 -3.1356 0.21581 -0.53802 -0.61135 -1.29099 -0.29814
-0.45114 3.84902 -2.15524 3.03938 0.02508 1.00191 1.14204 1.54861 -0.56901 -2.4187
-0.00634 3.51464 -1.97643 3.98709 0.62964 1.36809 -0.26493 0.50732 -1.76704 -1.34935
0.69034 3.95967 -2.44887 3.68503 0.74087 0.41912 -0.70109 -0.34676 -2.39557 -1.74602
0.75165 2.87131 -4.46058 2.46271 0.93404 -1.42765 0.19046 0.94748 -1.70614 -1.75565
0.78506 2.23765 -5.78716 1.43411 2.60134 -1.81705 0.61155 -0.3119 -1.77973 -1.73547
0.85534 2.10043 -6.36841 2.376 4.07904 0.6455 -1.24489 -0.48345 -0.96039 -1.91998
0.06288 2.43846 -5.71265 1.99874 3.23334 0.59093 -0.46026 -0.99205 -1.2091 -1.78265
1.07086 2.3766 -5.74403 2.25353 2.97718 -0.62002 -0.67172 -0.43531 -1.06703 -3.60127
-2.12751 2.00604 -6.98895 0.56047 3.31642 -0.95762 -2.34393 0.03366 -1.43377 -3.43713
-1.03342 2.19584 -8.95524 0.33381 2.01634 -0.41808 -2.82614 0.2342 -0.9388 -3.00444
-1.51246 3.60012 -8.56628 -0.38147 2.39129 1.96854 -1.82064 0.32804 -1.69253 -2.20892
-1.20709 3.02552 -8.49333 0.84704 2.64993 0.73222 -2.01269 1.161 -1.73736 -4.47103
-0.65415 2.93719 -8.5974 -0.15263 -0.49125 -0.39827 -1.41984 0.52568 -2.93177 -4.63104
-1.54565 1.8526 -10.29049 -1.36761 -0.81075 -1.63239 -3.16975 0.61251 -1.83897 -5.6433
1.54218 2.30787 -12.49429 0.44461 -1.36424 -1.1259 -1.46678 -0.16858 -0.54694 -5.09996
