-2.37191 -1.21088 0.67515 -0.55601 -2.35979 0.14161 -0.38383 0.21534 -2.21871 4.24011
-0.47144 -0.77974 1.7654 -0.97514 -0.92393 1.7657 -1.89976 -1.90117 -0.18295 3.52825
-0.99954 -0.45409 2.52426 0.3993 -1.38943 1.43698 -2.98907 1.01455 -0.03032 4.17769
-1.40152 -0.19313 1.56146 1.59389 -1.132 -0.73618 -1.85211 1.05119 2.11795 4.51864
-2.67925 0.32256 1.34109 -0.17432 -0.88803 1.08087 -0.41043 0.66462 0.62844 5.3618
-1.75861 -0.3584 1.51713 -0.87407 -0.51703 0.05113 -0.50117 -1.76253 0.37268 6.10511
-2.08898 -0.6657 1.77141 -2.57228 -1.48877 -1.2793 -0.18 -0.79934 0.37758 6.14628
-1.62038 -1.69349 1.58114 -1.79362 0.20511 -0.17914 1.28553 -0.40447 0.25522 6.24444
-1.78682 -1.24773 0.86893 -2.31843 0.6132 -1.70951 2.71205 0.42407 0.61588 6.51031
-1.09892 0.0312 1.97995 -2.16547 0.32235 -1.81434 1.96967 -1.00584 -0.79309 7.60363
0.87825 -0.7124 1.53303 -1.45657 0.7667 1.88587 2.60613 -0.14037 1.40331 7.71864
1.66583 -1.46843 1.60182 -0.66196 -2.1292 0.54989 1.96521 -0.5751 -1.72258 7.36507
1.30894 -3.04139 3.33363 -0.63451 -0.33181 -0.16851 2.43018 -1.1073 -1.29026 7.90269
-1.48401 -3.20158 3.24753 -1.05248 0.32645 0.26182 2.67747 1.19236 0.51388 7.62311
-2.09211 -4.58049 3.73783 -2.29776 1.92331 1.17306 3.03362 1.19817 -0.21825 8.97803
-0.60081 -3.38969 2.02769 -0.63345 1.0618 0.61393 4.87746 0.06283 -1.77701 8.62995
-1.63369 -3.87706 0.96814 -0.09159 1.76398 1.0443 5.10661 -1.2459 0.50065 7.35459
-0.82521 -3.96946 0.67652 0.86171 1.39166 1.4389 6.13567 -0.41398 1.08244 7.32531
-1.37785 -1.60179 2.31486 0.04075 0.11034 -1.77782 3.61012 1.61083 0.64856 7.45506
-2.35699 -0.64476 0.32307 -0.53009 -0.81081 -1.51724 3.40157 -1.5775 -0.08806 5.58663
-1.29984 -1.2383 3.46182 -1.42234 0.27993 -0.34416 2.85795 -0.78304 -0.98995 3.68486
0.19363 -1.15919 3.69712 -0.74642 0.65263 -0.3154 4.40078 -0.04205 -0.31513 4.3612
0.78305 -1.6443 4.57086 -0.68199 -1.0481 -0.12387 2.55254 2.60836 -0.18907 5.97438
0.67306 0.50876 0.90064 0.64882 -0.05578 0.70227 1.97472 -0.20746 -0.89108 8.27625
-0.69541 -0.08021 0.40565 -0.8941 -0.98051 0.67631 2.40314 2.09805 0.09891 8.49195
-1.06978 -1.76775 2.06112 0.52865 0.51544 -0.53091 3.98447 0.68792 1.37431 6.53221
0.03773 -2.69893 1.32217 0.30769 -0.56646 -0.72486 5.56863 -0.12814 -0.98083 6.65379
-0.68211 -2.04995 2.29641 -0.30264 -0.56414 -0.64167 4.79053 -1.19789 0.56355 6.18651
-0.48746 -4.27822 4.38989 0.72608 -0.78211 -0.37784 3.81449 -1.02139 -0.04531 6.0056
0.85562 -4.21088 2.77566 0.29737 -1.33849 -0.10107 1.05275 1.35819 1.52399 6.00752
-0.11572 -1.65938 3.17227 1.76738 -0.1029 0.1251 -0.14779 0.9487 -1.84636 6.36
0.61838 -0.22019 3.79404 -0.72411 0.89823 0.28781 0.24803 -0.53083 -0.53033 7.07275
1.48178 -2.23355 1.06762 0.46665 0.1307 -1.61375 0.27468 0.54377 -3.19234 8.55524
1.92234 -0.48859 2.52288 1.00382 -0.9355 1.08184 2.17534 1.0696 1.18256 7.76327
2.32671 -1.56552 2.13477 0.09988 0.0391 0.6146 1.76603 0.26766 -1.06534 8.71696
2.37591 -0.02136 0.89715 0.89697 1.34 1.3503 -0.34885 0.92736 -0.85809 9.11687
1.83158 -2.95968 1.6952 1.05208 2.52808 -1.10407 -0.8042 1.62934 -0.76819 9.487
1.72195 -2.91369 3.46142 -1.18221 1.54544 0.8153 -0.81905 -0.45989 1.47798 8.5517
2.2328 -4.33366 0.64917 -1.61137 1.61123 1.84173 -0.14384 0.66987 1.00132 10.26038
1.08576 -3.53783 3.63727 -2.10053 2.89088 -0.16451 1.49599 1.63768 0.34227 9.71025
1.31669 -3.91525 4.72416 -1.46729 4.21743 -0.30399 1.96935 0.56745 -1.71212 10.29542
4.62633 -2.30048 3.39982 -2.45647 1.32229 -1.0297 0.91088 1.11429 -0.28276 10.77052
2.70429 -3.27681 3.61984 -1.34408 1.54665 1.17552 -1.33783 0.61878 -0.30661 10.33227
5.58086 -3.6906 3.69608 -0.27957 0.29214 -0.63755 0.33506 1.2504 0.29625 9.81536
4.43292 -2.72415 4.11794 1.1236 -0.3132 0.55989 1.86972 1.04822 -0.00339 10.50126
3.26671 -2.48254 2.98206 -0.08973 -1.73332 0.25311 2.19449 -0.45256 -1.68406 12.14212
2.59876 -2.90238 2.70379 0.40728 -1.26713 2.25291 2.64532 -0.19084 0.36054 12.85102
1.55363 -3.26197 3.64792 0.14787 -2.32855 1.65719 3.3406 -1.93775 -1.46959 10.67849
-0.07647 -2.63215 3.15361 -0.60444 -2.5261 0.33395 3.26898 -1.83677 -1.45799 11.25748
-1.00607 -1.0152 4.20228 -0.92107 -0.58965 2.21579 4.65265 0.44105 -0.60567 10.75736
1.22844 -1.02109 4.14734 -2.24796 -0.44861 0.01652 5.4503 -0.03335 -0.82408 9.92298
-0.20404 0.24076 3.94342 -2.31256 -0.39126 -0.1644 4.67294 0.93706 -0.71616 10.45982
-0.75934 2.53012 3.02399 -1.69865 0.51178 0.7783 6.42798 1.2681 0.52112 10.77702
-0.62866 2.31589 2.10929 -1.16726 0.47706 1.6967 8.12744 0.38198 2.014 12.41463
0.16826 1.26162 2.23174 1.61939 0.36329 -0.40625 7.57958 0.7102 0.58418 9.76649
-0.62067 2.62606 1.12688 1.5768 1.25892 1.84394 6.49761 0.41232 0.47826 10.73701
-0.63476 3.2234 4.86015 1.10036 -0.96175 -0.44663 7.48446 0.87368 -0.36437 10.66882
-1.57107 2.92201 4.22076 2.63377 -1.43967 0.50992 8.10818 -1.34705 -0.14079 11.79134
-1.156 4.19746 2.09493 2.22723 -1.95273 0.52219 8.99323 -2.67037 0.00911 11.1327
-1.97695 4.12333 5.00621 1.75385 -5.01745 0.21991 10.84667 -2.46726 -1.25075 9.96216
-1.50989 3.08203 3.00376 0.03399 -4.04214 0.46176 11.01007 -0.3188 1.4293 11.30837
-2.21005 1.5505 2.11764 -0.87497 -3.95315 -0.1002 12.36046 -1.86245 1.6793 12.58334
-1.70518 2.27805 1.81738 -1.63082 -2.02738 -0.81487 14.47897 -0.73683 -0.62871 11.3952
-2.42366 1.83824 5.03682 -2.10012 -1.25041 0.02512 14.92222 1.02599 -1.24293 10.53424
-1.30712 -0.29926 4.6514 -1.93079 -1.99141 -1.13525 15.06892 -0.38243 1.15637 10.72879
-1.54068 -0.59215 4.08846 -2.31704 -2.8329 -0.6734 13.60392 -0.85456 0.51748 9.94958
-2.87899 0.33144 1.86382 -1.80686 -0.86576 0.08203 13.18504 -2.4498 -0.10289 10.03064
-3.60098 0.90404 1.54821 -1.0215 -1.08261 -0.43358 13.39624 -1.18351 2.20015 9.36667
-5.14666 -0.06443 2.72878 -1.05164 -2.22042 -0.75765 12.34047 -1.46224 1.50091 8.58829
-4.65464 -0.50913 3.89353 -1.50133 -2.50195 -0.4418 9.38364 0.35749 0.97502 7.40721
-2.93428 -2.43681 3.28953 -0.21708 -0.522 -0.84734 9.0787 1.73469 0.71502 8.29063
0.05149 -2.83734 1.16988 0.45607 -0.96615 -1.59582 8.08219 1.40274 1.08541 9.06937
-2.44251 -3.44125 1.50285 -0.30628 -0.07965 -0.57074 5.64095 2.81313 0.25242 9.39102
-0.27901 -4.39507 2.4308 0.15079 1.04195 -1.2044 6.11717 1.93654 -1.14581 8.2852
-1.3141 -2.78542 3.24183 -0.24678 0.40401 -2.38515 4.67778 1.8677 0.71633 6.76104
-1.59826 -0.97187 1.19077 1.55336 0.10765 -1.55223 5.13612 1.259 0.59304 8.81359
-1.76137 -1.28426 4.37691 1.6336 -0.37773 -1.06586 4.22819 1.01625 1.24433 8.54155
-1.2246 -1.08316 2.65448 3.344 1.30575 -2.56983 2.93396 1.66409 -2.30371 8.91417
-0.38339 0.39372 4.15668 1.32092 1.55978 -0.52722 1.17932 1.85898 -0.44981 9.54655
-0.85907 -0.11975 2.23667 1.59884 2.27076 -0.1768 3.57521 -0.24199 -0.27342 9.16855
-0.99316 0.55879 4.4868 3.36298 3.91276 0.11931 2.76622 0.76552 -0.20086 6.41678
-0.48516 0.43331 4.09254 2.95986 3.84389 -1.54606 4.22376 -0.52229 0.11382 6.16989
2.03254 -1.79711 2.93359 1.17526 3.46249 0.42298 5.02871 -0.01183 -1.45283 5.55309
3.04939 -0.79493 3.84977 2.24945 4.66248 1.0294 5.70333 0.39418 -0.19816 7.42344
6.45093 -0.39854 4.74551 1.07556 2.30429 -0.85151 5.60265 -0.58694 -1.37363 6.52249
4.41468 -0.27586 2.33008 -1.00168 0.54477 -1.97996 6.90931 -0.18541 0.17887 6.65484
1.9328 -0.02385 0.30122 -2.08441 1.16979 0.09325 6.33567 0.98759 -0.1808 5.13087
0.76561 -0.2222 2.66235 -2.6095 0.0371 -0.21243 6.19194 0.20074 1.77342 4.77334
-0.3791 -0.49372 2.76003 -1.18691 1.04752 0.93688 7.27695 0.91874 -1.05866 5.96987
0.52938 -1.42467 2.71458 1.54822 0.07712 1.63892 5.73033 -0.59077 0.6 7.88413
-1.38384 0.39646 2.0081 3.38518 1.01135 1.85792 7.3292 -0.09934 -1.84261 8.35693
-0.5608 -0.31525 0.45312 2.68775 0.68129 1.4882 7.50433 1.43682 -1.49293 8.54818
0.54909 -2.59115 1.78842 2.29874 0.43783 1.58116 6.72752 0.49133 0.80228 8.1472
0.53392 -2.71659 2.239 0.76253 -0.18216 -0.47985 5.93292 -1.62505 0.03291 8.67997
0.15226 -1.1106 1.30674 1.33161 -0.04955 0.12394 5.30329 -0.1425 1.41918 9.66994
-1.03217 0.6942 2.34609 1.12935 -1.47169 -1.09213 4.82868 1.34142 -0.10657 8.37375
-1.89707 2.88557 1.31561 1.25376 -0.44573 -0.25659 4.67944 -0.99987 1.53623 7.32879
0.10275 3.82972 1.559 1.66969 -1.20615 -1.27203 5.04519 -0.51851 0.70316 7.85791
-1.67437 3.41748 3.26101 1.23276 -1.15874 -0.04108 6.34015 1.44175 -0.56334 7.47413
-2.21699 4.10917 2.04025 -0.90881 -2.08889 -0.4582 6.1718 0.87729 0.1748 6.36614
-1.61925 3.83244 2.67281 -0.77279 -2.98056 -1.42056 7.22488 1.22636 -0.38181 7.46679
-3.1625 4.14482 1.26607 -0.7131 -0.28426 -0.37236 8.87612 2.67314 0.07993 7.42508
-3.77106 3.4536 2.16089 -1.48646 -0.41755 1.71557 8.76956 0.97314 -0.69235 9.04013
-4.28483 2.26709 1.922 -0.81041 0.30096 -0.30502 8.78328 0.21728 -0.37262 8.16833
-3.41691 0.88447 1.46625 -0.04386 -0.29829 -1.24666 9.36164 0.54226 0.38565 7.04393
-3.68494 0.96162 1.77644 0.56822 0.53073 -0.39669 11.0134 0.34991 -1.90851 6.17568
-3.52831 1.07278 2.80967 0.95338 1.61606 -1.38648 9.51175 1.2919 2.08359 7.72218
-1.48627 1.97598 3.34007 0.8371 1.61198 0.57737 9.34056 -0.55174 1.74655 8.75651
-0.01907 2.58355 2.55555 0.32332 0.40869 -0.59221 8.59192 0.44842 -0.1473 9.38853
0.85001 0.34786 2.23525 1.66555 1.39107 -1.14181 8.31897 0.56051 1.04834 8.96066
1.90495 1.02061 2.61514 1.11907 1.77146 -2.42535 10.32652 0.22053 -0.13826 10.70606
2.60654 1.22923 1.75957 0.48133 0.78603 -1.69823 10.75908 -0.13747 -0.3392 8.84626
2.64211 0.60688 2.69048 -0.10805 1.0417 -1.53088 9.7065 0.65989 -0.58465 8.3001
1.85977 -1.51158 3.55278 -0.55788 1.9554 0.40686 8.91029 1.53728 -0.45135 9.23923
1.37935 -3.40827 2.13499 0.19433 2.53224 1.1425 8.21136 0.59037 -0.80339 8.64709
1.90208 -2.85901 2.97753 0.19492 1.23744 -1.52278 7.50273 1.63977 -0.02515 8.99086
2.66071 -2.69592 1.80294 -0.47453 0.23031 1.45779 6.57229 1.73856 0.57598 9.25999
1.60757 -2.92554 5.25037 1.18391 0.70248 0.15948 5.33321 3.0916 -0.12003 8.37151
2.35232 -1.06078 3.6517 1.58234 0.57404 -0.92744 4.58811 -0.27179 0.86877 7.62605
2.08486 0.49724 3.00106 0.87499 0.4961 -0.08162 7.14676 -2.45553 0.12388 7.08483
2.38707 0.60896 4.67468 -0.13631 0.2023 0.20775 6.75957 -0.38894 -0.93132 8.10896
2.73871 -0.33078 2.99816 1.73023 0.21817 0.15289 7.6556 -1.52558 0.90859 7.82454
1.65737 0.14738 3.57024 -0.54666 -1.86418 1.2304 9.22471 0.4433 0.54811 8.53545
2.19556 -0.91625 1.51628 -0.86621 -2.83121 0.32297 10.32286 -0.30781 -0.43698 7.48379
-0.4184 -1.14861 2.45983 -0.90942 -2.47821 -0.50691 10.26901 0.03309 -0.18387 7.63532
-2.56913 -1.14463 3.46066 -1.25513 0.84745 2.35548 9.37631 1.29354 0.4591 6.11141
-2.8591 -1.91399 3.41627 -2.81171 0.23986 1.33723 9.32514 2.32208 -0.73099 7.03445
-0.72127 -1.92566 1.60508 -2.36638 0.83486 0.04273 6.77822 0.88293 -1.04899 9.46645
-0.70408 -2.65845 3.33385 -1.1577 1.59321 0.79222 7.37725 2.05518 -1.48714 7.86865
2.32056 0.16401 2.22162 -1.00178 1.06667 1.26849 8.11459 0.32165 -0.64279 8.50278
1.59052 0.19374 4.01738 -0.27245 -0.89914 0.2359 7.01839 -0.49253 0.57214 7.31637
-2.08964 0.97133 2.41997 0.31133 -1.63931 -0.83907 6.5852 1.03983 -1.2313 8.80315
-1.95458 2.28015 3.42151 -0.05483 -1.29811 0.23327 7.61146 0.50572 -0.96141 7.31662
-1.73637 3.97413 2.63779 0.36777 -0.7506 -0.4008 8.58965 0.14481 0.79734 7.93166
-0.91049 3.69116 2.44499 1.21522 -1.20885 1.23669 8.81861 -0.69908 1.29744 7.19372
-1.58168 3.58025 2.47468 0.83319 -1.75151 -0.05771 9.79688 -1.09834 -0.48978 5.32491
-1.09176 3.72603 3.19185 -0.0451 -2.16489 -2.32371 11.14957 0.45421 0.15604 4.83544
0.48668 2.06852 3.51888 0.38769 -1.98475 0.29217 13.37017 0.6142 -0.82634 4.93456
1.48018 1.07491 2.30224 -1.49282 -0.58232 0.71265 11.985 0.37799 -1.20872 5.49834
1.00707 -0.51693 1.52918 -0.35221 -0.28545 -0.02509 11.80404 -0.774 0.10145 4.37057
1.37106 -0.20913 1.67619 0.7848 -1.21671 -2.33289 11.5556 -1.85413 1.77847 4.32519
-0.20628 -0.34839 1.86259 1.82087 -1.65811 -1.57917 11.6026 -1.61046 0.07665 4.36644
-1.86263 0.34657 1.82958 1.84008 -1.52094 1.29996 10.46971 0.58054 0.0905 2.51948
-2.58868 1.33824 0.08703 1.49738 -2.02656 -0.71686 8.20714 -0.18432 -0.05012 2.5548
-0.52461 0.49793 2.55612 0.56196 -1.80097 -0.05736 5.6493 1.47527 0.36964 1.67748
0.23969 -0.26315 2.90581 -0.60763 -0.28989 -0.23019 7.47302 -1.15197 0.99295 2.24604
1.80896 -0.33857 0.67494 0.10274 -0.25401 -0.72978 6.54086 -0.4097 0.2072 3.25397
0.95665 0.54333 2.32664 0.5587 1.47492 -1.32092 6.61354 0.07979 0.48907 3.97266
0.29198 1.55798 0.79721 -0.74681 0.42854 0.56899 4.07381 0.1716 -0.90393 4.83542
3.29452 -0.85207 -0.21879 0.77425 0.42168 0.59754 3.13799 1.23694 -1.95996 4.45928
4.50421 -1.40379 2.51162 0.35857 1.2315 0.02367 2.50139 0.18174 -0.20075 4.47824
2.36637 -0.53287 0.22766 -0.11877 2.25206 -0.98878 2.37285 -0.82764 1.53826 3.60156
1.69184 -1.65092 1.53385 0.58968 1.51341 0.60517 1.48052 -0.44267 -1.66594 5.04137
3.06643 -2.08733 2.87231 0.70922 0.70376 0.89911 1.66719 -0.22539 2.45784 7.67427
2.08669 -1.62828 3.27012 -0.20182 0.8633 2.24482 -0.28517 0.04217 0.46859 8.04626
1.4582 -1.8053 -0.44356 -0.05842 2.13965 0.7501 -1.56419 -0.21976 -1.08299 8.94075
2.76362 -1.74631 0.03575 -0.01417 1.53278 0.60082 -0.65758 -1.84059 0.32668 8.72264
2.91709 -1.52389 3.13826 0.63536 0.00352 0.6489 0.44899 -0.4794 0.43704 8.63493
1.95956 -0.71681 3.93434 -0.42799 -0.22459 -0.04623 -0.00265 -0.78446 -1.34001 7.79196
-0.14344 -0.09511 2.05784 -0.05184 -0.06443 1.39851 -1.18451 -1.31635 0.3408 7.65423
0.84223 -1.37698 1.83335 0.24557 -2.1734 -0.29469 0.2878 -1.14775 -0.81304 7.80273
0.23584 -2.12661 4.60969 0.12073 -0.92819 1.38464 1.0581 -0.94034 0.7741 6.89969
-0.91316 -2.07539 4.02024 0.60098 -2.10776 0.96214 3.12635 -0.71552 1.87478 6.89788
-0.67895 -0.15781 2.25648 -0.07762 -2.67766 1.40855 0.19185 1.61737 -1.19148 8.84073
-0.93699 -0.42915 1.88838 -0.40742 -2.97143 1.11947 2.29769 1.40093 1.32888 7.09671
0.39129 -0.2621 3.24347 -1.67253 -2.12129 -0.34042 3.13448 1.20281 1.75639 6.01497
1.08119 0.11767 2.82756 -1.66548 -2.0905 0.19498 2.5365 -0.12647 -0.70884 4.62462
1.02056 -0.95297 2.08405 -1.4267 -2.2874 0.52718 2.58038 -0.90793 2.06216 6.39424
-0.0224 -0.70721 2.96397 -1.52993 -1.8946 0.59867 2.57211 -0.63425 1.1404 6.07902
1.142 -0.88327 1.03758 -1.20723 -2.90617 -0.37651 3.29208 0.60614 -1.95262 4.77131
-1.34686 1.83896 1.46063 -2.78078 -3.47102 -1.07879 3.19118 0.08675 0.17575 5.14986
-3.08011 1.41793 2.7581 -2.38235 -2.71528 0.10375 4.44492 -0.4689 1.10396 4.42979
-4.29526 0.39311 3.33964 -1.15607 -2.24178 -0.09729 3.59409 1.64725 -0.33174 5.24724
-5.72814 -0.31603 4.09668 -1.40857 -1.627 -0.53723 2.86586 -0.7433 0.0146 5.28027
-3.7028 -1.36613 1.45805 -0.05408 -1.82669 -1.47736 3.42803 -0.58654 -0.09502 6.73621
-2.60643 -0.46128 1.61126 1.32547 -0.40734 0.3782 2.96131 -0.05661 -0.35244 6.76817
-1.848 -0.36296 0.09331 1.43935 -1.35608 0.00379 2.96923 1.37977 0.05461 5.19699
-2.05154 -0.45112 1.42419 2.03366 0.48702 -1.18907 2.62888 0.40889 1.34573 5.6542
-0.96602 -0.7311 1.76023 2.15573 0.9598 -2.36458 1.71672 0.40011 0.1112 5.26214
-1.3259 0.0156 1.92744 1.81286 2.03493 -1.39684 2.3834 -0.36351 2.28525 4.11557
-1.52802 1.55009 0.7488 0.90047 0.87514 -1.59556 3.08758 0.41869 1.79991 4.60035
0.05805 2.12047 1.46374 1.34131 0.28643 -1.53634 2.5165 -1.33808 0.01437 5.34741
1.22016 1.33192 3.41795 -0.51612 -0.44592 -1.24459 1.47922 -0.59469 2.24277 6.04231
-0.35088 1.42409 4.32369 -2.29137 -1.53427 -1.20542 0.19047 -0.11504 0.03601 5.68755
-2.40172 3.0115 -0.13309 -3.84183 -0.18454 -1.81768 -0.39118 -0.05824 -0.81836 7.39694
-2.36301 3.60692 2.491 -4.01578 0.44153 -1.72978 -1.53184 0.97632 -0.76875 4.69227
-1.0106 3.64389 0.65379 -2.42385 1.19209 -0.93339 1.0609 -0.17158 1.12276 5.14042
-0.95665 3.08439 2.23279 -2.18216 1.57826 0.53259 1.02668 -1.2171 -0.16539 4.5979
-1.25819 3.54384 2.68845 -1.49213 2.18354 0.56578 1.49604 -0.6497 -0.53457 5.31285
-0.45203 3.54687 2.67892 -1.328 1.86883 1.00966 0.45282 -0.24653 0.61835 5.57599
-0.15897 3.53686 1.92135 -1.73721 -0.23078 -1.37897 0.92061 -0.51826 0.8692 7.8498
-1.17688 4.95308 0.74648 -2.76119 -2.76391 0.53715 2.92183 0.02282 0.95267 6.92189
-1.98359 3.5748 1.62068 -2.77067 -3.50741 1.14213 2.64152 0.26679 -1.95376 7.31458
-0.64247 3.60698 2.33714 -0.18936 -3.25945 0.8962 5.13456 0.00064 -0.49293 7.55674
-1.59758 3.30759 0.36436 -1.09344 -3.16561 -0.71605 5.47385 -0.63086 1.6413 7.29474
-3.16561 2.65446 1.91561 0.02894 -2.68207 -0.851 6.4524 0.41289 0.09159 6.69557
-5.72248 3.67058 2.18541 0.15867 -0.83879 -0.33407 7.22598 0.01895 0.26555 4.9799
-4.8638 3.70862 2.58266 0.44478 -0.95774 -0.95657 6.11705 -0.05648 0.39064 3.81353
-3.16475 2.36731 1.03253 0.99371 0.73678 -1.21609 6.75058 0.2778 -1.18511 6.84
-1.38493 0.59247 1.47857 2.21441 0.65943 -0.20918 7.6346 -0.75214 0.57599 5.85431
-2.19941 -0.55068 2.31269 2.00256 2.02523 0.75381 6.80476 -3.20828 0.80219 4.09196
-1.0609 -1.30375 1.16227 0.23656 1.39952 -1.14691 6.90989 -1.76282 -0.63458 4.155
-0.24552 -0.99244 -0.77966 -1.3691 -0.30518 -1.261 7.70632 -0.49367 -1.44186 2.95078
0.32028 -0.47518 1.63344 -3.05319 -1.00609 -1.30409 7.72966 0.68511 -0.06608 3.88454
2.27162 0.66007 2.17846 -2.23888 -0.51927 0.58224 8.92776 0.3862 1.05943 7.01412
0.79348 0.78439 0.63578 -0.6447 -0.79925 -1.27021 8.63269 0.23377 -0.55631 7.09261
0.06556 0.34939 2.10942 -0.65765 -0.00879 -0.16109 8.6898 1.58279 -0.01738 5.90031
0.30145 1.23606 2.27995 -0.59487 1.08492 -0.63608 8.21474 0.15553 -2.22047 5.35984
-0.03256 1.78705 1.4434 -0.50904 1.4283 0.48622 6.55148 0.24534 -0.8463 3.79036
0.27541 1.50803 2.14967 1.78912 1.52338 0.32816 5.91342 1.84111 -1.44858 3.07482
-0.16007 1.66465 1.87731 2.36848 1.12453 -0.74238 7.22798 1.84643 0.8121 3.28586
-0.78271 0.52371 3.43339 2.3732 1.98036 0.59792 7.87498 0.42268 0.07403 4.39054
0.43808 0.17436 2.01026 4.03986 0.76214 0.11926 8.15042 0.35886 0.39834 4.14871
1.12743 -0.30482 1.11384 2.87397 -1.1517 0.02315 8.53604 0.72571 0.88902 4.3322
0.67148 1.50408 1.89711 3.29903 -2.71332 0.48449 8.04611 0.47473 0.39674 4.92824
-0.69283 1.5997 1.52835 1.34594 -1.05592 0.07338 9.43155 0.76143 -1.43431 2.68141
-1.54377 2.14755 2.30513 2.10968 0.3233 -0.00658 8.27119 -1.31568 0.57315 3.98182
-2.01377 2.65998 0.03878 2.59487 -0.33631 0.17572 8.43802 -1.17976 0.42217 4.69193
-3.13648 3.72086 0.67786 2.0537 0.84373 2.12286 8.05963 -0.79041 -0.72044 5.76679
-2.85649 3.22679 0.81103 2.46608 0.16914 0.44967 8.69652 -0.51293 0.57361 6.74763
-4.30707 5.27158 1.1184 0.17645 -0.28263 -0.28935 8.53965 0.65064 0.89299 5.80168
-2.47649 4.5603 1.81717 0.39563 -0.70818 -0.47403 8.43129 -0.65281 -0.19066 4.96109
-1.65362 4.56198 -0.51783 2.14139 -0.83156 -0.79221 9.09232 -0.32807 1.50398 3.29599
-0.34558 4.32415 1.2233 2.20315 -1.55894 0.25715 8.81332 -0.08683 1.53529 1.34856
-0.13523 4.3898 0.92766 2.68749 -2.36353 -1.39383 9.74726 0.26312 -2.00728 1.68749
1.25794 3.96907 3.03459 1.97042 -2.19205 -0.85902 8.44912 0.20248 0.29188 1.10625
0.55476 4.98506 1.41674 1.18448 -1.58012 -0.03774 8.29025 0.90808 0.50093 1.62035
0.02644 4.26916 1.40356 1.27715 -1.24249 -1.18558 7.37547 -0.16066 -1.02589 1.73595
-1.40084 4.48707 1.71444 2.72622 -2.86447 -0.33715 7.14458 0.64233 0.72598 1.23062
-1.62522 5.05426 -0.39221 2.4435 -2.47498 0.26572 9.40006 1.32737 1.49255 1.26499
-0.19458 5.45461 0.67986 1.78683 -1.06564 2.11006 9.77995 0.29691 0.19628 0.91864
0.24509 6.17086 0.99765 0.78778 0.01488 -0.30073 9.64851 0.55859 0.30047 0.64839
-0.90887 8.14781 -0.21908 1.20313 0.00162 -0.38537 9.73635 -0.64716 0.7563 0.58065
0.74355 7.77567 1.57712 0.20394 -1.65077 0.98741 9.22406 0.13443 0.61838 0.7758
1.66806 7.8522 -1.25714 0.59663 -1.09073 1.08382 11.43593 0.79243 0.37084 2.19481
2.09793 7.93737 0.58241 1.04349 -0.90169 1.01236 12.46785 0.74388 2.83025 1.71774
2.28067 6.02878 0.64024 1.77883 -0.67408 0.52257 13.42287 0.79645 -0.36366 1.92463
2.27903 6.00221 0.2434 1.18705 -0.71072 0.62029 15.18849 -1.09525 -1.98478 1.85806
2.1498 6.62498 1.19193 0.34434 -1.13764 -0.2744 14.94074 1.19208 1.83443 3.44336
1.47828 4.99371 0.03676 0.58045 -0.26185 0.55884 14.23695 0.51028 -1.17496 2.52899
0.94721 5.58566 1.83619 0.74136 -1.57556 0.61552 13.7988 0.41456 -0.24465 2.93932
0.24362 7.02992 1.979 2.6306 -1.51553 1.36867 13.48046 -0.6681 0.58025 3.97246
0.21443 6.51169 1.93209 1.76654 -1.51449 2.12071 13.22362 -1.37879 1.07198 2.92149
-1.88428 9.58682 -0.78205 0.40397 -2.01963 0.31834 15.23163 -0.86536 -0.2119 4.43032
-2.31467 8.06079 0.52303 0.48325 -0.12977 1.01423 16.67199 0.0693 1.03205 3.85043
-2.89905 7.21193 0.4127 -0.08821 0.71783 1.79071 17.94065 0.29273 -1.74965 2.98226
-1.42482 7.13768 -0.09753 -0.19318 1.34226 0.34478 17.91645 -0.0393 -1.01265 3.94317
-1.33351 7.19595 0.75634 -0.60908 2.75989 0.07785 18.65872 1.35949 -0.81511 3.35838
1.49266 6.79462 1.22911 0.86086 2.01435 1.10988 20.62851 0.1538 -0.26203 3.37824
1.11238 5.44737 1.24358 1.51434 1.66074 -2.00391 20.79076 -2.14445 0.82416 3.30463
1.8327 5.58843 0.71731 1.28445 1.56429 -1.79175 18.37129 -0.77483 1.14807 2.85612
1.88703 6.03897 0.32126 1.40884 1.48546 -2.18141 20.3926 -0.03674 -3.34279 1.86983
0.75449 6.18496 -0.50055 -0.45645 -0.44144 -2.05439 18.25797 -0.59691 0.2841 0.7512
1.74048 5.21604 0.38132 -1.4274 -1.19089 0.14044 18.47365 -0.35316 1.09305 0.60514
0.72662 4.05949 0.55413 0.23797 -1.14237 2.00226 16.39911 -0.12015 -1.40139 1.27175
-0.31595 4.59206 1.82679 1.62308 0.68642 1.34024 15.07765 1.23923 -0.00304 0.16955
-2.67095 4.11887 0.71016 1.01296 3.27771 1.81058 16.23628 1.26945 1.84564 1.33096
-1.11168 2.94257 0.97976 1.02548 2.94315 2.86703 17.91912 0.07436 -0.86781 3.16983
-1.62163 2.11357 0.78366 2.62519 2.03241 -0.07285 17.24664 1.28797 0.27219 3.36289
-1.50318 0.39557 -1.68218 2.12313 2.44039 0.37335 16.53957 0.01229 -0.90349 2.49541
-0.48537 0.27771 -1.04903 2.0861 -0.10578 -0.09251 16.45425 0.60479 0.46069 1.10183
0.0676 -1.72221 -0.78429 2.31203 1.27652 -0.6609 16.5691 0.12261 -0.83145 -0.11592
0.05574 -3.82058 -0.25493 -0.01408 0.03376 -0.29381 14.67385 -0.18225 0.43353 1.92408
-0.99215 -2.99383 -1.23955 0.38436 -1.12059 -0.02213 14.16049 0.10777 1.51498 1.67049
-0.84172 -2.89162 -0.25412 2.02958 -1.0486 -1.14681 9.86082 -1.03716 0.42674 0.15692
-2.3266 -2.66907 1.12196 1.29215 0.182 0.00781 8.93437 -1.08391 -0.70398 0.50378
-1.26064 -1.04807 1.41743 0.38389 -1.71177 0.32097 7.30843 -0.43773 -0.11262 -0.33801
0.7495 -1.82462 -0.43582 1.1051 -0.03032 -1.38185 7.02058 0.06564 -0.32017 -0.82137
2.36951 -1.34681 0.21173 2.03966 0.66638 0.38712 6.76654 -0.66244 -0.55159 0.12471
1.3123 -1.28509 -0.91134 -0.24203 -0.25396 -1.49561 6.14117 1.40118 -1.09666 -1.14507
0.24677 -1.68248 1.54755 -0.46284 0.54979 -0.9934 4.27987 1.30873 0.54622 0.1551
1.36369 -2.00825 -0.62955 0.35404 0.99816 -1.48399 3.79019 -0.21353 -0.32771 -0.11041
1.7632 -3.07699 -0.65101 0.4705 -0.12709 -0.2938 2.67169 0.17041 2.11234 -0.42054
-0.02603 -3.28766 -0.46766 0.33988 -0.16937 1.42342 1.81589 0.52969 1.35178 -1.4134
1.11327 -2.84105 0.35634 2.47016 0.40476 2.23668 0.89655 -0.30849 0.03662 0.48545
0.03788 -0.62217 0.29711 1.28454 -1.11315 0.04065 -1.31482 -0.30001 -2.23208 2.52778
0.13651 -1.79934 -1.43384 1.60857 -2.56502 -2.41205 -0.65696 -0.00997 -0.59341 1.60973
1.19232 -4.2008 -0.17766 0.43467 -2.84031 0.36029 0.53199 0.78908 0.28338 -0.98081
-1.14663 -3.09449 2.42169 0.81125 -1.70411 0.12785 1.33794 -0.42368 -0.15971 -1.02818
-4.37404 -3.36423 2.78252 0.82561 -1.22875 1.35737 -1.71726 0.15438 1.5317 -1.41949
-4.25522 -3.7236 -1.50852 0.18034 -1.63452 0.72614 -1.72545 -2.40323 -0.02081 -1.8807
-2.38766 -1.79198 -0.3673 0.61562 -1.94059 2.03753 -2.56279 -0.83692 0.14569 -3.75365
-2.75004 -1.62332 0.5267 -0.64405 -1.98449 -0.20481 -1.35806 -0.76939 -0.55772 -3.03137
-2.66376 -2.38213 -0.22587 -0.80763 -1.36171 -0.01864 -2.01838 -0.0441 -0.14082 -3.48561
-2.904 -2.40098 -0.11126 1.2358 -1.03175 -2.69248 -2.91856 -0.45483 -0.07521 -1.97467
-1.77913 -1.65458 -1.67509 -0.51718 -2.3385 -1.66618 -3.54139 -1.03185 0.26945 -1.46867
-3.16618 -1.64324 -1.27742 -1.62985 -1.88166 0.19766 -1.85766 0.13408 -1.22781 -1.25028
-3.25643 -2.11739 -0.85648 -1.69798 -0.67225 -0.65685 -1.96997 0.73846 -0.5559 -0.03339
-3.16589 -1.45993 0.4505 -0.69642 0.12214 -1.85364 -1.146 0.46165 0.56586 0.11881
-2.06608 -3.24125 0.13382 -0.84025 0.62167 -1.59586 -0.23456 0.31289 1.31745 -0.16798
-1.75821 -2.74912 -1.19016 -0.54542 -0.00697 -1.58511 -1.68889 0.50638 1.15668 -0.98736
-1.92086 -0.94571 -0.12029 -0.01341 0.40554 -1.23286 -4.73033 -1.88086 0.55828 -2.14546
-3.13133 -2.99644 0.56751 0.07264 -0.36166 0.29819 -4.32148 -0.44735 0.32136 -1.92512
-1.00704 -3.38411 1.44566 0.02134 -0.3104 0.48648 -4.03075 -2.1166 -0.10581 -3.87842
-0.71565 -4.32845 -1.16924 -1.22496 -0.77503 -1.46004 -4.5647 -0.44176 -0.2644 -3.67282
-2.15768 -3.8205 -1.30416 -0.12599 -0.39694 -1.3151 -3.71329 -0.69847 -1.32556 -3.69262
-0.84785 -3.99969 -0.53445 -1.54352 -1.31816 -0.05277 -4.68975 0.32359 0.09188 -4.24568
-2.19201 -4.92673 -3.03291 -0.17498 -1.78449 -1.66028 -6.40629 -1.68697 -0.31434 -2.96137
-3.3398 -4.98589 -0.41268 -0.11347 -2.30385 -2.61277 -8.41892 -0.46238 -0.39426 -3.99118
-3.27323 -5.11741 -0.61491 1.49788 -0.74771 0.26512 -7.17972 1.77139 1.02455 -4.74751
