-1.21911 0.83008 0.25161 -2.08577 -2.38337 -0.17128 3.03991 -1.26832 -1.75856 -0.93055
-1.45828 -1.19243 1.05176 -4.09536 -0.60815 -1.67579 2.38004 -0.83627 -1.69929 0.93003
-1.02249 -0.16118 0.43536 -4.54096 -0.86117 -2.59637 3.05969 -0.00591 -0.30803 -0.30095
1.52761 -0.7322 0.82624 -4.76531 -0.8187 -1.21902 1.37969 -1.3308 -3.32225 1.27877
1.29191 0.27551 0.61973 -4.56985 0.13637 -0.86218 2.42687 -0.58656 -2.36579 -1.0796
0.50619 0.14223 0.14016 -5.28698 1.35495 -0.51284 3.41114 -0.12095 -1.43202 -1.83483
0.78765 -1.54819 -1.5225 -2.9194 3.40531 0.27298 3.64391 2.11531 -3.19325 -2.68708
1.10985 -1.75147 0.80932 -3.27122 4.08389 -0.08337 2.91569 0.95508 -3.80295 -2.80534
2.20577 -1.69993 0.25355 -4.2663 3.10395 2.09557 3.55348 -0.53631 -5.25947 -2.64757
0.80669 -4.10056 0.97579 -2.34502 4.88114 1.42374 4.89155 -1.88119 -5.07031 -2.18493
-0.06255 -1.99717 -0.35279 -2.18776 3.69368 -0.63975 4.29224 -1.74555 -4.59886 -2.08781
1.16686 -4.33735 -0.27704 -3.12497 4.36753 -1.52569 3.00169 -2.05044 -5.4434 -0.71621
0.73369 -4.01868 -1.04685 -2.48969 2.27016 -0.56632 3.20824 -1.1457 -3.80329 -2.90767
-1.36757 -1.87409 0.33761 -1.09133 4.45786 -1.27347 4.43344 -0.81555 -1.96976 -2.12894
-0.83358 -3.30973 -0.29586 -1.36912 5.18936 0.50912 4.90838 1.02833 -3.02487 -2.69232
-1.54216 -1.81578 0.33074 -2.42341 5.4407 -0.28412 2.34716 -2.19123 -1.012 -0.7875
-1.72938 -1.10558 -0.76029 -1.48068 6.24131 1.31427 2.15302 -2.37981 -0.56038 -1.91268
0.82924 -1.3571 1.17441 -1.55933 5.50675 -0.73021 1.44087 -2.03408 -2.58384 -1.01558
1.08955 -2.04299 0.2859 -0.37016 5.32593 -1.37211 1.8207 -1.17631 -2.21478 -1.67139
-0.51403 -1.56052 0.00062 -2.16304 4.49642 -2.20307 0.68825 -0.51514 -1.13896 -0.1033
-0.63097 -2.18107 -0.88417 -0.57934 5.29725 -1.35595 0.04942 -1.39236 -2.61452 -1.20588
-0.44524 -1.28553 2.30707 -1.06818 6.52015 -1.89568 -1.7354 -1.27785 -1.86595 -2.14343
1.05441 0.41625 -0.02365 -0.91912 6.27456 -1.78511 -4.41284 -1.77693 -1.42685 -2.85375
0.99299 -0.37715 0.93757 -0.00811 6.48711 -1.57863 -4.01356 -0.36332 -1.93 -1.74051
0.00442 -1.25757 -0.65068 -0.22464 7.02908 -1.58161 -3.81434 0.83652 0.13196 -1.58246
0.41252 -0.4471 -0.40604 -0.65967 8.25994 1.23121 -3.34913 -1.73063 -1.4339 -1.39464
0.75876 -1.2529 -0.9252 -0.93085 5.74515 0.48329 -2.10333 -0.85341 -1.30366 -1.49069
1.32755 -1.25712 -1.34059 1.7447 2.74993 -0.50935 -2.39257 -1.78456 -0.84311 0.08418
0.32866 -2.84466 -0.74405 2.28792 1.00589 -1.87337 -1.99442 -2.06013 0.63219 -0.43859
0.23556 -2.85756 0.01599 0.35514 1.04017 -3.31647 -1.976 -0.4219 -0.77809 -0.75759
1.94124 -1.98425 -2.0236 -0.12677 0.97647 -1.19691 -1.36007 -1.7836 -0.75205 -1.44669
1.20048 0.24514 -0.28808 -1.07679 -0.11077 0.09195 -2.60163 -2.06235 -2.35143 -0.66491
1.18598 -0.01012 1.7786 -2.29771 -0.47622 0.30205 -4.07566 -0.41209 -2.04646 -2.11369
0.18749 0.56793 -0.76425 -0.89286 -0.0451 1.23727 -3.6833 0.3418 -0.94569 -0.72451
-2.24655 -3.03452 -1.57213 -1.23284 0.51955 0.8925 -2.07818 -1.20778 -1.43164 -0.56095
-0.8509 -2.53973 0.24768 -2.13584 1.98133 -0.26244 -1.87937 -0.2501 -1.558 -1.90106
-0.60577 -1.88597 -1.45795 -2.87345 1.64719 0.68129 -1.57111 0.48199 -0.36459 0.12899
0.48986 -1.3017 -0.46968 -1.33098 2.40074 -0.51682 0.24907 -0.52649 -0.26408 -1.10346
0.24744 -0.57429 1.57858 -0.83729 1.68387 -1.03129 0.78719 -1.45156 0.75009 1.32246
0.90091 -0.66456 -1.44958 -1.05207 2.74683 -1.60847 0.87806 -1.8599 -1.03973 -1.00773
1.13881 0.72642 -0.08306 -0.25863 0.78636 -3.3881 0.65736 0.22041 -1.25742 -1.39939
0.56834 0.7478 -2.50533 -0.62136 -1.46451 -1.8458 0.556 -0.55134 -2.56944 -0.55024
0.14881 0.72355 0.85162 -1.2057 -1.00417 -1.32426 -0.23496 -0.69942 -3.3521 -1.50859
-0.41368 -0.55598 0.09871 -0.43022 0.68916 0.1145 -1.00749 -1.99673 -2.43881 -2.20188
0.27887 -1.563 0.29529 -1.47899 0.05442 0.56585 -1.01149 -1.48067 -0.43055 -1.26783
-0.22622 -3.64475 0.36294 -1.52637 1.18635 -0.87311 -0.65196 -0.15489 -0.17296 -0.67152
-0.29847 -4.10285 -2.32081 -1.73877 2.63274 -0.82942 -0.3237 -0.4117 -1.67546 -1.33342
0.61584 -2.54794 1.4647 -0.88912 0.47113 -2.61799 0.69412 1.10918 -0.88446 -0.42989
1.26138 -2.09249 -0.0758 -0.24477 -0.70084 -1.86172 2.06951 -0.96385 -1.08139 1.1859
1.03243 -1.91981 -1.10449 -1.84596 -0.29964 -1.05629 2.35007 -1.42029 -1.36812 0.16208
1.02324 -1.84833 -0.76747 -1.33332 1.15325 0.65992 4.10526 1.29972 -1.66397 -1.64859
0.50165 -1.96621 1.7519 -2.09961 -0.51199 -0.89075 2.21778 -0.13065 -2.33297 -1.93518
-0.1766 -3.42285 -0.65317 -0.42495 -1.61638 -1.66563 1.34469 1.17566 -2.80597 -2.11617
-0.85064 -3.54328 -0.17054 -0.99461 0.43545 -1.54048 1.33948 -0.74923 -3.52826 -3.29884
-1.39509 -4.40941 -0.57383 -1.89298 2.19725 -0.85609 2.14038 0.14231 -2.89925 -2.29032
-0.12682 -2.17311 0.20123 -1.26937 3.66759 -1.32922 2.26635 -0.50282 -2.28687 -1.90037
-0.55876 -3.06815 1.7877 -2.02636 1.37448 -0.07208 1.44891 0.23975 -1.39753 -2.74873
-0.91886 -2.98759 0.2142 -2.33895 1.48227 -0.5884 3.01174 -2.67618 -1.57787 -2.94044
0.42435 -1.9625 -1.51006 -3.19905 0.93932 -0.69615 2.92432 -2.20277 -1.38922 -1.67505
2.49187 -1.74675 -0.97952 -3.50183 0.93019 -2.19207 2.02975 -2.07122 -3.30564 0.23869
-0.36835 -1.7079 0.34706 -2.66786 2.73901 -0.43886 2.81794 -1.97782 -3.64103 -0.12058
0.80374 -3.20491 -0.57286 -3.21825 4.55887 -0.16468 4.30133 -1.43571 -4.46122 -2.4634
1.15109 -4.34507 0.01118 -2.19302 5.40158 -1.54546 4.82807 -0.20971 -2.89487 -1.97751
-0.22316 -4.17658 0.14434 -4.33652 5.1694 -0.13214 5.467 -0.09518 -0.02045 -2.84163
-0.18617 -3.4929 -2.03774 -4.33459 4.48297 -0.86932 4.39151 0.1891 -0.8203 -0.71737
-0.17875 -3.30243 -0.56797 -5.61618 5.02773 -0.37193 3.30989 -1.03868 -3.14075 -1.51695
-0.59579 -2.26363 -0.5184 -5.78365 3.241 0.36597 4.7985 -1.89602 -2.35817 -2.29296
0.29954 -0.53964 0.28282 -4.36691 4.30332 1.08615 3.50625 -0.57292 -4.26518 -3.48237
-2.2327 -1.71036 -0.71168 -4.07812 5.3118 -0.85035 3.54385 -1.91762 -5.84618 -3.86613
-0.28038 -1.71302 -1.737 -4.27822 6.87396 1.71733 1.81739 -0.34296 -5.84056 -3.18911
1.33855 -1.93885 -2.33748 -4.0095 5.66242 1.20784 2.29812 -0.96758 -6.28484 -3.62482
0.42657 -0.62345 -0.93616 -2.20116 2.64231 -0.70531 1.77185 -0.97138 -4.75213 -2.01874
-0.37615 -1.11688 -1.90756 -2.05497 2.50733 0.32976 1.89173 0.48791 -6.17343 -1.30192
-2.0216 -2.4655 -0.15353 -1.17599 3.09203 -0.99047 2.70112 -1.14782 -5.62104 -1.51786
-1.39693 -1.33304 -2.29519 -1.88072 2.90191 -0.14412 2.47213 0.98662 -5.79492 -2.09827
-1.08184 -2.74051 0.85712 -3.10325 2.30741 -1.007 4.2698 -1.07363 -3.36133 -2.41253
0.2374 -3.27043 -0.60008 -1.55166 2.36188 -1.82277 3.88465 -1.65667 -2.59089 -1.40038
-0.66378 -4.2934 -0.91362 -0.90004 4.14284 -1.84387 3.46415 -2.83821 -2.66843 -1.95814
1.48369 -2.95613 -0.69095 -0.29478 3.69015 -2.54119 3.11524 -1.2809 -0.95182 -1.79239
1.06725 -2.67702 -2.39609 0.96705 2.46932 -0.30477 3.12793 -0.72702 -0.15307 -1.62341
-1.92478 -1.60055 -1.72293 1.66694 4.1468 -0.13884 2.03347 -0.1713 -1.37438 -1.73458
-0.76972 -2.61405 -1.64671 0.83513 5.03661 0.36891 1.90083 -1.77551 -1.97434 -0.63735
-0.33213 -0.50177 1.09757 1.71 6.02802 0.65389 1.619 -1.06298 -4.00342 -1.96258
-0.94019 -1.27538 -0.79883 3.6327 5.06899 -1.50079 0.84905 -0.10435 -3.37628 -0.61519
-0.59654 -1.38029 -2.52156 2.96881 4.34993 -0.51817 1.42824 0.05025 -0.20942 -3.88612
-1.6113 -3.67246 -0.39236 4.09859 4.13826 -1.8585 0.915 0.54136 -0.24336 -3.40669
-1.42221 -3.65301 -2.04288 4.59115 5.38974 0.58331 1.06284 -1.13986 -2.33083 -2.01533
0.25591 -2.44793 -1.39629 4.67237 5.82894 0.95523 0.0619 -1.43019 -2.73947 0.62712
1.27667 -1.93969 -0.70918 4.35359 6.12135 -1.02141 -2.0519 -0.50891 -1.12918 -1.54218
1.79699 -0.89871 0.12392 3.58981 6.53655 -2.12094 -1.71916 1.33889 0.08042 -1.71506
-0.63675 0.01728 0.22864 3.72871 5.1548 -1.50377 -1.37708 -0.31298 0.59809 -2.10801
-0.13513 -1.62808 -1.06717 3.67454 4.48835 -1.34619 0.4042 0.65562 1.31748 -1.85897
-0.19975 0.94626 -0.33978 4.77569 3.78143 -0.06889 0.26751 0.44515 3.27963 -1.95659
-2.23698 -0.68924 1.30935 4.91963 -0.10119 0.4007 0.48283 -0.86623 4.14317 0.84255
0.22888 -1.76026 -1.16179 5.13615 -1.25676 0.19422 0.45019 0.37549 2.77251 0.31789
0.11799 -0.21415 0.32813 5.09557 0.18942 0.55959 0.53582 0.46356 2.37859 0.53508
2.11322 -0.6689 0.6781 3.7136 -1.3326 -1.44027 0.22993 0.34542 2.16012 1.06738
1.78477 -0.04581 -0.62954 3.64427 -1.94861 -3.02316 0.61113 -1.00489 1.15142 0.97152
-0.10345 0.47939 -0.35467 2.51548 -1.20895 -2.18113 1.00617 0.73962 2.82904 1.08997
-0.34386 1.6795 1.05388 2.51971 -0.9883 0.74397 0.93467 0.20494 1.63595 1.26536
-0.73379 0.78748 1.64016 1.73749 -0.3008 -1.4978 -0.42878 -0.52625 2.87259 1.07914
0.00241 1.13707 -1.88499 2.067 -0.40951 1.27612 -0.4251 -2.31345 1.82531 0.25691
-1.11246 1.85122 1.49924 1.54118 -0.05442 1.19191 -0.98233 -1.06957 1.28131 2.34075
-0.98644 3.14048 0.54567 0.6375 -0.2169 0.77479 -1.78881 0.27033 1.55579 3.30393
-0.9574 3.81354 1.03294 0.95136 0.50678 -0.33587 -2.64637 -0.14844 3.74759 2.15517
-0.3105 3.06967 0.83193 1.52291 -0.90062 -0.17447 -3.92986 -2.04814 5.84808 3.27694
-0.2397 3.74906 -0.56656 1.48165 0.54655 0.1493 -3.61134 1.16091 4.65259 1.73382
-1.04788 4.40293 -0.25009 1.48069 -0.0844 0.00423 -3.3947 0.19005 4.63626 3.07191
0.66365 3.84604 -0.85523 2.13785 -0.49617 0.60704 -3.81323 0.59027 3.91534 4.50428
-0.7626 3.84025 1.59776 0.62353 -0.42594 0.4882 -4.32896 0.52416 5.86007 4.71515
-1.36133 3.84566 0.76595 0.1048 -0.8825 3.71495 -4.3767 0.49669 4.60477 4.73199
-0.48493 3.80668 0.11632 0.28375 -2.45659 1.92298 -3.77164 0.62352 4.78554 3.88269
-1.21647 5.03989 -0.99615 -0.70599 -3.13228 2.42609 -3.14284 1.60989 4.97789 2.33754
-1.62467 4.35841 -0.39973 -1.62304 -3.76008 1.76797 -1.57203 1.77723 5.07321 1.62868
-0.99469 3.92272 0.55606 -2.6769 -3.99094 1.90249 -0.3757 1.62109 1.94003 2.96273
0.83477 3.89688 1.6401 -2.73616 -4.58098 2.92816 -0.49944 1.56903 1.94076 3.98531
-0.55746 4.29614 -1.20958 -3.08739 -5.83992 3.50785 -1.93281 1.41575 3.08139 2.59773
0.75755 3.68284 0.3342 -2.31739 -3.42536 3.57478 -2.43516 -0.29681 1.51938 1.52671
1.65038 1.19088 0.72352 -3.27576 -3.59741 3.73982 -1.97282 1.68621 2.30948 2.85764
1.47145 2.25507 1.10093 -4.80189 -4.58726 1.89039 -0.69846 1.12298 0.65808 1.80771
0.21779 2.7968 2.24359 -3.67308 -3.31352 2.05946 0.44739 2.02508 -0.05511 0.8125
0.09731 3.182 -0.21075 -2.85778 -2.42625 1.08369 -0.20695 0.08827 0.85507 1.88074
1.38734 3.66128 0.20758 -2.00124 -1.64861 1.115 -0.43953 -0.22032 0.04877 0.95105
-1.26217 2.88439 0.22484 -2.10467 -2.02825 1.6417 0.49199 -0.76385 1.84037 -1.06264
0.62631 1.77264 -1.24781 -1.0869 -2.18489 1.78827 0.52075 0.23127 0.66621 1.33011
-0.89596 2.27535 -0.30975 -0.81949 -1.28889 1.0852 -0.72239 1.14044 -1.9729 0.36156
-1.48915 1.36186 0.66175 -2.45055 -0.97707 0.82604 0.08151 -0.2857 -1.56753 1.81622
0.36186 3.13554 0.25439 -3.75643 -1.45363 1.61332 -0.40618 1.54707 0.38924 1.27995
0.68002 2.97253 0.53911 -3.37497 -0.87315 -0.17773 0.05886 1.84808 0.33303 -0.00203
1.13138 2.80328 -0.50238 -5.2257 1.16939 2.10188 -0.14711 0.2905 1.4234 0.29605
0.36354 2.54635 -0.411 -5.74031 0.75169 0.91858 -1.25327 -0.39693 2.62462 0.56901
2.1247 0.31688 1.48538 -6.92819 -0.63457 1.69801 -0.80818 -0.8364 1.08393 1.48641
-0.61245 1.41149 -0.17776 -6.74488 -2.21446 -0.46523 -0.36324 0.25959 -2.33603 2.67945
0.1999 0.30226 0.13183 -4.69659 -3.83483 -0.04741 1.29865 0.79953 -1.47945 2.95999
-2.08968 0.76605 0.38275 -3.67862 -1.49357 0.27743 1.06234 1.02489 -2.10546 0.44918
-2.01356 -1.36609 1.54308 -4.03746 -2.70979 0.61359 0.93719 0.9394 -2.11591 -0.97814
-0.37543 -1.28618 -0.07717 -3.53032 -1.85586 -0.89511 -0.06265 2.53069 -1.70617 -1.56049
-2.31684 -2.19925 -0.44985 -2.21387 -0.80081 -0.05603 -0.86542 1.13628 -1.23819 0.56621
-0.41116 -0.78453 -0.6951 -2.1405 -1.57691 1.31667 -0.68855 -0.41537 -2.41766 -1.47099
-0.63709 1.82298 -0.96797 -0.41774 -1.97483 0.4913 -0.87971 -1.54504 -2.87481 -0.83435
-0.16204 0.18905 -1.10919 0.03942 0.22467 -0.83722 -1.17753 1.11811 -4.36204 -2.96567
0.83068 -1.27913 0.90716 -0.49949 0.56411 -0.90028 -0.47786 0.46274 -2.17024 -4.53496
0.15802 -2.68475 0.153 -0.38333 0.23266 -0.71925 -1.97548 -1.89534 -2.3138 -1.98495
0.13639 -1.11284 0.79614 -1.37072 -0.07687 -0.7435 -2.69449 1.61885 -2.11546 -0.38546
1.23699 -0.25525 0.63087 -2.65905 0.26675 -0.2596 -2.04223 -1.58381 -2.96633 0.26314
2.34672 -0.94523 0.20678 -1.45657 -1.22026 -0.50958 -1.98762 -2.12182 -1.28784 -2.05352
1.63403 0.90686 0.32044 -1.64783 -1.72121 0.45251 -2.22233 0.0198 -0.39172 -1.83152
0.60538 -0.2655 0.24573 -1.67811 -1.8133 -0.70286 -1.18609 0.83604 -1.16752 -2.73103
0.57364 0.39325 -0.35809 -2.30369 -1.16624 -1.08096 0.02193 -0.70335 -0.91017 -1.66382
-1.09753 -0.89753 -1.08505 -1.83607 -3.32984 1.40033 -1.37048 -0.80151 0.54074 -1.70952
1.40134 -1.44562 -0.1906 -2.31666 -3.51522 -1.95442 -2.20242 0.40173 -1.29178 0.27764
1.04717 -1.98312 -1.98791 -0.59024 -3.99436 -1.12395 -1.8813 -0.02411 -2.1641 -1.09329
1.69749 0.65438 0.83555 -1.43003 -4.66939 -0.86171 -0.7997 0.79142 -0.97775 -2.85609
-0.1825 -1.45457 -0.78577 -1.62228 -4.77777 -1.25931 -0.64588 0.30387 -2.8681 -1.77589
-0.27525 -1.27743 -0.41321 -1.51519 -3.8901 -0.77131 -0.9948 -0.84232 -2.11543 -3.75336
-0.21533 -2.78412 0.05633 -0.69224 -5.31249 -0.0807 -0.33279 -1.61971 -1.68748 -1.34773
1.51447 -0.82323 -1.42977 -0.27379 -3.54437 -1.68622 -0.15743 -1.35252 -1.43013 -0.79008
2.07011 -2.61521 -0.13163 1.44975 -2.78733 -2.02974 1.00307 -2.21584 -3.06103 -0.3392
1.18837 -0.25181 0.1423 2.22875 -2.09638 -3.25091 -0.43461 -2.31277 -2.37746 -3.14305
1.18917 -2.37462 -0.70422 1.21467 -3.81794 -3.56532 -0.22544 -0.49928 -3.81067 -1.9437
0.91386 -3.31238 -2.18366 1.3557 -4.75579 -0.77927 0.61591 1.77059 -2.84012 -4.44086
-0.01317 -4.56415 -0.83051 0.41219 -4.57946 -0.8499 -0.20748 -1.54882 -2.40983 -2.13547
-0.45384 -4.14159 -2.23653 -1.12543 -3.02634 -0.83525 0.56984 -0.69026 -2.31162 -0.84829
0.83299 -4.96039 -2.41474 -0.42786 -4.24352 -2.44252 3.36197 -1.37744 -1.62859 -0.96016
1.87353 -4.19001 -0.10957 -0.86225 -1.23476 -0.95854 5.00746 -2.39823 -0.55753 -2.98199
1.70207 -3.68836 -2.50336 -1.63504 -0.18229 -0.63671 3.65809 -0.82766 -1.01759 -2.47216
0.08132 -2.74541 0.52606 -0.5339 1.26566 1.01309 2.36174 -0.32558 -2.56527 -4.73714
0.09615 -2.92548 0.53079 0.05655 0.40373 -0.02582 1.85027 -0.85996 -3.26432 -3.27876
-1.90137 -0.63573 -0.98972 1.02233 1.97767 -0.05002 1.72671 -2.41846 -4.23322 -3.2009
-0.67389 -1.38418 -2.56442 0.61795 5.61333 -0.07515 1.82096 -1.18504 -3.53301 -3.4452
-0.91148 -1.73714 0.32483 1.03508 3.9076 -0.62908 2.26319 -1.79442 -3.20286 -3.17261
0.78689 -1.95487 -3.12342 1.27882 4.05019 -2.6044 3.38832 -1.48452 -3.62243 -2.62332
0.14855 -2.19102 -2.9988 0.78629 2.69852 -1.44594 4.38695 -0.4963 -3.1439 -4.42748
1.15114 -3.20793 -0.17615 0.76694 3.98016 -1.71268 5.32858 -0.61291 -2.19447 -1.56005
-2.18044 -1.99421 -3.18031 0.58463 3.9273 -2.10495 4.33357 -0.22038 0.81499 -2.00695
-1.45612 -1.40125 -2.2269 1.1575 2.27507 -0.36174 5.11137 -2.30429 -0.47118 -1.18341
-0.48925 -2.36418 0.88951 0.5571 4.04573 -1.99114 6.96712 -1.43669 0.57846 -2.29214
0.56179 -2.59418 -1.02723 -0.70309 6.01088 -0.72846 7.48362 -1.7516 -1.59758 -1.6088
-0.2624 -0.95948 1.75517 -1.78108 5.29634 0.7582 7.78621 -0.71539 -0.88257 -1.81902
-1.80344 0.97963 -1.51068 -1.77966 5.8886 -0.81908 7.49502 -1.26636 -2.28277 -2.03476
-1.20877 -0.2073 -0.06468 -2.727 6.22111 1.57541 7.31326 0.94344 -2.31683 -3.03718
-1.30787 -0.64937 -0.44526 -0.62843 7.78965 0.07923 6.05571 -0.36331 -0.58402 -2.11967
-0.41872 -1.14625 0.37771 0.141 6.87263 0.06129 4.96658 -2.16172 0.23192 -0.5748
1.33907 -2.14064 0.66888 -0.18496 7.46934 -0.37513 4.53629 -0.58121 -1.09281 0.78207
0.23918 -1.55502 -0.08487 0.52138 9.90039 -0.07721 5.18388 -2.20094 -0.72237 -0.18725
2.07508 -1.74847 0.57464 -0.71159 10.12862 -1.73007 2.93355 -0.37141 -1.38192 -0.83689
1.63408 -1.67349 0.33623 -0.14531 9.79656 -0.84036 2.86313 1.69433 -1.87236 -2.42192
0.59867 -1.0131 -0.55619 0.39243 9.16706 -0.78434 2.50373 -0.62287 -2.01973 -0.77197
0.21623 -2.6084 1.67558 1.47706 7.75506 -1.37265 1.33751 0.20707 -2.80286 -2.46537
-0.00641 -1.74793 0.27691 1.0319 7.9757 0.28807 1.11495 -0.80474 -2.99636 -3.46213
-0.08651 -1.4953 -0.64732 0.77984 6.31498 -2.72774 2.19544 -2.18648 -2.94926 -2.39846
-0.4842 -1.31706 -1.65607 1.04117 4.69546 -1.33698 0.21149 -2.39279 -1.28064 -1.3113
-0.28193 0.29385 -0.78742 0.15899 2.27608 -0.08746 -0.24601 -0.94048 -0.86582 -1.34488
-0.21734 -0.31081 -1.52222 0.20132 2.45817 -0.35399 0.95127 -1.25246 -0.28932 -1.7777
0.30428 -0.08478 0.3073 -0.40396 1.59241 -2.79096 3.81378 -2.26024 -1.87291 -2.36775
-0.11642 -0.58431 0.2939 -0.5711 3.60789 -1.04486 3.1725 -1.91697 0.29115 -1.08145
0.94738 -2.30066 1.11139 -1.62725 4.74515 -1.29573 2.36945 -2.87504 -0.3797 -0.51412
2.15117 -1.42926 1.06165 -1.56854 3.44004 -0.21005 2.77064 -1.60416 0.06114 -0.32488
0.67585 0.16368 -1.39579 -2.35474 2.92201 -0.37966 2.22783 -1.72656 0.08203 -0.51045
-1.67705 -0.56083 1.71016 -1.75545 4.22838 -0.17942 2.22073 -2.48105 0.59067 0.48626
0.15461 -0.41715 0.70513 -1.60127 5.36426 -0.60125 3.07404 -0.84328 0.23329 0.27448
-0.75238 -2.67037 1.84314 -1.49569 5.86942 -0.76263 2.79259 -1.31059 -0.65327 0.23786
-1.62754 -1.30321 -0.13811 -2.04087 4.44861 -0.9342 1.33919 -1.65373 -1.24209 0.64659
-0.71571 -0.6871 -0.13555 -1.30607 5.21005 -0.44519 1.75126 0.54758 -2.35404 0.08013
-0.89461 -1.93893 -0.10687 -0.81298 3.37736 1.41388 2.73296 1.0463 -2.76843 -1.00958
0.76637 -2.02365 -0.45354 -2.35604 4.94714 1.04586 3.79545 -0.27706 -2.88615 -0.44652
-0.50195 -0.23558 -1.55482 -2.15648 4.75807 0.99653 2.67986 0.01364 -1.62487 -2.84009
1.22651 -2.44686 1.17118 -3.1679 4.44138 1.15566 1.28192 0.33794 -1.80626 -2.60075
0.14281 -1.14479 -0.52112 -2.99434 3.41747 1.58318 0.01693 -0.41606 0.1344 -2.4719
0.55908 -1.29289 -1.13523 -3.42737 4.1686 -0.5639 -1.45136 -2.06334 0.1155 -3.02959
-0.10193 -1.28285 1.18068 -2.92588 2.78966 0.07792 -0.34229 -2.50304 0.08425 -0.28183
-1.20149 -0.78102 -0.57491 -2.55783 1.68041 0.17123 -0.80733 -0.91579 -1.50961 0.08178
0.26872 -0.54939 -0.64133 -2.42595 1.84486 -1.00002 -1.42811 -2.15638 -1.65109 -1.01087
-0.61076 0.97878 1.36033 -2.45522 2.0797 -1.94068 -2.34058 -0.06452 -2.03336 -2.48128
0.94382 1.11869 -0.14848 -1.42139 0.53905 -1.28437 -1.96994 -0.59268 0.2519 -2.79303
0.49771 1.37788 0.8133 -0.77409 -0.25702 0.51227 -0.67711 -0.52773 1.22748 -1.31305
-0.27885 0.9405 -1.86237 -0.66118 -1.29605 -0.39625 -1.66346 -0.8705 -0.12312 -0.54883
-1.18121 0.00659 1.34037 -1.0352 -1.48634 -0.41132 -1.10963 -0.93695 -1.34103 -1.50229
-1.3182 1.44214 -0.51861 0.29625 -2.24374 0.25536 -2.12215 -0.25634 -1.58569 0.16363
-0.73699 0.05285 -0.55688 -0.50374 -2.48499 0.25081 -1.14491 1.20889 -1.5142 -0.13638
0.75663 0.54713 0.5579 1.10096 -2.36181 0.50955 -1.3276 0.30647 -1.81708 -0.10315
0.25706 0.23248 -1.05339 -0.79509 -1.82194 -0.70891 -0.99792 0.56838 -3.31136 0.04932
-1.51975 -1.59686 -0.17924 -0.2906 -2.84886 -2.27215 0.19883 0.92768 -2.70588 -1.07163
-1.08407 -1.55309 -0.82359 -1.10832 -1.66139 -0.50157 -1.35615 0.82322 -1.68598 1.9913
-0.24566 -0.38527 -0.81926 -2.7485 -0.40904 0.80136 -1.199 1.08816 -2.72726 0.39654
-1.42456 -0.81302 0.20643 -1.92668 -0.63779 0.41523 -1.25425 1.75735 -0.53132 -0.60079
0.13206 -2.4264 -0.60601 -3.00111 -0.81706 -0.27876 -2.15195 1.65315 -1.05632 0.57303
-0.29081 -5.47338 0.5083 -2.19359 0.82067 0.55757 -1.32612 0.63099 -0.80021 -1.92034
-0.21944 -5.82254 0.97481 -0.96697 0.82471 1.20926 -2.5176 0.05136 -1.88564 -1.96961
1.14076 -3.54289 -1.60194 -3.36373 0.5034 1.57051 -0.91105 -1.3341 -2.82277 -1.38881
-0.81972 -2.77819 1.11533 -2.95829 0.61479 0.70138 0.0739 -1.75568 -4.13167 -2.78206
-0.74686 -1.78214 0.32657 -2.13676 0.58935 0.09386 0.34663 -1.72404 -4.03152 -0.18109
-1.95675 -1.65208 -0.7335 -0.6303 0.34753 -0.65666 0.69782 -1.57395 -3.73228 -2.49442
-1.14481 -1.09821 -0.68181 -1.81845 1.36003 -2.0903 0.14918 -0.79614 -2.19907 -2.74148
-0.01407 -1.77182 -1.91795 -2.19667 2.44772 -1.03034 1.50448 -0.69033 -1.93704 -3.76587
1.19531 -0.91363 -0.63144 -2.98631 3.40323 -1.3042 1.29284 -0.93672 -0.24413 -4.50088
1.33016 -1.46252 -2.83287 -2.51791 3.55075 -2.55162 -0.52355 -0.04207 -1.27193 -1.70121
0.01775 0.34184 -0.36015 -3.14097 3.2913 -1.22203 0.14627 -1.03275 -1.19778 -1.30114
-0.39109 -2.27084 -0.00564 -2.54724 2.17986 -0.67048 0.98665 -1.92924 -3.39719 0.08002
-0.40191 -1.37459 -2.63284 -1.72887 2.88148 -0.10137 1.351 -0.40559 -1.75604 -1.93827
0.12297 -1.96222 1.47332 -2.27881 1.64644 -3.27792 1.43527 -0.2159 -2.33718 -3.01987
-0.05295 -2.22601 0.46064 -2.08511 -0.37135 -0.97846 1.56853 1.22537 -2.73985 -1.70547
-1.40255 -2.75555 -0.86031 -1.51788 -1.17046 0.47288 2.85117 1.22511 -2.109 -2.23854
-1.20187 -2.79242 0.3324 -1.99507 -0.3591 2.52282 1.60119 -1.34276 -1.36786 -2.0788
-0.6383 -2.08882 0.06346 -2.69408 -1.09839 1.50792 2.14458 -1.57068 -1.12914 -3.01573
-0.31478 -2.23781 -0.1637 -2.34902 0.20875 -0.95706 2.85783 0.90703 -1.12301 -0.43115
-0.13266 -2.90814 -1.20997 -2.19071 0.52328 0.29311 2.52151 0.29946 -1.37244 -0.56222
0.42098 -0.29343 -1.39189 -2.94854 1.72855 -0.78154 3.16226 0.62948 -0.48993 -0.56713
-0.50956 -0.01566 -1.50386 -2.37382 1.38997 0.07659 4.25534 -0.98141 -0.43807 -1.04534
-2.11536 0.20307 1.31295 -2.76217 0.70969 0.45196 2.63669 -1.24434 -1.36769 -0.43439
-0.29161 -0.98489 -0.61124 -2.67874 2.74613 0.07632 3.13987 -0.95387 -2.50661 -2.36873
-1.01856 1.65556 -0.4174 -2.43243 2.58335 -0.72456 4.11465 1.07774 -1.1127 -3.43483
-2.04154 0.15211 -2.30981 -3.96564 5.24966 -0.40082 2.9732 -0.20481 -1.13201 -1.52857
-2.23545 -1.5732 -0.06546 -3.54116 5.69789 0.7219 4.6637 -0.60338 -0.05669 -0.1622
-0.41773 1.19591 -1.37211 -3.12708 2.33299 0.13667 4.29818 -1.66927 0.44852 -0.06426
0.20497 2.20991 -0.41987 -3.89051 2.26676 -0.37929 2.75382 -1.59577 -2.39943 0.24598
0.66043 0.64802 2.16248 -3.78579 1.23524 -1.38118 4.3696 -1.76041 -0.52451 1.91753
0.14358 0.25831 0.09003 -2.49613 2.40623 -1.48785 4.70547 1.18703 -1.19063 -0.66612
0.35893 0.39002 -0.27198 -2.16977 3.65701 -1.5602 5.36444 0.72348 -2.02441 0.13829
-0.88451 -0.81482 -0.0756 -1.37483 4.94939 0.18761 5.19602 1.17668 -3.43916 -1.18305
-0.11111 -0.51187 -2.44223 -0.72976 4.12067 1.12528 5.29069 -1.44945 -1.48956 -0.86753
-0.15898 -2.98568 -0.29109 -2.48931 5.83421 0.53951 2.88129 0.20537 -2.12238 0.78447
-0.12821 -1.58237 -0.58212 -3.77524 5.68746 0.90204 3.09623 -0.59932 -1.83588 -0.34409
-0.12491 -1.46163 0.38731 -5.25251 6.56708 -0.47136 2.24027 -0.80302 -2.16944 -0.86069
-0.01962 -1.95575 0.32506 -5.53345 8.03673 -1.08159 4.33036 1.93501 -2.06547 0.00057
0.66468 -1.2892 1.05835 -4.77368 6.80619 0.05425 4.46315 2.89695 -2.77554 -0.93594
-1.60211 -0.91576 1.12018 -4.0066 6.95895 0.5654 4.50162 0.52297 -1.41294 -3.24561
-0.19111 -2.80094 0.6585 -3.23885 5.86518 1.52338 3.13225 -0.03769 -4.16502 -2.87519
-0.88278 -3.19678 -0.11962 -3.16976 5.89196 0.09285 3.03527 0.12482 -2.79078 -4.28985
-0.76262 -1.55395 -0.88161 -3.49739 7.78327 1.40191 3.23193 -1.69408 -3.95385 -2.78797
-1.26957 -2.54489 -2.80081 -5.00494 6.71957 1.15894 1.72802 -1.16537 -3.24061 -3.91072
2.14862 -1.25106 0.49198 -5.23063 7.43484 -1.32343 1.4115 -2.04203 -4.57407 -3.20168
1.94828 -2.25429 0.16636 -5.61938 4.48381 -0.05092 3.03841 0.21944 -3.88604 -2.15624
1.21606 -1.73828 -1.35385 -5.49828 4.99648 -1.36287 4.08634 0.63624 -3.27777 -1.41064
1.41851 -2.18505 -0.07305 -3.43633 6.37265 -0.45024 2.82213 1.90924 -4.97842 -2.37302
1.22684 -3.28163 0.88112 -3.66213 6.29837 -1.7548 1.9265 1.49728 -5.03665 -1.7658
1.08911 -2.79679 -1.26716 -3.50012 5.17361 0.41972 1.99816 1.95381 -5.3627 -3.28184
0.14598 -3.50548 -0.62858 -5.26874 5.62362 -1.46817 2.37784 1.0931 -5.75054 -4.30346
0.49028 -3.59266 -2.42937 -6.00401 5.63856 -1.95641 2.04732 -0.60895 -5.0056 -1.87888
-0.42504 -3.16796 -0.57439 -6.23645 4.08439 0.19561 1.60618 -3.21639 -3.70021 -3.08311
-0.06225 -2.99514 -1.76495 -7.00897 4.20098 -0.35036 1.13828 -2.56822 -3.03264 -2.19189
-1.9399 -0.70841 0.51698 -6.30265 3.15761 -0.21178 1.79163 -2.22729 -3.00345 -3.18116
-1.88589 0.05196 -1.22651 -6.31758 3.34515 -2.0411 1.18864 -1.43555 -5.99418 -2.58854
-1.27633 0.5473 -1.61817 -5.58752 4.69135 -2.26594 0.11036 0.00753 -3.92976 -3.21252
-1.44565 0.95757 -1.35848 -3.60798 4.05719 -0.27096 0.06717 -0.2046 -4.68594 -3.60855
-1.94387 -1.17261 -0.04461 -4.29149 1.41172 -1.59835 -0.31759 -2.39517 -4.50194 -3.14177
-1.64905 -2.44254 -0.04112 -4.25406 1.33063 -1.38995 0.30434 0.40148 -4.89149 -1.8284
-0.659 -3.13204 0.53592 -3.5186 0.07935 -1.85157 0.75477 -1.25254 -6.64878 -2.87936
-0.32441 -2.59085 -0.03226 -2.24664 0.3596 -0.27421 1.54804 -1.29745 -6.43106 -4.23395
0.33369 -3.96087 -1.7128 -1.98954 -0.79446 -2.56854 1.2774 -0.96315 -6.00219 -5.25391
-0.03915 -4.79052 -1.41286 -1.34809 -0.28325 -1.70691 1.3559 -1.22899 -5.1181 -2.5698
-0.91748 -5.21607 -1.31448 -0.35016 -0.1392 -1.7044 -0.12308 -1.84347 -4.6172 -2.28296
-0.91603 -5.42293 -1.83642 0.30084 1.11652 -3.10851 1.85868 -4.13052 -4.13201 -4.29486
-1.52291 -5.41968 -1.60391 0.26527 1.12587 -2.79331 3.1961 -3.28287 -5.17238 -3.24391
-0.76483 -6.70343 -0.16853 1.72377 1.33985 -2.20915 1.54142 -1.7979 -5.28659 -2.24955
-0.93852 -6.78555 -1.08695 2.75331 1.10828 0.0087 2.42491 -2.79516 -6.58333 -3.47113
0.27786 -6.91259 -1.52372 2.52136 -0.6413 -1.01399 1.81029 -0.79653 -6.32005 -4.6563
1.38498 -6.49769 0.51821 3.68754 0.07916 -1.47531 1.19778 0.00652 -4.03857 -3.96719
0.1582 -6.38666 -1.56374 4.81343 1.842 -0.46218 2.23622 -0.97508 -4.80376 -3.5329
1.03652 -6.00911 -3.05851 4.73104 0.73936 1.14651 2.51042 -1.0765 -4.15371 -3.71973
