0.1005 4.319 2.52381 3.08145 1.49784 1.12067 -0.13661 1.61956 0.58932 0.72699
0.76125 3.1536 3.19268 3.21779 1.5481 1.00296 1.80939 1.01578 -0.03487 -0.52829
-0.55628 3.67661 3.01431 2.62039 -0.1782 1.92808 -0.8615 1.84583 1.83851 -0.359
-0.23449 1.54819 4.40163 4.37496 -0.37506 0.75883 1.31406 0.10404 -0.3402 -2.2951
-0.62493 2.32546 4.56124 2.58789 0.30812 -0.45209 2.21466 -0.8749 0.78096 -1.59557
-1.72524 2.33173 3.70587 2.17435 0.5637 -1.07299 1.69299 0.28188 -0.11424 -1.36193
-1.09625 2.05892 2.69374 0.71226 0.527 -0.92178 0.67548 1.40059 1.9585 -2.33058
-1.67579 5.18642 2.97168 -0.94316 1.26477 -1.10989 -0.25021 0.95215 0.09168 -1.17014
-1.31921 5.85803 1.11385 -0.16111 0.30971 1.06962 1.09081 0.80096 0.97426 -1.469
-1.47897 6.14152 0.32082 2.35524 0.66144 1.12449 0.81558 2.14692 0.09998 -0.95923
-1.62653 4.52462 -0.34504 2.30918 0.71383 1.10171 -0.85776 1.89122 0.52706 -1.55682
0.50092 5.11683 1.98219 2.25958 0.02866 1.67067 2.16262 1.73811 2.0009 0.57357
1.15827 5.27813 3.91029 0.38928 0.05275 0.10272 -1.18561 1.30933 0.83562 0.80527
2.64931 3.87893 4.43631 -0.3753 1.16595 -0.46738 0.54751 0.48638 2.83385 1.07853
2.37341 5.41642 4.14958 0.43061 -1.18352 1.18612 -0.16182 0.38068 0.92569 2.39589
2.13652 4.0616 3.78478 1.73784 -0.09103 -0.28988 1.32792 2.69039 1.17532 3.22045
0.31486 2.44982 3.16264 -0.42663 1.67005 -0.33157 0.84138 2.09497 1.45302 2.09918
-0.20633 -0.35211 2.9121 -0.76971 0.36385 -0.62981 0.46884 2.14421 -0.72925 1.9122
-0.01176 -0.65728 1.82746 -1.20047 -0.37362 -0.31658 -0.62204 4.09023 0.68907 1.48436
1.03009 1.68559 0.3922 -2.22171 -0.18605 -0.17011 0.23277 5.65417 1.81207 1.73346
1.57588 0.88593 1.41279 -1.76696 -0.21841 1.97881 0.28242 5.07262 1.2748 0.93113
1.01884 0.89218 2.48334 0.00965 -0.62475 0.48212 -2.11827 4.57567 0.39619 0.15386
0.60545 -0.11899 1.67347 1.52374 -0.07788 -0.69148 1.72984 4.56417 0.31509 -0.84812
0.92522 -0.13341 2.31292 1.09723 -1.61757 1.16825 0.89413 3.72826 -0.17716 -1.36936
0.92397 1.90659 2.50433 0.97645 -0.43419 1.06919 2.28558 3.80761 0.66108 -2.3165
0.16657 1.35335 1.89801 1.82455 -0.42029 2.98841 3.52892 2.85723 -0.44096 -1.86705
1.7742 0.27427 2.68343 1.31413 -0.01339 -1.76644 0.33025 3.36908 1.14531 -1.93385
0.74994 1.37271 2.78847 0.20769 1.36971 0.35343 1.45498 3.10574 -0.72736 -2.08975
1.13386 1.1331 2.28671 1.70078 2.12455 -0.32268 0.61513 2.96102 1.31967 -0.3877
-0.37426 1.00575 2.03677 1.85011 2.26002 -0.62141 1.77506 2.54819 1.43147 -0.15512
0.61591 1.95941 2.17578 1.9997 2.26834 1.1606 0.79774 3.20077 1.21837 -0.53707
-0.32879 1.61994 2.19915 1.66238 -1.10887 0.19406 0.14856 2.61482 0.66678 -1.40328
0.43892 2.39495 0.47193 1.51533 -0.70554 -1.4701 0.28113 2.11493 0.15152 -2.00094
1.10482 1.53839 0.19377 3.30918 -0.21862 -0.62016 2.54624 1.15886 0.92561 -1.97218
-0.64429 1.89131 0.61721 3.41835 -0.02597 2.02504 -0.97201 0.53809 0.76417 -1.7575
-1.54707 1.78955 1.51509 1.10399 0.18564 -0.4009 2.42209 0.71812 -0.67133 -1.41141
-2.25664 1.35778 -0.36973 0.42613 -1.57101 -2.26794 0.74838 1.09736 1.7855 -0.11587
-2.55879 1.77434 0.09266 0.52198 -2.98001 0.51161 2.02418 2.41864 1.27858 -0.95147
-2.02162 3.11919 -0.29756 -0.0723 -0.13333 -0.81156 1.43415 4.20517 -0.03912 0.21356
-2.15286 3.86752 -1.11078 0.83999 -0.39205 -2.01914 -0.54759 4.30131 -0.59334 -0.42698
-0.59899 2.61992 -1.62544 1.37058 -0.0746 1.04076 0.75597 3.62513 2.11325 -0.46925
0.14444 2.36665 -2.35958 1.33419 0.39668 1.31311 -0.11233 0.99543 0.15496 -1.01032
-2.29205 2.16606 -1.95458 1.58845 2.87462 -1.15846 -0.26969 1.879 -0.05788 -0.47331
-4.11593 2.33542 -1.35661 1.6673 2.20539 0.71628 -1.51595 0.00576 0.23149 -0.6156
-3.36925 1.80847 0.67991 1.30897 -0.03641 0.70369 -0.31828 0.28293 1.34328 0.57853
-3.34389 3.25887 1.68173 0.45799 -1.12249 0.05969 1.18577 1.14446 1.04656 0.54078
-3.61036 1.69756 0.65812 2.90778 -1.66898 0.50119 0.28084 0.50079 -0.13993 0.80249
-2.78716 2.26729 1.02999 2.61609 -1.71295 -0.07849 -0.08762 -1.61209 -0.10658 2.2521
-1.56674 0.29809 0.8354 1.58205 -3.02524 0.61505 1.03582 -2.88218 0.50548 2.14606
-2.78853 0.73879 0.5421 0.59789 -4.06177 -0.43318 1.89473 -1.74685 1.82012 0.5322
-2.93776 2.26722 -1.6692 1.17612 -2.40021 -0.53009 -1.27456 -1.38592 0.23369 1.13371
-1.28628 2.60272 -1.56501 -1.47719 -2.06502 1.05328 -1.53881 -0.7558 0.42959 2.35232
-1.74395 2.61458 -2.47856 -3.70928 -1.6403 0.20221 -0.90701 -3.86626 0.39509 0.70451
-2.23401 1.80065 -2.88671 -3.2435 0.29007 -1.0227 -1.24617 -4.67284 0.74938 0.06049
-2.75321 2.86942 -2.80812 -2.36604 0.32732 1.57846 -0.6924 -3.3096 0.72912 0.84293
-1.32334 3.9708 -2.14774 -1.95445 -0.16133 -1.60642 -0.22125 -4.08971 0.98225 -0.56477
-1.10109 2.12827 -1.64802 -1.55816 -0.32197 0.24329 -0.09146 -4.75317 -0.86805 -0.73346
-0.81514 0.57881 -2.46276 -1.70219 0.63202 -1.91543 -1.16248 -4.30897 0.4414 -0.95133
-0.30148 1.25561 -1.68415 -0.11156 0.43454 -0.65928 -0.67712 -6.00599 -0.75846 1.91185
-0.69005 -0.31609 -1.35 -0.78981 1.2674 -1.75072 -2.1291 -4.71461 0.49633 2.89746
-0.13231 -1.24624 0.11411 -2.34305 0.27627 1.00715 -2.08154 -4.53761 0.79728 1.46328
1.58866 -1.4013 0.16153 -1.93927 0.61239 0.33914 -0.23906 -3.3894 -0.72496 1.42731
-0.26789 0.13157 0.70166 -1.47412 0.20687 -1.0393 -1.74239 -4.47922 2.64954 1.74053
0.36027 -0.76666 1.69015 -3.27138 -1.647 1.25474 -0.07139 -4.44227 -1.38371 0.66679
-0.1517 -1.14127 1.23102 -3.6231 -1.22568 1.26951 -2.52955 -3.42681 -2.81765 1.23801
0.26865 -1.23193 0.40477 -0.19665 -2.17254 0.56619 -1.31349 -1.79187 -0.62082 1.25933
0.74334 -1.75058 0.02643 0.09767 -2.8469 0.80361 -0.5019 -1.51519 0.40806 1.73607
-0.83919 -1.77401 -1.32274 -0.16439 -3.51053 -0.81079 -2.17432 -0.84789 -0.88437 2.85364
0.53673 -0.11492 -2.13308 -1.05641 -2.44011 -0.19925 -3.80368 0.0043 -1.4499 2.79952
0.66877 -1.37657 -2.94367 -0.08838 -2.72203 0.1913 -0.11542 -0.94996 0.45321 2.58449
1.22631 -1.05265 -2.61764 -1.32169 -1.60696 1.01317 0.77518 -2.43303 -2.36147 2.27176
-0.68001 -1.69545 -3.21949 -0.58611 -0.53297 0.43292 -1.4786 -1.73814 -1.25138 3.07433
-0.86344 -0.97073 -3.10085 -0.58068 -0.47003 -1.17928 -0.36912 -0.92834 0.43856 1.37945
-0.16418 -1.78033 -4.43936 -0.78077 -1.65129 0.63155 -0.93281 -2.51251 0.36065 0.66767
-0.5908 -2.17336 -2.83525 -1.30325 -1.68733 1.57088 -1.31181 -3.25463 -1.27556 1.29826
-1.50408 -1.32067 -3.55976 -0.85591 -0.08686 1.15962 -0.57845 -2.51805 -3.0565 2.22625
-2.0417 -2.62216 -3.59837 -0.51287 0.29817 -0.65177 0.21399 -3.4501 -0.99236 2.45435
-1.29476 -3.10779 -1.93442 -0.83371 -0.35934 1.55582 -0.03375 -2.97968 1.79591 2.99556
-2.99631 -2.15628 -0.71613 -2.13468 1.69882 -0.48301 -1.09227 -3.14017 -0.69747 1.94192
-1.36823 -3.31594 -0.73629 -2.51164 0.75725 1.67975 -2.1138 -2.78277 -0.3144 1.87114
0.8187 -0.86036 -1.78311 -1.32029 -0.15921 1.12855 0.58701 -4.01818 0.81596 2.70369
1.30969 0.06463 0.11445 -0.82824 -0.28853 -0.3513 0.95804 -4.13783 -1.33801 0.96688
2.74228 0.00049 -0.04257 0.87305 -1.45192 -0.45261 -0.65491 -2.47099 -0.60236 0.6323
1.35121 -0.09493 0.3669 0.45843 -1.19752 0.4543 0.22361 -3.42564 -1.03846 -0.12078
2.22238 -2.49281 1.26282 -1.53908 -0.71572 -0.52552 -0.7275 -1.52152 -2.24964 0.17969
2.17553 -1.66649 0.02605 -0.87311 -1.03149 0.58231 -0.55775 -2.88814 2.45738 0.26472
2.61631 -3.11316 -0.85304 -2.01653 1.69753 -0.30864 -0.60966 -1.27985 -0.16295 0.95479
1.06375 -2.39818 -3.0835 -1.37977 1.2238 -1.32604 0.20257 -0.73769 0.47269 -0.37699
-0.20932 -2.06976 -3.17276 0.41669 -0.15662 0.94406 -0.48184 -0.47168 -0.06141 -0.14993
-1.85472 -3.44809 -2.66621 -0.87385 0.83563 1.90267 1.08165 0.04041 0.36114 0.39227
-1.34442 -1.89958 -2.13819 0.69805 -1.28192 -0.58891 -1.33398 1.99788 -0.85047 1.28332
-1.09778 -3.43537 -2.03398 2.43185 -0.69881 1.35424 0.3274 1.86401 -1.06717 0.61581
0.09832 -2.40885 -1.30674 2.14403 2.18268 3.05094 -1.27346 1.34351 -0.03859 0.8542
-1.60503 -0.99911 -0.25285 1.61432 3.17228 0.34115 -0.41852 -0.50779 -0.71097 -1.76761
-1.24398 -1.69974 -2.8375 0.69964 2.64504 -0.66235 -0.25048 -2.16551 -0.96827 -1.36652
-0.59988 -1.02546 -1.91801 -0.35599 1.2522 -0.10423 -0.01811 -2.95921 0.6213 -1.02548
-2.11209 -0.49492 -1.59332 1.05324 -0.37102 0.85942 2.1463 -1.67299 -1.87753 -1.20033
-3.25664 -0.4689 -2.37004 -1.18119 -0.85393 0.45818 1.54056 -2.93077 0.85961 -1.72374
-1.79165 -0.97329 -0.52832 -0.95783 -0.48199 0.27333 0.07622 -2.18526 -0.56541 -2.28964
-1.43217 0.07983 -0.94433 -0.60596 -0.1024 -0.06904 -1.27268 -4.0927 0.55526 -0.77542
-0.00021 -0.21814 0.34488 0.16994 0.98418 -0.59278 -0.92173 -3.06434 -1.87503 -2.39527
-0.63158 -1.07062 0.81792 -1.92851 1.43194 -0.3548 0.05575 -3.17027 -1.29721 -0.63978
-0.41272 0.02544 1.23492 -1.43532 0.54623 1.2392 -1.35549 -4.73208 1.28632 -0.08775
-0.50018 -1.24622 1.17646 -3.21866 -0.29801 0.0259 0.1271 -4.10062 0.26568 0.69778
-1.04599 -0.957 1.9371 -2.20646 0.46594 -1.15632 -2.92554 -4.69836 -0.9466 1.00356
-0.06435 -1.55426 1.18178 -1.82443 -0.64216 1.0572 -1.01745 -5.4879 0.92507 1.9667
-0.32572 -1.97342 2.69179 -0.70481 -0.77035 -0.2953 -0.79743 -4.40622 0.11345 3.65888
-2.33562 -3.09265 3.22397 0.27655 1.2632 0.39116 0.11306 -4.41297 0.48764 3.97979
-2.89732 -5.30458 2.53691 -1.2888 1.13021 -2.3801 0.00697 -3.21126 -0.84944 3.94304
-3.24041 -5.88596 2.83709 -3.55555 0.80717 -0.15874 0.70485 -3.84116 -1.10287 2.923
-2.35252 -4.98659 1.40169 -3.24824 -0.3498 0.7725 -0.62588 -3.27376 -0.57738 4.54546
-1.02897 -4.41519 1.16082 -2.12197 -0.70419 0.96708 -0.53285 -2.65875 0.36625 4.34576
-0.41395 -4.4863 -0.49725 -1.60771 -0.16649 0.13843 -0.83198 -1.726 0.60984 3.62483
-0.63911 -2.50345 -2.44608 -0.54418 -1.41183 -0.63522 -1.03939 -1.11392 -2.63339 3.54481
0.83703 -3.5821 -1.31233 -1.16844 -0.57251 0.00028 -2.21671 0.50354 -1.5059 4.55102
0.65947 -3.55742 -2.01467 -0.9184 -1.53389 0.1271 -1.92817 0.41969 0.75463 4.66567
0.60904 -3.97954 -1.68483 2.14138 -0.58981 -0.39405 -1.70195 1.54378 -0.42017 4.13896
0.74895 -5.42691 -2.1375 -1.45925 -0.95077 -0.01857 0.39881 0.46036 1.14913 3.72615
-0.98905 -5.04958 -2.74372 -1.56475 0.52965 0.06356 -0.80001 0.54534 -1.83329 3.068
-0.93772 -3.5595 -4.14724 -0.70654 0.32748 -0.60772 -0.95808 0.62261 -0.56905 1.78585
-1.91822 -2.83759 -4.2339 2.22094 -0.73635 0.55097 0.00203 -0.0419 -0.7698 2.23656
-0.17651 -1.80258 -2.30853 0.77293 -1.30163 0.32885 1.82704 -1.81942 -3.23172 2.25715
-2.12545 -0.89096 -0.78324 0.54807 0.12214 0.30414 -1.5506 -0.69536 -2.89748 1.11268
-1.03624 -1.24956 -0.28681 0.30764 -0.18593 -0.87109 1.64334 -0.81788 -1.36496 0.55767
-1.59573 -0.30969 -1.68867 -0.776 0.469 1.12367 0.32134 -1.50878 0.57495 -0.29459
0.49085 0.81601 -1.70262 -1.23939 -1.26757 -0.78306 -2.75753 -3.80076 -0.86846 0.13924
0.03349 2.16937 0.28154 -0.2893 0.77912 0.63223 -0.82854 -4.54447 0.15054 -0.66531
0.73271 2.69914 0.5073 -0.89195 0.04829 -0.54168 -2.804 -2.57073 -1.13864 -1.27595
0.93521 3.14123 1.52276 -1.13694 -0.11787 0.66532 0.10625 -3.759 -2.39233 -1.96597
0.86871 1.67041 1.92324 -1.05189 1.47228 -0.9517 -0.60612 -3.56492 2.59894 -1.33569
1.07492 1.51657 1.11929 -1.05155 1.70731 -0.81529 -0.11489 -4.22532 -0.58786 -2.42931
-1.07721 0.33101 0.8269 -0.98769 -0.73572 -1.15927 -2.19264 -3.06671 1.01049 -1.21794
-0.55734 -0.65249 0.65254 -0.5329 -1.17725 0.42171 -0.88161 -2.48585 0.81758 -2.61502
-1.7042 0.26867 -1.04897 -0.68333 -0.65007 -0.49281 -0.34932 -0.7295 0.42949 -1.64645
-0.98403 -0.86985 -0.50142 -1.24571 -0.14669 0.13056 -0.01606 -0.01707 0.37123 -0.71766
-1.46242 0.20411 -0.08383 0.46981 0.57393 0.90745 -1.52159 -0.09346 -0.10654 -0.22102
-1.4274 0.98102 -1.20193 -1.04708 -0.38633 -1.04087 -0.21294 0.54298 0.81742 -1.24304
-1.01962 0.4161 -0.22209 -1.35061 -3.02164 -1.55575 -0.75025 0.00056 -0.21173 -2.55069
-0.8889 -1.31222 -0.46612 0.19749 -2.91432 1.85758 -2.48821 -0.82891 1.68499 -3.41516
0.70151 -0.44134 -0.32643 1.11413 -1.58534 -0.26259 -0.54891 -1.18825 0.01452 -1.79679
-0.02019 0.93499 0.94885 1.01543 -0.54433 -1.3956 -0.6122 -2.12108 -0.12585 -1.26676
0.59498 -1.31449 0.94519 0.11117 0.16797 0.51262 0.78245 -0.27922 -0.62197 -0.72827
-0.6517 -0.84719 1.50552 -0.29274 0.42561 1.14759 0.89648 -0.32395 -0.53458 -1.92702
0.99058 -0.84774 2.01489 -0.79039 -0.84646 0.8349 -0.07666 0.25559 0.80142 -1.15592
0.24782 -0.68145 1.10046 -0.89899 0.52609 1.22051 -0.88041 0.59345 -0.5712 -0.16339
0.84463 -0.44003 2.10804 -1.28388 0.74278 0.99921 -1.09749 -0.40041 1.24299 0.80826
0.02218 0.35553 2.44142 -0.98022 0.15486 0.54816 -0.80568 -2.86162 -2.9435 2.22602
-0.515 0.09686 2.64089 -0.07354 -0.39693 0.40611 -0.00186 -1.37271 -0.9952 1.35836
-0.9321 -1.38426 1.47942 0.15636 0.62178 -0.85745 -0.44096 -2.37422 -1.75112 -0.2487
-0.81146 -3.51589 1.10583 -0.93463 0.38305 -0.77986 -0.0751 -0.77716 1.99565 -1.37684
-2.62255 -5.31506 1.12704 -1.55703 2.01545 0.20978 -2.21742 0.47748 -0.19575 -3.19844
-3.01862 -3.43002 -0.5564 -3.31889 0.96166 0.31018 0.99812 -0.0517 0.22923 -3.6775
-2.60525 -3.12959 1.52038 -1.26608 0.4571 -0.02812 -1.48508 1.32844 -0.35769 -2.78719
-3.34684 -2.96126 2.3034 0.96115 0.58607 0.62422 -0.87367 0.10102 -0.14135 -2.68104
-1.63575 -3.0628 2.83435 3.02445 -2.18697 -2.25059 0.34632 0.09908 0.22032 -2.81602
-1.64896 -1.10626 3.2107 1.60842 -1.44193 1.01357 -0.47266 -1.62938 -0.53548 -2.90964
-2.13057 -1.93117 1.30257 0.28574 -1.18843 -2.09655 -0.81245 -2.71589 -0.79449 -2.70434
-3.85492 -2.35033 1.06497 -1.50281 -0.10794 1.02031 0.29839 -1.80214 -1.5461 -1.01871
-3.70842 -2.46541 -0.19757 -1.84447 0.712 -0.96348 -2.07042 0.2272 -0.88955 -0.26183
-1.49247 -0.02535 -0.82948 -0.36401 -0.59609 -1.72334 0.05605 0.86294 0.184 -2.73731
0.05999 -0.2902 -1.85769 -2.41801 1.24282 -0.46148 0.31546 2.31859 -1.5121 -1.81089
-0.27654 0.32632 -0.8914 -0.13151 0.98284 -0.93419 0.3879 0.51556 0.53784 -2.20546
1.30936 1.47739 -0.5776 -1.41079 -1.03724 -0.18188 1.01357 -0.05733 -1.41269 -4.15103
0.04217 0.72597 1.40108 -1.12453 -2.37735 1.05082 0.61305 -0.86252 1.0365 -4.86289
-0.66452 0.52572 2.97555 0.53502 -1.44932 -1.29661 -0.91323 -1.13672 -0.41625 -4.21737
0.35036 0.56111 2.84465 0.05908 -2.41203 -1.21541 0.61413 -2.64384 -0.39416 -1.7684
0.53893 0.02835 2.45623 0.15723 -1.55695 0.73866 0.60572 -1.56119 1.01921 -0.95077
1.94107 -0.91633 0.76241 -2.44711 -2.37252 0.18601 1.51123 -1.5727 -1.05986 -0.56178
2.53855 1.11195 0.67181 -1.97762 0.23585 0.00835 -0.94037 -0.3252 0.74941 -1.23589
1.38009 1.10074 -0.31532 -2.63885 0.17612 1.79064 -0.75452 1.77664 -1.1267 -2.95946
1.52914 1.51354 -1.95204 -2.40919 -2.00274 -1.42011 -0.67204 2.84359 -0.15518 -2.24254
3.77959 0.27629 -2.08282 -1.1922 0.22349 0.80047 -1.7625 4.6783 -0.07425 -1.49123
4.19143 0.62528 -0.82262 -1.02085 0.51669 0.47004 -1.41891 5.53639 1.16351 -0.73915
3.1349 1.28902 0.60752 1.63874 -1.22275 -0.13431 -0.99225 6.03462 0.6876 -1.1176
2.62327 -1.13637 1.412 2.4249 -1.17942 -0.14068 -0.40666 4.29683 -0.76623 -0.34505
2.89804 -1.7673 0.24619 3.38534 0.10773 0.84343 0.56987 3.37604 0.12721 -0.38609
2.79508 -1.21004 1.3243 5.24351 -1.50011 -0.31657 1.94764 2.35113 -1.94245 1.47258
1.96034 0.12501 1.72196 1.92928 -1.98683 -0.02857 -0.21696 1.33697 1.35149 1.96361
1.20477 -1.26734 1.86629 2.34834 -1.46094 0.53833 0.88927 1.63583 -0.72894 3.16016
0.0961 -2.52288 0.98538 2.50386 -2.03094 1.0253 -0.96828 1.92347 -1.74936 2.91356
2.15914 0.87095 0.05323 2.43172 -1.31815 0.05216 0.88349 0.79831 -0.22206 2.03256
1.22468 3.46008 0.46652 0.55201 2.34932 0.47099 -0.36738 3.62609 0.44922 1.49708
2.46091 2.9311 1.02798 -2.94615 0.67277 0.60392 -1.69117 1.66045 0.03189 0.03357
2.49178 2.55439 1.40197 -1.80166 1.2495 0.45452 -0.85571 1.19813 -0.05899 0.27344
2.77573 1.44592 -0.36028 -0.06075 -0.8902 -0.44592 -1.16153 2.78508 1.35245 1.53837
2.50876 1.61761 1.00687 1.17202 0.6544 0.73053 0.7212 3.41554 1.40241 1.06609
2.39049 3.88643 2.10396 -0.16844 -1.14712 1.14878 0.70017 2.22674 0.79343 1.44795
2.18572 2.70474 1.78595 0.93916 -0.79658 1.94381 0.28464 2.94188 -0.12886 0.39511
0.28351 2.79121 1.16696 1.33284 0.76099 -0.5886 -0.04878 2.09306 0.06572 -1.06181
1.60992 3.4199 0.94233 0.92104 -1.50763 0.33164 0.26937 2.7922 2.0725 -2.05789
1.56536 2.53865 0.23144 -0.24104 -0.75893 0.56332 0.03293 3.58819 0.7218 -2.06502
1.141 2.6505 1.02932 1.4307 -1.50974 0.38184 -0.80534 4.41628 0.40751 -3.43491
1.69523 1.82992 0.78526 0.33979 -1.74121 0.28548 1.99863 3.45512 3.61766 -2.9407
0.03024 1.51998 1.30299 0.47628 -2.12877 1.03293 0.73945 4.39248 0.0187 -3.0779
0.57379 0.66004 1.93026 2.00258 -0.15867 -1.24672 0.66564 1.87647 0.87134 -3.55298
0.50426 -0.30791 1.68002 2.05856 -1.2696 -0.1294 0.30199 1.28616 1.09842 -2.94192
0.62409 0.41344 1.60034 0.7193 -0.77802 -1.19782 3.13348 1.36978 1.86571 -0.08281
1.73412 1.87462 -0.69572 0.93983 -0.29565 -0.83844 1.26758 1.47677 -0.47054 -1.3512
1.20276 1.49962 -0.68617 -0.21735 0.12903 0.0545 1.40531 2.91595 0.34823 0.80168
1.63833 1.76504 -0.90944 -0.75129 2.12786 1.08406 0.37783 2.21782 -0.51012 -1.48234
0.8622 1.809 -1.80922 -0.03641 1.52755 1.20886 0.0339 2.36861 0.26574 -1.23922
0.04781 2.80605 0.0301 -0.59344 0.77541 0.36024 -1.20609 4.26305 2.32117 0.82505
0.40008 1.06225 1.73685 -0.48843 2.20926 0.65499 -0.31136 3.12677 -0.25909 1.36654
-0.09616 1.53014 3.15783 0.87689 1.91263 -0.19384 -0.19995 3.91434 -0.70259 1.92703
-0.40368 2.9151 1.29298 0.90389 1.41625 -0.70496 -0.69275 1.43914 -0.02887 0.82881
0.87711 1.17556 1.35062 2.28455 -0.65417 -1.2308 0.55631 -0.70308 0.6898 0.26467
0.87731 -0.05539 2.08785 3.25425 -0.92447 -0.46952 1.94251 -1.85519 0.3695 -0.00252
-1.18447 0.38818 0.78926 1.48496 -0.04933 0.87235 1.00888 -2.27427 -0.90428 0.67574
0.15687 -1.29719 -0.24742 0.5926 -1.57909 0.12189 1.63604 -1.21039 1.82078 0.4002
-1.29731 0.98484 -0.46025 -0.45568 -1.43265 0.23354 -0.82922 0.95985 1.43519 0.89717
-0.05762 2.75034 0.64549 -1.05102 -0.08124 -0.96318 0.5459 0.61884 -0.25637 0.22291
-0.3502 4.71781 -0.22796 -0.33842 0.48534 -0.15638 -0.62107 -0.11079 -0.22021 1.03581
0.47534 5.19764 -1.64467 0.21624 0.33961 0.21829 -0.94707 -1.05657 0.26423 1.23349
0.9782 4.69453 -0.89658 0.61788 1.8915 -3.01377 -0.58612 -0.53851 -0.41473 0.20147
0.78409 2.79245 -1.93593 -0.11783 0.55772 1.10428 2.02125 0.06172 0.46546 0.29123
2.31511 1.7025 -2.04614 -0.12401 2.18849 0.66642 -0.84376 0.00134 -0.09615 -1.43657
3.05564 0.75008 -0.0909 -0.38277 -0.24437 -1.27193 0.28432 1.436 -0.30861 -0.36642
2.05287 0.73014 -0.31517 -0.59633 -0.36409 -0.05632 -0.08747 0.99544 1.46226 -2.01107
1.74994 0.21903 -0.28693 -2.02691 0.64784 0.85481 0.54502 1.304 -1.60358 -0.20331
0.04679 -0.06033 0.11806 -0.74592 -0.00627 -0.25915 -0.95535 1.70796 1.60341 0.70067
-0.52333 0.00983 0.72059 -1.58971 0.97071 -0.875 -0.09607 1.27123 -0.03915 -0.18041
0.977 0.68682 2.16748 0.12953 0.27243 1.75896 0.88246 1.66752 -0.31246 0.74247
-0.79225 1.42343 0.63032 -0.57042 1.52614 1.90059 0.42651 1.24133 -0.58082 1.27258
0.41486 -0.33383 0.45909 0.99225 1.24767 -1.32747 -0.03725 2.40429 0.14032 2.80243
-0.57394 -0.70097 -0.08287 0.26364 -0.7189 -1.22091 -0.62094 1.29278 0.53733 1.50309
1.2851 1.15659 0.58638 1.68242 1.69765 -0.29916 0.92892 2.80133 -1.00849 0.14107
3.14082 0.4173 1.50292 3.01687 3.17542 0.0896 -0.21077 2.28805 1.90874 2.53707
2.49087 1.06314 2.36809 0.4268 3.3272 0.82497 1.83164 0.80073 0.24059 3.1174
2.6525 0.36151 3.02011 1.4379 2.25059 -0.36169 0.14257 -0.60462 0.32196 2.69551
3.63056 1.41682 3.37064 0.83137 0.15011 0.8675 0.61107 -0.00203 1.54185 2.52872
4.22147 0.79278 1.46976 0.07347 -0.50153 0.53003 1.23826 2.40858 0.41299 1.35706
2.47634 3.16464 0.91588 4.00904 -1.42855 1.42875 1.21888 1.77979 -0.60533 -0.3929
2.12558 3.00434 0.01288 2.24172 0.59443 -1.13736 0.63912 3.28639 -0.95259 0.62188
1.6311 1.89556 -2.10535 0.18804 1.21391 -0.06226 1.32026 5.0555 0.37596 0.17959
1.17318 2.08404 -0.93533 -0.2643 -0.50713 0.08756 -0.20655 6.96067 -0.53339 -0.67935
1.37447 0.41426 -0.56628 0.80062 0.15079 -0.86451 1.49092 6.60364 -0.72227 -0.90632
0.55306 0.34178 -0.26658 1.08791 0.44984 -0.16707 -0.52957 6.07161 0.97508 -1.73627
0.6951 1.43865 0.15413 1.87473 0.65434 0.35459 -0.22181 5.37391 -0.139 -2.17475
-0.51466 -0.84257 1.22798 2.03317 1.2539 0.06381 -0.36009 2.25816 -0.79934 -0.44979
-2.88131 -1.46971 0.42661 2.85973 -0.01011 -0.52954 0.82083 1.92457 -0.81998 -0.19931
-2.21849 0.91518 -0.02506 4.40101 1.50462 1.40193 1.21015 2.20416 -0.35046 1.32278
-0.99674 0.81934 -0.9013 2.06622 -0.48273 0.04463 0.41062 2.04498 -0.85959 0.99258
-2.28367 -0.60295 0.10236 0.62132 -0.99654 -0.39688 2.31865 1.05595 -0.4435 1.01261
-3.38245 0.51747 0.36318 0.91418 1.93793 -0.91412 -0.07029 0.21153 -1.12959 2.38794
-2.27517 1.92346 -0.45184 1.28421 2.21389 -1.6353 0.64926 -0.01433 1.46671 3.54793
-2.47114 2.81756 1.13261 0.01304 -0.91703 -0.43083 1.49076 -0.84718 -0.54177 2.92884
-2.22583 3.46458 0.6902 -0.78629 -1.25713 0.86025 2.05217 -0.41738 0.09294 1.24184
-2.41174 2.37394 1.02848 0.53592 0.79203 1.52804 0.03597 0.08887 2.19767 3.53228
-1.49043 1.71351 1.59433 1.78909 1.57777 2.24047 0.33594 -1.46616 0.75567 2.06448
-1.7588 0.36014 0.32583 1.81237 1.2587 0.01708 -1.40754 -1.22547 0.9861 -0.24464
-1.1579 -0.1734 1.0622 0.16174 0.70968 0.31505 -1.28351 -0.10713 1.55367 0.74205
-0.85704 1.04294 1.73338 0.66205 0.41726 -0.49905 -0.42404 0.33904 1.18699 -0.47479
0.01924 1.49009 0.94269 -1.05538 -1.82477 -1.38082 -0.38002 0.78417 -0.18591 1.09278
0.68829 3.41685 2.23491 -0.89088 -0.93475 0.68798 0.42091 0.33432 0.01002 0.54177
0.59876 3.46619 1.36241 2.00531 -1.51808 -0.3678 0.41254 0.39362 -0.25995 2.3478
-1.12049 4.30422 2.4408 1.34092 -1.75506 0.11833 0.81118 1.59015 0.6489 2.61648
0.027 3.34366 0.21131 0.71496 1.13634 -0.67076 -0.5123 1.19159 -0.67741 3.53484
-0.23478 1.83325 0.33893 -0.27413 1.51651 -0.22623 0.79064 1.89169 -0.31376 3.73638
-0.29037 2.74075 0.9753 1.69594 3.16507 0.98945 -0.86033 2.97186 1.15902 2.3302
2.24668 3.31206 3.13376 0.51023 2.452 0.96161 0.77935 2.30843 1.38103 3.67677
0.70376 2.65616 3.94271 3.1779 1.92117 -1.31242 0.06919 4.36239 -0.73228 1.79206
2.42885 3.84529 3.10378 1.64635 1.86944 -0.75536 -0.41591 4.42452 -0.25027 -0.12186
2.33257 5.33565 3.35928 2.32064 0.85277 0.78282 0.61717 2.21521 -0.64553 1.25148
2.65293 5.18194 3.74542 1.85209 -0.72115 1.83075 1.84948 3.43109 1.73486 -1.26849
2.22836 2.56785 2.04727 2.30032 -0.59734 1.00937 0.43337 3.64263 -0.88779 0.32282
3.34406 2.36732 1.79789 2.51296 1.82563 1.54571 3.63204 4.38589 0.41077 2.09446
3.87003 0.40774 3.42494 2.94022 2.04621 1.15676 1.90809 5.46796 0.52516 2.22988
5.09237 0.63303 5.18015 3.1148 1.70463 -0.02748 0.91595 6.37431 2.38347 1.31265
3.3222 -1.05058 3.79208 3.13171 1.38153 -1.07736 -0.00766 6.4746 -0.88264 1.9023
1.42917 -0.28498 5.75155 4.50189 1.20503 0.79465 1.18805 6.28699 -0.45586 1.02147
1.57768 0.80604 5.29432 4.73355 1.05831 0.27295 3.09812 5.82443 1.49186 0.70143
1.96051 2.38165 3.85605 3.91865 0.48548 -0.50304 1.52254 7.19532 0.61064 0.70605
1.44098 1.29789 3.94706 3.90852 -0.09695 0.33555 1.42213 7.36516 -0.90858 -0.01907
-0.87387 1.60167 4.24831 3.654 -0.03656 1.44329 2.08462 6.91716 0.85387 -2.42291
-0.47849 1.58079 4.25845 3.64965 -0.98554 0.7963 1.65364 6.44707 -1.00318 -1.15121
-0.88485 3.81803 3.17271 3.32252 0.80894 -0.9085 2.67595 7.43412 0.30847 0.15614
-1.68281 5.08581 2.57842 4.51945 0.41207 -0.43481 0.70857 8.28196 0.33353 0.48706
-1.15931 5.37318 3.36248 4.26961 0.60699 0.5431 2.18965 8.83168 -0.24794 0.35255
-1.27254 5.28302 3.65698 3.65652 0.73147 1.02763 1.2575 7.46955 0.20385 0.23899
-0.35337 3.96211 3.29094 4.61297 0.82546 -0.46084 1.57736 7.51266 1.82322 -0.02982
-0.13617 4.26 4.19873 3.96977 0.07704 1.48637 2.17234 6.71535 1.48632 -0.2839
-1.56891 2.89083 4.99863 5.93361 -0.54375 -1.16338 2.88308 7.42415 0.83157 -0.20592
-0.46078 2.89929 2.71848 4.9017 -0.03869 0.49214 3.04743 6.35416 1.52613 0.97443
-2.62223 3.82276 1.59216 5.38314 -0.2093 -0.83639 3.33778 5.32579 0.56112 1.52178
-3.53498 3.92831 1.07735 3.41246 0.67495 0.92207 2.18452 4.16456 0.72211 2.33368
-2.1983 3.03286 0.52549 3.7378 3.06179 0.74101 1.12339 2.61338 -1.30453 3.65214
-3.16237 4.25297 0.46542 2.88353 1.6449 -0.23632 0.87536 3.35063 -0.01397 1.91231
-2.64346 5.65141 1.08643 2.09109 0.65881 0.73151 2.02793 5.11132 0.54024 1.20027
-1.34128 5.35324 1.21727 2.29265 0.50053 -0.31666 2.22454 2.81876 2.10394 1.8775
0.17777 4.99839 3.11067 0.85587 0.76335 -0.00356 -0.23995 2.37485 0.46118 -0.40923
-0.79557 4.62727 3.07947 4.49163 1.05117 0.97731 1.03336 0.73744 -0.02285 -1.00165
0.48237 3.95857 2.39754 2.67751 0.72242 0.67594 -0.4698 -0.04301 -0.47041 -0.46954
0.48561 6.5162 3.29564 0.24793 2.47788 0.92434 2.58661 -0.97072 3.1837 -0.92275
3.51348 4.18158 2.98812 3.13332 1.81465 -0.49711 0.4529 -1.23955 0.18161 -0.62059
4.91116 2.519 2.96468 1.03764 1.3641 0.37105 0.64957 -0.94545 1.83575 0.72601
4.15864 2.81788 2.5376 0.64624 1.20269 -1.00926 -0.55118 0.85155 0.98016 -0.40591
0.44435 2.72096 2.40135 0.71109 0.31194 0.56654 1.93008 2.20565 2.1202 0.27394
1.19476 2.43759 2.4219 0.29624 0.56416 -0.46172 0.37241 3.66073 0.68504 -0.85413
1.85693 2.35566 2.79892 1.0208 -1.08989 -0.15287 1.16912 3.0811 1.84513 -0.89514
1.78465 1.08077 2.62494 1.66306 -0.55108 -0.15074 -1.48154 4.56889 3.79596 -2.01856
