-3.77704 -1.26482 -0.95438 -1.29669 1.924 -0.15106 0.66424 2.74882 0.38688 -0.95983
-3.0501 -0.21577 -1.05374 0.49454 2.07984 -0.93908 0.7973 4.18293 0.83402 0.04861
-2.50642 -0.12915 -1.07217 0.40977 3.10068 -1.52439 -0.91249 2.89087 0.125 0.86191
-2.08051 0.26961 -0.39854 -0.79404 3.74863 -2.35615 -0.86698 1.18614 -0.94425 -0.18509
-1.70926 -0.1577 -0.44454 0.11772 0.85373 -1.00435 -0.64838 1.38194 0.08228 -1.50235
-1.49546 -0.26763 1.5168 -0.62319 1.12484 -2.20215 0.22923 1.02254 -1.48394 0.41091
-1.83709 0.08367 3.6077 0.37438 2.61464 -0.23415 -0.22575 1.49075 1.16159 -0.758
-1.03154 0.75128 3.14314 -0.53398 -0.91484 -2.14359 0.12592 1.62611 -0.73272 0.34274
-2.11936 0.04326 1.91723 0.12525 -0.64449 -2.6479 1.87267 0.30247 -1.51467 -0.09806
-2.20875 0.06925 1.61271 0.11544 -0.16259 -1.50317 -0.33283 -0.36802 0.6819 1.87994
-2.5763 -1.30774 0.87898 2.25814 0.40898 0.00426 -0.35601 -1.14334 -0.75441 1.39532
-2.66906 -3.09548 -0.91812 1.44336 0.20819 -0.60765 0.36161 -0.69644 -0.38115 0.99826
-2.4974 -1.41379 -0.37905 1.30313 0.53627 0.67686 2.06743 -1.59447 0.84661 0.41447
-2.87956 1.62148 -1.20005 -0.28198 0.71892 1.30419 2.19212 -1.6425 3.06217 -0.12297
-4.00171 1.92088 -1.87233 1.04001 -0.11619 1.1584 0.55044 -2.53352 3.22208 -0.53387
-3.23193 1.25675 -2.53487 0.49955 -0.58228 -0.40938 -0.88536 -2.57559 3.48874 -0.60301
-3.12737 0.81166 -3.73584 -0.54619 -0.54902 -1.05547 -0.35083 -0.85069 1.90871 0.6677
-1.88096 -0.02076 -4.88126 0.54958 -1.67441 -0.15028 0.15067 -0.7028 1.10441 -0.99479
-0.67382 -1.87633 -5.75136 -0.14326 0.66236 -1.61702 1.92066 -1.76979 0.2394 -0.73629
-1.71841 -3.00064 -6.44937 -1.53693 -0.357 -0.73879 -0.11545 -1.55087 -0.60329 -2.1812
-0.18119 -3.90207 -6.39615 -0.4834 -0.34818 -1.31958 -0.49247 -2.61677 -0.99657 -1.1698
-0.89743 -3.73409 -5.88342 -0.34354 0.22749 -1.0838 -0.3412 -1.39663 -1.55009 -1.60155
-0.61922 -3.91175 -4.8632 -2.07702 -1.09684 -0.11576 1.27037 -0.19566 -0.49858 -0.34146
0.48759 -3.00529 -5.06994 -2.82588 -2.67897 -1.35838 1.025 -0.95569 0.53365 -0.96361
0.4204 -2.09103 -3.88891 -1.18756 -1.64033 0.87612 -0.48272 -1.78322 0.25643 -2.34196
0.27481 -3.23258 -3.691 -2.53467 -1.62306 -0.02066 0.15925 -1.18084 1.53474 0.69477
2.37411 -3.59487 -2.22347 -3.43743 -3.45228 -1.14162 -0.33711 -1.58857 1.14744 1.48876
3.14229 -3.82325 -2.87622 -3.15084 -3.30894 -0.49839 0.30533 -2.38409 0.39605 -0.7543
4.07056 -4.47036 -2.08902 -1.14272 -3.23402 -0.43558 0.60801 -0.80727 -0.30364 -0.98502
3.9039 -3.37639 -2.48958 0.43982 -1.73662 0.89693 0.01324 -1.83912 -1.74642 0.21386
3.3911 -2.36646 -1.70027 0.56012 -1.30595 -0.55305 -0.68027 -3.43683 -0.33849 0.53178
2.91175 -1.43176 -0.70716 0.16963 -1.09714 0.70072 -2.04643 -2.99023 0.53833 -0.69828
2.27153 -1.11513 -0.16841 -0.36386 -0.81459 1.61674 -1.17406 -2.54222 0.55166 -1.66312
1.07412 -0.30183 -0.12648 0.30971 -0.63942 1.56051 -0.80411 -2.08117 -0.63796 0.37238
1.5567 -0.32749 0.19387 -1.73538 -0.83878 1.39176 -0.48965 0.60597 0.36098 -0.24101
0.75641 -2.06521 -0.18227 -1.19439 -2.19898 0.97658 -1.80138 0.75762 -0.00059 0.41472
-0.89403 -2.83032 -0.39466 0.80242 -0.67226 -0.38338 -0.87607 0.26468 -0.0245 -0.82578
0.2532 -2.78044 -0.03424 -0.42828 -2.1384 2.47574 -0.23313 -0.84824 0.98702 -2.89962
-0.49116 -0.85825 1.96091 -0.49044 -1.62446 -0.00624 -1.53366 0.03099 -0.34554 -0.41332
1.53856 -2.50576 2.65917 0.16912 -0.25254 -0.71332 -1.94487 -0.91104 -1.04679 0.00817
1.37386 -2.13984 2.13489 -0.17233 -1.24479 -0.12151 -1.8932 -1.46359 -0.81702 -1.01929
0.64034 -1.72948 3.35756 -1.29096 -1.32851 -0.0332 0.69518 -2.27589 -1.11012 -0.45774
0.82612 -1.83383 2.23807 1.48103 -0.21854 -0.35214 -0.40007 -0.43935 -1.47675 0.79309
0.43158 -1.17246 2.60668 1.80387 -0.50797 0.72342 -0.53738 -0.67673 0.59767 -0.78531
1.03753 -0.10534 0.86062 1.64144 -0.68262 0.77795 -0.38189 0.94902 1.1635 -1.16411
2.16341 0.26905 2.00882 1.64123 -1.71743 0.72746 0.38245 0.48411 -1.20475 -1.60311
2.12754 2.13813 -0.10558 2.43892 -0.30825 -0.0611 -1.63346 -0.30215 -0.43124 0.51337
0.53335 1.54191 -1.02121 -0.32644 0.77139 0.77511 -0.07425 0.63755 -1.06117 0.42596
-0.24456 2.07581 -1.13367 2.40904 -0.10839 -0.14694 0.31126 0.13815 -0.79197 -1.46676
-0.04383 1.29107 0.73135 1.39514 -2.45263 -0.32143 -1.3926 -1.55764 -0.91587 0.47021
-0.0214 1.53464 -0.06306 -0.57537 -1.60709 1.33423 -0.65916 -1.37052 -1.31122 0.83367
0.4931 2.18157 -0.2389 -1.86237 -2.82771 2.05801 -0.24398 0.43873 -2.16947 -0.37543
1.07632 2.78793 -0.21752 1.85389 -0.59742 1.05868 -2.37482 -0.62483 -1.20229 -0.59941
0.44279 3.26372 -0.33295 2.85638 -0.81875 -0.55363 -1.92493 -1.34051 -2.04798 0.04411
1.13924 2.37233 -0.02792 0.33166 -2.38775 -0.83122 -1.84909 1.56232 -1.30263 -3.47951
1.37246 1.54939 0.13901 -0.42275 -0.97556 -0.19795 -0.49976 -0.032 -2.16702 0.20341
0.70558 2.68391 0.26343 1.46586 -1.17361 1.29894 -0.25219 1.29082 -2.76168 0.49553
1.25081 3.81412 -0.61954 -0.97396 -0.47819 1.77101 1.14966 0.95844 -1.97213 0.38144
2.50415 2.62802 -0.14101 -0.00454 1.38829 1.51404 -0.12473 -0.45369 -0.49151 1.66776
2.4966 2.02378 0.38623 -0.03319 0.69076 -0.74696 -0.7509 0.69619 -0.84457 0.08558
3.27312 0.86098 0.91042 0.09713 0.70881 0.1941 0.69035 -0.28762 1.06771 0.03356
4.02865 0.77733 -0.52546 -1.38247 1.1333 0.43509 -0.30091 -1.5665 -0.34821 1.46892
4.15903 0.55874 -1.07673 0.14501 2.3002 -1.85638 -0.83833 0.34757 0.12145 1.29313
3.55898 -1.05796 -1.02194 -0.075 2.59517 1.96583 -0.18193 0.21612 1.42954 0.59993
3.40744 -0.06282 0.17706 1.73146 1.37535 -0.13851 1.44807 -0.47852 0.86715 0.2371
2.87033 0.03741 -1.54993 0.35434 -0.4549 -0.13448 -1.16457 -1.44676 -0.80434 0.55838
4.20787 0.40392 -2.23171 0.11349 -1.46506 -0.94392 -0.16188 -1.35783 -1.1715 -0.29978
1.96005 0.3606 -2.68015 -1.83391 -0.81372 0.89548 -0.18808 -1.81825 -1.70412 -1.13687
3.09165 -1.19108 -2.82595 0.30709 -2.12159 -0.13483 0.19159 -1.61457 0.06443 -2.14668
2.44267 -4.60365 -2.76019 -0.22071 -2.59317 1.66384 1.83935 -2.16873 0.58354 -0.28832
3.24641 -3.77768 -0.75324 -0.10728 -2.07586 1.01629 -1.49572 -0.88307 0.6008 -1.09823
3.4205 -4.13784 0.10959 -0.9818 -2.83676 1.30093 1.18841 -1.02458 -0.41898 -1.55678
1.6081 -1.44692 1.31913 -0.48658 -3.05418 1.69918 -1.36569 0.93266 0.95357 -0.74888
-0.55228 -1.44627 2.13954 -0.93168 -1.29104 -0.66098 -1.38137 1.04808 0.58987 1.50799
0.83932 -1.52645 3.8604 1.26669 -0.34662 0.57555 0.72058 1.50021 -1.90949 -1.61553
-0.09155 -1.65395 1.70174 -0.17477 -1.38726 0.79995 0.06383 1.93086 0.35891 -0.41187
0.47142 -0.83515 1.57593 0.32906 -0.12313 0.14064 -0.13938 0.39762 0.41298 -1.69736
0.30319 -0.31336 1.02645 0.73461 1.31118 -0.42915 -0.70001 0.08474 -0.25907 -1.11135
0.43446 -0.80147 -0.00655 0.76125 3.25036 -0.61029 -2.23596 -1.51186 0.60329 -2.7049
-0.26086 -1.61949 -0.31352 1.51918 3.90799 1.80316 1.37899 -0.47971 0.17603 -2.04046
-0.41128 0.38672 -1.86525 0.06819 2.53751 2.16046 1.32789 -0.16765 0.35685 1.2617
0.5345 0.66358 -3.07216 0.28196 1.70255 1.21821 -0.226 0.33249 -0.97054 1.57909
-0.33 0.5076 -2.86638 2.01074 0.96487 -0.52747 -0.25189 0.78696 -0.82313 3.57867
0.13346 -0.69334 -2.26088 0.77685 -0.1723 0.36692 1.01906 -0.13119 0.52322 -0.03372
0.0785 -2.26194 -2.28647 -0.83734 -0.1731 1.66132 2.99013 -1.37783 0.47092 0.84753
0.71371 -2.8906 -3.07009 -1.54453 0.99747 0.47941 2.99022 0.40007 0.6272 2.94631
0.90567 -2.31992 -2.17685 -0.23188 2.52388 0.92414 0.42132 1.63582 1.05203 0.19216
1.73492 -1.12725 -0.34765 0.54641 1.89818 0.32946 -1.24907 2.15033 0.93683 1.16947
1.05776 -1.32509 -0.96259 -1.65492 0.78202 -0.65208 0.74505 1.77978 0.71786 1.31958
0.62519 -0.51853 -0.9173 -1.19961 -0.88215 0.42461 0.57584 2.07525 0.41784 0.78887
-0.20858 0.07436 -1.41899 0.73303 -1.21757 0.95016 1.7852 1.97497 1.1318 1.65726
0.07101 1.22775 -1.29179 1.55729 1.32785 1.5544 1.54342 1.84854 -0.08269 -0.19608
1.23954 3.63005 -2.81608 0.49123 1.74908 -1.3186 1.88336 1.48793 -2.13439 -0.06081
1.53062 4.87532 -0.78311 0.95539 2.41808 0.81427 0.85779 2.0172 -2.7245 -1.6353
1.28094 4.15462 -1.49068 -1.44264 1.42549 -0.03745 -1.13433 0.74232 -2.27574 0.76545
0.89442 4.12186 -2.46049 -1.04103 0.69572 0.72186 0.49322 0.78804 -0.20584 0.57932
0.08865 5.20941 -1.92958 -0.22708 2.21405 -0.96267 1.56664 0.22986 -1.89685 -0.0432
-0.32065 4.76294 -0.73451 -0.39658 0.2259 1.89611 1.38698 -1.52207 -2.58509 -1.13625
0.24182 2.96665 -0.29116 -0.91468 0.61288 -0.77966 2.54316 0.38646 -2.96316 1.31998
-0.27917 2.75559 0.19197 -2.5338 0.50111 0.23606 2.19366 0.16719 -2.93391 -0.74626
-0.67372 2.4954 -0.75977 -2.26244 0.99714 2.42053 0.67517 -0.51439 -0.43311 0.07857
-1.43433 1.93295 -0.82286 0.36482 0.27916 -0.97538 2.22621 -1.32236 -0.41831 0.56405
-0.33392 0.5942 0.24358 -0.65934 1.00047 0.06229 -0.92767 -0.781 0.2152 -0.09432
-1.10522 0.73511 2.50978 0.18146 0.8774 1.77441 0.97887 -0.00532 0.95112 0.10546
0.35858 -1.50241 2.33709 -1.97577 -0.74862 1.27026 0.52799 0.11577 0.44514 0.75297
0.23863 -2.00797 2.10925 -1.03624 -0.3566 0.51705 1.29533 -0.07518 -1.5732 0.07142
0.17892 -1.99645 3.82183 0.82117 0.13014 0.14908 0.64177 -0.19306 -1.51289 -1.12336
-1.22434 -2.12179 4.48763 1.41849 2.67304 0.26983 0.67317 -1.02256 -0.86803 -0.74583
-0.95946 -1.1301 3.28413 1.4014 -0.1624 -1.01289 -0.06863 -0.73821 -1.26119 -1.01766
0.04933 -0.44675 4.20148 0.23313 -1.16312 0.23885 0.65614 -0.46947 -1.5416 0.95431
-0.84278 0.35219 5.35637 2.21983 -0.45509 0.50419 -1.55319 -1.86892 -2.91374 0.46711
-0.49476 -1.38776 5.43519 0.44287 -1.73513 -1.18278 1.10707 -0.36788 -2.08826 -2.09727
-1.46749 -2.6676 3.65454 -0.79881 -2.41713 0.08486 0.78143 -1.81531 -1.33163 -0.82455
-2.04989 -0.49893 2.91854 1.62643 -1.44501 0.65955 0.22192 -1.36536 -0.35711 -1.06205
-2.3995 1.04519 2.94497 1.1761 -1.00097 -1.47824 -0.06567 0.47716 0.27799 0.63106
-2.25451 0.87457 1.95799 2.78903 0.08139 -0.6263 -1.26594 -0.11811 0.71002 -1.50847
-3.50939 -0.15495 1.48658 2.26122 -1.33343 -0.73329 0.23873 0.0543 0.21052 -0.53462
-3.34223 1.21395 1.9426 2.80813 -3.31149 -0.48189 0.1249 -0.91268 -0.41985 -1.63999
-3.50959 0.13158 2.5455 1.1032 -2.20459 0.4578 -1.81497 -1.11853 -0.6567 -0.90275
-4.32087 0.61938 4.41519 -1.5443 -1.14791 -0.3661 1.69455 -1.63227 0.11213 0.24208
-3.69075 0.3553 4.26554 0.10401 -0.71807 1.21756 -1.9235 -0.61926 0.30289 0.56874
-1.54461 0.46689 3.73945 2.64835 -0.3748 -1.40654 -0.95948 -0.10649 -0.67072 -1.08056
-1.46036 -1.1186 2.14407 3.38785 -0.53539 -0.9786 -0.71592 0.45931 0.05581 -0.54327
0.0536 -1.71977 2.13338 0.07107 0.37173 0.04279 -0.88034 0.31036 -0.13242 -1.59878
0.76547 -0.8867 2.3551 -0.14178 0.66332 -1.68997 -0.46555 0.63073 1.47284 -0.81277
-2.35747 -0.73261 1.17753 1.55734 2.32525 -0.79152 0.40505 -1.11159 -1.47686 -1.10109
-1.83334 -0.43099 0.6154 0.31803 2.45394 -1.16768 0.69657 -0.84268 0.00872 -1.73385
-1.78165 0.81044 -0.12186 -0.81793 1.66208 -0.39065 0.22253 -0.66931 0.51132 0.68707
-1.36406 0.72138 -1.00583 0.73684 1.55195 1.19649 2.8124 -2.61116 -1.74919 2.8385
-2.03634 1.43254 -2.05537 0.7942 0.61836 0.04753 0.4224 -2.08233 -2.66714 0.95627
-1.44939 -1.06061 -1.52403 0.24965 -0.67598 -0.69516 0.74631 -0.69296 -1.04047 1.09105
-1.80881 1.26874 -0.48651 1.07907 -0.16569 0.17958 0.35405 -0.49621 -0.20374 0.27175
-2.87891 0.70132 0.44319 1.46419 0.72736 -0.86088 1.69577 -0.92296 1.73408 -0.41037
-2.71077 1.70002 3.0898 0.03459 -1.35482 -0.73928 -0.39506 -2.17724 2.18282 -1.29314
-2.13494 1.71209 2.9397 -0.43305 -0.69078 -2.44724 0.24399 -2.10706 2.41482 -0.14919
-1.81026 -0.37121 2.0818 0.45802 -0.85135 -0.81788 1.56107 -0.95011 -0.91163 -0.08215
-1.74974 -2.21773 1.88831 -0.04357 -0.2223 -0.28832 0.09894 -0.72092 -1.75972 -1.00427
-2.36994 -2.88308 2.94497 1.22018 0.11008 -1.38529 1.26214 -0.72769 -2.05921 -1.98698
0.30371 0.27064 3.03093 0.57251 -1.53859 -1.42687 -1.13659 -1.62854 -1.31561 -0.7855
0.18396 1.07547 2.28867 -1.34867 -1.21963 0.24621 -1.12123 -1.65 -0.67838 -0.39432
-0.63308 -1.6056 1.96444 0.87524 0.24227 1.44573 -0.53106 -0.66853 0.37779 0.88311
-1.06139 -2.39663 2.02432 0.76166 -0.01307 1.02584 -1.27046 -0.88709 1.25878 0.33571
-0.27761 -1.24903 0.86462 0.50403 -0.89439 -2.29848 0.16257 -1.21725 1.15737 -0.2745
-0.43062 -0.59982 0.24307 -0.19056 -0.22721 -0.5684 0.19146 -1.66098 1.10844 -0.77072
1.33481 -1.18909 -0.24943 2.26428 -0.86047 -0.11976 -1.56683 -1.28677 2.81322 0.38937
0.23517 -0.43342 0.25524 0.78488 -1.4056 -1.63274 -1.22969 -0.46823 2.69816 -0.74483
0.97405 -1.44448 2.40683 0.91349 -1.99221 -0.1014 -1.33265 0.15824 1.83062 -0.06231
0.20473 -2.28992 3.84878 -1.01177 -1.08419 0.51212 0.41666 1.47192 1.11357 0.42832
-0.13037 -2.67121 2.37142 0.11709 0.08716 0.73621 0.05862 -0.26411 0.78092 0.48344
-1.38925 -1.25031 2.59667 1.02415 0.5576 1.55303 0.49589 -0.26848 -0.00738 -0.61924
-0.43111 -0.89793 1.64442 2.04382 -0.10302 -0.10975 -0.49596 -1.57504 0.11664 -0.29069
0.39362 0.87171 1.98493 -1.21292 1.15559 0.10683 -0.50616 -1.90885 -0.0652 -0.77854
-0.83036 0.99337 1.74151 0.32976 -0.78035 0.01308 -1.42268 -1.79152 0.64865 0.0066
-1.07145 -1.33773 1.22507 0.61416 -0.86688 1.5783 0.15205 -1.08647 0.50715 0.30995
-0.98749 -2.52125 0.87984 2.39833 0.76304 -0.82155 -1.53804 0.02313 -0.14219 -2.21711
-2.98798 -3.15196 -0.0193 0.09226 0.22315 -0.17527 -0.91687 0.01666 -0.08194 -0.56762
-2.66254 -2.30986 0.29743 -1.1331 0.37681 -0.30818 0.15177 -0.46897 0.52401 -1.12371
-2.03064 -2.60929 -0.07761 -0.82262 -1.54508 -1.38873 -1.58351 -0.40472 1.3335 -1.09508
-1.80165 -0.33595 -0.13095 -1.61269 -0.76399 -0.71017 -1.76761 -0.16659 1.67689 -1.73311
-0.72385 0.31798 0.28613 -0.21683 -0.10248 -1.38515 0.72586 -0.00729 1.21143 -0.98624
0.41967 2.20357 1.25238 0.88161 2.4353 -2.23128 0.80096 0.47397 1.71965 -1.24161
-0.66825 2.04956 0.10473 0.70494 0.96107 -1.60674 -0.85005 1.47245 0.93483 -3.20485
-1.79085 0.67288 0.86569 -1.85998 1.85609 -1.25197 1.74443 1.04901 1.4179 -0.69285
-1.73902 0.44448 0.0942 -1.6699 0.64744 0.17015 -0.48366 -0.59359 0.32386 -0.55416
-1.6276 0.17755 0.16298 -1.54344 -0.8825 0.82334 -0.50753 -0.83415 -0.80853 0.22661
-2.24662 -0.77098 0.78509 -1.04176 -0.07714 -0.77715 -0.15517 -0.57265 0.12652 0.2459
0.67271 -1.30593 0.44955 0.39328 -0.16628 -1.5994 0.82742 -1.1954 0.29693 -1.608
1.157 -2.09871 1.07254 -2.26332 0.63777 1.2356 -0.82756 1.56494 -0.84277 -0.3163
-0.98018 -0.85411 0.63584 -1.38222 1.48695 -0.93345 -0.6711 0.06664 -0.25003 -0.84751
-0.6284 0.00732 0.38886 -1.9014 0.55806 0.56854 -0.6233 1.05429 -0.88635 1.50498
-1.04569 -1.07414 1.96426 -3.43823 -0.72016 -1.75626 0.55299 0.3178 1.32092 1.12363
-0.42988 -1.59164 1.14054 -1.38721 -2.3965 0.02755 -0.53436 -0.36662 0.5443 1.86572
-0.04006 -0.84387 0.73949 -0.64943 -2.15388 0.83128 -0.02259 -0.71757 1.17387 -0.62747
-0.64559 0.70494 0.54615 -0.87036 -0.63003 -0.10656 0.81149 1.02378 1.86604 -0.59769
-2.16798 -0.08944 0.79481 -1.52522 0.23885 -0.67774 -0.20596 1.51943 2.09041 0.1817
-2.71733 -1.38585 1.08515 -0.09155 0.05821 -2.06998 -1.52649 1.48002 -0.49165 -1.13937
-2.21609 -1.04796 1.33518 0.76254 -0.71033 0.15091 0.01335 1.04514 -1.02054 -3.02994
-1.92709 0.04068 0.25189 -0.71163 -0.46965 0.16256 -0.44303 1.06702 -0.19045 -0.23811
-2.02471 -0.25803 0.65994 -0.29533 0.36696 0.89634 -0.39877 -0.13648 1.47382 0.30237
-1.76873 0.33538 0.58866 1.27431 -0.66513 -1.18952 -1.42101 0.16466 1.49984 -0.92448
-2.02849 -0.22629 0.4894 1.63032 -0.72732 -0.81946 -1.50905 -0.595 0.56773 -2.28836
-0.56992 -0.40631 1.19016 -1.63344 0.8471 1.26354 -0.11541 0.16242 -0.902 -0.53691
-0.41954 -0.35613 1.41197 -0.3263 1.87119 -1.02373 0.52577 1.12841 -0.15839 1.61232
0.0806 -0.48839 2.20052 -0.99887 1.61485 1.0511 0.737 1.12482 -1.4925 0.23169
0.7463 0.93678 0.2871 -0.02941 0.97088 -0.97367 1.26318 -0.41376 -0.89864 -0.19134
2.74592 -0.61302 -0.50259 -0.87517 1.38185 -3.0091 -0.10612 0.28667 -0.48098 0.29413
3.24991 -1.21605 -0.39144 1.78809 2.36782 -0.40158 0.87051 -1.99596 -0.38709 0.05929
4.10168 -2.02422 1.93043 0.05895 1.23257 -0.94865 0.13675 -2.79068 0.95403 2.6671
3.96683 -0.69087 -0.31001 0.47894 0.5922 1.22059 -0.71871 -3.2629 0.20126 0.55458
2.55244 -2.59273 -0.49733 -0.65077 0.43656 0.82907 -0.76166 -3.68563 0.83378 -0.03122
2.31647 -2.94651 0.2405 0.52507 -0.2324 0.87881 1.20536 -1.51313 -1.08191 0.44951
1.77526 -2.57997 -0.11371 0.89018 -0.31792 1.20453 1.86418 -2.37182 -0.86343 -1.32169
2.54504 -1.14343 -0.07663 0.55702 -0.94541 1.29487 -0.32243 -1.60108 -1.39453 0.54532
0.99776 -0.23107 -1.27215 -0.10022 -1.41926 0.71605 0.57825 -1.0195 -0.69601 1.13384
2.38701 0.68227 -0.35724 0.70346 -2.38459 1.35118 0.86744 -0.13087 0.51542 -1.04293
2.31869 0.01311 -1.5612 -0.48039 -1.30542 -0.8995 0.47162 -0.1178 -0.58075 1.44496
1.80577 -0.27435 0.13059 -0.78606 -0.42232 1.08911 -0.91357 -0.13166 1.26279 -1.69103
3.21164 -0.29166 -0.31849 -0.27086 -1.40681 0.54868 -2.33086 0.4329 0.58305 1.1495
3.98586 -0.89869 -1.69549 0.1916 -2.28144 -0.25053 -0.76142 -0.02014 1.09023 0.6577
4.20641 -1.89228 -0.88135 -1.35637 -0.80784 -0.31563 -2.61168 0.20765 1.218 1.08037
2.68597 -0.67519 -2.39786 1.47531 -2.14676 0.108 -0.81918 -0.37759 0.20769 0.06387
1.90453 1.65327 -2.45297 1.02197 -1.64247 0.67065 -1.92571 -1.6359 -1.61265 -1.04322
1.95681 1.40361 -3.6267 0.33188 -0.74977 0.77168 -2.18301 -2.76351 -1.18162 0.80021
1.90091 0.78187 -3.17369 -1.08035 -0.84033 0.90603 -0.78735 -0.00641 -0.42511 -1.23922
0.95599 0.12052 -4.65301 -1.57791 -2.19764 2.46239 -0.4123 -0.30592 0.56722 -2.4209
-0.05791 1.08077 -3.42751 -2.38713 -2.88521 -0.34926 -1.82011 -0.2376 0.02749 0.26246
-0.20315 0.72583 -2.9445 -2.99092 -2.54522 -0.74069 -0.20441 0.47616 0.00888 -0.5647
-1.73104 0.15665 -3.51565 -1.26913 -2.23066 -0.90077 0.30068 0.64165 -1.31617 -0.50132
-2.00839 -0.30835 -2.27152 -1.02324 -0.30385 0.38151 -2.36869 2.56475 -2.94357 0.02326
-2.01661 -1.92844 -1.68238 0.49614 2.14564 1.76925 -1.66862 1.16039 -1.87793 -0.95235
-3.02687 -0.74441 -1.99983 -0.31824 1.61047 0.38624 0.76655 1.06783 -3.53155 1.16903
-3.92587 0.7912 -2.88731 -0.6602 0.659 -1.35996 -0.47904 -0.04391 -2.06046 0.11912
-1.94413 -0.97113 -2.14313 0.20269 2.60278 0.37865 -1.18036 1.36229 -0.32278 2.59541
-0.45799 -0.25528 -2.4881 -0.08996 1.28316 0.51046 -0.90318 2.09333 -2.02652 0.28016
-1.80061 0.35359 -3.23723 -0.01882 -0.5288 -0.69509 2.50519 2.80905 -1.29152 1.15544
-0.60661 2.39219 -2.58273 1.23165 -2.65645 0.44638 1.7445 2.44924 -0.33388 1.62303
-0.96447 2.4739 -3.37328 3.46453 -0.45027 0.75745 0.02276 3.70457 -1.12613 -0.35529
0.23791 1.94252 -3.33973 0.25477 -0.42272 -0.41083 0.50936 2.79328 -1.29704 -0.87153
0.4891 1.60783 -2.36605 1.0626 1.03385 0.45425 -0.15615 1.82617 -0.37855 -1.50641
0.16865 1.5071 -1.87927 -1.69469 2.1605 -0.80942 -0.03328 3.33336 -1.32425 -0.92264
2.22746 2.06825 -0.35818 -0.37565 2.58354 -0.56393 0.83614 3.29305 -2.16762 -0.18907
1.34172 2.52534 -0.0562 -1.50538 2.09028 -0.09273 -0.8395 0.11051 -1.5562 1.06436
1.64691 2.76916 -0.07319 -0.83517 0.56926 -0.38097 -0.05862 -0.59856 -0.08172 3.11632
2.01698 1.87345 -0.68399 1.8708 0.70184 0.21355 1.01203 -0.69878 -1.24838 0.57293
1.72091 2.33875 0.25278 2.24457 3.15874 -0.11039 0.36068 0.81249 -1.20031 -0.79956
-0.39451 1.87968 -0.20127 0.19281 1.78012 1.05352 1.79576 0.42015 -0.8262 -0.08177
-1.49101 2.60838 -1.40211 -0.3552 1.59248 0.08992 0.8645 0.17605 0.17824 0.70405
-1.53214 2.57509 -2.00527 -0.63365 2.12844 -0.74957 0.5255 0.37044 0.28093 2.34866
-1.85058 1.51858 -1.12149 0.36216 1.45139 0.91904 2.15497 0.05421 -1.69928 0.81219
-1.93444 2.46432 -1.15845 0.34431 0.18794 -0.04233 1.30483 1.19731 -2.42084 0.8052
-2.47778 1.81788 -0.36646 -0.6282 -1.39715 -0.6296 -0.40698 2.40448 -1.8391 -0.42607
-3.33205 2.23524 -1.53909 -1.13226 -0.5194 0.05006 0.03183 1.7896 -0.33852 -0.36259
-5.23855 3.73329 -1.84025 0.1284 -1.27088 -1.37923 1.06337 2.91825 -0.26889 0.59104
-4.57757 4.84152 -2.93558 1.42711 -0.18607 -2.8479 0.14632 2.14017 0.67978 0.93682
-3.55587 4.37639 -3.04897 -0.15152 -1.75112 -0.56905 1.7447 1.46387 0.89098 -0.87602
-3.14201 5.30129 -2.43878 0.00636 -0.22688 -1.01007 -1.07755 0.54456 1.15952 -0.32886
-1.91858 4.70166 -2.82279 -0.0676 -0.33914 -1.77124 -0.28982 1.32702 1.35076 -0.75858
-2.12686 3.04757 -2.14315 -2.81804 0.25569 -1.08748 -0.83113 -0.08332 1.61066 0.11823
-2.17817 2.53171 -1.61766 -1.76371 0.20972 -1.91187 0.62479 -0.21912 2.07265 -0.70953
-1.0551 1.25934 -0.66287 -1.79828 0.67219 0.0264 -1.02916 0.48912 2.64554 -0.44488
-1.08573 0.23604 -0.80291 -0.60713 0.95852 0.00026 0.06662 1.34147 0.36208 1.12184
-0.68206 0.59649 2.02758 0.05713 -0.06518 -0.05948 -0.52873 2.36025 0.6152 0.41227
-1.8603 0.35131 3.70229 0.30097 -0.45706 -1.74992 0.84146 2.20902 -0.46893 -0.16172
-0.61597 0.75696 2.90047 -0.97064 -1.30003 0.04052 -0.07566 2.83091 -0.02708 -0.02619
-2.56415 0.53273 4.79632 -0.87988 1.24598 1.52335 -1.20828 2.10132 1.33403 -0.9888
-2.19946 1.35054 4.99401 0.63477 2.04689 -0.86032 1.35472 1.05092 -0.48744 -2.44231
-1.73489 1.50165 5.61098 0.20713 2.5208 0.77902 1.5787 -0.36934 -0.05942 -1.71229
-0.86022 3.13647 4.51228 0.79401 1.05449 -1.81146 -0.64951 0.77505 1.0955 0.94812
0.06216 3.60657 2.60335 -0.24629 1.88134 -0.58998 -1.01082 0.36869 0.76669 0.00262
0.35649 2.97759 2.90603 1.42159 0.75702 0.03618 0.79874 -0.64318 0.54476 1.14384
-0.19196 3.91611 3.10938 0.13544 0.87206 -2.25988 -1.87452 0.29733 0.9197 -0.403
0.80251 4.80218 3.61453 0.03362 -0.03518 -1.46608 0.10534 2.14889 -0.42474 -0.25307
0.67307 4.03475 4.17336 0.35829 -0.78268 1.45271 1.12527 1.11052 1.09211 0.80454
1.38401 5.95024 4.9877 1.23547 -3.53893 0.03417 -1.99145 -0.12801 0.83652 1.94819
0.63114 4.38592 5.63158 3.10386 -1.80953 -0.3782 -0.07361 0.96674 0.37035 1.15567
0.53579 4.41267 5.12625 0.26757 -0.52249 0.35222 -1.41778 0.585 -0.20377 1.66976
0.94749 3.51445 3.82228 0.73794 0.79636 -1.09433 1.4839 -0.09703 -0.79254 -0.22033
-1.13965 3.35881 2.95399 0.83415 0.52216 0.11436 -1.25043 1.55342 -0.08438 0.81427
0.1394 2.55733 2.12223 0.67751 -0.73408 0.09526 -1.83057 3.48936 0.7278 -0.4996
-0.91346 0.05305 2.43899 0.34743 0.60072 -0.55114 -0.88106 3.2343 0.25922 -1.16392
-1.65217 1.30678 1.13992 1.14585 1.257 -0.02022 -0.3195 2.54347 -0.07623 0.79354
-1.79527 2.49349 0.57544 1.96875 -0.48616 0.506 0.60501 0.51804 -1.41535 0.48673
-2.14639 3.55315 1.15801 3.07524 1.13937 -1.83731 -0.57178 0.68115 -1.24299 0.11359
-2.25064 5.8069 1.89583 0.68478 0.38974 1.0203 1.30688 0.28355 -0.44347 -0.99074
-4.23813 7.39912 2.4768 0.63273 2.39119 -2.09429 2.77456 1.45572 -0.08017 -0.74195
-4.58259 6.74929 1.32472 0.70043 2.28495 0.72944 -1.54898 1.80506 -0.7149 0.42103
-2.81921 7.0356 3.90058 0.5859 2.17008 -0.46153 -0.92633 2.21774 0.06702 1.79149
-3.17626 7.09329 3.83616 1.30897 1.72816 -0.63272 -0.05506 1.29225 -0.47461 1.69769
-3.73693 5.9925 3.14804 1.18263 1.58305 0.47184 -1.61725 1.59761 -0.59657 0.48099
-2.96256 4.63136 3.21825 1.84456 2.03411 -1.33475 -0.7438 0.26955 -0.95021 -0.51644
-3.52796 5.38646 1.82572 1.1059 -0.67101 -1.10598 1.4467 1.79931 -1.63337 0.69431
-1.9273 6.41796 2.35129 -1.12735 -0.98513 -1.42113 1.80079 0.83169 -1.02951 -0.15487
-1.60728 6.76082 1.1897 -0.60495 -0.75316 -0.19258 1.1743 0.60362 -2.27447 1.63764
-1.78001 5.13536 -0.18072 0.27716 -0.15985 -2.16734 1.79119 1.16787 -0.99348 -0.07859
-1.73107 4.99908 -0.50537 -0.60744 1.04471 0.34307 1.10678 0.15822 -1.39205 -1.15984
-1.89917 5.66723 0.41752 0.16403 1.13708 -1.95873 -0.37837 0.25824 -1.65359 -0.71322
-1.1614 3.4475 -1.4947 -1.27477 2.61019 -0.91162 -0.75676 1.46159 -0.94693 -1.77143
0.06398 1.56626 -3.28586 -0.79501 1.00242 -1.23948 1.44374 0.95721 -1.06949 0.99759
0.42529 2.5449 -3.18527 -1.58389 -0.08065 -2.2051 1.32522 -1.5657 -0.82148 0.54274
-1.86791 1.04144 -3.09641 0.20426 0.3678 -0.53686 1.63513 -1.61867 0.19994 -1.01729
-0.83089 -1.4157 -3.25156 -2.97371 -0.33018 -0.9915 0.06905 -1.34205 -0.2704 2.55706
-2.62791 -2.9444 -2.93919 -0.63682 0.26561 -1.83418 0.09835 0.02744 -0.199 -1.53679
-1.94777 -1.82066 -2.93008 -0.87008 -1.11268 -1.57943 1.45348 0.50264 1.61047 -1.09102
-1.25114 -0.16932 -3.91159 -1.72737 -0.7976 -0.1603 1.28045 -0.79346 0.49396 -0.10166
-1.36465 -0.42802 -3.86144 -3.51422 -1.75629 -0.10461 0.99856 -1.24816 0.25603 1.75773
-1.70241 -0.30865 -2.53851 -0.20973 -0.66489 0.74798 0.22219 -2.84202 -0.70513 0.26804
-0.82507 -0.49567 -2.72147 -0.15881 -2.91503 -0.87277 -0.56651 -1.82239 -0.26774 -0.74345
-1.36542 -1.70605 -1.8603 -2.46767 0.10738 -1.17446 -1.3661 -0.47257 -1.12403 -0.89094
-0.1686 -2.63847 -2.73287 -0.92863 -0.6153 -0.74858 0.3106 0.56534 -1.47041 0.52992
0.35196 -3.71269 -0.9945 -2.17116 -2.5123 0.68514 -1.64689 -0.94226 -0.75523 0.60359
0.31508 -5.34047 -1.7733 -2.54344 -2.48336 0.32083 -0.73365 -2.21672 -1.2622 1.25317
0.74748 -5.33668 -1.52155 0.36768 -1.35304 -1.33933 -2.29084 -3.45242 -0.98065 -0.48929
1.65276 -7.42992 -2.26525 -1.93953 -0.51117 -0.692 0.25607 -2.58049 -0.42707 -2.55867
2.3206 -7.7404 -3.27935 -2.82843 -1.71727 -0.53815 1.19121 -3.06704 0.60607 -1.66461
2.71611 -6.99906 -2.13911 -1.76822 -2.05939 0.53889 -0.60901 -0.12984 1.75706 -1.14096
2.70203 -7.90958 -1.402 -1.61364 -2.49034 0.05387 0.99707 -0.87606 0.26309 1.32903
2.93478 -7.34922 -1.96494 0.33193 -2.36307 1.30726 -0.09185 -1.88862 -0.36943 -1.47805
1.52278 -5.31806 -2.21171 -0.92982 -2.01801 0.50174 -0.72359 0.26361 0.0647 0.12068
2.08799 -3.88065 -1.33454 -0.67222 -1.47245 0.82853 -0.13393 0.13758 -0.0286 0.58659
0.59936 -4.0596 -1.40371 -0.2465 -0.30523 0.59676 1.00724 -0.27076 0.28972 -0.4256
