0.51972 1.68012 -2.20593 2.82092 1.55893 -1.52574 0.26359 -2.7632 -0.46449 -0.75582
-1.47609 1.12597 -2.64358 2.13482 1.056 -0.50392 -0.15013 -2.28521 1.49166 1.8238
-0.99879 1.63463 -3.22668 0.36501 -0.03685 -0.59972 -0.53676 -1.48281 0.46968 -0.63875
0.77635 0.93576 -2.87195 1.39799 0.07739 -0.19037 -0.70691 -3.09942 1.01754 1.21837
0.14066 1.52453 -2.30765 0.89879 1.1533 0.68405 -1.49231 -5.37237 -0.92518 -1.19098
-1.15507 -0.14907 -1.42804 -0.41147 1.14375 0.17358 -2.25268 -6.9896 1.46811 0.10245
-0.86218 -1.47543 -2.72686 -1.60937 -1.28835 0.21092 -1.87493 -5.07782 0.24668 -1.74714
-1.31835 -3.06385 -2.03592 -1.1497 -0.18131 0.26955 0.7405 -5.39342 -0.27816 -0.59167
-1.59434 -2.01928 -2.37815 -0.39783 -1.08905 1.1998 0.02563 -5.14973 0.84682 -0.8879
-2.53107 -3.28055 -2.77454 -0.03186 1.3857 -0.08461 1.98692 -4.89361 0.11737 0.05271
-1.08163 -3.04881 -2.83959 1.579 1.37347 -3.33265 2.37573 -4.69034 0.56151 1.72314
-1.55503 -3.88664 -3.41566 1.08223 -1.22599 -2.39301 0.30752 -4.43748 0.5894 0.64254
-3.17319 -3.25436 -3.70251 1.84367 -0.00298 -1.62572 -0.1761 -4.46363 1.18823 0.30898
-1.11568 -3.08678 -4.64456 0.13413 0.05808 -1.75365 0.80193 -3.71633 -2.3439 0.9699
-0.50512 -4.06084 -6.43353 -0.54578 -0.72561 -0.87503 -0.75234 -4.42339 -0.73808 0.50589
-0.58643 -4.60392 -6.74948 0.83242 0.35611 -1.11204 1.71264 -4.68441 0.02837 -0.35256
-2.33797 -3.8479 -6.35616 0.64512 0.11064 -2.66466 1.2789 -6.43415 0.68416 -0.41089
-1.16379 -3.66816 -6.41228 0.55612 0.19597 -2.34599 0.71758 -6.66191 -1.92459 -1.56691
0.58334 -3.35129 -6.86708 -0.06634 0.58125 -1.84856 -1.59994 -7.60473 0.93248 1.6679
1.18449 -2.83859 -6.03902 1.01382 -0.77289 -2.01677 -2.38454 -9.9379 -0.09743 -0.196
1.91887 -2.84376 -7.02297 0.92057 -0.33796 -3.35259 -0.60909 -10.88956 2.07135 0.12305
0.81361 -4.28589 -6.97465 -0.19099 1.27047 -5.29804 0.17889 -11.77908 0.23949 1.26873
1.08026 -6.08289 -7.84739 -1.55103 0.60193 -3.48211 1.28988 -12.31174 -0.25609 0.84285
-1.02943 -7.1466 -8.23987 -1.70988 -0.72985 -3.4548 0.90347 -11.41564 -0.56641 -0.50708
-1.6914 -10.10336 -6.78515 -3.45404 1.19519 -4.52509 -1.02507 -13.39991 1.19377 -0.79312
-1.92967 -9.75141 -6.44476 -3.19821 2.07367 -1.82495 -0.81497 -15.23346 -0.51534 -2.29191
-1.38625 -12.32181 -5.95043 -2.95893 -0.41869 -2.94507 0.84375 -13.56012 -0.15987 -0.62544
1.73571 -15.40961 -6.1249 -3.91271 -0.25402 -4.23458 1.17583 -13.31045 1.47309 0.67306
-0.1574 -16.84673 -5.56379 -2.25793 -0.74839 -3.46424 -0.82871 -13.69843 1.45491 0.13709
-1.58855 -14.91857 -3.88917 -1.79281 0.08991 -3.41464 -1.56655 -14.53379 -0.21748 -0.42408
0.77267 -14.98975 -3.94095 -2.25429 0.4696 -4.3987 -2.07979 -13.96978 0.95699 0.59278
1.27671 -16.21609 -3.38381 -1.19255 -0.63018 -3.41681 -1.12842 -12.48993 -1.6369 0.62957
-0.59351 -16.92137 -3.209 -1.98442 -1.40687 -4.75527 -2.09967 -13.17361 -0.09502 0.5561
-0.97747 -17.14613 -2.59181 -2.26952 2.35808 -3.58788 -3.59205 -12.59956 -0.25257 0.08983
-1.61217 -15.05666 -1.69374 -3.23713 0.98075 -3.24936 -0.86929 -10.99595 -0.46698 -0.7617
0.1965 -14.96727 -2.45299 -4.88671 0.42252 -3.10601 -2.12026 -10.91688 1.03233 1.33139
-0.50094 -14.77371 -1.80167 -3.61287 -1.218 -2.36208 -2.30352 -7.44526 -0.22954 -0.22495
-0.93916 -14.53205 -2.14738 -4.25699 1.10952 -3.51622 -3.23696 -6.05594 -0.16771 1.43867
-0.27909 -14.21233 -1.60371 -3.82062 0.93106 -1.25084 -3.74842 -5.68088 0.20994 1.01617
0.59529 -13.30301 -2.35476 -5.61063 0.36883 -0.37857 -2.11002 -6.3753 0.66577 1.01446
1.49166 -10.07291 -0.41704 -4.51859 0.76451 -1.27204 -1.74688 -6.04988 -1.56368 0.9099
1.21564 -8.34635 0.09579 -2.44274 -0.19586 -1.57276 -1.09994 -5.79733 -0.42829 -1.39577
0.27871 -8.61043 -0.82455 -2.93454 0.06329 -2.04704 0.0422 -4.20065 -0.11048 -0.90063
-0.3547 -9.25016 -0.70773 -2.67776 1.24234 -2.89541 -1.59541 -3.00402 0.15504 0.50143
-1.68868 -7.08821 0.57738 -1.99666 -0.11425 -3.8601 0.59202 -3.02909 -1.3325 1.24912
-1.34269 -7.63868 1.90505 -0.8765 -1.19343 -3.35656 -1.3031 -2.23959 0.60971 -0.79758
-1.54997 -6.6056 3.41803 -0.25843 -0.67025 -1.19902 -2.36457 -3.29566 0.37474 -1.15994
-2.3681 -3.98669 3.09186 -0.8012 -0.18149 -0.31629 -1.37307 -1.35189 1.02102 0.80346
-1.90613 -3.17629 0.39276 -1.4182 0.11144 1.70545 -0.80071 -1.16617 0.04304 -0.18948
-1.48435 -1.32723 -1.2294 -3.41759 0.5575 2.19675 -1.32411 0.09613 -3.28016 -0.56779
-1.84493 -1.50944 -0.05802 -3.14126 0.7847 1.08038 -0.5104 1.62593 1.07959 -1.23596
-3.17694 -1.73715 -0.42809 -1.0318 -0.14761 0.25295 1.31527 1.29332 0.9486 1.08175
-1.01002 -0.82491 -0.79163 1.50062 -0.30247 -0.09661 -0.8332 -0.1481 -1.16847 1.46582
1.39029 -0.63387 0.82178 1.70656 0.40267 -2.62109 -0.44581 -0.89063 -1.05737 -0.46632
2.14231 -2.71605 1.49655 2.01758 1.27206 -0.44265 -0.49124 -1.56805 0.02875 0.88643
1.25986 -3.92162 1.02966 0.99179 0.79254 -0.83079 -1.60901 0.00308 -0.60892 1.50301
0.05621 -4.13309 2.31233 -1.62287 -0.32211 -0.23006 -0.99142 -0.25697 1.08851 -0.12393
-3.10793 -3.77125 1.04577 -0.06702 -0.45431 1.95766 -1.2257 -0.84379 1.4834 -0.80682
-2.50166 -3.70763 1.3884 1.18617 -1.58628 1.49793 0.19849 -0.73532 0.55165 -0.7892
-3.33722 -3.26326 1.67733 1.3534 0.74101 2.35933 1.16906 -1.99242 0.77402 0.1678
-2.51345 -3.02919 3.00369 1.5714 0.46029 1.11303 -0.29467 -2.44265 -0.45068 -0.53907
-2.0796 -2.33959 1.50423 -0.29841 0.87123 1.25446 0.37441 -2.36332 0.50601 0.24287
-0.19551 -1.7478 -0.4785 -1.08826 -0.42499 0.52441 0.38319 -1.57914 -1.12363 2.04043
0.49996 -2.46904 -2.19772 -1.54641 0.11769 0.1213 -0.15169 -1.00897 1.00275 1.31411
0.20324 -0.03734 -3.82163 1.1778 -1.85185 1.62796 0.82778 -2.89716 0.93279 -0.5902
0.79808 -0.98934 -2.93893 1.00633 -0.83019 1.58573 0.41695 -3.05847 0.08061 -0.91023
-1.85973 -2.34487 -3.58372 1.20421 -0.32558 -0.43593 -1.10261 -3.22379 1.01137 -1.29409
-2.13256 -2.32089 -3.33867 1.92204 0.87748 -3.07452 0.39323 -3.94778 -0.03106 -0.96863
0.42638 -3.70911 -0.94458 0.40325 2.47827 -3.48849 0.13842 -3.91533 0.03388 -2.56647
-0.44495 -5.13522 -0.02956 -0.42985 1.23791 -3.27638 1.03664 -5.95691 -0.61222 0.9981
0.29304 -3.59296 -1.45451 0.33164 1.01623 -1.2533 1.20222 -5.35891 -0.82728 0.33723
-0.09759 -4.67734 -0.46225 -3.24438 0.69625 -2.34162 -0.57759 -4.5132 0.35411 -1.0052
0.27451 -5.17258 0.17679 -2.66408 1.73773 -1.29161 -0.49818 -5.22206 1.06075 -0.1047
-2.15948 -3.37224 -2.1872 -1.58911 -0.71436 0.32807 -0.11612 -5.29703 0.65413 0.15155
-0.66046 -5.22588 -3.09702 -1.15705 -2.38403 -1.48495 0.0094 -3.03226 -0.27258 0.75546
0.66972 -6.22936 -2.3751 -1.27205 0.91608 0.06052 -2.76493 -3.12561 0.05635 0.27191
0.42912 -6.56195 -0.03332 -0.72137 -0.40366 -2.0467 -2.60203 -3.15012 -2.06953 -0.76136
1.07004 -5.4395 -2.23646 -0.9971 -0.46717 -1.05549 -3.75934 -3.13626 0.69032 0.62996
1.87233 -5.3153 -2.31209 -0.79253 -0.06764 -0.77913 -0.21426 -4.22896 -0.39034 -1.71755
0.95437 -4.35068 -1.34869 -1.74901 0.82467 -0.93404 -0.13769 -3.72929 0.00597 -0.53597
1.38668 -3.81977 -0.827 -1.40841 0.28895 -1.32448 -1.65792 -3.45378 0.33618 -0.56515
-1.38495 -5.50593 0.19507 -0.7129 0.07891 -1.36762 -0.93464 -2.71314 1.5073 -0.19664
1.21597 -3.55062 1.02134 -2.27315 0.08292 -0.88843 0.08677 -3.78724 0.82173 -1.4003
-0.81811 -2.16605 2.98617 -2.32768 -0.5687 -1.69227 -0.05213 -3.37677 0.48165 -0.0149
-0.35626 -1.75816 3.76517 -0.65675 -0.35015 -0.76506 0.15507 -5.74725 0.15806 -0.60735
-0.58716 -2.19816 2.11057 -0.54489 2.57927 1.52418 -1.01532 -4.07081 0.51098 -1.13235
-1.82482 -3.42987 2.08338 -1.17314 -0.5583 0.12948 -0.08867 -3.53179 -1.42696 1.89514
-0.98439 -3.20967 2.31805 -1.42389 0.2928 -1.21875 -0.15273 -1.69984 0.38826 0.45823
-0.56781 -2.48627 1.31979 -2.16582 -0.00165 -0.06384 -0.17796 -1.41453 -0.26866 0.05977
-0.75416 -2.05047 -0.27329 -1.43366 0.40576 1.54765 0.75901 -0.61497 1.36632 0.28804
-0.93407 -0.35056 -1.10144 -1.15242 1.38407 1.17274 1.62813 0.23369 0.63834 -0.72373
-0.04434 -0.94227 -1.21223 -1.044 0.76449 0.44858 3.20011 -0.11741 -0.01364 1.20276
-1.09872 0.4033 -2.52724 0.59081 -1.02537 -1.57173 0.60735 -1.35 1.94659 -1.16681
0.57496 0.70162 -2.16556 1.45933 -0.58265 -2.62627 0.94047 -3.01853 -0.14303 -1.46
0.24341 1.35086 -0.8077 0.32263 -1.52382 -2.08375 1.56517 -3.3907 -0.45172 -0.19922
-1.05942 0.23888 -1.41793 0.15744 -1.87688 -2.1134 -0.44575 -3.84475 -1.4012 -0.99199
-1.42744 -1.3724 -3.12509 -1.0867 1.21166 -2.60074 0.64182 -4.45902 0.03892 -0.55199
0.43964 -1.85492 -1.9415 -1.77961 -0.26834 -2.7419 0.0633 -4.13232 -0.42133 -1.75396
0.04802 -2.87901 -1.64613 -2.34132 1.67498 -3.05646 -1.28641 -4.59214 1.20772 -0.1971
1.37943 -2.03972 -1.95781 -3.10297 -0.40276 -2.14687 -0.90707 -3.98571 -1.00608 0.25605
0.39232 -1.7177 -0.06365 -3.18747 -0.14667 -1.9663 -1.68223 -4.5053 1.28846 1.65065
-0.01906 -2.3952 0.8228 -0.9029 1.57005 -2.05009 -1.05069 -3.79637 1.68814 0.15288
-1.07958 -4.30025 0.69798 -2.61377 -0.20395 -1.28364 -2.74617 -2.28445 0.15102 1.41331
-1.27574 -6.34085 1.56661 -1.72453 -0.77804 -3.07065 -1.9988 -4.02534 -0.36059 -0.10807
-1.36118 -6.85866 1.11607 -1.69867 -1.74809 -2.27093 -1.57947 -3.59095 0.44786 0.53844
-0.36521 -7.86192 1.1179 -0.32145 -0.76425 -2.91067 -2.05149 -3.25766 0.8083 0.18327
0.10508 -6.56907 0.83834 0.48174 -0.03825 -1.12931 0.88367 -2.61064 -0.73971 1.2716
0.58416 -7.49386 0.53862 0.16887 0.77288 -1.12144 0.24391 -3.27528 -1.01724 1.50279
-1.32889 -7.04324 -0.87271 -1.4122 -1.17047 -0.99535 0.67665 -2.35826 -0.56223 -0.34795
-0.78556 -7.28778 -1.12469 -1.67375 -0.05299 -0.25962 -0.2281 -3.82619 1.44633 1.94527
-0.18119 -5.1509 -2.43358 -0.37884 1.58437 -1.6058 0.88249 -4.50786 -1.19949 0.01413
-2.79434 -4.35887 -3.63625 -1.04694 -0.98544 -1.09678 0.98375 -4.91475 1.00497 -0.69929
-1.003 -4.40051 -2.93278 -1.2205 -0.47013 -2.44449 1.54905 -5.60258 -0.72116 1.17625
-0.24036 -4.99964 -2.72968 -1.7509 1.31771 -3.5675 0.65741 -7.73464 0.49662 1.20447
0.34316 -4.98572 -3.29376 -0.7147 -0.26397 -3.99416 -2.1038 -7.8764 -0.02352 1.75843
2.15713 -5.50155 -4.72752 -0.78234 0.88279 -3.10306 -2.73249 -8.40767 -0.38249 -1.88339
2.08984 -6.37325 -5.5041 -1.34667 -0.08304 -4.74331 -2.09748 -7.53367 0.03351 -0.35896
1.687 -7.1578 -6.36721 -1.51388 1.57661 -4.3289 -2.87393 -9.79073 -0.33509 0.61358
0.00033 -8.18242 -4.36326 -1.16255 1.90999 -4.6631 -1.11186 -11.18384 -0.34324 1.39308
0.31791 -8.70189 -3.33534 -0.9667 0.34157 -3.51197 -2.44704 -11.94102 0.70322 0.52114
1.16038 -10.85924 -3.63247 -2.92147 -0.09875 -4.07628 -2.31614 -10.62514 1.14726 -0.89323
0.08605 -11.1524 -4.82027 -1.53562 0.01814 -3.2097 -1.5328 -9.9681 -0.34405 -0.51228
0.85449 -11.44683 -4.33706 -1.03874 -0.37629 -3.03451 -2.59495 -11.0891 -0.17596 -1.04753
-0.12744 -10.00106 -4.62446 0.06937 -2.09963 -1.89687 -1.99133 -10.43336 1.38309 -1.09375
-0.97947 -11.34836 -3.45934 -1.1166 2.46207 -2.72674 -1.10711 -8.76628 -1.38339 -0.61726
-0.24437 -12.57978 -3.37213 -2.00929 -0.16616 -2.42074 -0.7847 -10.8349 -1.25481 -1.27883
-1.07288 -13.87282 -3.22394 -2.40473 -0.10634 -4.77546 -2.24204 -14.14471 1.32928 1.30161
-0.03611 -14.04028 -2.30439 -1.60424 -0.12663 -3.21069 -1.4863 -13.34719 -0.16631 -0.31578
0.47319 -15.581 -2.59819 -0.50518 2.43593 -2.10447 -2.60756 -12.09079 0.79827 0.77914
0.87955 -16.95363 -1.93465 -2.38101 0.0093 -1.5387 -2.28252 -12.50371 1.68517 -0.97645
0.67563 -15.4504 -2.55044 -1.41201 -1.13326 -1.46813 -2.25067 -10.47024 -0.19717 -1.27477
-0.96649 -15.50151 -1.65315 -2.32359 -1.2344 -1.97478 -2.59902 -10.40243 0.75779 -1.22871
-0.55602 -13.58467 0.14876 -1.67531 -1.12308 -2.25115 -0.80288 -7.55871 -2.86009 -1.12417
-0.90719 -12.61362 1.47082 -2.11154 -1.72524 -1.43123 -1.92894 -7.84053 1.4909 0.53599
-0.02829 -10.59189 1.5089 -0.57226 -1.58485 1.04436 -2.29223 -7.71537 -0.31998 -0.43782
-0.07444 -9.96797 1.28031 -2.28528 1.06204 -0.62258 -0.79773 -6.50012 2.04129 -2.19085
0.66432 -10.87396 0.1221 -2.26144 0.32595 -1.86574 0.16653 -5.21061 -1.94487 1.16565
-0.65614 -9.29045 0.28323 -3.24386 1.16883 -0.2016 -1.30271 -3.33685 -0.03009 -0.07059
-0.37719 -8.24883 1.88559 -2.96946 0.31631 -0.74942 -0.99442 -1.48614 0.656 0.37344
2.32093 -8.13057 0.46108 -2.75743 1.13332 0.297 -2.22371 -0.18546 0.4274 -1.53041
1.67205 -5.78735 0.94165 -1.97444 1.24159 -2.78152 -0.155 -0.0836 0.62544 -0.51872
1.26968 -5.28462 2.59402 -1.32373 2.76331 -1.49917 -1.79903 0.95184 -0.58428 -0.99149
1.48261 -3.50796 1.98184 -1.89078 1.11129 0.10506 -0.07689 1.96569 -0.26776 2.04671
2.3095 -2.04146 3.98382 -1.42295 -0.95464 1.59758 -1.01851 2.94422 -0.89477 0.79692
0.31167 -1.84377 4.13546 -0.14182 -0.77752 0.75551 0.64562 2.15979 -0.65828 -0.19258
-0.38197 -0.72372 2.78749 3.03261 1.27246 3.34646 2.16335 2.46196 -0.29553 1.01613
-2.91129 -0.52008 2.94962 3.72504 -1.15148 1.89396 3.74643 3.96468 -0.09008 -0.44189
-1.30077 -0.70197 3.97276 2.81939 -0.09233 -0.28673 1.98348 4.69855 0.8176 1.08642
-3.00522 -0.6318 3.73468 3.25998 -0.4327 1.28237 0.66987 4.75735 0.61987 0.14629
1.0897 0.15218 3.89916 2.41445 0.29052 1.24322 1.37538 4.78572 -0.26426 -1.221
-0.10662 0.00382 0.55253 2.52019 0.01429 1.3307 -0.52729 4.04776 0.78326 -0.43742
0.09189 2.15138 -0.53085 3.88434 -2.45595 1.99488 0.67522 2.15669 -1.3639 -0.40292
1.01098 2.98212 -1.88388 0.67549 0.71434 1.4243 -0.16298 2.46647 2.59975 -1.6941
-0.61299 2.38988 -1.37368 2.36569 0.84247 0.26618 -1.02558 0.41901 -0.3471 -0.02289
-0.99408 2.59663 -0.607 1.83691 -3.91165 -0.63106 -1.93099 1.34588 0.39214 -0.34333
-0.47103 1.89971 1.40318 1.16931 0.68452 2.1104 -0.88278 1.65473 0.8992 0.61199
-1.11833 2.10836 0.47923 1.87408 0.57883 3.58123 -0.49836 -0.8167 -0.16415 0.2001
0.44411 1.93134 0.0084 1.89569 -0.79987 1.8919 1.70083 -0.66053 -1.59872 0.75403
0.09848 1.63427 1.17597 1.36708 -1.23101 2.86562 -2.27113 -1.04519 1.43075 -0.26496
0.13633 1.86025 1.37287 2.97226 -0.70054 2.07613 0.62071 -1.78547 -0.84168 1.09596
0.16087 2.45936 -0.03403 1.55767 -0.70668 2.34605 0.59324 -2.46156 -1.38487 0.54222
-0.06415 3.54175 0.01869 0.57406 1.01051 1.25656 -0.65495 -2.29434 -1.19274 -0.84624
-1.52069 1.21143 1.01439 1.22732 0.89635 2.09315 -1.74865 -3.23721 -0.54746 -0.99805
-0.2538 1.73952 1.84451 2.13287 1.07179 0.96968 -1.27447 -2.98722 0.05433 -1.55519
-1.40066 0.32804 2.3215 2.87508 -0.12257 1.38969 1.46938 -2.5073 2.34816 -0.4599
1.45724 0.10526 2.88384 3.947 1.39337 1.77406 1.58775 -1.52256 0.50475 0.05258
1.13467 -0.25978 1.88547 5.30838 -1.12331 2.19496 1.75787 -0.79839 -0.65525 -1.16595
2.16767 -0.8224 2.58546 2.27063 0.38979 0.8281 2.3609 -0.49864 0.63079 -0.87392
2.15051 0.76608 2.26423 2.7678 -0.77666 0.37645 0.95807 0.14047 -1.33585 -0.65344
0.45603 0.05379 2.37867 0.74877 -0.61515 1.06817 1.47161 2.31246 0.79941 -0.68863
-0.13571 0.34911 1.10473 0.80049 0.82198 0.54954 -0.38202 1.7239 0.76073 -0.0197
0.36571 2.2619 1.58552 -0.05307 0.27652 0.09594 3.29765 0.56246 -0.33751 0.90505
-0.31569 1.05085 0.94659 -1.24121 0.39807 0.68389 2.69927 -0.80301 1.05149 -1.11636
-1.37159 2.99639 2.61536 -0.31594 3.04318 0.24962 3.71333 -0.27219 -0.25107 0.77437
-2.15063 2.29071 1.9216 -0.1899 0.10914 0.94364 0.69087 -0.5743 0.60833 0.06461
-1.146 2.80335 2.30048 0.9491 1.34209 0.86928 0.89111 0.05048 -1.15019 -0.15036
1.43831 0.18205 0.15384 -1.79154 -0.49891 1.30116 -0.62998 1.95156 0.67263 0.0513
1.32022 -1.86057 1.08035 -0.51112 -1.78975 0.72525 1.21763 1.65988 -0.13155 0.57513
0.10884 -0.41685 1.00996 0.1294 0.75105 1.558 0.96194 2.98274 -0.09161 -0.37547
0.05867 1.04252 -0.21016 1.54781 1.52194 1.43274 0.80388 2.23506 -0.62712 -1.64053
1.68598 1.84572 0.1892 0.51296 2.32715 2.61286 0.76805 1.88925 -0.71454 -1.25722
-1.18532 4.92285 0.28017 0.25404 -0.63876 -0.72162 0.44498 1.40212 -0.27079 -1.73981
-0.34675 5.33182 2.38717 -0.45727 -0.59341 -2.11634 0.27055 -0.19318 0.57141 -0.05517
0.37074 5.02958 3.95464 0.88423 -2.65318 0.13882 -2.72241 0.06832 0.06354 0.41449
-0.08131 2.76392 3.23022 0.54557 -1.50794 -0.45991 -0.55124 -0.38641 0.07428 0.49775
-1.12451 0.5972 3.29786 0.56679 0.04728 0.66989 -2.55427 -0.06799 -0.10554 3.54059
1.99271 0.25011 3.34067 0.28926 -1.60317 0.37396 -1.3568 0.43154 0.36117 0.58021
1.04775 1.50434 1.38922 -0.57614 0.67991 2.12972 -1.04224 1.09563 -0.77498 0.83343
1.47488 1.01664 1.23911 0.96853 0.56568 0.74479 1.04265 0.25869 -1.11721 -0.71559
-0.1104 1.8415 1.87842 1.37822 1.06683 0.7224 -0.28053 1.38347 1.13205 -0.97617
-0.97459 0.89936 1.51067 1.78505 -0.24329 0.99336 -1.80034 2.92829 -0.52805 -1.24275
-0.16558 0.19248 0.40242 0.86328 -0.5547 3.40684 -0.26299 2.19055 0.21429 -0.67833
-1.84462 -0.48922 0.30441 1.90919 -0.06574 0.92841 -0.41612 2.02909 -0.20136 1.17283
-0.91091 -0.5926 2.55995 1.79077 0.0848 1.14518 0.31011 1.91616 1.70893 -0.06646
-2.89028 0.37334 3.92376 3.96615 0.40596 1.88378 0.4843 1.76795 -0.902 0.24317
-1.46696 0.37834 3.23673 1.00913 0.25278 1.62312 -0.76073 2.01265 0.79925 1.54053
-1.35319 1.82812 4.50259 2.0276 1.053 3.86471 0.3155 3.91628 0.69545 1.10177
-1.8739 2.67633 4.19172 1.27818 -0.3255 2.96679 0.42692 4.18396 -1.48809 1.08552
-1.13772 1.98714 3.58937 1.38946 0.07755 2.55927 1.83067 5.28116 -0.11172 0.42944
-1.10036 2.62838 2.08971 2.00587 2.25096 4.47594 -1.33469 5.60217 0.8589 0.92509
-1.98603 5.47352 0.39448 0.64842 0.24294 3.88459 1.42581 4.95097 0.06176 -0.05356
-2.49525 7.41542 1.82598 0.81566 0.01902 3.14903 1.93906 4.14104 0.16939 -0.13742
0.16705 5.0247 1.25743 2.21662 -0.16597 3.7744 0.86038 2.52363 -0.50423 -1.21798
-1.22205 5.42716 2.25861 2.03813 0.47458 3.56905 1.33123 2.25084 0.89848 -0.1759
0.11867 3.99913 2.13999 1.84763 -1.29391 1.92682 1.42374 2.1162 2.4446 0.88501
0.04234 3.60377 0.00035 3.13455 0.41838 0.22659 2.93577 1.59812 -0.09494 0.57758
0.19937 3.58933 0.82381 2.29133 0.44669 -0.42965 0.83896 0.06953 0.80958 -0.7572
-1.7548 3.17318 -0.92447 1.78216 0.56292 1.67183 -0.4659 1.75932 -0.77401 0.27264
-2.4381 2.93006 -0.53909 1.25132 1.14831 2.38797 -0.53189 1.21902 0.35477 0.45225
-2.26304 3.298 0.20199 2.92425 1.29619 2.02312 -1.00932 0.23961 0.69967 -1.36818
-0.40506 2.31701 -0.54145 4.11857 1.93311 1.23105 1.77436 -0.54011 -0.46723 -0.53755
1.34631 2.92886 -2.44034 4.35397 0.92726 0.96682 1.83322 -1.62001 -1.37569 -0.13251
1.90456 2.57339 -3.86162 2.04228 0.8326 0.84595 -0.77081 -3.1412 0.81928 -0.28332
0.19771 1.76635 -3.28562 2.70986 0.58659 0.8167 -0.3632 -4.24813 0.3692 1.39854
-1.87041 1.34349 -3.59545 1.85003 0.07746 -0.72679 -0.31773 -5.03558 1.42657 -0.84289
-0.28008 -0.00243 -3.13556 1.02407 0.9877 -0.74977 -0.89079 -4.1087 0.33096 -0.09244
1.09964 -2.27992 -0.23135 0.07134 0.59834 0.55237 -1.21658 -5.7448 -0.371 -0.01591
0.33206 -1.53449 0.2254 -2.55344 0.53785 2.06578 -1.32757 -6.32684 1.2184 1.88231
-0.29783 -3.20178 -1.38446 -0.71766 -1.41694 -0.08975 2.21291 -7.49209 -0.06071 0.90317
0.6258 -3.7389 -2.80405 -0.81485 -1.32575 0.08599 0.04651 -6.38902 0.8909 1.37418
-0.30666 -5.09876 -2.50742 0.2039 -1.0683 0.08616 0.39625 -7.10698 0.14066 1.07583
0.80327 -6.46437 -3.04747 -0.33234 -0.28194 0.35267 0.55114 -6.94808 0.8358 -2.38388
0.64066 -8.38598 -2.67171 -0.95339 0.50623 -2.49303 2.51074 -6.77537 0.99394 -0.5666
0.2484 -8.65724 -1.02997 0.45713 0.71832 -1.24828 0.96367 -8.17141 -0.60541 0.66166
0.77538 -7.15478 -0.20072 1.29154 1.12832 -1.178 0.30572 -7.78058 0.59599 -1.01739
0.69324 -7.68 0.14326 1.39948 1.16776 -0.61357 -0.24634 -7.23632 0.37664 -0.04051
-0.09683 -6.97213 -0.45039 -0.12341 -0.64084 -2.31863 -0.11206 -6.42198 -1.38214 1.39614
-0.35687 -6.78652 0.44601 0.5999 0.17638 -2.20956 -0.67401 -7.12565 -0.28448 2.72358
0.12667 -8.47499 1.51254 0.86499 1.07305 -1.46858 -1.47336 -6.30011 0.58922 1.05286
0.80728 -7.77701 3.40106 -0.42123 -2.04344 0.73996 -0.97807 -6.7141 -0.91544 -1.32629
1.91335 -6.78777 3.79862 -1.48037 -0.92824 2.17727 -2.11589 -7.19211 0.23824 -0.07581
1.49724 -6.08846 4.1252 0.12151 1.04136 1.92471 0.08596 -3.42107 0.99957 1.38193
-0.03176 -7.09624 3.49238 0.60012 1.28673 2.14658 1.38975 -2.28849 -0.67837 -1.5123
-0.895 -6.13572 4.21869 1.57977 1.72582 0.45652 1.85838 -1.69328 0.99564 0.74742
-0.45455 -4.43148 3.51965 -0.34549 1.96138 2.2358 1.40499 -1.54708 -2.02211 2.18438
-0.00762 -5.68378 4.49639 0.02524 0.48152 2.6963 0.34299 0.25523 -0.81844 -0.34611
-1.68806 -4.18186 3.79232 -0.9351 0.8168 2.06376 0.41712 0.21892 1.29329 -0.02753
0.26616 -2.85132 4.01615 2.12924 -0.82431 2.54711 0.74923 0.59928 -1.58515 -0.54135
2.04528 -2.7042 3.90793 2.46569 -1.30842 2.68416 2.00702 2.01673 1.42468 0.15136
0.14374 -2.68459 3.83208 2.1488 -1.1091 2.00906 -0.0253 2.17547 -0.32667 1.57175
0.7342 -3.24932 1.62408 2.91987 -0.68861 2.03941 1.22304 4.58631 -0.65804 -1.69342
0.09091 -1.25114 3.66985 1.75893 -0.72853 1.18889 2.54252 4.46577 0.31914 0.20963
-1.37702 -0.87436 4.79939 2.40221 -1.50235 2.24803 2.75436 3.73664 0.9553 -0.17469
-0.04886 0.47899 3.63914 2.39762 1.22972 3.33274 0.43544 3.69065 3.32017 0.67203
-0.9896 0.91616 3.15888 4.12102 -3.27399 1.27092 -0.54408 5.70488 -2.2677 0.01278
1.33945 2.99935 3.0686 1.17616 -0.68467 1.15199 -3.72992 6.95438 0.58954 0.0387
1.17132 4.70465 3.03262 2.58795 -1.84473 1.64321 0.29592 5.54623 -0.10034 1.34034
0.62623 5.98794 2.25574 1.06894 -1.61066 4.76167 -1.6246 6.99589 -0.61792 0.06879
-0.81691 7.00806 0.75898 1.0599 -0.88976 5.21771 1.33976 6.3754 1.23361 -0.96827
0.78831 8.36526 1.48686 2.30343 -0.4803 3.44954 2.25207 5.81019 3.39063 -1.19176
0.32983 8.0407 2.31554 2.81641 -0.9683 2.18146 3.58363 5.36437 -0.13797 0.58762
-0.32063 7.62496 2.57379 2.37254 1.13559 3.19665 2.70428 5.22261 -1.7164 -0.43307
0.37248 8.20391 0.15768 1.91814 1.43568 2.43145 2.61508 5.1142 -1.08601 -0.37085
-1.97547 8.43684 0.86694 2.29322 1.05116 0.71442 2.32219 5.09648 1.10396 0.21522
-0.0198 8.12173 0.35265 1.17784 0.71016 2.16918 0.51225 5.08011 -1.28966 -0.00455
0.92292 7.71043 1.81852 1.27853 1.77555 3.24146 1.02476 5.60088 0.25526 -1.664
-2.03188 7.4663 1.62391 1.80475 -0.08421 3.84206 0.62346 4.98349 -1.83806 0.79254
-1.21033 6.84662 0.71824 1.38837 0.08232 3.84728 -0.6492 5.7575 1.02666 1.37268
-1.28075 8.02647 -0.12166 1.80057 -0.26879 3.31109 0.08522 6.27972 0.04552 1.18466
-0.59791 7.96957 1.26875 2.74962 -0.04302 1.52632 0.86691 5.99568 -1.26145 1.54422
-1.35381 7.24356 0.57681 3.06259 -0.09733 1.40438 -1.19572 5.56594 -0.26249 0.60518
-1.50045 6.39575 -1.17526 3.62327 -1.56057 0.38342 -0.93686 4.43676 0.36576 1.05791
-2.18203 9.07295 -1.30416 0.29128 0.54123 1.22309 0.70629 5.3568 0.51293 1.34
-0.68666 8.5182 -1.28718 -0.16539 0.53114 0.60987 0.65251 3.77723 3.10821 0.5387
-1.59138 8.99645 0.08824 1.93351 0.9542 0.26672 -0.58507 2.21003 -1.23403 -0.87476
0.01963 7.12106 -0.34091 3.10531 0.49599 1.19131 -1.06251 0.11983 -1.58729 0.86876
0.77421 7.49759 -0.30026 2.6788 -1.16523 1.5452 -1.35977 1.56059 0.353 0.99149
0.48832 6.47893 -0.79154 0.81095 -0.94699 0.14269 0.46091 0.52062 -0.93668 -1.01816
2.30358 5.76415 0.27726 0.23666 -0.59553 -0.80359 1.25973 0.24467 -1.98017 -1.58725
-0.00092 5.02929 0.77322 0.96066 -1.22825 1.08395 -0.08568 0.35536 -1.21829 -0.92456
1.13306 4.3387 -1.52482 -0.3725 1.72105 3.08387 0.21914 1.68047 -0.60169 -0.48028
-1.188 3.40707 -2.74866 0.05313 -0.08157 2.65043 -1.13998 2.07453 0.45607 1.86348
-1.15198 2.49955 -3.64689 -0.16585 -0.08267 2.55878 -0.80985 1.60478 0.50696 0.90208
-0.31601 3.53917 -3.78816 1.61386 -0.23743 0.26316 -0.24547 -0.09622 -0.89245 0.25274
0.00049 0.98006 -3.55481 2.18335 -1.36257 -1.35142 0.93767 -0.48867 -0.65412 1.43284
-1.07426 1.09944 -3.79214 2.50161 -0.90279 -0.55649 -0.79781 -1.12879 0.33318 0.97867
-1.55983 0.61341 -4.77595 3.11064 -0.66955 0.55365 0.86523 -1.34063 0.66009 -0.43837
0.8585 -0.36653 -5.1096 2.15592 0.34767 -0.77426 0.90267 -2.45927 -0.14463 -0.46591
1.80995 -1.30188 -4.86551 1.42414 2.43978 -0.6116 -0.55032 -3.19112 2.16611 -0.5867
-0.01779 0.22588 -3.23679 1.88859 1.68761 -1.55312 -0.05494 -2.87252 -0.57424 -0.93117
-0.51086 0.11072 -3.46154 -0.3998 1.41535 -1.48671 -0.69752 -2.95791 2.11356 -0.20495
1.44698 -0.13917 -3.04958 1.16898 -0.04603 -0.5134 0.04173 -3.62834 -0.96777 -0.61999
2.22852 -0.28637 -1.48652 -0.8995 0.05037 -0.33107 -1.43522 -5.32095 -0.28259 -0.57454
0.38923 -0.03515 -1.92692 -2.41819 1.88577 -1.65016 -2.24357 -6.70546 0.01574 -1.16037
-0.7028 -2.43161 -2.96182 -2.09637 0.4808 -0.0598 -0.56603 -6.14471 1.66463 -1.64
-0.62394 -3.64106 -0.91736 0.1414 0.73754 -1.1018 -1.33235 -4.88165 -0.26105 -0.92329
0.07269 -3.84069 0.85232 -0.226 1.6017 -0.81302 -1.11718 -5.34667 -1.63387 0.2324
0.4215 -5.01368 2.22588 0.47657 -1.03914 -2.92822 -2.76038 -5.66785 -0.20272 1.4483
0.04688 -4.28005 1.92239 -0.93547 -1.57554 -2.24732 -1.29008 -4.46102 -1.29432 -1.50098
1.24071 -5.25838 2.12062 0.50901 -1.18871 -0.88622 -0.79735 -4.02354 1.28707 0.93851
0.17392 -4.08041 3.14062 -1.82107 1.10872 0.14134 -0.74007 -2.76168 -0.59974 0.43836
-0.31214 -4.94646 3.46364 -3.68972 0.02674 3.52193 -1.39089 -2.75252 -0.43929 0.3038
-0.50154 -7.08728 2.96765 -1.44029 0.95568 2.46143 0.3395 -0.86073 1.05713 1.20303
0.88222 -5.68319 2.34485 -1.71847 0.18549 3.86882 1.17826 -1.28165 0.64759 1.04999
0.20836 -5.00608 2.21435 0.44349 1.03524 3.95236 -1.34188 -2.45911 -0.84991 1.3626
-0.6866 -4.58585 1.02288 2.45978 0.9193 3.34988 1.24333 -1.51405 -0.91201 1.1737
-0.37557 -1.88077 1.875 3.74219 -0.67328 1.05569 1.26524 1.77828 0.48219 1.06109
-1.06195 -2.69937 2.28811 4.30159 -0.72039 1.78357 0.19292 1.91897 -0.91818 0.97551
-0.61579 -2.2244 1.54381 2.49141 -1.04874 -0.60648 -0.55097 2.35842 0.02914 0.28132
-1.05218 0.00078 0.51233 2.45475 -0.79929 -0.5896 0.47522 4.85284 -0.90265 -0.94898
