-6.80643 -0.78175 0.89056 1.43162 -1.85595 0.03011 -0.39941 -0.36888 -4.4348 -0.11948
-5.80642 0.6284 1.90272 0.33813 -2.1672 -1.18579 -0.60482 2.46513 -3.22885 1.0934
-4.04688 -1.00895 1.85681 0.92147 -2.41011 -0.68401 -0.46077 1.99863 -3.29078 1.4131
-5.00626 -1.85621 -0.16082 0.11153 0.97761 -0.38067 1.37458 0.87907 -3.46194 0.90189
-4.09263 -1.83486 -1.42837 -2.036 0.16942 0.94204 0.91678 0.85509 -1.00762 1.16038
-3.84427 -1.18335 -1.49524 -1.33838 -1.6639 0.98626 0.03484 0.20791 1.82633 -0.74268
-3.81665 -1.5229 0.52364 0.88208 0.63275 1.44399 -0.18695 -0.62008 1.62843 -1.1682
-2.8345 -0.43047 0.06025 -1.12214 0.35869 1.74213 -0.31789 -1.85353 2.57714 -2.08165
-1.31251 -1.71783 -1.51751 -1.60804 0.78973 2.2495 -0.05905 -1.07235 1.80579 -0.36844
-1.60158 -0.84045 0.37937 -0.16649 0.71282 1.64886 0.8343 -1.18023 1.04435 -0.76318
-3.54322 -2.96953 1.16146 0.31207 -0.91992 0.55716 -0.27926 -1.58852 0.76805 -1.9151
-3.85782 -1.92872 0.08568 -2.21289 -2.06012 0.52157 -0.64788 0.485 0.55752 0.0048
-3.83393 -2.42946 -1.32914 0.11116 0.87353 1.07082 0.16346 1.61843 -1.28407 1.24544
-3.57189 -3.07244 -0.25373 -0.28135 -0.14686 0.78036 0.93778 1.16822 -1.39093 -0.56994
-1.20132 -2.76177 0.72111 -1.13421 -2.91536 1.0628 0.93933 1.12508 -3.7849 0.54301
-1.27745 -2.9848 1.21559 -2.47728 1.02918 1.54019 0.93911 1.17059 -4.0511 -1.40974
-0.33831 -3.56379 -1.23194 -0.30195 -2.76442 1.32772 0.43357 1.26767 -3.6275 -0.9982
-0.51511 -2.68331 0.36864 0.69007 -2.26923 1.2693 -0.36921 0.05582 -3.86801 -0.51068
0.12147 -2.2822 0.65135 -1.51093 -0.16671 1.22886 -0.90452 -0.56117 -4.10365 -0.04984
-0.45863 -0.7312 0.21992 -0.14181 -1.467 0.98564 -1.62638 1.48247 -5.08934 -1.2215
0.67385 1.44911 -1.09788 -1.30737 -1.37956 0.70135 -2.14604 0.79654 -5.30691 -1.08617
-1.88623 0.95277 0.80038 -1.01184 -2.24392 -0.43416 -0.90291 0.96476 -6.69993 0.46168
-2.9785 0.48595 -0.00538 0.2194 -3.52086 -1.74266 -0.49749 0.14623 -9.04803 1.4175
-1.72785 1.5514 -0.91817 0.08063 -3.52737 -1.77427 0.67151 -0.10678 -9.36031 2.14852
-2.66073 3.17131 -0.40287 0.67489 -3.75685 -1.10231 0.07697 -0.7316 -7.64391 2.06395
-2.21348 2.5496 0.13145 0.61386 -1.07641 -2.65746 0.69175 0.968 -6.50609 -1.1495
0.3474 3.30408 1.1328 -0.13771 -2.88344 -2.29078 -0.47435 1.26371 -4.55613 0.02914
-0.1216 2.76199 -0.88224 -0.02004 -1.48786 -1.37541 -0.72116 0.16217 -2.45285 -0.63846
0.53379 3.81075 -0.53559 1.86683 -1.6262 0.36239 0.5802 0.02145 -1.15803 0.28651
1.01015 1.87266 -1.29575 0.27642 -1.41611 -1.6934 0.69287 -0.56212 0.29675 -0.45748
0.80012 -0.39606 0.35559 1.29338 0.52195 -1.6405 1.23939 -0.48403 0.10148 1.9587
2.12819 -0.45633 1.63966 0.66241 1.29639 0.03803 0.09809 -0.09501 0.57695 1.93572
1.42042 -0.68212 0.4877 1.13546 0.21585 0.54288 1.37399 0.55189 1.93951 3.15108
1.1077 -1.16504 -0.35404 1.9501 -1.82226 0.5288 1.36607 0.04068 3.51124 0.45383
1.17674 -0.06508 -0.13679 0.4921 -0.95031 0.02966 0.20416 1.58884 3.15001 1.31938
2.54552 0.1711 -0.83172 0.85447 -0.06291 0.46082 1.71063 0.78863 2.65581 -0.41804
0.08357 0.3758 -1.36874 0.65511 0.40518 0.9757 1.65486 1.11092 2.65645 -0.0068
1.09085 0.52211 -2.41363 0.80866 0.83767 0.87784 0.79984 0.75457 2.58521 0.19448
2.63466 1.01533 0.25749 1.00603 0.81188 -0.03959 -0.90707 0.23994 4.534 0.83919
2.74348 1.67509 1.44323 0.95723 2.13231 -0.07017 -0.71839 1.60487 4.60553 1.50546
0.66455 2.36799 -0.27009 0.85576 0.23811 -0.66351 -1.11684 1.98941 5.74597 0.12165
-0.76447 2.31576 1.03726 1.84685 2.28379 -1.87842 -0.93348 1.5928 6.56842 0.80098
-0.48247 0.5147 0.84163 0.21286 1.35823 -2.08952 -2.35048 0.66226 5.71763 1.36239
-0.65228 0.62165 1.03301 -0.0938 2.2758 -1.7396 -0.95048 1.02011 3.81136 1.26311
-0.71765 0.47899 -0.42606 0.34694 2.46826 -2.12569 2.16144 1.02696 5.07972 0.94194
0.01681 0.75395 -0.97987 0.84626 0.71281 -1.40291 1.01959 -0.1542 5.54613 -0.91605
-0.06533 3.13615 -1.13155 0.69332 0.80615 -1.28111 0.81571 1.23272 5.50675 -0.39163
0.78693 3.43408 -0.30653 -0.66285 2.16086 -3.56848 0.4955 0.97087 6.01819 0.22056
1.25231 4.50999 1.6985 0.70441 3.72503 -2.67063 0.18658 0.76966 6.64609 -0.25417
0.96622 2.67708 0.08118 1.88198 3.56216 -2.86984 0.30079 1.70014 8.81028 -1.10331
0.95119 0.45837 -0.55206 2.36627 3.35373 -3.69583 -1.28659 1.79926 9.86409 -0.0354
1.21941 -0.75858 1.15729 0.7944 4.77153 -1.59294 -1.23102 1.0579 9.96971 1.63849
-0.06313 0.36187 1.15271 0.63873 4.33404 -1.87975 -0.11171 -0.49897 11.20029 -0.06991
-0.1816 0.84753 0.47133 0.68268 2.11162 -2.21244 -2.50378 0.70473 10.6505 -0.70663
0.51394 -0.1601 1.67949 1.35361 3.84723 -2.45952 -3.00899 0.86894 10.01131 -1.52055
0.47691 -1.7157 0.13523 0.22033 4.54358 -0.56456 -2.33509 0.57039 8.62061 3.58457
0.35999 0.53785 1.36281 0.55466 3.96336 -1.42061 -1.35118 1.88357 8.20233 4.20092
-1.13206 -0.86908 0.8986 -0.42418 3.58077 0.23625 -1.87591 0.85073 8.64523 3.17655
0.51583 -1.14862 -0.3597 -3.15999 5.259 0.45987 -0.61512 1.96392 8.57106 2.83093
2.25978 -2.55599 -1.28446 -2.48309 4.96386 -1.02317 0.18195 0.24549 5.73675 3.24408
3.98234 -1.38955 -1.38351 -1.65682 5.18663 -1.85377 -0.24477 0.27807 5.40775 1.75168
2.97535 -1.50322 -0.46054 -0.97747 3.18506 -2.23162 -0.59539 0.7238 5.37563 -0.85453
3.58862 -1.43086 1.06156 -0.91553 2.04265 -2.10798 -0.23961 -0.53584 5.63702 -2.59321
2.29905 -0.57236 -1.25749 0.44877 3.44206 -3.12325 -0.0433 0.72675 3.48445 -1.35279
1.95029 -0.04439 -0.79483 -0.91795 2.83159 -1.4626 -0.91919 0.98645 4.23053 -2.24353
1.47709 1.67657 -1.39528 -1.42304 -0.39094 0.08134 -1.43247 -2.00743 2.05244 -1.51297
3.06771 0.90151 -0.51981 -0.58587 0.07104 0.11311 -1.37563 -1.68371 0.41795 -1.73227
1.68952 0.65472 -1.2392 2.00807 0.92452 -0.78736 -0.32224 -2.6396 0.41686 -1.79345
1.70538 -0.00752 -1.6612 1.67858 3.09275 -0.79189 0.13975 -1.45876 0.00286 -0.58901
1.45031 -0.08015 0.90893 0.32578 0.97934 -1.36998 2.50936 0.09745 -0.77199 0.16031
0.94457 -0.88539 0.34325 0.36272 0.32963 0.34375 0.2778 -0.77012 -0.98986 0.72765
1.36203 -1.77556 1.1298 0.05484 1.05762 0.04521 0.08319 -0.99078 -1.94783 0.28726
-0.59954 -1.93722 1.12246 0.06452 -0.45727 0.7765 0.50181 -1.62849 -4.42465 -1.29318
-0.88942 -1.7328 -0.3667 0.73296 0.41137 1.87087 0.9959 -1.65279 -4.92505 0.85897
-0.66239 -1.4092 -0.28157 0.12669 0.17693 0.75522 -0.62496 0.61234 -2.74377 0.53521
2.08421 -1.43926 0.40594 -0.58301 -2.38316 0.05682 0.99637 1.48916 -3.53151 0.20284
0.24479 -0.3048 -0.97825 -0.36415 -1.86399 2.06372 0.77263 0.41632 -3.84679 -0.24869
0.73746 1.51536 0.48346 -2.00509 -2.14795 -0.11878 1.38377 1.27184 -4.82829 -0.75254
1.40935 0.58528 -0.0051 -1.42717 -1.47668 1.16387 -0.36345 -0.40527 -5.12754 0.79262
1.00037 -0.52058 3.16286 -1.27034 -2.63332 0.458 -0.13532 -0.2358 -5.09946 -1.1775
0.14869 -2.40106 1.81334 0.31502 -3.62828 1.64779 -2.11373 0.83725 -4.55669 0.00389
1.5085 -2.0387 -1.53702 1.50417 -1.21666 2.06548 -0.32615 1.08972 -5.35166 -0.58704
1.43078 -0.12066 -0.77804 1.31609 -2.86966 1.57241 -1.06232 -0.84969 -2.93444 -1.65225
1.22995 -1.09672 -1.38046 -0.11211 -3.1305 2.61226 0.16839 -2.03778 -4.07802 -1.52682
0.38126 -2.16753 2.11887 -1.2602 -1.60894 2.88398 -0.09513 -0.77514 -2.77463 0.1876
1.02142 -1.29794 1.73846 -0.48932 -1.28148 2.00237 -1.0934 -0.09233 -3.38357 -0.24155
-0.89753 -2.41865 1.79332 1.20973 -3.06856 2.77028 -0.61757 -0.34663 -5.18307 1.70609
-3.39693 -0.51815 -0.64724 0.65721 -3.67785 1.26112 -2.33434 -0.96641 -6.11059 2.01292
-3.03467 1.92413 1.62689 0.40112 -2.57297 2.08521 -2.86569 -1.97649 -6.39105 1.24545
-2.94457 1.98932 -0.75765 0.43294 -3.8385 3.40351 -2.01574 0.2467 -7.09341 2.28783
-5.51224 1.56099 1.17999 -1.83259 -1.90367 2.24318 0.17786 0.6123 -7.18122 2.44635
-4.57755 1.72764 1.96539 -1.83736 -3.39893 2.80843 -0.33515 -0.15155 -7.10428 0.45829
-3.96241 2.24161 -0.66972 0.5476 -3.12953 2.94652 -1.16991 2.07035 -6.28943 -0.33576
-3.19389 1.24082 -0.76448 -0.82611 -2.86163 1.10371 -1.18186 1.95743 -5.49514 -0.20091
-3.41258 2.05207 -1.12899 0.89801 -4.63644 0.67052 0.50616 2.03204 -4.76695 0.68879
0.71488 1.47677 -0.06605 1.07376 -3.49106 1.2762 1.45355 1.03424 -4.47325 0.98312
0.28724 0.13667 0.48958 -1.09128 -3.72889 1.94195 0.42735 0.82178 -2.69793 -0.64505
-0.53202 0.36477 1.87726 -0.73941 -3.03343 -0.02062 -0.02073 0.17904 -1.1449 -0.02192
2.24493 -1.64421 -0.47621 -0.42734 -2.93766 1.24331 -0.98066 1.06198 0.19408 -1.64345
2.12162 -1.03206 -2.12375 -1.37822 -0.68936 2.12676 -0.81552 1.51888 0.64159 -2.76556
2.60263 -1.62698 -1.17505 -0.12901 -1.5092 2.25759 -0.25977 0.626 -0.24842 -0.99132
2.04765 -2.33673 -0.10698 -0.80862 -1.02286 1.96382 -1.16248 0.64333 0.99961 -3.23688
2.30151 -1.84444 -1.51384 -0.92052 -0.66137 1.39969 -0.85275 0.82095 -0.39162 -1.42759
1.11017 -2.59513 -0.846 -1.53417 -0.00033 1.70296 0.68112 1.96414 -0.12674 -0.4556
1.86134 -1.60982 0.20472 -1.94411 1.06305 -0.49315 1.1368 2.23205 -0.73325 -1.17336
2.54448 -0.47605 0.17693 -0.92408 2.42046 -0.82137 -0.42535 1.50568 -0.82145 -1.32608
3.38805 0.06304 -2.27686 0.21184 0.71339 -0.38221 -1.6347 -0.63053 -1.12195 -2.31556
4.89006 -0.80658 -1.10934 0.29754 1.25718 -1.10417 -1.19564 0.10384 -2.90089 -2.26941
4.50925 -0.78711 1.38227 -0.99379 1.29464 -2.01145 -0.95547 -0.06252 -2.49118 -1.89506
4.28403 -0.36754 0.62731 1.45971 -2.23969 -1.18258 -2.0751 -0.18788 -2.26359 0.26069
4.13134 -0.24893 -0.69118 1.73989 -2.76428 0.14043 -1.60958 -0.85184 -4.36197 0.69753
3.83214 -0.62166 -0.74172 -1.50155 1.40246 0.01444 -0.87668 -1.78202 -4.69572 -0.15213
3.85196 -0.45481 -1.48348 0.2338 -1.05802 1.62435 0.51359 0.03058 -4.00515 -0.61868
3.58719 -0.54191 2.73441 0.31488 -1.53221 0.26128 2.0347 0.91224 -2.13853 -0.75686
3.85499 -0.33512 2.03924 -1.7207 -0.03737 1.2761 1.18559 0.51468 -0.34417 -0.0837
2.27316 -0.61578 0.99686 -1.21199 0.04568 1.25914 -0.53049 0.76752 -0.84505 0.72944
3.26112 -0.66455 -1.11066 0.84709 0.40812 2.12556 1.09798 0.70957 -0.19222 0.50626
2.95006 1.6166 0.46822 -0.16762 -1.6828 0.96142 0.79394 -2.17718 0.88709 0.86288
3.44462 1.79012 0.34908 -0.51786 -0.42418 1.90241 0.72714 -2.39637 0.2612 3.5286
4.22243 2.28122 -0.98167 0.03939 0.45908 0.22652 1.6431 -0.49383 -0.59377 2.92361
3.82646 1.73067 -1.66584 0.54749 0.82582 -0.66072 0.3857 -0.17844 -1.04895 2.64083
1.07121 -0.74407 -1.22378 0.19593 1.26715 -1.32039 0.06297 1.5818 -2.2744 0.45001
2.57659 -0.41508 0.71461 0.10754 0.1978 0.87564 0.38304 1.03588 -3.83719 0.3737
3.71787 0.0186 0.39563 0.98218 -0.35184 1.5339 -0.16423 0.21407 -3.57229 1.61653
4.92313 -2.03154 -0.26201 0.05409 -0.66054 1.67843 1.07784 0.39844 -2.66039 0.69629
4.46659 -1.39629 0.83088 0.17251 -0.06363 1.74989 -0.55736 -0.74579 -2.01073 -0.09915
4.96998 -3.03058 0.96776 0.47301 -0.26102 1.8573 -0.66533 -0.35697 -3.6778 0.29299
3.89671 -1.31121 -0.17762 -0.15471 -0.56728 1.48212 0.35741 -1.61871 -3.96213 -1.67663
2.94428 -1.5382 1.89024 -1.90726 -1.12295 0.88596 0.43847 -0.87945 -2.80059 0.59224
2.45335 -0.17828 0.41405 -1.02559 -2.43318 1.22917 1.30223 0.11987 -2.70341 1.06549
1.00047 -0.24646 0.85032 -0.75052 -1.40601 1.31042 0.2458 0.1747 -3.70378 -0.96663
0.92882 -1.22695 -1.76861 -0.06783 -1.2956 0.97579 -0.58957 1.61205 -4.81033 -0.22168
1.19565 -0.47493 -0.64041 -0.72486 -0.7483 -0.51787 -1.6941 3.45125 -6.08577 -0.09233
-0.23369 0.51565 0.55641 -2.29373 -1.29045 -0.1985 -0.92537 4.27231 -6.1632 -0.52275
0.97066 1.41676 0.25345 1.31354 -2.68759 -0.04665 0.24809 1.60989 -5.5531 0.09005
2.54987 3.16479 0.16311 -0.44069 -3.68444 2.39986 -1.07621 1.65745 -6.23378 -0.01674
1.27101 1.87282 -1.12626 -0.86733 -3.63115 1.53085 -1.9081 -0.15942 -7.61726 1.11225
1.9686 3.47525 -1.84262 -1.72995 -4.16843 -0.77714 0.97431 -0.36412 -4.80164 -1.07757
1.2462 4.56908 -2.23936 -1.07077 -3.50889 -1.57598 2.90391 -2.4412 -3.10079 -1.10436
0.87541 4.3939 -1.26927 1.79316 -1.55129 -3.31253 2.15773 -1.53429 -2.35303 -0.57288
0.31023 4.79677 0.37174 1.18059 -1.60144 -3.45831 3.12074 -1.26212 -2.62098 0.8382
0.04754 4.02683 -0.50667 -0.04508 -1.56992 -2.40001 1.15046 0.15987 0.60583 1.15725
-1.40405 3.63755 -0.32718 1.69786 -1.45099 -1.51743 -0.86236 1.85232 1.32108 0.42957
-0.8764 3.92678 -0.04746 1.91068 -1.70203 -1.58987 -1.19652 2.25183 0.16345 1.77064
0.66955 4.3207 -1.22284 1.65399 0.67816 -3.23993 0.79762 2.27934 -1.53715 1.48783
0.87922 2.58108 -0.74314 0.81502 0.34861 -2.14241 0.08458 0.80611 -0.88909 0.60539
1.09061 2.5656 1.38751 3.39872 0.69047 -1.84685 -1.87792 2.13812 0.86091 1.11723
2.14333 3.36774 1.25924 3.93726 -1.73287 -1.67624 -1.68975 2.49484 1.79352 0.31697
0.78823 1.62616 1.10939 0.23909 -0.40016 0.21851 -2.53436 1.99306 4.40348 1.33949
0.69012 2.52664 0.04406 1.1332 1.49009 1.35608 -3.05113 0.7333 4.58074 0.77475
0.62399 2.02525 0.60487 -1.78038 2.22983 1.60887 -2.25945 -1.16645 6.72208 0.52425
4.38858 1.99261 0.05107 -0.09309 2.82186 1.89022 -0.95004 -0.64303 7.2171 0.52429
3.24018 1.39449 1.65759 -0.50912 3.6712 0.85742 1.07472 -1.27484 6.15813 -2.58291
2.31151 -0.8538 0.70985 -0.86572 0.985 0.36485 0.82483 -1.35769 7.2821 0.87004
0.48215 -2.0107 -0.43287 -0.7993 3.12087 0.45491 1.31871 1.13727 7.788 0.57213
-0.55926 -1.65338 2.67284 -1.29728 5.54345 -0.66927 1.67186 -0.68788 7.07231 0.16127
-1.93352 -2.72666 1.14425 -1.47779 3.807 -0.22905 0.90676 0.06137 5.6133 -2.03499
-1.39711 -1.91846 1.92973 -0.01721 2.96464 0.86867 -2.18488 1.35128 5.48127 -0.6722
-2.40339 -1.51699 0.54242 -0.92339 2.66114 2.23053 -2.13758 2.2033 4.75559 -1.14036
-0.89018 -2.73053 -0.58312 1.14916 3.06518 2.69464 -1.33008 0.17624 2.7919 -2.58301
-1.15642 -2.65237 -0.86493 0.94887 2.2281 1.54973 -1.76891 0.53791 1.09907 -0.23696
-1.02997 -2.62387 0.48815 -0.39282 -0.09451 1.3177 -1.66492 -0.25369 2.31669 1.47939
-1.21296 -1.3035 -0.01124 -0.33045 1.92819 0.79977 0.87223 -1.28465 1.72402 2.14545
-1.91668 -2.48483 -0.33279 -0.17592 2.43693 1.44911 -1.09688 -2.50455 3.47149 -0.20178
-1.41652 -3.92592 0.98594 -1.11816 2.22361 1.89249 -1.04862 -2.25279 2.25559 -0.54942
-1.68736 -2.47022 1.14424 -1.58629 0.53816 2.3207 -0.45641 -1.59863 0.58982 -0.72029
0.33988 0.05375 -0.38709 -1.03363 0.56432 0.89843 0.50853 0.39576 -1.20439 -0.44244
-0.00131 0.04062 0.54419 -3.08996 0.53709 1.59563 -0.3752 0.39865 -0.86856 -0.68943
0.02226 1.0181 -0.8356 -1.50374 0.71126 2.82001 2.44243 -0.24601 -0.19662 -0.22921
-0.01621 1.1513 0.72951 -1.16316 1.02882 2.32191 2.12432 0.52253 -1.49233 -0.73157
-0.2454 -0.36936 1.27927 -0.90172 0.35102 2.46551 0.656 0.27225 -1.87202 -0.42488
-1.82769 -1.02748 2.17052 0.13363 -1.38707 2.34461 2.01157 -0.51141 -1.33585 -2.34616
-1.4716 0.0476 -0.57533 -0.54696 -0.79618 4.46361 2.8137 -0.12287 -0.09579 -1.66296
-2.30787 -0.12669 1.13383 -0.46275 -0.04428 3.25512 0.37847 -0.51858 3.51615 -0.95022
-2.28792 0.73202 0.09705 0.54245 0.99424 3.62279 0.72594 0.15445 3.06464 -0.52659
-0.37648 0.05966 0.22443 0.16902 1.13164 2.45608 -1.9179 0.51062 0.70951 1.48083
2.15238 -0.95571 -0.83834 1.98639 1.12573 1.90629 -1.22178 -0.00321 1.03822 1.85615
-0.19098 -2.62974 -0.04461 0.57089 1.52369 3.35715 -1.27361 0.24898 0.348 1.95828
-1.25357 -2.40792 0.82772 2.20517 1.56526 3.0128 -1.94293 -0.73077 0.09568 3.2766
-3.47998 -1.85866 -1.15234 1.34437 -0.26966 1.25405 -1.47825 0.60792 -1.86075 0.87699
-2.25458 -0.06237 -0.84069 -1.11076 -0.18366 0.45798 -0.57231 1.07825 -1.72735 0.82615
-2.02841 0.03004 -0.72153 -1.85638 -1.7192 -0.97511 -0.10604 0.40104 -1.51783 0.39742
-2.01168 0.88622 -1.1559 -1.33775 -1.9021 -1.47286 -0.58378 -0.91619 -0.4858 0.36746
-1.79369 0.62557 -0.7726 -0.56392 0.27419 -3.07326 -0.79612 1.58039 -1.81339 0.17339
-2.0258 0.11254 0.20776 -1.41622 0.28377 -3.14543 1.27524 0.82755 -0.85288 -0.82442
-2.15815 0.3482 0.28422 -1.1438 -0.2129 -3.80366 1.82714 -0.07547 -1.39138 -0.87059
-1.89711 1.97901 -1.84039 -2.08899 0.55152 -3.40755 2.08173 -0.41531 -0.8557 -1.98536
-1.65684 2.86842 -2.89475 -0.51856 -0.89885 -2.8164 1.73319 -0.6351 -1.64097 -1.58656
0.44416 1.28272 0.30432 -0.52297 -0.29291 -3.15993 1.49165 -1.6901 -0.3274 -1.73655
-0.86419 0.9671 0.00874 -0.24405 -1.20011 -2.02737 -0.13523 -0.35758 -0.3118 -1.84841
0.12306 2.30902 -1.76101 2.92759 -0.39558 -2.73718 -0.66138 -1.11336 1.18261 -0.74206
-0.15618 0.8481 -0.56406 2.23574 0.82807 -2.74512 0.48576 -1.20563 0.61516 -1.09146
2.06272 0.10131 1.00515 0.73249 1.24904 -2.48812 0.53511 -0.14945 1.72564 -0.36996
0.50927 -0.54926 0.02458 0.88799 -0.37371 -1.72928 -0.4035 -0.18872 4.08613 0.09721
-0.98066 -1.51946 2.41661 -0.0606 0.22709 -1.21893 -0.93597 -0.6351 4.69385 0.58528
0.33921 -1.57405 0.9321 -1.05039 0.65054 1.20767 -0.09001 0.21163 4.76209 0.10013
1.39573 -3.38798 1.16032 -0.38861 1.71171 -0.84736 -0.08561 0.39814 5.57866 -0.38507
0.69499 -1.52625 -0.06028 1.05924 3.1122 -0.03 1.47014 1.14966 6.91405 -0.38029
1.16512 -1.2113 0.28018 0.18607 2.54553 -0.25199 1.49992 1.04374 7.50636 0.74471
0.93429 -0.78049 -0.07552 -0.18962 3.8612 1.85606 1.14474 1.9578 5.81921 -0.04525
1.79915 0.66992 -1.87915 -0.50423 2.17809 1.65293 -1.22557 2.07418 3.97449 -1.77867
1.85743 1.37964 -0.61453 0.37163 1.96908 -0.00905 -0.72684 -0.05124 4.98185 0.16595
2.17643 -0.97019 0.74702 0.90341 0.82086 0.27087 -2.09074 -1.07897 4.13662 0.98472
0.60455 0.57821 -1.7992 0.42644 1.33971 1.53039 2.20214 -1.16186 3.03606 -0.45694
0.86128 0.61449 -0.23616 0.7216 2.55574 0.16708 1.8875 0.69455 2.85623 -0.42291
0.19571 -0.42433 -0.47208 -1.00351 1.38688 0.31602 -0.24255 -0.75828 3.59944 -0.97817
-0.64703 0.27996 -2.31551 -1.99058 1.2187 1.23223 1.33594 -1.48811 2.38229 -0.5021
0.64461 1.79987 -0.09961 -0.59374 0.67546 -0.62658 3.83095 -0.00564 3.42379 0.2723
0.6509 1.26422 -0.50118 0.55414 1.1701 -3.05195 1.37026 -0.33858 3.04483 0.47256
0.07793 1.96227 -0.43121 1.01481 1.72381 -1.32193 0.63386 -0.41465 1.07086 -0.59821
1.20485 1.36094 1.64716 0.48051 0.98311 -1.80407 -0.20289 1.05998 2.13577 0.17089
-0.03086 2.99773 -1.41971 1.11255 0.43216 -0.95408 0.57831 1.74437 2.09885 -0.76716
-0.30008 3.61905 -0.63114 0.27254 -0.17781 -1.41807 1.8125 -1.18021 2.87567 -1.07567
-0.14274 2.84765 0.2462 0.50765 -0.99968 -3.16577 1.10758 -1.56002 2.65432 0.04843
-0.8091 2.20005 -0.25366 0.89297 0.84383 -1.76252 1.54608 0.02811 2.61981 0.86928
-2.08118 1.99829 0.58677 0.26067 1.06174 -2.72147 2.10099 -1.16501 4.0502 0.58731
-1.3782 1.31292 -0.85871 0.51035 1.03157 -2.02777 0.39962 0.40427 5.84159 0.7602
-0.64651 0.23178 0.90715 2.07877 1.01095 -3.83232 1.27884 -0.8953 6.61721 1.4237
-1.155 -1.89633 -0.28689 2.19851 1.68437 -3.0299 1.32666 0.23033 5.8285 1.39143
-1.52159 -1.16026 0.91942 2.80914 1.58623 -2.93336 0.39119 -0.68272 5.60006 1.28481
-2.01833 -0.33431 0.55958 2.17012 1.55942 -2.7205 -0.35544 0.23194 6.35062 1.66873
-3.09977 0.98968 -1.43438 0.341 0.85249 -3.58915 0.50924 0.44917 6.70069 1.3413
-2.24667 1.29015 -0.043 0.86118 0.3584 -4.04839 1.76277 0.37426 5.66351 0.33253
-1.01087 0.2052 0.84223 1.91414 0.16709 -2.65949 -0.5053 0.63625 6.5843 -0.94975
-1.51271 0.54764 -1.5494 -0.06061 0.52878 -2.07 0.88808 -0.17948 5.71571 -1.30307
-1.11219 1.80364 0.16028 -0.61064 0.78568 -3.28279 0.87235 0.17411 4.7222 -0.96423
-1.6882 0.99842 0.86457 -1.1658 0.46842 -1.33746 0.01113 -0.4353 4.60965 0.31318
-1.15697 2.26918 1.32649 1.48536 1.31955 -0.37215 0.88283 0.48539 5.95721 -1.7243
0.85207 -0.27191 -1.64827 -0.33139 0.711 -0.76039 1.97074 0.33956 4.86178 -0.99143
-1.3154 -1.21532 0.47437 -0.80929 2.12791 -2.13323 1.54472 1.10307 4.9102 -0.37317
0.24846 -1.97854 1.6476 0.97045 0.50155 -1.52659 1.55871 0.4574 4.26163 0.13969
0.2865 -2.58731 0.52861 1.28816 1.95402 0.93333 3.16721 -1.05543 4.11588 -2.34367
1.29212 -1.79896 0.57897 1.13027 3.51868 1.69108 2.1534 -0.63729 3.66887 -2.48893
1.93099 -0.59999 1.119 0.81257 2.25874 1.48693 1.29389 -0.14254 4.44253 -0.59205
-0.5724 -0.31628 0.12245 -0.8988 0.81993 0.43256 0.87833 -1.68073 5.10772 -1.08452
0.0968 -0.26654 -0.44533 0.37465 -0.4811 -0.30799 1.22775 -1.76878 5.07017 -1.57175
0.07574 0.53929 0.31424 0.26493 -1.043 -2.11872 1.00507 0.54236 4.82479 -1.5399
-1.65544 0.49679 -1.57087 1.48131 0.97533 -2.06513 0.71784 1.00685 4.32124 -0.43292
-0.65068 0.4896 0.74836 0.35463 3.39666 -2.715 0.79787 0.6371 2.99257 0.78685
-1.03271 -0.34705 0.48617 2.09448 4.14533 -1.08191 0.60115 -0.00444 2.50984 0.08024
1.57014 -1.1236 0.06874 -1.3552 2.48708 -1.23822 1.59579 0.10694 3.44746 0.12807
1.56317 -0.87557 0.66226 -0.06397 2.56997 -2.77444 2.02113 0.36463 1.85196 -0.59415
2.0371 -2.17361 -0.07432 1.67089 1.7319 -0.25533 0.26221 0.34145 2.08704 -1.23492
4.03589 -1.10998 -1.67679 0.62464 1.05012 -1.00636 0.66146 1.14647 0.07103 -1.94693
2.85286 -1.81552 1.96402 -0.63136 1.01412 -0.91015 -0.01891 1.47475 0.03983 -0.59633
1.8772 -1.4286 0.7968 -0.30766 -0.90961 1.29402 1.45887 1.96982 0.87194 -2.05261
2.71479 -0.52335 -0.38483 -0.59434 -0.16506 0.68916 1.81617 0.10071 1.24814 -1.45875
3.54211 0.71875 -0.36122 -1.71596 0.05437 0.06003 1.0386 -0.23246 1.67801 -2.37898
3.21651 0.03954 -0.12701 -0.58719 0.48725 1.12942 -0.34851 -1.09256 1.39568 -1.38238
2.19966 -0.74681 -1.62123 0.19202 1.40415 -0.0637 -1.07732 0.34693 1.1657 -0.41107
1.86535 -0.3143 0.28078 0.69321 0.49051 -0.73067 -1.0714 -0.15425 -2.53553 -1.39151
0.25631 -0.51517 1.07429 -0.3527 -0.05402 1.0275 -0.3202 0.56727 -2.89009 0.47656
-0.00968 0.72999 2.3341 0.64293 0.24469 0.35018 -1.4046 1.38227 -3.36295 0.28606
0.96434 0.73336 -1.84207 -0.49642 -1.50281 1.32711 0.49151 2.28697 -2.35973 0.3823
1.56292 0.4785 0.7567 -0.61807 -2.03988 0.84628 0.84781 2.77792 -1.71844 -0.3709
0.96658 -0.15422 0.83098 0.34413 -0.56528 -0.33158 0.94462 1.82826 -1.5692 1.03741
2.12937 1.96269 0.82366 -0.38861 -0.4189 1.17087 2.80911 -0.55826 0.62431 1.45563
2.14742 1.92164 -1.43471 -1.48704 -2.92494 2.11051 3.37567 -1.69067 3.58935 0.80441
2.70944 2.555 0.13836 -0.45864 -1.63893 1.77074 2.49741 -0.75282 4.79178 -0.69313
1.04846 1.28278 0.5392 1.36344 -0.06683 2.86157 1.34829 0.153 4.95054 -0.97315
0.53428 0.44135 -1.10022 0.44296 0.57602 1.29902 1.67721 -0.59667 3.28399 0.44022
-0.61234 2.01217 -0.95447 1.59011 1.07328 1.91218 0.74541 0.66517 1.67675 0.71056
0.83646 1.99278 0.30618 1.45621 0.75461 1.38009 -1.62732 0.93719 3.1028 -1.03692
1.09974 1.52169 -3.27586 0.61157 0.02218 -0.75778 -1.38341 1.08384 3.91006 0.11493
0.71546 0.87238 2.06022 0.38977 -0.57779 -2.0639 0.49338 0.19968 4.43604 -0.16371
0.91294 -0.49176 0.41665 -1.21282 0.5237 -3.76569 1.74361 -0.33224 5.63557 -0.22464
1.40799 -0.57949 -0.15458 0.75351 0.63952 -2.92768 0.7562 0.34636 7.08848 0.28836
0.4653 -1.15431 1.22695 -1.19142 3.2965 -2.77108 0.5007 -0.20283 6.12975 -1.42572
0.82548 -1.62939 -0.44279 -0.18016 2.3156 -2.20961 1.57924 -0.1753 4.54622 -1.82256
-0.06226 -0.39313 0.6082 0.22561 3.89866 -2.77043 -0.3746 0.79199 5.67058 -1.45808
0.5239 -0.26316 1.23868 -0.13005 2.44723 -3.36745 -0.1286 0.16696 6.03073 0.65453
-0.00592 0.48102 -1.35097 0.18571 2.35646 -4.15123 0.1771 0.4739 2.42479 0.65622
0.26105 0.35883 0.36658 0.86213 1.03797 -4.86369 0.06173 -0.96838 2.33066 -0.11545
-0.60028 0.52987 -0.84777 1.89741 1.90899 -5.22212 -1.99591 0.50799 3.54105 0.56054
-0.7972 0.37635 -1.00821 0.28832 1.11313 -5.64376 -1.30379 -0.28442 2.11858 0.1351
-0.54689 -0.51212 0.4023 -0.38759 0.65774 -5.71943 0.29668 -0.19922 3.30232 0.87876
-1.26381 -0.98279 1.60461 0.27824 -0.29628 -4.19911 0.8359 0.82881 5.29513 0.1665
0.80574 -1.57314 0.00138 0.03598 0.75056 -2.44566 0.45853 2.50557 3.75893 1.54702
2.45152 0.35069 1.16465 1.87202 0.16264 -3.63758 -0.08391 1.619 3.70562 0.70305
1.00207 0.62164 -0.09792 -0.70313 3.34523 -3.05601 -1.42761 2.28034 5.73242 1.23216
1.60253 -0.05546 0.04695 1.7917 2.81374 -2.36744 -0.0074 1.14288 4.08895 1.01754
2.60051 -1.49514 -0.0831 -0.2953 1.33741 -0.72769 -0.16263 1.03249 4.64859 1.123
3.94116 -1.31648 0.04858 0.95535 2.01046 -0.66098 -0.27948 1.09304 3.67862 1.95728
4.67141 0.1474 2.02228 0.85985 1.199 -2.34436 -1.40886 0.53153 3.56216 2.85491
2.97387 0.76071 1.12355 -0.60326 -0.31466 -0.53973 -1.45326 -1.017 3.52947 2.77046
2.57619 1.28515 0.84583 -0.19928 0.75712 -1.86878 -0.48329 -1.16128 0.90568 1.42316
2.11867 0.32815 0.09774 -0.06373 -0.13564 -1.07149 0.49215 0.13452 2.07551 0.48583
0.4306 -0.23399 0.16823 0.27359 0.46151 -0.85068 0.69791 0.35975 3.06774 0.72104
0.25124 -0.64774 2.02702 0.96863 -0.63316 -1.64709 0.08134 0.66651 2.57086 -0.4163
0.56866 1.28321 0.63329 0.88737 -0.08146 0.17011 -1.44617 -0.42173 2.93416 0.02934
0.38472 -1.83469 -0.41911 0.10651 1.7611 1.25477 -1.31047 0.57629 1.77427 0.14153
2.04212 -1.48015 0.54574 -0.50088 0.95768 1.74371 -0.66009 1.42339 1.37367 -1.32277
2.40168 -1.20297 0.79995 -0.65585 0.43013 2.36151 -0.68061 1.2143 1.36853 -1.61136
2.5668 -0.92731 0.41094 0.59214 0.2348 3.44829 -0.42657 0.61132 1.81906 -2.17668
3.5154 -2.45127 -0.04431 0.0066 0.52785 4.9386 -0.58452 0.54265 1.14138 -0.3864
3.84029 0.02894 -1.22838 0.84885 -0.13752 3.51946 -1.52347 0.47789 0.67832 0.62734
1.93719 -1.50801 -0.33449 0.3237 0.01806 1.47129 -1.44138 -0.98333 0.7573 1.04656
2.19692 -2.55982 -0.37898 -0.33001 0.46053 2.06583 -1.03256 -0.72335 0.41839 0.36023
4.2962 -2.27587 0.40734 0.10958 2.3141 1.08639 -0.20768 0.33942 -1.01944 0.01349
3.01707 -1.91902 0.82208 -0.77684 2.67852 0.63655 -0.59222 0.14014 -2.32911 -0.13262
