4.13617 1.84319 2.03216 -0.76142 4.62082 2.41967 2.10048 3.31484 -0.48475 0.17284
6.08486 1.05756 1.48343 -0.56068 2.92634 4.12806 1.27858 1.6772 0.19294 2.10994
6.3887 2.20381 -1.18826 -1.21479 2.84522 4.27334 -0.26392 0.71878 0.35496 0.84936
9.08828 4.5496 1.5506 -3.36364 2.85678 2.88779 1.74905 -0.87028 -0.29168 1.21978
10.77993 5.88446 3.68707 -2.28033 2.5832 2.01008 0.93615 0.0862 0.30775 1.79828
10.76534 6.30815 2.17409 -1.53214 1.93624 1.59026 0.8712 -0.83008 0.11123 1.1279
10.7402 6.80604 2.35169 -2.55897 0.48123 1.38721 1.54303 2.80156 1.51766 0.86639
10.4118 6.95023 0.59747 -1.43705 1.79328 1.07381 0.04642 0.36429 0.4403 -0.35002
9.11807 6.75125 1.11535 -0.92439 3.82279 0.80469 -0.73231 -1.05898 -0.94445 -0.14322
8.57147 7.26943 0.6459 -0.45202 4.26288 0.18486 0.91112 0.79814 1.3947 -0.81461
8.2161 7.82498 1.72501 -1.86298 3.27426 0.00803 1.86672 0.73603 0.58037 0.05352
8.61068 7.82682 2.04984 -0.49274 4.59557 -0.36306 1.62106 0.03045 -0.19521 -0.88559
8.02078 5.77251 -1.39518 0.65399 2.6224 0.25377 1.87074 0.16639 -0.4311 -0.4739
8.29673 6.16554 0.15341 -1.41183 2.32886 -0.2593 2.79767 -1.70262 1.39033 0.71672
10.83133 5.46785 -0.94031 -0.65296 2.71444 -1.98863 1.68312 -1.21683 1.02353 0.47324
10.27449 6.01886 -1.51657 0.25354 3.42407 -2.18796 1.27728 1.90305 -0.33506 1.73562
8.72413 5.05975 -1.20032 0.94754 4.34206 0.00459 0.81714 4.17335 -0.66107 1.60908
8.76328 4.69244 -1.13909 -0.05568 3.67438 0.6565 3.20245 1.54578 -0.46568 0.29584
10.01206 5.14161 0.21401 -1.38646 2.9112 0.76416 3.07032 1.56885 -1.94283 0.2461
10.203 4.14165 -0.33144 -1.5086 3.56431 0.6599 0.55076 1.76431 -1.54291 0.63679
9.56528 4.35852 1.00475 -1.11427 1.54206 1.24695 -1.2505 -0.10025 -0.05787 1.73375
11.09233 3.85174 0.83369 0.64022 2.22704 0.82352 0.13075 1.49051 -1.73136 0.3396
10.96624 2.31019 -0.71819 0.84969 0.5987 1.61904 0.80994 1.35622 0.05575 0.41634
10.07921 2.63202 1.2041 0.11637 -0.1765 1.49192 1.05904 0.32288 0.47511 1.37008
11.18009 3.07808 1.17814 0.33312 0.73221 0.11477 -0.70229 -1.11547 0.63825 -0.15737
9.91855 2.24353 -0.40559 0.61424 2.54993 -0.85647 -1.07303 -2.00827 -0.41684 -0.60042
8.81594 1.32479 -1.17887 1.25049 2.1122 -0.91138 0.64985 -1.10157 1.68502 -1.11972
7.8074 0.56224 -1.76039 1.8096 2.73325 0.90758 2.02705 -1.41585 1.61408 -0.93885
9.13509 -0.61237 0.30863 2.33288 1.86437 1.40287 0.13226 0.18516 2.10577 -0.21544
8.58075 -0.7709 -0.96171 0.30185 1.23672 0.69413 0.39012 -0.86876 0.2869 -0.82903
7.86334 -0.54283 -1.31557 1.67175 1.98721 1.12968 0.23597 0.45815 -1.10075 -0.09799
6.51033 0.0282 -1.26742 -0.33271 0.93598 1.84557 1.80222 0.43549 0.20892 0.54715
6.81097 -0.02014 0.81075 1.23878 0.90223 0.97031 -0.48922 -0.9455 0.1388 0.77326
6.9445 -0.0647 1.73935 2.11307 0.10209 1.28133 2.984 -1.86816 0.375 -0.87846
6.90453 1.03225 -0.47905 1.06622 0.16219 0.95708 1.9868 -0.45403 0.48392 -2.89654
6.25537 0.95554 0.67078 0.67607 -1.03091 1.41061 1.98762 1.05344 -2.33186 -1.8493
6.59821 0.16896 1.87843 -0.32163 -2.35334 4.18512 2.69295 2.72857 0.8903 -2.53061
4.91127 -0.24276 -0.68435 1.67795 -0.99906 3.34318 1.94263 -0.62726 0.41453 -2.80067
3.1109 -0.00402 0.24162 1.23795 -1.0001 2.22369 0.0953 0.48635 0.48636 -3.04074
4.84415 0.2314 2.94697 2.26028 0.5854 2.39247 1.26389 1.23631 0.63742 -3.69268
4.41922 1.90205 0.72651 1.49274 1.93472 1.91251 3.87717 2.84296 -0.63303 -2.30644
5.96737 1.08426 0.835 -0.66135 0.87245 2.8284 1.65512 0.58317 -1.38705 -1.55533
6.59748 1.08181 -0.66426 0.72308 0.72424 1.65652 2.55853 1.42445 -0.21311 -2.41934
7.69647 1.49433 2.3109 0.64951 2.16164 3.44393 1.9036 0.77915 0.20315 -1.87535
7.37342 0.80809 4.15975 -0.40246 2.31008 4.30944 0.53488 0.09791 0.05345 0.86352
8.00527 3.07373 0.25993 1.40985 1.88125 2.60034 2.13173 2.50069 3.82284 2.05025
9.77341 4.70511 0.68443 1.65463 0.48455 3.76835 0.64756 2.28314 -0.18808 2.66207
8.92168 3.73944 0.16775 1.20681 -0.53459 2.52452 -0.2639 0.60444 -1.52327 3.40769
11.31872 4.13793 1.16152 2.40655 -0.0783 3.09602 -0.99002 0.49817 -1.93866 2.89448
10.65082 6.03458 1.76097 0.77954 1.93916 3.40729 -0.65623 0.69374 -1.20692 1.02416
9.60512 6.45747 2.20964 2.59218 1.07727 2.32563 0.68613 -0.42137 -0.06746 2.06066
9.41686 8.1778 2.65522 1.56305 2.42417 3.27255 0.97062 1.11927 0.29413 2.74751
9.58415 7.38288 -0.57768 -0.28808 2.66951 3.30672 0.50022 -0.22154 -0.02771 1.48592
10.29996 7.73445 1.29768 1.04904 4.20473 1.96914 0.69051 -0.79378 -0.88733 0.41453
9.80981 8.75871 0.06533 0.85054 3.12134 1.58544 1.78558 1.42939 -0.5797 1.3782
10.943 9.4961 0.67998 0.76517 4.1778 0.72699 2.18921 1.63341 0.0444 0.68387
11.04076 8.19722 0.85697 -0.18537 5.77253 0.5746 1.40641 1.00333 -0.58802 0.3088
11.95727 7.30417 -1.09292 -1.04734 5.1087 -1.1281 1.14456 0.77366 1.27863 0.58758
10.23526 5.69631 0.85636 0.71296 4.48786 -1.48427 3.28888 0.57582 0.29594 0.58958
10.22942 4.47597 1.82089 1.54683 5.48985 0.14141 2.57465 -0.47943 1.92722 1.04445
10.65188 4.72915 -0.73304 -0.53451 6.71348 -0.27012 3.55979 1.3101 -1.50797 1.18274
12.58764 4.61737 -0.76557 0.17534 7.13273 -0.41001 1.97011 0.37071 1.17532 0.73954
14.20849 3.91388 0.97634 0.48938 5.94811 1.3607 3.08461 -0.89056 1.51054 -0.13599
12.70943 4.03229 -1.67322 -0.62652 5.56848 1.56845 2.87964 1.02768 0.07233 -0.23623
15.42648 3.73991 0.29735 -1.32381 4.30597 0.97139 2.71533 1.35457 0.73918 1.87453
17.3619 3.53548 0.35417 -1.49693 4.14021 -0.46358 2.90005 2.07005 0.70879 1.15181
16.87459 3.39398 -0.73263 -2.36814 3.11755 -1.84249 0.81067 1.98137 0.16846 2.26663
14.93068 2.46186 -1.12504 -2.05316 2.28379 -2.89913 -0.85237 0.93386 1.50473 2.05373
12.50383 0.82467 -2.38102 -1.13888 2.71619 -1.02862 1.1774 0.86061 -1.50125 0.77426
10.93717 -0.33064 -0.95173 -0.85098 3.25396 -0.84905 1.62845 -0.65859 -0.28137 -0.86229
9.72802 -0.41178 -0.38638 -2.54369 0.57783 -1.15156 0.15557 1.81749 0.27308 -1.20066
7.10118 -0.54788 -3.35377 -1.34444 -0.07864 -0.79269 0.04585 1.28012 -1.72741 -1.16296
5.30744 0.01028 1.24586 -2.04281 0.56884 -1.62813 -0.49315 -0.54014 -1.72849 0.37003
6.59348 1.8491 -0.974 -0.00647 -1.30644 -2.70724 -0.57705 1.16438 -1.75728 -1.04925
6.2446 -0.3253 2.3257 0.5387 -1.05175 -2.3725 0.71057 1.81275 -0.08218 -1.74172
4.13041 -0.98118 0.18118 0.48427 -0.72711 -3.9808 0.85387 1.23046 -1.42527 -3.4111
1.89328 0.15618 -1.01998 -0.08439 -0.27639 -3.13361 0.96355 -0.51795 0.73406 -2.6366
0.22196 0.6187 0.27598 -1.54331 0.8174 -2.94216 -0.51908 -1.15107 0.52359 -2.17674
-2.35641 -0.98628 -1.04315 -1.04045 0.8307 -2.80752 -0.52198 -0.5955 -0.70335 -1.95233
-1.30155 -1.46209 -1.09956 -2.51063 1.82396 -3.66666 0.27209 1.78371 -2.35968 -2.55393
0.37182 -2.66589 0.11323 -2.83201 1.07448 -4.03831 1.25046 1.05628 -0.25817 -2.67668
-0.03362 -3.91786 -0.19673 -2.62515 -0.31143 -4.13518 0.4239 -0.38786 -0.41506 -2.42769
-0.731 -3.25223 -0.97754 -2.25017 0.21841 -3.33816 -0.84132 0.37173 0.09352 -1.28824
-1.34936 -5.19666 0.36992 -1.26399 1.47565 -3.50707 -1.68255 -0.98867 -0.34274 -1.06563
-1.28854 -4.51162 -0.24536 0.42043 0.54863 -4.36807 -1.88272 -0.92665 0.51295 -3.08592
-1.80235 -2.93732 -0.86842 0.98216 -0.28751 -3.20904 -1.32937 0.68467 -0.45697 -2.31036
-5.38752 -3.57027 -1.00353 0.79785 1.25903 -3.72576 0.35412 -1.17114 0.55504 -0.27953
-3.8001 -2.88955 -1.07018 0.66169 -1.83649 -4.67352 0.249 0.17532 0.82482 -0.75458
-5.31307 -3.73999 -1.53259 1.87562 -3.0138 -2.23018 -0.63144 1.80201 -0.92877 -0.56939
-8.22027 -5.86887 -1.28933 1.26383 -2.36683 -0.91077 1.35893 0.36349 -1.95177 0.45586
-8.34359 -4.51266 -2.1701 1.567 -2.81596 -1.32578 -0.0218 0.06254 -1.90373 0.9903
-8.4308 -5.04437 -0.49792 0.3113 -3.86971 -0.05778 -1.83341 1.18601 0.42956 0.90906
-7.4475 -5.68579 -0.63925 1.1769 -3.45999 -0.47354 -0.88819 0.5985 0.30431 2.17243
-7.28832 -4.12395 -0.38075 1.61338 -3.79396 1.79995 -0.51104 0.95177 -1.21535 3.6472
-9.00959 -4.11403 -1.29889 0.77357 -1.87362 1.46296 -0.9494 -1.73465 -0.77308 4.36562
-8.70418 -3.33081 1.03414 1.24138 -2.47242 1.21489 0.68878 -2.31554 -0.60276 3.52784
-8.95696 -1.17482 0.69643 0.40401 -3.61041 1.50663 0.64446 0.02739 -1.07567 1.53803
-8.95591 -0.77031 2.22248 0.13513 -2.48999 1.02755 0.7732 -0.98859 0.00331 -0.66428
-7.02644 -0.53347 -0.54516 1.50214 -1.75812 0.79657 0.80496 -0.40882 0.62457 -0.30084
-6.4114 -1.79234 -0.68979 1.47488 -1.75453 0.34838 -0.08148 -0.16991 -0.42765 -0.10963
-6.06897 -1.30926 0.52583 1.0603 -1.52613 -1.12126 0.78123 -1.77975 -0.39872 0.19705
-6.00706 -1.2189 -1.90867 1.37271 -3.31923 -0.0597 0.62296 0.44105 -0.84471 -0.51905
-8.28806 -2.62597 -0.83085 2.93183 -1.31336 0.29993 -0.51059 -0.37126 -1.26912 1.10049
-8.56282 -2.87968 -0.93187 2.00573 -2.1461 0.95417 1.26429 -0.21252 -0.71431 1.33062
-8.20278 -2.50289 -1.02759 0.91989 -0.63565 0.14929 0.48757 -1.642 -1.12717 -0.39249
-6.0572 -2.28271 0.25266 -0.21547 0.21741 -0.10264 -0.93426 -0.24497 -0.64588 -0.61615
-4.57091 -2.9248 -1.40284 -0.13711 0.40248 0.289 -2.17446 1.1905 0.34177 0.45712
-5.36293 -2.55758 0.09697 0.39966 -1.09886 1.08525 -1.9412 -0.77933 0.2871 0.96981
-4.14943 -2.84992 -0.68975 2.44167 -1.00664 1.12274 -1.0847 -0.46359 0.70943 1.25993
-4.38593 -2.90747 -0.0594 1.33496 -1.1004 1.73439 1.94539 -0.34911 0.72321 0.94575
-3.16521 -4.07969 0.48532 -1.8558 -1.88971 2.24509 0.16275 -1.17386 1.36182 1.17579
-1.58296 -2.59455 -0.51872 -2.03832 0.05283 1.75104 -3.38425 -1.51497 0.66604 0.04673
-1.20382 -0.73376 0.41953 -2.13403 -0.92242 1.14296 -2.41796 -0.53224 0.77429 0.00671
0.26163 -0.99854 2.05502 0.55187 -1.19983 0.14436 -2.45087 0.50841 -0.61806 0.354
-0.65967 -1.37148 0.95205 -0.03835 -3.78077 0.47154 -1.84345 -0.03075 0.28842 1.38018
-2.3814 -0.58939 -0.17588 -1.65005 -4.59037 -0.17838 -1.33185 1.6158 -0.8813 1.66365
-1.71221 1.83827 -0.25429 -2.54995 -4.00955 -0.59982 -1.98736 -0.32155 -0.5481 0.94952
-1.12915 0.88022 -0.21671 -1.88262 -2.25314 -1.73098 -2.34708 -1.58262 -0.29594 1.12736
-1.93633 0.83778 -1.39343 -1.82997 0.10402 -2.04974 -3.4379 -3.03492 -0.49941 -0.18706
-1.57419 -1.2725 -0.42044 -1.0076 0.62335 -2.94237 -2.39591 -1.05329 -0.8724 0.88134
-0.48596 -1.1973 0.14214 -0.80895 0.25998 -2.1663 -0.60313 -0.12955 -0.82437 2.81744
-1.96735 -1.82094 -2.15738 -1.43574 -0.02705 -4.11686 -1.7713 0.43715 -0.42011 2.83892
-2.48831 -1.11003 -1.02243 -0.60831 -1.17728 -4.41306 -1.6601 2.8039 -1.03723 3.14146
-2.86534 -1.12324 -1.39393 -3.79334 0.22828 -3.87593 -1.44689 -1.25447 -2.04164 3.24472
-2.48242 -2.66551 1.03637 -1.70631 -1.1503 -2.60802 -1.83513 -1.62963 -2.96377 1.45147
-4.20523 -3.68697 -2.81725 -0.87383 -0.79427 -2.08125 -0.86015 0.62124 -0.07653 1.56808
-4.14339 -3.92404 -0.32128 0.76243 -2.24064 -1.42338 -0.24003 -1.04534 1.27837 2.86525
-5.4915 -3.72618 0.22759 0.74872 -1.00238 -1.08719 0.4677 0.80699 -0.33156 2.62789
-5.90593 -4.02795 -0.95493 1.29728 -2.1441 -0.16556 0.21371 -2.32827 0.2816 1.3914
-6.54259 -4.15063 -0.43616 2.65553 -2.98231 2.26545 0.90857 -1.50563 -0.93226 0.6027
-4.03815 -3.87062 0.25204 1.0655 -4.01299 2.98681 1.34514 -1.96869 -2.61166 0.50833
-4.44913 -1.21801 -0.43103 0.93249 -3.48377 3.63287 0.55558 -1.60888 -1.1065 0.02622
-5.49672 0.35207 1.92466 -0.40618 -4.59333 3.30592 -1.52705 0.01514 0.24456 -0.19004
-5.82695 0.73967 1.39654 -2.90836 -4.97738 5.2347 -2.23801 -0.74178 -0.49351 0.04756
-5.48311 2.79885 0.06743 -4.06676 -3.95017 3.14998 -1.91573 -0.23611 0.86179 1.33988
-4.31836 4.35965 1.4799 -1.84052 -2.68615 2.90586 -3.90342 0.92719 -0.42322 -0.23206
-2.4553 4.56361 -0.45083 -0.07166 -2.95985 3.40275 -1.18494 -0.8921 -1.68931 1.43083
-4.07225 2.99952 0.68746 -1.07129 -1.63376 4.50342 0.32081 -0.22573 -1.51663 3.28917
-2.99017 1.10123 2.36134 -0.33089 0.43106 1.35906 0.66722 1.45025 1.09782 3.18858
-1.5093 3.21678 1.50758 -0.07656 -0.79254 1.03366 0.89857 0.00879 2.35731 2.22105
-1.69202 4.04534 1.92109 -0.56238 0.71706 1.21884 -0.47777 -1.63404 0.30093 -0.76816
-0.9448 4.14633 1.66671 -0.38505 2.1273 0.22872 -0.9229 -0.10651 0.68059 -2.31258
-0.37155 2.31474 1.80185 -0.52794 1.26597 -0.00884 -1.65571 0.67898 -0.80219 -0.85653
-1.35072 1.15651 0.86185 0.61354 1.99285 -0.27539 -0.23579 0.50236 -0.6544 0.2145
-1.79256 1.2338 -1.74437 0.49463 5.51289 -1.17412 -1.30678 1.0912 -2.09488 -1.10506
-3.36818 1.57479 0.37139 1.68302 4.0792 -1.06235 -0.82536 -1.81591 -1.73698 0.08404
-3.35993 2.02759 1.06239 0.66313 2.51003 -0.89031 1.70969 -0.22915 -0.77137 0.26347
-1.83859 -0.18061 -0.66648 -0.77956 2.29963 -3.03169 1.12423 -1.30647 -1.69335 -0.54829
-1.49178 1.18414 -0.8501 -2.11528 1.1011 -3.94652 1.94901 -1.29467 -0.76063 -0.46691
-3.26131 -0.81173 -0.18596 -2.47689 -0.37613 -3.33551 0.27533 -0.86969 -0.69219 0.20316
-3.60439 -3.48122 -1.9872 -2.02783 0.18853 -3.85662 -2.51254 -0.86142 -0.90332 1.65058
-5.65021 -4.18364 -1.60041 -1.42757 1.13343 -3.48544 -2.1739 -1.00683 -1.50041 2.06316
-2.93496 -5.41409 -1.27735 -0.37804 1.24983 -4.07565 0.02882 -0.22735 -2.59724 1.93802
-2.09054 -6.21073 -0.64289 -1.94496 1.21693 -3.02844 0.13429 -0.63619 -1.64334 2.87604
-0.9812 -6.93061 -1.90629 -1.24949 -0.02161 -2.85419 -1.4917 1.97063 -1.47531 3.10776
-1.09366 -5.6635 -1.09109 -2.74946 -0.0255 -2.88782 -1.26122 1.75036 -1.12305 3.68988
-1.12148 -4.82671 0.43899 -1.74776 -1.94049 -0.42741 -1.65066 0.83126 0.5466 4.4804
-0.1706 -5.32709 -2.46247 -0.98453 -1.66449 -0.33714 -1.99159 -1.61287 0.65342 3.12757
-1.08251 -4.57523 1.25142 -1.53866 -3.05821 -1.39093 -1.94936 -1.24311 2.13852 1.96427
-1.62978 -4.04755 -0.6391 -1.38531 -2.62176 -2.63162 -2.31063 0.88742 0.74157 2.86493
-2.60063 -4.61927 -0.1911 -1.18945 -4.71708 -1.94358 -1.19398 -0.50442 1.64562 2.55229
-6.05291 -3.54259 -0.79759 -0.86768 -4.63835 -2.11228 -1.1608 1.45768 2.265 2.03018
-7.00617 -2.76362 -0.00665 0.32376 -5.71038 -1.82442 -2.85651 -0.07329 1.34708 1.47661
-8.56793 -4.01976 0.75654 1.32614 -4.45608 -2.76301 -0.74553 -0.7745 1.65531 1.18143
-9.52191 -3.10627 -2.05679 -0.4628 -4.64393 -2.89945 -1.00154 -0.42009 1.11442 3.31231
-10.79308 -3.42013 -2.27657 -1.25395 -1.09384 -3.69238 0.18962 1.25935 -0.6086 3.20916
-10.89591 -5.26096 0.15688 -2.68628 -1.75186 -3.71159 -3.13395 0.01696 -1.64756 2.70074
-10.83562 -4.92436 0.34413 -3.11525 -2.17801 -3.8631 -0.91903 -0.10089 -0.89917 1.81153
-9.95348 -6.65635 -0.84455 -0.93716 -1.97086 -4.21322 -1.01045 0.17765 1.07621 0.95437
-10.98977 -8.02971 -0.92644 -0.99833 -1.9514 -2.31716 -2.58021 -0.18818 0.28751 2.28953
-11.80882 -7.4179 -0.767 -0.78184 -0.40543 -1.6978 -1.24175 -0.85087 -0.21878 1.87897
-11.12784 -6.35527 -1.28915 0.0204 -2.54532 -3.50979 -2.92249 -1.79898 0.68443 2.2448
-10.57732 -6.68338 -1.39848 -0.68753 -3.51961 -3.8648 -1.85607 0.19461 1.36259 3.04943
-10.89255 -7.23162 1.21582 -0.87341 -3.79151 -1.03354 -0.38286 1.0191 0.54282 2.27644
-11.69836 -6.849 0.17428 -1.01239 -3.01879 -1.83935 -0.86071 -1.36743 1.41508 1.32615
-8.66801 -7.04136 -0.18653 0.15361 -4.73318 -2.31717 -1.48144 0.84992 -0.27926 0.44731
-9.96105 -5.24392 -0.3934 0.56127 -5.29179 -2.65051 -1.28443 -0.60627 -0.02295 0.47206
-10.68841 -5.54232 -0.23788 0.44978 -5.76847 -1.48582 -3.3483 -1.73443 0.40557 0.45181
-11.53196 -3.85844 -0.91409 0.28387 -4.94611 -1.39632 -3.13494 -0.66409 0.46508 0.85893
-11.52149 -4.97402 -1.99659 0.78712 -3.16512 0.01422 -2.91532 -2.64568 0.36537 0.41007
-11.64691 -3.80457 -1.09894 0.75545 -5.45406 1.07567 -1.8734 -1.43334 -1.42968 -0.58571
-13.03993 -3.65325 -0.54582 0.68508 -7.35115 1.22361 0.07654 -1.29746 -1.47092 -0.363
-13.31756 -2.04492 1.74334 0.54706 -4.11527 -0.88614 -0.52 -0.17912 -0.25106 -1.48888
-12.50394 0.167 -0.41125 0.52407 -4.3665 0.45425 -2.04311 0.08871 -0.24189 -2.61007
-11.2103 0.55185 0.18173 0.35931 -4.57002 -0.97538 -2.03075 -0.33281 0.4293 -0.06232
-10.40578 0.83732 -0.25045 1.91129 -5.21343 -1.8025 -2.51101 -0.44711 0.27748 -0.76201
-10.57541 -0.3604 -1.01389 2.21302 -4.9189 -0.33137 -0.55996 0.0336 -0.97759 -1.56407
-12.58589 -1.34776 0.31995 1.61076 -3.36209 0.61228 -2.18438 0.32084 -0.58699 -0.19979
-12.15718 -2.80513 0.6176 1.12295 -0.81634 1.08377 -0.55014 -0.17476 -1.10841 -1.19643
-10.78819 -4.17139 1.1012 -0.17041 -0.93893 2.43008 -1.66076 -0.30853 -0.7818 -0.02606
-10.76681 -2.86401 0.54288 -0.00461 0.09585 4.14664 -0.29041 1.59924 1.3467 -0.98021
-8.3831 -0.50344 0.82145 0.83367 -1.3847 5.02286 1.19412 0.10517 0.114 -0.12855
-7.64878 0.6411 2.34767 -0.12142 -2.39347 5.19715 -0.26754 -1.45321 -0.07567 -0.00194
-6.16433 0.66914 2.32882 -1.0362 -0.93515 3.72292 0.46186 -1.45693 -0.26786 0.90497
-4.66892 2.53302 4.49303 0.13106 -2.64231 3.98333 -0.67192 -2.83736 0.79544 1.48044
-3.78928 3.57555 1.46034 -0.37458 -0.99779 4.16987 -0.57731 -0.00209 0.67076 0.95839
-2.52617 1.5929 0.13916 -1.35618 -0.22883 2.91964 -0.42486 0.69938 -0.53174 1.01001
-0.87688 1.90588 2.3686 -1.46606 -0.14712 0.06034 -0.745 1.49237 1.03471 0.95483
-1.09719 3.44219 -1.0822 0.26359 0.82355 -0.48381 0.70146 0.71504 -1.29375 -0.3524
0.11799 4.43155 -1.00985 1.44217 1.50735 -0.02958 -0.33368 -0.07516 -2.21797 0.59012
0.1033 3.56095 0.6436 0.55613 0.15523 1.95432 -0.05565 1.01279 -0.83452 2.7219
0.81008 4.01145 1.13508 1.60461 -0.05676 0.81507 0.86308 -1.58967 0.154 2.06774
2.66732 2.35533 1.74024 2.67397 -1.2005 -0.79409 1.96913 -1.22257 0.26722 2.43038
2.63758 0.6688 -0.12166 2.70073 -0.65925 -2.0076 2.21295 -1.3726 -0.84646 2.00813
2.80657 0.07228 -0.84192 2.81918 0.52156 -3.24612 -0.65636 -1.43246 -1.25354 1.19307
1.38804 0.70205 0.97906 3.89124 1.32127 -1.87664 -0.07276 -1.57193 1.65351 1.0211
0.17991 -1.03627 -0.57769 5.79655 2.35526 -0.21362 0.58489 0.93567 1.22398 2.27092
-1.24066 -1.19737 -1.92102 2.34771 1.56871 1.32231 1.58086 -0.42785 0.88926 2.73251
-1.63843 -0.58982 0.13479 1.08444 -0.39065 1.06606 1.02714 -0.77114 0.867 2.61002
-0.29729 -0.8973 0.35292 1.22889 -0.80447 1.92355 0.72998 2.2335 1.35954 3.1818
0.05094 -0.42864 1.81447 -0.27622 1.48892 4.6197 2.27937 -0.24931 1.68457 4.23041
2.93658 -0.10263 0.01208 -0.04223 -0.71256 3.94714 -0.04301 -0.24605 0.32215 3.77641
1.92952 0.93669 0.41296 -2.10896 2.0721 2.21348 0.19666 1.11359 0.05176 2.88178
3.1282 2.13227 1.63708 0.33828 1.68041 2.51899 -0.12864 -0.67958 1.43962 0.78657
4.31014 4.27007 1.64885 1.39447 0.22305 2.84551 0.5698 -1.15344 0.35466 2.32637
3.741 4.62676 1.5297 1.0527 0.27217 0.39065 0.89665 1.15762 0.10153 0.37068
4.60534 4.5409 1.58044 0.26906 -1.25832 0.34921 0.48848 -0.05571 -0.59668 0.49277
4.13218 4.37276 0.22772 0.173 -0.97986 0.35027 -1.55315 -0.88914 1.61215 0.48124
2.61636 4.34491 0.10811 0.17007 -1.62464 1.15957 0.09976 3.04423 0.2217 0.45064
2.33143 4.96688 -1.14098 2.08085 -1.03285 2.87825 1.48806 2.23277 -0.23343 1.7695
2.05225 4.54718 1.21861 1.89672 0.60651 1.01838 0.7611 1.56931 -0.89403 3.00878
2.00256 3.98724 0.42282 1.43351 0.70697 0.97872 0.64635 0.49178 1.13104 2.44525
0.76647 3.04268 0.74301 0.57983 1.66888 -0.74838 0.81012 -1.93826 0.73349 1.50609
-0.63966 3.28586 0.68857 -1.72149 1.83598 0.08074 0.59179 -0.66511 0.83177 0.83531
-0.97766 4.39953 1.92541 -0.73736 0.87034 1.7642 0.33574 -0.95379 -0.40504 2.03911
-1.23336 4.40005 1.5922 -2.26947 0.11744 3.39738 1.99423 -1.6377 0.58476 2.15059
-0.21879 4.37316 -0.24231 -0.45398 1.20149 4.89425 0.13728 -1.52737 0.97683 0.43107
0.50172 4.11704 0.67585 -0.00285 1.2238 3.22507 1.44057 -1.39705 -0.48971 0.51835
4.40388 4.6867 1.30403 -0.88571 1.26417 1.80519 -0.27414 -1.3469 -0.16137 1.15928
5.05591 5.95816 -0.11879 1.44891 2.87789 0.9634 -1.90259 -0.27747 0.78895 0.29519
4.56123 7.59888 -0.62721 2.72362 1.84846 1.15401 -0.36724 -0.70413 1.20016 -0.3932
3.41836 5.88159 0.32235 0.32128 3.52778 1.74609 0.6367 1.63778 0.75015 0.0231
5.84666 5.72704 0.1127 0.4182 2.69161 0.06865 0.37036 -0.72689 -0.21922 -0.07645
7.82776 6.33515 0.22395 0.71498 2.6124 0.60078 0.81028 0.31737 0.50206 -0.42056
7.31925 6.34392 -0.4815 -1.49879 3.59817 1.22917 2.45957 0.70738 1.17508 -0.76322
6.73368 3.75423 1.28116 0.11156 3.73741 1.15197 2.79441 -0.9499 1.07133 -1.07664
8.06081 3.04326 0.96029 2.12673 3.34958 1.28708 0.72273 -0.92677 0.69204 1.00526
6.97053 3.04448 0.90894 2.13366 1.92629 0.2768 2.43713 -0.70108 0.69537 1.2095
6.15695 4.98051 -1.10949 1.15699 3.74967 -0.72879 1.43009 -0.42708 -0.36983 -0.94099
4.89368 6.32781 -0.73116 0.08963 2.48732 0.45215 -0.18627 0.06623 -1.71082 0.68102
5.77803 5.13193 0.34972 -1.99021 3.21361 0.07327 -0.79654 0.20442 0.99213 1.17688
7.56559 6.04804 -0.25955 -0.72414 2.48322 1.48642 0.01008 -0.54385 -0.11357 -1.27859
8.53671 5.67549 -0.24931 -1.09239 3.63832 0.83714 0.2019 -0.69258 0.8982 -0.15322
10.42837 3.61146 -0.23903 -0.20639 4.83681 1.38773 0.3202 0.81371 -0.14357 0.60178
9.47054 3.97421 -0.30714 0.62834 5.1198 -0.64852 2.60072 -1.27159 -0.68096 1.88563
11.59067 5.03641 0.3583 0.17668 4.19866 0.858 1.37126 -0.18056 0.48426 1.12483
11.55113 4.80235 -1.84972 0.78125 3.87254 0.85091 2.57379 -1.13636 0.13283 1.49156
10.21548 3.91872 -0.91698 -0.22707 3.08953 1.82472 2.77137 1.51627 0.50267 0.87834
9.42605 5.61108 -1.23315 -1.00208 3.46512 1.33818 2.0464 0.01597 -0.31234 -0.45659
9.36964 3.77164 0.00812 -0.36801 1.93263 1.04953 0.94121 -0.22094 -1.29239 -0.25238
8.61949 6.0572 -0.29247 -1.32862 1.86781 0.8551 0.19399 -0.01692 -0.01157 -0.36913
8.19826 6.97291 2.36026 -0.48184 2.15663 1.73369 0.23726 1.18488 0.67767 0.2103
8.00581 6.56944 0.50127 0.23493 3.76703 2.39551 1.53793 1.89609 -1.00632 -0.64101
8.0779 7.7796 0.6895 -0.64901 3.81972 3.19624 -0.6847 2.12773 -1.00353 0.29283
8.40352 6.94498 0.10936 -0.06491 4.92064 0.9467 0.76951 0.89512 -1.20765 -1.78027
10.8482 7.19504 0.79494 -1.81098 4.46823 0.24334 2.29726 2.84315 0.60214 -1.20948
12.60319 5.49888 0.13503 -1.72965 3.15545 2.20904 0.61838 1.36355 -0.28098 -1.55583
12.8431 4.24434 1.24785 -0.26676 6.58581 0.24527 0.5982 1.78724 -0.24662 -1.30508
14.29519 3.75921 0.41581 0.09517 6.20918 -0.66962 2.05481 0.26813 0.44291 -1.95585
15.1818 2.7801 2.27554 0.22444 4.4746 -0.63633 2.95921 1.11605 0.14023 -2.25817
15.85679 2.46188 0.73277 0.20265 3.95829 -1.3179 2.02123 -0.91987 0.27662 -3.0516
16.45082 3.0912 2.3877 -1.63436 3.26042 -0.46278 2.92112 -0.97646 0.43107 -3.33872
15.99433 5.03074 -1.1928 -2.02707 5.47016 -1.29269 -0.03478 -1.40937 0.92897 -1.61356
15.49828 4.1005 1.94386 -0.88606 4.38027 -0.11288 0.67513 -0.48154 -0.56643 -2.18275
13.68921 1.33904 0.84398 -0.55235 4.34855 -0.51093 1.29872 0.41213 -0.68969 -1.68692
12.34749 0.70041 -2.92884 0.51894 3.46606 -2.39867 2.45498 -1.26573 -0.78887 -2.82416
11.82264 0.44933 -0.53563 0.41363 4.5283 -2.7384 3.03105 1.1245 -1.64656 -1.73466
12.29854 -0.41532 -1.42194 -1.28137 3.37886 -2.79971 2.15584 1.13121 -0.37058 0.17721
12.50032 -1.25367 -1.04432 -1.29212 3.14297 -1.5229 5.39249 -0.2786 -0.67952 -1.55281
9.87734 -2.01221 -2.09222 -0.94531 0.62607 -0.01324 2.10169 0.77198 -0.259 -0.87735
8.97222 -2.8537 0.78947 -0.91027 -1.41428 1.92589 1.98163 2.08298 1.46508 -0.38483
7.72172 -2.63377 -0.66395 -1.12645 -1.21786 1.97143 2.69738 1.93826 1.74911 -0.41517
8.20526 -0.96409 0.10929 -0.38371 -1.33851 -0.1219 1.94473 0.88178 2.79668 -1.11647
7.06858 0.08079 0.80775 -0.55904 -0.66514 -0.74466 0.42497 1.98949 1.29693 0.29754
6.30869 -0.51638 -0.68137 -0.66862 -0.03398 0.15797 -0.18592 -0.61541 0.25791 -1.15649
5.12641 -1.13915 -0.55838 -2.2243 -2.90277 -0.12975 -0.09814 -0.82427 -0.9937 0.06595
2.70436 -1.76085 1.89992 -2.30399 -0.13848 0.89076 -0.98073 0.6028 -1.65361 -0.68562
1.82111 -0.40136 0.8975 -2.59243 -0.29796 -0.48343 -3.47193 0.12098 -0.90392 0.27171
1.20328 1.97887 1.08682 -0.82542 -0.62134 -1.5357 -0.16849 -1.33728 1.76194 0.80168
1.33314 1.36052 -0.33674 -0.96702 0.02882 -3.48728 1.35687 0.9164 1.10075 1.22323
0.02278 2.12366 -0.68262 -1.68801 -0.12205 -3.5412 0.25227 1.21382 0.37437 1.75803
-0.98425 0.4041 0.30284 0.1051 -1.08765 -4.33427 2.69712 -0.82273 0.82898 0.34192
-0.59717 -0.51955 -1.16829 1.98086 1.22545 -2.3391 2.07702 -2.08417 0.28353 -0.12814
-0.89328 -2.41809 -1.11426 1.18855 1.55416 -2.93416 2.08845 0.83554 -0.24742 -0.86849
-1.08793 -2.74665 -1.16107 2.11239 1.2294 -1.88313 0.50157 0.55194 -0.75758 -0.36679
-2.94126 -2.66631 -1.65788 2.77474 -0.71341 -1.13717 1.43067 -0.49876 -0.55568 -1.2631
-3.82873 -2.85557 -1.09358 1.43252 -0.16122 -1.73417 1.80603 1.72301 0.69071 -1.17868
-3.14677 -2.43271 -0.9219 1.58751 -0.41152 -0.59452 1.27524 -0.00457 2.15498 -1.79645
-5.50645 -3.63795 -1.80069 2.17096 0.3561 1.00174 0.92953 0.94565 1.05574 -1.57232
-3.86712 -2.84487 -0.35534 -0.31174 1.0866 2.86258 2.90172 -0.11982 0.28816 -1.41506
-3.49701 -2.40817 0.37527 -1.77523 0.30946 2.65052 1.07615 0.13036 1.22732 -1.59556
-1.87202 -1.56032 0.58216 0.01079 -0.53596 1.03303 0.25337 0.90937 2.25335 -1.6809
-1.33819 -1.54405 -0.15866 -1.35604 -1.80982 0.31135 0.68982 1.31244 0.52203 -0.57506
-0.4045 1.04041 0.61588 -0.95606 -1.49399 -1.08795 0.43467 0.16382 0.47994 -1.05706
0.0483 1.70304 -0.1977 -1.29965 -1.88909 -0.78767 -0.39775 -0.64161 0.51297 -0.22763
-0.64488 1.80016 -0.17428 -2.05585 -2.73139 -0.97369 -0.13938 1.70976 1.91921 0.54781
-1.56135 0.42811 0.81389 -1.29278 -1.52753 0.50247 -0.39172 -0.01921 -1.10873 -0.49823
-0.36463 0.58942 -1.36055 -0.3193 -0.77625 1.03221 -1.56887 -1.07713 -0.92281 -1.16427
-0.4275 0.19345 -0.15275 -1.13615 -0.07065 0.01188 -2.76217 -1.23945 0.11153 0.03834
-1.37909 0.47747 0.5898 -1.14088 1.28892 -1.41848 -0.45052 0.84774 0.82419 -1.08695
