-0.3874 -1.47213 1.84385 -1.09414 0.8721 0.00184 3.74255 -0.42651 -0.74776 0.45992
-1.12226 -0.0107 1.75049 -1.6001 -1.74144 1.73376 3.9334 -2.06714 0.09827 2.03537
0.43951 -0.28835 1.62253 1.97041 -0.86131 1.63998 3.07501 -2.00595 -0.3874 0.91872
1.37097 -1.79974 2.82203 -0.1262 0.14534 2.85847 2.96414 -2.46351 -0.43042 -0.05169
1.81026 -0.99154 1.91572 0.43617 -0.45438 3.63806 3.12502 -2.94511 -0.63308 1.74497
0.37269 1.38608 0.85587 -1.06538 1.08184 2.75309 3.43453 -3.39641 -0.1977 1.28763
1.88743 -0.55563 0.68694 0.74558 -0.46554 3.32006 3.17068 -3.61124 0.22354 1.67013
2.84009 0.85116 1.74899 0.42192 -1.46401 4.23154 4.0541 -3.95585 -1.30699 1.50613
4.64116 -0.54983 2.18505 -0.28853 0.23993 3.30392 4.21933 -0.79868 0.08265 0.97653
3.344 -0.0591 2.11088 1.4126 0.59141 2.64501 4.59659 -0.60807 -0.13547 1.23447
3.69253 0.80445 1.94213 1.14269 1.01599 3.11011 5.15012 0.21211 0.00766 2.19007
2.57908 -2.12458 2.70845 -0.01921 0.85459 3.49442 5.60539 0.96797 0.36251 2.45491
1.69139 1.92038 2.23049 2.26309 1.24476 3.80265 4.10777 0.87517 0.70572 1.86699
2.02431 0.88894 2.74398 0.96716 -0.37987 5.18899 1.82137 0.40154 0.37008 0.3037
1.14577 0.40079 3.04028 2.06371 1.03343 5.78324 2.35697 0.93512 0.59816 0.5783
1.43033 0.82401 1.79622 0.51453 1.4807 4.26114 1.5692 0.96092 -1.73154 1.61967
0.61719 1.64615 3.43991 1.73327 1.70266 4.50641 0.69358 1.75308 0.02724 -0.63975
-0.92706 3.68249 1.67677 0.48995 0.77411 4.41754 0.92776 0.66152 -0.07115 -0.80891
-0.77564 0.67902 1.38056 2.80096 -0.25028 6.14402 0.83965 0.94425 0.46424 -1.69719
-0.90743 -0.26854 -0.34831 1.65639 -0.40112 4.91209 1.3044 0.74659 -0.95906 -0.86817
-0.23227 -0.73675 -0.0188 -0.24597 0.03662 4.92085 0.39074 1.61821 -1.20372 -2.35819
0.76139 2.50261 0.40515 1.244 0.41734 2.74139 1.05489 1.52563 -0.40515 -1.58694
1.03181 0.18172 0.80969 0.63559 -0.56726 2.0189 0.50552 2.21552 -0.66474 -0.5418
1.85202 0.67183 0.98972 1.12047 -0.58811 2.79706 0.91057 0.96179 0.58288 -0.82136
1.69853 0.44142 0.33245 0.80571 -1.10861 3.58011 1.53717 2.27575 -0.22788 -0.36856
1.57042 -1.44527 -0.31311 0.99045 -2.98112 1.43906 2.0194 2.42449 -1.04967 -0.0991
1.36667 0.90481 -0.5364 0.82072 -0.0479 2.5969 2.45616 0.55153 0.18975 0.16615
-0.47052 -0.09695 0.08859 0.29672 0.31221 2.32815 2.48385 1.4351 -0.4765 0.64918
-1.24556 -1.03452 0.47191 2.18551 -0.01999 0.80935 3.58547 0.89315 -0.25768 -0.50117
-0.3066 0.68337 1.4055 -0.24318 -1.52892 1.92861 2.76267 2.08621 -0.44785 0.57275
1.00192 0.89597 1.8766 1.52815 -2.05788 0.95053 2.93363 2.79069 -0.0474 2.90296
1.39837 -0.59511 3.12564 1.81323 -0.53986 0.42722 3.14113 2.69283 0.16622 1.98912
1.68408 -0.47877 2.96666 -0.70994 0.16821 -2.51224 4.7294 4.23289 0.34816 2.62596
-0.30282 1.85804 1.20775 1.432 -0.72969 -1.31485 6.31602 4.66562 -0.7277 0.79055
-0.39704 -0.62285 1.38935 0.27949 0.06421 -2.05124 7.19814 2.5492 0.47778 1.78033
0.95694 0.25507 2.61745 1.18826 -0.3223 0.59692 6.78903 1.54076 -0.95103 1.24245
0.60426 0.1364 4.78028 -1.35191 1.13965 1.34101 6.58251 1.49977 -0.69665 1.68337
1.31887 0.55818 4.11688 -2.33898 1.57217 1.35113 6.73974 3.06755 0.14754 3.23734
3.02644 1.21804 5.30455 -0.70695 2.93568 1.68075 7.55538 3.63678 0.21416 2.40534
3.28251 -0.38683 6.27819 -0.5036 0.52538 1.46282 8.23577 3.16266 -0.50827 2.95201
1.54232 0.12736 6.15307 -0.2391 -0.80115 2.00559 9.14917 2.13571 0.90576 3.11184
2.47151 0.33879 4.9966 0.85814 -0.74577 1.71167 8.36789 0.3006 0.61502 3.06262
2.27629 1.07346 6.03244 0.47501 -1.08564 0.41769 8.40582 -0.92498 0.54168 4.03485
2.22561 -0.8113 5.67978 -0.79713 1.3059 -0.70779 8.83501 0.88733 1.57471 2.81259
3.24798 -0.20296 4.93653 0.2474 1.88705 1.82711 9.31 1.76678 -0.6744 2.78442
2.42546 1.77341 3.97934 -0.97137 -0.2236 1.74807 10.88972 1.48961 -0.94621 1.91215
3.19775 -0.98073 3.31309 -1.74253 -1.3934 0.21148 10.28825 1.39344 0.04618 2.95419
2.61633 -1.16679 4.08512 0.75239 -1.27525 1.94092 9.77706 1.22948 -1.31842 1.48509
1.53281 0.23488 3.79932 1.85773 -1.06968 2.26388 10.93228 0.37042 -0.5823 1.66448
1.98132 -0.81224 5.12085 0.39185 0.4434 1.9092 12.46547 0.06365 2.38265 0.72973
1.09119 0.58822 6.27776 -1.47933 0.40699 1.02658 12.34875 0.8429 1.04426 0.55661
-0.10761 1.48992 7.28375 0.18115 1.4392 0.32194 10.7962 1.33062 -1.67496 1.64272
1.18304 0.71753 7.18755 0.3328 -0.2579 0.09781 9.26629 -0.15315 0.95269 1.33403
-0.43604 1.60161 7.7622 1.3456 -1.03473 -1.83602 9.45317 -0.38359 1.50108 -0.17086
-0.20181 1.86234 8.45535 2.50549 1.70776 -0.99284 10.48819 -0.49257 1.46231 -0.04058
0.97795 0.02269 8.80812 1.41872 0.98308 -2.2016 9.24244 -0.41751 0.88859 0.00678
0.14113 0.32149 9.18725 1.45464 -1.13214 -0.55309 9.06088 -0.04104 0.75009 -0.83178
0.62718 2.80511 6.37894 1.10857 -1.25836 -0.47422 9.28592 -0.41999 -0.74715 -0.49555
0.56261 1.06692 4.47615 -1.65297 -0.2068 0.68278 8.58778 -0.9863 0.34978 -3.31794
0.95616 1.06402 6.57478 -1.88383 0.56379 0.33501 8.88867 -1.10163 -0.15501 -1.90805
0.97426 0.15536 6.53264 1.91895 0.36143 1.48496 8.97892 -2.07558 0.36801 0.60247
-0.57298 -0.32546 5.77621 -0.09013 -1.4037 2.11784 8.98699 -2.38769 -0.53532 -0.33528
1.16989 -0.01265 6.51794 0.80213 -0.69627 3.04597 9.00042 -1.4904 -0.39555 0.30866
0.21067 0.24767 4.05827 -1.7237 -0.9669 4.27963 8.58051 -1.33427 -0.08044 0.6281
0.67214 0.51497 6.03268 0.16567 -1.41626 4.16015 8.53497 -1.45081 -1.4622 -0.14506
1.14569 0.25834 4.80203 -0.24839 -0.85572 4.34173 9.1802 -0.90021 0.08805 0.75624
2.38145 -2.20154 6.70544 2.16854 0.64933 5.13183 8.18627 0.99302 0.42366 -0.12735
2.77992 -0.57526 5.16344 1.95128 -0.0314 4.03532 8.22917 1.47457 1.11601 -0.29016
0.45452 0.49969 4.6793 3.03993 0.15339 2.75871 6.94231 2.38244 0.2502 -0.61236
-0.31741 -0.41096 4.77243 2.55173 -1.37459 2.44734 6.83286 1.65705 0.5377 2.17814
-1.29909 -0.45107 1.73384 3.59527 -1.75217 2.37625 5.15055 1.99605 0.61139 2.20938
-0.18857 1.56673 2.67445 1.21211 0.67068 2.2921 3.01025 1.45056 -0.71667 1.03072
-0.69574 0.33881 3.12426 0.40587 -0.48653 2.73369 1.5382 3.1497 -1.8404 -0.81233
-0.76509 2.34975 3.00138 1.31144 1.46504 2.83567 3.09754 0.29363 -1.3372 -0.12097
-0.98843 0.79425 2.18339 -0.38798 -0.59088 3.57144 2.03158 -0.94925 -0.39651 0.04406
0.14851 -1.05855 1.96181 0.39327 1.85982 2.62954 1.15897 -0.0011 0.06152 -0.91254
-0.72172 0.4949 3.51609 1.03288 -0.04153 3.59883 -0.23297 -1.77752 -0.0155 -1.1989
-1.16183 -0.59197 1.62663 1.42973 1.37936 2.71908 -0.98741 -1.84367 -0.64921 -0.64708
0.74155 0.45606 0.3042 1.7747 0.74512 3.33649 -2.70938 -0.88328 0.19588 -0.46271
3.30844 1.62786 1.11902 0.43238 0.87425 2.96151 -2.85677 0.87903 0.09273 -1.02579
1.56398 1.43923 0.88409 1.54355 1.32056 1.86656 -2.49891 -0.06574 -1.05256 -1.4197
0.24823 0.53795 0.32297 1.15938 0.9273 1.43246 -3.8089 0.00836 0.72212 1.2283
-0.62826 1.05573 0.06979 2.35761 -0.89055 1.72427 -2.89247 0.66375 0.20982 0.16361
-0.69834 -0.87075 -1.94205 1.3525 1.11604 0.70232 -4.24788 -2.11117 -0.72028 0.70838
0.32609 -1.53197 -2.05391 2.01158 2.48518 1.63995 -4.55525 -1.17845 0.55262 -0.15729
1.47515 0.59665 -3.48703 -0.00563 1.20883 0.68919 -3.54869 1.06875 0.11383 -0.25506
1.07539 1.8091 -4.12186 -0.35339 1.54406 0.30268 -3.90252 1.16915 -1.60825 -1.58633
0.36444 0.98828 -3.00852 0.9323 2.04781 -0.1795 -2.46192 1.46839 -2.08738 0.30051
0.71384 0.11603 -1.84386 -0.387 1.4175 -0.77491 -2.4515 1.05511 -4.20849 -0.58661
0.45218 0.48198 -0.68958 0.72454 -0.1796 0.16644 -1.4892 3.7539 -1.0909 0.72317
-0.09901 0.92723 -2.31543 -0.04693 0.16787 0.03063 -0.13826 4.05728 -0.38425 -0.42606
0.53426 -0.25811 -2.66383 -1.02518 -0.21716 0.24631 -1.54886 4.24381 -1.22267 0.0353
0.53142 -0.07508 -1.77628 -1.39431 0.19585 0.69835 -2.31226 2.60589 0.58499 -0.9942
-0.11556 -0.77216 0.09939 -0.74606 -1.3543 1.55883 -5.11446 2.54699 0.40605 0.35936
-0.48202 0.93716 0.10935 -2.41497 0.14675 1.12147 -6.34551 2.58711 0.44738 -0.4663
-1.6009 -0.16842 -0.50782 -1.42267 0.86132 0.82147 -7.52193 1.56962 -1.17018 -0.38768
-1.51856 0.05865 -0.40711 -1.14253 -0.0069 1.21726 -7.13952 -0.60478 -1.19383 1.36913
-0.81556 -0.42957 -0.23025 0.54722 1.06963 1.8399 -7.79814 -2.05539 1.56278 0.45311
-0.17679 -0.6263 -1.67977 0.32634 0.68819 0.32852 -6.19731 -0.86949 -0.21356 0.60816
-0.7471 -1.198 -2.67678 -0.51908 0.0998 -0.45831 -6.63933 1.60749 1.18008 1.43371
-1.91683 0.72468 -3.90315 0.67599 -0.18701 -1.49973 -6.35025 1.61254 1.76403 0.31682
-2.98324 1.4117 -3.71708 0.13712 -0.53145 -2.79309 -4.65652 1.23006 1.32405 -1.14126
-3.30545 0.2995 -5.03484 -0.85003 -1.50136 -2.60548 -2.66194 0.42195 -1.72288 0.13402
-2.88456 -0.802 -5.18882 -0.03802 -0.95526 -4.32988 -2.82825 1.69485 0.9824 -0.95101
-1.93531 -0.00767 -3.52616 1.88672 -0.66454 -2.2637 -1.68462 2.37621 -0.58244 -1.40553
-2.00394 -0.45847 -1.50794 0.58285 -1.29764 -0.12812 -1.86362 0.91285 0.17652 -1.05103
-2.57409 -0.8753 -1.4424 0.24476 -0.31485 -0.46355 -1.22009 -0.40707 -0.6816 0.34073
-1.82868 -0.20633 -2.09441 -2.85548 0.58231 1.36708 -2.10396 -0.19778 -1.49688 0.59763
-2.66672 -0.51119 -0.93912 -3.84432 0.50225 1.28693 -2.52764 -0.78942 -0.38619 -0.84783
-0.04468 0.41331 0.7762 -1.45435 1.58537 1.51564 -3.05458 -0.96916 -0.69341 -0.27721
-1.20824 -1.12033 1.18245 0.85975 0.26198 2.45149 -3.26885 -0.49354 -1.93067 1.27762
-1.68616 -1.28928 0.1091 -0.19232 0.93367 1.43173 -3.49756 0.26724 -0.28285 0.51895
-0.88301 0.14731 0.67178 -0.01787 -1.19816 1.18447 -6.00079 1.6196 2.25277 -1.05999
-2.25241 1.04128 -0.36527 0.14798 -1.9691 0.38267 -5.09142 0.48066 0.26128 -1.95738
-2.2065 -0.91711 -2.2676 2.31227 -1.88342 -0.04175 -3.9978 1.01881 -0.98386 -2.1558
-1.10925 -1.14471 -3.78577 1.89167 0.68716 0.34125 -4.03983 1.26045 -0.82962 -1.84753
-0.57793 1.69606 -3.36725 0.3155 1.46299 -0.59906 -1.75165 0.1368 0.83801 -2.66542
1.36231 0.70631 -2.59893 0.49053 0.91589 0.07304 -3.77916 -0.83382 0.08822 -1.75546
2.09344 0.232 -1.67541 0.81958 -1.58745 1.51452 -4.46753 -2.80495 1.41347 -2.55656
-0.23053 1.03233 -2.91583 -0.03559 -0.23659 1.23308 -6.47211 -1.86906 -0.41961 -1.14552
-1.41062 -0.22613 -2.55136 -0.29744 -2.72872 2.55509 -7.87536 -0.07145 0.98834 -1.08743
-1.83012 -1.45762 -3.05666 -0.39253 -1.52938 2.7555 -8.54188 1.00478 1.03332 -0.84763
-0.71781 0.29268 -5.46775 1.63937 -1.07601 1.9635 -8.53403 1.73747 0.01927 -0.67381
-0.73632 -0.98108 -5.71551 1.25998 -0.46502 2.29538 -7.94689 0.98679 0.7443 -0.45077
-1.36266 -1.69296 -6.09321 0.8227 0.13807 2.27397 -6.81191 0.78866 0.40478 0.35427
0.56049 0.36187 -5.21017 0.418 -0.14144 0.91699 -3.90669 0.79446 1.20025 0.3808
0.39109 -0.29631 -7.20495 0.13471 0.22004 -0.6675 -2.12555 1.39447 -0.3536 0.93499
0.33028 1.72407 -4.23089 -1.59394 -0.16131 -0.92838 -1.69022 0.391 -0.15316 1.2829
1.11121 -1.12243 -1.18256 0.99919 0.21925 -1.43758 -1.09329 -1.18458 -0.02916 -0.20103
-0.31442 1.79776 -2.59655 0.70643 1.62303 -2.91425 -0.80184 -1.44155 -1.69013 -1.00219
0.60461 1.24312 -2.93094 0.57985 0.79093 -3.64383 0.50168 -1.46313 -0.93548 1.43705
0.58549 1.65624 -3.10369 -0.42906 -0.2932 -3.63135 -0.12568 -1.5068 0.26151 0.75002
1.61342 -0.51247 -1.34751 0.89831 0.12073 -2.80835 1.18641 0.50531 -1.05584 -0.05514
0.58583 -1.46652 -0.37166 -0.29519 -0.79386 -1.59606 2.12595 0.77346 -0.49439 0.8311
-0.44403 0.23779 -1.49067 -0.29371 -1.84686 -0.33179 1.84551 1.2522 -0.02963 1.45012
-0.13619 -0.95058 -2.40596 -0.30133 -0.26584 0.37627 0.2427 2.38728 -1.95164 1.42663
-0.24897 -2.09785 -2.50613 -1.94578 0.00888 0.8759 0.41022 1.89509 0.46362 3.97691
-0.91116 -0.21898 -1.96699 -0.61926 2.6181 0.4135 1.08318 2.68924 -0.73375 1.91543
-1.69747 0.04848 -2.19245 -0.56344 0.00538 -0.1336 2.5757 1.30981 -0.99998 -1.00855
-1.04328 -0.73597 -1.10657 0.81823 1.25678 -0.95714 3.70985 0.68244 -0.04603 -0.96041
-1.68742 -0.46293 1.66244 -0.05868 3.2668 -1.31334 4.05128 -1.02623 -0.75627 -2.495
-2.08337 0.18224 3.28485 -0.88604 0.59142 -3.49422 3.66249 -1.46393 1.18599 -1.02534
-2.05933 1.11515 2.85589 -0.80174 1.00697 -2.34308 1.8911 -0.35774 1.33944 -1.5999
-2.00064 -0.60875 2.93662 -0.61909 -0.72822 -1.52751 0.57203 -0.28385 1.41267 -2.32549
-0.36305 -0.54468 1.57617 -0.34599 -0.11935 -2.07043 -0.05553 0.19292 0.05979 -1.51892
-0.8302 -0.12769 1.62358 -0.22272 -0.3715 -0.95458 -0.892 0.80428 0.76229 -2.69479
-1.23514 -0.45434 -0.19691 -0.16932 -0.22386 -0.51526 -3.06357 0.99454 2.6415 -2.08739
-1.45535 1.67226 1.11138 0.37313 -1.19599 -2.15932 -3.72376 0.38863 0.93851 -1.64202
-0.66556 -1.66317 -0.45025 -0.45599 0.88542 -2.5405 -7.17011 0.16023 -0.02466 -2.52806
-1.62342 0.19345 0.11125 -1.93664 -0.94726 -1.43908 -8.78359 1.0733 -0.53041 0.05343
1.18743 0.4398 -0.98336 1.24601 -0.22054 0.52897 -10.29488 1.73625 0.37242 -1.00791
0.92056 -0.449 -2.46162 0.30443 -1.78436 -0.4172 -9.74844 0.27968 1.73378 -2.22359
0.7899 -0.52941 -3.21939 -0.72781 -0.8717 -0.8359 -7.45665 -0.18883 1.98787 -1.48882
1.69803 -0.1135 -3.51638 0.71826 -0.7301 -0.90634 -7.13064 0.72671 0.54746 -1.91108
1.04761 -0.27483 -4.28014 -0.26172 0.90405 -2.65146 -7.9812 -1.70373 0.8809 -0.74892
0.83652 -1.23627 -5.19996 -0.89526 -0.95482 -3.40326 -7.3668 -0.17804 1.4995 1.32301
1.10103 -0.34 -4.53369 1.15055 -1.2278 -2.71873 -6.47067 -0.47444 -0.72461 0.23069
0.65329 0.2479 -5.43087 -1.1691 0.19089 -2.68456 -4.65645 -0.23185 -0.0418 -0.40377
-0.18442 1.23731 -5.08623 -2.28219 0.28702 -2.45341 -4.5857 -0.0046 -0.63549 1.2062
-0.09568 0.78019 -5.79754 -0.51891 0.36938 -2.14507 -3.71967 -0.5481 0.84485 1.039
0.51017 0.8142 -3.69629 -1.28846 -0.99621 -3.47682 -2.25936 -0.30375 -0.80724 0.09506
1.433 -0.26291 -3.20559 1.27494 1.59967 -2.37672 -2.78153 1.37741 -0.72963 -1.36129
0.31078 -0.14694 -2.54153 -1.22868 -0.50923 -0.76525 -4.67695 1.26723 -1.17822 -0.52424
0.03634 0.24715 -2.47979 1.27212 -1.43588 0.50461 -5.54931 1.12623 0.00397 0.3749
0.22449 0.18265 -2.52192 0.52554 1.42245 1.1801 -4.35119 0.64773 1.11808 -1.00991
2.01742 -0.62144 -2.20912 -3.20893 -1.49531 1.10756 -5.44348 -0.26711 -1.10694 -1.11115
-0.01327 0.92842 -3.03545 0.67314 -0.54433 0.40322 -6.12353 0.24433 0.95303 -0.63681
-1.67719 0.21386 -3.47959 -0.3476 1.29742 0.57257 -4.09658 -2.37666 0.71671 0.15078
-1.61543 0.19866 -3.01779 1.32092 -0.37724 1.03401 -2.77373 -1.80387 0.96782 -2.47217
-1.02958 0.37127 -4.12731 1.01494 -0.42875 -0.43921 -2.96766 -2.40388 0.39068 -1.91666
-1.55344 -0.49125 -3.09 -0.56603 1.72736 -1.17247 -2.64388 -2.03272 1.34332 0.09405
-0.82176 0.25968 -1.02724 0.01328 0.38302 -0.13544 -2.33502 -1.2768 0.77023 -0.44619
0.29589 -0.72531 -0.84152 -0.21198 1.54707 -0.27518 -3.97282 -1.52801 1.12008 -0.88976
0.94348 -2.16442 -0.05136 0.01703 -0.14731 0.96316 -3.87835 -3.25031 0.51533 -0.32716
1.31891 0.4104 -1.47216 -0.33454 -0.17357 2.87649 -3.64458 -2.04809 0.23819 0.33778
2.60322 0.25048 -3.71367 -0.11885 0.16036 4.25261 -3.86027 -1.16763 0.41889 0.84085
1.28803 1.44254 -3.76536 -0.09777 -1.57451 4.09232 -1.51892 -1.3651 -0.00686 0.93822
1.40737 0.60119 -4.77073 -0.1585 0.10004 3.54731 -1.30242 0.41066 -0.85127 1.11346
0.79037 -0.82893 -2.80812 1.84866 -1.38981 2.07198 -0.90448 1.45496 -0.84827 0.79054
-0.78837 -1.17266 -1.62547 2.8075 -0.47079 3.04545 -0.07304 0.90252 -0.83252 1.13733
-0.06765 -1.57442 -1.06493 2.57113 -0.04833 4.45552 0.23043 1.13105 1.19496 2.39873
-0.43762 0.99104 -2.14602 1.20831 -0.61175 3.71706 -0.18919 1.52344 -0.22325 0.54573
1.34358 2.02733 -1.23515 0.75792 -2.04625 3.72484 -0.21157 0.44717 0.97513 0.19329
3.38807 1.40956 -0.67467 1.27902 -0.68124 2.55714 -1.34282 0.86487 1.57132 -0.97792
2.36535 0.85518 -1.55199 -0.04976 -0.60845 2.60101 0.38194 -0.67228 2.42402 1.0722
1.88729 1.10302 -1.84873 1.09548 -0.93288 2.33744 0.8065 -1.48918 2.50253 3.07436
1.04175 0.75435 -0.32588 0.41453 -0.23427 1.82538 -0.32453 0.6701 -0.77701 1.77158
2.44771 -0.81127 1.15718 0.18378 -1.77968 2.0206 -0.94118 -0.19627 0.90476 0.3664
3.01848 2.3597 0.60339 0.63882 -0.20048 1.20461 0.7124 -0.77592 -0.11495 -0.22348
2.85301 1.89544 -1.5933 1.23849 -0.33998 0.70728 1.1091 -0.76537 -0.82827 0.93135
2.57148 -0.86226 -1.65583 0.91514 0.04443 0.13558 3.79272 -1.59353 -0.07477 1.39259
3.34814 1.80753 0.00662 -0.15946 -0.58597 -1.32334 3.04331 -1.08762 -1.32352 1.16817
1.6805 0.30585 0.86027 0.29279 1.65012 -0.41725 3.76198 -0.39977 0.06757 0.48844
0.59569 -0.38931 2.57209 -0.17945 0.33383 -2.08312 0.44022 -0.26917 -0.26275 2.02762
1.6004 1.1133 3.20055 -0.00853 -0.1374 -0.95476 1.56068 -0.38958 0.72164 0.81098
3.3031 -0.55491 3.08777 -1.21717 -1.01666 -0.8848 0.52238 -0.92323 1.73631 1.40457
1.47002 -1.31198 0.94467 0.53994 -0.05167 0.86091 1.13329 -2.28106 -0.44805 0.17145
1.99965 0.93151 -0.3869 -0.93097 0.17547 0.82561 1.59231 -1.6938 0.19022 0.8913
2.96098 0.98274 0.64679 1.41413 -0.25003 0.72834 1.93639 -2.20094 0.11072 1.03492
2.73776 0.84918 -0.82067 1.00006 1.24245 -0.3647 1.99275 -4.18442 0.42728 2.85493
0.56885 -0.71559 0.05202 0.50116 -0.16004 -2.1168 1.91454 -3.53397 0.70961 1.0853
1.33968 -1.32267 -0.33845 1.07575 -0.80588 -0.98758 2.09056 -4.35617 0.9734 0.07265
-0.88907 0.72385 1.94601 -0.26584 0.35694 -0.45445 2.89252 -2.67322 2.91791 -0.16361
0.05778 -1.28081 -0.39553 -0.50289 2.2344 -1.65468 4.25719 -0.46654 0.57287 -0.14427
0.37132 -0.26585 0.20607 -2.20096 0.01869 0.30805 3.08734 -1.07176 0.48271 -0.23437
0.58949 1.35168 0.78816 -0.43872 -0.82655 -0.26666 2.85227 -1.46597 -0.02246 -0.52392
-1.7065 1.8394 1.30997 0.09617 0.33926 0.40144 4.23993 -0.05383 0.77662 -1.4581
-2.38344 1.51147 2.00848 -1.88835 -0.11395 -0.52038 4.66392 -2.03611 1.99939 -1.66982
-2.45488 -0.2982 2.5076 1.14434 0.93169 -1.88326 2.79881 0.91673 -0.33687 -1.69938
-2.82552 0.00123 2.37636 0.33197 1.98322 -2.01672 1.783 0.39313 -0.33474 -2.9265
-3.36839 0.12371 2.93844 -0.58729 -0.31952 -2.57983 4.0547 -0.3468 -1.06173 -1.23493
-1.9827 2.42529 1.34563 -0.42443 -1.82503 -1.94444 4.17884 -0.93276 0.44675 -1.40947
-2.46818 0.0097 1.72469 -0.47175 -1.45641 -1.43545 3.0815 -0.32953 0.09259 -0.78128
-3.4756 -0.45045 -0.55617 -1.81363 -1.12872 -1.94424 3.12531 -0.21697 -0.37904 -0.96283
-1.22316 -0.64072 0.08034 0.02209 0.21089 -2.11369 3.56074 1.50272 -0.73576 -0.96889
-2.26967 -0.28037 -0.1302 -0.39315 0.01361 -4.50119 3.08876 1.1075 -1.801 0.10986
-1.10955 -0.94301 0.61777 -0.29045 -0.78679 -4.5586 3.32617 1.58727 -0.02473 -1.53107
-0.78082 0.86278 0.36832 -1.13332 0.33709 -5.50202 2.52293 0.70346 -1.59535 -0.26859
-0.80993 -0.75 0.84146 -2.1464 0.23344 -5.32952 1.12925 1.74242 -1.86317 -0.97879
0.23016 0.29585 -0.04164 -0.63443 -1.72197 -6.07972 0.46864 0.21832 -1.27997 1.75642
0.5641 -0.56687 -0.92631 -1.94586 -1.53249 -7.42609 1.59656 -0.51481 0.20986 2.15442
0.74654 -0.77574 -0.39318 -3.39278 -1.17046 -7.74312 0.22836 -1.60628 -1.30203 1.46737
-0.49136 -0.08117 0.10566 -2.28366 1.13887 -7.52295 0.23147 -2.07555 0.13517 1.84374
0.24765 -2.56964 -0.53354 -1.71432 -0.07661 -6.03139 1.6682 -1.98724 -0.92591 0.151
0.45108 -1.40824 -1.44434 -2.47636 -0.99713 -5.57936 1.37444 -2.81159 0.48798 0.43788
-0.63403 -1.22687 -0.32735 -0.15336 -2.83566 -5.67694 1.1629 -1.53513 -0.71187 -0.10928
-1.09386 -0.82829 0.82482 -2.0531 -1.89146 -3.68712 0.16594 -1.09087 -0.45212 -0.51378
-2.18768 -1.54521 0.32911 -0.98808 -1.81835 -2.55433 -0.07523 -0.67073 -0.33702 -0.39161
-0.98317 -0.80532 0.23409 -2.64141 -0.35502 -2.04302 0.27051 -0.61752 -0.71364 -0.36965
-2.05107 -0.48658 2.51028 -1.01153 0.52594 -3.35179 -1.1536 -1.33914 -0.74693 -1.15505
-0.81265 -1.07671 1.10304 -0.05861 0.74071 -3.45309 -0.37115 0.75383 0.28803 -1.63318
-0.52561 -0.52839 0.08632 -0.10908 2.18995 -2.81697 -0.40478 -0.24432 -1.29313 -0.29888
0.78289 0.00978 -0.13884 -1.41404 1.75854 -1.35621 -1.05755 0.43485 -0.65301 0.09851
0.1163 -0.08896 -0.85392 -2.10931 0.64992 -1.58869 -0.33535 -0.49969 -0.19807 -2.10652
0.0019 -1.17419 0.51119 -2.29063 -0.08641 -2.46044 0.01669 -1.71166 -0.34732 -2.28096
0.3759 -0.22774 -0.00517 -3.00593 0.70224 -2.29642 -0.93437 -2.64061 -1.53198 -0.94137
1.20192 -0.92372 0.81098 -1.53701 0.82624 -1.16072 -2.61189 -1.35527 0.16355 -1.06654
0.0735 -0.26005 1.54624 1.23269 1.44624 -0.58247 -3.88978 -2.32863 -1.84554 -1.12899
-0.47872 -0.89036 1.26566 -1.02886 0.03958 -1.43861 -5.02748 -4.19226 0.2544 -0.84725
-1.01806 -1.39957 -0.88248 0.60008 -0.45013 0.53867 -4.30868 -1.91927 0.33393 -0.7086
-1.05152 0.82414 -1.03841 -0.18056 -1.22893 -1.52502 -4.30352 -1.81319 -0.00216 -0.81489
-0.31772 0.25662 -1.385 0.46826 0.79484 -1.22211 -4.18297 -0.48417 1.05355 -1.1263
-1.30501 1.51746 -2.24343 -0.60354 0.02949 -2.34813 -3.77834 -1.34082 1.2996 -0.50182
-0.54302 0.47576 -1.77954 -2.51607 0.38685 -0.93903 -3.55232 -1.21532 0.69703 -0.79553
0.18788 -0.43758 -0.97364 -1.10048 -0.46596 0.15834 -1.76204 0.03885 -1.31943 -0.60777
0.75508 0.50785 -3.15205 -0.4609 -0.21826 0.4984 -1.07274 -0.05378 0.85487 0.85509
-0.64321 -0.26435 -2.23852 -1.51342 -0.03146 -0.96611 -2.93478 0.23766 0.74773 1.18941
-0.02509 -0.44553 -2.18513 -1.85387 0.80873 -0.7092 -3.00997 -1.17094 0.49173 2.23602
-0.7816 0.73045 -0.62356 -1.07061 0.08637 -1.23054 -2.1246 -0.47036 -0.72365 0.3054
-0.67499 -1.79972 -1.50354 -1.13565 0.25311 -0.32666 -2.88512 0.32466 -0.8736 -1.20025
-1.98423 -0.60105 -0.32101 -0.25133 -1.15506 -1.99897 -0.69094 -0.66665 0.04299 -3.01776
-3.11412 -0.00394 -0.74915 -0.47038 -0.20631 -3.35552 1.0494 -0.40009 0.34678 -1.14775
-3.56979 -0.66081 -1.06748 0.13324 0.20855 -2.38462 1.47865 0.56735 1.39958 -2.22227
-4.7696 -1.17514 0.62583 -0.53021 -0.7572 -3.73887 -1.52241 1.81652 1.65957 -2.12796
-2.10206 0.74613 -0.57165 -0.02239 1.31289 -2.52753 -2.48006 0.76256 0.65899 -3.13056
-2.13035 -0.25861 -1.75618 0.27363 0.15566 -2.37467 -0.76195 0.12622 -1.40932 -3.8349
-0.81809 1.69438 -0.33026 -1.44243 -1.22156 -1.62207 -0.55953 -1.44321 -0.29291 -3.65013
0.3859 0.67988 0.28124 -0.52513 -1.47777 -1.9314 -0.47759 -0.99007 0.18572 -2.97811
0.99433 0.39771 -0.79763 0.09926 -0.1235 -1.95375 -0.80743 -1.15101 1.39734 -0.32927
1.5919 0.08683 -0.14583 -0.82575 0.90718 -2.03197 -1.56431 -2.00598 2.11485 -2.71369
0.22551 -0.58512 1.58056 -0.15783 -0.20222 -1.71882 -2.39847 -3.21121 0.15258 -1.59358
-0.7453 0.84186 0.32314 0.62679 1.09664 0.10151 -3.33385 -1.4993 -0.65204 0.44963
0.46757 1.46372 -0.79742 -0.13428 -0.37577 -0.38249 -3.66907 -2.43013 -0.21097 1.78701
0.09198 0.42224 -2.31673 1.62816 -0.24221 -1.11019 -4.52888 -0.88789 0.5457 0.33
0.37889 0.09836 -1.87641 -0.08142 -0.74165 -2.56535 -3.89805 -0.48282 0.96663 -1.81762
-0.3469 0.95038 -2.35518 1.1433 -0.39925 -1.68467 -4.22373 0.93811 1.4922 -1.98833
-1.83056 0.23092 -3.51295 0.62755 -1.16152 -1.52564 -4.91034 -0.91903 -0.98677 0.84666
-1.64198 -0.06329 -4.00526 0.1262 -0.09383 -1.98591 -5.79234 0.04007 -1.92404 2.11513
-2.65562 -0.77989 -3.64346 0.98993 0.31931 -1.10213 -6.4183 1.39295 -0.42657 1.52991
-2.79028 -0.80319 -3.61049 1.09068 -1.65428 0.12229 -6.84916 1.87128 -0.8645 -1.39984
-1.67566 0.57181 -5.43262 -0.24192 -0.31536 0.53938 -7.34436 2.60716 -2.98801 -2.15946
0.86573 -0.37385 -5.26889 -1.0901 -0.30716 1.83895 -7.21268 1.67382 -0.89589 -4.2732
0.83469 0.12293 -5.26409 1.04535 1.72444 1.69617 -6.83347 0.75168 1.41048 -2.86951
-0.545 -1.25804 -5.0898 0.79415 1.26891 0.80673 -7.09366 1.10029 0.99204 -1.74627
-0.03598 -1.19136 -4.60865 0.76718 2.25187 1.60861 -7.59602 1.68866 0.32073 -0.86436
-0.31625 0.94657 -3.36496 1.06802 1.36358 0.86239 -9.62014 2.23996 0.17528 -0.33436
0.06836 2.46706 -2.99627 0.73947 -1.30532 0.05953 -9.67474 0.44344 1.27465 0.93923
0.03642 -0.13776 -2.91473 -0.3279 0.02406 -0.20381 -9.91649 -0.48607 -0.23174 0.26493
0.19161 1.18836 -4.77948 1.12156 -0.48959 0.61322 -10.47398 -0.21043 -1.1469 -0.51644
-2.59722 0.5855 -4.10086 0.08856 -0.20207 1.42277 -10.37163 1.3851 -0.47241 -0.46343
-1.02605 -0.10846 -5.45266 0.01638 -0.08087 2.08093 -10.75061 4.05504 -0.92842 0.7506
-1.17356 0.57999 -4.30123 -0.18686 1.12869 3.17762 -9.68189 2.6306 0.6933 0.20202
-1.11405 0.63446 -6.62447 -0.37018 0.11723 2.51013 -10.09835 3.35334 1.25629 -0.32266
-1.01898 -1.13752 -6.90073 -0.96558 1.05132 2.19916 -8.8986 2.88042 -0.398 -0.2647
-0.53353 -1.48538 -6.83302 1.17527 1.52561 0.32462 -8.40934 0.45164 -1.82722 -1.31541
-1.16123 0.20815 -5.42951 0.70382 0.98049 0.75131 -9.04939 0.40368 -0.36543 -1.29305
0.40994 0.32211 -5.21881 0.6919 0.13738 1.20701 -8.75072 1.05424 0.81691 -0.71834
0.43295 -0.66629 -3.6422 0.65428 -0.72428 1.95524 -8.28104 1.80142 1.01999 -2.16788
2.63511 -1.66263 -3.34886 0.67733 -0.14971 3.66872 -7.63851 0.86695 0.20556 -1.70783
2.90532 -0.0413 -5.10822 -0.56741 -0.88619 3.57718 -6.21268 2.03682 1.37486 -1.31059
3.41336 -1.47775 -5.07453 -1.00083 0.26662 3.94754 -5.78006 1.93788 1.47742 -0.07754
2.29521 0.09789 -3.76525 0.43847 -0.46626 3.59037 -4.90432 1.47407 -0.17308 0.98444
1.0855 -1.65027 -4.39071 1.98998 -1.29721 2.75814 -5.91567 1.463 -0.18148 1.66722
0.26576 0.15947 -5.45516 1.83865 -0.08704 2.07916 -4.76376 3.00993 -1.81818 0.98029
-0.85763 -0.25637 -4.97432 2.29831 -0.80631 1.98963 -1.3039 1.98433 -0.37864 -0.42696
-0.12305 2.2822 -4.09948 0.07952 -1.21173 1.28676 -2.15715 2.40318 -0.45652 -1.23244
-0.47999 -0.16935 -2.30336 0.53725 -1.41159 2.16518 -1.38584 3.7734 -0.75406 -1.59737
-0.56231 0.64703 0.1311 1.59943 -0.7557 2.84578 -0.79432 3.21126 0.14155 -1.98107
-1.38985 0.69516 -1.95862 0.52468 0.76246 2.1589 -0.30156 3.15972 0.39518 -1.72367
0.00848 0.00642 -0.83332 1.06426 -1.68292 3.19522 -0.44194 3.46612 0.50964 -1.11217
