-17.06439 -3.54318 -0.30983 -1.17573 -4.90527 -1.75275 -1.34852 -0.94606 -2.17246 -3.49082
-17.58778 -4.37495 0.37701 0.10554 -4.30878 -4.53637 -1.4341 0.3644 -2.97772 -3.05234
-17.0626 -3.96708 -0.12613 -0.50393 -4.34007 -4.95766 -0.31257 1.09176 -4.03064 -2.66735
-16.28386 -2.69132 -0.91477 -0.4416 -4.23843 -4.75119 -0.82366 0.23103 -3.90847 -1.27864
-16.45415 -2.79299 -2.12541 -1.06031 -5.13884 -3.55581 -0.56458 -0.14313 -5.33135 -1.40896
-15.22464 -1.73656 -3.88874 -0.92708 -7.02153 -5.88463 -0.00343 -1.43248 -7.02212 0.28636
-14.84826 -2.4004 -2.44729 1.3445 -4.67557 -5.59233 -1.05834 -4.14065 -8.49927 0.45443
-13.14718 -3.60373 -2.24388 0.88981 -4.84978 -3.36404 -1.9868 -5.58839 -9.6469 -0.82814
-13.31894 -2.6688 -2.32438 -0.91804 -5.24407 -4.19558 1.1787 -7.67328 -9.40185 -0.05232
-12.08352 -2.49596 -1.31302 0.66464 -6.16659 -3.55827 0.52531 -10.35024 -10.35804 0.56317
-11.1476 -0.78289 -2.34105 -0.59805 -4.08467 -2.33171 -0.98248 -10.59769 -11.17081 1.80807
-9.35096 -0.63187 -1.78014 0.80029 -5.87339 -2.07051 -1.90615 -12.82382 -14.19998 3.46453
-8.41322 0.88608 -0.405 -1.21507 -3.05982 -3.79694 -2.02313 -15.53823 -14.52471 4.81294
-7.89915 1.09336 0.71068 0.47886 -4.43348 -4.22524 -0.61332 -19.63874 -15.18372 3.96794
-6.13924 0.58532 -0.61764 1.18689 -2.95831 -2.24579 0.3356 -20.47763 -16.29525 4.03504
-5.00686 -0.34525 -1.80401 -0.28119 -2.91733 -1.34824 -0.48753 -23.37583 -15.5652 3.81659
-2.75756 -1.39731 0.58508 -1.442 -3.68301 -0.86866 -0.13953 -25.42928 -16.39739 1.80393
-1.84731 -0.13175 0.45471 -1.13625 -1.737 -1.6459 1.67866 -29.89775 -15.66926 2.16158
-0.41713 0.10679 1.12132 -0.72869 -1.57903 -1.54142 0.57699 -31.1939 -14.01093 3.10008
0.26612 1.65474 3.54651 0.18517 -2.06218 -2.14864 0.02151 -32.80252 -12.57611 3.68421
0.12423 1.70511 1.62949 1.10221 -2.37087 -3.51954 -0.0242 -34.85901 -12.26947 3.5615
-0.25603 3.62588 1.28922 1.10115 -0.40407 -4.68939 -0.9899 -36.20704 -8.86641 3.19208
1.38296 2.61489 2.22799 -0.66997 -1.94955 -1.71686 0.32138 -39.89809 -8.14938 1.86285
2.71559 3.19404 0.34294 0.42197 0.7595 -2.53454 -0.16004 -40.71491 -6.50286 1.66516
3.95074 3.65172 -0.14123 1.54113 -0.7551 -1.13968 1.25493 -40.84214 -5.91772 1.52279
5.5224 4.36335 0.39825 -0.66003 -2.03059 -0.25834 2.15742 -41.26532 -4.39493 1.22382
6.1585 4.95431 0.24324 0.76089 -0.12492 -1.05427 1.81793 -41.01875 -4.10276 0.23582
7.22823 4.09503 -2.61918 -1.42972 1.55579 0.37769 2.605 -39.03388 -4.20929 0.41639
7.21475 3.83462 -1.23381 -0.18239 2.59958 0.7723 1.97629 -39.19795 -1.50649 -1.76194
6.85846 2.15362 0.4298 0.24837 3.05196 -1.38367 2.05283 -37.76604 -3.40493 -4.15961
6.7942 3.3696 -0.96239 1.59038 4.47856 0.81293 3.21974 -36.85347 -4.50797 -3.33267
6.69042 3.16792 -2.342 1.46611 2.86894 0.86855 2.77069 -34.8665 -1.81237 -2.81012
4.63968 0.79388 -1.86623 0.54206 3.52738 2.76315 0.78813 -35.23833 -1.91537 -2.35265
4.99669 -1.06005 -0.6041 1.65241 2.64686 5.19638 0.89374 -33.95738 0.13789 -1.31424
1.82634 -1.23139 -2.0767 -0.78734 3.967 3.07716 0.16295 -34.27397 1.30439 -1.09192
1.32422 -1.93248 -1.16614 0.46378 2.89763 3.56605 -0.22809 -34.27481 2.52057 -0.63491
0.3181 -1.42173 -1.69507 0.68259 0.48342 4.71956 -0.95585 -31.2803 1.52482 1.21194
0.53401 -1.08462 -0.82627 -0.47547 1.54287 2.86659 -0.15322 -27.71931 2.17203 1.06765
0.79853 -1.50412 -0.81686 0.18329 0.91941 1.82329 -1.87018 -26.44949 2.51284 3.48566
2.82302 -0.04967 -0.51239 -0.0794 1.31778 2.03989 -1.809 -27.45442 2.16153 2.37317
2.50955 1.30716 1.38302 0.98838 0.8671 2.93526 -0.21377 -25.47476 1.74669 0.3882
1.79193 2.33468 2.23185 1.18048 0.57059 0.18016 2.04638 -23.4094 0.45118 1.86354
2.69849 1.47645 1.68549 0.04535 1.1933 0.14879 0.76484 -20.21713 2.35699 3.11459
2.31707 2.07684 0.01187 1.19581 0.83364 0.5334 0.31133 -17.71634 3.28655 3.51362
2.82477 2.0124 0.72881 0.66892 0.21427 1.21191 -0.12723 -16.22271 3.81896 4.66452
0.75884 4.39886 -0.43742 -0.42232 1.46022 0.74862 0.39214 -16.81367 4.65563 4.67515
1.56633 3.65497 0.37147 -0.13772 0.36129 1.65024 1.30795 -13.93786 5.67835 3.41946
2.44797 4.26447 0.07741 1.13838 1.55057 1.39717 1.00909 -14.32333 3.85104 2.23616
3.68043 5.20245 1.1258 0.2991 0.75936 0.77694 0.81295 -11.92835 2.8485 3.22408
6.73511 6.05929 0.03911 0.43412 0.76848 1.40049 -0.73996 -11.83983 3.2993 1.51385
5.92374 5.50261 0.81584 -0.51724 2.03521 1.70706 0.92493 -10.35817 2.45313 -0.23806
6.76846 5.59828 1.82862 1.79958 0.59397 1.15954 0.58362 -9.36619 4.86584 -0.40605
7.69105 5.56254 1.6968 0.34612 2.39904 0.85062 0.86594 -7.90169 5.78408 0.72015
8.16549 5.22729 0.8163 0.75768 1.19696 1.56064 3.86021 -7.68326 5.19655 -0.7277
7.7611 4.14383 0.08278 -0.81594 0.92768 2.15636 2.96721 -7.18387 6.81877 -1.83166
6.8155 5.19303 0.05192 -2.86705 2.63255 2.16139 2.8466 -6.43977 5.91769 -1.72912
5.45299 2.92818 2.41477 -3.18237 1.66088 2.68035 1.32222 -3.89008 6.44217 -1.21527
3.37721 2.85612 3.37288 -0.5877 2.9483 1.35001 0.94563 0.13865 6.54475 -0.86131
3.52862 1.54741 4.11059 -0.12187 3.04376 2.15426 1.38634 2.05191 6.48039 -1.45047
3.12421 1.82676 5.19204 -0.38543 2.44825 3.05303 3.08126 3.00433 7.63509 -0.4907
1.95092 2.56079 3.44837 0.33582 1.22303 3.65653 0.40752 3.95653 9.03502 -0.75243
1.73716 1.09944 2.36786 0.56649 1.91276 4.51837 1.05786 5.72293 9.69802 -0.88773
0.80066 0.9329 2.30743 0.89498 2.34436 2.30507 -0.57861 7.68122 8.51438 -1.50979
-1.04227 1.50408 2.27562 -0.55345 1.36504 2.15429 0.28937 9.72557 9.6662 -0.5661
-1.16822 1.05377 0.7946 -0.79454 0.78696 2.03805 0.67818 11.20161 10.53072 0.74376
-1.14029 0.35897 1.30876 -2.27518 1.41274 1.57666 -0.2471 13.18955 10.11179 0.57244
-1.00133 -0.646 1.22343 -0.82052 -0.84154 0.1109 -0.47846 14.86714 9.87881 -0.36005
-2.46818 -0.77457 0.63003 -1.08342 0.20205 0.36468 0.61564 15.64937 8.09528 -0.87598
-2.05124 -0.58416 2.65949 -0.42325 -1.90063 0.34152 0.68255 17.25719 8.16034 -1.27251
-1.13358 -0.97776 1.90536 0.5908 -0.25171 1.45784 1.0225 17.70577 7.40498 -1.68765
-0.88647 -0.78991 1.81386 -1.45608 -0.98389 -0.6025 0.03896 19.13242 7.89608 -0.68255
-1.96249 -1.61248 1.51733 0.31918 0.42745 1.27525 0.35297 21.62454 6.46136 0.6641
-0.87878 -2.75368 1.78955 0.69954 -0.38649 -0.58694 1.47169 21.17109 6.09235 1.72663
-1.46043 -2.30149 1.70989 -1.78722 -2.1101 -0.25005 -0.1962 23.57069 5.96021 3.18526
-1.75549 -1.19803 1.08162 -0.09192 -0.8095 -2.17465 0.15881 24.85161 6.14266 2.07827
-1.08073 0.29931 -0.34894 -0.22905 -1.6953 -1.55147 0.55543 23.2306 6.25971 1.08538
-0.6573 0.347 -0.79841 0.06552 0.6684 -0.62168 -0.27979 26.37872 5.41163 0.54429
-0.5875 1.08602 -1.85047 -1.12515 -0.4024 -0.05733 0.77964 26.03998 3.96205 -0.8111
0.58979 0.0136 -2.64142 -2.46413 -1.10063 0.98441 0.62116 26.23189 4.82723 -1.92597
0.99274 1.31371 -2.04592 -1.41248 -2.14427 -1.36463 1.9498 26.56305 3.78737 -1.73817
0.76077 1.89662 -1.10286 -1.20603 1.46338 -0.84643 1.77466 25.74343 2.76359 -0.35085
-0.25445 1.09097 -2.36349 -0.89726 -0.29212 -0.92743 0.84769 25.02481 2.70782 1.98267
-0.58385 2.56058 -2.54007 0.25463 0.24138 -0.56352 -1.19701 24.53306 2.0603 2.61938
-2.66132 1.91179 -1.71096 0.3828 1.92846 -0.50822 -0.70061 23.67208 1.77539 2.02102
-3.89002 3.15866 -0.33356 -0.63473 -0.67308 0.40439 0.7697 23.04554 1.78859 1.83133
-3.37333 2.42981 -0.3985 0.80551 -0.26898 -1.62849 0.40706 22.8726 0.82303 1.2179
-1.76828 0.16015 -1.84276 0.20929 -0.51069 -0.96377 1.64659 23.35588 0.34726 0.73676
-3.36597 0.04061 0.557 0.72614 -0.68398 -0.56457 1.88325 20.74553 1.0694 0.2438
-3.66978 -0.65181 2.11019 -0.67902 -1.70316 0.55632 2.12887 20.84063 1.14687 1.00374
-3.25124 -0.78903 0.25815 -3.18854 -1.78815 1.59976 -0.71404 20.37156 0.35987 0.87649
-2.94473 -1.3772 0.56336 0.8139 0.14634 1.5062 0.6787 22.13567 0.83337 0.15906
-2.56059 -2.21226 1.14499 1.22255 -3.28257 0.813 0.11904 20.09883 0.68729 -0.83282
-0.32698 -1.51104 1.66809 0.52289 -2.16269 0.03142 0.21688 18.55138 1.48028 -0.36932
-0.38182 -0.74405 2.63032 0.25245 0.41123 0.81839 -0.57137 17.60189 2.06569 0.1551
-0.69979 1.03023 1.99725 -0.26855 -1.11084 -1.06324 -2.23267 17.28174 1.63429 -0.91714
-1.10355 -0.68573 1.18899 1.54703 -1.102 0.36269 -1.15894 17.83693 1.50871 -0.68567
-1.46339 -0.40668 0.71199 0.76612 -0.89946 0.66721 -0.40567 17.09824 2.18778 1.1889
-2.6224 -0.3139 0.38642 1.31762 1.46805 -0.10441 -0.53468 15.93783 1.2851 0.87325
-2.36822 -0.71864 0.06908 0.70094 -1.44328 -0.61812 -1.59308 14.74098 1.71228 -0.38462
-2.3723 -1.11272 1.28714 -0.33483 -0.07308 -1.98422 -1.28257 14.39419 1.47397 -0.1147
-3.33619 1.01853 -0.46706 -1.09498 -1.15465 0.45956 -1.15675 14.15553 1.70476 -0.06324
-2.23799 0.17889 -0.36367 1.01235 -0.34325 2.97511 0.77532 13.78082 2.96855 2.01458
-2.63944 2.26911 -0.50189 1.54803 -0.11063 1.49455 0.85068 13.05182 0.60367 2.72975
-2.94548 2.5423 -2.02706 -1.28913 -0.09169 0.61661 0.33579 12.2706 2.69259 3.07564
-2.87815 1.42553 -1.09566 -0.22993 -2.96986 1.30017 -0.02246 12.46793 2.47027 2.11278
-2.31344 1.52547 -0.38965 2.35732 -0.96158 -0.15771 -0.87322 11.87395 0.17692 1.37977
-1.22357 1.09283 0.34251 0.4364 -1.81027 0.00202 1.70957 12.36124 -0.89848 2.25764
0.73082 1.13148 0.27217 0.38234 -2.38254 0.02605 2.34764 10.89691 -1.33501 2.29295
1.07901 -1.59004 1.44279 0.09771 0.08307 -1.40691 0.73961 11.50673 -1.62294 2.8239
1.22392 -0.1807 1.56657 1.1891 -0.28379 -1.59423 0.94584 10.2385 -0.65896 2.85099
1.94271 0.402 1.41498 1.15405 -1.10527 -0.20608 -1.21696 8.01721 -0.10228 2.48377
3.23145 0.54437 2.03987 -0.07245 0.57656 -0.23595 -0.10006 6.64699 -0.43123 2.54998
3.91403 1.66919 1.84251 -1.15622 0.68723 1.94372 -1.12078 5.15477 -0.22751 1.07641
6.10325 3.32354 2.37501 -2.09877 0.21001 -0.09995 -0.67816 3.06845 -1.28005 2.09846
8.69062 2.83115 2.20405 0.08604 -0.74828 0.90219 -1.28968 2.56326 -1.0987 3.09918
6.90108 1.47192 1.88339 -0.31259 0.99282 -1.2305 -0.25261 2.08151 -0.34951 2.67791
7.29594 2.548 1.76826 0.17385 -0.46365 -2.98836 -1.24523 1.77348 -0.38015 4.18412
7.50338 5.28648 -0.94808 1.2485 2.01007 -4.75286 -1.01725 3.09367 -0.48917 2.36819
7.34602 4.55416 -1.01722 -0.79599 4.5235 -3.08731 0.47974 3.24328 -0.06762 0.98969
9.09178 4.25714 -0.86638 1.04656 1.17351 -1.37903 1.18228 0.51005 -0.74288 0.2505
10.62088 2.10651 0.9624 -0.78325 3.69442 -0.98844 0.36584 1.33088 -1.29688 -0.12858
10.20255 1.37585 0.21684 -0.1949 3.37277 -0.03081 1.87243 1.0035 -0.72457 0.05311
10.57202 0.82802 -0.81981 1.21295 1.12078 0.25662 1.50163 0.67678 1.39376 0.5282
11.27748 -0.5005 0.52213 0.8515 3.62857 0.74253 0.58254 -0.24465 3.383 -0.12532
10.49579 -1.81681 1.29658 -0.3357 5.98061 2.7942 2.5552 -0.40505 3.28605 -0.4888
10.96347 -2.35827 2.82743 0.23257 3.24851 2.61251 1.41959 -1.05999 5.96077 0.95827
10.42796 -1.83999 2.6279 1.41823 2.49281 2.52144 -0.94558 -0.50539 6.17505 -0.29438
8.67021 -1.90728 2.10842 0.96079 3.43029 2.96213 -0.24599 1.83166 8.36177 0.86306
6.12857 -1.16952 2.38012 -0.40674 2.76717 3.30405 -2.22482 2.41677 8.11465 0.79491
6.53414 -1.02385 2.9847 0.27864 3.19899 2.73734 0.16294 1.99226 8.60719 0.22587
6.92943 -0.77292 1.0428 2.18372 4.46816 1.70363 -2.6003 2.45611 6.82788 1.36786
6.3741 -0.12584 0.95597 0.90437 3.55101 1.57988 0.22376 5.5369 6.64703 2.03508
5.91147 0.96067 2.56666 -0.3133 0.70782 -0.51923 0.10662 8.02967 6.23452 1.41704
6.36079 3.14384 2.88944 0.49031 1.11945 0.21517 -0.78839 10.19219 6.84247 2.3174
7.57655 4.26582 1.94762 -1.44811 2.90416 0.54702 -0.35672 9.93274 10.24849 2.57418
8.73107 4.69274 1.65584 -0.90645 2.4722 1.62256 -1.18276 13.10388 12.23457 3.42646
7.51077 3.97885 2.7073 0.20337 2.46919 0.5194 2.55999 13.36 12.36732 3.01706
6.23927 2.96203 2.83712 -0.31575 2.7004 0.95175 0.31979 15.41955 12.98598 1.77092
5.53542 4.46269 1.86338 0.34432 2.62492 0.06688 0.69459 18.09224 13.40392 0.87577
5.02401 6.73686 1.85305 -0.3175 1.46694 0.95295 4.10104 20.50326 13.68401 -0.80183
5.92448 3.51756 0.65794 -0.00019 3.07255 2.34598 1.27427 22.62505 13.62455 -0.73424
6.97534 3.19366 1.3975 0.17532 -0.29883 2.1428 1.41689 24.12763 14.28335 -2.21741
6.60321 -0.40267 1.17748 -1.32304 1.02361 1.22879 2.4963 26.86836 14.06313 -2.5594
6.99575 0.63084 1.87207 0.14196 2.61066 1.21525 1.69949 27.3696 13.10849 -2.80419
7.85475 -0.64669 -0.09856 1.75084 0.72198 3.2259 1.60041 28.88987 13.23016 -2.68355
6.92859 -1.67849 2.2674 1.24324 1.8855 1.64859 2.85254 29.60394 12.24695 -2.12107
5.05572 -3.66076 1.81106 0.61625 1.98205 0.30562 -0.42259 32.49911 12.82378 -5.12164
3.48652 -4.82209 1.94252 0.82459 2.28599 4.19362 0.55124 34.45409 13.872 -4.13307
2.61666 -3.79067 1.2152 0.57258 1.43198 3.06353 0.68266 34.58403 12.76885 -3.72987
3.59635 -5.8283 0.32699 -0.91538 1.54422 4.10879 -0.1101 33.99063 13.30107 -3.84192
2.68193 -6.21204 -1.15946 0.38138 1.44499 2.75442 -0.57817 35.37503 13.94402 -5.42218
1.70389 -6.6359 -1.23039 -1.13758 1.07056 1.12287 -1.72702 37.26019 14.44611 -5.65649
0.52762 -7.97423 -1.74569 -0.15116 -0.28881 1.98095 -1.63224 38.302 12.24954 -4.41561
-0.83617 -8.04696 0.1025 1.18394 2.01373 2.94083 -0.93802 40.42226 10.64429 -4.28592
-1.63208 -8.44656 0.28565 -0.86344 1.44766 1.17743 -1.85787 42.43707 9.05029 -2.72909
-4.06757 -6.76584 0.53035 -0.02663 -0.68004 0.06923 -3.83235 44.63972 6.96465 -1.94665
-4.25924 -6.39943 1.28281 0.79466 -1.60121 -2.46988 -2.00987 43.83385 6.25489 -3.96809
-6.13994 -7.0316 1.27615 0.67564 -1.49879 -1.54328 -3.23218 44.54138 5.14219 -3.96567
-5.77223 -7.54926 0.75225 0.92458 1.36514 0.17455 -4.58076 44.84913 6.26333 -5.82322
-7.37159 -6.20371 0.37966 2.85688 -0.63593 0.33657 -2.97668 45.23353 6.6716 -6.08208
-9.25175 -7.42384 -0.84971 0.05761 -0.61702 0.25721 -3.27184 45.13856 4.08935 -5.45482
-11.25933 -6.73125 -0.7271 -0.72173 -2.00542 -2.10501 -3.19541 43.64869 3.54941 -4.86234
-10.04342 -6.21134 -1.27108 -1.16445 -3.63189 -0.92718 -0.97782 43.92458 5.27716 -3.52483
-11.18517 -5.38756 -2.18423 -0.85387 -3.86492 -1.9886 -1.91033 42.40418 2.59339 -3.57845
-10.93308 -6.9406 -2.90744 -0.28162 -2.15393 -2.37189 -1.20576 40.58422 2.889 -2.88385
-11.04376 -7.44789 -1.20493 0.86501 -2.42127 -3.15087 -2.54319 39.59386 2.54004 -2.17861
-9.82481 -7.87754 -0.89708 0.98351 -3.57177 -3.41491 -0.52368 36.90911 1.40701 -1.882
-10.69305 -7.38082 -1.7012 -0.29186 -4.94833 -5.28403 -1.68441 36.44147 -0.4217 -1.26064
-11.44262 -6.69826 -1.81279 -1.53129 -2.62018 -2.1783 -1.42346 35.36298 -2.21739 -1.30417
-10.9072 -8.09912 -2.08215 -1.03876 -3.06547 -3.56247 -1.18113 34.28232 -2.93688 -2.03659
-11.15275 -7.53137 -2.01865 -0.78655 -1.95559 -4.85098 0.04899 32.2235 -3.79512 -1.57916
-11.47119 -6.39301 -1.99175 0.61193 -1.40146 -5.08001 -1.33895 31.79021 -6.29155 -2.24142
-12.56732 -7.79178 -0.99361 -0.56704 -4.57693 -3.82273 -2.26415 29.28628 -6.35904 -2.11994
-11.32794 -5.79636 0.27072 -0.37912 -4.19326 -2.46561 -2.70655 25.67739 -7.46309 -3.47196
-12.76789 -6.79452 -0.58803 -1.9936 -4.47972 -2.01215 -2.74039 24.44177 -6.3462 -3.49359
-12.69734 -3.32238 0.6964 -1.2821 -3.87352 -1.25499 -1.36066 21.50649 -5.57153 -3.46008
-11.72273 -4.21049 -0.48783 0.09471 -4.49371 -2.36791 -2.75685 18.01401 -4.89373 -2.18577
-11.57621 -3.68988 0.73902 -0.46251 -0.33812 -2.89614 -3.01462 14.84865 -5.39763 -2.12953
-12.04595 -3.18977 1.12061 0.30931 -3.71794 -4.49811 -2.26375 11.29371 -5.2082 -1.84542
-12.34266 -4.2399 0.62851 0.33931 -2.54366 -4.68219 -2.8947 9.24867 -5.22522 -2.02588
-11.03847 -2.57459 0.54234 1.27714 -3.4582 -4.08972 -2.34402 6.01028 -6.15282 -2.64966
-11.50509 -3.06337 -0.55016 0.54173 -2.68175 -3.20919 -1.43072 3.33704 -4.19928 -2.36816
-10.30431 -3.40989 -0.87554 -0.47292 -3.58151 -2.76751 -0.83624 2.92312 -4.27503 -2.12549
-10.98217 -3.36724 -1.13681 -0.00984 -1.27427 -2.42556 -0.23534 -1.07184 -5.6741 -3.01886
-10.34888 -3.09163 -0.8496 -0.26736 -1.67076 -3.66379 0.4398 -0.42963 -5.32617 -3.10616
-10.17181 -2.8652 -1.17495 0.74509 -2.64656 -3.60714 -0.02438 0.07798 -6.24153 -2.8479
-11.51035 -2.67353 -1.01445 0.17549 -2.1827 -3.73746 -0.59875 -1.63165 -6.41821 -3.25867
-12.07137 -2.84602 0.8279 -1.41149 -5.15088 -1.24568 0.65622 -2.60405 -7.14782 -3.80071
-12.33076 -3.22784 -0.03616 -3.07709 -3.87517 -1.64567 -0.88306 -5.05096 -7.86391 -3.04388
-10.04121 -1.71253 -0.40132 -0.89633 -1.69363 0.05063 -2.61936 -5.17621 -7.48382 -1.13021
-9.17471 -3.65927 0.06763 1.68202 -2.47467 0.27303 -2.36465 -6.29387 -8.24242 0.21401
-10.23773 -3.00744 -0.17906 0.36885 -3.79328 -1.98553 -1.22505 -8.31376 -9.80502 -0.02782
-10.24928 -4.75609 0.69228 0.25203 -3.2883 -1.5039 -0.32979 -9.81041 -10.9477 0.68764
-10.76353 -1.80384 -0.0188 -0.28342 -0.89218 -0.73701 0.30001 -11.54346 -11.48609 0.35488
-9.43325 -0.97336 -0.72611 -0.79903 -1.56652 0.08687 -0.21261 -13.64367 -11.3819 2.07368
-9.29979 0.17607 -2.00996 -1.63602 -2.38213 -2.55094 -0.9403 -12.06399 -10.29222 1.76727
-8.11156 -1.57195 0.25729 -0.41804 -3.40922 -3.9191 -1.71166 -14.94855 -10.78037 1.1301
-9.27049 0.00858 -0.4861 -1.2754 -2.62812 -2.72789 -0.82535 -17.1571 -9.76143 0.4525
-8.4581 1.91285 -1.15201 0.23027 -3.78842 -4.41148 1.00552 -17.56133 -8.97113 0.55887
-7.14308 2.12433 0.73679 0.29137 -2.06023 -2.87482 0.15912 -17.74144 -9.31445 1.20826
-6.19741 2.41976 1.68917 0.07882 -1.88413 -4.69522 1.3066 -18.66849 -10.79669 2.44747
-7.02878 2.19414 1.25462 -0.24235 -2.47326 -5.04362 -0.69212 -19.6165 -9.68502 2.07344
-7.02878 -0.50653 -1.25014 -1.58292 -1.94568 -3.19719 0.64045 -22.69723 -7.82733 3.10874
-6.58235 -0.03908 -0.69442 -0.77194 -1.05325 -4.69569 0.98255 -23.55195 -8.40336 1.96313
-4.59086 1.09806 0.59014 -2.01699 -2.90469 -4.33534 0.22724 -23.76943 -8.35281 1.66193
-2.80605 2.29505 -0.49555 0.80186 -3.96651 -3.8294 0.58735 -25.54179 -8.19148 1.95658
-1.5018 2.83834 -0.62048 0.29633 -4.32288 -2.36638 -0.37777 -26.38639 -7.84129 3.06176
-1.07682 2.27899 -0.67723 -1.34815 -3.02813 -1.20827 -0.12724 -27.81666 -9.6329 2.80692
0.07091 4.31712 0.67224 -0.46776 -2.73231 -1.35758 0.04465 -26.63518 -7.89429 2.69977
0.51841 4.99117 0.23058 -0.0441 -1.45417 -2.19947 -0.5309 -27.2959 -5.75735 1.78234
0.3789 4.42724 0.10788 0.06385 -1.41816 -0.9984 0.09936 -29.10064 -6.42141 4.01158
1.89264 3.36895 -0.49999 0.0343 -0.22238 -2.66624 -0.04991 -30.30625 -7.96644 1.9757
1.48934 2.48165 1.25905 -0.31555 -1.80494 -1.69497 0.90046 -30.57211 -6.52453 1.15768
2.25321 2.06995 -0.23635 -0.19679 -0.68426 -0.74907 0.63019 -30.21807 -4.15688 1.13874
5.88648 2.39455 -0.29746 -1.41147 -0.7745 -0.94978 0.79169 -31.93415 -5.81058 1.74627
6.03139 2.37941 0.15313 0.33908 -0.93175 -0.79514 1.36729 -33.73265 -8.15033 1.46624
5.33448 0.40241 0.38098 -0.0245 0.33357 -0.99917 1.47559 -33.46835 -10.006 -0.28905
5.51902 -0.18443 1.64578 -0.01609 0.25379 -0.73146 0.06266 -34.93122 -8.366 -1.01979
7.17499 -0.02483 1.34269 0.91167 -0.02834 -1.04059 1.07026 -34.4677 -7.52234 0.58741
6.93828 0.3765 1.01941 2.46998 2.00929 -1.12249 1.67865 -35.45623 -7.20095 2.17294
7.42901 0.65423 0.69985 2.44828 2.04225 -0.125 0.18379 -34.7567 -7.37237 2.90056
7.32755 -1.36276 -0.9907 0.17919 3.21431 0.36769 0.85586 -32.3388 -5.98223 2.88828
7.39563 -0.66013 -1.65147 0.10891 1.79546 1.25168 1.75482 -33.02741 -6.35159 1.85248
7.11746 -0.01826 -1.6697 -1.16042 2.64613 2.55111 0.49911 -31.54451 -5.33205 2.89687
7.99019 0.73243 -1.38862 -1.33683 3.34923 1.61216 1.29274 -31.17364 -4.65888 0.03675
6.83639 1.11105 -1.10344 -0.63584 1.53253 1.14825 0.20334 -32.13913 -4.41567 1.20579
7.01753 1.74745 -1.9073 -0.08236 1.3719 2.03742 -1.92246 -30.99079 -4.61933 -0.0616
6.65945 0.30097 -0.61535 0.24779 2.79814 1.62131 0.97096 -29.56083 -3.52352 -0.16243
7.24944 1.82656 -0.09111 2.27947 1.68939 0.65755 0.61963 -29.40651 -2.66911 -0.81579
7.05908 1.09005 -0.42491 1.34409 1.595 2.19174 1.42679 -28.32703 -1.6729 -1.10273
7.42826 0.29089 -0.62479 0.99558 2.01821 3.42094 1.07003 -26.55501 1.02243 -0.06853
7.20119 -1.34142 -1.06305 -0.01913 0.41476 3.57743 0.84273 -27.00816 1.49178 0.21393
6.29963 -2.63106 -1.81233 -0.6522 1.32932 3.07536 0.38885 -25.10621 1.93886 0.16126
6.06292 -3.28526 -0.4599 -2.2767 1.69654 4.19935 1.59627 -23.7244 0.58911 -1.13231
6.77335 -2.73054 -0.45541 -1.54017 3.25327 3.17876 0.73858 -21.89092 0.49463 -0.43786
6.22857 -2.96701 -0.52773 0.02174 4.65324 0.92482 -0.04202 -19.50567 -0.99607 -0.42496
6.57457 -3.35018 -1.52133 -0.64771 2.38499 0.83511 -1.41551 -19.85564 -0.29431 -0.03213
6.58413 -4.22573 -0.27327 -0.16062 0.96836 -0.31957 1.51832 -18.41716 0.17039 0.43488
6.3171 -4.28767 0.96353 0.87448 1.91042 1.23501 -0.92862 -18.07315 1.12681 -0.34277
6.46711 -3.28328 1.92594 1.6976 2.17381 1.89681 0.38182 -17.6953 0.61775 -0.57036
5.65039 -0.99669 -0.02459 -1.06831 4.07675 0.96507 -0.52932 -17.44853 2.6549 -0.87756
4.27439 -0.98599 1.73298 0.06919 2.77888 0.98532 -0.44237 -16.38563 3.15796 -1.69905
4.99958 0.77527 0.98568 -0.42055 3.23691 2.85471 -1.70544 -14.46567 2.72724 1.32724
4.80005 -1.24664 1.87049 -0.17089 4.64922 1.98325 -1.96383 -13.34426 4.10484 1.71924
5.36062 -0.78161 2.4438 -0.43423 2.10493 4.014 -0.21711 -11.22942 5.50215 0.7953
4.74397 0.51721 2.56105 1.15234 2.90444 3.67506 -1.25844 -11.25603 5.75701 0.35813
6.47017 0.29562 -0.3131 1.17792 2.51964 2.07549 -1.23927 -8.40503 4.63183 0.33023
6.18585 0.67419 -0.58562 0.91855 1.56624 3.26273 1.08322 -6.44119 4.03165 1.79807
6.58418 2.1297 -0.76572 2.36595 0.60837 3.87653 0.01302 -4.4018 5.19157 1.41863
5.48975 0.28175 -0.88495 0.2961 1.14015 2.15873 1.07126 -2.6643 5.11961 2.09344
5.05344 1.45818 -2.04062 -1.59771 1.5877 -0.34305 2.33322 -1.41622 3.79473 2.00116
4.21451 1.96465 -1.50099 0.24951 1.52765 2.03845 1.4125 -1.24718 5.34158 2.88414
6.80774 3.00496 -0.9845 0.34572 1.15896 3.06357 1.16113 1.02402 3.07082 1.09993
7.76784 2.23505 -2.74773 0.92857 2.96236 0.84294 1.62242 0.42963 3.16156 0.30527
5.83114 2.49764 -3.42925 -0.54791 1.33264 1.93963 0.62807 2.55394 3.02827 -0.16525
6.53154 0.94558 -4.2571 -0.15873 2.29158 2.32297 1.49509 0.77261 2.70858 -0.07728
5.93763 0.02968 -1.70825 -0.60122 0.98803 0.70664 2.41674 0.08273 2.48285 0.40586
5.90923 -0.42992 -1.89348 -1.27068 3.17615 0.78636 1.36486 1.70276 0.75812 -0.45705
7.04238 0.05323 -2.35101 -1.51171 1.57946 1.61213 1.34161 1.69859 0.31756 0.61864
7.09918 -0.97601 -1.67552 0.22971 1.43547 2.37372 1.32816 4.55423 1.53505 0.77732
5.6531 -2.406 -0.60752 1.1583 2.1991 1.33878 -1.05316 6.05424 1.1986 -0.93428
6.01684 -3.16422 -1.2789 0.70467 1.83939 2.02713 0.08039 8.10219 0.89919 -0.65553
4.14131 -4.26918 -1.2888 -0.47441 1.47578 3.15528 -0.15446 7.97741 1.24994 -0.75509
3.98016 -3.75757 -0.84796 -0.07863 1.41128 2.60372 -0.52665 8.09599 0.57691 -1.29813
4.14 -3.77126 0.27017 0.69988 0.09508 2.73227 -0.7797 8.08162 1.20874 -0.65913
3.49071 -3.65085 0.15091 1.87948 -0.3121 2.96945 -0.50648 8.96227 -0.57005 -0.1492
4.36011 -3.42942 -0.08633 1.27144 -0.24059 0.17917 -0.41988 7.30177 -1.85694 0.11887
2.90092 -1.25706 0.58223 0.34008 1.32649 -0.21436 -1.81792 8.24517 0.09276 -0.15028
1.16492 0.186 1.48494 -0.23784 0.39405 0.21544 -0.34866 7.59057 2.70733 0.25429
1.35425 -0.82944 1.90782 0.21813 1.60303 -1.97093 -1.76982 6.93359 1.55805 1.95634
0.37437 0.73247 0.71147 -1.65649 2.12147 -3.7694 -1.67368 6.02396 2.3954 1.816
0.7698 0.72039 0.29885 0.90747 1.58238 -2.64906 -2.83093 8.15864 0.96626 2.36332
0.45616 0.81682 0.15218 0.14518 -1.38961 -0.56329 -0.25515 6.79455 0.95599 1.95299
2.80433 -0.02674 -0.9425 0.03564 -0.17789 -0.53188 -0.52725 6.24048 -0.17409 1.12364
2.21005 0.25447 -0.57741 -0.23096 0.94833 -0.45422 1.95319 6.30797 -0.03034 3.79996
2.83102 -0.40059 -0.67139 -1.50957 -0.78619 0.2439 -0.27723 7.36582 0.03984 3.33541
2.20079 0.40565 -0.03856 -1.12108 1.88591 -0.4921 -0.16747 8.25173 -0.91271 1.75493
2.62696 2.32051 -1.27746 1.31996 -0.18233 1.46428 -1.83777 8.43771 -0.62655 0.49851
3.32287 2.96873 -0.81116 0.66104 2.47814 0.05424 -0.31768 9.98703 -0.32659 1.2034
4.68876 3.39541 -1.81428 -1.21564 1.48661 0.60401 -0.12555 9.86366 0.61409 1.22248
4.22911 4.34637 -1.14486 0.04622 0.88359 1.45811 1.1892 9.22517 -0.12739 -0.89771
2.66557 3.09629 -1.77124 -0.71519 -1.15877 0.52104 0.72583 10.00442 -0.71056 -1.66436
1.45146 1.52988 -1.98674 -0.38087 1.01104 -0.48095 1.64687 9.77077 -1.91155 -1.71904
3.34041 1.31945 -0.51071 0.37692 2.05434 -1.20008 1.73753 9.09842 -1.23512 -3.09193
3.29386 2.13713 0.07821 0.54486 0.50058 -1.99771 1.75466 9.749 -2.43069 -3.82787
1.86542 2.88775 0.22866 1.81985 0.50458 -1.13821 1.01627 10.20361 -2.87723 -4.74493
2.30636 2.36062 0.06738 -1.15367 1.33156 1.1409 2.00662 9.97046 -2.87835 -3.20766
-0.35255 0.52903 0.56356 -0.19985 3.02787 1.59069 0.47398 8.97758 -3.03116 -0.37877
0.50002 -0.70911 3.0159 -0.25033 1.24708 3.07429 -0.20129 8.37267 -4.75618 -2.10304
-0.57621 -1.35875 2.1161 0.56923 0.69914 1.85964 0.62586 7.04515 -5.25032 -4.08312
0.42179 -2.0654 1.87645 -0.34354 0.87178 1.85277 0.85936 5.9696 -5.5547 -2.57072
-1.39477 -3.2584 0.08756 -1.11826 -0.17683 3.29658 -1.26619 3.93382 -4.26361 -3.71061
-1.90836 -3.5601 1.11731 1.14878 0.95928 1.84437 -0.69447 0.55345 -1.03184 -4.42525
-1.16118 -1.95831 0.76409 0.26403 0.5118 2.45612 0.15898 0.29155 -0.60486 -4.07383
-2.54999 -3.03239 1.33376 -0.69808 0.77571 -0.29557 -0.687 -1.26644 -0.5072 -3.19014
-3.29453 -2.91942 2.7539 0.01635 -1.80416 1.24383 -0.63443 -3.48868 0.17184 -1.47613
-4.89629 -3.88745 2.58318 -0.30652 0.14919 0.25419 -1.86288 -4.18134 0.2874 -1.21291
-8.20825 -4.75904 1.20306 -0.90647 1.40113 0.04409 -0.63509 -3.06742 0.08732 -0.89149
-9.88167 -4.27055 1.15104 -1.52109 0.29787 2.00694 -0.04939 -1.9487 0.15089 -0.35729
-8.9578 -2.35912 2.61129 -0.83146 -1.34061 0.37732 0.04099 -2.13546 1.35433 -1.50148
