0.71774 -0.06239 -0.24746 2.01502 1.62629 1.53342 -1.69642 5.61194 0.50277 -1.11189
-0.30022 -0.16662 0.51427 0.43852 0.60368 2.18715 1.21975 6.98743 0.53491 -1.02447
-1.65112 0.55765 0.43018 -0.44009 1.43754 1.12571 2.34217 6.77526 0.57279 -2.09807
-1.80684 0.07151 -0.69282 -0.11006 -0.11225 2.74163 2.02585 6.44804 -0.68848 -2.39324
0.24506 0.57575 1.43712 0.66564 -1.11619 3.84664 1.00273 6.93188 -0.39798 -1.94813
-0.13671 1.27955 2.81256 -0.25852 0.20833 2.978 2.37778 6.34324 0.07327 -1.24479
-0.74836 3.17877 2.60766 0.96024 -0.40713 3.23366 0.66678 8.25309 0.08587 -0.1548
-1.65714 2.06878 0.54352 2.10145 -1.45047 3.15303 1.62975 7.28686 -1.41195 -2.90364
-0.57641 2.82675 0.58408 1.40003 -1.41259 3.64835 2.35204 5.76191 0.4136 -1.78579
0.01315 4.37517 1.04741 -1.53768 -1.46877 4.62186 2.86279 3.56373 -1.14699 -0.61257
1.96713 3.17293 0.81311 -1.11361 -1.77213 3.76445 3.68829 5.11058 0.14066 0.10811
0.78262 4.52741 -0.86821 0.49996 -1.36905 3.58661 1.62359 4.57897 1.66183 1.06974
1.92034 3.37415 1.12831 0.14242 -3.05699 2.84987 1.67822 5.43759 1.93416 1.48237
0.62495 3.47207 2.46629 -0.17038 -0.43321 2.9837 0.21347 6.12248 0.14748 2.02847
1.20804 3.32391 3.33492 -1.77465 1.53189 3.12009 1.46436 9.03425 -0.29447 4.10951
2.43642 5.7841 3.75863 1.25423 -0.5643 1.37076 0.98637 6.91017 -0.54429 4.21633
3.28562 3.31438 2.16215 0.47783 -0.66557 1.3271 1.2151 5.15887 -0.3503 3.69491
1.94687 3.80006 1.35416 0.78685 -1.97687 1.34401 3.89339 4.8196 0.06624 4.05588
2.22836 3.97861 0.05698 1.5328 -0.03668 2.88593 2.05862 3.65086 -0.80828 3.84442
2.63316 1.53085 -0.55763 -1.13306 0.10831 1.81972 2.1296 4.94186 1.46323 2.71702
3.81322 1.65925 -0.52313 0.57692 2.13828 2.27745 0.29621 5.51602 1.83895 2.22021
2.29524 0.59524 1.3263 -0.14557 0.56155 -0.20431 1.0878 6.46279 1.4521 2.32355
1.43436 2.63272 2.02425 0.8784 2.69281 -1.18507 0.83911 6.12435 0.0024 1.0404
1.04716 4.63649 0.7219 0.26076 0.79735 -0.53516 1.08021 6.93172 0.09159 1.52661
0.98338 4.77927 3.0395 0.63158 0.33375 -0.07364 2.40879 6.13031 -0.46338 1.32101
1.15357 4.37992 0.3219 0.13687 -0.00962 0.94615 -0.02277 4.07222 -0.49731 0.65783
1.15271 2.72165 0.20215 0.69358 0.22128 0.65247 1.20863 5.38638 -0.71013 0.8961
2.53119 1.9257 0.93882 -0.42671 0.60808 0.88369 1.01215 5.68867 -1.92336 2.00475
0.49194 -0.55596 0.581 -0.11448 1.11143 1.89449 2.89785 3.96281 -0.26108 0.4965
-0.91443 -0.52975 2.11344 -0.28984 1.38804 2.87584 0.17105 3.25953 1.41307 -0.09705
-1.2255 -0.75462 -0.79043 -0.7196 1.45201 2.30561 3.25545 4.55975 -1.24733 -0.9848
0.58954 -0.03267 -1.31449 -0.07984 -0.00314 3.1622 1.42935 4.33121 -0.03146 -1.36149
1.32882 1.32274 0.01991 -0.94079 0.52229 3.69278 2.89766 4.18094 -2.20202 -2.42674
0.73742 1.15773 -0.60549 -0.75497 -0.15141 3.45918 0.99757 4.97058 -0.32079 -1.78619
1.32513 0.47542 0.19191 1.56734 1.13372 2.24121 1.71151 3.29766 -0.60212 -0.24097
2.63903 -1.73592 0.81844 0.49891 0.22082 2.71861 -0.83105 2.10842 0.35492 -0.82473
2.19186 -1.1832 1.26056 0.65831 0.81587 1.65996 1.15519 1.96687 -1.68932 -1.61797
2.19596 -0.89187 2.07275 0.44181 1.67488 2.89219 0.47964 2.24974 -0.20515 -1.17958
1.33342 -0.59698 1.72186 -1.36783 0.7579 2.72172 -0.71242 0.79568 -0.45993 -0.52611
1.4736 1.08248 0.40308 0.60241 1.78323 0.30248 0.18195 2.45453 0.13539 -0.27336
0.38479 1.01855 0.18181 -0.06075 1.80359 2.47561 -0.29273 4.14516 -0.65452 -0.25923
0.62649 0.9631 -0.38213 -0.15801 -0.07256 2.1223 1.40794 4.82692 -0.23838 1.46168
0.59143 0.69529 -1.26959 -0.35434 -0.05886 4.07199 -0.34641 6.16338 -1.94594 0.61579
1.328 0.52343 -1.02564 -1.6602 -0.9229 4.35455 1.28181 5.98455 -1.01618 2.20879
-0.99983 1.02526 -1.07698 -0.75796 -0.4697 5.05057 2.42013 5.38817 -0.33626 1.54492
-3.0999 1.6398 0.10225 0.19954 -1.67645 3.14372 2.07871 5.05193 0.37482 1.26128
-4.12375 2.5494 0.8328 -0.63958 0.68689 2.27348 0.64877 4.02291 -0.41602 0.90465
-3.20563 2.90285 1.20645 -1.33228 2.62577 1.70826 -0.16763 5.85907 0.30495 0.3001
-2.93543 3.19209 0.20507 0.3746 2.72156 0.77684 0.54718 7.42441 1.04713 -0.59239
-3.04734 1.72773 1.50489 1.41513 0.29654 2.10072 -0.52401 9.41368 1.60131 -0.4727
-1.33412 1.59151 2.62171 0.3374 -0.54884 3.55765 1.07141 8.52619 1.0255 0.72918
-1.46474 1.61863 0.91577 -1.16957 0.99916 4.48319 1.39069 7.29621 0.51393 1.80166
-2.05001 1.72488 0.49166 -1.71675 0.7167 3.74517 3.24907 4.87174 1.30153 1.87846
-0.76614 1.46045 -0.61318 -0.01067 -1.28292 3.20048 3.46355 3.74818 -0.08668 1.80483
-0.96928 0.41009 -0.61727 0.8469 -0.31108 3.41184 2.1562 4.12797 -2.06 1.47383
-2.65225 1.6561 0.19586 0.33274 0.8897 3.56315 1.62085 3.67155 0.88049 1.41155
-1.63343 3.33269 0.51782 1.20449 0.9149 4.01789 3.69694 3.65774 -0.24467 1.0197
-1.15416 2.93993 0.18353 1.74862 1.05392 4.6254 -0.77768 4.71185 -1.09178 -1.69475
-1.29782 4.12974 1.88806 1.4721 0.63392 2.3275 1.10538 6.33852 1.60779 -0.82445
-3.08238 6.0398 0.23973 -0.0367 -0.06613 2.47299 2.64753 7.16836 -0.22496 0.0934
-0.92044 4.8828 -0.80705 0.5499 1.50148 1.60284 0.54502 6.71017 -0.78714 1.14316
-1.13916 6.26184 0.81423 -0.51953 1.65633 0.37527 1.18587 6.65918 0.29312 2.18607
-0.4088 4.3665 0.72236 -2.44666 0.37725 0.88812 1.8333 5.91019 0.21375 2.07897
0.74014 3.24221 1.07506 -1.02943 0.51118 2.38687 2.28595 7.80423 -0.93413 1.48304
1.79381 2.19759 0.76638 0.80437 -1.54113 4.26138 2.34552 7.23623 -0.73857 1.04993
2.57404 1.72099 -0.52475 2.92518 -0.5554 2.63364 1.41618 5.56836 -1.60857 1.00216
1.67286 3.59274 1.77886 -0.85596 -1.02412 3.4143 2.21043 5.48851 -1.23913 2.13468
1.0692 2.34822 2.91561 -1.35557 -1.0054 2.58435 2.01925 6.24128 -0.96774 3.07101
1.68793 1.443 0.44017 0.15323 -0.84639 2.66554 2.72547 3.93875 -0.05382 2.68695
0.92556 1.69593 2.46009 0.21017 -1.59298 4.00418 0.79739 3.9155 -1.09799 2.62336
0.77159 2.93134 -0.87712 0.45111 -2.39908 3.99024 2.70749 5.43464 -0.37555 2.38676
1.95 2.99489 -0.38181 -1.40981 -1.57131 5.15769 -0.2335 5.89839 0.60656 2.59189
0.79342 3.3773 -0.48858 0.5086 -1.60355 4.3938 0.18828 6.24362 1.55561 2.70618
-0.64548 2.75284 0.55305 1.01207 -2.64316 2.02683 -0.16755 7.14417 0.05644 3.36291
-0.26877 1.95659 0.68644 0.44653 -1.46329 4.00202 0.93971 9.32087 -0.46167 1.47387
-1.11555 1.96388 -0.02924 1.92707 -0.9776 4.06784 2.82925 9.54413 1.31037 2.87713
-2.93154 1.28587 0.12776 -0.31175 -0.61402 3.97688 2.52721 8.7223 0.24167 3.3712
-2.61063 0.64142 1.14015 -0.64249 -0.23838 2.25462 3.58823 8.16172 0.46849 4.55115
-1.05419 1.22548 -0.29285 -0.07032 -0.55988 -0.7302 3.69641 8.19796 1.61577 5.88167
-0.30087 3.58318 -1.71782 -0.75061 -0.9735 0.14326 2.61437 7.43943 3.07283 5.84192
-1.53532 4.7183 1.49461 0.69257 -2.14375 0.37482 0.57079 6.83631 0.78406 4.3522
-0.05173 4.33604 0.74333 0.40613 -3.34403 0.02072 2.18777 6.28694 -1.644 5.01677
0.56154 4.82615 1.9385 -2.08043 -2.34242 0.74457 2.38753 5.1575 0.87756 4.36128
-0.00521 4.88973 0.14908 -1.82021 -1.65733 -0.11575 0.41923 5.24905 -0.179 3.34307
-0.82637 5.49719 1.54574 0.62945 -2.41576 0.65457 0.54242 5.02427 -1.28656 2.16635
-1.25781 4.41976 1.83992 -0.37124 -3.14756 1.37229 -1.00925 4.92319 1.40125 1.1194
-1.1455 2.28253 2.13429 -1.23325 -3.05599 1.36737 1.40969 3.22409 1.60418 0.01249
-0.34987 0.95241 1.51624 0.35554 -4.15792 -0.29834 0.32896 1.81339 0.93112 -0.0519
0.25966 1.17202 1.34547 -1.21607 -4.42118 -0.821 -0.43382 1.32219 -0.10529 1.5205
2.43834 1.14818 0.32138 0.64784 -3.84247 -1.87068 1.76913 1.99075 0.14618 2.3069
1.37072 0.28261 -1.24663 1.53706 -4.83365 -2.59828 1.01427 1.41328 -0.84615 2.08421
0.92198 0.06345 0.52565 1.50604 -3.79183 -2.1403 -0.11146 1.21395 0.25049 3.36521
1.24537 0.54882 1.37449 -0.83151 -1.26306 -2.34867 1.87068 0.25602 -0.47045 3.46938
0.74891 0.5124 -0.32939 -0.49763 -1.27895 -1.27067 0.85684 0.31814 -0.01924 4.09396
0.67874 -0.53325 -1.27933 0.45 -0.10756 -2.76158 0.66939 -0.7742 -0.00799 4.61696
-0.98625 -0.19921 0.1534 1.17791 -0.57255 -1.57763 -0.37642 -0.11131 1.12461 4.73507
-0.53412 -0.40613 0.29883 1.82201 0.57914 -3.28073 -0.07067 -1.01164 1.04539 4.55626
-0.1014 0.92877 0.8451 0.56805 -0.03247 -0.47166 0.37121 -2.14961 -0.32214 5.9109
-0.0962 1.22815 1.21722 -0.18463 1.73876 0.13102 -0.26626 -2.05777 -0.99132 4.64928
0.24635 0.78957 -0.55864 0.72371 1.1589 -0.89164 -0.75785 -2.80265 2.07291 5.12974
0.06966 -0.06785 0.64248 -0.87205 0.93456 -1.5546 0.13474 -2.35536 1.49457 4.31502
0.36997 0.09197 0.29702 0.74169 1.41974 -1.09255 -0.84555 -1.48741 -0.44517 5.65717
-0.6876 0.23801 0.17413 -0.8617 0.71374 -0.98441 1.16225 -0.16849 0.04259 4.94239
-3.55107 1.26224 0.60171 0.2099 0.47612 0.23641 0.24622 0.53038 0.09227 5.35501
-3.46663 -0.84434 0.70976 0.95484 -0.20243 0.23927 -2.63789 -0.7314 1.10289 5.43672
-3.2258 -1.20105 -0.39031 -1.20595 -1.75782 -2.24613 -1.05258 0.74009 -0.25936 6.36538
-3.8006 -1.57255 0.9969 -1.43047 -1.91999 -1.5783 -0.17603 1.32088 -0.3309 7.16792
-3.16548 -0.0176 1.59091 -1.67393 -0.43561 -1.28987 1.61407 2.34335 -2.10537 6.54364
-3.24848 -2.12983 0.05524 -1.50047 0.88154 -1.64965 -0.96208 3.62949 0.30546 6.00124
-3.23158 -3.2191 -0.72329 -0.10109 -0.08796 -0.88187 -0.91465 3.51652 1.16579 6.07159
-3.28662 -6.23931 -0.16196 -0.79239 -0.25213 0.25785 0.58797 2.15036 -0.95401 6.36041
-2.48904 -4.84382 2.61659 -1.24481 -0.10534 -1.1724 0.67213 2.15818 -0.00762 7.50072
-0.72526 -0.55868 1.67713 -3.30621 -0.84971 -0.65876 1.46013 0.58053 1.03271 7.76524
-0.75867 -0.8845 0.60433 -0.87739 -1.74888 0.24286 0.62833 0.39231 1.22534 7.19491
-1.26372 0.00886 -2.04465 -1.56759 -2.99353 1.5685 1.79402 1.15796 0.74121 6.96622
-1.7615 -0.53056 -1.59993 -0.26614 -1.96379 1.76764 0.69506 0.86226 0.05374 6.4045
-0.70239 -0.93729 -0.25102 0.08953 -1.42073 0.54234 0.96518 0.23916 1.19633 7.05216
-0.45134 0.17035 -0.29994 0.53282 -3.52713 -0.16956 0.29693 0.48052 0.55816 4.49763
-0.08244 0.74004 -0.87173 -0.24538 -3.23885 -2.45019 -1.42694 -0.62017 0.46039 5.00887
-0.07669 -0.06974 -0.24126 2.73259 -1.86508 -3.84615 -0.12879 0.13866 -0.83831 3.89611
0.17847 1.14691 -1.91374 1.45436 -0.35913 -4.49623 0.42916 0.70406 1.34678 3.43823
-0.59046 1.6735 -0.236 0.09759 0.65847 -3.45619 -0.29539 0.15488 -0.57913 3.46621
1.21851 0.51032 -1.70354 1.57255 0.06837 -4.36211 -0.0826 -1.46185 -0.40764 4.09017
2.06056 2.14304 -0.39033 -0.50202 0.79905 -4.57107 1.15911 -1.64113 0.9146 2.805
1.55734 0.99403 -0.53074 0.1447 2.79976 -4.29129 -1.07365 -2.54181 -0.6074 1.62346
1.18245 -1.0029 0.32041 -0.26426 3.81129 -3.76068 -0.794 -3.50642 -0.3066 1.08507
1.58601 -1.51975 0.77978 -2.09704 2.76667 -3.44156 -1.02985 -3.5848 0.405 1.1317
3.12144 -2.45907 0.9545 -2.23372 3.37556 -1.13192 0.34797 -4.16298 -0.55748 1.23428
2.11318 -1.31415 1.12194 0.04939 2.49062 -0.65945 -2.77905 -2.89514 0.71057 0.76613
1.3563 -1.18181 -1.61244 1.02166 0.7149 -0.20973 -1.33338 -5.47668 0.91312 0.03753
0.7885 -0.17678 -1.00874 1.54008 1.45091 1.73668 -2.23272 -5.85468 0.75462 0.26832
1.57784 -1.80937 -1.1905 -0.65644 1.67791 2.51925 -0.50648 -6.83775 -1.22139 -1.0078
0.52687 -1.31166 0.13156 0.01188 2.36875 2.27968 -3.62201 -5.13226 -0.01618 -2.64764
1.47409 -0.31022 -1.0374 -0.25351 2.24914 0.61012 0.73066 -6.13232 -0.75148 -0.96807
1.16467 0.55163 -0.99903 -0.54334 2.09772 2.16616 -1.5511 -5.36558 -0.41895 -1.3494
1.66575 -0.04387 -0.9208 0.96471 0.73194 3.39667 -1.40983 -4.78572 -0.72546 -1.73906
1.57312 -1.03174 -0.03276 -0.58969 0.64379 2.86332 -0.69883 -4.90583 -0.27971 -1.53413
1.44849 -2.19349 -1.72276 -0.64543 0.95472 4.15058 -1.42772 -4.81811 0.84942 -0.4726
1.74559 -1.46606 -0.85255 -0.28081 -1.47178 2.91028 -2.40372 -4.06905 0.29006 -1.04183
1.48902 -2.46074 -1.09715 0.46797 -1.22375 3.95322 -2.05403 -2.88967 -0.01802 -1.7477
0.73666 -0.33856 -1.22984 1.68911 -1.0873 1.90855 -0.97262 -1.27777 -0.03394 -1.73086
1.12934 -0.0102 -0.81648 2.66455 -0.28108 2.54705 -0.05865 1.64931 1.06088 -3.02387
-0.27022 -1.67178 -1.93613 0.10461 -1.3513 1.97255 0.29892 2.46962 -0.22943 -3.75133
-2.32615 -4.70777 -2.38181 0.79922 0.4724 2.04945 -0.94142 2.88339 -0.43745 -4.80725
-2.6541 -4.36312 -1.1691 -1.60097 -0.28863 0.16494 0.44214 3.5587 -0.46961 -4.5358
-1.20378 -5.12171 0.6093 -0.69034 0.34374 0.46373 0.82486 2.55428 0.16232 -4.50681
-0.95617 -3.04981 0.089 -0.37035 1.74974 0.24399 -0.09989 4.02305 0.46484 -4.3178
-1.09829 -1.96685 0.94612 0.2613 -0.39415 0.57301 1.127 2.7996 2.23816 -3.45658
-1.94498 -2.39274 -0.29038 -0.93341 -1.11484 -0.66732 0.07784 3.09565 0.59054 -4.20386
-3.52499 -2.77944 -1.52792 -0.11884 -2.52669 -0.13819 1.39085 2.57118 1.93729 -4.25559
-1.75057 -2.45293 0.33591 -1.46828 -1.89378 -0.24342 2.07627 1.96645 2.2622 -2.67541
-1.86431 -2.69625 -0.09629 -0.73866 -2.86092 -1.20155 0.63588 2.96576 -0.79603 -3.50417
-3.22397 -1.50938 1.83005 0.54682 -2.15663 -2.43233 0.11697 2.95791 0.07615 -3.07897
-2.7627 -1.89163 1.57666 -0.81816 -1.10009 -0.85165 -0.65917 1.45594 0.29036 -4.29818
-2.56222 -1.64192 2.86376 -1.93765 0.75534 -1.29546 1.16807 0.62373 -0.24491 -5.51133
-1.38654 -0.12389 1.16112 -0.69445 1.77195 -1.66001 1.98518 1.24534 -0.05233 -6.1331
-0.67723 -0.14469 1.17273 0.10329 1.19976 -1.08637 0.56265 0.47221 -0.06727 -5.81958
-2.44543 -1.95385 0.24606 -1.45629 0.57361 -0.66302 1.70409 -1.43052 -2.50532 -6.16571
-1.2341 -2.64349 -1.06473 0.92328 1.026 -2.06072 1.52469 -0.04216 1.3374 -6.40925
-1.83895 -3.02368 -0.48613 -0.39915 0.40887 -2.5183 -0.44637 -3.17377 -0.64399 -5.48191
-2.85791 -3.30243 -0.80465 -0.68033 2.2245 -2.30481 -1.50838 -2.35964 -0.12887 -6.16211
-2.7881 -2.55804 -0.31455 -0.58664 0.44713 -2.78471 0.7303 -3.01487 -0.82694 -7.32589
-2.03124 -2.16994 0.90555 0.07153 -0.3327 -2.14185 -0.65511 -2.65515 -1.25762 -8.26125
-2.5038 -0.83751 0.63879 -0.40132 -1.00295 -0.51066 -0.28241 -2.53505 -1.58825 -7.08421
-1.51863 0.86128 0.28089 0.56375 -0.87244 -0.11693 -1.54421 -3.9942 -1.37427 -7.37655
-1.48434 0.96319 -0.86193 -1.54442 -0.73337 0.92356 -1.83438 -5.50348 -1.073 -8.34739
0.6553 0.66597 0.05213 -2.03367 -1.63395 0.29761 0.37434 -6.30922 0.12266 -7.57153
2.72802 0.09182 1.51645 -0.97455 -0.81781 0.19531 1.65337 -6.82442 1.60597 -6.08044
1.49872 1.40314 0.17136 0.21596 -0.32901 -1.3078 -2.89729 -5.64673 1.06341 -5.96072
0.00705 1.20511 0.37843 1.37202 -1.17636 -0.91292 -2.52504 -5.22603 -0.41694 -6.58995
-0.73328 3.42793 -0.33111 -0.51111 0.52241 0.02378 -2.00297 -4.06093 -0.48281 -6.91797
-0.22156 3.26742 1.35048 -0.59814 2.87045 0.39861 0.08676 -4.8868 2.51229 -5.96403
-0.78706 4.20912 1.51336 -0.25232 1.28723 -0.12269 -0.37953 -2.67085 0.02601 -5.95167
-1.77301 2.93865 0.1896 0.59303 -1.02964 -0.92637 -0.77637 -3.68895 0.66039 -5.4135
0.55698 2.62647 -0.76283 -2.26733 -1.65315 -0.50253 -0.07861 -3.45971 -0.16539 -4.60184
0.40493 0.945 -0.33347 1.00573 -2.69287 2.05139 -0.14556 -2.34726 -0.70922 -4.31959
-0.43359 1.62977 1.13011 1.92687 -2.74969 1.47371 -3.1224 -0.75167 -1.47854 -3.71075
0.07179 -0.4031 0.804 0.21293 -0.53315 2.82213 -0.47316 0.2122 -1.21913 -3.9581
-0.30412 -0.43713 -0.4924 0.00794 0.23036 1.84193 -0.45607 2.00996 0.71979 -4.61543
-0.35191 -0.42047 -2.16902 0.15125 1.06285 0.60729 -1.36575 -0.21811 1.0433 -2.62109
-0.22779 -2.92414 -0.95177 -1.17447 2.14323 1.41563 1.3876 0.6724 -0.21446 -2.91429
-1.61644 -4.64355 -0.65814 -2.86995 2.34786 0.82675 0.81079 -0.57401 -0.76134 -4.38518
-1.48321 -1.34679 -2.26072 -2.22798 2.44813 -0.17547 0.55607 -0.46963 -0.20757 -3.07562
-1.04623 -0.49787 -2.04974 -2.07918 -0.76807 -0.94693 0.31831 -0.67813 0.58893 -4.36632
0.7063 -1.34756 -1.75824 -0.36065 -0.49264 1.4848 -1.17038 -0.33721 0.13234 -4.30362
0.15273 -1.46406 -1.42793 -1.00841 -0.80067 2.67794 -0.91182 0.61987 0.47635 -4.66767
-0.14931 0.2808 1.07643 1.36476 0.99019 3.49859 0.50609 2.18108 -0.08128 -5.66071
1.35608 -0.87331 1.43327 0.53175 2.01236 3.31005 -0.43654 1.31994 0.13158 -5.46416
-0.58143 0.42569 1.10192 -0.2357 3.14733 3.06012 -0.38018 1.65383 -0.27249 -4.33705
-0.74951 0.33897 0.61877 -0.46608 3.43059 2.46005 -1.64271 0.30183 0.48536 -5.99749
-0.93765 0.93031 -0.98852 -0.79507 3.03755 3.0714 -0.20702 1.49705 -0.47626 -5.90581
-0.524 0.66971 -1.32942 0.38083 2.31347 4.54372 0.14841 1.9584 0.35163 -6.08782
-1.23415 -0.46737 -2.60281 -0.08261 3.52462 4.22779 0.60868 2.51244 -0.0294 -5.65716
-0.72297 -0.38804 -0.95175 -0.26933 2.80565 5.11301 -0.29273 2.63441 -0.1007 -5.28485
-0.65793 -1.15395 -0.87677 1.51789 1.17226 4.74564 0.87771 3.08265 0.20517 -7.01985
0.69087 -0.4601 0.97042 -2.49877 1.51454 6.18272 -1.28136 3.27021 1.52509 -6.01439
1.77397 -0.09525 1.93604 1.60216 2.00932 8.01837 -0.06699 2.7054 -1.31053 -5.26638
1.07745 1.10574 0.82935 0.535 0.16887 7.05947 2.02608 2.19556 0.16478 -6.8623
3.01538 0.88436 -1.38765 -0.88198 -0.97806 7.5357 -0.07742 2.44533 -0.91302 -7.86298
1.68857 -0.60706 0.02227 0.7574 -1.2739 6.62641 1.309 4.21964 -0.78455 -6.83026
2.02484 -0.72959 -0.65562 2.03702 -1.3597 7.17189 0.8199 3.89164 -1.35761 -7.55271
2.70971 -2.42435 1.70538 -0.36244 0.74392 5.34838 -2.14384 5.20596 -0.16007 -7.42797
2.66201 -2.48071 -0.62194 0.84151 -0.55024 3.74928 0.29264 6.2884 -0.51886 -8.39758
2.77965 -0.87705 -1.07097 0.82812 0.86298 2.53893 0.53192 7.22216 1.59526 -8.08049
2.0497 -0.58122 -0.74599 -0.81187 0.74722 2.18569 0.27728 8.78201 1.22224 -7.72736
1.24711 -0.72765 -0.44997 -0.94339 3.00666 1.33202 2.29969 9.76875 1.15246 -6.72876
0.94928 0.77664 0.26571 2.58352 2.88034 2.50272 1.43655 10.63141 0.4933 -6.10474
-2.13527 -0.97777 -1.08171 0.28488 2.19576 3.28323 2.24866 10.08978 0.5751 -6.97037
-2.08387 -2.3539 0.1913 0.81293 4.85269 4.21817 3.05785 10.13144 0.89227 -5.90025
-0.00807 -2.48932 1.20446 -0.86346 4.29674 5.1221 2.3107 10.45719 3.17408 -5.52143
-0.92906 -0.08061 1.97301 0.37473 2.91048 4.14787 2.27174 9.73078 -0.04296 -4.25622
-1.23038 0.52297 0.36419 1.86294 0.53647 5.70597 1.55567 9.02374 -1.07993 -3.22668
-0.90306 3.23729 1.02273 0.09117 0.36296 5.15151 1.62335 6.57749 1.14737 -3.0275
-1.79959 2.87073 0.14804 1.57509 0.1048 6.46984 2.6276 7.48031 0.65043 -2.2197
-2.18961 3.82416 1.38681 -1.02565 0.13423 5.8614 3.35624 8.08223 -0.72379 -3.39907
-1.79967 3.47444 1.86908 -1.23823 0.40545 5.16235 2.66277 8.41761 -0.60088 -1.00497
-0.91324 3.5239 0.74107 -0.96534 -0.585 5.33977 1.17569 10.18677 0.73061 -0.07725
0.40324 2.62304 -0.20369 -0.64591 -2.54941 3.86383 1.91774 10.53861 1.60409 0.23064
1.00349 2.63093 -0.15211 -0.64994 -4.903 4.16456 2.69935 10.58106 1.60906 0.88239
-0.81981 1.72189 0.35214 -1.47625 -3.66407 4.23624 4.33164 9.72057 -1.7496 0.7748
-0.4227 2.63135 1.57139 -0.08885 -3.24418 2.46585 2.37936 8.49238 1.16735 -0.52978
-0.51664 3.59985 1.66228 -1.23048 -2.94555 0.72596 2.74607 9.27275 -1.34839 -1.24281
-1.11288 3.93431 0.96275 -0.55289 -2.72652 -0.05174 3.39768 11.14188 -1.60388 0.04157
-1.59005 3.18765 0.23712 -1.87578 -2.52987 0.74146 2.14922 10.99351 -1.24931 0.19409
0.46282 2.77816 2.02487 -1.09938 -1.6216 -1.74406 1.96016 12.08041 -0.15969 0.55474
1.45283 2.15094 0.85369 0.21708 -1.16318 -2.9757 3.3978 12.58195 -0.71489 0.77869
1.81843 2.73872 0.29972 -0.71165 -1.12156 -4.38344 2.88944 10.70623 -0.13337 -0.59082
2.0817 2.85866 1.7975 -0.75134 0.4662 -3.31645 3.47718 7.99682 -0.94243 -0.37916
3.40477 2.61066 0.29987 0.00142 0.70963 -3.78665 3.64294 8.205 -1.74056 -0.07823
4.21644 3.9093 -1.1643 0.69362 -0.745 -2.26619 3.95255 7.48066 0.2899 -1.39341
3.80954 2.61148 0.20038 -0.21839 -1.97123 -1.25037 1.25496 5.65796 0.04392 -0.67097
4.08139 1.3919 1.12952 0.77479 -0.72926 -0.33499 1.90675 3.92523 0.46221 -0.36072
4.01449 2.565 1.84536 0.84296 -0.09922 -1.60858 4.12156 2.25084 -0.17357 -1.67225
1.94981 1.49052 0.56514 1.254 -1.2095 -2.4788 2.21246 2.86469 -1.13042 -0.97187
1.42389 3.08042 1.10647 1.40578 1.88635 -2.37242 -0.1468 2.47347 -0.30521 -2.01173
1.24016 1.96717 -0.04027 1.74537 2.88009 -0.60887 0.9614 1.23717 -0.51218 -0.5197
-0.422 2.49436 1.09236 -0.70233 3.69811 -0.65298 0.42141 0.46647 -0.36835 -1.00555
-0.73291 2.68966 0.89991 -0.83061 2.65486 0.8649 2.42679 0.20818 0.09145 -1.89588
-0.76064 3.41796 2.54887 -0.42418 2.79496 1.14837 2.06831 0.14876 -0.02119 -2.47145
-0.81634 2.94702 0.86354 -0.35518 3.43779 1.9592 -0.52466 -1.95248 0.61054 -3.10767
0.34201 1.25626 -0.35781 -1.34713 4.1988 3.41487 -0.78873 -1.21101 0.5322 -3.10896
-2.28026 1.41054 2.14751 -1.19555 4.37992 3.45469 -0.13252 -2.55248 0.79607 -1.70179
-0.54048 1.88468 2.71496 -0.50816 1.98501 4.92632 0.77504 -3.17984 1.29039 -1.90055
0.77799 1.48032 0.84847 -0.92819 2.29232 6.67388 2.05461 -3.92874 0.8845 -1.27133
0.67674 -0.02954 -0.30355 1.77935 -0.72858 6.57448 0.69426 -3.79393 0.21516 -0.11785
1.86937 0.94953 -0.25949 1.20876 0.08049 6.13836 0.17603 -1.65859 -0.44626 0.20961
2.62109 1.4962 -1.61529 -0.14534 0.67929 4.77457 0.08042 -2.7439 -1.67653 0.89567
0.55833 2.08033 -0.46947 0.37865 1.45494 5.48407 -1.92501 -1.80201 0.25532 1.19615
0.24891 3.31438 -0.89254 1.61096 1.93268 4.75602 1.73435 -0.25385 -1.07812 0.83024
0.98335 2.57823 -0.0947 0.92893 1.73769 5.45582 -1.53991 2.51025 0.9759 0.35692
0.82008 1.42652 -0.17931 0.3923 2.96321 3.97785 -2.8827 2.86997 0.22195 1.28958
1.33385 1.13278 -1.6679 -0.68669 3.30602 4.91211 0.13604 4.14994 -2.23929 3.35417
2.29191 -0.12548 -2.52641 0.69471 0.43205 5.564 1.75946 5.1785 0.81558 2.42562
0.94769 0.51632 -0.57798 1.37409 1.00203 6.42461 0.14363 6.9919 -0.19926 0.65043
0.98799 0.1608 -1.55216 2.82814 -1.44154 6.98788 0.61448 7.5028 0.36553 1.14774
1.75913 -0.35751 -2.07659 -0.01124 0.09915 6.72457 1.79025 7.08022 1.17669 1.57038
1.27215 1.27703 -0.57106 -0.01458 1.83341 5.3357 -0.175 8.30972 1.63666 1.32739
1.89564 2.29442 0.05404 1.89891 1.27918 4.51099 0.52005 9.57188 -1.49562 2.44142
2.62204 4.21741 -0.07821 -0.7682 1.30294 3.44059 1.9419 9.91263 -1.07218 2.62171
2.5584 3.39834 0.87921 1.24813 1.56064 2.00943 0.66065 10.87013 0.0897 3.09969
0.19699 2.72869 0.35707 2.40459 2.18189 1.82911 3.38512 12.18755 -2.1568 2.84934
-0.44561 1.78084 0.77734 0.53543 3.5531 2.55852 2.07653 13.23892 0.10702 1.74126
-0.47721 1.33083 2.21171 1.242 6.1019 1.16066 3.08648 13.69565 0.44027 2.24204
0.99676 0.32 2.85614 -1.18891 4.89815 3.95452 5.42003 14.32812 0.66797 1.00015
2.10959 0.5048 0.53838 -1.66678 3.67903 2.90598 2.45088 12.75377 -1.25746 1.66677
0.35508 1.43414 3.24941 0.50583 2.63608 6.05852 2.53355 11.22758 -0.44637 0.25404
-1.0644 1.84709 2.39683 0.91493 3.04913 6.2107 3.30927 10.09641 0.25337 0.93161
-0.51119 2.31189 -1.33828 1.29872 2.08491 6.2968 4.81053 10.08779 -0.1557 0.26428
-0.39323 3.41638 1.1481 -0.03085 2.00076 6.12471 2.43099 8.48139 1.03318 -1.54685
0.9225 4.21196 1.75635 -0.64707 1.94153 7.15059 3.77969 7.66237 0.92763 -2.86541
-0.81863 3.96266 2.17436 0.00495 1.77325 7.98203 4.22593 7.27242 -0.68323 -1.28489
-0.21301 2.25241 4.15784 1.22149 0.14289 8.25326 0.58821 8.23658 0.37862 -0.48686
0.73229 3.91548 2.43941 0.07281 0.21931 9.43983 1.53843 9.20529 1.68224 -0.29287
0.23903 3.33992 1.44287 -1.61358 0.09592 8.73483 3.46828 9.87484 -0.49146 -0.40184
-0.67393 3.35777 2.35955 -0.16224 -1.15209 6.7337 2.85636 8.49519 -1.33626 -1.00788
-0.39662 3.54025 3.42785 0.57285 1.20969 7.4046 3.60096 9.52017 1.51504 -1.01506
-0.96137 2.79167 2.34676 -0.10865 2.98851 6.68358 3.50228 10.31628 -1.27489 0.65015
-0.21702 0.98884 0.79904 0.76385 2.81424 7.51948 2.63813 11.59851 0.18642 1.57347
-1.4091 2.33375 1.09881 1.54146 1.77604 6.23778 2.95469 13.24122 -1.44677 1.54699
-2.68885 2.20514 0.49484 0.15293 1.53852 5.62181 3.32499 14.56269 -1.6071 0.87654
-0.6104 3.10465 -0.65217 -1.05263 2.03866 5.95575 4.42548 14.74183 0.09172 1.59709
-2.4676 1.37212 0.01226 -1.25338 0.65235 5.25051 3.54581 15.61107 0.93751 0.77084
-2.60604 1.00936 1.543 -1.19037 1.38438 4.16341 4.25166 14.9387 1.58881 1.10181
-1.80156 1.63611 0.36894 -1.42252 0.58195 3.46782 4.55255 15.61604 -0.48854 1.49127
-0.6012 1.31458 1.15016 -0.50733 -1.52187 4.15697 2.93375 16.39228 -1.843 0.81216
0.10697 1.5695 0.77146 -0.40403 -2.25454 5.84538 2.81492 16.83985 -0.71398 0.72525
1.88578 0.54764 3.5534 -1.28035 -0.45974 5.01446 5.1248 17.85322 0.23545 1.09875
2.05891 0.4082 2.90651 -1.51643 -0.56566 4.3316 3.01488 15.69651 0.61213 0.75156
1.36955 0.98358 1.54148 -0.04313 0.30443 3.22412 3.49049 15.63389 -0.65625 1.78391
1.34758 0.75668 2.57807 0.0131 -0.12403 2.29085 3.3353 14.70463 0.34481 1.05758
-0.02302 2.12903 0.13588 -1.23924 -1.53282 2.34455 4.18366 15.22198 -0.28325 0.64695
-0.3363 1.84515 -0.13263 -0.61222 -2.4718 2.80995 5.30287 15.39867 0.34674 -1.38359
-0.66443 2.9364 -0.42364 -0.91967 0.05745 2.87467 3.81054 15.18474 -0.6108 -2.2218
0.32577 3.39735 0.94727 0.25228 0.55105 2.32434 4.47 13.3863 -0.23844 -1.91302
1.44846 4.08242 0.54321 -0.32324 0.26999 1.7291 5.45519 11.35549 0.53927 -0.0004
0.35889 5.79068 0.87589 -0.6266 1.36846 1.48301 2.01958 11.48285 1.93099 -0.57884
-0.42851 5.35203 1.32702 0.25921 0.38077 2.54756 3.52102 10.36513 0.01639 0.13572
1.72182 2.86273 0.32789 0.3759 0.47218 2.14391 0.55662 8.57559 -1.48517 -2.18212
0.27678 4.25067 0.97564 -0.14374 0.79256 2.96691 2.40186 8.44898 0.57916 -0.91381
-0.67982 5.12881 2.49062 0.85029 -0.69919 0.66388 3.95744 7.50167 -0.32789 -0.51912
