-0.85615 -3.95211 -3.39651 -0.332 -1.1739 1.24259 2.06812 -0.37039 0.07995 2.63214
-0.57101 -4.87875 -1.09736 0.09638 -0.52519 1.78717 2.87258 -1.2113 0.98515 -0.09074
0.56824 -3.64186 -2.91757 1.60192 -0.04392 0.96559 1.4778 -1.34497 -0.81037 1.09554
-0.86422 -3.92538 1.03101 0.51803 0.03147 1.78179 -0.07827 -2.34785 2.47335 1.35247
-2.11669 -3.90506 1.28286 -0.49875 0.37862 1.10903 -0.23431 0.5524 2.13454 2.37818
0.64709 -3.45088 0.27853 2.32651 0.92426 0.15859 -0.5724 -1.39536 2.06091 1.73719
-0.20793 -3.35304 -0.88726 0.78046 -0.04641 1.07585 0.57362 -1.21962 1.23191 2.43439
0.00762 -2.57781 -0.89662 1.95173 -1.71133 1.32217 0.37713 -0.82855 2.82649 2.19403
0.71226 -1.35245 -2.10769 1.91491 -0.37936 0.03667 -0.90397 0.97097 3.07009 4.24706
-1.56164 -1.67868 -0.23674 0.27565 0.86014 0.33231 0.83894 -1.1433 0.338 4.12439
0.60998 -1.78272 -0.46296 0.99845 1.13218 0.67744 0.05921 -1.01522 0.90721 5.52532
1.56883 -1.82421 0.42379 -0.15659 0.77538 1.29517 -0.67823 -1.1565 -0.01426 3.23827
0.37203 -0.43411 -2.24329 -0.0142 1.7276 2.28132 -2.6992 -1.59222 -0.58314 0.1396
0.09773 0.14883 -0.96161 -0.2963 1.93174 2.63872 -3.34659 -0.04104 2.54235 0.72864
0.47359 1.40156 1.37246 0.10776 1.76816 3.1806 -3.87194 0.0779 3.24332 0.05682
-0.70676 1.87731 2.61821 0.51185 2.31574 2.59325 -2.06389 -0.33382 2.96544 -1.22211
0.55637 0.56602 0.47549 0.2767 1.70105 2.83887 -2.03202 2.10672 3.22385 -1.98323
0.55659 0.52687 1.99568 1.9641 0.88984 1.71844 -0.98913 -0.73649 3.2615 -2.22503
-0.22958 2.51721 0.8887 0.5462 -0.42611 1.00398 0.28977 2.16843 0.82618 0.2995
0.44614 4.55251 2.18093 -0.88887 -1.04579 -0.80769 1.07617 -0.38312 0.42283 -0.06708
0.40568 4.18299 1.80641 0.70974 -0.15657 -0.56302 1.66602 -0.03892 -0.72959 -1.07719
0.85647 3.38002 2.09745 -1.38111 1.36314 -2.32985 2.33768 2.16616 -1.76692 -0.27891
2.78114 3.33496 0.85981 -1.28425 0.06309 -0.63739 1.81229 2.35151 -2.89358 -1.1882
-0.13702 2.67487 1.16138 1.75753 -0.32208 -2.08141 3.37524 0.56995 -1.42413 -1.02762
0.79819 2.65378 0.84094 1.11884 -0.42197 -0.21231 2.52888 -0.27228 0.21805 0.12135
-0.18123 2.41096 1.40457 0.12422 -0.57215 -1.56401 1.76137 2.56174 -0.74759 0.71624
-0.20242 0.94933 1.38016 -0.94562 -0.49614 -1.31412 0.0754 0.55035 -0.55046 0.15113
-0.37446 1.06981 0.46849 -0.32351 -0.75478 0.36638 -0.22435 -0.24243 -0.90853 1.43847
0.85286 1.13875 -0.95976 -0.35998 0.93783 0.85629 0.977 0.44076 -3.24735 1.25122
2.29104 -0.16479 -0.70476 0.75359 2.71218 0.77358 1.97269 0.18992 0.42386 2.82332
0.416 -1.20038 2.20834 1.50484 2.43196 0.1214 -0.10085 -0.45161 -0.2049 1.9207
-0.05361 -1.85292 -0.42229 2.43732 0.81316 0.6618 1.44952 -1.86404 -1.3595 2.78903
1.25552 -2.72135 -0.86439 2.0064 0.93076 0.68808 0.97584 -1.13243 -1.65412 3.36452
1.29373 -3.10772 0.55393 -0.16203 2.65898 -0.26666 0.92697 -1.22861 -0.40349 2.74292
1.57915 -1.70447 -0.3415 1.62405 1.70991 -0.97792 2.19816 0.09602 -0.57259 4.52004
0.90764 -1.13658 -2.76477 2.38505 0.53727 0.16403 0.17736 -0.36018 -2.02431 4.377
-0.11986 -1.26657 -0.00439 0.22607 0.67453 0.00785 -1.17817 0.45031 -1.39225 4.89897
-1.97189 -0.15206 -0.40034 -0.37086 -0.2441 0.28065 -1.8543 1.05454 0.54488 5.53323
-2.60801 0.12267 -0.44644 -1.97391 0.629 0.77866 -1.66761 -1.31584 0.20707 4.37821
-0.56734 -1.2444 3.02716 -1.67699 0.58612 0.42346 -0.99368 -0.94553 -0.28697 3.7245
0.2864 -2.18561 1.83164 -1.08837 -0.25765 -0.42547 -1.66042 0.15353 1.71821 2.51712
-0.65194 -1.73666 0.84271 -2.38254 -1.36166 0.36926 -1.7543 -1.43448 0.40554 2.36442
-1.97205 -0.65396 0.80579 -1.0014 -0.53029 -1.32382 0.51316 0.65453 2.56233 1.9246
-1.9024 -0.62537 0.38947 -1.12975 -1.88126 -1.7354 1.83516 0.61782 1.56142 -1.20974
-0.32608 -1.61246 -1.17545 -0.13618 -3.24553 -0.62686 2.07691 0.53334 2.73187 0.53818
-0.3155 -1.66179 -0.37484 -1.1439 -3.91352 -0.68949 -0.43559 0.08741 2.73081 -1.10354
0.48627 0.6264 -0.296 -0.85921 -3.37568 -0.03945 0.15433 0.08483 3.17383 -1.29381
-0.69923 -0.46002 0.56571 -0.52322 -5.06288 0.26742 -0.09478 0.42944 -0.1716 -0.00775
-2.06026 -0.20975 0.78168 -1.37659 -5.44018 -0.17084 -1.61195 -0.21934 -1.64676 -1.08287
-1.97014 1.68219 0.8016 -0.28437 -3.73149 -0.02604 -2.65367 -0.75037 -0.04401 -3.37972
0.11573 2.4176 0.25092 -2.30015 -2.09745 -1.31707 -1.28861 -0.29678 0.04076 -3.69089
0.46513 4.12606 -0.50228 -0.13967 -0.0239 0.38534 -0.60059 1.85031 -1.65033 -5.92637
0.31059 4.72923 0.97787 -1.14438 -1.78142 0.11867 0.6053 1.68184 -1.62076 -4.65358
-0.59135 5.31062 1.99882 -1.20521 -1.94533 -2.3788 -0.85797 2.02894 -1.37285 -4.2355
1.2929 5.3524 0.20436 -1.05083 -5.41978 -2.90849 -0.47466 -0.65943 -1.13265 -3.54373
1.1658 4.73837 -0.29631 -2.81551 -4.95843 -3.24833 -1.01852 0.94445 -3.5608 -2.74493
0.37057 2.70289 0.05571 -0.68553 -4.82339 -4.56754 -2.56247 2.07146 -3.97183 -4.32458
0.91301 2.79428 -0.78896 0.35273 -6.39628 -5.42066 -1.81273 -1.28202 -1.53628 -3.86887
-0.50569 0.53086 -1.43424 -0.14674 -5.48634 -5.01905 -1.95658 -0.84828 -2.98344 -2.91367
1.51504 -0.26909 0.14793 -0.62548 -4.02802 -4.85934 -2.29595 1.13346 -2.65378 -2.37418
-1.12138 1.47686 0.96213 -0.32383 -2.18041 -4.15591 -2.84068 -0.48966 -3.31157 -1.80579
-1.60515 1.37473 -0.48825 0.17557 -2.17598 -3.3403 -2.19029 -1.07203 -4.81124 -0.76947
-1.5015 0.88572 -1.20526 2.74044 -2.41487 -4.64374 -2.53535 -0.07362 -2.4766 -0.46896
-1.37543 1.6666 -1.72041 0.67212 -3.27494 -5.00986 -4.28392 0.8126 -2.31141 1.05471
-0.98068 0.91278 -0.24693 1.87707 -2.46654 -4.48789 -2.71384 0.21895 -4.06977 -0.3647
-1.02309 -0.49582 0.67083 2.85561 -2.62207 -2.31292 -3.40807 0.93651 -2.87185 0.36686
-2.47552 -1.65933 -1.83436 2.13358 -4.10871 -1.1721 -4.77058 0.21985 -0.85789 1.96719
-1.96109 -3.12802 -0.64983 2.17074 -2.29001 -4.17509 -3.9928 -0.30788 -0.74988 1.82488
-0.83726 -4.23122 -2.14453 1.27629 -1.47712 -3.86558 -3.72608 -2.83608 -1.41709 1.37379
-0.56078 -4.04791 -0.11991 2.24664 -0.64644 -4.13392 -5.56593 -0.90451 -0.69795 -0.20272
0.34632 -3.47434 -1.84944 0.46297 -1.20396 -3.96433 -4.16845 -1.52299 -0.74936 0.23602
-0.95944 -2.01247 -0.40836 -0.19093 -0.71124 -2.59986 -5.27368 -2.03605 0.42492 -0.53041
-1.43646 -2.78885 -1.50181 -0.96288 0.93446 -0.09058 -4.61016 -0.23514 -0.73089 -1.9302
-1.54513 -2.36873 -1.8466 0.39047 1.38271 -0.06113 -5.16521 -0.84 -1.13052 -2.76261
-0.70411 -1.44541 -0.83753 0.15431 0.77149 0.01485 -5.61086 1.09331 0.41703 -3.37238
-0.08508 -0.09074 -0.68593 0.47661 -0.2445 0.05376 -6.10875 -0.33597 2.07324 -2.18158
-0.98239 -1.07174 0.44569 -0.40858 0.81097 0.07727 -4.24241 -2.04944 1.7053 -3.51139
-1.82175 0.13085 -0.33969 1.29919 -0.23187 -1.17126 -2.97545 0.00217 1.09811 -2.00569
-0.23283 2.11205 -0.75968 -0.55206 -0.46021 -0.66375 -3.08731 -1.96619 0.58484 -0.72333
-0.20811 1.79233 -1.07236 1.32059 -0.64994 -0.64201 -3.19071 -0.79579 1.3839 -1.4584
-0.47703 1.4136 -1.24249 1.66396 -0.03278 -0.82851 -2.01427 -0.43029 0.22162 -1.04605
-1.55243 2.58984 -1.40546 0.65729 -0.40373 0.38412 -0.92681 -0.22155 0.05816 -0.52646
-0.50706 2.98326 -0.72245 -0.99033 -0.8044 1.48595 -2.77366 0.68054 -1.67534 -0.72942
-1.63136 2.15943 -0.7034 0.26754 0.03931 1.92922 -2.87129 1.86337 0.2993 -0.58923
0.09753 3.6228 1.88584 -0.16593 0.6263 2.29666 -2.51614 -0.61194 2.30952 -0.21412
-0.41628 4.52386 1.47581 -0.21068 0.89675 1.58651 -2.08891 -0.53618 1.63346 -0.02532
0.37549 3.4754 0.60733 1.3179 2.42971 -0.0891 -2.67799 -0.00303 -0.40866 2.30827
1.61725 1.85351 1.7714 0.72327 1.98192 0.59958 -2.58129 -0.36068 0.22776 3.47602
0.17178 1.41105 -0.63041 0.04142 1.69651 0.10781 -0.42179 -0.61667 -0.07863 2.58468
-0.83859 0.46827 -3.19921 0.19443 1.28985 -1.19466 0.56899 0.78882 0.21776 1.60652
-1.4782 1.01086 -0.80471 0.3803 2.35019 -2.18116 0.88817 0.12345 -0.36412 1.33167
0.49472 0.5513 0.79128 -0.7853 2.23706 -2.41872 0.16874 -0.45192 0.51651 1.96653
-0.69831 1.52067 0.99217 -0.94919 1.9812 -1.65453 0.39855 1.29025 2.51263 1.13495
1.8561 1.99203 1.54915 -0.009 2.25014 -1.05444 -1.50397 -0.12756 2.37047 -0.86213
0.64591 2.58528 -0.18114 2.34697 0.25501 -1.68572 -1.38514 -0.93516 1.8552 -1.56469
0.34996 1.47032 3.51652 -0.68873 -0.68751 -2.02156 -3.18171 1.58582 1.56004 1.35427
0.26047 1.4287 0.98491 0.25315 -0.44968 0.05867 -3.12689 1.19351 0.59551 1.9216
-0.49473 3.09594 0.3722 -0.01716 0.28014 -0.49037 -4.47721 0.34668 1.2393 3.28116
-1.02426 4.61071 -1.21797 -0.23226 1.74551 0.32794 -4.40528 2.00888 0.67898 2.00067
0.75139 5.82306 0.06935 -0.5814 2.33852 1.82787 -2.94084 0.94574 -1.02529 0.3997
-1.28374 6.20736 2.25348 -0.5921 1.92892 0.96676 -1.95217 1.49431 0.27234 0.54587
-1.12461 6.539 4.93022 0.41979 3.51195 1.03667 -2.28884 1.90896 1.09925 0.87138
0.55234 4.16621 3.65668 -2.31863 2.61314 0.88086 -0.24054 2.11488 3.17703 1.28258
0.32366 3.07066 2.01675 -1.11783 3.52481 1.7242 -1.99484 1.2081 1.52791 -0.6416
1.75267 2.75879 2.02909 -0.74941 3.97399 1.3017 -0.63815 1.05353 1.78507 -0.24989
0.61402 1.95621 0.84128 0.26894 4.41992 1.40529 -1.00156 0.51315 0.17726 -0.12115
1.31197 3.38464 1.32961 0.80211 3.92386 0.35591 -0.81568 1.1726 0.92251 -0.84276
1.20652 5.10995 3.73348 -0.95831 3.5525 1.62614 0.42548 -0.17602 0.5685 -0.60379
0.28818 6.25394 3.40728 1.1509 3.5803 2.76936 -0.32611 0.57163 -0.07002 -0.99542
-0.35306 4.8419 3.87791 -0.02374 2.20754 3.52358 0.50422 1.61568 0.84736 0.33185
-1.12581 4.86769 2.06121 -0.13418 1.44783 2.73759 0.5754 0.01228 2.13103 -0.8554
-0.0698 4.18613 2.80257 -0.36444 0.81661 1.60741 2.23273 -0.62613 2.66104 -0.99296
0.12966 3.46222 1.4931 -0.85677 0.81153 1.34117 2.52866 -0.13257 1.29122 -0.85331
0.61884 3.09392 2.40925 0.84842 0.36513 0.32242 -0.21411 -0.34711 1.99084 1.25077
-1.16775 3.66038 1.53899 0.36689 -1.48718 -0.75789 0.29974 1.22317 2.18338 0.33043
0.05361 4.97554 1.79249 -0.86659 -3.42476 -1.32431 0.69968 1.44554 0.60835 0.57204
0.08331 3.99702 -0.21379 -0.66525 -4.26219 -2.81904 0.5496 0.25917 -2.19164 -0.75402
-1.17473 5.16279 0.14604 0.19019 -4.95124 -3.48465 -1.39041 0.8982 -0.36473 -2.26845
1.38907 5.46431 1.97072 0.54544 -5.30185 -2.18636 -0.95924 1.47582 -0.75519 -1.12991
1.77793 4.54536 3.1601 0.16606 -5.89913 -3.47269 -2.57193 1.60426 -0.63278 -0.73891
0.59589 2.1264 0.84873 0.73941 -6.26926 -4.37827 -2.31742 1.87517 -0.27083 -0.58141
-1.13095 2.83909 0.11517 -1.06716 -4.70011 -4.68749 -3.01759 0.74104 -1.25204 0.65034
-1.60068 3.47249 0.60366 -1.67837 -6.89747 -3.97037 -2.12658 0.14823 -2.19916 1.46178
0.42107 3.25586 -0.45066 -0.59365 -8.19334 -2.92562 -3.26273 0.42763 -1.087 0.50887
0.89521 2.07946 1.00027 -0.18468 -8.3719 -2.17324 -1.82975 0.48685 0.0648 -0.625
-0.85967 0.72013 1.38502 -1.78918 -7.65177 -2.17393 -4.44309 1.17492 -1.52382 -0.49783
-1.73696 0.58218 -0.0632 -0.54789 -6.39986 -3.12313 -4.48529 0.42895 0.07013 -0.62301
-0.52433 -0.62557 1.34549 0.44794 -4.79331 -2.01784 -4.81759 -0.45386 -1.18333 -0.50765
-2.25458 -0.66007 1.67528 -0.11752 -3.20108 -1.16605 -5.5949 -0.58362 -2.70533 0.57405
-1.06099 -0.0934 1.58796 -0.2673 -1.30221 -1.55333 -5.43958 -0.80127 -2.04385 -0.43229
-1.21206 -0.27726 0.58683 -2.23665 -1.87273 -1.01498 -3.04297 0.30507 -1.84078 0.28442
-1.40293 -0.40124 2.13148 -2.83095 -0.25398 0.25257 -1.94963 1.48299 -2.24069 -2.69604
-0.37734 -1.44918 0.51634 -1.4702 -1.36658 0.6573 -3.36356 0.3012 2.10522 -4.51404
0.18514 -3.45035 1.52476 -0.41599 -2.50151 0.71977 -3.62428 -0.20286 2.50129 -4.7299
-1.10238 -3.87661 -1.48298 -1.56288 -0.69111 0.39461 -3.42849 0.03184 1.03608 -3.92182
-0.14262 -6.38339 -2.00846 -2.02154 -1.04316 -0.30257 -3.86638 -0.45433 -0.83544 -3.70522
-1.27453 -6.41697 -1.48021 -1.20397 -2.19916 -0.18942 -3.10154 -1.30027 0.16829 -3.68113
-0.83043 -5.46558 -1.94926 -0.87983 -1.26484 1.51228 -3.793 -2.29858 -2.36814 -2.44102
-1.21996 -3.94574 -2.10353 -1.03849 -2.86706 1.00836 -2.19033 0.03912 -3.01591 -2.27823
-0.3191 -4.81775 -1.29537 -1.48861 -0.48513 1.37918 -0.814 -2.96438 -3.09575 -1.80979
-0.40092 -4.80612 -2.2615 -2.08008 -1.4312 0.85122 -1.27881 0.02286 -1.21073 -2.06247
-1.75863 -5.91109 -2.85124 -2.27463 -0.90883 -1.84009 -0.59621 -1.03656 -0.67538 -3.13088
-0.6875 -5.33271 -1.92223 -1.18968 -0.01179 -0.63555 -1.81655 0.16776 -0.94974 -2.98494
-1.58851 -5.32482 -1.66664 -0.59139 -1.86508 -0.96366 -1.6329 -3.30476 -2.77006 -1.23107
0.19498 -5.29211 -3.14238 0.53325 -1.16482 0.37008 -0.17455 -3.11381 -1.69778 -1.50172
-0.81299 -5.60175 -2.01587 1.93108 0.05679 -0.40503 0.76007 -1.64005 -1.48393 -1.38883
1.31122 -6.6917 -3.63467 0.92427 -2.78095 1.54108 -0.08673 -1.53631 -0.93838 -0.69457
-0.22161 -5.15597 -3.43212 -0.11078 -2.10456 0.82313 -0.16815 -2.66203 -0.70174 0.58894
0.58198 -4.92299 -4.10176 -1.72979 -1.21663 -0.68763 -0.59082 -1.97847 -1.3845 1.35049
1.69447 -5.17414 -2.94029 0.86651 -0.9078 -0.51235 -1.11231 1.43411 0.45095 1.32666
-0.27884 -5.57169 -2.36609 -0.2283 -1.46282 -1.56913 -1.88313 -3.34744 1.48264 1.93405
-1.2591 -6.17254 -3.43246 0.9293 -2.38931 -0.84872 -1.89268 -1.48189 -0.87365 0.66451
-1.10669 -5.75995 -3.27313 0.21071 -0.37006 -1.32404 -0.86777 -1.81654 0.8813 1.44176
0.43205 -4.10949 -2.6762 1.42061 -0.71391 -2.25687 0.80955 -0.76569 1.52844 0.50926
-0.81468 -4.41347 -1.87869 2.51521 0.04919 -1.91867 0.41046 -0.68836 0.76204 0.02122
-0.53935 -3.8961 -2.33707 0.58086 0.1781 -2.03375 -0.8878 -2.17519 0.96405 1.03553
-1.49241 -3.9294 -2.23576 -1.02049 0.76784 -4.32917 -0.19502 -1.57302 0.0321 -0.77037
-0.44985 -2.18855 -1.40038 -1.97346 -1.07049 -4.91253 -1.15712 -0.70381 -1.10598 -0.59504
-0.51015 -2.15625 -1.55608 -1.88428 -0.94504 -4.25005 -2.28315 0.29274 -2.81562 -0.06809
-0.59786 -1.6936 -0.66565 1.18739 -0.45057 -4.34106 -3.1312 -1.56916 -3.66185 1.00895
-1.03768 -0.20694 -1.33368 0.11482 0.77063 -3.35215 -1.06985 -0.89356 -1.33025 1.26504
-1.00039 -0.31507 0.6567 0.21023 1.58608 -4.44522 -1.72359 -0.02262 -1.43157 -0.57863
0.05178 -2.03361 -1.53601 0.68211 0.01239 -4.34418 -2.63817 -1.41742 -2.30375 0.33443
-0.65603 -3.0339 -1.91869 -2.04144 -0.1379 -4.80572 -3.13172 -0.53798 -2.42142 -1.39832
-0.60639 -3.49111 -1.33719 -1.96442 0.15861 -5.84401 -4.13228 -1.02581 -1.2757 -2.00046
-1.29722 -3.96052 -2.48737 0.251 0.90207 -6.80143 -4.78848 -0.91004 -2.45926 -1.94758
-2.18826 -6.14322 -1.46153 -1.11401 2.11982 -6.63869 -5.39423 -1.26348 -2.26626 -2.49701
-2.26832 -7.13256 -2.47181 1.54648 1.56576 -6.46737 -4.88702 -1.83852 -3.19569 -2.20277
-1.49879 -9.16248 -3.10182 0.86938 -1.09492 -7.17244 -5.05764 -0.46573 -2.48599 -1.29225
-2.4019 -10.61763 -3.95607 -0.7758 -1.36038 -7.06917 -3.45326 -2.31246 -2.64412 -0.31086
0.66331 -10.19507 -3.66966 -0.95102 -1.00028 -5.58785 -4.89293 -4.21452 -2.78188 -0.05062
-1.03002 -8.41908 -4.19459 0.37217 -0.92567 -5.55918 -4.42632 -3.58246 -2.4163 -0.57805
0.42932 -7.1098 -4.83411 0.28939 -1.3417 -5.20311 -5.55533 -1.57458 -4.4568 1.52305
-0.47336 -6.39449 -3.50974 1.71256 -1.53163 -3.96601 -6.29174 -3.13182 -1.29944 1.6593
-1.94497 -7.8414 -1.72833 0.32526 -2.99285 -2.46117 -5.9694 -1.03365 -2.06003 0.72266
-3.25406 -9.46674 -5.61642 0.17324 -4.96987 -1.55708 -7.10774 -0.9491 -2.917 0.88131
-0.00976 -9.88836 -4.10526 2.11909 -4.3508 -1.44319 -6.92794 -3.17336 -1.70692 2.44087
0.19094 -8.95223 -3.02322 0.33688 -2.63825 -0.93497 -7.93897 -0.77059 -0.34767 3.31643
-2.29475 -8.74985 -2.5717 -0.37995 -1.79707 -0.47562 -7.80945 -1.85371 -0.91967 3.14532
-3.0058 -9.63909 -1.79356 0.32458 -2.5585 0.18678 -8.80855 -2.25344 -0.06087 2.51277
-2.37025 -11.12941 -2.02993 -0.00469 -1.78419 -0.16174 -6.45387 -2.3822 0.8911 2.7722
-1.55156 -11.36688 -2.74558 -0.64179 -1.1234 -2.53503 -5.3518 -0.79379 1.15396 2.26861
-0.6766 -9.22779 -3.30994 0.45766 -1.63852 -1.75975 -3.66099 -3.10245 0.84577 2.29116
-0.11901 -9.00183 -2.32684 0.93067 0.35509 -0.67524 -1.83387 -2.58004 0.80423 2.42475
0.66152 -7.76843 -3.70169 0.85257 -0.98888 -1.58262 -2.03186 -2.23575 -0.17501 1.47387
0.09195 -6.11063 -4.88773 0.70187 0.05671 -0.15333 -1.42596 -1.9444 0.64404 2.5227
-1.09389 -6.22237 -1.65112 -0.33824 -0.62561 0.01967 -0.49507 0.23727 2.00821 2.75785
-0.93487 -6.93165 -2.20616 -0.8189 -0.39944 0.2546 -0.92232 -3.13812 1.9187 2.75724
-1.07553 -9.36934 -3.98819 -0.78432 -1.71085 -1.40267 -0.3641 -1.08336 -0.21503 1.19513
-0.7024 -7.85366 -2.90539 1.57133 1.25809 -0.91301 -0.78987 -1.74149 0.58413 0.01359
0.29328 -8.38004 -3.44116 -0.54692 2.24244 -2.05542 0.00128 -3.2236 -0.36862 1.4936
-0.07462 -7.15159 -1.59831 -0.58559 2.07618 -0.42794 -1.10335 -2.89729 1.95726 2.28002
1.50167 -5.21263 -2.06363 -0.31832 0.95163 -0.85711 0.86007 -1.51475 2.59608 1.56745
1.61501 -5.58245 -1.29572 0.03624 0.55729 0.24921 -0.75258 -0.59964 -0.18608 2.52909
0.34164 -8.11446 -1.70058 1.7993 0.07169 -1.8614 -0.96906 -2.34932 1.5213 1.818
-0.61715 -5.47135 -3.23458 0.72551 1.67404 -0.46869 -1.56394 -2.26632 0.39321 -0.102
0.01609 -4.28262 -2.0411 0.37717 -0.07421 -1.67425 0.16591 -0.88665 1.66337 0.86811
-0.28485 -2.96066 -1.19161 -0.07337 -0.01005 -0.96819 -1.98289 -2.60935 0.40142 0.83586
-0.49186 -1.73354 -0.75144 -0.38524 -0.02324 -2.9878 -1.01656 -1.55064 1.49917 0.71913
-0.56077 -2.42087 -0.30596 -0.6602 0.04463 -3.78608 -0.75339 1.0479 -0.98314 0.35175
-1.24941 -3.38511 -0.33284 -0.65953 0.51352 -3.15637 -1.47817 -1.35092 0.11175 -0.19765
-1.82997 -3.57662 -2.08101 -0.61316 -0.58127 -3.08981 0.36969 -0.67335 -0.37576 1.74847
-0.63683 -2.11615 -0.65092 -0.17422 1.3157 -3.71417 -0.73739 -0.1421 -0.20479 2.13669
0.57904 -2.74774 1.19947 0.1031 0.62797 -3.84469 -2.26516 0.50125 0.0067 3.45755
1.09738 -1.45672 1.50417 0.31247 0.50828 -2.73647 -3.39881 -0.97872 -1.39555 1.1699
-0.90484 -0.59508 0.10315 -1.05046 0.16771 -2.60785 -3.81761 0.61479 -0.09575 1.50184
0.22061 -0.2204 -0.17718 -0.28977 -0.48225 -2.11834 -1.96361 -0.17279 0.28999 0.03907
0.684 -0.60202 1.21737 -1.37694 -0.58031 -0.45727 -2.53336 -0.02252 -0.61824 0.74332
0.97875 -2.24908 1.79685 0.20857 -1.12198 0.61777 -4.82263 1.43632 1.52149 1.64122
0.36043 -1.72425 0.15739 0.72407 -2.84428 1.39549 -4.98551 -1.21774 0.95476 0.86796
0.93833 -3.49521 0.37062 -0.31476 -4.39493 0.35357 -6.36858 -1.32561 0.65196 1.67641
0.92922 -2.18679 0.98896 -1.38424 -5.4862 1.27208 -3.88988 -1.39972 0.75393 1.45922
0.54503 -2.44902 0.38289 -2.04684 -4.00084 3.75881 -1.30441 -0.51955 0.5209 -1.17686
-0.78642 -2.59044 -1.54382 0.42709 -3.40461 3.12123 -1.6139 -0.84827 0.46885 -0.65279
0.66559 -1.52711 -1.49768 0.73371 -1.96737 3.97079 -1.63728 1.09391 2.85407 -1.83298
-0.39352 -0.06746 -1.06997 -0.12227 -3.06734 3.9897 -0.53822 -0.89876 2.48723 -0.82991
1.73515 0.73904 0.09307 -0.00018 -1.76322 4.02294 1.3246 -0.69659 0.98785 -1.31095
-0.32173 0.02367 1.63096 -0.14429 -0.62088 3.97213 1.80499 -0.45172 1.21964 -0.89843
0.73704 0.23875 -0.00197 -2.06856 0.24211 3.15155 1.43455 1.57341 2.28911 -2.58257
0.38912 -1.0368 0.52042 -1.09866 0.32018 3.71142 2.01535 -0.45045 1.23593 -3.1348
-0.56907 0.62849 -0.72151 -0.10939 0.89865 2.19805 2.6702 0.54871 1.78962 -2.60629
0.0141 1.56289 -1.02475 0.54327 -0.65572 2.34604 1.59403 0.4918 1.10685 -2.96875
1.92828 1.95893 -1.09615 1.89654 -1.09741 3.91836 2.44222 -0.41174 0.61512 -2.56818
0.62489 1.31346 -0.71112 1.33028 -1.9604 3.63814 1.42693 2.21093 1.3224 -1.02008
-0.85996 1.40146 0.42145 0.784 -0.33993 3.00913 2.47439 0.73702 1.56685 0.54662
-1.01756 2.08768 0.87067 0.84919 -0.34403 1.94635 3.76028 1.20334 -0.20279 1.19897
-0.7508 3.23254 -1.42604 0.9948 0.10757 -0.22474 4.57947 1.19373 -1.21663 2.19892
0.51258 2.41347 0.49114 -0.12968 0.80377 -0.07194 5.27471 -0.07332 0.64005 0.79724
0.8557 2.03769 1.30795 -0.26983 -0.66749 1.67825 4.68954 0.08069 0.76231 1.5579
-0.21277 2.33627 3.15371 -0.7915 0.22887 1.04302 4.12076 1.00875 0.32706 0.57875
1.55258 0.97324 1.35485 -0.62334 0.39919 1.87129 4.99043 2.11173 -0.46668 -0.532
-0.01882 1.06479 1.67269 0.02248 0.91738 2.42892 4.12588 0.58155 1.1405 -1.21611
0.92694 1.36612 2.04505 0.16897 0.03225 2.35048 3.96882 3.28179 1.6538 -0.87449
1.00942 2.38256 1.46255 -1.8481 0.47906 1.31548 2.39191 0.73543 -0.19329 -1.09622
0.32086 1.78383 0.55349 0.60751 1.72036 -0.08728 2.03209 -0.41437 0.70031 -3.69792
-0.56062 2.22503 1.43991 0.86819 0.94738 -1.34852 1.99974 -1.98543 -0.15515 -2.20613
1.00982 2.88059 0.49944 0.57929 0.42662 -1.48529 3.13099 -0.73474 -0.97631 -2.8576
-0.586 3.51446 2.21018 1.62595 -0.74006 -1.98416 2.54595 -0.8912 -0.74976 -1.60659
-0.91846 2.76987 1.20999 1.42712 -0.87778 -3.22221 2.7319 0.40467 -0.73792 -1.59786
1.77652 2.15358 -0.4236 -0.6741 -0.37098 -2.44204 0.93229 0.05509 -2.12401 -1.58298
0.84062 1.64121 0.94774 -1.32342 -0.36284 -3.96315 -0.75417 0.30438 -2.33981 -3.00609
0.63465 0.78225 -1.26408 -0.38722 -0.85441 -2.74806 -2.29191 -1.20244 -0.62099 -3.88601
1.54148 1.07466 -0.016 0.6161 -0.33927 -3.52905 -2.97538 0.23414 -1.12095 -2.20899
0.98497 -1.2501 0.2007 -0.17992 0.89532 -5.01221 -3.05482 0.89966 -2.13257 -1.79861
0.32879 0.06059 0.06781 0.71199 1.89691 -3.9545 -3.14368 -1.17462 -2.12893 -0.97949
0.73285 1.63418 0.14872 -1.0303 0.97806 -5.83256 -2.04316 -0.86723 -3.75297 -0.70572
-1.31632 1.63955 0.463 0.27097 1.55851 -4.27415 -2.97853 0.0431 -3.47701 -0.64381
0.39992 0.4162 0.23542 1.24683 0.3577 -4.80532 -2.47822 -0.56708 -2.94026 0.30297
-1.92156 -0.40269 -0.54588 -0.55948 1.40132 -5.68308 -0.96563 1.57091 -2.56758 0.36316
-1.2722 -0.53379 -0.32286 2.09033 1.48456 -6.62044 -2.23029 1.18652 -1.52738 1.40362
-0.60365 -1.42313 -2.16149 0.98238 1.85699 -6.8541 -4.18408 0.23914 -5.71023 2.49956
-3.57962 -1.27288 1.07326 -0.15065 3.87646 -5.67214 -3.97425 0.43478 -4.62565 1.89864
-1.31154 -1.58408 -1.20365 0.49559 2.58669 -4.95862 -3.45654 0.16992 -2.31885 0.90608
0.79086 -1.27865 0.02543 -1.95753 2.52518 -3.82042 -3.80242 -2.3065 -2.95309 1.19616
0.32233 -3.13661 -0.53035 -2.24196 2.24013 -3.87328 -3.53402 -0.70112 0.40103 0.44919
0.8954 -2.90536 -0.57136 -1.31073 2.95547 -3.57067 -5.75998 -0.69507 0.00074 -0.2627
0.21191 -2.84803 -1.02719 -0.92856 2.99619 -2.94673 -4.95039 -0.0302 -0.77159 -0.42146
-1.12677 -4.83418 0.53913 1.43536 4.20826 -1.21092 -3.83875 0.19222 -1.7595 -2.44348
-2.03822 -4.03743 -0.23232 -0.65902 2.29828 -0.39478 -3.55065 -1.05232 -0.7868 -1.65757
0.56906 -4.84571 -1.72871 -1.12149 1.89545 -0.18021 -3.72181 0.18644 -1.27878 -0.85502
2.29974 -6.03753 -1.95842 -0.94387 2.77805 -0.13485 -5.89061 -0.64326 1.43779 -1.73384
1.43675 -6.23799 -2.35858 0.21625 2.80693 -0.64269 -4.82593 -1.76311 0.37909 -2.41263
0.84442 -5.01547 -1.626 -0.2846 1.8287 -0.19429 -4.40766 0.8697 -0.60675 -0.735
-0.72276 -4.10081 -2.28056 -1.47049 1.30584 0.76097 -3.47133 -1.91532 -1.00598 -1.79743
-0.49917 -2.69936 -1.77394 -0.68772 0.17717 1.86516 -3.94305 -2.71232 -0.38472 -2.87716
-1.22716 -2.07169 -0.94277 -2.26247 -1.5978 1.51012 -2.49728 -1.89025 -0.17086 -2.84136
-1.80803 -1.17075 -1.19947 -0.97467 -3.38735 1.87146 -2.63791 -0.55669 -0.94579 -3.42222
0.9628 -0.44602 -1.24679 0.12953 -3.10719 2.13711 -2.20638 -1.36732 0.52774 -1.64912
-1.11934 1.68586 -1.06654 -1.09874 -3.00192 2.71722 -1.75225 1.16503 -0.62814 -0.00757
0.14113 1.85029 -1.36988 0.10585 -3.13808 1.89478 -2.32236 1.71899 -1.25289 -0.12237
0.00625 0.70355 -1.04026 -1.2991 -1.51591 3.73125 -2.37836 -0.79357 -0.27559 -0.10701
-0.58921 1.63459 -0.06379 1.31683 -2.30835 2.92375 -3.10762 1.746 -0.38568 -2.51337
-0.21502 1.3736 -1.68465 0.52435 -1.079 3.75991 -1.41261 1.15295 -0.86385 -0.4867
1.20122 1.01004 0.1552 -0.85029 -0.33532 3.64092 0.58423 1.00152 -0.06087 -0.05462
0.52085 2.64484 0.78344 -0.21902 1.37107 3.13087 1.36234 -1.76028 1.36607 0.4317
-1.14329 3.19573 2.07545 -1.09195 -0.148 2.88773 3.78884 -1.24379 1.22875 0.33739
0.35565 3.17687 1.15667 -0.00038 1.3451 2.87499 2.146 0.76543 -0.58808 0.3534
1.80442 4.91594 -0.56349 0.06886 1.8394 2.40867 3.26926 1.53724 -0.69032 1.361
-0.28621 2.97952 2.44723 0.3783 3.43809 3.56718 2.73669 0.84959 -0.21039 1.46645
-0.74281 2.98576 0.33546 0.97963 3.49961 3.50103 3.44218 0.88131 0.08985 1.1041
-0.4802 1.48676 -0.07649 0.25092 2.61586 4.16511 2.57808 0.33336 1.64592 1.17798
-0.79176 1.07376 0.78811 0.94661 1.47943 4.94849 2.35166 2.12556 2.86671 0.74611
-0.17646 0.56436 1.30497 0.33471 0.80634 4.88168 2.80324 1.0334 3.49382 1.84408
0.79104 -0.25422 2.17825 3.24157 0.14783 4.39324 3.36139 -1.06312 3.83398 0.2227
-0.06623 0.84888 0.14759 0.58931 0.89636 5.55115 3.67582 0.45992 3.93243 1.24446
2.09059 1.67283 2.15277 0.45115 -0.58764 4.98931 4.01428 1.60688 2.18423 1.37831
0.18858 2.16416 1.08983 -1.19678 -0.66513 4.95724 4.35733 1.14849 1.14768 0.80917
0.62822 2.35034 0.85074 -0.60873 -0.21267 4.9997 4.75195 0.33068 1.34536 -0.4745
0.4593 4.68329 0.29128 0.15442 0.19192 3.89545 5.75436 0.43269 3.1779 0.5097
-0.20163 2.68203 0.12152 -0.17609 -1.32526 5.43533 5.77103 0.51429 4.43226 -0.14623
-1.64977 2.62013 2.38594 0.79489 -1.44453 5.2393 6.29129 -0.20664 3.13263 1.38693
0.34328 4.98875 0.02404 0.74857 0.50052 4.86815 6.22758 1.44676 2.43863 0.74872
-0.18969 4.81301 2.40509 -0.13183 -0.59365 3.17025 6.02436 1.92175 1.96757 1.23641
0.3455 4.88815 1.73874 0.04141 -2.09322 2.92762 6.31907 1.74307 1.48579 0.27843
-0.16394 6.8764 0.92483 -0.68395 -1.87774 3.6155 6.69491 0.32067 0.36956 2.02831
1.42805 7.32336 1.7037 -0.20446 -1.67736 3.80563 7.81032 1.61625 2.53368 3.05119
0.06226 6.87282 3.89217 -0.65741 -1.68659 4.65912 8.88211 1.04064 4.20331 1.8879
1.67968 8.22983 2.67288 -0.40444 -2.08885 3.76404 7.99197 0.78661 2.9212 1.4117
1.51041 7.44495 4.57789 -0.91244 -1.30033 2.78144 7.10066 2.39419 2.84457 2.06741
0.41915 8.65527 5.50436 1.05605 -0.1555 2.86364 7.01531 3.78316 3.23436 -0.04423
