-0.3515 0.07133 -2.09801 0.01896 -0.36565 -0.94675 2.4739 -0.19426 -0.43342 -0.55908
-2.14727 0.38173 -1.31678 -0.47491 -0.45053 -2.01196 2.75144 -0.93808 -0.51226 -1.24684
-2.1954 1.3185 -0.36572 -2.27496 0.44635 -1.46585 1.24558 0.08829 1.00893 -0.1062
0.24727 0.12475 0.23223 -1.60329 -1.27359 -2.46783 1.65099 0.42365 2.32332 0.21573
1.25965 -0.54847 -1.83646 -1.98745 -1.78722 -3.61004 0.79393 0.83965 3.30664 -2.04758
0.81212 -0.50847 -0.05319 -1.97499 -2.99741 -3.4371 1.27243 -0.52041 -0.22502 -0.85464
2.02284 -2.07333 0.75356 -0.17584 -3.68868 -2.22908 0.74209 -2.69104 -0.12898 -0.30992
0.73429 -1.82009 -1.05164 -1.88188 -2.41394 -2.54094 0.76026 -0.84889 -0.76826 -0.71692
0.47705 -1.98969 -1.2485 -1.86049 -3.59819 -2.56555 0.82237 -1.26705 -0.07274 -2.06782
-0.43844 -1.5959 0.07257 -1.81808 -3.19419 -2.68124 1.58442 -0.61066 -0.74167 -2.30764
0.98671 -2.14224 -1.53825 -0.82593 -5.33231 -1.83932 2.17536 -0.27675 -0.01241 -1.52442
-0.31572 -1.66752 -0.76342 0.17025 -3.22177 -3.00332 0.64597 -1.12633 -0.40018 -1.18225
0.51972 -2.16844 -0.122 -0.05331 -0.98102 -1.28429 -0.9091 -1.34825 -1.30672 -0.10078
0.67109 -2.12997 -0.75738 -0.4158 -0.12396 -1.25671 -0.43765 1.12007 -1.59866 -0.13907
1.23306 -0.29787 0.46749 -1.05013 -1.76399 -1.75663 -1.34557 1.60486 -0.43044 -1.43533
-0.5823 -1.99541 1.10677 -2.28146 -2.14508 -2.41745 -0.36107 0.77098 -1.939 -0.3985
-0.08245 -2.35962 2.57795 -0.56503 -1.64787 -3.31657 0.53624 -1.00151 -1.56431 -0.5145
-0.54361 -2.20809 -0.404 -1.51504 -0.39635 -2.5105 0.23801 -0.19878 -0.40385 -0.37578
-1.28511 -1.38618 0.08651 -1.21487 0.24998 -2.869 0.52935 0.24221 -0.27553 -0.32564
-1.92704 -1.28388 0.64731 -3.12585 0.72455 -2.44503 2.07636 0.73237 1.43056 -1.32941
-0.93067 -1.61095 -0.93503 -2.11106 0.09851 -1.79923 2.84619 -0.25449 0.2791 -2.24723
1.90514 -1.99632 -1.48625 -1.051 -1.26639 -0.3195 0.65277 -1.54197 -0.6991 -0.23175
-0.73291 -2.95529 -1.23308 -0.51307 -0.51145 -1.27759 0.13293 0.10857 -1.34416 0.71303
-1.90378 0.08236 3.12149 -1.42652 -0.88657 -2.99411 0.6153 0.95272 -0.59749 0.73211
-1.9611 -0.66733 -0.65284 -1.60428 -0.48374 -3.14341 1.00058 1.61082 -1.08084 -0.93624
-0.88641 0.17124 -1.35817 -2.33007 1.02571 -2.15766 -3.25465 -0.62886 -1.16973 -1.22539
-2.37333 -0.68188 -1.66928 -1.81372 0.44033 -1.72813 -2.00973 -0.41263 -0.21935 -0.91177
0.57956 -2.06578 0.45452 -0.17006 -0.4796 -2.98897 -1.12498 -1.11648 -2.79652 -1.58713
1.32848 -1.87564 -1.63102 -0.43497 0.22709 -2.3169 -1.17045 -0.03123 -0.9303 -1.4223
-2.51578 -2.03705 -1.29069 -1.03885 -0.84284 -3.50666 -2.37765 0.28653 1.39667 -0.04812
1.15666 -2.27344 -0.88564 0.01737 -1.82264 -2.62388 -2.76148 -0.44662 -0.18879 -0.66328
2.13214 -1.94651 -1.7944 0.96257 -1.71049 -1.64315 -2.87014 -0.54085 -1.68227 0.18833
-2.1865 -0.2724 0.11223 1.06967 -1.26279 -2.12962 -1.77055 0.73497 -1.39464 -0.26566
-0.71073 -0.74389 -0.55448 -0.56328 -1.50119 -2.02921 -0.59883 0.41751 -0.55553 0.8434
0.2776 -1.33141 0.20478 -0.55234 -1.5507 -1.42193 -0.50059 -1.63986 -2.28119 -0.52274
-0.58191 -2.22397 0.17991 -0.81126 -0.18743 -2.73814 0.28825 0.0264 1.07822 0.57194
-0.5509 -2.54627 0.27881 -0.83405 -1.97357 -3.39786 -0.4089 -1.23524 1.98817 -0.43106
0.88671 -1.1733 1.13728 -1.56061 -2.16095 -3.04968 0.00289 -0.55068 0.6475 -1.6857
1.19246 0.28609 -2.26782 -1.39512 -1.34911 -2.69121 1.36141 -0.92471 0.78863 -0.65981
-0.33856 1.46742 2.35417 -1.04586 -1.28582 -2.76596 1.70438 0.02175 -0.60724 -2.74002
1.48201 1.70814 0.15217 -0.02978 -1.49835 -2.24134 1.06741 -0.27696 0.92941 -0.85363
0.99866 0.60749 0.42579 -2.87151 -2.26501 -2.43638 1.33612 -1.4113 -0.42724 -0.73876
0.75904 2.45601 -0.22526 -3.14768 -1.47986 -2.70659 0.54488 1.17066 1.54273 -1.13228
-1.73732 0.64563 0.28072 -3.24276 -0.9429 -1.00544 1.17879 0.49266 1.0042 -0.9398
0.81356 1.89504 0.0768 -1.35172 -2.36719 -1.29574 1.1406 0.75052 0.92258 0.20094
0.40142 1.30423 0.9893 -1.14616 -1.66944 -0.46197 -0.87842 -0.4054 0.99704 -1.34166
1.56494 -0.40398 -0.67334 -0.6073 -1.75601 -1.94713 -0.07892 -0.03752 -1.06942 -1.24671
-1.26873 0.71405 1.97273 -1.16852 -2.82914 -2.97138 0.0095 -0.14383 1.57014 -0.21679
-0.40489 0.11885 0.51758 -0.64647 -2.04191 -4.08712 2.13645 0.35941 -0.87055 -0.56599
-0.05246 -0.26356 -1.36763 0.70726 -2.82732 -4.89926 1.93477 -0.53439 0.34526 -1.14134
-0.71159 0.15908 -0.43003 -0.52019 -1.36946 -4.80786 0.54485 -2.72545 2.13185 -1.36846
0.67597 0.60257 -0.97183 -1.38213 -0.85163 -4.04278 1.12099 -2.38655 0.94685 0.07573
1.66793 0.72766 0.22302 -0.23105 -0.4179 -3.86534 2.14984 -0.73096 1.56129 -0.84639
0.93528 0.64349 -0.50947 -1.54595 -2.35631 -2.40778 1.96383 -0.42226 0.19729 -1.58274
-0.30887 -0.63348 1.59214 -3.05785 -3.06586 -1.08455 1.97278 0.74818 -0.2406 -1.61646
0.86695 -1.43194 -0.7572 -3.14321 -1.22277 -1.33799 0.39698 1.55106 1.09989 -3.08688
-0.41452 -0.19786 -0.17886 -1.52614 -1.88513 -0.12188 0.9343 0.92784 -0.1693 -0.99374
1.66084 0.4183 1.85395 0.61351 -3.20927 -0.42505 -0.01664 -1.59959 -2.19832 -0.24254
0.3158 0.1173 0.02504 -0.41473 -2.18959 -2.26615 1.19477 -0.73642 -0.42223 -1.22558
-1.11456 0.30158 -0.29569 -2.17111 -2.19725 -0.65501 1.51241 -0.05925 0.26259 -0.62987
-2.47699 -0.28191 -2.09989 -1.02631 -1.92 0.71148 0.20227 0.92996 -0.89145 -1.90173
-0.55624 0.39831 1.65888 -3.5927 -2.46167 1.47874 -0.15962 2.48328 0.50916 -0.93478
0.10869 -0.64954 0.60476 -2.14357 -1.73735 -0.58732 0.93389 0.62036 -0.07404 0.34492
0.72377 0.18479 0.3701 -1.34474 -1.16115 -0.18568 2.81123 0.43231 -1.33862 0.14661
-1.18607 -0.80586 -0.92499 -1.20463 0.55638 -0.92752 1.95301 -0.79012 -0.11129 0.12456
-0.76066 -0.87521 0.27054 -0.46558 2.37753 -1.67641 2.52576 -1.02093 -0.97172 -1.3371
0.99867 -0.83765 -1.82226 1.09453 1.91617 -2.40486 3.2534 0.50823 -0.87591 -0.58758
0.39213 -2.63084 1.23083 0.47766 1.48057 -2.36386 1.60835 1.11581 0.30085 -0.85959
-0.47133 -1.13189 1.5647 -0.51466 1.32043 -3.54287 2.47977 0.74734 -1.38168 0.13354
-0.24625 -2.80494 -0.04749 -1.67569 0.77024 -1.68088 2.29254 -0.52213 0.11033 -0.29598
0.70822 -3.5271 -0.40457 -3e-05 1.80079 -1.58599 0.30031 0.29175 -1.03776 -0.44877
-0.32374 -2.43792 1.29741 1.31354 1.83448 -1.95781 -0.09167 1.33563 -0.15401 0.74588
1.56445 -1.00007 -0.64564 -0.81204 1.2864 -1.97557 1.011 1.88494 0.25617 1.56372
0.71019 -0.28706 -0.69611 -0.16554 4.14327 -2.93422 1.35211 0.966 -1.77506 1.05428
1.00339 -0.65577 0.96393 2.61162 5.2767 -2.20733 1.06149 -0.71314 0.45738 -0.30813
0.13023 0.47113 -0.84786 2.68492 3.95582 -3.3666 0.6014 -0.28181 -1.28434 -0.79771
0.20879 0.51926 0.69291 1.36744 4.1278 -2.46086 0.37228 1.7339 0.97683 -0.03726
-0.75015 1.06093 -1.85423 0.3128 3.46972 -1.09427 -0.2892 -0.55649 -0.68593 -0.31956
0.79966 1.7164 0.43567 0.29192 1.06831 -1.06047 -0.42205 1.14735 2.24814 -0.52024
0.29711 1.81572 1.92641 2.26555 1.03804 -0.41024 -0.49938 1.14692 2.08303 -0.99902
2.91261 1.72517 -0.04156 2.72004 -1.56114 -0.98481 0.4479 0.98009 -0.48714 -1.79662
0.28044 1.40262 -3.17837 1.8456 -2.3962 -1.06629 1.85016 0.19645 1.0921 2.36581
0.96654 -0.18753 0.74376 1.96248 -1.78956 -1.18594 2.42021 -0.30432 -0.21902 2.35256
1.15627 -0.49155 0.00648 2.26373 -1.84394 -1.69837 3.41023 0.00947 0.25244 1.05605
1.0291 0.65212 -0.79534 1.76314 -0.17129 -1.76333 3.94891 1.07303 -0.18581 0.29238
1.31887 0.58084 -0.66121 1.04088 0.4797 -2.99582 2.9446 -0.94218 -0.39452 0.81839
-0.62195 0.51659 0.97421 0.31969 0.47028 -2.50184 1.51686 0.30669 1.37354 -0.19238
0.84584 1.4663 -0.40174 0.06201 1.938 -1.27086 0.82006 0.13132 1.69421 -1.57369
0.61792 2.11206 -1.50104 0.62197 0.02804 -2.06391 0.11147 0.7811 1.96071 -0.31377
0.47429 1.98292 -1.20614 -1.24762 -0.92858 -2.91345 0.42257 -0.72551 0.53516 -0.56333
1.90794 3.85923 1.64741 -0.05624 -1.23836 -4.8993 0.01544 -1.3747 -0.98089 -0.45773
1.86959 0.9069 -0.16574 2.01761 -1.88229 -5.72817 1.51959 -1.75995 2.06517 -0.19306
-0.67586 0.51108 2.18007 2.26966 -0.4857 -5.47522 -0.37756 -2.87498 1.54725 1.12598
-0.40781 1.34011 -0.7505 2.03867 -1.98005 -5.19605 -1.54902 -0.25226 0.79728 3.04095
1.57459 0.64716 2.67161 2.0569 -3.68049 -5.64356 -1.82219 -0.8179 0.45648 -0.49814
1.16968 -0.93279 0.73937 2.01995 -2.34156 -4.06729 -2.19252 0.21835 -3.10188 -0.31358
2.71295 0.63152 -0.03465 1.54392 -1.40759 -4.49507 -0.39851 0.59547 -2.45825 -0.18294
-0.05462 -0.15282 2.0287 -0.69179 -0.58203 -4.91002 -0.47751 -0.18694 -0.5999 -0.14559
-1.61991 -0.85469 0.09264 -1.29035 -1.27869 -3.55196 0.77589 -1.83764 0.8944 0.02315
-0.87911 -2.13552 0.11802 -1.17702 -1.81689 -4.33821 -0.93676 -0.72417 -0.48753 0.90731
0.19835 -2.76408 -0.11939 0.66193 -2.45349 -4.04752 -0.1958 1.11998 -1.05684 -0.29707
0.2462 -3.4412 -1.2723 -0.2789 -2.35284 -4.14608 1.62006 0.7517 -0.54063 -0.15063
2.19466 -5.57358 -0.342 0.0987 -4.73231 -6.38305 0.42436 1.31175 -1.10737 0.81437
1.6898 -5.65572 -0.06056 0.20909 -3.58721 -6.05937 -1.63579 -1.44509 -1.57315 0.20555
-1.53248 -3.64069 -0.48852 -0.66118 -1.42539 -4.89503 -1.66238 -0.79363 0.00713 -1.67648
0.13738 -3.64725 -1.06587 0.23402 -1.12203 -2.65284 -0.48607 -0.14288 -1.11124 -2.53974
-1.05157 -3.17792 0.5299 -1.82038 -0.69501 -4.86159 -0.06473 -0.45795 -0.17722 0.35686
0.08032 -4.87347 0.39353 -0.10644 -1.05126 -2.83101 0.68619 0.18499 0.98998 0.61815
-0.90295 -2.56984 -0.66118 0.51764 -2.51539 -2.41725 -0.07782 -0.63947 0.30979 1.22498
-0.89118 -1.34107 1.91952 -0.38571 -2.744 -2.2845 -2.59702 0.11129 1.675 -0.2514
-1.13058 -1.81001 -0.31214 1.47661 -3.16171 -3.29035 0.25718 -0.62527 1.06437 -1.13497
-0.3234 -1.67855 -0.23531 1.42019 -4.21648 -4.58318 -0.42481 0.01247 -0.42056 -0.79727
-0.50161 0.01385 0.27263 -1.08704 -6.58598 -3.83384 -1.7341 0.84392 0.9522 0.88312
-0.88148 -2.38864 0.65093 0.18069 -5.02728 -3.30719 -2.1088 2.91198 1.69352 1.01829
-0.99353 -1.98477 0.52245 0.03525 -5.07883 -4.07477 -4.07776 1.14722 2.37804 1.45786
-0.56483 1.06619 -0.76039 -0.02709 -2.38133 -4.54371 -1.99851 -0.38078 1.26795 0.15543
3.98298 2.1152 0.87392 -1.31289 -0.09922 -2.49994 -2.78836 1.61046 0.38164 -1.41595
1.16671 1.40606 -1.43518 -1.45522 -1.42212 -1.42903 -1.99307 0.97684 1.18572 -0.81724
-0.19824 1.33627 0.04197 -4.6612 -1.04335 -2.98827 -2.19567 0.21586 0.37907 -3.25986
1.68456 2.20034 -0.23103 -3.07509 -1.84313 -2.57205 -3.45555 -1.04241 2.71621 -1.72928
0.55151 0.39673 -1.40049 -2.53678 -2.08052 -2.69488 -1.30664 -0.85837 0.4768 -0.97347
-0.54503 0.80179 -0.31027 -0.93322 -0.72504 -2.08247 -0.66866 -0.08964 -0.76278 0.10613
-0.06269 0.63953 -0.10013 -0.79052 -0.29687 -3.13012 1.44039 0.62285 -0.36799 0.13344
-1.4226 0.34221 -1.20108 -0.43741 -0.66604 -2.46016 1.92063 -1.00182 -2.59052 -0.0467
-1.28419 0.61841 -1.30594 -0.77088 0.69422 -2.22943 0.44512 0.72995 0.17476 -0.30323
-0.27743 -0.25208 0.97684 0.34781 1.86496 -2.44939 0.02268 -0.21618 2.02288 -1.22043
0.3485 0.34269 -0.81214 -1.17533 -1.40694 -2.90206 0.29519 0.62635 1.83174 1.55604
0.66988 1.15449 -0.85744 0.01567 -1.69194 -3.20255 -0.50727 0.76544 1.37727 -0.85781
2.67185 2.41454 -0.29141 0.05734 -1.71602 -4.56958 -1.39188 0.00039 -0.21261 -0.39194
-0.79924 0.97447 -0.47456 1.5697 -0.66314 -3.45969 -1.81753 -0.77145 0.02096 -0.21926
0.98537 0.10147 2.89209 -0.23082 -2.09453 -3.02113 -1.52221 -0.94054 0.77634 0.95412
-0.23854 0.83843 0.53539 -1.05551 -0.27851 -3.1869 -0.20906 0.90396 0.98109 0.88148
-1.75231 2.86913 1.89842 -3.03378 -2.2019 -3.18136 -0.06591 0.15643 3.61755 -0.6724
0.26072 2.58446 0.03668 -1.77705 -1.86539 -1.777 0.5519 0.14837 1.86175 -0.4596
1.87491 2.94923 0.03658 -0.70622 -1.73663 -1.66907 0.95212 3.1843 0.93771 -1.1781
-0.44162 2.68621 0.91204 -0.24489 -0.34964 0.0855 0.43309 0.52487 1.06777 0.24615
-0.00451 3.56461 1.36872 0.46663 -1.04906 1.25331 0.80073 1.62478 -1.49145 0.89491
-0.44058 3.87321 -0.7201 0.909 0.42308 1.6672 0.87621 0.48714 -1.16137 1.58192
0.92591 2.33179 1.10908 -0.51971 3.10341 2.70678 1.60825 1.36953 0.01051 0.0038
0.92297 0.55346 1.15571 -0.45407 2.42357 1.69527 0.09503 1.64201 -0.81092 -0.72795
1.94525 -1.28264 -1.41068 0.03699 0.96163 1.24426 0.99808 2.78684 -1.57948 -0.22925
0.65757 -3.22276 1.56925 1.52966 -0.18854 -0.16158 1.31087 0.33174 0.2353 -1.5971
-1.64102 -3.54647 0.26334 2.86688 1.44297 0.16046 2.68624 2.29138 2.01798 -0.3983
-1.33892 -2.1983 -2.16264 2.81354 -0.29499 -1.33704 1.14744 0.63779 2.26606 1.69891
-0.53769 -1.83905 0.80064 1.6195 -0.73908 0.65362 0.31603 0.57331 1.33056 0.23867
0.09389 -2.13896 0.97506 0.86538 0.4117 -0.10815 1.27835 0.73314 1.43672 -0.62876
0.20001 -1.93328 -1.1642 0.53725 0.43292 0.42559 0.49624 -0.88436 1.42906 -3.33774
0.57862 -1.65653 -0.76856 0.80162 0.90824 -0.72107 -0.29264 -0.97911 -0.19163 0.08392
-1.17906 -1.89006 -2.56154 -0.73773 1.04534 0.35829 -1.29908 0.47335 0.96936 2.80709
0.33963 -1.59783 3.37758 -1.15478 1.48757 -1.05915 1.07183 0.16563 -0.86965 1.91616
0.44923 0.06653 -0.01937 -0.19663 3.70138 -0.49117 1.5438 -0.496 -1.72699 1.53815
-1.68693 0.76751 -0.39838 1.41698 3.82424 -0.0244 0.33302 -0.35401 -1.56973 -0.87834
-0.34333 -0.41858 -0.67976 0.47451 3.91375 -0.52742 -0.95681 0.55549 -1.95017 0.18915
-1.16985 -1.22067 -1.15668 -0.02191 3.04185 -0.65242 0.02479 -1.26045 -0.38768 -0.87453
0.35022 -0.87756 -0.23427 -0.76656 2.20932 -1.65983 -1.45295 1.17492 0.09317 0.07255
-1.69301 -1.64668 -0.17917 0.32879 0.87543 -0.01067 -2.84359 1.96962 -1.45261 -0.15601
0.64396 0.14054 -0.03334 1.06745 1.17469 -0.51 -2.93053 -0.27913 0.75246 1.65328
-1.27759 -1.58893 -0.37725 2.60765 1.94339 -0.87789 -1.15743 0.39054 0.07307 0.536
-0.78879 -1.7363 0.30949 2.71222 3.93111 -1.31847 -1.34687 -0.81989 -1.30012 -0.23146
0.49328 -1.2856 -0.13213 1.69812 3.22586 -1.97431 -0.25039 -0.24533 -0.8703 0.45739
1.46539 -0.00898 0.15439 -0.56346 1.80615 -3.1501 -1.09218 0.92355 -1.06257 1.01462
0.43341 -0.75296 0.99801 0.70322 1.77639 -4.08246 -0.31079 -0.15875 0.24288 1.58221
-1.47704 -0.90781 1.40022 1.90383 2.45303 -4.03474 -0.05003 -0.04159 -1.72957 -0.31189
0.78762 -0.16602 -0.76097 1.0007 2.47244 -5.29914 -0.89245 -1.03007 0.75631 1.16929
0.69184 -0.20469 -2.51659 0.54942 2.44545 -6.35957 1.43193 0.72257 -0.52947 1.23863
-0.26177 0.66113 -1.16585 0.70632 0.90027 -5.29517 1.0129 -0.87283 -0.75765 -0.48604
0.28926 0.6614 0.40325 2.74647 0.47972 -4.86611 0.15319 -0.78703 0.73496 -0.90747
-1.87298 0.79194 -1.44922 1.20423 1.22077 -4.93284 0.77413 -0.35305 -1.89576 -0.50865
-0.79314 0.33298 0.10925 1.72813 2.08439 -4.4123 -0.16903 -1.95416 -0.7777 -1.10058
-1.51685 0.88912 -1.45344 0.91667 1.5438 -3.53938 0.12 0.05025 0.13939 -0.60335
-2.76523 1.96813 -1.38061 0.11901 0.74757 -3.50564 -1.38547 -0.14972 -0.07712 0.07113
-0.59151 1.98855 0.97055 1.6376 -1.23365 -3.07921 -1.19782 -1.61458 -0.36953 0.69066
0.45341 2.46791 -0.7336 0.49476 -0.69688 -6.08906 -0.86266 -1.38416 -1.11328 0.6621
-0.79087 2.44125 0.34021 1.36511 0.42293 -7.03949 -0.38904 -2.03569 -0.47616 -0.71555
-0.83055 0.71875 0.68527 1.89154 -0.29215 -7.26403 -0.08921 0.2871 0.58038 1.19439
-1.55181 0.20136 0.30109 1.51384 -1.28047 -8.39101 -1.00777 2.81203 1.03191 1.81721
-0.16358 -0.64685 0.59727 1.63591 0.58193 -6.63962 -1.52453 0.2076 0.51898 1.78255
0.30543 0.95673 -0.42815 0.7617 0.13859 -5.67064 -1.32051 1.59777 2.00706 0.4437
0.59785 1.46062 0.48491 0.29044 2.81464 -5.03622 -0.7549 0.44879 2.42659 1.92712
2.91186 1.95403 0.26422 -0.14594 4.701 -5.86274 -1.92026 0.41129 -0.1995 1.06857
3.41927 0.6048 0.15442 -0.43546 5.67935 -6.48626 -1.50746 -0.50819 0.78624 0.40059
0.66555 -2.50532 2.05165 0.8397 3.18987 -6.54028 -1.53798 0.57508 -0.48881 2.23889
0.56438 -1.76942 -0.16927 1.79015 3.67126 -6.35958 0.02805 -0.13808 0.53403 0.97263
0.79709 -0.50332 1.39509 1.36271 1.97465 -5.15764 0.70399 0.40697 -0.23327 0.8201
-0.74068 0.19558 -0.09716 2.45881 2.3067 -5.76635 1.69412 1.65062 -0.71083 0.31624
0.60956 -1.64258 0.3259 1.02965 0.99878 -5.96824 0.59914 1.54917 -0.90459 0.00546
0.99536 -1.21773 -0.1565 2.49136 1.64586 -6.30519 -0.70042 0.53227 0.1834 -1.79425
-0.7927 -0.20989 1.02427 3.32261 2.18603 -6.0128 -1.56795 -0.09904 0.83166 0.22008
-1.30283 -1.38843 1.01367 2.80837 1.42572 -5.93058 -0.57761 -0.5692 -1.83415 1.26857
-0.54087 -2.33202 -0.08065 2.2296 1.54985 -5.34105 1.57151 -0.00678 -1.37168 -0.38103
-0.61919 -2.78239 -0.08163 1.89811 0.30187 -4.58714 2.04588 0.32818 -0.90504 -1.50689
0.23987 -4.82517 0.52509 2.20013 -2.11155 -5.275 1.65867 0.90343 0.26632 -0.28814
0.52259 -3.53561 0.57383 1.16003 -0.14727 -3.89804 2.81313 1.56647 1.04462 -0.10568
-0.16731 -3.15343 -1.08481 1.06567 2.72815 -2.51723 3.34818 1.78158 -0.17101 0.15121
0.69824 -0.75064 -0.88177 2.10367 2.08633 -2.42788 4.52515 0.35875 -1.06631 0.15141
1.17718 0.41443 -0.40538 0.59064 1.52048 -1.322 3.36128 -0.74705 0.37995 0.62258
1.20265 -0.65699 0.36919 -0.12788 2.20268 -1.38224 1.20455 -0.08787 1.96305 0.22836
0.57949 -0.46039 0.71021 -0.36058 2.3333 -1.37278 1.09181 -0.42354 0.74392 0.427
1.04019 -0.64917 3.03483 0.5764 1.46823 -1.84365 1.66412 1.46759 -0.42486 2.10883
0.70904 -0.83511 0.25606 -1.27182 2.61607 -0.6726 1.54554 1.20161 1.17238 0.8995
0.71146 0.84566 -1.85717 0.32574 2.8715 -0.4478 1.17366 -0.13061 1.139 -1.13503
0.30118 0.48729 0.01509 3.07433 3.4294 -0.84717 1.19241 -0.02351 -0.01396 -0.65567
-0.97204 -0.94137 -0.32477 1.7247 1.62436 -1.22706 1.56054 1.26085 -1.95629 0.06134
-0.32267 0.29231 0.1718 0.57031 1.72519 -0.65897 -0.70208 0.87077 -0.19867 1.81732
-1.02184 -1.16462 -0.05109 0.81871 1.05128 -1.42145 -0.48736 -0.68377 1.37215 0.54651
0.45758 -0.85688 -1.29065 0.8284 3.1059 -1.15761 0.32318 2.34293 1.33653 0.21639
0.96326 -0.7149 0.68937 2.00267 4.10134 -1.89775 -0.19916 -0.835 0.66434 -0.11517
-0.12498 0.51614 -0.90892 3.00691 3.53796 -4.2858 1.03039 -1.44423 0.17818 1.2918
0.77555 0.4438 -1.16427 1.46906 4.00611 -5.3367 1.64573 -0.45004 0.79521 1.57068
3.0807 -0.67038 -0.29664 1.31856 4.31086 -5.41383 1.01453 0.14846 -0.07026 0.6486
-0.17302 -1.4427 -0.31136 2.17816 3.16827 -3.42015 0.47563 0.88286 -0.61782 1.65223
1.31725 -1.24001 2.64242 2.18957 0.70144 -4.05879 -1.72381 -0.19897 -1.69954 1.24591
-0.61474 -2.58951 0.25209 3.09032 -0.41363 -2.56172 -1.78191 0.51718 -0.82038 1.5561
-2.1393 -2.08019 -0.51667 1.99838 0.3841 -3.3525 -2.86181 -1.37425 -0.02387 0.50108
0.65802 -1.1394 1.2252 1.64372 -0.23103 -4.18313 -1.81893 -0.80467 -0.36477 0.87732
1.26185 -1.26955 0.66791 0.98091 0.31894 -4.84885 0.31943 -0.4937 0.57465 1.30492
2.18232 -0.95744 -0.7031 -1.15644 -2.37504 -4.59507 0.51334 0.06453 -0.40357 -0.18476
1.1254 -0.11015 1.92887 -1.95954 -1.84989 -4.42751 -0.58664 0.79764 -0.15248 0.3991
-0.32932 -0.69939 -0.42009 -0.49763 -0.31943 -3.39457 0.49677 -1.24476 0.31267 -1.33497
1.23206 0.03407 -0.41514 -1.99663 0.53859 -3.1877 0.6588 1.29867 0.47267 -0.85246
0.61848 -0.47405 1.39421 -3.75885 -2.06916 -2.79588 1.76565 0.28971 -1.12912 -0.3435
-0.65316 -1.47654 0.51101 -1.80841 -2.49455 -2.1767 1.01985 1.5257 -0.80703 -2.886
0.05242 -2.44729 0.10597 -1.42564 -1.02647 -1.83627 0.87175 -0.29668 0.93241 -1.45474
0.14623 -2.32677 0.27742 -1.00809 -2.50706 0.57351 2.50919 -0.71486 -0.10345 0.73897
1.85496 -1.64037 -1.24954 -0.35889 -1.33738 1.46925 2.0571 -0.22711 0.03308 0.17039
0.89726 0.06212 -1.81664 1.55787 -0.77519 2.41526 2.78061 2.14513 0.07679 -0.21573
0.26625 -0.64985 -1.31952 0.72456 -0.64831 2.93771 2.51931 0.98164 -0.91057 0.10381
-0.44474 0.59273 1.34324 0.31624 -0.34653 2.215 1.20382 -0.55268 0.582 0.60655
-1.82794 0.94077 0.74996 1.23976 0.10517 -0.72502 0.02979 0.05782 -1.26115 -0.44868
-1.65152 -0.92852 0.94108 0.2875 1.31966 0.9328 0.11464 -0.86724 -0.07054 -0.25136
-1.23327 -2.54722 -0.26777 -1.40124 1.21918 0.83223 1.20763 0.88148 1.15437 -1.25087
-1.87798 -0.00368 -0.18051 0.51467 1.31617 0.29664 0.51187 0.17228 1.15181 -0.93859
0.24378 0.01036 0.74298 -1.91065 1.78719 -0.32149 -1.72124 1.48787 -0.80433 -2.1212
2.0599 0.63215 -1.50298 0.05348 0.7454 2.20303 -0.29385 0.76421 -0.11313 -1.00475
0.57019 1.17631 0.28652 -0.48349 1.94652 1.42684 -0.91528 1.01522 1.25627 -0.18615
0.84319 -0.71442 0.90324 -0.47045 0.71598 0.4889 0.30345 0.91666 0.27415 0.90377
0.43321 1.11498 -0.75242 0.97594 0.3775 -0.89614 1.14655 1.40455 -0.30594 0.24468
0.31073 -0.41211 -0.10678 0.77685 -1.45713 -1.25875 0.6024 0.62444 -0.60883 0.65043
-0.64963 0.81834 2.0588 3.00883 -0.08682 -1.53498 1.21559 0.14552 0.72441 -0.66027
-0.15098 0.05163 0.87062 1.24339 -0.78323 -2.0614 0.9689 0.13187 1.51548 0.64643
3.66274 0.44679 -1.2435 -0.66169 -0.78584 0.42581 1.12365 -0.62198 0.90629 0.91905
1.71247 1.36951 1.18252 -0.55883 -0.87011 -0.10553 -0.15924 0.00943 0.98729 -1.18182
0.88813 0.61934 1.25021 -0.63405 -1.84197 -0.45332 -1.12203 -1.94099 0.08946 0.27127
1.40158 -0.15618 0.3385 -0.18964 -2.67245 -0.52683 -2.83866 -0.06539 1.27001 -0.98115
1.06388 -0.86107 0.01887 0.80022 -2.32771 -0.7955 -3.89653 -1.08473 2.06032 -0.85929
-1.23147 -0.52952 0.2713 -0.74104 -0.34496 -0.78877 -1.57278 -0.86777 -1.27993 0.30786
0.30135 1.60858 0.55293 -0.34257 1.22421 -1.15291 -0.77053 -0.07017 0.65934 -0.28273
0.19092 1.75127 -1.82844 -0.52676 -0.74109 -0.90299 0.02749 -1.83874 0.18025 -0.61287
-0.46677 3.01231 2.09808 0.19895 -0.97395 -1.49699 0.43441 -1.75411 2.0067 0.29607
-1.17653 2.48871 -0.90749 -0.44221 -1.30526 -2.93069 -0.13578 0.78012 2.46447 0.03874
-1.40644 3.22611 -0.23296 -0.16525 -1.62573 -2.50959 0.03392 -0.17429 1.29105 -0.56926
-0.72296 2.73562 -0.10024 -1.68785 -1.03997 -2.4221 -0.64362 -1.71709 0.15871 -0.16405
-0.8236 3.5061 -0.45204 -0.03874 0.13522 -0.43922 -0.11142 1.1593 0.44718 -1.19567
-0.34809 3.84144 -1.13997 -1.50846 -0.88553 0.18961 -0.21929 -1.02562 -0.24648 -0.8959
-1.64253 2.41686 0.08951 -1.45461 -2.37273 0.12408 0.27536 2.44846 -0.36678 -0.97097
0.00705 2.37116 -1.19581 -2.00681 -2.49567 -0.28558 -0.59138 0.19003 0.28348 0.0177
-0.23402 2.16796 -0.6733 -1.61014 0.01008 -1.91875 -1.65253 0.22734 -1.61566 0.89801
-0.73118 0.71547 0.48926 0.27241 -0.08947 -2.13027 -2.25518 0.11698 -0.07405 -0.26156
-0.42444 -0.62788 1.21424 0.83861 0.86527 -1.91811 -2.76555 -0.64599 0.0668 -1.23506
1.67892 0.31899 0.36387 0.49568 1.81154 1.83014 -1.79364 0.51977 0.78098 0.02515
1.11987 0.83399 -0.26836 1.54914 0.96895 3.73839 -3.59838 0.52296 1.25884 1.11203
0.93537 0.2388 0.57726 -0.31714 -0.17209 3.6607 -1.36466 -0.45293 -0.7318 0.32769
0.62349 0.35017 -1.45978 1.02381 -0.29176 2.57969 -1.75993 0.06594 0.15223 1.26382
-0.36962 0.4353 0.56285 0.20694 -0.24449 3.27212 -0.84742 0.518 -1.14015 1.49592
-0.8936 0.1276 -1.1211 -0.55013 0.80725 3.02967 -0.50124 0.56028 -1.04964 0.3851
-1.50885 -0.42364 0.45091 -1.82862 1.11294 3.16889 0.33592 1.46911 -1.42209 1.01828
-0.96172 -2.26421 0.49593 -1.79776 2.62659 2.08126 -0.05535 -0.36143 -1.77743 1.00115
-0.74171 -0.58553 0.34453 -2.23602 3.37585 1.40328 1.71407 2.44477 0.54997 -0.2932
-2.60537 0.40582 0.11144 -0.07992 3.57896 2.39414 0.16445 -0.47936 0.70856 0.31377
0.89725 -0.45934 0.14312 0.12813 2.62693 2.02135 -0.47621 0.92257 1.59257 0.94872
0.99294 0.50789 -0.76478 2.60546 1.60084 1.66244 -1.0616 -1.00543 2.06854 -0.09529
0.78452 1.65531 -1.3416 1.55924 0.96081 2.47713 -0.34616 0.35537 1.515 -0.83112
2.19231 0.309 0.9162 2.98732 1.35459 4.49275 -0.3212 -0.75252 1.94559 0.93815
0.40642 1.08336 2.58503 1.6827 1.49265 5.67317 -0.16413 -1.42665 1.31603 1.43751
-1.65157 1.02829 1.80491 1.26982 2.30619 5.10576 -0.32374 -0.80648 0.24287 2.03108
-0.21715 1.1501 1.91053 1.86404 0.92187 3.26076 1.46528 1.14448 -2.47775 2.35394
0.09589 1.08195 1.35381 0.18155 0.58535 3.25828 1.0555 0.87286 -0.13456 0.19569
-2.18152 0.06325 -0.01392 -0.59665 -0.10718 2.98455 0.07622 2.09808 -0.99744 2.78688
0.84735 -0.69378 1.19258 0.39413 -0.24095 2.69649 -0.52765 0.15327 -0.23692 3.9781
-0.15787 -1.43103 -0.74476 2.09414 1.50758 2.15553 1.23187 0.28136 0.77688 1.60085
-0.46405 -0.40588 1.3115 1.345 3.61276 2.64535 0.47655 0.11224 2.05065 0.85416
0.516 -1.12877 -0.09573 0.40594 3.34139 2.77233 0.78611 0.19443 1.21314 1.1296
0.1807 0.02878 0.87596 -0.38943 3.03319 1.03892 0.73748 1.83702 2.34062 0.57111
-1.15838 -1.1825 0.21382 0.48144 2.21876 0.36944 0.43605 -0.44588 1.3819 0.28389
-1.47217 -0.18025 0.10249 0.33095 1.16135 -1.14358 1.17203 -0.14407 2.90592 2.4577
1.42449 -0.63744 0.32088 1.29835 1.67079 -3.32316 0.33698 0.58539 1.04109 2.0866
2.30205 1.38299 1.47209 3.6818 2.46532 -3.31678 1.54524 0.29928 0.91524 2.80708
-0.27538 2.83348 1.07022 3.62127 0.87178 -3.04581 2.5805 1.3851 1.25206 2.19666
-0.3204 2.004 0.04153 1.4573 0.81935 -2.70874 2.24833 0.12248 0.37212 3.19151
2.32842 2.73171 -1.02984 2.05979 0.79453 -2.70932 3.38738 -0.47506 -0.47677 1.9616
1.1391 1.53269 1.75135 1.68218 3.333 -2.66426 4.07217 -1.10505 0.6692 0.33191
1.18724 1.73184 0.70258 0.77567 3.36058 -2.81032 4.06487 -1.34109 1.87592 -0.30664
0.31103 1.49601 -1.04571 0.55598 0.84254 -3.41088 4.39462 -0.81872 -1.11449 -0.15882
-0.16718 2.19259 -0.70488 0.5936 1.52215 -4.82164 2.73837 -1.01168 -0.42014 0.74681
-0.14514 1.54132 0.08838 1.34305 0.26344 -4.31434 2.94205 0.52441 -0.19426 0.28594
-0.15578 1.93942 1.65409 1.28895 0.31466 -4.33423 2.38664 -0.20082 0.01105 0.36203
-1.03201 1.1227 -0.04713 1.445 1.50679 -5.36396 -0.31029 -0.73526 0.74086 0.53138
-0.22436 0.87495 -0.01521 0.74212 0.04507 -4.91199 -1.97367 0.9317 2.22052 0.79155
0.22166 0.96778 -1.71113 1.74078 -0.20434 -4.06421 -1.92649 -1.33827 2.12586 -0.1742
-0.45148 1.20292 1.35545 0.78387 0.52622 -4.92089 -1.43993 -0.55501 -1.07168 0.92468
