-5.02251 -2.37834 1.34417 -6.90198 -1.16352 2.00844 -0.47032 -3.61339 -1.43871 2.89519
-6.33753 -3.18632 0.25165 -4.87016 -0.45244 0.17713 -1.48405 -2.18051 -1.35002 2.58806
-6.69021 -5.26307 -0.33858 -2.95547 -0.84557 -0.72694 -0.03772 -3.48391 -1.27418 2.16926
-5.92844 -3.71884 -1.09862 -3.3709 -1.25868 -2.00504 0.87366 -4.65648 -2.41585 0.53439
-4.5563 -6.84932 -0.90966 -5.38823 -1.63293 -1.95643 0.19122 -2.3507 -1.02807 0.49691
-5.11028 -6.24905 -1.28517 -6.16382 -0.62728 -2.93661 -0.01716 -0.78472 -0.58586 -0.2854
-6.63607 -7.2716 -1.45645 -4.97588 0.44536 -1.87314 1.15527 -1.3339 -0.93952 0.0466
-5.44243 -7.73259 -2.15306 -3.56992 -0.25088 -2.68749 1.18137 -1.85173 -0.9116 -0.47183
-6.59103 -8.184 -0.70653 -6.15184 -1.22501 -2.51734 0.48316 -2.20946 -1.61108 -1.73122
-4.82135 -6.4589 -1.22441 -8.50447 -1.47162 -2.55178 -0.67718 -0.78409 0.4658 -0.78531
-5.09229 -6.74679 -1.94639 -9.57195 -1.02608 -2.36994 -1.58999 -2.09027 0.41124 -2.73928
-4.08458 -7.89652 -0.61732 -9.25374 -2.33234 -3.46355 -0.44434 -3.05813 0.2603 -2.33309
-5.03272 -8.06148 -1.40443 -9.42166 -0.0874 -0.15182 -0.04141 -4.01856 0.80491 -3.02797
-6.106 -9.61441 -1.1123 -8.31559 -1.01937 -1.084 0.05576 -3.77481 0.8117 -1.5338
-5.57754 -10.47252 -1.86528 -9.11246 -0.02251 -1.33345 -0.43001 -3.28206 1.81582 -1.16144
-4.08162 -10.60672 -2.14746 -7.34826 -0.2805 -1.36192 0.45888 -2.25408 2.82185 -2.23114
-3.6597 -11.97176 -2.39927 -5.08194 -1.29274 0.30499 0.22432 -2.69307 2.07514 -3.41166
-3.595 -12.04006 -3.85423 -4.5136 -1.97426 0.32804 0.07704 -4.09832 3.34082 -3.11848
-2.33119 -13.37763 -3.61085 -5.42554 -1.77779 0.6636 -1.2986 -3.4301 2.64454 -3.03647
-3.99568 -13.77375 -2.62535 -6.05662 0.12404 1.4748 -2.15492 -2.26666 2.55018 -3.53749
-5.30095 -12.47744 -1.4127 -6.84742 1.1051 0.74596 -3.5765 -1.99499 1.2879 -1.82678
-5.60869 -10.2935 -1.07231 -7.29914 0.35935 -2.19233 -3.62069 -2.60729 1.39743 -2.18331
-5.05754 -10.67093 -0.62668 -5.13967 1.88735 -0.92939 -3.91825 -4.42107 -0.11169 -2.90229
-4.33275 -12.39727 0.65129 -5.73974 0.90616 -0.44656 -2.69953 -3.08683 1.51331 -1.90826
-6.63677 -11.79259 -0.70694 -5.10108 2.53554 -0.28353 -2.78584 -2.32095 1.17474 0.40337
-6.60571 -11.24295 0.18561 -3.5208 1.24983 -0.55104 -3.17175 -3.29441 -1.25078 -0.6956
-5.82062 -11.52415 0.29591 -3.71063 -0.40225 0.34047 -1.52181 -3.98293 -1.235 0.51732
-6.00686 -8.71594 1.80163 -3.93438 0.25962 -1.22999 -0.31036 -1.27681 -1.33969 0.74348
-4.80454 -5.29521 1.85455 -3.22408 0.70718 -0.45789 -0.88464 -0.29396 -0.92305 1.50246
-5.21194 -5.95228 1.56715 -1.88131 1.54672 -0.34038 -1.85041 -1.86469 -0.96007 1.38204
-4.75968 -4.35946 3.59002 -2.75643 1.22958 -0.60506 -0.76564 -2.02125 -1.5097 2.43547
-4.99388 -2.36881 2.57571 -1.14207 0.87554 0.38242 -1.25261 -2.31904 -0.77224 2.15512
-6.47281 -2.05474 1.7294 0.86235 0.59514 -0.24461 -0.80791 -2.33058 0.77354 2.62998
-6.09134 -1.80771 1.22325 1.63105 -1.09027 -0.59744 -0.19916 -0.63974 0.67207 3.27181
-5.95037 -1.17772 2.66546 0.16249 1.53582 -1.21897 1.91558 1.04197 -0.66612 2.94708
-6.87143 0.23525 1.61092 0.45413 1.75917 -2.34916 1.33646 1.35302 -0.98528 3.01035
-5.1859 -0.24792 3.40622 0.89167 1.20466 0.00294 0.82268 -0.05566 -1.68735 3.79952
-5.15164 1.25773 0.08314 -0.9086 0.9452 0.0629 -1.03128 1.04824 -3.45537 4.09515
-5.46322 2.91674 1.70125 0.00132 -0.13783 1.89263 -0.39857 0.65085 -6.0205 3.86021
-5.80541 4.12863 0.34851 0.56727 0.2412 -0.01107 0.03037 0.70793 -6.37169 4.02788
-5.88681 3.62807 0.75166 1.25216 2.28007 0.59492 -0.36952 -0.26636 -4.9165 1.35082
-3.68359 3.33425 -0.5173 2.26786 0.60187 1.84246 -1.13886 0.18773 -5.2528 1.27419
-5.71753 3.54487 0.73042 2.93301 0.60287 1.06103 -0.46519 0.87627 -5.04141 1.3646
-3.88712 3.49711 1.40133 3.33309 -0.23899 2.25499 0.75347 1.17174 -4.1359 1.7761
-2.59988 4.05904 0.82071 3.55343 0.56564 0.29855 1.60408 1.87702 -3.08033 1.5478
-2.67264 4.61788 2.13564 2.03413 -0.23414 0.81255 2.07975 1.6386 -2.60905 1.22569
-2.36783 6.42454 1.24982 2.87395 0.86529 1.51233 0.97942 0.1317 -4.69031 1.14549
-3.19272 5.24527 0.69648 3.22521 -0.41076 0.65967 2.17155 -0.36384 -3.86023 0.65802
-4.66456 4.91322 0.79225 4.90837 1.65345 -0.27252 1.73286 0.54105 -3.75541 0.10522
-3.34285 4.10537 1.63398 4.40249 0.25844 0.04196 1.32845 2.81561 -2.54526 0.90705
-2.97252 3.88046 0.98204 4.1195 1.07464 -0.45248 -0.83772 1.04759 -1.54614 1.08258
-3.13098 4.3133 -0.01368 2.8312 -0.22687 -0.91684 0.41724 -0.4833 -0.88682 -0.19272
-2.83906 5.75362 -1.25344 2.43208 0.52177 -0.51627 -0.3716 0.36079 -0.41231 -1.03959
-3.85392 7.24926 -0.05279 2.08625 0.80851 1.58514 -2.28103 1.33618 2.46173 0.22223
-3.20139 6.19655 1.0432 2.05198 -0.34162 0.28747 -1.65533 0.94238 3.14699 -0.43114
-1.30795 5.57993 1.5191 3.41599 -0.04004 0.0325 -2.80835 2.32103 2.92562 -0.40779
0.26287 5.30375 1.93562 4.11438 0.28506 1.08431 -1.32183 0.48368 3.22471 -0.15932
-0.54777 5.1453 0.78188 5.42817 -0.89135 0.42374 -1.40634 2.19529 2.28298 -0.50529
-0.10492 4.57111 -0.51238 4.91832 -1.26257 -0.10889 -2.07585 3.09032 0.29382 0.92017
1.03347 5.44825 0.29464 5.36025 -0.69007 1.55434 -2.21409 2.96001 -1.77845 -1.63588
0.14181 3.69828 1.33918 3.22596 1.43041 0.37602 -0.94124 1.23629 -2.70209 -2.58919
-1.47294 4.78433 0.67017 1.91458 0.84411 0.29241 -1.41098 1.26772 -2.91598 -3.65418
-1.71172 5.49588 3.43951 2.05252 2.04231 0.77518 -1.03393 3.76449 -1.74846 -4.76457
-1.42022 5.22352 2.61462 3.4556 0.78241 -0.52522 -1.03093 2.51284 -3.12016 -4.46966
-0.88876 3.48004 3.87739 3.96512 -0.2907 0.00265 -1.40039 2.14341 -3.20151 -3.12453
0.32608 2.18991 1.71072 3.34133 -1.19758 -0.30889 -0.65429 1.808 -2.94484 -0.74751
1.40982 4.48866 0.89251 4.87712 -0.57472 -2.25119 -2.06101 1.21551 -2.93774 -0.88989
2.62496 3.63141 -1.49216 5.9621 -0.17348 -1.44715 -2.95707 -0.26549 -1.98251 -0.83571
2.27309 3.15547 0.27242 4.41621 0.03293 -0.8334 -1.47922 0.48652 -1.68596 -0.81858
3.03905 4.74354 -0.68905 2.20423 -0.48779 -1.27221 -1.26379 0.14327 -0.78511 -1.85199
2.51626 5.52589 -1.99652 3.45785 -1.29164 -0.86225 -0.77004 0.63468 -1.3305 -1.42102
1.98422 3.05204 -2.20476 1.75405 -0.03417 -0.33623 -0.12723 1.36218 -1.80477 -3.08068
2.2292 4.38154 -2.50178 1.10551 -0.24503 -2.90942 -0.09992 2.32033 -1.33819 -2.27155
1.59328 3.93945 -2.1744 0.1682 0.4437 -2.27235 0.50467 1.00645 -0.1265 -1.89287
2.45909 3.85944 -2.46706 -1.59025 -0.05441 -2.04874 -0.43183 1.21136 -0.81234 -2.77092
3.8132 0.93139 -1.50676 -2.19183 -0.5187 -1.29323 0.25439 2.16219 0.55568 -3.45472
3.61101 -0.64338 -1.86398 -1.75788 -2.4145 -0.67487 -1.54616 -0.47509 -1.00272 -4.76382
3.36328 -2.03375 -2.39408 -2.01973 -1.20763 -0.19315 -1.0572 1.19835 -1.56125 -2.96199
3.50921 -3.1525 -3.02427 -0.84875 -1.89279 -0.93058 -1.54196 -0.41007 -0.32649 -2.91787
2.18395 -3.17016 -3.52066 -1.67956 0.07009 -0.45926 -4.14069 -1.82251 -0.04796 -5.00477
1.65391 -5.8244 -2.54896 -1.06206 -0.1875 1.5594 -4.02282 0.48409 0.5195 -5.72759
0.59473 -7.70606 0.16624 -5.22068 1.11917 0.98563 -1.64132 1.68544 1.04607 -4.36244
0.94115 -8.7718 0.90797 -2.76735 0.16867 -1.09923 -3.23464 -0.52146 0.25599 -2.56312
0.29728 -7.33922 0.59172 -3.58852 1.9215 -1.80429 -1.9879 -0.66215 1.6769 -2.75171
-0.26459 -9.23306 1.14214 -2.5347 2.22235 -3.74445 -1.38028 0.45724 1.75858 -3.40981
1.15749 -7.86703 2.45411 -1.44276 -0.24655 -2.31878 -1.96444 -0.93855 1.01925 -1.25151
0.18992 -7.83955 1.40708 0.77755 0.04289 -0.44124 -2.6659 -1.57663 0.91336 -0.83848
-2.08068 -6.69647 0.30458 1.51019 -0.87453 -0.09816 -1.51187 -0.54004 1.18099 -0.78971
0.11403 -5.14366 -1.04961 1.7507 -0.16462 -0.67763 -0.00208 -0.12443 2.04092 -0.36767
1.34448 -4.46345 -0.05562 3.04564 1.34625 0.14234 -0.38612 1.54021 1.56715 -1.57469
1.01172 -2.70906 1.59774 3.60576 -0.3956 -2.08682 -0.76383 0.28325 2.19344 -1.96882
0.88736 -1.48278 0.09773 1.1412 0.35617 -2.28299 -1.17537 0.84095 1.24565 -0.75138
1.55759 -0.01128 -0.10273 2.84204 0.81663 -0.59553 -0.84988 -0.0821 1.79665 -1.06198
1.42886 -0.31545 -1.68471 2.09157 3.57451 -0.50942 -0.68039 0.13036 3.08149 -2.11118
1.53186 0.98446 -1.0357 1.60256 1.34777 -0.24492 0.10454 1.0511 2.26554 -3.11516
0.42303 0.71164 1.57357 1.39947 -0.83102 -0.26237 -0.39108 1.35775 0.61565 -3.00626
-0.85394 -0.04327 -0.33542 0.96819 -2.579 -0.62185 -0.10543 0.77934 -0.46897 -1.86636
-1.23042 0.27227 -0.79782 1.72741 -2.52589 -0.12209 0.29795 1.25057 -3.58159 -1.16555
-0.42013 1.07965 -1.34297 -1.16896 0.35432 -0.99274 0.02655 1.11978 -1.43836 0.47202
0.45958 0.31125 -2.5132 -2.16608 -0.81687 -0.16613 -0.75067 1.43136 -0.57814 0.11431
-0.13361 -0.28997 -2.47003 -0.55975 -2.34955 1.65746 0.24311 -1.07222 -0.49137 -0.36541
-1.62873 -2.64798 -1.15864 -1.54862 -0.80199 2.50921 -0.97208 -1.56257 0.69969 -0.17915
-0.03982 -2.96688 -2.1389 -3.44584 0.8664 1.79421 -3.23082 -0.9191 -0.81595 -1.02751
-0.55987 -2.06889 -2.99161 -3.29618 -0.8401 0.80742 -3.27341 0.72092 0.68211 -1.95276
1.07471 -2.88551 -1.39041 -3.06529 1.51383 -1.06935 -2.76696 0.60296 0.58372 -1.96437
2.16201 -5.01005 -0.83893 -3.04787 0.13274 -1.89523 -0.70029 -2.86448 1.02717 0.04631
3.08981 -4.18024 0.45408 -3.00846 0.93976 -1.17984 -0.06331 -1.70723 -0.69345 -0.46081
3.02873 -4.19425 0.94673 -3.39698 -0.56345 -1.22403 0.07923 -1.87559 0.28306 -0.2777
3.74026 -3.62822 -0.61767 -3.2805 0.13905 -1.5063 -0.5892 -1.96409 -1.02721 0.69748
3.23423 -4.22063 0.84226 -3.02677 -2.54385 0.19419 0.22215 -3.39008 -1.07568 0.56167
2.07572 -6.3094 -1.12705 -3.62147 -1.86927 -0.2298 1.39089 -1.99865 -1.27725 1.34425
2.83645 -6.38633 0.09567 -2.53186 -0.49702 0.08491 1.69444 -0.3548 -0.50661 0.62038
0.46864 -5.74911 -1.01205 -1.13141 0.55945 -0.27278 2.82279 -1.19308 -0.3215 1.44624
-0.64954 -5.78571 -1.7128 -2.26502 1.1926 1.70463 2.28556 -0.42544 -1.52855 2.30026
-0.44621 -4.87029 -0.42918 -3.28195 -0.00348 -0.58052 0.60756 -0.02311 -1.10391 2.19902
-0.81369 -3.85778 -1.9015 -1.31079 0.02041 0.35902 1.11582 0.14257 1.37297 2.91213
0.25228 -1.83317 -0.95142 -2.34008 0.14463 1.62241 1.22014 -1.10437 2.36139 2.08471
0.82886 -1.59042 -1.44056 -3.56896 -0.43541 0.18964 1.12898 -0.96385 3.67787 2.66299
-2.01703 -1.08751 -1.45346 -4.23993 -0.01187 1.09036 1.26163 -1.48337 4.1971 2.19395
-3.20731 0.79316 -3.52003 -5.34783 1.17137 -0.84799 1.85815 -1.27508 4.06538 1.75514
-2.79723 0.18961 -0.34317 -4.70356 2.17892 -0.73677 0.71518 -1.80807 3.00046 2.47849
-3.74724 0.24596 0.1666 -4.64795 2.05401 0.5709 0.77396 -1.63727 3.05152 1.98572
-4.51326 -2.78321 3.16572 -4.71498 2.17317 -0.40271 1.40094 -0.70216 4.55368 2.42992
-3.92261 -1.93796 -0.55854 -4.72675 0.9307 -0.85255 1.6674 -3.94644 4.74029 1.8959
-3.03989 0.41403 -1.57991 -3.16195 -1.79449 -1.05965 1.33152 -2.77419 5.18757 1.80131
-4.22936 0.40073 0.54639 -4.33284 0.11818 1.03355 2.46187 -2.80054 6.2448 2.61819
-6.92444 -0.21635 0.12315 -4.52667 -0.1403 1.07753 0.44693 -2.81386 6.71803 1.54548
-7.11506 -0.25348 0.83163 -3.4982 -0.40579 1.85856 -0.40241 -3.61738 6.56526 0.76452
-5.7041 -0.28813 -1.60915 -4.00605 1.62497 2.45824 -1.68006 -2.56568 6.95278 1.45804
-5.91391 -0.07594 -0.52931 -4.85931 2.95841 -0.7219 -2.04601 -2.47511 6.05964 2.30459
-5.924 0.28628 -0.23115 -4.67335 2.44664 0.29182 -1.38118 -1.35754 7.02182 1.58532
-7.69234 0.06752 1.53934 -5.81639 1.90008 1.48927 -1.15635 -1.61416 7.50645 1.1473
-5.75622 -1.43318 2.2725 -6.13703 0.17706 0.36036 -1.8513 -0.07613 5.74687 1.42194
-7.02062 -2.56004 2.34768 -5.51498 -2.23708 -0.22259 -2.3098 0.08673 5.81079 3.51674
-6.08455 -2.78254 -0.34887 -2.67444 -0.01889 -0.15528 -1.28211 -1.62688 4.05428 3.2842
-5.22391 -2.16844 -1.63835 -3.22214 -0.73673 -1.54429 -0.88976 -1.29482 4.18963 2.2756
-4.57402 -1.63916 -0.0671 -2.99892 -1.19347 -2.60468 -2.91784 -1.11081 3.58888 1.0778
-3.81663 -1.86181 -0.70931 -3.51209 0.3079 -2.23943 -2.38499 -1.85694 3.55484 1.2838
-3.99356 -2.88999 -1.70575 -3.87868 0.80893 -2.07212 -1.03537 -0.72348 3.749 0.6702
-2.59936 -2.86956 -1.61749 -1.82917 -0.59483 0.28173 -2.18292 -1.06742 3.51406 -0.5631
-4.13147 -2.80529 -2.07144 -3.63455 -2.4019 -0.64813 -2.01726 -1.30637 3.12169 -0.87305
-3.12872 -3.66802 -1.96718 -5.21358 -2.14109 -1.22867 -1.37617 -0.90885 3.63777 -0.64889
-3.96977 -2.95631 -1.7288 -3.65823 0.37416 -0.53334 -2.52215 -1.80134 2.92774 0.34771
-4.05921 -2.6825 -1.886 -4.25873 0.30786 0.65511 -2.82835 -1.04065 4.40759 -0.76874
-5.8884 -2.84324 -0.30686 -4.71558 -0.31081 -0.15679 -2.9602 -0.85024 3.57681 -1.46685
-6.17737 -3.51559 0.81903 -1.86565 -0.544 -0.84115 -5.13938 -1.40088 3.12075 -1.63888
-6.62371 -5.39293 -0.70225 -2.24695 -1.28685 0.12083 -3.97993 -1.48064 2.59413 -0.14967
-5.74077 -5.44629 -1.55561 -1.87044 -0.50536 0.89118 -3.18024 -0.03361 2.06819 -0.77656
-6.72105 -5.41419 -1.99328 -1.50053 -0.79682 1.06722 -3.68403 -2.08163 0.58948 -0.22757
-6.21095 -5.01651 -2.06847 -1.99268 -0.21652 0.13656 -2.16562 -4.28599 -1.23686 -0.53034
-6.22594 -4.6877 -1.10351 -2.85597 0.97152 -2.01475 0.04252 -2.64038 -2.54899 -0.14391
-8.10797 -7.29893 1.85877 -2.96743 0.67714 -1.49527 0.12817 -1.26363 -2.30198 -0.57489
-7.82971 -6.0667 3.12455 -3.7385 1.02086 -3.44725 -1.26063 -1.427 -1.65606 -0.54318
-8.21031 -7.07047 1.67345 -2.79866 0.85628 -1.08303 -2.13338 -1.63793 -1.85701 -1.15572
-8.36855 -6.84328 1.07039 -0.43438 0.54808 -2.65714 -2.64438 -1.84203 -1.89342 -1.52673
-6.92194 -6.08342 -2.05523 0.20116 -1.15657 -1.60891 -0.82128 -0.94255 -1.28846 -2.88534
-6.13674 -7.23369 -2.75777 -1.52127 0.17843 0.13761 -1.34854 -1.10053 -1.99176 -3.07514
-5.72068 -6.77012 -1.09297 -1.35221 -0.6853 1.91119 -0.4172 0.69502 -1.47576 -6.01208
-6.12378 -5.37929 -1.07182 -1.08563 -1.60454 0.66342 -0.97497 0.81494 -1.65286 -6.75185
-4.82902 -5.99516 -1.16035 -2.08927 -0.26424 0.96367 -0.5922 2.49433 -2.72785 -6.86149
-3.39087 -5.29805 -1.06829 -0.71289 -0.93246 -0.02851 -0.28593 0.10331 -3.38552 -7.58818
-3.16095 -6.98371 -1.8741 -2.22173 -0.67425 -1.34227 -0.45538 -0.84005 -2.888 -5.75379
-3.67634 -6.40245 -0.72652 -1.89862 -0.40188 1.13533 -1.0828 -1.2543 -3.03064 -6.14882
-3.96695 -4.5879 1.14811 -1.42071 -0.17411 0.99654 -0.85047 -1.29381 -2.45314 -5.42028
-5.35188 -6.02164 0.46128 -2.74074 -0.45868 0.77782 -2.60099 -2.31329 -2.08925 -3.24068
-4.48064 -5.48537 -0.24944 -4.04737 -0.57636 0.80185 -3.047 -1.55569 -1.1311 -1.59778
-4.52672 -6.96138 -1.12798 -2.7765 -1.47999 2.34396 -2.09485 -1.6911 -1.5215 -1.86617
-5.69672 -6.58517 -0.3282 -3.11931 -0.62967 0.50031 -0.15832 -2.58283 -1.58564 -2.59242
-5.89643 -7.26671 -0.60234 -4.64966 2.04057 0.02964 -0.25622 -3.40805 -2.98701 -3.06009
-6.49168 -8.70505 -1.29486 -3.25042 1.97346 1.63285 -1.99484 -1.2162 -3.88445 -3.16201
-6.9551 -9.17802 1.16954 -3.26601 -1.08523 -1.21393 -1.65523 -1.52931 -3.75483 -4.05316
-5.75565 -12.38925 2.0798 -4.09273 -0.90038 0.05379 -1.7038 -0.4189 -5.11092 -1.58849
-5.57095 -11.39011 2.16189 -5.63157 -0.39538 0.91133 -1.71247 -0.28491 -5.49801 -0.90654
-6.67845 -9.40238 2.00002 -5.5086 -1.54903 0.89468 -0.82271 -0.49455 -5.25482 -1.54898
-5.46057 -7.94132 0.73125 -2.39267 -1.4798 1.16617 -0.80454 -0.96302 -6.59627 -1.58849
-4.74686 -7.95846 1.72593 -3.23185 -0.59758 1.33038 0.0836 -1.44581 -6.97321 -1.82695
-3.95755 -8.09065 -1.25696 -4.85153 0.63533 1.97215 0.44213 -1.51298 -6.79132 -1.45601
-1.97985 -9.26046 -1.56104 -4.10447 0.59128 1.3577 1.60489 -0.85991 -8.3298 -2.19537
-4.7575 -10.87474 0.95459 -3.33029 0.19894 1.59511 -0.56691 1.55236 -8.48817 -3.16819
-4.2702 -9.83639 1.9321 -2.17574 0.65859 1.60844 -0.75795 -0.03825 -10.38241 -3.58712
-3.79837 -10.41426 0.4169 -2.266 -0.5314 0.43301 1.68352 -1.12056 -10.24247 -2.64254
-4.21125 -10.62777 1.23308 -1.46712 -0.19514 1.79343 -0.05805 -2.00151 -9.17704 -1.95812
-4.62433 -8.62081 3.02025 -2.0862 -2.03042 1.39783 -0.02969 -2.03428 -8.47392 -1.31469
-4.06757 -8.16609 2.0973 -2.12566 0.72752 0.34713 -1.26532 -2.79371 -8.50889 -1.03006
-3.92777 -8.09044 1.9557 -2.8649 -0.73507 0.49169 -1.61695 -2.64076 -7.24974 -1.11832
-5.08224 -9.12033 2.08449 -2.28476 -0.67002 -0.86263 -0.96661 0.02524 -6.44845 -1.98038
-5.12032 -8.07331 0.61751 -3.61408 -0.67755 -1.0146 -1.44667 -1.22649 -7.72845 -1.8843
-3.46305 -8.17738 -0.74652 -3.64549 -0.06609 -0.90978 -0.17342 0.47233 -7.8343 -1.14113
-1.49549 -7.92377 1.05045 -1.92129 0.78914 -1.73545 0.55979 -0.77057 -7.0065 -1.71139
0.47953 -8.14674 2.18883 -2.48413 -0.07176 -0.55532 0.46749 -3.23241 -7.04848 -2.62366
1.75242 -7.04168 0.63489 -3.52813 -0.37089 -0.92253 -0.07937 -1.76886 -7.71406 -0.91369
2.0339 -8.27934 -1.23943 -2.60337 0.9587 0.24145 0.02916 -0.17475 -7.30049 0.78942
0.3384 -6.18037 -0.83678 -3.81525 0.23142 -0.30058 -0.38588 -0.05106 -7.01253 1.15236
1.0777 -5.6746 -0.93391 -3.11358 -1.73676 -0.91635 -0.22631 -0.39 -5.89449 2.39037
1.0999 -5.32054 -0.90408 -3.06631 0.2715 -0.35604 -0.42512 -0.30351 -5.33375 3.20691
-1.14914 -5.57315 -0.23961 -1.76576 0.65094 -0.42996 1.04671 -0.59769 -5.7872 2.3659
-0.41231 -5.55117 -1.01595 -2.04389 1.50502 -1.48539 0.7434 -0.68783 -5.52808 4.08649
-1.18175 -4.93662 -1.83235 -1.85531 0.55487 -2.41368 -1.54567 -1.14 -5.15057 3.28478
-0.80608 -5.53261 -0.87303 -1.4236 2.02785 -1.49576 -0.79562 -1.3379 -7.33385 3.89847
-1.79559 -2.73813 0.59937 -2.73963 0.54454 0.0551 -3.04136 -1.52978 -6.54259 4.77032
-0.55997 -1.99174 1.55028 -1.24267 0.17838 -1.08423 -1.25778 -0.73288 -5.59561 4.86515
0.1182 -0.98659 0.56837 -2.06889 0.74913 -1.80391 -1.38167 -1.79978 -4.56592 4.48224
-0.63254 -0.48775 0.19116 -1.86195 0.86767 0.65452 -2.17188 -0.2343 -6.35101 2.64424
-0.71819 -0.20013 -1.08649 -1.94585 -0.2528 0.58348 -3.23729 -0.74455 -5.51758 2.49841
-1.41042 1.42289 -0.39259 -0.87824 -0.27698 -0.49961 0.97865 -0.01512 -6.95044 3.4842
-1.03361 1.00629 0.25547 -0.42547 -0.14338 0.89051 1.3959 0.04144 -5.46256 2.38449
-0.78798 0.6457 0.24796 -1.56365 -1.80013 0.08462 0.5338 0.35046 -4.49044 0.97213
-1.66085 1.40672 -0.35489 -0.30713 -1.47995 -0.23696 0.98191 -0.08266 -5.05249 1.79915
-1.85436 1.54791 -0.23373 -0.81753 1.27016 1.11668 0.47776 -1.10088 -5.66159 1.73433
-3.23019 3.15856 0.67325 -1.17493 0.61967 0.9588 -0.88714 0.89477 -5.24627 1.8061
-1.983 2.39322 1.77867 -0.68061 0.5071 1.83178 -0.77669 -1.06056 -4.84831 3.57734
-1.15838 1.04481 2.0982 -1.29641 1.78231 1.01052 -1.55746 -0.78222 -3.47667 2.57569
-1.86267 0.61355 0.56357 -0.3971 1.60071 0.3949 -0.70378 -1.04954 -1.72917 1.72398
-2.6231 0.8647 -0.81184 -0.26611 -0.05367 -1.06659 0.80757 -0.1302 -1.25754 0.98881
-2.92548 -0.36107 1.4469 1.92933 -1.85801 0.79111 0.60739 -1.2458 0.30039 0.02301
-1.03526 -0.37877 0.89973 2.33739 0.00878 -2.85118 0.05157 0.31608 -1.29974 -0.78646
-0.70683 -1.46915 0.34763 2.78205 0.71503 -1.53412 0.84086 -1.19191 -2.68602 -0.23926
-1.38234 0.43651 -1.6708 1.94558 1.33858 -2.2548 1.71952 1.52978 -0.71388 -0.29969
-2.51552 1.35325 -1.65583 3.4614 1.40728 0.28716 1.233 1.23718 -1.12845 -1.36322
-1.08153 1.24515 -1.16115 3.26744 -0.08837 0.75357 2.34361 0.18018 -1.04276 -0.62068
-0.79311 1.24473 -1.91321 2.2404 -1.09409 1.42982 0.32976 2.82361 0.1211 -0.07622
0.84988 3.37081 -3.17677 3.13356 -0.8834 0.47279 0.24177 1.72407 0.24225 1.55433
3.14788 5.22768 -4.75638 1.18711 -2.38787 0.05436 -1.29598 1.3283 0.10212 1.51295
3.32063 4.84699 -3.59976 1.20171 -1.58782 -0.51127 -0.06077 1.55164 1.01033 1.94764
5.77427 4.72922 -2.30802 -0.20126 -1.79346 -1.76062 -1.18506 0.48031 1.94074 3.37475
5.05473 4.92603 -1.57995 -1.09321 -1.26555 -2.37904 -0.78699 -0.87016 2.93475 2.28213
5.05935 4.82008 -1.60491 -2.72834 -0.54842 -1.08629 -0.14319 -0.76175 4.15509 2.67148
4.57334 4.39021 -0.67519 -2.4006 -1.96256 -0.01835 0.46106 -0.73514 3.95886 2.00931
4.47389 3.2879 -0.97085 -2.62854 -0.16744 -0.58409 1.44831 -0.67903 3.66299 0.7444
3.78832 0.17189 -1.16698 -2.0307 0.86444 -0.26781 1.12972 1.20553 2.67284 2.22687
2.0875 -0.7275 -2.0247 -1.64395 0.46819 -2.38024 2.57615 0.30746 3.72413 0.27847
4.50047 -2.05553 -0.95647 -1.41366 0.1858 -1.26149 0.61876 -0.14081 2.93828 0.4198
3.40013 -2.67184 -0.35809 -3.90465 -1.63948 -1.62052 1.71802 -2.21659 4.56021 0.65168
1.29516 -1.13421 -1.5875 -2.85855 -1.49603 0.90771 2.01057 -2.22922 5.3044 1.16941
1.90494 -2.09259 -2.45119 -2.6798 -1.13365 0.21602 1.46248 -2.15772 7.18816 1.98312
3.28617 -1.58728 -2.44472 -2.13566 1.21235 1.51731 3.2196 -0.061 6.94965 0.56727
2.24197 -1.83854 -3.11281 -2.58101 -0.10217 -1.12006 2.67027 -1.90222 6.45366 0.13791
2.69754 -3.83778 -2.17786 -4.0273 -0.73822 -0.40583 3.88641 -1.27683 7.45253 0.31103
1.17866 -4.14087 -3.71387 -3.61189 0.2432 0.18603 1.90242 0.11685 7.98636 1.57345
-1.56994 -3.7078 -3.35167 -1.70397 -0.1701 2.09586 0.89397 -0.98706 8.38627 1.09436
-2.47589 -3.49991 -1.2632 -3.97133 0.70702 2.17392 0.68746 -0.25094 8.06624 -0.34168
-2.19473 -4.10798 -1.3696 -5.03169 -0.11108 4.14971 0.82244 -0.68427 6.38523 -0.51667
-3.32983 -2.48054 -0.15954 -4.7923 -0.09402 1.29281 -0.27162 -2.79584 6.91099 0.26777
-4.34179 -1.84513 -1.19546 -5.20518 0.70777 2.03039 -1.33838 -3.1101 5.88471 -0.27726
-3.78653 -1.9176 -0.63665 -5.12998 0.06724 0.18864 -1.82296 -2.49799 4.97612 -0.09476
-4.41327 -2.29955 -0.0023 -4.81736 0.68373 1.14159 -1.75413 -1.65989 4.68365 -0.61047
-4.06478 -3.84839 1.78487 -3.48909 0.17429 -1.20937 -0.98156 -3.30075 3.62753 -0.01682
-3.77007 -4.96599 0.94518 -5.19945 -0.1658 -1.18391 -0.95903 -4.2973 2.19713 1.8867
-2.92811 -3.16417 2.28724 -3.81156 1.09959 -0.68203 -1.30165 -2.59834 3.61306 3.06436
-3.80298 -2.83935 2.42889 -1.79326 0.59271 -1.09046 -1.96583 -2.80617 3.08161 2.14415
-5.3627 -3.3714 1.43697 -3.06402 -0.2441 -1.28777 -1.51193 -2.08137 2.77246 0.9714
-6.55851 -2.50701 2.17422 -3.02201 1.50795 -2.28985 -0.82756 -0.5868 3.3791 -0.04618
-6.98926 -2.15511 1.41517 -2.24979 -0.22257 -1.22781 1.24186 -2.86685 5.1748 -1.43659
-5.39191 -2.90757 1.17737 -2.72613 -1.25257 -1.64103 0.67584 -2.67143 3.93388 -2.65423
-6.72624 -2.64415 -0.74317 -4.4563 1.03614 -1.6705 0.33875 -1.10575 1.70358 -4.54029
-7.03711 -4.29634 -0.77705 -3.30616 0.27485 -0.95227 0.61378 0.22225 1.79911 -3.66555
-7.35348 -4.77112 1.28837 -4.19625 -1.42684 0.39475 0.959 -1.11595 0.47142 -4.22563
-6.64832 -5.49802 2.19454 -1.95974 -3.32586 -0.22962 1.40487 -0.77823 1.22619 -4.40477
-7.77847 -6.65117 2.50605 -1.21055 -1.44864 1.1898 1.69318 -2.32946 2.84751 -3.07102
-7.70147 -5.69048 0.16612 -0.49749 0.64192 0.03464 2.20484 -0.48476 3.65396 -1.25011
-7.99485 -3.63906 0.00731 -0.37031 1.39057 -1.06555 1.24451 -0.51354 4.20003 -0.67675
-8.93794 -4.27282 -0.88238 -1.74659 -0.38143 1.84004 -0.63561 1.13886 4.60969 -1.29387
-6.23638 -5.21752 0.77884 0.52168 -0.5912 0.53044 0.06963 -0.90959 5.30822 -0.62521
-4.88209 -6.67403 -1.87258 -0.586 0.94419 0.51077 2.1672 0.43579 5.34383 -1.40092
-5.18536 -4.83029 -2.44756 1.06935 2.33553 1.66791 1.38816 0.01078 5.58914 -2.63034
-5.26883 -3.30353 0.55473 2.3955 1.063 -0.15287 1.02078 0.08384 5.30301 -2.45505
-5.5208 -4.204 0.78576 2.29113 1.57578 0.70513 0.51 0.50028 6.02382 -2.93847
-2.09662 -4.19561 0.5453 2.99146 -1.15333 0.09484 1.71412 1.04832 7.04639 -2.80714
-0.6508 -4.67147 0.45729 3.36301 -0.22671 -0.93961 0.51148 1.17105 7.58406 -3.81981
0.59539 -3.34435 2.04118 2.12435 -0.92783 -0.82526 0.13494 -0.23836 8.21208 -3.1361
0.53533 -1.7434 3.33723 2.23926 -0.81891 -0.9102 -0.38649 1.19767 7.80687 -2.68407
0.98324 0.15266 -0.48952 2.88943 -0.97114 0.87523 -0.02709 1.29517 9.00581 -2.55053
2.79027 -0.10897 0.37708 3.61943 0.52168 0.68182 -1.99414 2.1486 9.0551 -0.41732
3.6817 -0.65956 -0.10595 4.78947 2.14853 -0.18479 -1.72103 0.97937 9.68044 -0.90595
3.84931 -0.75709 0.6177 5.24159 2.86445 0.04255 -1.0795 3.59412 8.67566 -1.60671
3.99004 -0.03812 1.55774 5.80215 1.90747 -0.53328 -0.8326 3.84225 8.64671 -1.17768
4.91089 0.76208 3.4643 5.22235 1.56728 -1.37649 -1.34394 2.76974 7.00854 1.50733
5.26063 3.77444 2.75882 4.22171 1.19811 0.33586 -1.40738 3.35344 4.44008 1.29384
5.74176 4.67867 1.88901 4.54316 0.33419 -0.27346 0.10858 2.62684 4.23141 1.79932
6.09899 6.80521 0.82068 5.3611 0.68364 -1.39295 -0.10334 1.64231 2.84107 2.69283
5.56863 8.70487 0.13118 4.57616 -1.50918 -0.35824 0.63392 5.11077 2.47637 1.86746
4.95369 8.97563 1.83195 3.05915 -0.49656 1.06573 0.58445 2.81278 3.49324 1.60823
6.41608 9.86939 -0.48726 2.21573 0.51854 1.59334 -0.04093 3.40653 2.67218 1.6469
5.37068 9.381 0.1665 1.77537 -0.44695 0.71735 0.1473 3.19008 1.76714 2.31641
5.28077 9.31842 0.16771 1.45391 0.72981 2.62134 2.08399 2.2339 1.26456 1.59454
5.75188 9.91851 0.79941 1.59939 -1.20322 1.49129 0.58777 1.65084 2.06825 0.06859
5.6668 8.96437 1.72819 1.70475 -1.45279 0.9454 -2.09201 -0.85928 1.81172 -2.66882
5.74594 6.43382 0.38472 2.19094 -0.15663 1.43143 -1.60563 -1.20205 1.53602 -3.71805
5.13725 4.31396 -0.07865 3.11069 -0.53854 0.50655 -3.22855 1.45227 1.23885 -1.98911
3.6579 2.87409 -0.70058 2.45569 -1.24064 -0.47042 -3.34432 -0.11364 1.86573 -1.80682
3.24804 2.48813 -1.72456 3.02848 0.15485 -0.02937 -3.93159 0.54986 2.01401 -0.69011
2.34057 0.1714 -1.86254 3.48745 -1.31421 -1.38292 -2.94024 0.96331 2.56785 -0.22641
3.686 1.94774 -1.14879 0.47104 -0.92089 -2.58049 -2.31228 1.23081 1.42815 -1.46532
4.28445 1.17535 -1.44487 -0.44558 -0.09706 -1.3067 -2.18165 0.37634 1.09676 0.07549
5.87182 2.06109 -2.0343 2.48029 -0.98218 -0.18317 -0.33369 -0.77579 0.3401 -1.27529
7.30957 1.06122 -0.73663 3.14536 -1.11156 -0.39622 0.76448 -1.80575 -1.93878 -1.4407
6.45628 -0.6531 -1.09094 0.91126 -0.34671 -0.31435 1.81801 -0.65387 -3.57544 -3.95705
5.67107 -2.68186 0.1649 1.64336 -0.25519 0.42018 0.58429 1.12189 -5.26695 -1.87631
5.6741 -1.53433 0.29162 2.21332 0.38549 0.81444 0.58222 -0.6241 -7.09642 -0.50471
4.36973 -1.55415 -1.07499 1.82057 -1.23264 -0.50901 0.28887 0.64077 -5.67325 -0.58478
