6.58776 2.77757 4.42317 -1.14823 -0.62986 12.2956 0.56129 10.98503 1.72671 4.95245
5.7745 3.30808 4.17983 0.17923 0.0178 11.46893 1.59871 11.27351 1.51408 5.97558
4.95267 4.81127 5.22188 -1.05165 1.992 11.80857 2.55746 10.52422 2.20403 5.40391
4.18443 5.32727 4.95824 -1.53792 1.07962 11.67264 2.07006 9.70305 3.45798 2.96204
3.44633 4.52027 4.14925 -0.55994 0.17817 10.7831 1.34754 11.99724 3.83282 2.26564
2.56505 3.50742 3.86139 -0.76436 0.55237 9.68739 2.10523 13.69692 5.38662 0.47048
4.1245 2.91483 5.57738 0.97545 1.56605 9.16776 1.28887 14.21747 5.99324 3.97691
3.63424 2.92337 3.29553 -1.36441 0.56121 9.30588 0.4186 12.39462 6.74617 3.11242
3.6564 4.07517 5.17486 -0.60913 -0.83169 9.95557 0.92058 14.04963 7.63039 2.95824
5.63184 6.23763 4.19504 -2.19835 -0.83413 10.70052 0.44748 16.52396 7.26566 2.35658
5.69959 7.10809 3.49835 -2.80272 -2.87481 13.81746 2.40842 16.22936 6.28523 3.40745
5.33318 9.23012 4.91889 -3.07171 0.05773 14.14094 2.51623 16.57054 5.65298 2.87216
4.83043 8.1174 4.79434 -1.73918 0.44907 13.33197 3.84675 16.58506 6.69367 1.88577
4.48934 7.7008 5.57974 -1.91571 0.6498 13.5736 3.48983 15.71409 4.38621 1.36604
6.40037 7.68857 8.38917 -1.02707 0.88668 14.20315 3.16513 14.70965 3.65283 3.95985
6.65978 6.68225 8.23395 -0.85333 -0.34069 14.69126 3.37082 14.68605 3.65306 5.53153
5.81189 6.91315 7.46001 -0.74235 -0.18071 14.85803 3.01621 13.80293 5.67319 7.0689
4.82381 5.53211 5.99604 -0.33513 -1.17934 13.74112 3.74775 14.98231 5.84769 4.57175
5.98311 4.89143 6.55198 -1.26519 -0.91849 14.23331 2.9703 17.00929 5.28826 3.43525
5.65617 6.6457 6.47215 -0.7563 -1.87165 14.3811 2.62708 18.5636 6.0883 6.34468
5.11878 8.38698 4.98689 -0.74454 0.26423 13.60287 3.52973 17.70375 4.87546 5.03897
4.24047 9.94366 7.28505 -2.3884 -1.00286 16.04749 2.61432 19.01931 6.28118 5.2133
3.50433 11.77205 7.49888 -1.12171 -0.28905 16.78683 1.51064 18.91912 4.4212 4.38222
3.30267 11.57323 6.42063 -0.60757 0.29476 15.73851 3.8766 19.3231 3.88853 6.01804
2.78653 12.15643 6.77635 -0.26092 -1.23312 15.67785 2.88303 20.88209 3.62078 3.03986
2.81654 13.18578 6.54091 1.84447 -0.27341 14.21007 3.17501 20.23255 4.63641 5.85255
1.72539 13.55146 7.51187 0.71083 -0.5066 11.46361 1.81211 20.25342 4.07147 5.07877
2.18999 12.83881 7.72839 -0.10444 0.82578 11.09956 3.50064 19.46982 3.49657 4.03277
2.49203 13.40239 8.44693 0.51169 0.18333 12.81423 3.20111 18.19644 4.65761 4.64882
0.8042 13.50842 8.56642 0.95895 -0.31957 12.40486 4.83056 17.46641 4.26312 4.24291
1.47762 14.88576 6.61688 1.30156 1.38343 11.98716 3.72051 17.92554 2.64499 4.72283
2.22314 14.49395 6.98645 1.19069 -0.74602 10.97814 6.86366 17.29827 2.65146 2.73012
1.59777 15.18137 5.25277 0.7787 0.19429 8.78241 4.37286 18.44134 2.21746 2.11047
1.68796 17.37203 5.28755 -1.54063 -0.88613 8.09591 4.48569 15.46348 0.81305 5.02441
1.39348 17.92104 7.29997 -1.29682 -1.49659 7.01051 1.57465 16.59696 0.70114 5.04383
0.38442 17.41509 7.91871 0.40593 -0.19887 7.17648 1.51578 15.34096 0.54518 3.53362
0.79045 19.76605 6.69061 -0.38254 0.21304 5.97574 3.51164 14.27632 -0.3418 3.4194
-0.4831 18.38776 6.23517 -0.27214 0.57475 5.21919 3.31687 15.38474 1.01042 4.026
-0.59233 17.88135 3.50207 0.91724 0.54283 4.99021 2.87431 15.16139 1.99565 2.78635
-0.50226 17.94827 5.13682 2.03934 -0.21561 4.7269 2.77265 15.41617 0.86812 1.88103
0.46433 17.49296 7.12237 1.33279 -1.14331 3.53921 1.76299 14.8414 2.12084 2.15549
0.71554 18.20803 4.00982 1.93461 2.4144 4.6859 2.36062 12.8599 2.99444 0.5359
0.28169 19.82957 3.93711 2.48669 -0.46814 5.06752 2.2025 11.48653 2.60764 0.53118
0.29345 19.42205 5.26634 2.93394 -0.42525 4.21267 1.2629 13.78172 2.41976 -0.09375
-0.01371 17.96054 4.02532 1.83816 1.59234 5.06451 1.19352 12.28939 2.31782 1.38223
-0.59324 17.49024 3.07729 2.22507 0.47156 3.97684 1.41557 12.35116 3.01051 0.87611
0.20119 16.04162 4.37273 1.28118 1.37567 4.33624 0.78504 10.21728 3.01362 0.49981
-0.87842 15.98788 5.26975 0.75191 -0.89303 6.00674 -0.78801 10.27824 2.24979 2.58159
-1.3787 14.71597 4.40676 1.26769 0.15068 6.11327 0.81393 12.65138 1.96995 1.9677
-0.93617 15.32431 1.52477 0.6364 1.89964 4.55201 0.67799 12.10488 1.26266 1.72429
-1.0418 13.0826 4.3943 -0.23082 -0.18129 4.01146 0.56521 10.85591 3.07315 2.83921
-1.46784 12.24564 3.63999 -0.01992 0.00302 4.03388 -1.23636 11.29556 2.14738 2.76502
-1.45886 13.1287 2.30281 0.42414 0.23657 6.53127 0.1616 8.29447 2.34138 3.30521
0.37197 13.2265 4.01622 3.15389 -0.76566 4.78046 -0.20974 9.15195 1.0196 0.80192
0.5463 12.83669 3.44435 3.66191 1.21621 3.82357 -2.58538 10.14381 0.35884 -0.41255
-0.42882 12.46049 2.59704 3.44349 -1.87316 4.33458 0.19094 9.51918 -0.88958 0.39895
0.86941 13.90391 0.98583 2.28382 1.73308 1.43189 1.00563 9.42969 -0.88978 1.18195
0.13962 12.33338 3.96519 1.39534 -0.33606 2.36724 1.18247 8.21049 -0.34241 2.48568
0.99893 11.12442 4.62622 2.02749 0.33562 1.15688 1.22305 6.57323 -0.78689 1.54755
0.29986 10.34046 2.88779 0.81756 -1.11622 1.42197 2.25454 5.85856 -0.76135 0.96815
0.67644 9.95973 2.29128 0.7043 -1.59189 1.08975 1.98297 5.7435 -0.73897 0.44916
0.92601 9.55121 0.32097 -0.55324 -0.71817 0.58958 1.18983 6.1459 0.45427 1.34273
1.86454 11.60545 2.18386 -0.83975 1.35814 1.42435 2.67394 2.93451 1.88216 1.02672
1.03165 11.15 2.52215 -1.61225 -0.25874 3.6445 1.33048 3.71979 2.48403 -0.35449
0.26794 11.01002 1.52421 -0.45385 0.17998 2.52319 0.78894 3.2749 1.54193 -0.38354
0.57958 10.70856 2.28887 -0.08792 0.32609 2.59491 0.93366 4.14604 0.80356 1.82886
0.70764 9.61607 2.72318 0.28622 -1.00982 1.23465 -0.68176 6.12838 1.00205 2.17133
-0.80744 9.71518 1.94063 -0.85245 1.28215 -0.37302 0.65676 6.33899 0.17007 1.15438
-1.80294 8.76191 1.7642 -0.09849 0.95436 -1.68177 3.3804 6.90308 1.12579 -0.99579
-0.4822 8.67959 2.49059 -2.13854 0.89102 -0.30135 2.70238 7.82212 1.43767 1.17878
-0.04376 7.55966 1.22675 -3.12384 1.9134 -0.61368 -1.27692 7.7694 2.18096 -0.8411
1.97659 8.30429 2.33644 -2.40691 0.1998 -0.54578 3.86197 4.75509 2.08684 -1.08871
1.80896 10.42535 0.70338 -1.20742 0.09921 1.54351 2.32349 6.5998 1.3729 -1.60809
2.9567 9.8549 2.88065 -1.04156 -0.04105 1.67357 0.98951 6.87134 1.41736 -2.39241
3.95483 9.7162 2.14957 -0.94966 -0.34771 3.29578 1.55305 6.47892 1.71895 -1.2898
4.22975 10.09513 5.20665 -0.20855 0.03248 4.54156 1.00925 4.35764 0.98272 -1.15709
3.7479 10.21841 4.09337 0.8873 0.41791 4.35939 1.01972 3.08421 -0.14073 -1.42186
4.26329 8.02934 2.55726 1.84959 -0.08631 3.38742 0.92057 3.37036 -0.89929 -0.80063
5.09355 6.70713 4.468 2.84356 -1.39534 4.08614 2.23239 3.44667 -2.17295 0.11459
3.93157 5.05592 2.04068 2.21274 0.31013 5.43487 0.4067 2.78934 -2.25889 1.54316
3.73126 5.22161 1.9142 2.53789 -0.41746 4.04359 1.25223 1.28671 -2.1288 1.34476
2.86062 4.30849 3.09976 1.41516 0.49413 2.18348 2.38704 1.0113 -1.36717 1.56165
0.7442 3.62431 2.69582 -0.03056 -0.9805 0.91396 -0.36298 2.50795 -1.3123 1.18543
0.24817 6.74896 2.78338 0.93901 0.29212 1.56528 1.72098 3.39615 -0.34595 0.79483
-0.40615 6.87462 0.53998 -1.55197 -0.40686 0.40193 1.03612 5.48419 1.62961 2.44848
0.70404 7.49427 1.88409 -0.51634 1.12645 -0.46523 0.4962 6.17577 0.98865 -0.17491
-0.0256 6.68029 0.5155 -0.61707 -0.7966 0.02771 0.53667 8.11501 0.7278 -1.18431
-1.06534 5.2871 0.70732 -1.32642 -0.09333 0.12602 1.66012 8.04295 -0.87213 0.63524
-0.81434 6.15241 1.44018 -1.0741 -0.03442 0.43365 -1.63505 6.48716 -1.45328 -0.07233
-2.33846 6.21593 1.67636 -1.27393 0.37216 1.66479 -0.6576 4.66908 -2.13874 -0.2024
-1.23224 6.639 0.52026 -0.55806 -0.60416 1.01611 -0.97485 3.94396 -1.47443 1.00856
-2.60331 7.03169 3.32525 -0.31621 0.06097 0.25081 0.62236 2.43034 -1.22914 0.13231
-3.99007 7.31173 1.59912 -0.21244 1.21022 -3.37641 0.06462 2.20089 -0.70511 0.97734
-1.39963 7.52963 0.66545 1.03246 -0.90332 -4.59937 0.85827 0.7971 -0.4706 0.28266
-2.27163 8.60316 -1.95778 1.23114 -0.03041 -4.24703 -0.49956 2.34156 -1.23152 2.61247
-2.33294 7.67082 -2.18098 0.86887 1.32296 -1.72926 1.36772 1.1252 -1.44034 1.30473
-2.6373 7.48995 -2.04919 -0.30519 -0.55244 -2.17649 0.17227 2.65358 -1.40273 -1.89088
-3.85643 8.06932 0.67883 -1.7711 -1.3093 -3.8172 -0.01348 2.51701 -0.30803 -1.95968
-3.20646 7.8616 -0.19875 -1.33906 -0.90767 -5.51778 0.16602 1.5503 -0.2046 -1.81893
-2.66464 7.88799 -0.11972 0.12191 -2.19619 -3.90714 -0.37485 -0.76239 -1.33668 1.55878
-3.13958 5.03562 1.54433 0.75021 -2.15855 -2.93548 0.16507 -1.20283 -2.03816 0.35067
-3.1176 3.39389 -0.32649 -1.9277 -0.74015 -3.97163 -1.46092 -2.35817 -2.03202 -1.87151
-0.6965 3.3036 -1.48001 -2.03115 -0.04821 -5.91441 -0.39336 -0.82084 -1.42464 -1.94879
0.09786 4.21702 -1.27747 -0.62375 -0.31525 -5.25809 -1.72137 0.1305 -2.34262 -1.75788
1.15794 1.83421 0.12091 -0.18655 -1.03091 -5.48248 -1.96198 -1.52251 -2.32635 -0.79375
1.74947 4.03911 -1.38827 -0.87079 -1.79722 -3.86827 -1.22387 -3.4661 -2.05668 0.21662
1.80067 1.75908 -0.6528 -2.31084 -0.85718 -2.85458 0.31343 -5.33282 -2.30933 -1.50873
1.94541 1.40683 1.19327 -3.18192 0.20032 0.58448 -0.4119 -4.56104 -1.17938 -1.95958
3.20854 -1.19095 -1.22155 -2.49606 -0.96886 0.29393 -1.72639 -3.95242 0.87028 -1.40259
1.66259 -0.51255 -1.2467 -1.08315 0.75525 1.80219 2.30658 -4.00132 0.70696 -1.15593
0.00186 -1.5302 -0.91622 -0.68562 0.91883 1.24561 0.97692 -4.45625 1.44488 -0.4437
-1.6003 -1.67107 0.46443 0.49167 1.63075 1.30483 0.8233 -2.95884 0.80802 1.86962
-2.56025 -0.97415 -0.29878 1.32886 1.47142 1.01545 -0.05301 -1.23786 1.79215 2.0451
-2.90722 -1.46973 -1.26112 0.00215 0.48864 0.57141 -0.59519 -2.75828 0.17852 0.49356
-0.88495 -0.89326 -0.18081 0.98846 -1.066 -0.86522 0.33045 -1.46599 -0.34639 0.75186
-0.54777 -1.45563 -0.3624 -0.72407 -0.55515 -0.47149 -0.61542 -0.76499 0.31224 0.59694
-0.50236 -1.07583 -1.56679 -1.24196 1.36821 -0.36744 -1.18104 -1.50467 -0.04619 -0.20407
-0.4517 -1.90663 -2.55034 -0.83126 0.56151 -1.05277 -0.68093 -1.04331 -0.12932 -0.25859
-2.22244 -0.28653 -0.96058 -0.8088 0.96329 0.9111 -1.35543 1.81144 0.20672 -0.40694
-2.15925 -0.31793 -0.0291 -1.87801 -1.48559 -0.55118 -1.32318 1.316 0.37868 0.88116
-2.18476 -0.15854 0.27864 -1.72665 -1.0052 -2.03442 0.7791 1.40778 -0.31638 -1.22884
-0.60903 -0.26328 1.71454 -2.88907 1.66506 -2.67107 -0.99604 0.71814 -1.63894 1.65782
1.32072 0.202 -0.31939 -1.72887 -0.38262 -3.28451 0.24322 1.86673 -1.36603 1.25348
2.11874 -0.09687 1.57582 -0.67715 0.02309 -1.06578 1.49123 -0.54049 -1.67738 0.03934
0.3254 0.05474 0.32945 -1.32162 -0.30058 -1.39559 0.00891 -0.08596 -0.97565 -0.42394
-0.98712 0.46032 0.47598 -1.41566 -0.03716 -1.64561 0.47799 0.52061 1.01408 0.13737
-1.5398 -0.11376 0.60247 -1.68944 -1.46541 -1.87424 -0.27412 0.4607 1.11052 0.80805
-1.99603 -0.54121 0.3919 -0.83218 -1.81104 -1.78304 -0.63616 -0.07809 1.60955 2.00699
1.03106 1.19014 0.00352 -2.26844 0.36546 -2.6643 1.45237 -0.38019 2.09267 0.81164
1.20377 0.24755 -1.07355 -4.16417 0.77055 -2.75107 0.41635 0.43927 1.53581 0.18623
3.04309 -0.22372 -0.05859 -2.84594 0.962 -1.67392 0.10749 0.92485 1.3003 -0.96861
2.05371 -1.88841 -2.16564 -1.87841 0.00475 0.46813 1.24376 -0.51115 3.74391 0.01987
1.73993 -2.42374 -0.00606 -0.24548 -0.75706 1.17755 0.63876 -0.06671 3.64086 -0.19205
-0.01442 -2.29039 0.0346 -2.46649 0.51549 2.70143 0.64394 0.12508 2.11618 -0.20415
0.99724 -1.83104 1.70014 -4.19799 -2.4668 4.3213 0.13739 1.77463 2.5215 1.21979
0.88574 -3.33285 1.33719 -2.29524 -0.02729 5.2731 -2.09098 1.19275 1.52052 -0.021
-0.15801 -1.44326 -0.42677 -1.00727 1.13435 6.62137 -0.97872 3.21083 1.12905 0.66379
0.72583 -0.42603 0.53648 -1.38336 2.24193 4.72133 0.86319 3.26287 0.58666 -0.53588
0.38977 -1.55012 0.48637 -1.158 1.34324 4.65457 0.83921 3.70424 0.01483 1.61673
0.88686 0.09844 1.23811 -1.2215 -0.69144 3.18167 3.88396 2.39302 0.44625 1.59453
1.35042 1.15717 -0.07459 -1.2752 0.23115 3.512 0.7552 0.15767 -1.5348 0.63927
1.81421 0.57741 2.28341 -1.36547 -0.75318 1.6791 -0.17571 2.50361 -1.21566 2.69815
1.98754 -0.40862 0.16083 0.01174 1.03632 1.11697 -1.01987 1.96229 -0.48795 0.95987
2.05003 -0.76959 1.11506 -0.18998 -1.94386 0.94446 0.59625 1.83678 -0.61771 1.52634
2.94972 -0.59897 1.94875 1.47166 -0.56911 1.85628 -1.13769 2.09655 -0.93328 -0.09726
1.61759 -0.40431 1.88915 2.64407 -0.7447 1.88548 0.44734 1.29627 -2.70592 -1.25039
1.39706 -1.08046 -0.12336 2.69007 -1.22157 3.19522 2.03977 0.31544 -2.37767 0.5955
0.2524 -2.1517 2.57029 1.72434 -0.01117 1.88333 0.94053 -1.29185 -3.25008 0.47651
-0.16104 -2.90321 1.80406 1.29569 -0.65547 1.11707 -0.7395 -3.17348 -2.75336 1.67406
-0.93303 -0.15424 1.60739 2.20665 -1.87739 -0.63169 -0.03649 -2.55847 -1.63955 0.21964
-0.83396 1.06763 0.12925 0.70855 -0.52829 -2.63591 1.97065 -3.44729 -1.30187 0.92563
-1.32379 0.98285 -1.35795 1.31358 -0.12274 -4.09318 2.86379 -3.32926 -2.8371 0.77045
-0.02795 3.49603 -1.39758 2.5681 -0.81192 -3.42727 1.61712 -2.96834 -2.64893 0.60387
1.99926 4.85871 -0.25802 0.8697 -0.46179 -2.6497 0.83021 -3.67568 -3.16576 -1.30812
0.11973 6.3665 -0.46739 2.29741 0.00598 -0.95082 -0.18361 -1.89627 -5.13553 -0.34954
-1.72868 5.05708 -1.05843 1.72872 1.58801 -1.08868 -0.30554 -2.41607 -3.64386 -0.30676
-1.80755 5.57648 -0.44511 0.7323 -0.21772 0.41344 -0.95046 -2.74784 -0.96457 -0.70786
-1.54548 4.05671 -0.18226 0.66489 2.06073 -1.27989 -1.10032 -1.25149 -1.75139 -1.18448
-0.43438 3.81303 0.11862 0.73499 1.6165 -2.7129 -0.46367 0.33315 -3.30169 0.35879
-0.81768 1.50947 -1.83193 0.1395 0.26999 -2.12197 0.3636 -1.87014 -2.36663 -1.41511
-0.57581 1.56109 -0.35559 2.28474 0.75935 -0.8009 -0.73322 -2.89955 -2.50887 0.57849
-1.58781 1.38606 -0.13463 0.79336 0.28129 -1.62607 -1.87152 -3.94545 -2.20845 -0.29194
-2.00327 0.86562 0.0571 2.16236 0.89807 -0.9382 -0.84536 -3.28186 -0.76845 -0.82521
-3.15982 2.59614 -0.97904 2.49531 -1.77099 -2.67393 0.21041 -3.45706 -1.03342 -1.22639
-3.09255 2.1104 -2.34494 2.81648 -0.78425 -3.5263 1.15024 -0.79382 -2.47271 0.81124
-2.47387 -0.13368 -1.87497 2.07506 -0.58687 -3.0329 -1.18977 -0.46745 -2.18193 -1.35825
-1.63314 0.75747 -1.07775 1.06414 0.91549 -3.20426 -2.82958 -1.3235 -1.87382 -0.86891
-0.79074 0.04137 0.05017 1.97207 0.14076 -5.6235 -2.25158 -1.75987 -1.41434 -1.10162
-1.79641 -0.33096 0.46038 0.90564 1.44916 -4.57769 0.58128 -1.84192 -2.51834 -1.16309
-2.76103 -0.64002 -1.64996 2.77923 0.4786 -5.85471 1.57141 -1.70243 -2.68799 -0.29011
-2.3169 -0.0051 -2.22361 0.56892 -0.23869 -5.50326 -0.81599 -2.01034 -2.06804 -1.77395
-4.28814 -1.65677 -0.55414 -1.27138 -1.87718 -5.4745 -1.87018 -2.59802 -3.56757 -2.40347
-4.15001 -0.72689 -1.84207 1.31802 -2.01933 -6.09953 -0.45421 -3.63257 -3.57044 -1.47053
-2.70238 -2.1117 -0.87027 0.53777 -0.7565 -6.64057 0.39489 -4.80219 -2.06329 -2.47175
-3.86484 -2.26617 -1.52365 -0.14132 -0.27041 -6.54366 0.14827 -6.58487 -1.15773 -2.5574
-4.41875 -3.05364 -2.99882 -2.3175 0.48188 -7.66145 -1.25449 -5.8701 -0.83 -0.64664
-3.95075 -3.7677 -3.05922 -1.67679 0.81112 -7.13899 0.59209 -6.09088 -0.83402 -2.06982
-2.49007 -4.00559 -2.36407 -1.02437 0.56118 -7.24507 -2.8751 -6.21891 -3.43635 -3.1203
-0.33472 -2.66118 -1.62323 -0.68685 -0.82717 -6.90691 -1.54007 -8.65761 -3.90112 -2.22313
-0.56401 -4.02852 -3.20807 -1.83829 0.80984 -5.04864 0.56075 -9.44168 -4.47125 -4.02616
-0.23992 -4.85543 -3.39623 -2.71155 -0.33211 -3.64836 -1.36478 -10.45439 -2.68726 -3.08452
0.31599 -1.63706 -2.79407 -2.84589 2.08195 -4.261 -0.71255 -10.22397 -4.08115 -1.96327
1.42678 -2.84936 -2.66798 -4.54601 0.67815 -4.4789 -1.30843 -9.53411 -1.97431 -1.44039
1.83254 -2.55108 -4.78718 -4.91707 0.55015 -2.34527 -0.41651 -10.27324 -1.78063 -1.53678
-0.40653 -5.27484 -4.39279 -4.77479 -0.32871 -2.01391 -2.01021 -9.26981 -1.21903 -1.14186
0.25764 -5.4183 -2.37019 -3.76778 0.10192 -1.33451 -1.66048 -11.14802 -1.77861 -1.54367
-2.07345 -4.84186 -2.88094 -3.71729 -1.79594 0.23702 -1.46176 -9.94237 -0.50879 -1.85398
-1.63544 -5.52514 -3.58129 -1.90935 -0.77419 -0.15852 0.21141 -10.83929 -0.00375 -1.03468
-2.31109 -6.4618 -2.55472 -1.33201 -0.21671 -1.41614 -0.61385 -10.16715 0.23817 -1.10399
-4.7311 -7.27879 -3.01538 -0.66085 -1.07853 -1.76456 -2.12137 -6.62923 1.93021 -0.07523
-5.15317 -6.39632 -4.10152 -0.3927 0.90583 -2.43894 -0.54995 -6.73974 3.12826 0.31004
-4.32467 -7.47472 -3.73369 0.61857 -0.23952 -3.04326 -0.28503 -5.36605 3.40824 0.06326
-1.80096 -7.0951 -3.01311 1.22702 0.65337 -3.67228 1.26031 -5.58573 3.88123 0.28164
-1.31743 -5.66624 -2.08449 1.65065 -1.89283 -4.70191 -0.45954 -4.46109 3.97954 -0.67512
-3.22724 -6.42553 -2.50491 3.99475 0.22005 -3.95311 0.0322 -3.46973 1.70305 0.82405
-3.07182 -5.61294 -2.89205 2.94473 -0.19936 -2.64649 1.28196 -2.44298 1.2423 -0.85652
-3.38267 -6.83085 -2.45036 0.95992 0.70884 -1.31562 -0.04384 -2.41682 0.3118 -3.34947
-3.43047 -7.68464 -1.18744 1.74517 0.21041 -0.12663 -0.78371 -1.42995 -1.1528 -1.70646
-3.6258 -9.09438 -0.42786 1.42543 -0.42169 -1.13942 -0.32757 -0.2317 -0.36875 0.11155
-3.36016 -9.55744 -2.46344 0.93348 0.41288 -2.75609 -0.65399 -1.05748 -0.70829 0.2312
-3.18506 -10.55161 -1.07237 0.5137 0.39125 -1.94244 -1.20063 -3.25494 -1.86015 -0.70596
-1.83627 -12.76714 -0.7455 0.35367 1.38338 -2.24151 -2.53119 -2.94662 -0.62677 0.56488
-2.46296 -12.51715 -1.18523 0.8004 1.10232 -2.42801 -0.51605 -3.11818 -0.66282 1.14992
-2.10188 -12.55587 -2.05767 -0.20908 -1.08981 -2.63696 -1.86916 -2.65832 -0.70251 0.12063
-2.37411 -10.28185 -2.46768 -0.69304 -0.57247 -3.31376 -2.22289 -2.94258 -3.16914 -1.42672
-0.31879 -9.17341 -1.11257 -2.23104 -0.91108 -5.87864 -0.84401 -0.93524 -3.29865 -2.40388
-1.26018 -9.64524 -2.54803 -1.23092 0.12203 -5.02028 1.92995 -1.93542 -2.49818 -1.32383
-2.07181 -8.70786 -2.48818 0.10082 0.7039 -5.49081 1.26676 -1.67634 -0.96964 -1.19485
-2.27458 -9.51893 -1.40013 0.05511 0.00422 -5.91644 -0.65573 -3.4935 0.41682 -3.06092
-4.14951 -8.69028 -0.21166 0.77286 2.34695 -7.90413 -1.80671 -4.70202 0.58812 -0.81151
-3.07492 -7.57047 -0.04999 1.36568 0.57725 -8.18388 -0.34677 -5.73013 -0.38341 -1.45909
-5.37116 -7.51661 -2.14973 3.02698 -0.26187 -9.56586 0.13532 -5.60409 0.11256 -1.65514
-4.95404 -5.63049 -2.35555 0.32604 -0.94135 -9.56436 0.37921 -4.33538 1.81528 -3.23552
-4.6094 -5.70219 -3.32931 0.5777 -0.5654 -10.58043 0.58157 -4.1935 3.70314 -1.88935
-3.28185 -6.02555 -3.45781 0.84026 1.40259 -9.70098 -0.37123 -4.30173 2.83068 -1.51465
-3.1746 -6.53858 -2.40497 0.28358 1.14362 -8.18286 -1.2939 -3.32097 1.36762 -3.51933
-2.23853 -6.64954 -2.50779 -1.21895 -0.4517 -7.32993 -3.60067 -2.25423 2.15115 -2.54435
-1.29606 -5.11693 -2.10121 -0.81243 -0.46692 -5.65364 -0.84913 -2.5173 0.62304 -3.56952
-1.64797 -4.19178 -2.04042 -2.34668 -0.42102 -4.50611 -2.59314 -1.37906 1.34076 -2.61879
-1.74267 -5.3142 -2.03913 -1.77202 1.1287 -2.79152 -0.1613 -0.85106 2.14586 -2.07602
-1.19389 -5.5288 -2.24829 -1.24476 0.14959 -0.67775 -0.71122 -1.41699 3.01762 -1.62196
-1.71589 -5.78023 -1.92297 -3.27857 -0.13044 -1.20366 -0.9475 -2.57767 1.8662 -2.40616
-0.2522 -5.64958 -1.64358 -2.70642 0.35962 -0.77618 -1.6294 -2.26841 1.7635 -2.32193
-0.37944 -5.77802 -2.16426 -5.11778 -1.31807 -0.40127 -2.70175 -3.36943 1.59656 -1.3871
-1.09327 -4.37826 -3.16567 -4.06845 0.08006 -2.12295 -2.3629 -2.45924 4.97863 -0.33294
-2.50004 -5.36122 -1.11078 -1.58213 -0.2111 -1.32185 0.32177 -2.01954 4.79495 0.37966
-2.55468 -4.87479 -2.20978 -0.99692 -0.03531 -1.05319 -2.99299 -1.23435 3.40084 0.05392
-2.94263 -5.50372 -0.43486 -0.63503 1.73765 1.07778 -2.76815 -2.66241 1.81346 -0.75008
-2.99476 -5.33003 0.18685 0.78494 -1.06364 0.15622 -1.37948 -1.82882 0.87974 0.2987
-3.14381 -5.9788 -2.84251 0.86694 -0.43718 0.17819 -2.77534 -2.83643 1.14242 1.76069
-1.5169 -4.51207 -0.21607 1.26315 -0.76132 -0.76819 -0.72021 -3.66482 1.10524 -0.1312
-1.09286 -4.45523 -1.50336 1.36234 -0.09868 0.00374 -0.22821 -0.78258 0.51526 0.32291
-1.20395 -3.46094 -0.47591 1.82578 1.09885 0.30469 1.10182 -0.52183 0.26172 -0.59126
-0.54064 -3.24078 -2.76821 2.59324 0.813 1.37449 -1.69211 0.28734 1.02238 1.56557
-1.00371 -1.49926 0.82346 3.61427 0.61959 -0.41346 -0.18818 0.06877 -0.33369 0.13664
-0.87994 0.06514 -2.30382 -0.13622 -0.60288 -1.10052 0.74759 0.76631 -0.24971 1.06991
-1.23338 -0.18152 -0.58656 0.91494 0.87113 -1.31372 -0.2943 -0.01904 0.91138 -0.89086
0.44582 0.21402 -1.714 -0.34058 -0.43264 -0.32279 -1.19837 0.1228 1.16861 -0.18023
1.14806 -1.15442 0.74609 0.72931 0.653 -1.29747 -0.87966 0.50493 0.67494 0.92769
-0.88235 -1.07617 1.78605 0.19238 1.57686 -1.79675 -2.09433 0.04839 -0.28508 -1.55489
1.27757 -1.89555 0.141 1.11485 -1.68332 -0.09952 -0.16108 -0.37002 -0.2121 -1.39265
1.79236 -0.36729 -0.77276 1.44658 1.70328 -0.34336 0.2453 -1.60102 0.73467 -1.00889
1.76631 -2.36221 -0.26972 -0.28792 1.53066 1.7121 -0.76625 -0.89948 0.60819 0.63846
1.78408 -1.0552 -1.764 -3.42146 0.71651 2.56243 0.35925 -1.93544 -0.05312 -2.26719
2.06072 -0.3026 -1.81155 -2.99965 -1.53002 1.55537 -2.74789 -2.81835 -0.37278 -0.16632
2.13934 -0.96584 0.67106 -1.91766 -0.77928 1.71765 -0.46112 -3.8802 -1.85666 0.60754
2.02873 -0.36362 -0.1653 -1.3417 0.85363 2.13356 -0.97374 -3.16757 -1.19816 0.62184
0.60583 -0.08126 -1.49687 -1.39047 -1.01647 2.3736 -0.83321 -4.07727 -1.52793 -1.15055
1.31489 -1.3203 -1.28905 -2.47046 -0.9421 2.22502 -1.03086 -4.37576 -1.11675 -0.45714
-1.09306 -1.0942 0.11958 -0.83636 -0.315 1.47332 0.04021 -4.89237 0.05623 -0.10663
-0.59408 -1.66302 -0.57821 -0.84149 0.04083 -0.92261 -0.98738 -4.79258 -0.06689 1.0134
-0.03784 -1.62306 -2.605 -0.61856 -0.41979 -0.65254 0.90241 -5.21168 -0.02938 1.35358
-0.32758 -3.39161 -1.17893 0.23522 -0.51083 0.05236 0.27806 -1.24328 -0.34135 1.99185
-0.68336 -3.34645 -1.79207 -0.44823 0.42007 0.70509 -1.29774 -0.80325 -1.95989 1.40107
-0.78881 -2.88325 -0.26845 0.69161 -0.62666 -0.18006 -0.02707 -1.65223 -2.47077 -0.01081
-0.93007 -3.64411 0.01572 -0.52673 -0.58325 -0.52518 -0.36751 -3.26378 -1.26696 -0.07905
1.17292 -3.4553 -0.66341 0.67149 -0.44197 -1.68634 0.48623 -3.86673 -0.92711 0.11859
1.0472 -2.3453 0.0427 -0.34916 1.31724 -0.51086 0.72846 -4.95193 -0.75306 -0.50876
2.01407 -1.95566 -3.71528 -0.72113 1.47132 0.46002 -0.35806 -6.75405 -1.58682 0.68508
3.51395 -0.90488 0.40604 -0.29197 2.07664 0.15959 0.16248 -5.86751 -1.74053 2.38835
3.51011 -0.86493 -1.4721 -0.85438 -0.01904 1.07467 -1.80067 -5.50457 -0.99145 0.91994
3.63979 -0.77086 -1.80586 -1.7122 1.09279 1.50193 0.00281 -5.65497 -2.67544 -1.67112
4.34187 -0.51315 -1.4803 -2.09781 1.26928 2.59141 1.02904 -3.47736 -3.9471 -1.08752
5.0318 -0.28693 0.0171 -2.31414 -1.29641 4.20627 0.9685 -3.0337 -3.74805 -1.56551
4.43403 -2.02287 0.093 -0.87734 -2.19966 4.07225 1.33056 -4.09255 -5.29936 -0.66056
4.74271 -1.27278 -0.18865 -0.52335 0.29538 4.05057 2.14913 -6.09619 -4.40009 0.5982
3.73387 0.84476 1.2446 -2.05828 0.54071 1.94596 2.21478 -5.43348 -4.03117 2.20561
5.03352 -0.9191 -0.01066 -2.50867 0.29886 1.35521 0.47396 -4.83116 -3.08405 2.26628
3.19095 -0.44785 -0.49755 -2.27763 1.52924 0.95128 -0.46889 -4.52081 -2.50561 1.53049
2.27749 -0.01371 0.28893 -1.22603 0.03763 0.84556 1.14419 -2.26404 -2.45205 0.65081
2.27103 0.23943 0.50488 0.49632 0.20126 0.669 -0.38961 -3.30487 -1.40671 0.7061
3.0395 1.03331 0.61436 0.95849 0.46291 1.74272 -1.70547 -3.64112 -0.58746 1.66829
2.24477 0.0054 1.37619 1.60013 0.23076 1.13323 -0.07835 -3.97967 0.09878 0.59091
1.66262 -0.75485 -0.25735 1.44576 -2.93347 2.42365 1.51781 -0.98437 -0.61221 1.38505
0.93311 -0.53871 -0.7373 0.32038 0.23306 2.71454 2.40903 -0.5855 -0.47467 -0.46418
-0.89837 -0.54126 1.47149 0.29506 1.33875 3.98724 1.48794 1.72975 -0.36785 0.41991
-0.77352 -0.73205 1.56352 0.72309 -2.16358 2.30895 -0.84363 2.17797 -0.73504 2.21711
-1.33769 -0.90769 0.32849 -0.13013 -2.49634 0.67666 -0.72998 2.06654 -1.71266 -0.09153
-1.48227 1.34867 -0.4464 -0.89797 0.76397 0.65697 0.61162 1.55627 -2.18836 0.67428
-0.79103 -0.28931 2.1219 -1.01252 0.4047 -0.77229 1.46783 1.07825 -1.6991 1.61156
-2.88793 -0.08578 1.00214 0.45115 0.11486 -0.46001 2.66423 0.44984 -0.08931 0.09814
-4.46937 2.00858 1.03758 -0.30496 -1.86774 -1.4537 1.09372 -0.29298 0.31998 3.05844
-4.44295 1.86596 0.40553 0.21065 -1.78361 -4.66161 0.62554 0.79859 1.01268 -0.49791
-4.06962 0.86438 -0.23692 1.61359 -0.65552 -5.54292 1.57076 0.44103 0.95599 -0.52841
-5.4668 -0.84772 1.16954 1.68868 -1.38603 -6.18238 0.68555 0.66691 0.22802 -0.00745
-5.04715 -0.53347 -1.2762 1.14941 -0.23869 -3.9445 -0.46992 0.39956 0.10509 -1.31935
-2.74429 -1.00871 -2.5227 1.41302 2.90005 -3.94803 0.07657 1.14871 1.62836 0.35277
-2.99472 0.22702 -2.4048 1.46013 -0.30178 -5.9901 -0.32423 0.12865 1.2504 0.66233
-1.70986 -1.15589 -2.66867 -0.33362 -0.83925 -5.81013 -0.45897 -1.05659 -0.36611 -2.21136
-0.46396 -0.19149 -2.27689 0.29915 0.34571 -3.5353 -1.12445 -1.0143 -1.25481 -3.13719
-0.46632 -1.15846 0.22361 -1.68092 0.71881 -1.71429 -2.30925 -1.63476 -0.77231 0.29429
-0.97872 -2.57205 -0.88955 -1.67735 2.24254 -1.69213 -1.04018 -2.14868 -0.99621 0.12603
-1.61138 -3.14962 0.57171 -3.62886 -0.8315 -1.86587 -0.1229 -2.25874 -1.45594 -2.64936
-4.22358 -3.58301 -1.12631 -1.4601 0.55139 -3.02738 -0.59353 -3.44394 -1.38886 -1.38166
-4.69755 -4.62998 -2.38952 -1.48086 -1.66682 -5.32019 0.73 -4.83008 -0.914 -0.46841
-4.65142 -2.56302 -0.85606 -1.89335 0.96043 -5.96094 0.29481 -4.73793 -1.96799 -0.25544
-4.68706 -0.67513 -1.26515 -0.49079 -0.5277 -7.71331 -0.30018 -5.04187 -1.31185 -1.12058
-4.82659 -0.07083 -3.02636 -0.35387 2.06792 -7.44135 1.89934 -3.94492 -0.87184 -1.48464
-4.6463 -1.7563 -1.73222 -0.80459 0.31718 -7.36422 0.15476 -2.58517 -2.23075 -0.90457
-4.6686 -1.58096 -2.08119 -0.54569 0.05758 -5.41513 -1.99774 -3.12027 -1.62785 -1.79199
