3.41771 2.75924 -0.19423 -0.62368 0.52604 1.40869 0.94654 3.37448 2.37195 0.79156
2.56091 3.99498 0.12699 0.67308 2.61742 0.78386 0.84355 3.80705 1.52339 -1.62541
0.95434 2.88082 1.10845 1.56759 0.37108 -0.35673 -0.17477 4.09002 2.47738 0.28085
0.99172 3.02067 0.41603 2.46885 0.89376 -0.1615 1.01717 1.67167 0.48384 -0.90289
0.2883 0.72489 2.24658 2.38971 0.9233 3.00867 3.9643 2.55568 0.83014 0.98428
0.17271 0.36976 0.1027 1.03199 0.37088 2.44182 4.75955 2.34691 1.21012 0.24926
0.7867 -1.11654 -0.29551 0.31738 0.72673 0.82262 4.66603 2.23682 0.21316 -0.86115
-0.18449 -0.61482 -1.71078 -0.16926 -0.41914 0.04624 3.60564 2.89496 -1.70936 0.13049
-2.39013 -1.45625 -1.47505 -0.90701 1.60604 0.6789 4.7241 2.71376 -2.01091 -1.21696
-2.69788 -2.43495 1.91841 -0.17155 0.20462 1.76779 3.64745 2.71449 -1.06275 -0.50708
-1.96646 -2.55386 2.0943 0.02875 0.54801 0.31526 2.91523 2.7797 -0.77463 -1.62552
-1.151 -2.63669 4.08551 1.18839 1.06409 -0.93038 3.62465 1.96566 -0.12507 -0.47349
-1.79104 -1.88136 1.13347 1.99802 0.23186 -1.2673 4.60336 1.31433 -1.19598 0.37479
-1.18371 -1.9823 1.72486 4.1764 0.14237 -0.22116 4.85353 3.25981 -1.31266 -0.60117
0.73605 -2.16664 1.24915 2.67905 0.17604 -0.26803 5.51338 5.62828 -0.11012 1.33826
0.68915 -1.96785 1.20117 1.04173 -0.1167 -0.40322 5.2067 5.38363 -0.26968 3.21062
0.72148 -1.07032 2.68946 1.94332 0.42537 -0.51168 5.91379 5.39392 0.45915 1.26687
0.40778 -1.85072 4.63275 1.71908 -0.45213 0.19862 6.20116 3.81136 2.2222 -0.6405
-0.76536 -2.31747 3.02255 1.54433 0.47096 0.8207 5.93594 5.65543 1.61397 0.10208
-0.27388 -2.69892 2.44034 1.46184 1.44528 -0.10772 6.33448 6.70818 -0.12545 0.65497
-1.50252 -2.73922 3.59 0.16725 0.69424 -0.89539 5.24 7.94448 1.05238 -0.09108
-1.91994 -2.82474 2.69856 -0.99736 1.21722 1.32448 3.10149 7.79896 0.29738 -0.05775
-1.93757 -1.20661 2.14941 -0.72598 1.82478 1.15026 2.59914 5.9158 -0.43117 0.81121
-1.43797 -2.26875 2.44979 -0.1193 -0.37149 -0.40496 2.25459 3.86226 -2.1011 -1.10629
-2.23556 -1.78112 3.84551 -0.41123 1.8635 -0.24245 1.6486 2.33933 -1.56331 0.2317
-3.7737 0.29933 2.043 -0.60515 -0.19282 0.60386 2.35498 4.07559 -1.1304 0.97221
-1.54715 -0.38552 3.34098 0.77724 -1.45191 -0.8422 1.37078 5.18745 -3.13313 1.18151
-0.49548 0.70616 2.91991 2.32825 -0.3852 -1.87678 1.4709 4.98668 -2.01197 0.60755
1.74607 -1.49615 2.00131 1.94543 0.25529 0.88667 1.56032 5.76884 -0.77754 0.65986
1.03601 -2.10183 0.86417 -0.10153 0.66305 -3.14719 0.67692 6.04222 0.9344 0.7328
2.89638 -0.60631 1.71423 1.03302 -2.38236 -0.23884 0.04113 3.5365 0.98905 2.3996
3.52931 2.26396 1.66224 0.5329 -2.24746 0.90337 -0.21371 1.3199 1.42406 2.33278
3.92468 3.1508 1.28421 -0.52828 -1.33492 0.48008 -0.03205 1.38732 1.14428 0.13091
3.03914 3.72499 2.54021 -0.25551 0.92888 1.06874 -1.08641 2.25863 1.38392 0.3494
3.20209 5.06799 3.46454 -0.35317 -1.13707 -0.05417 -2.49686 2.46056 1.16135 1.28304
2.30368 5.84887 1.31343 -0.56799 0.87962 -1.38445 -2.05154 3.44413 3.59266 0.20418
1.14172 5.27861 0.12763 1.59454 0.95158 -0.22142 -1.90309 3.39082 2.36293 -1.41669
0.81448 3.51947 0.17072 0.56207 0.8806 1.32711 -2.155 2.38253 3.4427 -0.31105
0.96404 3.72525 -0.78498 1.19065 1.35525 0.83269 -1.27141 3.87657 2.30224 0.23159
0.04086 3.58105 -0.09449 0.90431 2.38369 1.59057 -1.30913 2.6447 1.12248 0.09462
-1.89418 1.85336 -1.41557 1.98426 -0.15244 1.48486 -0.33594 2.3914 -0.06261 -0.24731
-1.39456 2.28228 -1.32148 0.8496 -0.1098 0.72171 -1.03629 2.60857 1.66024 0.63915
-1.47596 2.42538 -1.75127 1.92475 -1.51235 -0.68376 -2.53087 2.32598 0.55917 2.07726
-2.35224 3.17873 -0.44667 1.41648 -2.4965 -0.0564 -3.89267 1.89556 0.44395 -0.17616
-4.25564 1.80065 -2.22233 0.62882 -0.70825 0.28129 -5.33119 1.7729 -1.11659 -0.69052
-3.32294 2.66564 -1.3185 -0.50258 -0.483 -0.61307 -6.04548 1.87662 -0.39405 1.38589
-3.08174 0.64031 1.29466 0.56169 -1.15522 -3.02072 -5.37946 1.80225 -0.20421 1.92228
-3.99496 -0.68947 0.46451 0.68912 0.14159 -1.72267 -4.38176 2.50242 -0.51434 1.92667
-3.36997 -1.18865 -0.14766 -0.04597 -0.00561 -1.9515 -3.72635 2.67689 -0.43511 0.51678
-1.9838 -1.52025 -1.35154 -0.4913 0.29248 -0.26649 -1.91296 2.97584 -0.61268 -0.64576
-1.71363 -1.48087 -2.17768 1.66423 -0.92408 -2.59237 -4.1012 1.61814 -0.94504 -1.52945
-2.11896 -1.04454 -2.83814 3.19481 -0.92738 -1.06482 -2.51208 1.47775 -2.20373 -0.88582
-3.2555 -1.40105 -4.57669 2.58925 -1.70499 -1.61612 -0.48043 2.33895 -1.97333 0.09227
-1.52651 -0.20993 -2.56088 3.258 0.13266 0.07953 -1.71588 2.26694 0.19965 -1.37188
-1.02825 -0.29989 -0.42523 3.48498 -1.6428 1.8043 -0.43962 3.61573 -1.08926 -0.19129
-0.15004 -0.41014 -1.07087 2.23151 -1.54937 -0.66418 -3.12656 2.99194 -0.58295 -0.33796
1.3567 -1.21366 -0.02605 1.47976 -0.36191 -1.52132 -2.4151 4.01573 -0.82844 -0.04762
2.12999 -1.71978 0.6238 1.06273 -0.86675 -1.56221 -0.53619 6.21816 0.60618 -1.83022
0.81195 -0.02776 1.15512 0.55985 -0.64138 -1.08883 -1.37995 8.4543 1.5797 -0.19482
-0.28008 1.88272 -0.71556 -0.7177 0.10129 -0.8819 -1.46925 7.56848 -0.55816 -1.19644
-0.89932 1.52576 -1.9723 -1.2182 -1.07737 -0.8384 -2.24252 5.51371 -0.74244 -0.21371
1.11843 1.86298 -1.1336 0.03382 -0.42174 -0.29656 -2.50782 4.38966 0.71134 -2.49971
0.17472 2.08884 -0.35688 -1.44241 0.01619 0.68531 -0.70357 3.69685 -0.24753 0.35089
-0.62284 1.79125 -0.99843 -1.19083 1.10703 -0.97221 -2.46808 3.45783 -0.71614 -1.36686
-0.77725 -0.41728 -1.51953 -1.05312 0.0311 -0.62784 -2.24316 2.76453 -0.2839 -0.47835
-2.04709 -0.76397 -0.22841 -0.31812 -0.32076 1.0133 -1.02372 1.01239 0.29202 0.06329
-2.44859 -1.7488 1.07162 -0.84144 1.18349 -2.75986 -1.05808 0.65078 -0.16485 0.28023
-3.57517 -3.34683 -0.27944 -0.25911 1.2083 -1.03448 0.09 1.44573 1.11934 1.02338
-2.03209 -3.25144 -2.07032 -1.36181 -1.51195 0.29904 -1.58259 -0.28424 0.24791 0.47109
-0.91296 -3.39409 -2.06405 -1.24064 -0.75402 1.36192 -1.64567 -0.61911 -0.91272 0.78945
-1.98341 -3.34692 -2.82621 -2.77362 0.68756 -0.64184 -2.34973 -2.67708 -0.98884 -0.70833
0.00668 -1.83443 -0.67956 -2.39143 -1.11266 -1.25329 -3.74441 -2.73205 1.12898 -1.85304
0.35527 -3.18253 -0.23772 -1.71585 -2.49296 -1.56177 -2.90151 -3.92681 0.47848 -0.41797
1.17916 -2.15622 1.64579 -0.64391 -0.68122 -1.33887 -1.4744 -4.11288 0.61792 0.42842
2.76366 -4.2987 1.677 -1.39699 -1.30851 0.85887 -1.8185 -6.63102 -0.55992 -0.51774
1.15573 -4.4057 2.50199 -1.31846 -2.08106 0.17251 -0.42018 -4.21295 1.4546 -1.48739
2.93902 -3.82156 -1.63344 0.06962 0.95057 0.97186 -0.229 -4.1826 0.94776 1.05267
1.72215 -1.34429 0.37202 0.25848 -0.8477 2.03151 -0.95278 -4.88442 0.48248 -0.42409
0.12311 -1.48639 -1.33708 -1.35575 0.27183 0.59691 -2.20812 -4.66671 1.06115 -0.01484
0.90051 -1.06567 -0.1993 -1.73676 0.09245 -1.05263 -1.19953 -2.92022 0.87734 -0.70358
0.86661 0.5949 0.38647 0.10568 -0.20123 0.57021 -0.4549 -3.19317 -0.32205 -1.12352
0.60494 -0.16539 -0.18883 0.94441 0.71317 0.4987 0.13688 -5.48146 -0.61197 0.49691
2.48256 0.22724 1.91866 1.32167 -0.0979 -0.66605 -1.43361 -5.81791 -2.01663 -0.15955
2.2749 0.22023 0.54404 2.6247 1.42799 0.32292 -1.07795 -5.16095 0.19112 0.0005
2.54866 -0.20146 -0.11804 1.47194 -2.57465 1.83132 -1.6448 -4.31665 1.7403 0.33063
1.64318 0.61739 -0.07913 -0.01057 0.75636 -0.2678 0.49903 -3.30663 0.65244 1.22612
1.47955 1.42608 0.13147 0.24855 0.10768 0.44121 0.82186 -3.4995 -0.08482 -0.2673
1.3227 0.6216 -0.17686 -0.91575 1.20564 -0.64958 -0.9767 -2.75824 1.54015 0.01025
0.49087 0.39312 -0.20812 -1.27565 2.17552 0.4993 -0.28352 -1.23348 2.50652 -0.24221
0.2196 1.7983 -0.14371 0.24546 0.11224 1.06452 -0.19251 -2.69899 1.83866 0.68758
1.95435 0.22609 1.27575 -1.66708 0.88114 2.01259 0.11479 -2.06322 -0.63276 1.89923
2.32907 0.80302 -0.13031 -2.04614 0.53793 0.35378 0.96413 -1.25538 0.61037 0.34838
1.97919 3.21307 0.70515 0.82002 -0.53747 -0.62423 0.04387 -0.11951 2.27703 -0.34922
2.36456 3.42569 -0.46102 1.59647 -0.0871 0.44082 1.02517 0.2432 0.79626 -0.22601
0.73941 3.06393 -0.67908 3.18765 0.14527 -0.15801 1.47666 1.11347 1.29263 -1.09279
1.27906 1.56246 -0.71722 3.49076 1.26236 0.38596 2.56244 2.31096 1.25014 -0.3258
1.2624 0.20349 0.57917 1.46734 -0.41796 0.54982 2.43294 1.22509 -0.25235 -1.90394
0.85764 -2.23289 0.85458 0.69581 -0.42667 2.61247 1.49855 3.52339 -0.40741 -1.85874
-0.35444 -0.2851 2.09163 0.81093 -1.24141 1.22544 1.62702 3.47659 0.05653 0.21351
0.09759 0.59087 0.67096 0.57743 -0.11764 2.15326 1.25179 2.52968 0.84529 -1.44605
-0.82298 1.27839 0.7364 0.51114 -0.27551 0.20829 2.00331 1.59848 0.03042 1.56955
-0.09131 -0.15808 1.0358 0.12807 0.63499 0.15967 0.27521 0.72372 1.37644 0.78277
-0.01403 -1.66907 0.8914 0.45911 0.66355 -1.03056 -0.15093 2.17885 0.29367 -1.12429
0.32164 -1.60445 1.23713 0.61761 -1.47626 -0.59014 -0.97258 2.32297 0.05697 0.06202
1.64201 -1.04148 -0.55072 -0.38477 -1.09686 0.70897 -0.63415 0.38083 0.08429 -0.62191
2.36863 1.85284 0.17276 -0.56131 -0.06337 -0.89177 1.1987 -0.30982 -0.80015 1.12516
2.24634 1.25389 -0.13137 0.56704 2.78245 0.41169 0.29827 -0.63645 1.06254 -0.66907
0.66121 1.37232 0.27521 1.36872 2.62481 -1.13369 0.29837 -1.26378 1.36418 -0.57348
0.75456 1.30509 0.59152 1.09489 0.08452 0.0151 -0.32621 1.90791 1.43725 0.13521
2.47322 1.41261 -1.42657 2.02515 -0.40025 0.64692 -0.66257 1.55539 0.51048 -0.24629
3.26247 -0.08152 -1.32511 0.92145 -0.10229 2.54797 0.07481 1.66532 1.38628 -0.90018
4.1392 0.49581 -0.6172 -0.76814 0.48849 -0.03707 -1.15473 2.5945 0.25115 0.29215
3.3186 0.7148 1.03192 -0.99708 1.23546 0.79387 -0.85708 2.71706 3.68726 0.40159
3.48043 0.87564 -0.68879 -0.99344 -0.07179 0.82619 1.53808 2.64524 3.26929 1.81778
3.26446 1.58648 -0.70431 -1.29314 0.11856 0.67754 1.32095 2.65083 0.22602 -0.49419
1.99602 -0.4395 0.56479 -4.36999 0.15946 0.88245 0.59977 0.53508 2.4501 0.62359
3.30551 0.43656 -0.7013 -3.21618 -0.83968 1.26338 1.66903 -0.23962 1.54709 0.60487
2.2949 -0.24186 -0.23594 -1.10129 0.92193 0.65946 2.98898 -2.32823 0.8881 0.57902
2.882 0.78835 0.83781 -0.90148 1.12382 1.74094 2.20274 -2.34762 1.81952 0.60902
2.25583 2.0629 1.29828 -0.78704 0.90497 1.91171 0.99673 -1.83528 2.5529 1.71619
2.7706 1.71429 0.1566 1.48785 2.53727 2.43215 -0.15524 -0.28184 2.45375 -0.88721
1.35452 1.76534 -0.38757 -0.21432 2.15149 0.24471 1.38289 -1.39132 1.93865 -0.85832
0.60084 -1.06227 -0.61356 1.62028 1.92115 2.12471 3.75241 0.48098 2.51015 0.34329
0.25911 -1.24178 -0.21375 3.14936 1.26482 2.16123 5.81309 0.17503 3.83583 0.54334
0.12666 -2.1513 0.39542 2.25501 1.39143 2.69765 6.78807 0.49922 0.891 0.90253
0.13537 -1.3503 -0.79769 2.49951 -0.09639 1.36508 6.53018 0.05136 0.76226 0.47302
2.39162 -2.07164 0.71034 3.42289 -0.54036 1.05101 7.52346 1.11311 0.11712 0.03263
3.71533 -1.94006 0.62323 4.78433 0.46592 2.4198 8.89706 0.86712 0.77778 0.74096
3.98137 -2.41744 1.07397 5.3597 1.64627 0.13198 9.22343 1.37579 -0.0973 0.58107
4.07401 -1.5892 2.06194 5.55069 0.15897 0.45983 9.13109 4.07455 0.00592 -0.31382
3.52011 -0.40891 2.02901 4.77793 0.35161 -0.39916 8.03763 2.91927 -0.80284 0.38641
3.63489 1.10803 3.43109 2.66379 0.53262 2.68186 8.34001 3.95142 0.54101 1.10507
2.38449 -0.25335 2.99915 1.09073 0.86802 3.55905 7.92216 5.76022 1.50639 0.59258
1.90133 1.17401 3.115 1.86841 2.85243 1.0301 7.63736 8.18442 3.14778 -0.93296
1.42412 2.47121 5.64194 -0.36094 0.76656 -0.41814 7.74899 7.35396 0.91497 2.0566
2.79396 2.25432 4.39408 -0.87001 1.50501 0.3014 7.64139 7.6509 1.2912 0.05595
1.26215 2.07664 4.65965 -2.80761 3.58246 0.40264 6.42462 9.35093 0.00109 1.0354
1.41673 1.88377 4.09519 -2.52588 -0.30906 2.18005 7.25237 9.23711 0.02371 2.75075
3.16818 3.42517 4.97048 -2.23729 0.18055 0.61762 6.29512 7.57116 0.98015 0.6739
2.32009 3.43456 4.35064 -2.75251 1.356 -0.49405 6.46042 8.03812 1.53961 -0.17232
1.92845 3.73428 6.04339 -3.16464 0.73315 0.49602 6.31743 9.68695 0.66304 -0.89129
0.75825 2.29749 3.6552 -3.61791 1.69271 0.65421 8.24595 9.20653 1.99678 0.92745
-0.2476 2.04646 3.12562 -2.8851 1.66585 0.34889 9.27112 9.19628 0.90787 0.44293
0.75734 0.34375 1.73995 -3.99089 2.2528 2.08692 7.7265 6.91162 1.06543 -0.6603
-0.36299 -0.32527 1.12597 -5.7682 1.80674 1.25536 8.70493 7.08204 -1.7888 -1.2146
-1.48518 -0.92109 3.47187 -5.03778 2.33747 1.40473 7.74601 6.72154 0.71533 1.05762
-2.35125 -0.7976 3.4749 -4.14415 -0.56879 -0.75296 7.66503 6.75542 -0.22185 -0.21295
-1.83217 -2.20986 3.69756 -2.55281 -0.83244 1.76839 7.75288 6.90127 -1.62042 0.30778
-0.63523 -1.1034 2.4313 -2.09399 -1.63211 2.99713 8.05677 5.38601 -1.90686 -1.01341
-1.61856 -0.64006 2.35556 -3.2497 -1.13474 0.74717 6.81537 5.66766 -0.8837 0.27564
-1.73366 0.03404 2.68101 -4.66296 -0.88373 -0.69545 6.82368 5.68925 -1.70521 -0.39928
-2.18329 -2.22662 2.79502 -5.86614 -1.05773 -0.07825 6.22619 2.8899 -1.07414 0.41984
-1.18368 -4.02378 2.32656 -4.40483 1.12515 0.68934 4.14135 2.10031 -1.4259 1.07215
-0.11803 -3.07832 3.17717 -3.16328 0.64767 -0.64755 3.91776 0.41866 -0.28707 -1.32061
-0.57509 -2.47711 2.44593 -3.82251 1.00349 -0.95464 4.19106 -2.1694 0.46015 -0.59417
-1.22433 -3.17908 4.09072 -0.79332 -0.16423 -2.65708 3.45394 -2.87521 -0.35519 -2.70599
0.41874 -1.03455 2.87862 -0.73226 -0.53645 1.19614 4.73473 -4.42854 0.99096 -0.08923
0.31225 -0.15628 4.72729 0.49288 0.60725 0.98683 3.83818 -2.94793 0.53054 -1.36589
0.54573 -0.81995 3.4922 1.52325 -0.7781 -2.57548 3.87028 -2.4814 0.57681 0.8784
1.50822 1.06631 2.38293 0.59909 1.64216 -0.53458 4.47613 -1.25932 0.22544 0.46574
1.39645 1.70209 1.18303 -0.43825 -1.62308 -1.03371 4.85962 -1.74154 0.64175 -0.27294
-0.86424 2.48869 2.8153 0.09317 1.03787 -0.97497 7.02152 -0.61872 -0.61949 -0.79881
-1.27342 1.44106 2.46962 -1.04295 1.93899 -1.09056 7.1128 0.24885 1.24759 -0.69424
-1.50786 0.82311 1.90572 -0.58545 0.9563 -0.64975 6.09745 -0.10848 -1.10049 0.91758
0.30649 1.17502 1.02503 1.03341 1.5821 0.26633 5.55348 1.99284 -1.91813 1.08196
0.93852 0.98804 1.29632 1.16311 -1.58619 0.83695 5.95804 1.54833 -3.61322 1.11569
0.49781 1.57877 1.85245 1.93506 -1.58107 1.08649 5.59176 2.99073 -1.22166 1.57514
1.03664 0.81279 3.35647 2.67433 0.42374 -0.36895 4.63768 3.38147 0.38612 1.71761
1.57553 1.70798 3.1049 2.1252 -1.0537 1.39743 3.32957 3.80695 0.31695 -1.07676
1.72505 1.16721 2.94793 1.61383 -0.59103 -0.36035 2.85599 3.82552 0.45847 0.67575
2.73893 1.14764 2.68124 1.34729 0.5394 -0.78608 2.63704 4.22275 0.4312 0.36825
2.15039 2.41088 0.19633 -0.21337 0.90423 1.2893 3.39819 3.68258 1.02242 -0.48192
2.1572 1.85656 3.03258 -0.03561 1.89601 -0.20878 3.085 4.837 1.94831 -0.13828
1.35404 0.77413 0.52978 -0.22577 1.88935 -1.19699 3.48364 5.74727 1.66736 -0.12092
0.04006 0.41109 -0.44321 1.52714 1.08708 0.41663 4.62915 4.35694 1.46533 -0.08846
-2.31047 -0.46433 -0.85688 0.93139 0.26149 1.67177 3.99377 3.90766 1.10581 0.69603
-1.38161 -0.6894 1.64242 1.19365 0.37145 -0.75921 3.25599 3.60372 -1.63642 1.08512
0.59979 -1.50721 0.85237 1.49252 -0.5257 0.01322 1.74474 5.69798 -2.54898 0.65879
0.39477 -1.9654 0.94018 0.8706 -1.78116 -0.79474 2.32333 6.17745 -3.16562 0.34342
0.64005 -2.43608 1.5035 -0.22475 0.70586 -0.91286 2.57289 5.60774 -2.15735 1.5137
1.86402 -1.60645 1.26188 0.46057 0.14087 0.29062 3.22117 4.7812 -1.46474 0.41445
1.95875 -2.31314 0.86389 0.05243 0.40534 0.13449 3.91756 5.8322 -0.15031 0.49583
1.92432 -1.68409 1.22239 -1.95642 0.38625 0.55945 3.21703 4.67687 0.11333 1.06368
2.23164 -1.2763 3.08526 -0.86337 0.70088 -1.08263 2.70274 4.56955 -0.18703 -0.90832
1.73477 -0.60918 0.3352 0.11685 -0.11857 -0.04635 2.43481 3.78087 -0.55956 0.88986
0.9944 0.73698 1.51614 0.22346 -0.60675 0.28529 4.43044 3.76906 -1.09537 1.29266
0.91801 1.14702 1.74415 -0.69555 -0.39811 0.41666 3.92788 4.75595 -1.08909 1.01667
0.92334 1.66736 2.32768 1.83847 0.48565 -0.10331 5.60275 4.31042 -0.30306 -0.38201
0.7702 1.54391 2.25739 1.97478 -0.62694 2.18573 6.76663 4.37686 0.81329 -1.47122
0.44355 2.17112 -0.16594 2.30823 -0.59948 1.89669 6.12904 3.27388 0.76301 -0.25071
0.47375 4.65943 0.96655 2.64086 1.79137 0.97488 5.50149 2.37372 0.70043 0.29422
0.59374 3.40826 2.63818 2.94092 -0.62318 0.01682 4.91378 4.41078 -0.04858 1.91086
1.4351 2.39956 3.14416 2.15145 1.57669 -1.37742 1.96556 3.87078 -0.31016 0.00758
0.23255 3.74205 3.79464 0.85973 1.32531 -0.57359 3.80295 4.72325 0.83349 -0.56107
-0.12351 2.65294 3.53704 2.6294 0.36836 -2.57865 4.95592 3.50937 1.11841 -1.08961
-0.47664 1.81898 2.06499 2.65524 0.20901 -0.28094 4.98093 3.72428 -0.01266 -0.40146
1.22357 2.42637 1.46433 0.36173 -0.731 -0.06706 3.95307 3.6079 0.11082 -1.71142
1.54284 3.73391 1.65944 -0.3298 0.3579 -0.4515 4.89376 4.89097 0.99846 0.3246
0.17481 3.08197 2.46563 0.04893 -0.56511 -0.18494 4.37665 6.26565 -0.07882 1.72569
-0.30077 3.42288 2.64828 1.34886 0.36383 0.22608 4.89706 5.51005 0.85751 -1.21994
-0.0393 0.52569 3.54031 2.45976 0.8103 1.12482 5.54417 4.28324 1.0697 0.82905
-0.77023 2.57282 0.85467 2.56092 -0.63118 0.68143 4.68088 2.44886 1.40792 0.17935
-0.05104 0.61162 2.44851 3.10589 -0.09926 0.04907 4.92974 1.88946 1.07588 1.36313
0.13007 0.55113 2.84864 2.82084 -1.55816 -0.08811 5.09597 2.37683 0.83972 -0.90529
0.48955 0.57139 1.268 1.87699 -1.55111 -0.93578 4.70976 3.66693 -2.25047 -0.51952
-1.43009 0.3973 4.41055 2.08272 -0.51985 0.855 4.70882 4.64646 -2.13715 0.17177
-1.84358 -1.49333 2.66125 1.50184 1.22826 0.55772 2.86354 3.74828 -1.62415 1.10574
0.71612 -2.83486 2.54097 0.35486 1.34579 -1.0152 1.71387 3.22103 -1.23842 0.37641
1.60007 -0.25361 2.06109 1.51372 -0.41053 0.49395 1.45098 2.22411 -0.45647 -1.11604
1.54709 0.36422 2.26922 1.09644 -1.2209 0.10619 2.25813 2.03503 1.20725 0.0751
2.39217 0.28871 1.98583 0.22663 -0.67482 -2.89692 1.05643 1.98948 1.16861 -0.36987
0.56541 -2.25926 1.2976 1.33621 -1.80903 1.06416 1.02491 4.6418 0.02104 -0.80357
0.17524 -1.84451 1.58186 1.50411 0.21219 1.72481 0.7808 5.32507 0.35511 -1.48302
-0.64798 -0.67441 2.80034 2.69791 -1.44628 -0.38334 0.76615 4.56437 -0.92786 1.90385
-0.59105 -1.94192 2.136 0.70176 -0.07449 -1.10722 0.7109 5.01908 -0.20433 -0.13494
-2.05683 -1.48486 1.12527 -0.68868 0.1545 1.3535 0.14755 5.94982 -0.60676 -1.05933
-1.05285 -2.2261 -0.12937 -0.82128 0.30173 -1.29932 -0.93347 6.71149 -1.38317 -0.28229
-2.18683 -1.65246 0.50483 -2.73337 -1.61552 0.96694 -0.40234 4.9401 -3.38971 0.41662
-0.44274 -2.96281 1.78813 -1.97592 -0.41602 0.23004 -0.3496 4.67989 -1.85972 -0.41491
-1.31705 -1.83773 0.96234 -2.17913 0.2948 -1.01452 -0.18567 3.53978 1.43749 -0.04161
-1.16516 -1.20777 0.58702 -3.11664 -0.74683 0.073 -0.80861 2.29693 1.38817 0.41941
-1.23379 -1.56902 0.56405 -3.12916 -3.22462 -1.15198 0.1889 0.23667 0.53231 -0.5271
-2.3737 -4.38911 -1.02245 -2.67047 -0.03872 -0.53096 -2.38153 -0.22939 -0.71227 1.68699
0.90066 -3.67574 -1.14854 -2.57534 -0.58726 -0.98636 -2.28058 -0.77511 0.46097 0.00605
1.82986 -4.08552 -1.92167 -3.40133 0.74769 0.0674 -1.6535 -0.26672 -0.61152 0.19494
2.14684 -2.83432 0.24147 -2.63904 0.17502 -1.43137 -1.47146 -0.65588 0.66083 0.79401
1.53047 -1.11723 -0.59248 -0.96231 -0.40935 -0.18879 -1.34508 -2.92004 2.57429 1.07342
2.86247 1.39162 0.82163 -0.6305 0.54116 -0.38588 -0.97382 -1.69412 2.6208 -0.10593
2.5421 1.85721 -0.36411 0.14354 -0.36394 0.84208 -2.91196 -1.01044 1.90122 -0.02205
2.69688 1.37483 -2.24525 0.15036 1.40547 2.89131 -3.36094 -0.77001 1.45811 1.40989
1.32205 0.98436 -1.31262 1.05 1.73038 0.82783 -3.77951 -0.38376 1.6463 -0.66296
0.49519 2.60994 -1.57099 0.7918 -0.69938 1.69676 -2.35186 -1.30213 1.38132 0.27282
-0.15187 3.05303 -1.71736 0.77998 0.93811 0.25596 -1.74977 0.31565 0.39559 -0.49275
0.17601 1.44976 -1.49639 0.39215 0.58636 0.53226 -0.60805 0.90862 -0.27523 -0.31763
-1.37194 1.79797 -1.24471 0.92045 1.19619 0.99708 -0.61532 1.84723 0.19034 -0.46142
-1.79623 0.18957 -0.28056 0.39007 0.17875 1.501 -0.85875 2.1949 0.67931 0.26648
-0.23544 -1.57464 -0.68768 -0.41177 1.00647 0.55492 -0.75598 2.28402 -1.42279 -0.5404
-0.21195 -1.6081 -1.90804 -0.65328 2.00781 -0.35393 -0.98774 3.67363 -2.43922 0.63392
-1.51866 0.36984 -1.81787 -0.00456 1.5075 0.49362 -1.53572 3.45897 -1.17133 0.064
-1.70678 2.11993 1.3494 -0.27431 -0.41193 -0.70764 -2.92811 1.95216 -1.23889 -0.52736
-1.12275 0.52754 1.69083 -1.06316 -0.18317 0.15962 -2.12743 1.54704 -2.6928 -0.54719
-0.84902 0.01575 1.42457 -2.44746 -0.16854 1.06228 -2.75346 1.68134 -1.26036 0.19324
-1.09084 0.02319 -0.72427 -1.32622 -1.12063 0.59412 -2.81615 1.24373 -0.17808 0.43268
-0.69978 -0.79693 -2.12586 -0.71574 0.95161 -0.42979 -3.06166 0.6381 0.43592 0.27834
0.18285 -1.28947 -1.29434 -1.29427 0.13363 -1.52331 -2.15945 -0.87534 0.03429 1.14568
-0.99566 -0.12679 -1.3954 -0.48343 -1.67013 1.18439 -1.17037 0.05552 1.20621 0.53106
-0.9709 -1.4787 -1.77218 -0.8895 1.31653 -1.18417 -2.05456 -1.00074 2.34948 1.38366
-1.99974 -3.4549 -0.49344 -0.70412 0.10257 -0.14962 -1.62741 -3.31051 0.34371 -1.04305
-2.78485 -1.64807 -1.07851 0.45936 0.47038 -0.77908 -2.93917 -3.01333 -0.45678 0.05778
-2.4249 -1.71432 -2.39242 0.5111 -0.90849 -3.33053 -2.46555 -1.04336 0.14866 1.3649
0.04046 -3.07107 -0.67547 1.31539 -0.33408 -1.25197 -3.60839 -1.47053 -0.41183 0.06339
-0.23028 -3.23025 -0.88557 0.75994 -0.65118 -1.02034 -4.07133 -1.87206 -0.60979 0.36211
0.42363 -3.65878 -1.31886 2.00478 -0.17896 0.37974 -3.92061 -2.33177 -0.33117 -0.39795
0.03579 -0.47315 -2.18964 0.8887 -0.18895 -0.40968 -3.08824 -2.69265 2.03934 0.11542
2.01673 -1.42903 -1.62983 -0.03502 -0.24804 0.32566 -3.20903 -3.6325 0.82302 -0.88306
3.10327 -0.7874 -1.21342 2.21544 0.92541 -1.81967 -1.94668 -3.57774 0.05371 0.35311
3.75542 0.70679 -1.81997 1.9624 -0.48208 -0.7342 -2.88938 -2.86332 0.49632 -1.48557
3.04385 -0.10581 -0.83679 0.48466 0.18457 1.56601 -1.42694 -2.08146 1.11564 1.03585
2.65313 0.94636 -1.78104 0.26588 0.72146 -0.24947 -1.15622 0.08247 1.98127 1.14627
3.39703 0.802 -0.85729 -0.411 1.36054 2.57754 -0.51617 -0.09191 0.61343 1.02955
3.68721 0.67448 0.09006 -1.4429 0.34234 0.95956 0.10169 -0.05102 1.84061 -0.73559
3.12774 1.37516 -1.04688 -2.62369 1.21959 -0.19837 -0.67199 -0.6919 1.6369 1.43406
2.87296 2.38473 0.75414 -1.77837 0.38713 1.24279 -0.83857 -1.41134 1.67455 -0.27001
2.60076 1.32382 -0.32207 -2.02329 0.0647 1.01479 -1.05791 -0.9605 -0.41606 0.6692
4.41032 0.05842 -0.4833 -1.51656 0.39384 0.68538 -0.84268 -0.96528 0.50652 0.59159
4.12945 0.45301 1.19427 -2.95706 -1.46697 0.64183 -0.91412 -0.24369 1.1631 1.6416
4.93171 2.11084 0.09242 -1.35586 -0.07665 0.13354 -0.57945 -0.08892 1.24549 0.29272
3.79822 4.33442 -0.88591 -2.07429 1.98304 1.61499 0.74633 0.11448 2.43558 1.14176
1.33703 5.02704 -0.85617 -0.8887 0.02531 1.50336 -0.16913 -1.29429 0.04384 0.59679
1.76041 3.3523 -0.15122 -3.89563 1.72861 -1.04103 1.12817 -2.61454 -0.32128 1.43776
2.93729 3.07618 -1.75638 -2.88232 1.82898 0.0838 1.67769 -2.96563 -1.53501 0.02084
2.99125 1.93412 -2.79485 -1.9718 2.34301 1.25932 0.26104 -4.87649 -0.75677 0.49148
3.34465 1.40982 -1.03497 -0.88358 0.3514 0.31298 0.63485 -4.6185 -1.04685 0.52736
1.24282 1.90443 -0.45915 -1.78441 0.56061 -0.01287 0.85691 -5.18816 -0.21346 -2.21754
0.34859 1.27804 0.11694 -2.35884 0.68175 2.43528 2.63525 -5.04939 1.59707 -0.78868
-1.37586 2.67912 0.30204 -0.76067 1.5027 -0.35817 2.21094 -4.37466 0.75571 1.03711
-1.47465 1.87042 0.1233 1.00744 1.45092 0.21447 2.5054 -3.88252 0.65624 0.42905
-1.65927 -0.16616 0.64631 1.03688 0.35662 0.6092 2.36657 -4.44922 0.15216 1.48404
-0.16979 -1.38922 0.40319 1.0222 0.80793 0.05252 2.68754 -1.47841 -0.68382 0.25524
-1.07119 -1.82349 0.26833 1.06784 0.0162 1.32248 1.41124 -1.00036 -0.79638 0.77894
-1.51001 -1.51267 -0.51426 2.00749 0.61137 0.53563 -0.39409 1.06464 0.23818 0.47029
-1.81351 -0.67041 1.15572 2.61503 -0.59829 -2.13696 -0.4669 0.54637 -0.74369 -0.21909
-2.21309 -2.15316 1.61503 2.55076 -0.43033 0.24711 -0.78629 1.93089 -0.45352 0.73317
-1.57215 -2.42093 -0.64759 3.21609 -1.10299 -0.69022 0.61005 2.81341 -0.35024 0.01451
-0.21938 -2.37534 -1.51577 1.22136 -0.72846 0.65948 1.43943 3.80565 -0.54521 0.75375
-1.17687 -2.28585 -1.43861 1.5088 1.64461 -0.51497 1.70685 4.96765 -1.0313 -0.35677
-1.37354 -0.35238 -1.21935 -0.83247 -1.60266 1.42093 1.98915 5.33285 0.60957 -0.81902
-0.29828 0.04373 -0.41347 -0.48765 -1.71477 -0.84054 2.75744 5.60132 0.71164 0.98736
1.36855 0.55686 -0.70296 -2.50941 -0.68483 -0.49695 2.37645 3.74667 0.86645 -0.88819
-0.06078 1.08861 -1.63406 -2.67895 -0.5927 -0.04974 4.68037 3.89314 1.17928 -1.54409
0.62882 0.82884 -0.20222 -2.77536 -1.7086 -1.28978 5.60145 2.0732 0.49559 -0.64915
-0.90509 1.40607 -0.83886 -2.44018 1.99946 -1.15147 4.64811 0.45538 0.4806 0.5011
-0.77933 1.12536 0.62207 -2.26748 0.72274 1.94017 4.44947 -1.02791 1.09641 -0.35018
-1.16391 1.61494 -0.26932 -0.02656 1.54634 0.83116 4.11622 -3.56009 0.31547 1.163
0.04176 0.22121 1.6075 -0.02057 1.88826 0.68882 3.6306 -3.61349 0.5637 0.99715
-0.32872 -0.34066 1.31213 1.94248 -0.8474 0.38821 2.09451 -3.67611 -0.46869 0.90638
-1.71533 -0.33729 1.42745 3.78298 -1.04329 -1.29736 3.18612 -3.7141 0.789 1.14591
-0.61847 0.4032 3.33155 2.67454 -1.28002 -1.22406 3.10756 -3.47322 1.05737 1.48605
-2.80632 0.64709 1.51543 1.39262 0.71947 -1.23655 2.9133 -1.72979 1.15886 1.19787
-1.31049 -1.42186 1.35259 2.40921 -0.04195 0.06538 4.78334 1.14896 1.73596 1.05941
