6.77544 2.75243 4.12745 1.64406 -0.7173 4.73574 4.91686 -0.54743 1.50562 4.58732
8.15888 2.24095 3.19965 3.17177 -0.25011 4.04644 5.22767 0.13858 1.09697 1.35766
6.87273 0.14543 2.70396 -0.34292 -0.17369 2.57295 7.31175 0.10148 0.02485 0.9745
8.4156 -0.15964 1.7504 1.36937 1.66509 4.18796 7.25887 -1.97285 -1.50717 3.0275
7.01819 -0.96025 -0.11669 -0.85931 0.21212 1.79186 6.3494 -1.32842 -1.77876 3.90978
5.90998 -2.99041 -0.62405 2.42845 0.25771 0.80594 7.47927 -1.00652 -2.31662 1.99731
6.01223 -0.09578 0.33271 0.79303 0.59593 2.12629 8.02323 -2.22821 -3.26405 2.059
4.58016 -1.36081 1.14142 0.34043 2.11003 1.73767 6.20758 -1.02215 -1.31815 2.61246
3.67694 0.38194 0.99389 1.73465 0.89491 1.04877 5.40021 1.23081 -1.42913 1.42791
4.0533 -2.15234 1.59888 0.43452 0.46701 -0.46893 5.42601 1.03851 -0.22889 0.37316
5.04252 0.12355 0.67591 0.69049 -0.96181 -0.30452 5.16184 1.14846 0.5558 1.14078
3.92511 -0.47958 -2.01566 1.24277 0.14027 -0.09803 5.59153 0.81702 2.0303 1.18074
3.31271 1.04829 -2.74185 1.2122 1.65405 -0.46779 4.9326 0.42366 3.13014 1.11154
1.72294 1.67949 -2.97726 1.42455 1.41589 -0.6387 4.2978 0.93217 2.59878 2.97115
1.83246 0.84565 -2.89141 1.96452 0.58747 -0.88359 4.49274 1.2144 2.74557 0.40392
2.83281 0.88069 -1.8453 2.34995 -1.02426 -1.81509 1.83906 0.92424 2.39438 0.24722
2.14569 2.09472 -0.91321 1.01739 -1.89165 -2.2557 -0.3034 -1.44743 0.75377 -2.11192
0.4094 1.35065 0.05972 -1.70074 -3.44377 -1.86433 -2.17804 1.40676 -0.50073 0.63531
0.10336 -1.65011 0.15884 -2.34683 -2.50637 0.18815 -2.10095 1.57087 -1.2757 1.63319
1.04589 0.36141 0.26103 -0.79493 -1.12777 -0.29745 -1.74505 0.44832 -1.01027 0.78787
1.18066 -0.71811 0.54084 -1.18194 -0.94009 -1.8549 -1.66463 -0.48788 -0.45874 -0.54925
-0.12476 -1.94369 -0.23307 1.92185 -1.63421 -0.85902 -0.73726 -0.74539 0.48834 0.80096
1.31371 0.16935 -1.28037 1.2302 0.11856 -0.50011 0.87596 0.19951 0.54386 -1.33913
1.24838 0.13841 -0.5885 1.97405 -0.00526 -0.28665 1.31452 1.24555 0.14508 0.0298
2.504 -0.43497 -0.23988 1.4313 -1.8358 -0.50891 1.11164 1.97343 1.10704 -0.85554
1.23714 0.0999 0.69362 -0.48087 0.26958 -0.78161 1.41248 1.49095 1.24812 -0.53213
0.84829 1.81988 0.85779 0.83851 0.92654 -0.18521 0.04369 2.35702 -1.55462 -0.22354
0.03594 2.30172 1.66303 0.07568 1.94328 1.03439 -0.16653 0.57466 -2.59057 2.76798
-0.9157 0.46115 2.54105 -1.97944 1.29259 -0.28623 -0.73114 0.6628 -1.51159 -0.23455
1.15923 -1.88713 2.32477 -0.09794 1.48718 -1.91062 -0.2228 1.27847 -1.32765 -0.11577
0.94485 -1.49663 1.47753 0.82444 1.95775 -1.15385 -0.03468 -0.27668 -0.26236 0.2228
0.95057 1.29265 0.07817 1.14271 0.87957 0.33611 0.29403 -0.92427 0.86383 -0.22769
1.85803 1.01556 0.53834 0.23361 -0.40991 1.1853 1.56156 -1.30994 0.0753 1.14391
2.06221 2.48835 2.08342 1.84339 0.91126 1.41673 1.01738 -2.51593 -0.21526 1.10242
1.97082 -0.66785 3.17252 2.17301 1.8578 0.66974 0.65049 -2.19613 0.31483 0.44953
2.21187 2.36682 3.03701 1.94903 0.77392 0.17111 0.55588 -2.21804 0.4422 2.5474
3.35012 0.92541 0.22452 -0.42757 -0.35311 -0.51858 0.10022 0.07295 0.00815 2.54902
4.74601 -0.3529 1.8592 1.00055 -0.58892 0.25526 0.41658 1.65786 -0.52762 1.14731
6.11798 1.93779 1.67965 3.34225 -0.97059 -2.52638 1.07338 0.98626 0.1248 0.69473
3.31162 0.41069 0.21905 3.18925 -1.76001 -2.0936 3.0804 2.47251 -1.09481 0.27248
3.48576 0.42722 1.2702 3.29586 -1.13794 -3.0378 1.07209 2.20514 -0.9881 2.52379
3.37489 -0.58972 1.01142 1.52807 -0.70184 -1.54136 1.23089 1.97469 -0.22678 0.57651
1.66373 0.89244 -0.0843 -0.49672 -0.93576 -2.93817 1.69655 2.76917 0.7675 0.97666
2.44897 1.00915 -0.81127 2.93257 1.25176 -3.74212 2.04588 1.94103 0.51543 1.22092
1.59196 0.36285 -0.80508 0.33222 0.37453 -3.45663 0.39491 1.87022 0.39096 2.83085
1.62911 0.30082 0.20283 0.284 0.3818 -3.62682 -0.22732 4.46021 0.20109 2.34028
3.30286 -0.67804 -0.37188 2.86406 1.69135 -3.08074 -1.80667 3.65327 -1.88962 2.1948
2.77005 -1.77895 -1.02381 2.02012 1.9776 -2.66109 -1.46136 2.42322 -0.51406 1.05377
2.20937 -0.69144 -1.57859 1.38888 -0.37197 -1.40442 -1.72023 0.39858 0.51483 0.63778
0.34591 0.37834 -2.0045 -0.19729 -2.28145 -1.98346 -2.25957 -1.64912 0.36051 2.75389
0.60836 0.82719 -3.75306 -0.76648 -0.34081 -1.93253 0.28342 -1.22828 1.32627 -0.81241
-0.31563 1.37815 -3.24794 -1.22824 -0.07331 -1.64678 3.59818 -0.5657 0.55642 1.50947
-3.15363 0.90055 -3.71277 1.95674 0.93075 -2.33021 2.58616 2.13947 0.80219 -0.02475
-4.3036 -0.25666 -2.44148 1.35644 0.22752 -1.20796 1.42816 0.60842 1.02342 0.79845
-4.20064 0.02529 0.34051 -0.89132 0.21083 -1.80331 0.84033 -0.72679 2.07134 -1.27735
-4.28607 -0.12238 -0.10668 -0.84871 -1.50055 -1.50428 1.62452 -0.41271 1.22434 -1.56076
-3.9861 0.07722 0.1233 1.03806 -1.33088 -1.24427 -1.09441 -0.62058 1.15481 -2.73555
-0.85784 -2.11007 -0.52256 -1.99434 0.44414 -2.02169 -0.44907 -1.34696 -0.13943 -0.08315
-0.20847 -1.48508 -1.08814 0.27065 0.71649 -1.88805 -0.7089 -0.5349 0.73524 -0.39312
-0.15159 -0.47359 -2.58463 -0.95939 0.22568 -1.68813 0.85661 -0.1989 -0.02875 -2.09026
-0.69061 -0.39022 -3.0818 -2.20044 -0.69042 -0.85575 1.49765 2.27283 0.99865 0.89128
0.041 0.52955 -6.58361 -0.44018 -0.14441 0.84188 -0.19921 0.17042 0.76353 -0.43891
0.04046 -0.41931 -6.06372 -1.5641 -0.62451 -0.65249 0.25261 0.06052 0.08965 -0.53268
-2.78966 -0.7515 -5.53413 -1.31046 -0.3525 -0.48226 -1.27603 2.48375 -0.66273 0.37342
-3.94817 -0.85812 -4.62855 -1.11342 -2.56185 -1.3803 -0.88448 3.19994 -1.15744 -1.19874
-5.47407 -1.02898 -3.6277 -0.02542 -3.50538 -1.11867 -3.57639 2.1573 -0.55656 -0.17706
-6.45583 -2.12636 -2.50445 -0.90907 -3.77149 -0.2183 -3.03752 1.7621 3.40836 1.55004
-6.16086 1.80553 -3.45751 -0.81022 -2.66417 -0.58653 -3.53233 1.74115 1.45881 -1.36687
-6.83226 2.50863 -2.80982 -2.58106 -2.9029 1.06615 -3.05659 1.5351 1.96844 -2.07723
-6.84252 -0.59344 -3.74917 0.04258 -2.78985 2.41273 -3.84291 0.46965 2.61449 -0.74948
-7.1225 1.46668 -3.54594 -0.74595 -1.69341 4.17551 -3.851 1.42634 2.37191 0.18215
-7.2945 -0.48474 -1.17802 -1.87254 -0.18905 2.64432 -4.44372 1.60608 2.29827 -1.93614
-6.56989 1.67595 -2.10443 -1.81501 -0.73987 4.28993 -5.11974 0.63553 1.37871 -2.31289
-5.69044 2.10014 -0.99816 -1.36539 -1.09329 5.46904 -5.38238 0.98688 2.15462 -2.41895
-5.50359 2.19791 -1.50698 -1.66548 -1.26032 3.44531 -4.76509 0.55314 1.40055 -3.27724
-5.92923 0.54761 -1.27302 -2.20416 -2.13304 2.55915 -3.76274 -0.81783 1.47175 -2.27989
-4.39568 -0.15726 -2.825 -1.41606 -0.48187 2.054 -3.96379 -0.25302 0.3248 -2.81059
-2.2181 -0.05814 -2.37484 -2.9491 0.77221 0.47786 -3.79546 -1.85475 0.16133 -3.02422
-1.20093 0.09518 -2.86993 -2.28201 -0.19639 0.50164 -4.1062 -2.83541 -1.03746 -1.08397
-2.48928 1.0235 -2.25843 -1.67508 0.93401 1.34822 -4.82943 -2.80255 -3.70329 -1.83167
-0.71652 -2.60313 -1.51468 -3.16676 0.18408 1.39748 -7.03074 -1.42597 -3.09217 -0.97278
-1.22564 -2.58873 0.2357 -1.13029 -0.60425 1.09071 -5.31801 -3.40103 -1.44506 -0.67282
-2.08152 0.39928 0.26239 -2.43119 0.09984 0.30684 -4.43055 -3.55301 -0.66358 -2.90385
-3.01899 0.84601 0.03383 -3.98311 -0.61486 1.05699 -5.01249 -4.42703 -0.57468 -1.09992
-1.62021 1.65056 1.27661 -2.37674 0.06386 0.87458 -4.75379 -5.69957 -0.93132 -1.45375
-1.67783 1.22874 0.6834 -2.44668 0.42165 0.60835 -3.62561 -5.75535 -1.9617 -0.7752
-3.91823 -1.35968 0.44023 -2.14303 -0.67432 -0.73577 -2.26879 -4.45207 -2.24267 -1.3873
-2.75774 -0.56078 0.211 -1.60329 -1.17721 -0.68245 -2.22837 -2.31491 -3.23986 0.13675
-2.32816 -0.53981 0.77841 -1.41558 -1.29533 -2.66582 -1.78912 -2.7957 -1.14139 -3.01433
-2.1982 -2.96444 1.52545 0.70526 0.05541 -2.7528 0.71081 -1.85263 0.57513 -1.38321
-0.88593 -1.19722 2.60758 -3.34629 -0.44731 -0.5049 0.73074 -1.5088 -1.06736 -2.41333
-1.2277 -1.26825 0.82732 -1.22881 -1.05989 0.25484 0.45244 -1.64477 0.22634 0.22156
-0.3484 -0.70594 2.48977 -1.58114 -2.08731 -1.28375 1.31236 -2.67323 0.50684 -1.07344
1.17183 2.28705 3.15542 0.18109 -1.19896 -1.86501 1.99412 -1.65033 -1.49823 -0.86045
1.84034 -0.56397 3.22104 0.10545 -0.0528 -1.39709 1.35979 -0.99105 -0.59776 -1.17909
1.76021 -1.15648 4.55912 -1.87957 0.77079 0.05876 1.09904 -0.0278 -0.36978 -1.56536
3.96571 0.79737 5.55917 -0.4636 1.57694 1.4445 1.57093 -0.15975 -2.01176 0.38224
3.90447 0.68277 5.13591 0.80335 1.53815 0.69047 2.02422 0.20758 -0.4361 0.78062
4.00315 2.62061 4.01627 3.20938 1.45048 1.58846 1.3804 0.00283 -0.82878 2.76155
4.42355 -0.7599 4.38244 0.87473 0.38325 1.60852 1.29736 0.55508 -2.96942 1.58814
4.51483 -1.0915 3.37445 2.78015 0.69473 2.16542 2.27532 -0.65234 -2.10979 0.22044
5.67187 0.53222 2.69321 1.47114 0.91603 -0.14214 2.28626 -0.44621 -3.32085 0.56009
5.79437 -0.79739 4.13197 1.33344 -1.12848 -0.10754 2.78957 -0.75728 -4.63581 -1.03974
4.79299 -0.82578 2.64972 1.87291 0.08945 -1.03617 4.18986 0.99113 -3.13217 2.60121
6.51931 -2.38345 2.43184 3.60344 -1.04257 -1.05633 3.61112 1.91312 -1.11421 1.31568
4.72021 -0.69386 -0.25074 2.0879 0.32779 -2.09856 3.25412 0.68409 0.47739 1.72081
5.57921 1.17971 0.77769 4.67101 -1.17774 -2.14941 4.38386 -0.68841 1.14444 2.28967
5.61329 1.98534 0.24578 2.27589 -0.40994 -1.40039 3.13543 -0.29197 0.07905 3.84466
4.262 1.1329 1.01572 1.59154 -1.12312 -0.81063 2.74265 0.92798 -0.34709 1.74661
4.55978 -0.23 0.38015 2.34343 -0.35754 0.62831 0.31415 1.32075 0.75118 2.3388
3.85242 0.43669 0.90718 3.0356 -1.23682 1.07804 -0.32497 2.44874 1.49268 1.08917
3.91006 0.39407 0.78005 3.34066 -2.22018 0.83095 -0.01817 2.33663 1.68311 0.51679
6.83073 0.4413 1.52123 1.77075 -2.51854 1.67122 -0.87455 1.88055 3.43269 0.83098
4.96626 1.85272 0.67745 2.44813 -1.96212 0.12272 0.7513 0.86482 3.45784 1.00229
4.27604 1.79958 1.4297 1.98141 -1.43255 -0.40646 2.98643 1.11648 1.82033 3.60675
4.49621 2.729 -0.04202 3.13221 -2.27308 -0.13529 1.97966 0.27783 2.19427 2.11145
3.26406 3.28817 1.05346 1.159 -2.67793 0.89093 3.23964 0.26591 1.19871 1.68373
3.03547 0.21567 -0.32863 1.68061 -1.30147 0.91594 0.65733 0.09874 0.61652 0.83715
3.32562 1.82646 1.10653 1.2161 -0.82603 0.54656 -1.29186 -0.1731 0.83678 1.63291
4.43359 -0.69967 0.08958 -0.21228 -2.0777 -0.35472 -1.95705 -0.97486 0.643 1.12054
5.33249 -1.73174 0.84847 -0.4437 -2.03884 -0.96621 -1.84041 0.35631 0.02358 1.94449
5.10081 0.0247 -0.13347 0.67861 0.37345 0.49363 -3.51715 2.07493 1.52485 -0.42853
1.88406 -1.83171 0.03105 1.83394 -0.7101 1.1083 -3.08648 1.78739 0.81143 0.48135
0.78477 -0.75333 -0.25363 2.58457 0.20326 1.34651 -3.76956 2.91711 0.10886 1.03918
2.7944 0.10342 1.33373 0.41285 -0.02495 1.95441 -4.39131 2.86837 1.67132 1.37767
1.95619 1.04687 2.69586 0.20842 0.62648 -1.24809 -3.85812 2.72464 0.89305 -0.57812
2.31607 1.60047 1.20851 1.2684 -0.34083 -1.72024 -2.70557 1.6573 -0.21997 0.42886
2.22864 0.37271 1.67264 1.23912 -1.232 0.5006 -1.99696 2.2874 1.0214 -0.93454
2.84045 1.0868 1.61736 0.45098 0.58541 0.64146 -1.82997 4.37098 0.60492 1.11708
4.9989 1.60688 0.34131 1.1181 1.57492 0.75729 0.23609 3.02041 -0.84822 1.87266
5.36995 -0.82068 1.43878 -1.40587 1.58999 0.48866 2.15884 2.12471 -0.16466 1.73522
5.53208 -0.33267 1.38361 -0.21408 1.60613 -0.78631 1.78911 2.9642 -0.71074 0.44929
5.87958 -1.96046 -0.93884 2.07644 2.11039 0.21017 2.40084 1.5904 -0.19674 3.40023
4.58037 0.74904 -1.05276 0.68446 0.82622 -2.25847 3.89427 1.39897 -2.79555 2.1586
2.2884 -1.53904 -2.30823 0.35141 -0.79131 -1.96535 2.83587 0.79108 -1.14366 2.25014
3.95896 -1.57722 -2.39601 2.35825 -0.6914 -1.71117 1.66757 0.43253 -2.01361 -0.19808
3.03057 -1.46705 -2.0362 1.71452 -1.16399 -1.258 1.27235 0.30814 -2.25715 2.74105
1.05108 0.11381 -0.05017 -0.10216 -0.72968 -0.87653 0.90721 -0.56096 -2.47209 0.95297
0.22149 0.0886 -0.97951 -1.52896 -0.00151 0.47453 1.34952 0.35008 -2.47832 0.69029
-0.28266 -0.54224 -2.44884 0.5546 0.29752 1.76903 0.72245 -0.00626 0.67885 0.57789
-0.73532 -0.89 -2.5626 -0.49363 1.49618 2.14205 -1.63743 -0.16838 -0.01143 0.0949
-0.76047 -0.30542 -2.94322 -1.92764 0.51302 -0.08968 -1.8524 -0.69223 -0.19759 0.39481
1.03786 -1.25629 -3.74865 -1.20808 0.55029 0.57963 -1.10355 -0.61691 1.38277 0.74724
-0.31139 -0.22831 -4.02534 -0.29886 -0.89791 0.69155 -3.0977 -2.15667 1.60737 -0.32815
0.21835 1.63333 -2.33611 0.24402 -0.41502 1.25084 -2.70325 -4.02888 2.19156 -0.02375
0.21838 1.89944 -2.46914 -2.06876 -0.60733 1.98748 -1.46687 -3.8083 -0.09349 -0.10725
0.97113 1.7282 -2.13869 -2.27457 -0.34443 2.99752 -1.53672 -3.1121 0.27463 -2.03159
-1.00616 0.78852 -1.89024 -1.79035 -2.01695 2.94352 -1.56446 -4.2377 -0.02448 -1.53403
-2.88359 0.95529 0.90363 -2.88862 -0.36232 1.89613 -2.62566 -3.81989 -1.53321 -0.30459
-4.29362 0.12729 1.32176 -2.02859 1.19666 2.56051 -2.27314 -1.40772 -1.32437 1.61295
-4.44884 -1.61148 1.9873 -2.08392 -0.28369 3.19816 -3.44887 -1.98002 -0.78733 -0.21525
-5.51798 0.33262 1.49405 -0.20497 -0.28653 2.52018 -2.90236 -3.80259 -0.86095 -0.0772
-4.10488 0.06169 1.92483 -2.99207 0.03938 2.22317 -3.12947 -3.90441 0.53607 -1.78013
-1.96745 0.16418 -0.08004 -0.52336 1.88176 -0.00616 -1.73364 -3.2271 -1.8746 -0.46729
0.09167 -1.74187 -1.34741 0.18023 0.30503 0.10954 0.54312 -2.7681 -2.12314 0.57151
-2.11318 -0.53505 -1.41502 -0.04003 0.72835 -1.98223 -0.38449 -2.32236 -3.00192 -1.63314
-0.2549 -1.68006 -1.16879 -0.42597 0.78298 0.99015 0.52357 -2.37777 -0.94376 0.24825
0.49332 -1.15354 -0.80266 1.68379 -1.3531 0.53568 0.52713 -1.72526 -2.24643 0.32583
-2.24775 -1.28302 0.60229 -0.79917 0.15603 2.55612 -0.09401 -0.18476 -2.7584 -1.95426
-1.90964 -1.77968 2.40307 0.79499 2.37037 2.47941 -1.59317 -0.37487 -1.15396 1.11207
-1.11961 -3.3721 1.42297 0.98632 3.58222 1.90122 -1.39314 -1.28171 0.48556 1.06828
-1.45497 -0.64116 1.21088 -0.28675 1.98864 3.35705 -0.91185 -0.31297 -0.83641 -1.25121
0.31169 -0.99865 2.41205 0.07322 1.74116 1.50056 -1.55598 0.81715 -0.77587 1.4526
-0.35476 -1.09709 1.98645 -0.02208 1.46304 0.31464 -1.85559 -0.66573 -0.13555 -1.51912
1.7286 -1.10198 2.40942 0.46382 0.44585 -1.7142 -1.29191 -1.30339 0.96931 -0.96475
-0.01415 -1.50271 0.76405 -0.90492 0.14487 -3.00158 0.09431 -1.86464 1.65678 1.9177
1.18822 -1.58346 1.09783 -1.39251 -0.06216 -3.61384 1.3757 -2.23629 2.19327 0.62585
1.98848 0.60611 0.39895 -1.23517 -1.2363 -2.87482 2.30315 0.58434 0.43709 0.54479
1.6978 0.53175 1.02621 -1.0039 -0.40367 -2.00611 3.26629 0.13686 0.09088 0.2076
0.88321 -1.04277 -0.05212 1.36815 -0.87752 -0.74805 2.95259 -0.1163 -0.45369 -1.31679
0.6771 -0.66772 -0.52659 1.31334 0.44135 -0.37825 2.33192 -0.61294 -0.31056 -0.75884
-0.78537 0.55949 -1.48123 0.56372 -0.62531 0.17097 1.60516 -1.17264 0.36783 -0.3545
-1.80158 -0.53253 -1.08679 -2.2743 -1.08758 1.05058 2.47722 -1.57521 -0.78701 -0.20034
-1.66262 0.99364 -3.05208 -0.82748 0.1278 1.44901 1.52926 -0.65877 -0.69007 0.54983
-2.88837 -0.11328 -3.22892 -1.18893 0.06648 2.28777 0.79018 -1.78302 -0.43563 -1.25496
-3.30055 -0.5664 -2.46169 -0.28489 2.06549 2.39753 1.25731 -0.41236 -1.29343 0.17847
-3.67508 -2.1491 -3.03142 0.01792 2.52595 0.85372 -0.02372 -0.11288 -1.43242 -0.79322
-5.2733 -0.67856 -2.2127 -0.25901 -0.30562 -0.39186 -0.24026 1.35206 -0.98955 -1.23071
-5.02743 1.57499 -1.77286 -0.54887 0.49186 0.42882 -1.40266 1.3046 -1.23551 -0.85471
-4.58412 -0.133 -1.56382 -0.73442 -0.76192 -1.38442 -1.51086 0.77909 -1.13447 0.13289
-5.44109 1.01957 -2.87905 -3.21683 -0.37685 -0.90724 0.20595 1.09795 -1.17371 -0.52658
-4.85495 -0.12238 -2.03446 -0.91346 -2.06616 -1.17168 -0.73642 -1.37851 -0.72164 0.44362
-5.50314 0.19368 -2.36286 -0.48232 -0.55508 1.51072 -0.29687 -1.04457 0.20183 -0.72504
-7.65531 -0.54335 -2.31431 0.1948 0.56696 1.3209 1.2123 -1.36472 1.30278 0.02449
-7.68445 -0.15782 -3.32624 -1.05604 -0.57014 1.26588 -0.94381 0.07588 0.77385 -1.62582
-4.09484 0.44752 -3.15603 -0.46035 -1.07789 0.38006 -1.45609 0.30044 -0.26667 -3.99461
-4.08067 0.15854 -3.34 -0.82399 -1.35165 0.04698 -4.32988 0.27533 -1.7229 -2.78536
-5.07022 -0.9075 -3.37164 -0.241 -2.06465 0.46409 -4.49218 -1.71938 -3.43483 -0.22636
-5.40531 -1.70706 -3.11368 -1.71634 -1.23147 0.88026 -5.9259 -2.47578 -4.23127 -0.51118
-5.76188 0.62076 -3.24177 -4.14637 -2.48647 1.50075 -5.65763 -2.22483 -3.40847 -0.05195
-6.05872 -0.80864 -2.37742 -2.67802 -1.23389 0.25576 -6.18489 -1.56153 -4.41614 -1.09777
-6.26421 -2.55972 -1.50027 -2.11738 -1.93736 -2.19166 -6.1019 -0.99343 -5.04094 -2.05924
-6.56053 -1.70571 -1.38491 -1.10603 -2.60656 -2.41073 -7.61621 1.60024 -4.37261 -0.26561
-5.72696 -0.87122 -0.67537 0.09881 -2.42006 -2.40633 -6.50426 1.44098 -5.14395 -1.21736
-5.61144 -0.55019 -1.03675 -0.36838 -1.38684 -0.28816 -6.32086 0.97358 -5.27723 -2.02325
-3.93783 -0.82731 0.358 -0.01114 -0.68948 0.48039 -4.71001 -0.37466 -5.20605 0.19003
-2.99084 -0.99143 -0.22626 -0.97185 1.51006 1.06713 -5.35037 0.19467 -4.90468 -2.08349
-1.85451 -0.70591 -1.00141 -1.21589 1.58295 3.28206 -5.54905 -0.01129 -3.66335 -3.33855
-0.55104 -0.66964 -0.52454 -1.62474 1.50135 2.27217 -4.58163 0.32896 -1.57156 0.09604
-2.02874 -0.92565 -2.47214 -0.72935 2.32119 1.56002 -2.9422 0.82834 -1.11159 -0.64008
-2.03643 -1.38303 -2.64319 -1.5993 -0.43472 3.90187 -3.44872 -1.09951 0.05128 1.16718
-1.42029 -1.88218 -2.39446 1.66437 -0.61074 3.58846 -2.60615 -1.05777 -0.17175 -1.26546
-2.61071 0.73232 -3.29689 0.46341 -0.05345 3.24901 -3.15386 0.1529 -0.14346 -1.08511
-2.06531 -0.01432 -3.72532 0.58701 -1.43235 1.718 -2.22934 -0.39037 -0.51796 1.04973
-1.16315 -2.38156 -3.0761 0.30386 -2.50371 0.06274 -1.6057 0.21344 -1.42742 1.11958
-3.19511 1.10784 -4.67289 -0.99347 -1.23841 -1.61571 -0.66956 0.25706 -1.01833 -1.10954
-4.8141 0.86189 -5.50683 -1.13107 -1.40368 -1.60311 -2.92894 0.27165 -1.45535 -0.72697
-6.05009 0.38899 -6.07082 -0.59671 -1.08942 -2.39777 -4.41901 -0.33519 -1.71196 3.38442
-4.89943 -0.02209 -5.52105 0.13322 0.6952 -1.67194 -3.67898 0.29389 -3.14539 -2.72844
-6.88334 -0.02195 -5.93943 -1.42544 0.23519 -1.44078 -3.88259 1.0408 -2.10663 0.42684
-8.40845 -0.63538 -5.48824 -2.57734 -0.23214 -1.48228 -7.04272 -0.41829 -2.74514 -2.60858
-6.73481 1.13836 -4.97118 -2.3383 0.66905 -0.12997 -8.94255 -0.15115 -2.00175 -0.89312
-6.69139 0.49955 -3.75335 -2.53837 0.76019 1.01634 -8.47388 -0.25524 -3.03317 -3.57998
-7.913 0.0901 -2.83534 -1.80818 2.6712 -0.48763 -8.83643 1.44807 -0.17528 -1.23386
-9.2249 -0.47977 -3.21387 -2.4567 1.72999 -1.59251 -9.67672 1.26495 0.98385 -0.9724
-8.98583 0.76189 -1.87681 -3.70252 1.09122 -0.73064 -10.84875 0.83224 2.06613 -1.80755
-8.03873 0.47713 -1.65963 -2.75285 1.88959 -0.26278 -9.24216 1.62713 2.20478 -2.47892
-7.83982 0.7515 -0.72656 -0.23429 2.02604 -1.63373 -11.09601 1.74908 2.04121 -3.77663
-8.86643 -0.00155 -1.29611 -0.36416 2.61201 -0.65417 -11.02938 0.94631 0.64116 -1.79193
-7.71964 2.35717 -1.73725 -2.48724 0.1621 1.19662 -9.14987 2.24306 0.50714 -3.00447
-5.16534 1.05807 -1.92454 -2.8476 1.9819 2.00591 -6.81241 1.85745 -0.03644 -3.21047
-2.44408 -0.23844 -0.0504 -1.32425 0.09035 1.58594 -4.00503 1.86176 -1.71315 -2.87948
-2.48534 -2.08175 -0.80487 1.19098 1.19749 1.07367 -3.54312 3.02196 -1.99111 -3.74113
-4.77972 -1.32092 -1.40582 -0.56419 0.34557 0.95792 -2.47124 3.8569 -0.45896 -1.75562
-5.21982 1.06718 -1.84843 -0.02072 -0.88184 -0.01485 -3.84815 3.38856 -0.32201 -0.79375
-2.59759 -0.33051 -1.86888 -1.10819 -0.83359 -0.12347 -1.14565 1.7772 1.04433 -1.43935
-2.12686 -0.47643 -0.40973 0.58618 -0.02634 0.54148 -1.76357 0.68779 0.9779 -1.59174
-1.52684 -0.80529 -1.89604 0.54538 -0.16004 -0.54282 -0.23539 -0.61173 0.55229 -0.50998
-1.58307 -0.91767 -1.70603 0.2341 0.09908 0.32844 -0.52923 0.43197 0.53644 -0.88688
-0.93363 0.97553 -2.65987 -1.41937 -0.19215 -0.35339 -1.03906 -0.46813 0.27876 -0.24929
-2.47411 -1.70281 -2.3423 -0.59361 -0.30276 -1.24026 -1.43103 0.83498 0.89974 -1.2571
-3.15579 0.41294 -2.52381 1.19629 0.24259 -1.46116 -1.49942 1.465 2.13204 0.84682
-2.69677 0.49693 -1.86287 0.89852 0.24944 -2.56974 -2.5168 2.62214 1.54538 -0.18568
-2.02138 0.92924 -2.16084 0.04092 0.02646 -2.78769 -0.84115 0.47034 0.26947 0.84991
-2.05611 0.55468 -0.27858 -0.53433 1.09468 -2.50662 -1.34351 0.99431 0.36254 -1.15246
0.30436 1.00277 -0.12164 -1.40673 -1.19805 -4.58347 -4.29414 2.81704 0.01663 -1.8543
1.87693 1.30703 0.70623 0.97748 1.31687 -3.07032 -2.90213 3.81189 0.82543 0.41425
0.94094 -1.65677 -0.3877 -0.68583 1.66992 -2.88953 -3.78037 3.7352 1.51247 -0.34088
0.34045 -0.0518 -0.60285 -2.80107 0.35162 -1.36503 -3.09775 3.30774 2.25985 -1.62983
-1.80593 -0.57566 0.01438 -0.79745 -0.04077 -2.32447 -0.81873 2.66551 1.48182 0.74161
-1.50606 -0.29116 0.94532 0.8277 0.42357 -3.53261 -1.02655 0.98822 1.776 -0.70735
-1.13487 -0.5473 0.70096 1.20694 0.36527 -4.0275 1.31761 -0.08747 1.28688 1.02981
-0.17652 1.28393 -1.09434 -1.06816 -0.42612 -3.19835 1.45211 -0.09544 0.76072 0.49673
-0.0181 0.73542 -0.2646 -1.73182 -2.25962 -2.51224 1.48578 0.88594 0.42342 -1.1731
0.92612 1.0888 1.5911 -0.72564 -2.52362 -3.89857 -0.11323 1.3304 0.0198 -2.05655
0.7974 3.03765 1.35195 1.84668 -2.47324 -3.11677 -0.01573 0.82182 1.39095 -0.62521
0.26691 0.88974 -1.20291 -0.35968 -1.78575 -4.58014 1.29997 0.40237 1.0595 0.4233
2.22243 1.35598 0.38623 -0.38329 -1.17596 -2.21722 1.78117 0.35538 -0.60133 -0.92531
2.5111 0.32737 0.5124 2.16468 -1.39988 -2.74943 1.04041 0.4619 -2.33089 0.79294
0.51268 0.20669 -0.27036 0.25799 -1.61898 -4.10029 -0.11816 0.29588 -1.73428 -0.615
1.41153 0.75429 0.2469 -0.07641 -0.61537 -2.57954 -0.61904 -1.18388 0.21523 1.28137
1.6894 0.79306 1.71027 0.13888 -0.31929 -1.42522 -0.51165 -0.78211 -1.42479 0.10744
0.49599 -0.59721 3.31876 -0.07408 1.54659 -0.23888 -1.07238 -0.00323 0.20658 -0.16176
-1.79286 1.34179 3.43391 1.0925 2.94052 0.58465 -3.47067 1.38675 -0.50723 0.47585
-2.65173 0.80779 3.49897 -0.68795 2.68203 0.02917 -3.89595 0.90238 -0.91528 -0.01449
-1.69386 0.73817 2.90582 -0.56714 1.93945 1.1095 -2.96814 0.0742 0.15228 0.93437
0.03603 -1.29852 3.47035 0.4757 0.85711 1.3711 -0.46487 -0.62173 -1.51469 -0.16149
-2.10754 -1.63102 1.78807 2.24174 -0.76234 2.28619 -0.01941 0.46425 -0.87937 0.26571
0.21588 0.72251 1.11781 1.4759 -0.28343 1.92023 4.09561 0.19353 0.39887 0.01374
2.31124 0.31304 -0.17001 1.60397 0.16591 1.00841 6.45349 0.07541 0.08181 -0.17125
2.44148 -0.46128 -1.11574 2.07337 -0.63392 0.28104 6.90233 -0.08376 -0.71799 -1.30719
3.52942 -1.16062 -0.19546 1.76885 -0.88338 2.96752 6.15017 0.3936 -0.29875 -1.39976
3.93622 -1.61377 -0.69361 2.22695 0.365 4.16483 4.6705 0.52734 -1.65715 2.31405
4.26461 -0.19857 -0.00422 1.12739 -0.28627 3.65416 3.02315 -0.37021 -0.5814 1.49239
4.55984 -0.12977 -0.51262 0.66273 -0.6267 2.53098 2.93029 -1.35245 -0.50883 -0.74917
3.11498 0.36368 -2.02178 -0.23939 -1.50241 0.77498 3.07007 -1.27095 0.56734 2.46201
3.01443 -0.12663 -0.47718 -0.93478 -1.52174 0.9301 2.00682 -2.14328 0.08621 2.22907
3.19951 0.46804 0.16018 -0.95298 -1.48705 1.43462 0.52205 -2.63385 -1.34165 2.09563
1.92849 -0.05691 -1.12761 -1.10827 -1.33103 1.14429 0.34928 -1.26711 -1.59648 0.60538
1.77092 -1.12962 -4.01696 -0.95777 -0.86516 0.9502 1.42649 0.34235 -1.6988 0.16341
2.44294 -0.31628 -4.01136 0.20334 -0.22046 -0.08514 -0.77346 -0.43617 -2.29271 2.57931
0.8922 0.82196 -3.8575 0.41048 1.11599 1.15041 -3.34869 -1.64916 -2.93572 -0.07411
-1.7233 -0.9266 -3.68825 0.76791 0.29142 1.14615 -3.50483 -1.90193 -3.39819 -0.42174
-3.73755 1.09606 -2.16035 -0.8401 0.79039 2.9041 -5.13923 -2.8336 -2.13866 0.12941
-1.6666 -1.87444 -1.74578 -0.91611 0.21121 2.86901 -4.7409 -2.25963 -2.02198 1.04918
0.13028 -1.87026 -2.60565 -1.39837 1.09699 3.0424 -7.04717 -1.52548 -1.711 0.43826
-0.38176 -1.09208 -2.5329 -2.55409 1.82087 3.51973 -7.47794 -1.8547 -2.33998 -1.7761
-0.53028 -0.86385 -2.07921 -1.52334 0.23748 3.68522 -6.8791 -3.37022 -2.13887 -1.67144
-1.3904 -3.02601 -0.04409 -1.64325 0.27576 5.24263 -5.60734 -3.46412 -0.82263 -1.02375
-2.14966 -1.7833 -0.79727 -2.30004 0.3321 3.62845 -5.29355 -2.20231 1.48866 -0.09812
-2.19065 -0.11714 -1.86243 -2.1412 0.60446 2.60773 -3.55813 -2.78557 2.20574 0.92171
-2.05179 1.24517 -3.92495 -2.44336 0.86548 1.85801 -2.56737 -0.96937 2.2924 -1.63752
-2.75676 0.67525 -4.70416 -2.57441 0.97992 2.37476 -1.67862 0.94183 1.22879 -1.89521
-2.96025 0.41647 -4.03674 -0.87537 2.15402 1.7336 -2.14846 -0.10024 2.66831 -0.74158
-2.41419 0.3465 -5.48558 -0.9336 2.5226 0.41597 -2.72293 1.08839 1.72464 -1.756
-3.65597 0.98777 -4.74898 -0.47755 2.26048 -0.55871 -1.49767 0.85931 3.47155 0.90769
-3.48259 1.55571 -5.54931 -1.80643 1.6749 -1.17929 -2.57742 -0.37215 3.35641 -1.22834
-3.58822 1.57227 -5.00645 -1.4113 1.32421 -0.52863 -2.86449 0.885 1.49575 -1.56166
-2.81343 0.48377 -5.9237 -1.73066 1.83963 0.29045 -2.91914 0.80943 1.57802 -0.90093
-5.23457 0.26864 -6.82003 -1.62709 2.18949 0.51158 -2.60963 -0.70657 1.44551 -2.46334
-4.59293 0.75977 -6.32161 -1.40545 2.36093 0.7597 -2.56123 0.94505 -0.27459 -0.56752
-5.68361 -1.3151 -7.18064 -2.66117 1.1878 1.11541 -2.57927 0.7602 -0.41449 -0.04197
-5.9207 1.85039 -6.16729 -1.52785 2.26594 0.32393 -1.8113 0.91584 -0.132 -3.09441
-7.67796 -0.24996 -4.71513 -2.35357 1.02577 -0.59407 -1.74984 0.07914 -1.02353 -1.90158
-8.5337 0.32476 -5.11764 -1.76435 1.92233 -0.20488 -0.91998 1.54162 -2.0593 -1.94122
-5.50567 -0.4683 -5.02544 -2.28547 0.7998 0.77535 -2.23341 0.60776 -0.86512 -0.54882
-7.3188 -1.54637 -4.26867 -1.81757 0.45964 0.41848 -3.56708 -0.10183 -1.67937 -4.66603
-7.6706 0.07982 -4.26807 -4.34963 -0.07706 -1.49787 -2.92009 -1.14829 -4.46668 -1.63392
-8.4421 0.74392 -6.05799 -2.7923 1.32925 -1.13019 -2.52231 -1.91948 -3.81869 -0.69235
-7.32327 0.61323 -6.83163 -4.35752 1.66897 -3.18325 -2.19077 -1.77135 -3.28384 -3.69353
