-0.76322 -1.03565 0.86809 -0.03187 -1.80853 -0.53756 -1.08704 0.35413 -2.99093 -0.19203
-0.59086 -1.05969 -0.52868 0.46142 -1.23559 -0.4952 1.02007 2.23177 -0.41765 -0.68467
-0.23744 1.33531 -0.23539 -0.84964 -1.14983 0.75656 0.69307 1.25629 0.46853 -3.48534
0.77807 2.16669 1.41079 -0.65292 0.71206 -0.66922 2.02327 2.23847 -1.07451 0.44523
1.20308 1.58912 0.33285 -1.29863 -1.04953 -1.40147 -0.54049 -0.32166 0.43798 -0.43215
0.10569 0.29663 -0.5026 0.73705 0.9534 0.26293 0.04482 0.19372 2.27929 -1.80408
-1.1948 -0.69999 0.36985 2.02462 0.51807 -0.007 0.71939 1.97153 -0.20763 0.34584
0.48596 -0.68846 0.86337 1.06255 0.57624 1.28213 1.14487 1.43851 -0.21181 -0.16838
-0.5542 0.78923 -0.23111 0.63557 1.00989 0.67423 1.50572 -0.29515 -1.19334 -0.34704
0.4855 0.86521 -1.45662 1.94896 1.34447 -0.36969 -0.02948 1.26057 -0.30438 0.3065
-0.5304 1.33563 -1.0598 0.91554 1.58043 1.15519 -0.34277 -0.16846 0.43151 -0.18851
-0.32654 2.41509 -1.26276 -0.49875 1.31413 -0.39072 1.85398 0.44506 0.51913 -0.258
-0.00328 -0.7534 0.74888 0.717 1.45199 -0.76567 -0.76358 0.84107 1.35847 -0.98931
-0.12958 0.50933 -1.38985 1.83478 -0.80338 -0.36601 0.97372 0.1381 -0.1728 -0.15657
-0.03286 -0.0071 -1.09829 0.51868 -0.54007 -0.81185 -0.38617 0.22479 0.74665 -0.32411
-0.39613 0.96455 -1.57252 1.72422 -0.49757 0.20373 1.84724 0.03537 -0.98199 -1.132
0.14365 0.88812 1.01339 1.56487 -0.01099 -1.81471 -0.40666 0.51318 -1.82528 0.04145
1.3297 2.21516 -1.40817 1.80092 1.28417 -0.7146 2.85312 -0.79906 -0.59684 -0.55096
0.70142 1.68459 -2.15211 0.34504 0.96172 0.48665 1.81006 -1.39117 0.03739 -1.85493
2.63361 0.81861 -0.09302 0.05594 -0.29691 0.7211 1.02463 -1.73031 -2.26735 0.57248
0.94567 1.26647 0.85172 0.95362 -1.59089 -0.29193 0.15985 -1.91527 -1.34601 -0.71712
1.39462 -1.57173 2.63842 -2.07921 0.53692 -0.59263 0.80025 -0.07057 -1.28764 0.69798
-0.01646 -0.88917 0.27238 -2.01526 -0.22562 0.68897 -2.01737 -0.83043 0.02302 -0.99768
-0.37743 -0.48278 -0.09825 -1.63964 0.4241 0.71243 1.16758 -0.97077 -1.07599 0.18417
-0.83314 -2.56572 -0.38341 -1.94232 1.08749 2.82421 0.41461 -2.24236 -0.51513 -0.57912
0.29306 -0.92912 -1.81615 -0.54912 0.98186 -0.66376 0.28875 -3.84343 -0.01823 0.56003
-0.91211 -0.94451 0.26246 -0.92749 -0.32259 -0.66428 0.34372 -1.43081 0.58374 -2.64829
1.39879 0.47428 0.89869 0.11113 -0.36465 -1.42628 -2.12565 -1.70857 -1.42158 -0.88184
0.78286 -0.48327 -0.01893 -2.76671 -1.33516 -0.68878 -1.16118 0.06806 -3.63151 -0.09976
0.78481 -1.8095 0.61478 -0.54619 -0.79745 -0.76998 0.92183 -0.90536 -1.34416 2.22718
-0.50298 -2.72287 0.29437 -2.22099 0.38534 -1.03218 0.10317 -2.25911 -0.55547 -0.79656
-1.24962 -3.24288 -0.29247 -0.497 1.38872 -0.21182 -1.97181 -0.32257 -1.46486 -0.89599
-0.49839 -5.09112 -0.73083 -2.51308 1.06649 -0.71151 -2.55947 -1.1071 -1.92355 -0.45724
1.20535 -5.07335 -2.32239 -1.48291 -0.55377 -0.71853 0.22523 -1.29053 -0.69743 0.89764
0.53914 -4.58616 -0.73837 -0.84708 -0.88075 -2.57446 0.22696 -0.62857 -2.38119 -0.48563
-1.16041 -4.22408 1.40699 -1.34713 -0.20286 -3.68826 1.69264 0.07981 -2.69146 -1.19287
-1.2269 -2.1553 2.27225 -1.46766 2.45024 -3.00495 -0.75267 0.59667 -1.24208 1.90076
-3.26674 -3.35574 2.02658 -2.05638 0.54315 -2.96603 -0.76869 -0.64514 -1.14585 0.24527
0.07675 -2.01408 0.68939 -1.39354 1.02448 -0.52385 -1.41348 -0.23435 -0.98816 -0.33172
0.8121 -2.24377 -0.31688 -1.87758 -0.67456 -0.91498 1.12048 -1.67134 0.77353 -1.57033
-1.67746 -3.0061 -0.23987 -0.33837 -1.43125 -0.88693 -1.17636 -1.54662 0.26736 0.03301
-1.26683 -0.10582 0.31252 0.32401 -0.36322 -2.01182 -0.41705 -0.4486 -0.2766 1.15733
-0.64542 -1.3979 0.61393 -1.6019 0.35604 -0.6489 0.80272 0.41018 1.07467 -0.35018
-0.4688 -0.88808 0.16175 -1.1194 0.51899 -1.96102 -0.12008 -0.03145 -0.15944 1.86654
-0.80953 -1.0447 -0.27257 -1.89491 0.34872 0.28474 1.92834 -0.08095 -0.05469 1.4803
-1.32809 -0.2991 0.87552 -1.32025 0.75814 -1.65546 -1.06152 0.0275 -0.76184 -1.17303
0.01398 0.33104 -0.43323 -0.66663 3.06665 0.39093 -1.07628 2.09529 0.08375 -1.81136
-1.85197 0.04118 0.79379 -0.97788 -0.83849 -0.25844 -0.95061 2.50807 -0.6172 0.5339
-1.43753 -1.3056 -0.19536 -2.46027 -1.83487 -0.9523 0.11049 -1.34396 -0.78519 0.07566
-0.90714 -0.40955 -0.49587 -0.84411 -0.43918 -2.41159 -0.03933 -1.41495 0.29344 -0.01591
0.1648 -0.35158 -2.30184 -0.83422 0.87467 -0.43797 -0.75621 -1.04485 0.43134 1.14802
0.07803 -0.98938 0.15212 -0.68935 -1.78542 -0.356 -1.13016 -0.01666 0.78629 -1.35609
-2.1996 -2.30611 -1.88063 0.57592 -0.85091 -0.75191 -1.69478 -1.12572 0.22282 -0.32415
-0.60721 -1.68221 0.34461 1.32769 -2.20779 -2.70021 -0.10032 0.43037 1.9096 -0.78851
0.4769 -2.85198 -0.98067 0.10169 0.12862 -1.09871 1.18125 1.79149 1.5753 0.32968
-0.66032 -2.28209 1.29208 -0.49844 0.50315 0.27663 1.72462 0.47699 -0.94379 -0.6786
1.03391 -3.09001 -0.21098 -1.7565 0.76748 -0.64775 -0.43106 0.75381 -0.00938 0.80453
1.01509 -2.57892 -1.4959 -1.1354 -1.1615 -1.39706 0.35958 -0.71832 1.82658 -1.4596
-0.29559 -1.86916 -0.13179 -1.25005 -0.84689 -1.61552 -1.67259 0.34996 0.69391 -0.78755
0.55718 0.73901 0.51102 0.21528 -0.66701 -1.27249 0.9661 0.12018 0.38449 0.84605
-1.6812 1.34904 0.62343 -1.42616 -3.13155 -0.14027 -1.42353 -0.48285 0.24228 0.4742
0.95355 -0.19079 0.49801 -1.12362 -0.97993 -1.20302 0.69231 -1.03284 -0.95398 1.08487
0.59739 -0.0435 0.06101 0.37428 -0.0041 -0.69102 0.29198 -0.90019 -0.66302 0.55184
-1.33361 0.83373 0.75006 -0.84268 1.81819 0.53783 -0.52884 -2.75864 0.12004 -2.2339
-0.85139 2.35276 0.95581 -2.33583 -1.23801 0.46871 -1.35769 -0.78744 -0.67254 -0.51749
-1.50905 1.99328 1.01878 -0.47719 -2.40072 -0.94191 -0.17671 -0.22269 -0.20437 0.65723
-1.54128 1.99103 0.7273 0.88485 -0.4908 -1.36795 -0.08353 0.45183 -0.02859 -0.50435
-0.93184 0.45929 0.09106 -0.50681 -1.03709 -0.61306 0.947 0.15834 0.03155 0.01296
0.43799 -1.15255 0.49988 0.05495 0.14944 2.35531 1.16229 -0.62336 -2.33098 1.92711
-0.21867 -2.61549 0.90586 0.49541 0.75322 -0.28665 0.49334 -0.58448 -1.63686 0.63862
0.88775 -3.07623 -0.42412 -0.8251 -0.51693 2.59889 1.57102 -2.434 -0.81014 -0.34162
-0.93082 -2.32512 -0.14837 -0.00539 -0.42659 3.22257 0.80489 -0.99145 -1.02219 0.0801
-0.808 -2.13147 0.05195 0.41927 0.03444 1.21135 -0.07478 -0.21642 -0.16335 0.82185
-1.46536 -1.80145 0.02416 1.15651 0.86944 -1.7309 -0.05752 0.67094 -0.46326 0.32124
-0.35379 -0.77367 -0.37305 0.07546 0.4668 -1.13728 -0.48412 -1.368 0.0046 -0.42235
-1.29493 -0.87501 -0.35667 -0.0754 0.51373 -2.08255 1.78413 -0.78636 -0.13759 -0.90968
-0.07823 -2.52835 0.41689 0.62463 -0.76388 -0.45763 1.11581 -1.01811 -0.26296 -0.65336
1.18195 -1.22988 0.21054 -1.36482 0.23245 -0.80145 -0.03676 -0.04164 0.22876 -0.68765
-0.08887 -2.4106 -0.2715 -2.55952 1.64798 -0.14407 1.12523 -0.51516 -0.46863 1.52808
-0.35288 -3.3292 0.06527 -2.30337 0.11366 1.10611 -0.05 -0.18758 0.53567 -0.83828
1.8478 -2.98989 0.16126 -2.36688 1.10788 -0.93262 1.33905 0.22158 -1.07189 -1.05125
2.07205 -4.01268 -0.50298 -0.62837 0.05949 0.3358 0.06236 0.29584 -0.42488 0.72834
-0.63876 -3.65082 1.25894 -1.02553 -0.54215 -1.09918 -0.79084 -0.47219 -0.69003 0.75467
-1.26493 -3.1843 0.36838 -3.07749 0.34958 -2.0301 -0.0376 -0.04665 -0.26692 0.36693
-0.24938 -3.56227 1.39782 -1.86358 -0.12409 -1.30578 -1.63297 -0.21163 1.51416 -0.62633
-1.21191 -3.44397 -0.69579 -0.28783 -1.18443 -2.13507 -1.10362 0.3373 0.0749 -1.19474
-0.90926 -3.63243 0.66656 -0.2728 0.64321 -1.52106 -0.16258 0.94722 0.31776 1.28569
-0.37595 -1.74229 -1.07833 -0.06145 0.79952 -2.79903 -0.14787 -0.19193 -0.59143 0.32913
0.0691 -1.12724 0.06191 -1.8473 -1.76317 -1.49123 -1.52648 0.81785 0.54477 0.18881
-0.56123 -1.743 -0.15255 -0.81326 -1.09647 -2.52489 -1.06551 0.05342 0.36193 1.03937
-0.15482 -2.59032 -2.66717 -0.2244 -1.4733 -0.70337 -1.19223 0.49652 0.79727 -0.60122
-0.84237 -2.65659 0.09749 -0.88422 -0.03156 -0.97993 0.73179 1.69249 1.84923 1.78177
-2.46214 -3.88095 -0.46339 -1.73135 -1.24276 -1.43686 -0.21094 0.99901 0.15524 0.09043
0.01912 -2.13459 -0.8463 -1.21971 -0.28223 -1.79422 -0.59657 1.22134 -0.38336 -1.28714
0.06222 -2.84038 -0.07477 -1.62506 -1.05214 -1.41136 -0.19135 -0.11263 -1.40691 -0.19252
2.0221 -3.13665 -0.65963 -1.21542 -0.03751 -1.0104 0.73604 0.63771 -0.01427 0.75254
0.1992 -2.76762 1.90623 -0.66244 0.57423 -2.23735 -0.04105 -0.33262 1.53177 -1.91352
1.0825 -3.20161 -0.61853 -2.85238 2.24381 -1.62592 -0.61987 0.10563 0.17819 1.05362
-1.0563 -4.04387 -0.17981 -0.55034 0.14995 -1.03995 -0.65215 2.08134 0.23584 0.14317
-1.18724 -3.62779 1.2929 -1.87011 0.15214 -1.35618 -1.98736 2.17852 0.29338 -0.3272
-1.62405 -1.09422 -0.5427 -3.46311 -1.36626 -0.58803 -0.81415 -0.2504 1.58165 -0.78151
-1.7802 -0.68175 0.75762 -1.42573 -0.30045 -1.48335 -1.62986 -2.01643 0.14135 1.05265
1.44025 -0.99882 -0.04986 -0.54083 0.62147 -1.61169 -2.38589 -0.82915 0.21092 0.47739
0.47223 0.64259 -0.79072 0.04258 0.43194 -1.17129 -1.48842 0.08489 0.31219 -0.56904
-1.49072 -0.98656 -0.36904 0.3415 -0.92506 -1.27818 -0.19691 0.80073 0.02519 1.03314
-0.79106 -1.57132 -1.24973 2.32224 -0.24728 -0.98237 -0.56864 -0.0961 0.84102 0.77591
-1.09965 -0.31912 0.65511 0.43114 1.65284 -0.15522 -0.43909 -0.27259 -1.32431 1.32264
-0.20169 -1.48127 0.13873 -2.02984 0.6235 -0.85155 0.47599 -0.33349 -0.29994 -0.19368
0.77546 -2.1514 0.94856 -0.10746 2.04596 -1.02564 0.60095 0.15302 -2.52421 0.86539
-0.04783 -2.23185 0.20809 -0.81617 2.17611 -1.96694 -0.46083 -1.42246 -2.16161 -0.04805
-0.28878 -2.91621 -0.31145 0.82222 1.04948 0.01098 -0.25076 -2.41841 -0.48845 0.7077
0.26907 -2.87769 1.55634 -0.66445 -0.10813 -0.02072 1.03963 0.94548 -0.14358 -0.28818
0.36369 -1.26233 1.44722 -0.00643 2.00491 -1.20605 -0.03064 0.45339 -0.2303 -0.27197
-1.34812 0.98738 -0.46119 -1.77818 -0.19623 -0.31691 -0.6761 0.37888 -1.03912 -1.4058
-0.47634 0.72928 1.79564 -1.41776 0.48535 -0.29321 0.35378 -0.25922 0.42059 0.00071
2.02927 0.41073 0.15346 -0.53031 0.96719 -1.16679 -0.53042 -0.27315 0.92951 0.02814
-0.98622 1.37856 -0.78887 0.3037 0.39409 0.70456 -2.15735 0.23206 0.36704 0.5839
0.72111 0.7088 -0.43655 1.48963 -0.47616 0.9703 0.94085 -1.3028 0.70504 -0.40801
-0.3135 1.09337 -0.12212 0.247 -0.04956 0.93841 0.74344 -1.67115 1.2871 0.31072
-0.02821 0.17225 -1.34086 1.00946 -2.01571 -0.24463 1.24892 -0.47119 2.16139 1.66767
-0.61416 -0.76553 1.53983 0.30314 -1.97242 -0.26248 0.3991 -0.9179 0.18563 1.58648
1.48181 -1.14247 1.08966 0.64177 -0.83297 -0.16187 0.56699 -1.80193 0.41043 -0.38726
2.28069 -0.63121 1.00702 1.12328 1.40519 0.41316 -1.26808 0.32817 -1.06641 -0.86457
0.05746 -3.03036 0.75187 0.37428 0.54893 0.12353 2.20609 1.39843 -0.08029 0.94778
0.62634 -2.742 -0.7486 -1.01127 0.97666 -0.76355 0.23448 1.93367 -0.2732 0.88434
-0.89558 -1.75256 0.05948 -1.23292 1.6394 -1.58611 -1.28632 -0.03813 0.04147 1.2388
-0.77836 -0.18688 -0.66496 -1.61577 0.08382 -1.71886 -1.68988 0.0319 2.05141 -2.17193
1.98814 2.55239 1.15769 -0.4761 1.94093 0.64084 1.08752 1.53794 1.46935 1.26795
0.97908 2.73799 1.58061 -1.0712 -1.10306 -0.1403 -1.89528 -0.52414 0.54804 0.4325
1.66307 2.02488 0.98495 0.35085 -0.12815 -0.14082 -0.41951 -0.91073 0.19459 -0.65351
-0.74911 0.37086 0.03488 0.66722 -1.27379 0.32808 0.00926 -1.48037 1.00317 0.15388
0.92467 1.33816 -0.60056 0.98582 -1.60575 0.54857 -1.1243 -0.66975 1.08135 -0.25404
0.69013 1.65844 -0.14716 -0.1458 0.2969 0.30466 -1.0392 0.19919 1.78177 1.07348
0.57609 3.06066 -1.05823 0.65039 -0.6184 1.35218 0.41083 1.24006 0.20923 -1.17943
1.25042 4.98092 -0.31178 1.87187 -0.48319 0.84958 1.6607 -0.0045 0.19151 0.91949
1.20208 5.81826 2.90101 1.27761 -1.16507 0.85626 -0.96848 -1.06595 0.0098 -0.57156
1.2947 4.67603 0.67893 -0.02055 -1.12276 0.80027 1.45706 -1.10796 0.63336 -1.57774
-0.21652 4.34875 0.70815 1.03227 0.00998 1.50025 0.27235 -0.19247 -1.15421 -2.50852
0.95782 2.07574 -1.42484 1.94661 1.80233 1.79927 -0.52813 -1.37183 -0.17105 1.22477
2.59895 5.19404 0.0238 2.45306 -0.13966 2.68858 1.02033 -1.23918 0.69241 1.36097
0.54138 4.17189 -0.10681 1.50748 1.29604 1.74134 0.2652 -1.3716 0.76023 0.49779
0.15903 5.61255 0.81881 1.68109 1.05314 1.2974 0.24105 -0.87713 -0.78855 -2.29367
-0.66453 4.71535 1.22603 3.25004 1.16113 0.2088 0.67728 -0.44367 0.4101 0.57942
-0.39798 3.63281 2.46513 3.16397 1.3259 2.11658 -0.74155 -1.62617 -0.59993 0.48539
-1.47724 4.22672 1.07513 3.5107 0.4259 0.38068 0.76708 -0.44525 -1.89795 -0.29938
0.9738 3.53714 -0.34527 1.00844 1.2388 1.41827 -0.08651 -0.7467 0.6954 0.81039
1.10983 6.02533 -0.08189 3.43972 -0.89795 0.9855 1.56059 0.29268 1.8037 0.13372
1.02876 4.85369 2.43841 3.10514 -0.64917 2.8138 0.05275 1.03131 -0.19811 0.74167
2.3796 3.26068 0.93033 3.17443 1.28124 2.49282 1.54755 1.31984 0.28311 -0.51932
0.02211 1.21004 0.84681 3.63134 -0.29003 4.09423 1.45251 3.09999 -0.08669 -0.08694
-0.03717 2.7794 0.49638 1.81364 0.29715 2.89674 0.40082 1.71637 0.14753 -1.21563
0.99638 3.01785 0.77508 1.26037 -0.17479 1.69683 0.63 3.01642 1.81858 0.52811
-0.09722 3.23293 -0.3273 2.93552 -0.71437 3.07743 -0.00603 1.40113 0.71154 -0.63754
-1.33707 3.83853 -1.44562 3.29575 0.9381 1.43566 2.16059 2.07724 1.37797 0.66694
1.18599 3.34596 -0.05084 0.84572 -1.45405 1.79956 0.64431 2.80979 0.51393 -1.99017
1.78195 4.25487 1.06677 0.95536 -1.91085 0.73209 -0.8329 -0.17775 1.84096 -1.11972
-0.19844 4.37794 2.55553 2.82973 0.50057 0.06712 -1.79418 -1.01844 0.78427 0.47698
0.49822 2.28313 0.95969 1.94837 1.41197 1.63677 -1.43194 0.36924 -0.28085 -0.30527
-0.83606 0.02198 -0.34575 1.31104 0.82024 0.28038 0.05718 0.07603 1.60511 -1.02646
-2.48034 0.09559 -0.57081 1.43052 0.12146 0.80223 0.7543 1.16564 -0.46968 -0.53395
-0.00557 1.45878 -1.29886 1.45786 0.17062 1.76618 1.93535 1.92809 -0.01686 0.76695
0.66344 1.46866 -0.10378 1.01572 1.62326 2.07263 1.52832 2.11558 -0.09283 -0.06691
0.32941 0.06936 0.15835 -0.5509 1.94677 1.05488 0.21898 0.24 -0.74216 0.09926
0.72353 0.3652 0.37662 0.85294 0.74908 2.60243 -0.64445 -2.4794 -0.04133 1.49398
1.1499 1.09473 -0.00112 1.06568 0.74886 1.78995 -0.19472 -1.71613 2.10813 0.51969
2.0736 -0.15563 -0.68853 1.88094 1.42428 0.12333 -1.19786 -2.4228 0.04939 0.49718
-0.81217 0.00751 -1.52839 2.18109 0.25263 1.96728 0.5776 -0.82057 -1.54461 -0.37421
0.23297 -0.64133 -1.11956 2.35327 -2.02194 0.82847 -1.07161 0.90246 -1.32273 0.42957
0.16476 0.86835 -0.59658 -0.16939 0.2424 -0.32642 1.2653 1.63481 -1.43484 0.57819
1.01542 1.55975 -0.69403 0.62924 1.05397 0.16815 1.80707 0.33874 -1.98904 -1.32687
-0.2771 2.72642 0.01893 1.4516 -0.14517 1.29886 0.37115 -0.64786 -1.24182 -0.46903
-0.6442 1.45431 -1.37381 -0.25452 0.84825 0.01795 -0.61677 -0.37807 1.01256 1.12867
2.24474 0.10432 0.17939 0.34263 1.1413 1.96716 2.24844 0.113 0.11193 1.00108
-0.28263 2.00054 -0.10859 0.28027 0.00496 1.04953 0.23707 -1.96158 -0.91378 -0.79489
0.57408 1.7963 -0.67261 1.18963 -1.13482 2.73718 1.30289 0.43701 -0.4259 -0.65617
-0.86704 1.65773 -0.68799 1.29317 -1.29784 2.07477 -1.65156 -0.04031 -0.93463 1.3454
1.09568 -0.76846 0.76324 2.3604 -0.48831 1.95478 0.2969 1.49401 -1.06796 0.60037
-0.39903 -1.21846 -1.17002 0.91485 -0.29391 1.24227 -0.10327 -0.02016 0.58689 1.92658
1.34744 0.11202 -0.22093 0.57707 -0.76639 0.90656 2.50764 -0.26949 1.16945 -1.1652
-0.13979 -0.7624 -1.16188 1.74331 0.70839 1.64313 -0.99886 -0.39972 0.52542 1.44529
1.05997 -0.47917 -0.22596 0.95999 -1.43823 -1.72663 0.10236 -0.39082 -0.33113 0.66624
0.25709 -1.14322 -1.10041 1.18573 1.4812 0.24922 0.56095 0.10935 -1.42493 -0.74807
-0.08759 -3.45028 -1.06511 0.16792 0.39205 0.07233 -1.44447 -1.68902 -1.31581 0.77598
1.60427 -2.28188 -0.90826 0.10427 -0.01104 0.11698 -0.37619 -2.1745 -1.36343 1.0134
0.94694 -0.60116 1.40603 -1.09656 1.3347 -0.05998 -1.092 -1.05619 1.4722 0.15683
1.80253 -2.90662 0.30439 -0.24777 0.82652 0.06836 -0.65293 0.98707 -1.02309 -0.60263
0.31893 -2.87638 -1.42275 1.71748 0.45553 -0.61708 -0.07131 2.17489 0.52805 -0.60348
-0.18726 -3.81849 0.83648 1.40505 0.02702 -0.0288 0.58581 0.19161 -0.76138 1.00117
-1.54263 -2.12627 0.78357 0.08771 0.6292 0.33794 -0.07221 1.1402 -1.14934 -0.01853
-0.85817 -2.12938 -1.73135 -0.65345 0.12429 -1.1645 1.75135 -1.35993 0.4492 -0.46643
0.54385 -1.16482 -0.9643 0.33754 0.99004 -1.05961 -0.09509 -1.96986 1.24219 0.28592
0.28549 1.04898 -1.25366 -1.09692 1.06426 -0.75269 0.06261 0.09915 -0.86214 0.5284
0.08603 1.98091 -0.93165 -2.68003 -0.01485 0.20984 -0.48003 -0.95474 1.85348 2.22935
0.01192 0.19914 -0.91486 -0.31799 -0.85776 0.62274 -0.17738 -1.53547 -0.36352 0.45094
-1.33885 -0.34005 -1.70659 0.05782 0.1167 -2.18224 -0.17692 -1.75971 1.07627 -1.50524
-0.59509 -0.48444 -0.66502 0.0082 -0.13745 -2.67766 -0.7815 -1.20268 0.64597 0.41354
-0.04957 -1.12355 0.43174 1.16594 1.09309 -0.51395 -1.3825 -1.65354 0.35309 0.4163
0.95663 -1.69741 -0.32665 1.52168 -0.75115 -0.05408 0.13842 -1.33618 -2.07552 -0.17247
0.38291 -0.72064 0.18672 -1.17425 -0.95418 -0.26777 0.25871 1.26152 -1.87526 -0.00888
0.74353 -2.30661 2.17932 -1.28635 -0.01423 -1.90468 0.03884 -0.31633 0.29488 1.83162
1.2093 -3.28398 0.85095 0.3545 2.6883 -0.72385 0.22277 0.40572 0.73077 -1.7809
0.99229 -4.03237 -0.02357 -1.06281 -0.46084 -2.29456 2.38116 0.80729 0.64689 1.60464
0.01857 -4.44093 1.63794 -4.01027 1.46539 -0.52388 -0.10592 -0.13938 0.6525 -0.91601
-0.69359 -2.06212 0.0106 -2.78526 -2.05989 -1.32591 -0.8044 -0.75025 0.15133 1.62392
0.05043 -0.34775 2.36698 -1.80471 -2.16575 -0.66383 -2.41288 -0.76189 -2.00846 2.05792
0.11316 -0.93517 2.56834 -1.05616 0.20809 -1.58176 -2.71202 -0.36821 -1.33055 -0.93808
-0.71241 1.41974 -0.61687 0.16935 0.08374 -1.79212 0.04163 0.01565 -2.58315 -0.22481
-0.20591 2.34197 -1.47662 1.30644 1.0169 -3.28127 -1.35352 1.32235 0.35677 -0.55265
0.60753 2.68298 -0.37356 1.50147 -1.56154 -1.18105 -1.0499 0.29469 -1.2281 -0.63915
-0.45003 2.61024 -1.02927 1.41795 1.08569 -2.40548 -1.47879 -1.12082 -0.8178 -0.89158
-1.06916 1.99835 -2.12415 2.26822 0.85124 -1.99179 1.1415 0.46274 -0.1299 -0.35396
-0.1475 0.83466 0.74915 0.76893 0.05184 0.40296 -1.27118 1.08257 0.57901 -0.86356
1.16362 -0.66687 0.71321 1.37889 -0.88869 1.83103 0.43488 1.34505 0.20305 0.65401
0.01946 0.53491 2.62115 -0.023 -2.6683 2.37158 -0.464 0.71891 1.42564 -0.99228
0.04659 -0.6436 1.39158 -0.76366 -0.79765 2.90576 1.20096 -0.47029 -0.36279 0.1304
-0.31869 -0.05065 0.15596 1.71463 0.17161 1.6235 -0.20104 1.00836 1.53088 0.46749
0.94544 0.57613 1.43214 0.46351 -1.67354 -0.03094 -0.26619 2.36635 0.32679 -0.37005
1.71167 0.92706 0.1571 1.63449 -0.75751 -0.50516 1.64476 0.89248 2.08199 1.02094
-1.93449 0.60464 0.32728 0.52756 0.90221 -1.00629 -1.64053 0.2387 0.72155 -0.0069
-1.25578 1.82894 0.073 0.10521 0.96698 -0.04363 0.78215 -0.2073 -0.70918 -0.46171
-0.50077 1.12644 1.50883 -1.34012 0.27021 0.32677 -0.05358 -1.81097 -1.80707 0.26956
-0.82019 1.31767 -0.20838 -1.19875 -0.36365 -0.3915 -0.95435 -0.60042 0.3012 -0.2119
-0.32061 3.05625 0.78018 1.07253 -0.49258 -2.24267 -0.21406 -1.54256 0.03983 -0.48393
0.11458 1.66156 -1.63845 0.9355 2.24434 -0.36232 1.02331 -1.28171 -0.83304 -1.58966
-0.89128 2.8108 -0.59861 1.13388 -0.67195 1.13887 1.25908 1.80295 0.10061 0.07363
-0.42345 2.65138 -0.44723 -0.42663 -1.90987 0.5642 0.21339 0.39532 -0.37889 -0.6654
1.33921 0.87376 -1.57444 0.44075 -1.8041 1.43153 1.51462 0.45581 -1.19692 -0.51118
0.13494 1.59371 1.37364 1.01848 0.06658 1.38417 1.18157 -0.5837 1.15049 0.49097
-1.02331 2.34331 -1.76363 0.70333 0.05159 0.33958 -0.7492 -0.15547 -1.03307 -1.55732
-1.05344 2.74321 -0.55957 1.24569 -0.64036 -0.13505 0.93341 1.44213 0.01835 -0.20637
-0.97595 1.24156 -0.14343 0.24459 -1.05639 -0.56982 1.542 1.21992 -0.58964 -1.27852
0.01214 0.96966 0.17028 -1.30122 -0.54587 1.31742 -0.85762 2.12685 -0.92856 2.22839
0.90608 2.1263 0.07398 0.13687 -0.11142 0.4729 0.26088 0.89242 -0.77205 -2.4443
-0.14776 1.25179 -0.10226 -0.37052 0.432 0.79927 -1.74825 -0.99144 -1.42579 0.50042
-0.14578 1.98729 0.47733 -0.25767 -1.46442 2.72327 0.2142 0.42575 -2.43896 -0.35478
-1.21581 1.01222 0.33057 1.90483 -0.29722 1.47059 -1.76883 0.65644 -2.60286 1.78171
-0.24096 -0.07067 -1.34233 -0.79756 -1.73421 -0.95274 -0.58791 1.06166 -1.36585 1.4004
0.90816 0.25169 -1.35323 1.86312 0.97386 0.68333 -0.65968 -0.01595 0.81283 0.95212
0.07173 1.53434 -0.48564 1.09318 -0.28859 0.92716 -0.05017 0.59383 0.52888 0.67249
-0.13035 2.65142 0.37687 0.38338 1.31115 -0.49584 0.37243 0.16619 -0.48663 0.65272
-0.50253 1.33854 -0.53348 1.68599 -1.02653 0.17707 -0.0164 -1.17955 0.45328 0.04623
0.9021 -0.03163 0.50969 1.1733 -2.44543 -1.20125 -0.43061 -1.14538 -0.07315 -0.68791
-0.31472 2.00011 -1.78163 0.65836 0.40663 0.04886 1.21533 2.45432 0.2921 -0.27593
-0.26938 2.01171 -0.09299 0.06421 -0.5256 2.35667 1.78107 0.06572 -0.24681 0.84491
0.77016 2.42271 -0.32616 0.0476 -0.97814 0.43433 1.19133 -0.36447 -0.46907 1.34091
-0.16377 0.65362 0.89593 0.42249 -1.27791 1.78491 -0.8784 0.75863 -0.08281 0.37783
-0.73351 -0.59015 -0.24329 2.94471 -0.19631 0.16655 0.89962 0.28114 0.4186 -0.51469
-1.94018 0.96819 -0.54269 0.14364 0.81078 0.92952 0.43081 0.48798 0.39387 0.4566
0.54447 1.44458 -0.36822 1.13324 0.4128 0.17045 2.30211 -0.11028 1.26897 -1.13863
-0.5955 2.85235 0.38072 0.36853 -0.35125 -0.4632 2.65406 -0.81809 -0.29632 -0.09718
-0.61032 2.95892 1.51516 0.71628 -1.57069 -1.51977 0.37349 0.78465 0.59341 1.16304
-0.97514 0.22784 -1.14988 1.24155 -1.05883 0.78801 -1.10624 0.35597 1.01187 1.47001
-0.22273 -0.68446 -0.02917 0.53972 1.71445 0.00038 -0.1358 -0.53357 0.62814 1.28815
0.34236 -0.74211 0.01091 0.94249 0.11995 1.05988 0.36595 -0.59875 1.49888 0.71066
0.16296 -0.1302 -0.59166 0.88397 -0.07457 2.13579 -0.44658 -0.95597 0.58424 1.34359
0.64793 2.33292 0.89977 1.3225 -0.37656 1.09863 0.75045 -1.1262 -0.28704 1.5596
-0.97338 2.80381 -0.32751 -0.15896 0.73317 -0.49889 1.28113 -0.68198 -0.16198 0.79597
-0.82173 2.20079 0.03916 0.81125 0.33711 0.90346 1.79265 0.70801 -1.66358 0.65796
-1.83766 2.20151 -1.65488 0.19769 1.17438 0.18071 1.0207 -0.21307 -0.73584 -0.62231
-0.53013 1.3249 -0.01012 1.46048 1.4801 1.38327 2.26935 0.40363 -0.74133 -1.30693
0.48543 0.31946 -1.52141 1.48525 1.67188 -0.13857 -0.02667 0.75909 -0.56154 -0.27425
-1.20637 1.28103 -1.48485 -0.03184 -0.03236 1.19183 -0.45343 0.49547 -0.37495 -0.55723
-0.45922 0.58044 0.68323 0.64261 0.62822 3.43842 0.73562 -1.50286 0.02207 0.40156
2.49184 -0.13797 2.21088 -1.1146 -1.96039 0.05513 -0.1061 -1.23173 0.43421 1.54449
-1.06238 -0.70036 1.7755 -0.9475 -0.88931 1.28851 -1.4864 -0.26208 0.63062 -0.0296
-0.30761 0.22861 0.81481 -0.53374 -1.3837 0.1434 -0.65371 -0.77152 -1.29801 -0.93589
-0.8306 -0.84148 -0.19101 -0.75509 -1.25719 -0.41062 -0.12491 1.61251 -2.33165 -0.32583
-0.80464 -2.92903 1.29451 0.82251 -1.4671 2.26791 0.58243 0.98942 -0.03745 -1.58505
2.39444 -3.58402 0.82083 -0.2944 -1.90129 -0.33024 -3.12963 1.55651 -0.75558 -1.11842
0.56732 -4.20564 1.02066 -0.97837 -0.79495 -0.03471 -0.88521 1.06709 1.15152 0.83372
-0.30125 -3.21803 -1.06423 -2.05094 0.02883 -1.55886 -1.14735 0.22944 1.26586 -0.90442
-1.14842 -4.34205 -0.30379 -1.37718 1.4021 -0.06609 -1.15769 0.23036 0.15858 -1.28927
-0.54798 -3.62296 0.98714 -1.90209 -0.02453 0.57085 -0.53522 1.56782 -1.26442 0.057
0.68852 -2.95772 2.00226 -0.55868 1.28195 -0.33599 -0.25462 2.24253 1.4273 0.26491
-1.15753 -3.68943 -0.96137 -1.12581 0.84278 -1.71698 -2.20161 0.36575 1.06257 0.23217
1.07802 -2.61481 -0.0262 -1.12781 0.53389 -0.9431 1.60925 -0.80118 -0.30447 0.42862
0.33525 -3.14157 0.83113 -2.28494 2.04558 -1.03602 -1.04223 -0.05477 -0.32813 1.14193
-0.70962 -3.84316 0.99773 -2.96996 -0.60556 -1.55731 -1.04155 1.8405 0.09226 0.89166
-0.47728 -2.82453 -1.932 -0.25635 -0.44172 -0.62902 0.56187 1.46262 -1.34878 -1.01849
-0.18958 -1.86307 0.17444 -0.90562 0.05351 -1.62149 -2.16075 0.01696 -0.43294 -0.36399
-1.23883 -2.51366 3.10161 -1.22546 0.42904 -1.1794 -0.62451 0.65931 -0.05711 0.31094
-1.08953 -1.75689 2.13615 -0.54548 -0.73255 -1.76953 -0.5022 0.85007 1.92686 0.64305
-0.11172 -2.90495 -1.31114 -1.64064 -0.76696 -1.8299 -0.40148 -0.95245 1.99152 0.79152
-1.00903 -1.58826 -2.51725 -1.10341 -1.05563 -0.80764 -0.37073 -1.33194 1.0925 -0.9453
-0.35054 -0.41304 -1.06634 -1.0158 0.06075 0.45086 0.67583 0.19288 0.88756 0.20428
0.13862 -1.72927 -1.34941 -0.10688 0.45791 -0.09454 0.63 0.00695 -0.97599 2.17321
-0.10736 -2.90475 0.15238 -0.15808 -0.81322 -0.11228 -0.98009 0.80334 -0.49644 -0.2453
-1.55655 -4.15862 -0.3594 0.15434 -0.53589 -2.22714 0.73511 1.08436 -0.45242 0.38798
1.82718 -4.21331 -1.69991 -1.75163 0.88692 -0.24925 1.37786 -1.95514 -0.60361 -0.05793
1.76433 -4.63725 -0.87427 -0.72472 1.58216 0.32673 -1.81981 -0.85202 0.05024 -0.80352
0.38489 -4.39753 -1.05826 -3.12602 -0.03641 -1.22661 -1.13566 1.46207 -0.9622 0.32351
-0.3701 -4.06392 -2.12296 -1.01942 -0.45745 -1.24963 2.19596 1.21654 -1.94836 0.38088
-1.34974 -5.11562 -1.74001 -1.56139 -0.0237 -2.00093 -0.3896 0.76619 -0.58056 -0.30565
-0.82693 -5.25713 -0.80562 -1.79359 -0.47005 -2.88472 0.87005 0.71717 -0.27255 -0.70977
-1.3233 -4.2061 1.38998 -2.8005 -0.10722 -1.87155 -1.28935 1.20982 -2.02225 -1.60667
-3.74931 -4.71027 -0.56762 -2.97175 -2.31232 -1.87229 -0.27607 1.33414 0.46537 1.62778
0.83365 -4.38387 -1.61238 -3.76947 -0.23561 -3.18223 -1.50226 1.32243 1.50105 0.28493
-2.06632 -5.97408 0.55913 -3.63662 -0.00388 -1.74604 -0.13959 -0.56264 1.44205 0.82054
0.21185 -4.65604 -0.25424 -3.48153 -0.15109 -1.56653 -0.27934 0.90227 0.81897 -0.32562
-1.17707 -4.56567 0.76888 -1.97861 0.22043 -3.00605 -1.5066 2.03077 1.92125 1.96662
