-0.8623 0.04401 0.26617 -3.46985 -6.89272 0.32043 -1.2205 1.9378 -4.87457 -4.06266
-1.6678 0.53162 0.11226 -2.44599 -7.21671 -0.34676 -2.02023 1.55761 -3.30182 -4.61899
-0.47741 -1.26927 -0.78706 -1.41485 -6.98314 -0.91499 -1.70201 1.13608 -2.59324 -4.42331
0.2505 -0.73602 -1.8744 -1.44923 -6.64717 0.02997 -2.22944 -0.56261 -2.78722 -5.12683
-1.06972 0.85474 0.11751 -1.84167 -8.38366 0.20484 -1.18664 -1.53162 -2.78209 -5.68482
-0.89519 -0.46354 -0.43345 -1.01536 -8.74492 -0.11969 -0.47613 0.42977 -3.80085 -5.64625
-1.90086 -0.70475 -0.20584 -0.42024 -9.7883 -0.10308 -1.28676 -0.89884 -2.83281 -5.37122
-4.06952 -0.46222 -1.01769 -1.64535 -7.51992 0.11462 -0.87173 -0.28765 -3.77095 -5.27428
-5.13611 -1.06657 -1.44268 -0.22641 -5.4847 -1.74143 -1.70911 -1.36526 -3.62818 -5.84836
-5.54083 -0.48932 -1.29326 1.2381 -4.85789 -2.00722 -1.27313 0.75496 -3.08791 -5.97017
-5.08068 0.12533 -1.89238 0.43772 -6.58405 0.44298 -1.75369 -0.8884 -0.76072 -5.96208
-4.47626 -0.51832 -0.82598 1.27768 -4.54311 1.10353 -2.22275 -0.6826 -1.78027 -5.30731
-4.24791 0.65646 -1.09577 0.99282 -5.55651 0.28271 -2.92629 1.09194 -2.83059 -6.07333
-4.49813 0.46796 -2.21252 1.07215 -5.32058 -1.59833 -2.39787 -1.34413 -2.23431 -6.14135
-3.05244 -0.13706 -2.95193 0.9174 -4.92252 1.26666 -0.69635 1.00819 -3.21277 -6.32242
-5.02817 0.85121 -1.79948 1.33471 -4.67718 -0.87373 -1.87427 0.66761 -2.17031 -7.36648
-2.98602 -0.31859 -2.56055 0.07464 -4.76806 1.1609 -3.56523 0.61624 -3.70647 -6.52983
-3.00411 1.34548 -2.87961 0.89323 -3.75842 -0.924 -1.94442 -1.27916 -4.67601 -7.17449
-4.85651 -0.99546 -2.4927 0.0908 -5.28551 0.5442 -0.8225 -0.38432 -5.60473 -5.74378
-3.44504 -0.03996 -2.7836 1.59494 -3.90315 0.0325 -3.13894 -0.40317 -7.40118 -6.17523
-2.29394 -0.55484 -0.38133 -0.31243 -4.83593 2.06381 -2.21904 -0.57646 -6.74071 -4.5636
-2.94921 0.2977 0.01674 1.54636 -6.33149 -1.29877 0.05922 0.5282 -6.8444 -5.03815
-4.43965 -0.49943 -1.33314 1.31016 -7.33772 -0.34447 0.85284 -0.26865 -7.37815 -3.84725
-6.83924 -1.59459 -2.2464 1.45771 -7.31516 -2.60985 -1.57027 1.48806 -8.00028 -3.6398
-5.29033 -0.77083 -1.6789 0.92971 -7.35922 1.17317 -1.80976 1.26443 -10.98401 -4.14472
-5.0618 -0.5458 -0.37161 -1.20782 -9.45684 1.5026 -2.24564 -0.67215 -8.47179 -3.56165
-4.49932 -0.53878 -0.77136 -3.33465 -10.81565 0.09725 -1.84127 0.01247 -6.97756 -2.6532
-5.16161 -0.81757 0.05406 -3.91458 -9.94777 2.27996 -2.42415 0.30538 -6.67041 -3.23381
-2.43597 -1.36354 1.85236 -1.3775 -9.48447 -0.20902 -3.32071 0.13192 -5.17453 -4.56314
-1.45615 -1.80833 1.10551 -0.15025 -8.5213 -1.46224 -2.34407 -0.01106 -5.18828 -3.82645
-2.82502 -1.14332 -0.03058 1.36144 -7.84928 1.00841 -2.69636 0.86195 -4.13391 -4.7649
-3.45163 -1.97661 0.32523 -1.66061 -6.42287 -1.14765 -1.59398 2.85179 -4.89124 -4.73892
-2.77845 0.24094 0.79518 -3.04192 -6.01951 0.00382 -1.94909 0.47269 -2.8016 -5.06368
-2.36599 -1.37882 -0.52315 -1.14268 -6.17625 0.58268 -2.02092 0.86897 -1.68048 -6.2072
-1.03868 0.70015 -0.6474 -0.97897 -5.33714 -1.1502 -1.5999 -1.92331 -0.68816 -5.39549
-1.02916 -0.62525 -1.98597 -0.80193 -4.39291 -0.2522 -1.38062 -0.0572 -1.32139 -4.60526
-0.11594 -0.00936 -1.67912 0.13887 -2.84506 -0.34839 -1.80098 -1.12533 -1.33631 -2.71238
-1.74345 0.2551 -1.06401 -0.17743 -1.48045 0.27754 0.13161 1.91715 -2.91349 -3.59048
-2.20693 0.91211 -0.19136 1.91538 -2.5819 1.76792 0.03434 0.88313 -2.5793 -3.97188
-3.83052 1.15834 -0.13479 2.22502 -3.14223 -0.20818 2.27011 0.46706 -1.19353 -2.15983
-3.00999 0.41749 0.11999 1.6902 -3.54675 -0.14642 -0.16432 1.24532 -2.54809 -2.4609
-4.36599 -1.36037 -1.43831 1.62916 -2.03473 -0.90209 -3.68705 -1.22561 -2.01378 -1.89594
-4.48243 -0.21586 -0.1006 0.3114 -1.77529 0.74304 -1.09508 -0.14959 -1.36088 -2.71795
-3.05347 -1.4963 0.64837 -0.31841 -0.3127 -0.3123 -0.60176 0.531 -0.94534 -2.52373
-2.1072 0.38294 1.07106 -0.89246 0.14507 -0.47581 -0.27838 -1.11407 -0.9981 -3.74529
-0.50948 -0.13052 0.85191 -0.24104 1.38202 -0.05306 -1.27113 -1.02939 0.25598 -3.70917
-0.488 -0.2282 -0.28907 -0.58979 1.21683 -0.30027 -1.82412 -1.2216 -2.5597 -3.14509
-0.95 -0.29312 -0.04161 -0.39454 0.18844 -0.34763 -1.28798 0.87107 -1.19473 -2.20974
-0.88369 1.33987 2.35697 0.11097 0.24136 -2.83198 -0.10503 -1.08284 -1.32031 -2.55228
-0.29936 1.15308 2.00344 1.30018 0.03936 0.1511 -0.38019 -0.13041 -1.17668 -0.90677
-1.8849 0.52926 1.74873 0.07792 -0.74267 0.12724 0.50577 -0.82256 0.15419 -0.12634
-1.59905 0.5611 -0.05871 1.81754 -0.96697 -0.58402 0.66825 1.80784 -1.17496 -2.43047
-2.09162 0.60605 1.24525 2.30711 -0.02006 0.21663 -0.65688 -1.67514 -1.82573 -3.21671
-2.86429 -0.42326 0.62344 1.55364 0.38271 -0.14942 1.17111 -0.0375 0.20215 -2.12593
-1.94193 -0.48588 0.66674 -0.63355 0.94133 0.60975 3.02063 1.46923 0.64989 -0.17637
-1.64759 -0.11927 -0.60794 -0.06767 0.49916 -0.24068 -0.65669 0.52956 -0.49845 0.59311
-0.8051 2.49628 -1.46954 -0.49813 -0.36962 0.70798 0.44947 0.36237 -0.41277 0.89679
-0.87253 0.65622 -1.58471 1.25959 1.16929 0.78481 -1.77971 0.24323 -0.86221 1.38836
-1.44043 -1.68063 -1.17819 1.18926 0.056 -0.3051 -0.1465 0.70255 -0.15017 2.49353
-0.45788 0.03523 -1.37204 0.49595 0.76585 1.00508 -1.05617 0.74707 0.88964 2.07281
-2.37767 -0.03165 -0.27649 1.1858 0.19157 -0.21398 0.77698 -0.2161 0.13766 4.49152
-0.46278 0.64182 1.33227 0.40329 1.68514 -0.2066 1.62808 0.84446 1.63617 4.54437
1.15829 1.22254 1.31899 1.77351 0.65873 -0.40197 -0.25612 -0.68098 2.645 4.22323
0.62694 -1.06722 2.11601 1.26645 2.52121 -0.79747 -0.78878 0.70651 2.56951 3.96584
1.63243 0.30889 2.09405 -0.50754 2.84504 1.2933 0.21278 -0.69336 2.60548 2.65207
2.38702 -0.30957 0.93611 -0.40048 2.99939 -0.76267 0.27004 -0.73849 3.72821 1.65572
1.62873 -0.26106 1.77886 0.11237 2.31178 0.85236 -0.85671 0.29905 3.34169 1.54308
1.87954 -0.16918 1.54353 -1.47078 3.94588 -1.05868 0.93241 1.23738 4.61967 2.34575
1.90999 0.86693 0.87833 -0.64465 3.62514 0.17078 1.68186 0.05045 3.60233 2.86267
0.53039 2.27067 1.83355 -0.39524 2.19221 -0.48812 1.38053 0.51194 3.92737 3.34312
-0.65716 -0.29413 1.4778 -0.56612 1.16192 1.31945 0.69355 1.06716 5.48188 4.29371
-0.19696 0.43852 0.50188 -0.35782 2.96866 -0.68701 -0.498 -0.57129 5.48107 4.84448
-0.47651 -1.14433 2.59749 0.20745 5.07972 1.12497 -0.43793 0.68233 5.17614 3.43892
-0.02325 -1.03664 2.06052 -1.74995 6.85051 -2.09864 -1.51957 0.40845 4.12585 3.23086
-0.83525 -0.79819 3.53431 -1.65942 4.90318 1.16671 0.38269 -1.29578 4.77535 3.80191
1.51524 -1.77969 3.47332 -3.03236 4.9252 0.73509 -0.96044 1.81487 4.54956 1.17143
1.801 -0.76191 3.95043 -2.59416 5.76207 0.05284 -1.63647 0.54488 5.26765 -0.05884
0.18556 -1.35107 2.68773 -2.54152 4.29756 0.8171 -2.33608 -0.30299 5.54087 1.21308
1.94298 -1.04387 2.96316 -2.58209 5.00686 -0.94767 -2.04762 -0.18742 4.12451 0.83801
1.24432 1.48674 3.85448 -2.53455 5.68699 -0.42681 -1.87575 -1.15143 4.09906 1.45376
0.39137 -0.43905 1.82467 -1.30855 4.77489 0.57563 -2.60392 0.47079 3.3383 1.73196
1.52685 -0.66493 1.19619 -2.9101 4.45754 0.37247 -0.58638 0.06947 2.10875 2.46917
-0.1459 1.55753 1.53324 -3.11183 3.84012 0.88174 -0.15523 -0.96052 2.06311 3.31585
1.26414 1.01935 1.7972 -1.00283 2.88568 -1.0633 0.25322 1.04636 1.32243 5.25389
2.04672 0.7604 1.81997 0.22324 3.13517 0.66041 -2.95659 -1.79307 0.33565 2.41731
0.33918 0.26194 1.59861 0.76689 3.67019 -0.40574 -2.99214 0.00733 -1.37918 2.83873
0.79591 0.21569 2.00422 1.45657 2.61063 0.58702 -0.38966 0.7163 -3.88541 5.07683
1.88234 -0.92966 2.77636 -0.02979 1.1498 2.30885 0.42366 -0.6002 -3.43863 4.0255
2.20714 -0.71466 0.72465 1.31119 0.62841 0.70473 1.70828 0.37309 -2.97643 4.73665
-0.0019 1.35951 -0.01809 1.02241 -1.14877 -0.24005 1.58489 -0.45822 -3.07443 4.3144
0.87893 -0.61805 -1.45517 1.75706 -1.25346 0.12862 2.90204 0.55743 -3.79149 6.01544
3.14391 0.29913 -1.08575 2.39914 -1.55187 -1.09279 1.34895 -0.92489 -4.23001 7.22711
2.5328 0.50336 0.38306 2.51675 -3.43412 1.57389 0.27689 -0.86588 -5.4972 7.16696
3.54552 1.94224 -0.26695 1.10314 -2.46847 0.56407 3.16771 -1.72583 -5.07155 7.24314
1.61019 -0.28198 1.74531 3.4592 -3.17555 -1.09602 3.1607 -1.86902 -4.29508 7.53331
1.5097 0.31713 2.62247 4.98678 -3.50934 -1.40389 2.92386 0.64775 -3.03324 9.15815
4.35786 0.68161 4.60294 3.47332 -2.43545 -0.19853 3.90387 1.43292 -0.25805 8.83779
3.05292 1.96709 4.59398 1.80572 -1.59531 -0.76562 1.90471 0.97813 -2.52616 7.52395
2.06437 1.21428 3.79837 -1.15689 -1.07454 -1.85435 2.65519 0.33665 -2.57432 6.30651
3.63941 -0.08106 4.14118 -1.69872 -1.27541 0.97729 2.68188 -1.01126 -2.0489 5.94109
2.94136 -1.75865 5.35356 -4.04117 -3.52791 -0.35277 1.87843 -1.47312 -1.81951 5.98988
4.73332 -0.16171 3.96876 -4.3432 -2.68566 0.52847 -0.579 -1.52361 -0.84344 3.91112
5.3205 1.22086 5.07112 -3.28892 -1.89952 0.79541 0.27072 0.42477 1.56678 4.69696
4.90164 0.45517 5.79015 -3.25227 -2.21699 0.57003 1.44926 -0.37551 5.6892 4.47368
4.79338 0.1482 4.45934 -2.74404 -2.95354 -0.92756 -0.28273 0.47939 6.06133 4.22663
4.04499 1.88992 4.45443 -2.44167 -1.546 -0.69527 2.09829 -0.22631 7.93397 2.8365
1.73142 0.59001 4.4883 -2.51065 -0.29167 -0.48953 0.64709 -0.50096 5.92 4.20521
2.62875 1.47065 1.97469 -1.85635 -0.11194 0.68533 0.13523 0.86519 5.96781 2.63048
1.8982 -0.1045 1.56225 -0.5159 -0.11619 0.88901 -0.86781 0.87437 5.41262 3.44279
3.6671 -0.80779 2.46867 -1.22045 0.42043 1.16393 1.15294 -0.25835 5.40792 5.17471
3.17657 -2.74673 2.1072 -1.49824 1.49707 0.84454 -0.32838 -0.07531 3.50222 4.66279
3.2241 -4.26928 0.73242 -2.09138 2.46018 0.20247 1.97255 -0.84736 3.27408 4.03609
5.44003 -0.5471 -0.37711 -3.37514 4.48919 2.64657 1.53508 -0.59547 2.36936 3.10603
4.93068 0.82118 -1.03516 -5.00265 2.76479 0.22707 -1.33854 1.62509 3.0994 2.89691
5.25701 -0.66952 -1.36855 -4.13321 1.04488 -0.2823 0.67195 0.83445 2.42224 -0.07344
4.64094 -0.54504 -0.93984 -2.79215 -0.32193 -0.74478 1.13527 0.38807 0.52341 -0.64495
5.72378 0.93859 0.2261 -2.68004 -0.09118 0.32026 0.65664 0.38578 1.9285 -1.50495
4.45959 0.39012 -0.53121 -1.93861 -0.62543 -0.12986 1.30031 0.47236 1.6511 -1.04292
5.15338 0.98956 -0.23266 -1.3111 -2.3717 -2.11076 1.94814 1.73405 1.64039 -1.18183
2.45485 -0.79859 -0.48258 -1.43368 -1.88483 1.42274 0.87019 0.85112 0.9732 -1.92845
0.79317 0.07453 1.82794 -1.10641 -2.43633 0.02873 2.26269 -0.25681 0.43896 -2.63067
0.32561 -0.51034 2.48667 -1.14354 -1.78804 -1.01027 -1.50681 0.29046 1.16378 -1.26309
0.15804 1.61836 2.67325 -0.26612 -2.58699 0.53226 -1.04641 -0.21223 2.43812 0.69031
0.09899 -1.21017 2.36173 0.15404 -3.38411 -0.89312 -0.85368 0.60081 2.60189 2.1938
-0.11065 -0.05589 3.06673 -0.26472 -0.63971 0.8888 0.81524 -1.19146 2.65912 1.79879
-1.10756 -1.6305 2.44907 -1.91625 -1.06738 0.14797 0.19588 -0.96392 1.32511 0.64121
-1.04362 -1.02537 1.19462 -2.30711 -0.43854 -0.39779 1.86385 -1.11412 0.11106 -0.16995
0.60661 -0.58285 1.64635 -2.58521 -1.39879 0.3186 0.09798 0.06161 -0.88968 1.30178
1.81422 -0.08698 0.74558 -0.6835 -2.73299 -1.87381 0.21203 0.33206 0.35462 0.42341
1.43611 1.04101 0.59409 0.25554 -1.65026 0.03919 0.46769 0.265 -2.28396 -0.78388
0.45375 -0.47575 -0.67029 -0.36815 -1.18051 -0.21487 -0.47906 -0.51222 -1.42547 -1.78848
-0.8351 -0.12647 -0.3296 1.64153 -0.60663 -0.64451 -1.01095 -2.27503 0.33457 -2.26408
-2.24082 0.26023 -0.90946 2.394 1.79659 -0.68306 -0.65121 -0.11139 1.35021 -2.77908
-1.55931 2.37038 1.10597 1.07231 3.33019 0.85832 -0.09703 0.76067 0.73757 -1.71856
-2.87334 -0.07955 -1.38115 -0.1519 2.67248 0.46822 -1.63623 -1.20667 1.77002 -1.72219
-0.54496 -0.71609 0.08821 -0.1998 3.78112 -0.59016 -0.13972 0.06458 2.45259 -2.15042
-3.08583 0.19196 1.41677 1.20684 1.49611 1.42235 0.7366 -2.37026 1.41689 -4.55902
-2.63831 -0.38582 0.58466 0.226 3.0027 -1.24528 -0.39942 -0.69836 2.87002 -3.69931
-0.99944 0.94556 -0.63387 -0.96586 3.06582 -0.04483 -1.95019 -0.77289 1.83709 -2.358
-0.43092 -0.51683 0.12092 -0.60768 2.67074 -0.90435 -1.22858 -0.73003 0.53158 -0.21607
-0.87571 1.06628 0.6786 -0.83853 1.1187 -0.42152 0.93402 0.58786 -0.2077 -0.73301
-3.55482 -0.77531 0.07731 -0.30177 1.98333 0.77562 1.42561 -1.41425 0.13321 -0.82964
-3.18815 -0.70907 0.60188 -0.01423 1.58473 0.16074 0.17891 1.77955 -0.4154 -1.09603
-4.84532 0.52884 -0.1929 1.64882 0.49187 -0.5221 -1.47789 -0.94382 -2.13698 -0.12813
-2.84961 0.58862 0.83037 0.74188 -0.45879 0.4407 -2.16811 0.47271 -1.32305 -1.20332
-0.97005 1.7029 1.30877 0.02312 -1.4657 0.11921 -2.74717 -1.48183 -1.21991 -0.85896
0.00964 0.27766 1.29497 -1.0448 -1.82443 -0.91833 -2.42407 -1.63213 -0.43018 -0.42577
1.28596 0.38897 2.23873 -0.74987 -2.77534 0.20043 -0.87093 -0.21314 1.59294 -0.43896
0.24664 0.75872 1.0412 -1.67738 -2.81651 -0.2854 -1.72614 -0.05153 2.82605 0.06401
-0.27115 2.22333 1.0963 -1.59905 -2.28773 0.6921 -0.4879 1.32699 0.38481 -0.80074
0.00681 1.64816 2.21559 -0.50497 -2.0908 0.44783 -2.21124 -1.27938 -0.07243 -0.07639
-0.30866 -0.37578 2.84139 -0.61699 -2.86951 -0.32348 -4.96612 0.63578 -1.28178 0.70958
2.65719 0.18633 1.47783 -0.43326 -0.55802 0.07524 -1.41468 0.20048 -2.86687 2.53076
1.80445 0.0125 1.49714 -0.27013 -2.193 2.34792 0.42531 0.79136 -3.41591 1.60584
1.04469 -2.02579 2.39885 -0.21614 -2.85228 1.05894 1.43858 2.21733 -1.90744 2.23157
0.44122 -0.25655 0.54807 0.31847 -1.91107 -1.30251 -0.85637 0.5933 -2.12351 2.18613
-1.34736 -0.56406 -0.39537 1.23363 -1.35936 -1.30316 0.97439 -1.08831 -4.78203 3.85049
-0.73848 1.45256 -1.01998 0.65489 -2.22812 0.0011 0.08486 0.92899 -5.38885 3.51615
0.58505 1.91021 -1.16725 0.10222 -3.69542 0.61127 -0.89459 1.28813 -5.66169 4.87374
1.36424 -0.26166 -0.70923 -0.32552 -3.70525 -0.27405 0.2634 -1.58318 -6.00835 4.56247
0.11766 -1.45939 0.22678 -0.22632 -3.25058 0.2059 -0.10193 0.88721 -5.74377 5.39511
0.38534 -1.4112 -0.52025 -0.64752 -5.05355 -1.11406 2.1683 0.6262 -3.69059 5.17634
0.94709 -0.08399 0.05951 -0.96368 -4.79577 0.42666 3.1999 -0.67852 -1.65187 4.83072
2.42501 0.96599 0.45218 -0.31405 -3.15426 -0.30234 2.33143 0.58606 -0.75931 3.97138
1.9339 1.2023 -0.61918 -0.76992 -2.57844 -2.32421 0.4842 1.18875 0.64117 3.67338
3.25793 -0.14802 -2.66674 0.28794 -2.35657 -0.71849 -0.33846 0.92149 1.01198 4.6051
3.32163 0.72796 -3.5747 0.01323 -2.11475 1.09205 -0.30697 1.38971 -0.34304 5.43518
2.97639 1.80749 -1.97852 -0.05195 -2.69845 0.09906 -0.85195 0.00049 1.86768 4.05785
2.07178 1.49135 -2.75691 -0.24139 -2.6545 -0.18273 0.66257 -0.85331 2.78891 5.40469
3.76681 0.97447 -3.16623 -2.61668 -0.88237 0.77115 1.4588 1.28666 1.90889 4.96959
4.03465 1.64022 -2.09655 -1.835 -2.26222 1.50463 0.27325 1.46692 1.56425 4.05081
2.45439 -0.71027 -3.7169 -3.44509 -1.56683 0.82563 0.73653 0.34161 1.08751 5.62355
1.5269 1.4924 -4.84718 -3.8259 -0.55268 1.95365 1.07425 -0.1412 0.10691 5.26922
3.04501 1.44253 -3.96833 -3.75083 -2.11571 0.41728 1.13726 0.12112 0.79759 3.36781
3.6534 -0.18973 -3.48008 -2.05738 -0.83036 0.17753 -0.20194 0.14123 1.5482 2.75328
3.43995 0.60074 -3.21469 0.29943 -0.67427 1.0878 -0.32021 0.00912 1.59345 1.5618
2.794 0.53023 -4.79221 1.2167 -0.8676 0.09575 -0.4556 -1.57146 -0.54726 1.98475
2.16073 0.68634 -4.00948 0.12298 -1.25506 -0.28232 1.32112 -1.64697 -0.42122 1.06892
3.10002 0.70178 -3.47977 0.3376 -1.77331 -0.29253 0.41254 0.44419 -0.72943 0.38238
3.11862 1.00816 -3.26992 0.32309 -2.86093 1.05768 0.72296 -0.70882 0.60237 0.15941
0.91739 -0.75528 -2.95622 1.13946 -2.62172 1.86189 0.56986 -0.8818 1.1993 -0.20459
1.49885 0.21862 -2.46251 -0.75471 -0.93142 1.47086 0.8218 -0.70609 -0.03921 -0.0459
0.16529 2.70753 -2.41814 0.82656 -1.59205 -0.71084 0.69382 -1.66123 -0.6865 0.07862
0.42709 -0.09519 -2.69594 0.97565 -2.37359 -0.50413 0.51271 -2.51515 -1.67854 1.09143
3.16838 0.70204 -1.75785 -0.02157 0.63728 -0.139 -0.24076 -1.00482 -2.21508 0.43611
0.71208 1.07207 -1.96519 1.33175 -0.5593 -1.16557 0.34407 0.30713 -2.06101 0.56562
0.95011 0.65146 -1.82867 1.75904 -1.53605 -0.50237 0.27689 0.12794 -0.63943 1.27622
-1.24391 -1.72605 -2.25081 1.26235 -1.23341 0.83211 0.9679 1.51587 -1.89521 0.4763
-3.66551 -2.20628 -2.29117 2.58936 -2.66777 0.88716 0.6848 -1.23399 -1.20317 -1.45334
-1.65041 0.00525 -2.94068 1.88327 -1.50086 -0.91376 -2.16009 0.18791 0.45513 -1.74255
-0.46245 -0.33658 -2.27913 1.48871 -1.41185 -0.75561 0.45717 -1.60358 1.16939 -1.97435
0.78586 -1.98479 -1.32751 0.08835 -1.293 0.79346 -2.35043 -2.30366 2.32922 -2.85688
1.06905 -0.45412 -2.99595 -0.17365 -0.90167 -1.50425 -1.60923 -1.23847 4.19956 -3.10771
0.73268 -0.16145 -4.59775 0.22676 1.40945 -0.09851 -0.46293 -1.19234 4.05791 -2.73413
1.35181 -1.30945 -5.64504 1.03486 4.7409 0.50128 0.56103 0.52108 3.50007 -2.85826
-1.27285 1.56666 -6.21401 0.3146 3.67675 0.37109 0.82227 -1.85086 4.03989 -2.18933
-1.22432 0.697 -5.84871 0.70673 3.09947 -2.01796 0.86005 -0.71468 5.07852 -0.80816
-0.29733 -0.34923 -5.30398 -0.27114 2.00006 0.02592 0.29712 1.96157 2.89233 -0.29773
-1.74453 -1.14707 -5.18959 -0.59104 2.15358 1.42441 -1.70099 -0.15112 3.64539 0.52175
-1.50932 0.66199 -5.07859 -1.84728 2.4158 -1.2207 -0.07359 0.72328 3.45614 -0.07423
-2.064 0.91812 -3.14609 -3.06057 4.3434 0.24644 -0.07622 0.29719 2.36777 0.85202
-2.57619 -0.54137 -2.09347 -2.96128 2.39648 -0.04805 -0.15064 1.45458 1.9743 0.82274
-0.85575 -1.06063 -0.81316 -3.96512 1.8355 2.35797 -0.24481 0.35962 2.54859 -0.07214
-1.36193 2.20412 -1.33027 -3.07046 1.54102 0.52121 -2.95447 -0.48895 1.61513 1.45447
-0.23963 -0.06375 -1.40371 -3.93276 0.61636 0.89635 -2.41389 1.1274 2.90909 1.6272
1.68315 0.66534 -1.00441 -1.58051 0.77267 0.59224 -2.49438 -0.5877 2.17623 1.22621
1.03853 0.58736 0.32951 -2.27205 1.72458 1.16705 0.92768 -0.49855 0.00725 1.81309
-1.30965 1.33805 1.74141 0.00679 -0.18974 -0.32124 -1.37992 2.65405 1.25288 1.0405
0.82319 1.12631 1.24407 2.16476 -2.07943 0.59029 0.51052 0.12026 -1.08522 0.06002
1.80021 0.18879 2.2804 2.6055 -1.13591 -1.46241 -1.44863 -0.52947 -3.62226 1.822
0.06273 -0.45094 2.63852 1.52359 -1.32287 0.7195 -0.16339 1.03796 -3.90971 1.05813
-0.39642 -0.48997 1.23632 0.64762 -0.61647 0.55465 1.16852 0.26677 -2.6931 -1.04609
2.91086 -0.11142 1.5867 -0.42087 -0.76558 1.16098 1.35394 0.37083 -1.09518 -1.31007
1.50687 1.63121 0.32626 -0.26664 -3.43142 0.53151 0.47609 -0.21492 -1.22595 -0.86208
2.64751 0.40455 0.54821 -0.08115 -3.34361 0.405 0.84372 -0.12489 -0.92017 -1.37054
2.11289 1.20476 -0.43529 -0.89658 -3.36721 -0.14413 -0.35026 0.53209 -2.04448 -1.13432
-0.32552 -0.01665 0.04287 -0.00497 -4.38264 1.15949 -2.41311 1.07285 -0.28029 -1.61739
-0.65103 1.47233 -0.82426 2.22583 -3.57985 0.39014 -0.41139 0.49929 -0.91349 -1.19745
-0.14564 -0.37075 -1.46317 2.24894 -1.10999 0.47021 -0.17336 1.63589 -1.67963 -1.56749
0.60577 2.07186 -2.20912 2.8922 -0.66049 0.72518 -0.06946 -0.13474 -2.90411 -0.45561
0.33883 0.89536 -2.9116 2.52742 -0.12416 0.11053 0.06456 0.77146 -4.17051 -0.47317
-1.03984 0.73018 -4.54568 3.9966 0.01266 -0.02971 0.35916 -0.69103 -3.44103 1.4494
0.07517 0.00585 -5.96982 3.68206 1.46651 -0.36234 1.62866 -1.55729 -4.08177 0.25429
1.33464 -0.53816 -5.57196 2.2174 1.36885 0.28353 0.71393 -1.15879 -3.96951 0.30171
1.07189 0.11536 -5.93962 0.66026 0.03333 -1.33616 1.63419 -0.85624 -3.23559 -0.16122
-0.11172 -0.06764 -5.46065 1.55391 0.15787 1.98882 0.66201 -0.10323 -3.19136 0.59383
0.10278 -0.55954 -5.76138 1.76864 -1.6399 -1.04595 2.08437 2.75525 -3.20979 -0.46092
-0.04682 -0.36383 -4.93735 2.57478 -2.34066 -1.72607 -0.66363 0.14155 -3.01513 -0.98734
-0.4025 1.06356 -4.33724 2.13116 -2.12978 0.20937 1.18422 1.25452 -1.6474 -0.54167
-0.12364 0.5035 -5.17319 1.51646 -0.0207 0.86561 1.0888 -0.48554 -1.93932 0.19878
0.4669 2.02837 -5.83186 0.30997 0.95946 0.73839 1.9517 1.21095 -0.13816 1.13797
1.81338 0.61121 -5.66667 0.66345 -0.24616 -1.2887 1.31334 0.21686 -0.33468 1.81839
0.53733 0.06775 -2.78414 1.35923 0.26021 -0.53438 0.37003 -0.82819 0.24686 3.5638
0.64815 1.58827 -1.38487 1.77696 -0.2228 0.10716 0.1341 -1.45962 -0.84006 2.98093
-0.38522 1.16036 -0.08665 1.14266 1.1853 0.52642 -0.23142 0.23375 0.72452 3.68755
0.70736 -0.50824 1.16986 1.67077 0.63948 0.95114 1.63932 -0.63198 0.36372 4.19903
1.04979 -0.87821 2.14261 2.34925 2.14729 -0.0756 0.36991 -0.2513 0.40642 3.74972
2.02412 0.61248 1.22764 2.89075 2.32389 -0.51524 0.15622 -2.35248 -0.64273 4.03227
0.91388 -0.29823 1.18352 1.03487 2.3579 0.64317 -0.43419 -0.44627 -0.07067 2.761
0.6724 1.66271 1.69457 0.01544 3.24539 1.23571 1.94103 1.88763 -1.09728 4.20216
1.73251 1.49653 1.43267 0.5283 1.717 0.15144 1.40225 0.4886 1.40661 4.6206
2.19857 -1.7549 0.26135 -1.0043 1.23675 1.1825 2.65797 -0.84523 2.38589 6.40001
3.80692 -0.22132 -0.01459 -0.47151 2.96124 -0.29471 1.5099 0.50986 1.19616 6.04995
2.10022 1.28869 -1.33304 -0.45014 1.62842 -1.03964 2.85267 1.44174 0.56841 6.52695
1.60144 0.01859 -0.86695 0.36056 1.26223 0.44345 2.21771 0.38843 1.18632 6.2062
2.5555 1.50967 -0.79742 0.94137 0.21159 0.13189 -0.05325 0.01935 0.16752 4.52636
1.67229 1.79179 -1.24885 -0.5512 -1.36105 0.77911 0.09279 -0.45861 2.88961 4.36624
3.26427 -0.5025 -0.79921 0.74719 -0.48541 -0.65729 0.01208 1.20784 3.77033 3.89709
5.694 -1.22615 0.98147 0.33145 1.44745 -2.35839 1.1569 0.12625 3.51234 3.78369
4.63771 0.00813 1.03019 0.8143 2.85675 0.00135 1.12093 0.65404 3.8656 3.92126
4.86329 0.80953 3.02664 1.10312 4.32978 -1.22262 1.47388 -1.40768 4.04283 3.80461
4.68764 0.33435 2.9938 0.0252 5.56132 1.50809 1.4614 0.65614 2.99884 2.97795
4.35237 -2.09922 2.08852 0.03007 7.441 0.42574 2.11446 1.039 4.17486 3.07894
3.54536 -0.75331 1.58718 -2.71241 7.50402 -0.36601 1.90519 1.86442 3.75244 2.23288
2.50322 1.25022 2.56256 -1.11163 4.46799 1.25486 2.88421 0.79458 3.12375 1.23952
3.1855 1.60876 3.30946 0.23508 3.23709 -1.1557 2.89545 -0.85898 5.28512 2.36687
2.60641 -0.39187 3.10582 1.63502 3.00068 1.3168 1.91134 2.22257 5.23879 3.20394
3.50256 1.31787 3.92838 1.59755 4.4878 0.71042 0.97676 -0.52955 6.77549 3.53866
4.03475 -1.07835 2.69369 0.846 5.29225 0.78474 1.9365 -1.08385 4.52039 3.69515
2.69966 -1.94533 3.61936 -0.95185 5.67144 -2.63663 3.20779 -1.42118 5.02846 2.49775
2.04111 -1.14434 3.40824 -0.85871 3.91097 0.10301 2.38419 0.6504 6.47101 2.53183
2.63898 0.88698 3.98818 0.36801 4.56017 -0.43031 3.61964 1.25553 6.02252 2.02082
3.02186 0.4055 3.44713 0.42185 6.16337 0.10578 0.20493 -0.96695 4.57234 2.39293
2.16611 0.15337 3.73935 1.89433 5.57772 -2.14451 2.13916 -0.87336 4.42389 3.04301
3.11055 -0.88246 4.25222 2.57329 3.87648 -0.38451 1.17006 0.63581 6.77955 1.99895
2.92116 -1.51001 4.73776 1.6421 6.5775 0.60836 0.95726 1.51111 7.19208 1.36876
3.12062 1.40552 1.42342 1.37178 8.15628 0.7697 1.12218 1.04609 7.35422 3.38877
2.73042 0.15607 0.79772 0.44374 9.3416 0.50551 1.48419 -1.18437 5.85843 4.84834
0.89278 -1.29811 -1.08989 0.78605 9.21741 -1.07758 0.3124 -1.85963 5.78049 4.30158
-0.42455 -0.57336 -2.26433 0.43393 8.16819 -0.53821 -1.0274 -0.16956 5.07273 1.75581
-1.79109 -1.37406 -1.49681 0.97664 7.75363 -1.30706 0.45432 -0.68338 4.02746 0.89311
-0.96135 -2.01588 -0.58144 0.49402 5.98137 0.17244 1.20838 -0.99202 3.10696 -0.26581
0.86329 -0.54473 -0.74451 0.42327 5.43731 0.08507 -1.29077 -0.74207 3.86704 -0.97751
2.22479 0.55649 -0.13226 -0.05214 4.82185 0.74744 -0.72208 -2.50641 3.77553 -1.22599
0.65152 1.01684 0.17723 0.09741 5.95937 1.48514 1.01617 1.14187 3.16069 0.27418
0.31083 0.2325 -0.48257 0.06269 5.96897 0.66545 0.32712 -0.19657 2.99901 0.76681
1.39881 0.19968 -0.60794 0.04835 7.04912 -0.14261 1.77182 0.44499 3.3685 0.97556
-0.17672 -0.38178 1.1928 -0.74471 5.93868 -0.02764 0.95514 -0.61407 3.58876 -0.04069
0.50889 0.59688 0.94855 -1.44129 3.79439 0.75915 0.16878 0.91821 1.55923 -0.98531
0.00138 3.6103 -0.99267 -3.86849 3.43897 -0.01289 0.98205 1.61441 2.66231 0.11321
-1.2562 0.4207 -1.07471 -4.22846 2.71522 0.50775 0.32403 1.22787 1.99151 0.06723
-1.47111 -1.81075 -0.66364 -5.32384 1.36556 1.23685 1.62112 0.39668 1.39541 -0.51474
-0.83739 0.45546 -0.4459 -5.89876 0.37444 -1.37881 -0.34376 1.35637 1.67135 -1.29618
0.02214 2.14959 -2.30817 -4.85178 -0.38294 1.65821 -1.83485 -0.64053 0.70461 -1.33047
1.63629 -1.03304 -1.07783 -3.52165 -1.51938 1.57248 -0.33686 0.56699 1.5946 0.23822
3.2622 1.388 -1.83223 -1.21136 -2.11973 0.04219 -1.34904 -0.76305 3.38796 -1.07243
0.79892 0.62763 -2.58764 -0.30073 -1.01911 1.82302 0.35481 -0.97446 3.00248 -0.56355
0.00519 -0.18584 -1.58496 -1.40914 -0.19573 1.73153 -1.22822 -1.85198 2.95459 -2.05851
-0.07207 1.94463 -1.3778 -2.40752 1.05053 0.10073 -1.20269 0.797 2.93118 -3.08563
1.46189 -1.43669 -0.70293 -2.38293 0.3004 0.00576 -0.18873 0.55826 2.75322 -3.48912
0.66877 -1.86486 0.68462 -0.68889 0.03815 0.41205 0.24626 -0.10451 2.04694 -2.76508
0.6636 1.81897 0.64325 -1.45857 -1.67978 -1.05961 -0.15761 -1.25014 1.67786 -2.37796
-1.57208 1.05515 1.48659 -1.07898 -1.01884 -0.94572 -0.06754 2.07439 1.84529 -1.96459
-1.9705 1.08502 1.87261 -3.09634 -0.67001 0.31758 1.2141 0.11332 1.53245 -1.06636
-0.9555 -0.61969 1.94027 -2.42526 -1.84775 1.22352 0.63348 1.19549 1.39373 0.6676
-1.42041 0.09242 -0.07724 -2.22847 -1.73009 -0.59015 0.857 1.23115 0.91287 0.25801
-1.38176 0.38802 1.9558 -2.98845 -1.7242 0.04652 0.26491 2.03035 1.95655 -1.2126
-0.2204 0.9991 0.6285 -1.88244 -3.1573 0.03691 -0.32673 0.5786 1.27825 -0.80555
-0.54902 -0.39894 1.7254 -1.1371 -2.65719 2.09185 -1.64138 0.28441 2.34909 -1.21903
0.12964 -0.47641 1.65401 0.61941 -2.69523 -1.96588 -1.16863 0.05449 2.14887 -3.99632
