-0.04726 -1.25131 0.67776 2.32273 2.36166 -0.18544 0.70038 0.32106 1.85345 1.26709
-0.22034 -0.60974 1.88951 1.04838 1.29495 1.945 -0.51216 0.6386 0.67349 0.92706
0.84961 1.06816 1.08555 0.62528 1.09598 -1.35458 -1.79129 0.781 -0.67571 -0.99274
0.48766 2.41738 1.52966 1.04555 -0.53715 1.06402 -0.08915 1.08969 -0.22482 0.19623
-0.70585 3.40782 1.1412 2.01968 -0.62653 0.88054 2.15348 0.28971 0.32977 1.63205
1.04349 4.49695 0.35448 -1.65256 -0.99484 0.57969 0.73329 -0.18316 -0.20965 0.21859
1.61788 4.13527 0.43971 -0.75194 -1.27608 1.26531 0.61879 0.34001 -0.69857 -0.91926
0.66478 3.09812 0.59264 -3.2518 0.27547 1.98188 0.15084 0.93402 -0.54849 0.13172
0.99194 2.97509 -1.04696 -1.45038 1.45584 1.31793 -1.66811 0.28316 1.07881 0.54249
0.45636 2.36884 -1.07206 1.35768 1.41336 2.08911 0.02226 0.25263 1.08686 -1.15246
1.14224 3.99432 -0.50205 -0.87949 0.72462 0.37895 -0.66592 0.4537 1.547 0.47737
-0.50798 2.13214 -0.41555 1.41724 0.26699 0.41547 0.83453 2.21473 1.45072 -0.18496
-0.80088 1.10413 -0.09858 0.50339 -0.23492 2.28594 -1.33837 2.06108 4.49202 0.86084
-0.44835 -0.09092 -0.62379 -0.68711 1.04081 0.10891 -0.22413 1.59458 4.57726 0.38822
-0.42898 0.72913 -0.8621 -0.71436 1.73343 0.74789 0.22574 2.57765 5.50098 -1.84035
-0.04964 0.81521 -0.22632 0.30845 1.23881 -2.05183 -0.02637 2.13939 4.43698 -1.29256
1.61273 0.40784 2.01728 0.51289 1.09297 -1.44523 0.6154 1.5001 4.52828 -2.72147
-0.18093 0.7661 2.50372 0.84616 -0.47241 1.82258 0.85671 1.26007 4.3636 0.27906
0.84367 -0.01422 2.12797 -0.38553 1.2443 1.94396 -1.0323 0.86818 2.22867 1.30176
1.25583 0.40438 2.03326 -1.00278 1.35113 3.72839 -1.01942 -0.01748 2.21961 0.37468
0.87081 0.45077 0.47862 0.21172 2.54312 4.00736 0.42297 1.62388 1.7441 1.01331
-1.47863 2.14797 1.94487 -0.38437 1.9177 2.0099 1.62258 1.67787 1.53265 -0.72566
-0.28296 0.36739 1.85812 -1.65218 1.69127 3.18376 1.77448 3.46876 -0.61737 1.24992
-0.37575 -0.17279 3.70265 2.31968 1.37103 3.78312 1.31354 4.22733 -0.5415 0.62049
-0.30867 1.74392 3.83088 0.05148 -1.0994 2.44537 0.51933 4.21968 -0.09811 1.62754
0.86012 3.15125 1.6196 0.71766 -0.25241 1.32211 1.35221 5.23536 0.05955 0.86484
-2.37508 3.20074 1.64527 1.19564 -2.1514 -0.59304 0.19404 4.94308 0.79878 -0.49452
-1.2021 4.65939 3.55164 -0.13121 -2.18916 -0.97108 -0.59787 5.61732 3.07329 1.5534
1.00202 4.48799 1.56201 0.47796 -0.72159 0.0242 1.13903 6.04196 5.54488 1.10714
1.02601 4.44272 -0.20831 0.80151 -1.00791 -0.13132 -0.29569 7.07611 4.09723 0.10629
-2.23954 6.21213 -0.3422 1.20531 -0.7422 1.1656 0.32773 4.42427 3.47027 0.77046
-0.69399 4.75083 -0.3985 0.44187 0.12644 0.02075 1.90345 4.16042 4.06184 1.31282
1.18125 4.37847 0.29454 0.57625 1.67808 1.45693 0.61595 3.37855 4.17931 -1.69709
0.88986 2.87168 1.36085 2.56135 3.45987 3.45416 0.20901 3.50838 1.74366 0.01409
0.04293 1.89493 0.45633 0.76983 2.36127 3.62293 0.23311 2.99962 1.90677 0.40528
-0.38203 0.93852 -1.13597 -0.81686 1.91 2.82631 3.12176 4.3247 1.86289 -0.35181
1.23697 2.97407 -0.28178 -1.03469 2.02825 3.117 -0.9663 4.38969 2.45893 -0.27935
1.59882 3.51662 -1.45498 0.07988 2.51721 2.96788 1.39824 2.31003 2.81284 -1.13619
-0.0846 2.39721 -1.72779 0.68103 1.82621 2.67769 1.90567 3.04246 4.06713 -2.776
0.11195 1.67883 -1.30639 0.82418 3.28259 2.17509 -0.09394 2.5536 5.48811 -1.91821
-1.64884 2.29215 -2.88007 0.82484 0.66227 1.54381 -0.55314 2.39942 4.25934 -0.60108
0.07778 2.10883 -2.60561 1.32618 0.7286 1.43487 -0.60474 3.52065 4.4302 -0.70156
-1.84443 2.47807 -1.78404 -0.05018 1.36058 1.70253 1.65175 0.76205 3.53593 -1.5661
-0.05752 1.70974 -0.99702 -0.00587 0.49208 2.46256 0.68105 -1.99311 4.44367 -0.08014
0.95578 1.54708 0.46507 0.04083 0.36357 1.48934 -1.46956 -2.19448 4.67709 -1.50401
-1.24929 1.38419 2.05561 1.79078 0.95689 3.01377 -1.86596 -0.10597 3.6628 -0.09803
-1.46159 0.71769 1.84121 1.81562 2.56354 2.70879 -1.83636 1.19897 3.9749 0.13786
-1.21082 1.55767 1.41328 0.62594 3.7561 -0.08878 -0.21084 1.35775 0.85881 0.17658
0.22139 1.98063 -0.33533 1.29187 2.8912 1.60063 0.01083 3.09291 1.25826 -0.70135
-2.11107 2.56147 0.0226 0.42739 1.03729 1.63389 0.23001 3.05991 1.05901 -2.20232
-0.70442 1.13709 -0.15512 0.99856 1.8995 1.94258 1.13014 4.18827 -0.40765 -0.83104
-2.12129 0.66808 1.70625 -0.73331 1.46172 2.9746 0.69041 4.03208 0.36981 -3.2551
-1.71034 0.30208 0.23027 -1.7821 1.78315 1.97963 -0.59414 3.64 1.74802 -0.04605
0.00144 1.05997 -1.01205 -1.75248 1.80768 1.70941 0.67338 5.72379 1.42767 0.17999
-0.25179 1.61244 0.32526 -0.50354 1.41217 0.93044 0.40229 4.49244 -0.70858 -2.06424
-0.29973 0.77544 -0.17178 -0.78003 -0.46852 0.2676 0.09697 6.58455 0.67775 -0.12361
-0.60541 1.90938 -0.37488 -0.50415 -0.09691 -1.78964 -0.4822 4.69216 1.86146 -0.49547
-1.23932 1.27939 0.16646 -1.84479 0.53544 0.31436 -0.48111 3.62806 2.23803 -0.37516
0.59675 0.21711 0.35949 -0.78282 -0.39723 0.50906 1.24797 2.48835 1.87558 -0.98469
1.8761 -1.03126 -0.39878 -0.21838 -0.02387 -2.35794 0.2283 0.37527 0.4404 0.0703
1.24078 -0.51961 -0.34309 -0.90506 -2.53704 0.04493 -1.17038 1.6443 1.18913 1.47394
-0.20712 -0.35744 0.83707 -2.05635 -0.875 0.57206 0.84382 1.15621 1.63406 -0.2107
0.72865 0.20322 -0.57717 -1.87009 -1.83564 0.12935 -0.72036 -0.24542 1.38254 -1.7246
-1.01493 -0.90547 0.01361 -0.30338 -0.33627 0.52892 -2.22824 0.20751 2.09903 -1.78575
3.07498 -1.02248 1.33274 -1.35226 -1.07689 -0.38976 0.75383 1.50307 2.57924 0.87432
-1.79321 -0.2111 -0.19458 -0.68785 0.07273 0.66929 0.22149 4.36097 1.55992 1.96828
1.2507 -1.16763 -1.15169 -1.29818 1.89409 0.05031 0.66561 4.60498 0.79672 1.89996
2.45232 -1.16809 1.30913 0.30736 0.52771 -0.5295 -0.68918 5.042 1.3492 -0.88864
-0.46848 -2.61785 -0.16441 0.51078 0.74254 0.4207 -0.45734 4.59933 0.63991 -1.65399
0.45965 -1.90998 -1.53804 0.004 0.87964 0.41175 -1.01292 3.10963 1.05641 0.99332
0.90276 -1.84114 -0.982 1.47326 0.17752 0.94477 0.56539 2.73246 1.36513 0.52075
-2.19034 -1.79027 -0.74734 0.05404 -0.40873 1.32294 -0.44181 2.97873 0.78625 1.47805
-1.66591 -1.60535 -1.05647 -1.60459 -0.75456 -0.24384 -0.63309 2.37683 1.05291 0.78924
1.34195 -3.24288 -0.92482 -1.92655 -0.76173 -1.28377 1.34309 1.59988 2.35204 -0.17002
0.65016 -3.43367 -2.13648 -0.42387 0.37311 0.16736 -0.11775 1.90627 1.40144 -3.08775
0.74828 -4.25128 -1.0821 1.10287 0.09903 -1.42257 -0.95849 2.18199 2.09821 -1.97251
-0.35431 -3.8518 1.38911 -1.58551 -0.54836 -0.69782 -0.08581 -0.25069 1.41542 -1.59217
-1.6065 -5.28732 1.28674 -1.46738 -1.03077 -0.47842 -0.41709 -0.65575 1.90627 -2.65836
0.64185 -6.7685 1.74315 0.56121 -1.15526 -0.72345 -1.0488 0.07984 0.38568 -0.13603
0.64475 -6.47892 2.10484 0.6777 0.86688 -1.31455 0.07703 0.92767 1.67567 -0.33247
0.90882 -4.59139 1.22975 -0.12366 1.0055 -0.93098 -0.32184 -1.205 0.21232 -0.14464
1.13337 -4.569 2.34906 -1.72753 1.43114 0.13277 -0.37673 0.27629 -0.77462 0.72001
0.22485 -3.12462 1.91601 0.18801 1.82202 -1.14006 -0.9318 -0.51423 -0.51757 0.48099
0.35207 -2.84476 -0.0396 -1.24678 0.57112 -3.18256 -1.21936 -0.04282 -1.13503 1.64442
-0.1133 -3.41661 -2.21149 0.06906 -0.62873 -1.36681 2.04183 0.27865 -0.77251 -0.32278
0.27375 -4.2608 -1.7491 1.57912 -0.70949 -1.92018 1.1057 -1.7445 -2.20634 -0.04207
0.39619 -4.28015 -0.2469 0.73247 1.06943 -0.18196 -1.71087 -4.43255 -2.66466 -0.02338
0.02884 -3.88579 0.87729 0.88104 0.15566 0.79714 -0.83576 -4.20342 -3.76765 0.76362
0.76317 -2.87231 0.0069 0.85563 0.058 0.20214 -0.81906 -4.00808 -3.97456 0.23452
-0.41711 -3.00099 0.45688 0.62386 -1.31869 -1.27433 0.41011 -3.67435 -2.20145 -0.55845
0.56548 -3.45489 0.66945 -0.17852 -2.05788 -0.83627 1.33796 -3.28994 -1.99984 0.2847
0.33183 -2.54548 -0.71431 0.32499 -1.7983 -1.39088 -0.12363 -1.02592 -0.94278 1.08882
0.67865 -1.8166 1.79844 1.08142 0.10486 -3.0459 -0.90887 -0.06933 0.6749 2.05662
0.15988 -2.03042 1.01523 1.42141 0.25708 -2.94674 -1.27033 -1.24015 -1.08959 1.64959
0.92478 -3.28545 0.80832 -0.59812 -1.08227 -2.23614 0.29733 -1.47777 -1.38109 3.33114
-2.33745 -4.46694 -0.48123 0.35459 -0.20466 -1.10998 1.91857 -2.42947 -0.66556 3.0661
0.11296 -5.77413 -0.44529 -0.69868 0.1046 -1.81905 2.11293 -3.18397 -1.14068 3.48113
0.34847 -3.90812 -0.14871 -1.15345 0.08009 -0.41004 0.5855 -4.04171 -0.61214 0.85168
-0.67448 -5.53233 0.46379 1.35969 -0.63924 2.06569 -0.04961 -3.92943 -0.52475 1.79565
-0.68233 -4.6449 1.13274 -0.38501 -0.02513 -0.23298 -0.43723 -4.55687 -0.56934 1.71205
0.2583 -2.23209 1.62573 -0.10176 -0.8308 0.3298 -0.07674 -3.12568 -0.62369 1.23754
-0.27293 -1.92367 1.81236 -0.46441 0.82943 2.59761 -0.67446 -0.49211 -1.35473 0.99429
2.05379 -1.92516 -0.2257 -0.6909 0.82957 4.13405 0.12316 -2.79036 -1.82789 0.60329
2.21248 -2.2471 1.08043 1.07115 -0.02263 1.83708 1.29474 -1.9151 -1.683 0.29594
0.33409 -3.36797 1.63771 3.57936 -1.94608 -0.15366 -0.07352 -1.20197 -1.69986 -0.29005
-0.26739 -2.04828 0.93531 1.72409 -2.51855 1.74208 -2.09804 0.77854 -1.95026 0.17337
-0.22271 -1.67756 -0.29854 0.60262 -1.8875 0.46327 0.5631 -0.62361 -1.24202 0.29963
-0.78283 0.41445 0.69151 0.20894 -1.14108 0.33716 0.32151 0.24807 -0.77109 -0.44098
1.01761 0.2112 1.14643 -1.33828 -1.23092 -0.64982 1.40143 0.26491 -1.59011 -0.41988
0.43621 -1.86531 2.0594 -0.59456 -0.5377 -0.91082 0.16553 0.50738 -2.70217 -1.0142
2.0299 -0.18985 1.68671 2.23603 -1.69571 -0.97422 -0.98125 1.53879 -1.38898 1.74214
-1.34814 -0.27378 0.1669 1.34522 -1.93567 -3.14659 1.09357 3.22582 -0.8065 1.03059
-1.465 1.06945 2.36213 -1.31207 -0.86438 -2.34421 2.14106 3.82781 -0.8961 -0.19589
0.17815 1.94846 1.7499 -1.60808 0.35225 -1.25049 0.30235 3.81543 -1.45098 -0.43996
1.20311 1.96154 0.92215 -0.49349 0.30714 -2.32447 0.78529 2.42947 -2.15233 -0.67135
-1.80362 2.05703 -1.50523 1.35465 0.55223 -1.0929 0.77286 2.11256 -4.10891 -0.37896
-1.12384 0.52534 0.29963 1.52721 -0.41828 0.45418 -1.37234 -0.21741 -5.33683 -1.19699
-0.00788 1.35249 0.74171 3.81828 0.6236 -1.18188 -0.83461 -1.03709 -3.49766 -2.66161
-2.2078 0.01089 0.71994 0.71885 1.21945 0.4839 -2.25181 -2.59341 -2.96744 -2.25735
-1.08612 0.26713 2.02623 -1.1775 0.60923 0.29273 0.52117 -1.20882 -2.20483 -0.3368
-2.88897 -1.14633 1.10286 0.21926 -0.67335 -1.38969 0.00084 -0.69382 -2.51782 -0.23957
0.05227 -0.66378 1.39123 2.38452 -1.20115 -3.81557 -0.84472 -0.20288 -2.06017 -0.16592
0.47137 -1.09701 1.78729 1.1592 0.34925 -1.64008 0.30233 -0.66642 -1.82556 -1.90769
0.76099 -0.96975 0.76953 -0.12655 -1.17117 -1.6878 0.39445 -2.07907 -2.82894 -0.70639
-0.21602 -1.16608 1.86217 0.26566 -0.91754 -2.09988 0.68398 -2.22527 -1.47657 -1.71436
0.41308 -1.45967 1.87423 1.38324 -1.44801 -3.93981 -0.09355 -2.78781 -1.67547 -1.16029
-0.04433 -2.4995 0.47432 2.4755 0.2664 -3.18747 1.14934 -0.35372 -3.12237 -0.54756
-0.27535 -2.02024 0.4866 -0.2268 0.25392 -3.20458 0.23492 -1.84716 -4.56361 -0.47756
0.75441 -2.89307 1.17632 0.77652 -0.82179 -2.19901 1.73416 -1.18533 -4.72911 -1.77784
-0.35572 -4.68712 1.50931 -0.49466 -0.19624 -2.92016 1.24038 -0.53914 -3.40646 -0.08314
2.09916 -2.15372 0.60767 -0.78265 -0.12437 -2.23943 1.50965 -1.76449 -1.91534 0.1051
-1.25601 -0.90388 -0.50121 1.52656 -0.62136 -4.12736 1.00844 -1.15622 -1.44048 0.17902
-0.49956 0.09899 -0.63732 1.43579 -0.08572 -3.32988 -0.93315 -0.21603 -1.31968 0.73745
0.44194 -0.41609 -2.00717 1.95575 -0.67399 -3.47997 2.22774 -0.46572 -1.20085 -0.16328
0.02806 -0.54872 -3.47008 2.09161 -0.04303 -3.19373 -0.62879 -0.23278 -2.12263 -1.88691
0.95351 -0.69188 0.69418 -0.48786 -0.72092 -2.099 1.05478 -3.11574 -2.62493 -0.88547
-0.25083 -1.36104 -0.55203 1.4224 0.1053 -0.69034 -0.03395 -5.46688 -4.12887 0.04195
-0.73729 -0.10259 0.37882 2.52342 -1.20556 1.97888 -2.16206 -3.17593 -5.63183 -0.0581
-0.51244 -0.37633 0.15221 0.6404 -0.72973 0.44783 -0.77372 -2.71916 -4.60773 0.53931
-0.97339 1.05211 1.95846 1.07588 -1.21029 -0.54377 0.16324 -1.83284 -5.14638 0.80885
0.26632 -0.2834 0.08505 -0.60797 -1.27573 -1.62778 -0.1807 0.32413 -5.46821 0.20794
-1.20034 -0.52906 -1.24889 -0.64091 -0.5051 -0.28796 0.52343 0.51614 -5.05266 1.00772
-0.41198 -1.2172 -1.2097 -0.72734 -0.70453 -1.58912 1.70642 1.35559 -3.43053 1.54902
-1.12857 -2.28323 -1.8222 -2.53978 -0.34844 -2.36755 2.10476 0.30597 -2.44 0.66385
0.43219 -0.4135 -1.56186 -1.75289 -1.1105 -1.61563 1.30867 1.79173 -2.8104 -0.75431
0.31424 -0.58105 0.08894 1.83414 0.96597 -4.92476 -1.33552 0.35501 -2.30225 -2.92652
1.03457 -1.41335 -1.23463 2.04291 0.42294 -3.87884 -1.39404 -2.8293 -3.47712 -1.24866
-0.46344 -2.2545 -0.76643 0.59112 -0.60734 -2.95941 -0.33494 -3.60268 -2.81026 -1.5647
0.04651 -2.50153 -0.64223 0.05035 0.0967 -0.14196 -2.60241 -5.29197 -2.93593 -0.913
0.07633 -1.2767 0.47178 0.60008 1.90544 -0.33907 0.00471 -6.31946 -3.66099 -1.48101
0.52174 -1.59933 0.65771 -2.41592 1.64861 0.84261 1.13316 -7.05653 -4.57804 -0.09484
-0.51929 -1.94883 -0.2308 -1.02365 2.61799 -1.36329 -0.56903 -4.95528 -5.60723 0.63917
0.70897 -2.57885 0.42209 -2.59459 0.86351 -2.05379 -0.09593 -4.44337 -5.06577 0.22262
-0.44849 -2.72858 0.28168 -1.22691 -0.16964 -2.52773 0.49468 -5.21323 -4.35448 -0.59874
-0.54068 -3.16094 -0.93284 -1.58825 1.352 -3.12075 -1.30848 -4.9827 -4.48295 0.84782
-1.55261 -3.71922 -0.36681 -0.47333 0.34268 -3.4247 -0.80536 -4.85402 -2.20109 0.57514
-0.62598 -5.1565 -0.60704 -2.49993 0.81254 -3.32699 -0.51338 -5.6038 -2.36777 -0.31546
-1.18486 -5.34283 -1.50696 -0.4707 0.84487 -3.0992 -0.49271 -3.95841 -1.13285 1.57802
0.82427 -3.37131 -0.63786 0.79119 1.39022 -3.73974 -0.76326 -5.12436 0.08381 -0.57511
2.24707 -3.65018 -1.05114 1.27299 0.92066 -3.64945 -0.68719 -5.06181 1.89243 0.2181
-0.2111 -3.0147 -1.8131 1.7916 -1.07865 -1.29211 0.58801 -4.65864 1.61255 0.29676
0.77579 -4.15422 -1.26666 0.32719 0.37961 -2.34098 -0.17812 -4.65124 1.46987 1.39112
-1.06747 -3.36075 -0.37136 1.60091 -0.81335 -0.30167 1.95126 -4.99889 -0.38489 0.18832
1.04704 -3.23364 0.14955 0.4775 -0.21582 -0.49591 -0.72718 -5.13852 -0.65718 0.82458
-0.16424 -3.36525 -2.51575 0.58796 0.18047 0.32995 -0.6834 -4.88886 -2.19469 -0.76259
-0.28888 -4.92156 -2.63876 0.55035 0.43262 2.32642 1.53886 -3.80829 -2.24562 -1.08241
0.20883 -4.31892 -2.04745 2.05352 0.86881 0.73545 -0.25391 -4.99083 -1.47986 -1.6038
2.09541 -3.72999 -0.14507 0.16832 0.11558 -1.1455 0.65173 -3.7898 -0.29758 -2.04193
0.45641 -3.24636 -0.04274 -1.85612 -1.09805 -1.27853 -1.41465 -2.06758 0.56813 -0.63562
1.26728 -3.09648 -1.40975 0.33433 -0.0799 -1.88941 -1.32256 -3.2436 0.97869 1.23713
-0.60762 -2.10023 -1.01965 -0.66986 -0.65862 0.56255 1.11345 -3.17341 -0.97501 0.19728
-1.10677 -1.3523 -1.32242 -0.07018 0.60441 1.44786 -0.8371 -3.66523 -1.72361 0.66195
-0.64248 -3.04271 -1.5785 -0.04701 0.65201 1.147 0.08797 -4.68604 -2.21608 -0.65894
0.35509 -3.18966 -1.87137 -1.50194 0.50274 1.52125 -1.34669 -5.10213 -3.94404 -0.79304
-0.65594 -3.51337 -0.13661 -0.11825 -0.40506 1.36245 1.55731 -3.82684 -3.75395 -1.13485
0.76917 -2.43916 0.14523 -1.50146 -0.66368 0.80709 -1.75253 -1.61021 -2.91885 -1.2398
2.2092 -1.68155 -0.29047 -0.3299 -2.31492 0.52369 -1.53251 -1.27732 -2.08009 0.0703
0.26619 -0.66045 2.18127 0.67127 -1.21657 -0.29981 -0.1591 -0.46334 -2.04809 0.7809
-1.68522 -0.03945 1.31203 2.87211 -0.6371 -1.19319 0.4561 -0.71977 0.68779 2.11052
-0.04244 0.32801 1.78003 -0.26919 -0.23134 -3.33301 -1.78791 -1.10464 0.84163 2.05633
-0.29502 -0.65802 2.83422 -0.896 -1.14823 -2.20596 -1.00534 -1.34133 1.69889 -0.1049
-2.67132 -0.37629 2.27123 -0.19653 -0.50613 -2.50065 -0.03522 0.01757 2.85816 1.0339
0.16687 -0.03931 1.91818 -1.3922 -0.66388 -1.12164 -0.48694 -0.69781 3.66048 0.75227
0.13924 1.22624 0.80591 -0.79713 -1.00314 -0.35742 1.03102 -0.43016 2.7703 0.35907
-0.33517 1.76912 0.72845 0.57813 -1.42887 0.61338 0.99152 -1.51942 2.84071 0.6761
-1.21004 2.03004 0.78424 -1.20566 -0.36688 0.81176 -0.4561 -2.01972 2.67435 -0.57284
-1.02492 1.60703 -0.59033 -1.55857 -0.17834 0.35611 -0.32725 -2.87615 1.80783 -0.49503
0.55747 -0.1363 0.12982 -0.849 0.71311 0.27085 -1.1625 -2.48625 1.94166 -1.71207
-0.7913 -0.7576 0.90146 0.96989 1.007 1.60527 -1.43271 -0.92514 2.6983 0.22785
-0.96815 0.256 -0.39481 0.49804 1.65565 2.18085 0.68088 -0.91965 3.00997 0.55553
-1.09212 0.3185 0.89271 -0.89517 1.23134 2.30111 0.19165 0.40617 3.44332 0.8623
0.29676 -0.45235 -0.45977 -0.19136 1.22245 1.02691 2.7974 0.74683 3.05269 2.62432
-0.17984 0.4152 -1.5264 0.13181 0.83946 0.09226 -0.8508 1.06157 1.88843 0.64838
2.22095 1.64495 -2.33804 0.03945 0.3436 -0.35587 0.49581 0.37875 0.72034 0.03415
0.83484 1.06271 -1.52335 1.49452 -0.20869 0.82621 -1.55432 -0.2284 0.59454 -0.32985
-0.08599 0.11141 -0.12976 0.22377 -2.15214 0.22757 -1.80324 -1.6275 -1.31119 1.37914
-1.24931 -0.87232 -0.13226 0.96292 -1.13616 -0.04611 0.14531 -1.19637 -1.35599 1.34627
-0.54819 -2.37534 -0.3233 -0.28824 -1.55415 1.43923 1.44091 -0.27714 -1.35374 1.51334
0.51255 -1.56631 0.59722 -0.53999 -1.54456 0.40599 -1.01877 -1.42296 -0.72722 -1.52265
-1.83861 -1.85413 0.84227 -1.40128 -1.38636 1.54376 -1.23319 -1.37531 -1.48416 1.04718
-1.19581 -3.23696 -1.33281 -1.24457 -1.67121 0.89156 -1.73252 0.84651 -1.88407 0.5824
0.95279 -1.91894 -1.78873 1.29368 -1.3793 -0.56357 0.1204 1.23482 -1.82049 -0.63895
-1.22479 -2.80187 -1.21835 0.41442 -2.29591 0.47098 1.16182 -0.78665 -0.11215 -2.74022
1.07142 -2.95703 0.28419 1.04175 -0.6602 -1.08991 -2.86764 -0.18446 0.47452 -1.98406
-0.35515 -1.79117 -0.48377 0.38652 0.2646 -0.94287 -2.38511 1.49725 -0.21113 0.37329
0.9201 -2.24309 0.09505 0.47545 0.48163 -1.48836 -2.394 1.4442 -0.78278 2.20429
-2.47679 -2.56096 1.42492 -1.53552 -3.41682 -0.75846 -1.42716 1.54371 -1.21717 0.71606
-0.57847 -3.38819 1.42335 1.74288 -3.06217 -1.30938 1.10092 -0.74627 0.22377 0.01811
-0.53343 -4.22495 0.85332 1.35279 0.16221 -1.55599 1.37756 0.5624 0.64921 -0.80719
-0.24709 -3.51623 -0.70779 0.92401 1.27131 -0.90605 1.47836 0.19846 1.07048 -0.52255
-0.13711 -3.03668 -1.27845 0.59475 1.1851 0.17656 3.04907 1.11378 2.73227 -0.25157
1.76315 -2.84033 -0.3652 -0.17561 -1.16138 -1.44118 -0.09294 0.81306 0.59277 -0.94782
-0.48696 -1.22152 -1.66274 0.39058 2.1012 -2.19682 0.68316 0.84833 -1.02407 -2.02568
0.54162 -0.16131 0.26047 0.18373 0.71353 -2.15781 -0.45986 -0.65467 -1.30751 -1.80641
0.65551 0.51536 0.64443 -0.35865 1.19173 -2.2013 0.32149 -2.45495 -0.44822 -1.60044
1.05829 0.79154 0.51319 0.14333 1.23636 -1.93592 -0.40961 -3.45063 -2.36548 0.4754
0.58532 0.1901 -0.37492 -0.26306 1.12805 -3.94653 0.62892 -2.37227 -2.28666 0.22158
0.20786 0.30712 0.06178 0.98379 2.12541 -2.88609 -1.36919 -0.89295 -3.06117 -0.22866
1.37041 0.32558 0.44506 0.71959 3.18953 -4.56262 0.05152 -3.6845 -2.81245 0.49006
-0.89752 -0.68579 1.73612 1.35458 1.30571 -3.89807 -0.0244 -4.11586 -4.45987 0.87134
-0.12723 -2.97232 2.2479 1.26654 1.19147 -0.85437 -0.00295 -2.20489 -2.87496 -0.35067
1.48506 -1.52047 0.94587 1.62093 1.17733 -1.19881 1.08599 -2.47161 -3.04619 -0.99744
-0.54529 -2.11963 0.33243 -0.29056 0.15319 -1.44924 -0.97084 -1.5975 -3.11428 0.92862
-1.33414 -2.39674 -0.98782 0.0968 0.20954 -3.71498 -1.43292 -2.21045 -2.55531 1.346
-0.43735 -2.0488 -1.42246 -0.16848 0.22264 -1.96679 0.80648 -0.7026 -3.13261 1.12778
-0.471 -3.78949 -1.08019 0.28952 0.59929 -3.3006 0.0719 -2.61309 -1.98518 1.75478
0.1153 -4.29115 -0.22087 0.72626 0.54807 -1.52509 -0.49403 -2.78086 -1.37109 1.26062
0.87849 -3.99456 0.2994 0.91271 1.68241 -2.17087 1.00724 -2.39609 -1.69479 -1.09115
0.1054 -4.48077 0.29104 -0.45015 2.12329 -0.58461 -0.25548 -2.24436 -1.16831 -0.60526
-0.08894 -5.31201 -0.37206 -0.8707 -0.44273 -1.97666 0.81146 -2.79801 -1.46879 -0.34617
0.10314 -3.52575 1.01806 1.90572 -0.7472 -3.64035 0.75768 -1.68839 -0.79806 -2.56788
-0.44269 -2.70608 -0.71518 0.96594 0.15169 -2.27032 0.48213 -1.57992 -0.07158 0.27851
-1.90457 -2.54111 -1.01301 0.86331 0.27938 -3.84859 0.63598 -2.39841 -0.96192 0.3534
1.18752 -3.55042 -0.93041 0.26834 -1.12493 -2.13686 0.62589 -2.76557 -1.53003 0.05187
-1.55912 -2.85195 -1.09852 -0.28809 -1.62904 -0.61876 -0.4858 -2.04659 -1.64295 -1.24231
-0.47798 -3.82737 1.49767 -0.4549 -0.94984 -1.46925 -0.87877 -0.56576 -0.77298 -0.32165
0.53725 -1.49967 3.23213 -0.06107 -1.27217 -1.34509 -2.22654 -0.37497 0.23295 -0.91447
-1.48189 -0.77553 1.39043 1.56286 -1.17588 -2.74794 1.17455 -0.02583 0.85973 -0.62572
-0.86402 -2.1103 1.51634 0.22157 -0.97094 -3.08157 1.62738 0.53076 0.4027 0.56161
1.81964 -1.92195 1.05829 -2.0806 -0.94282 -3.17469 -0.43373 -0.11681 0.65811 0.66292
0.55228 -2.18709 2.4421 -1.14928 -0.47458 -3.84288 0.28895 0.67489 0.74617 1.19314
-0.60398 -2.39748 3.33864 -1.43634 0.83943 -2.38673 -0.29702 1.77496 0.41462 -1.57942
1.25072 0.20486 1.18062 -1.26672 -0.42968 -1.35316 1.69397 0.89617 -1.26455 0.07936
-0.01338 1.03723 0.66485 1.26451 0.298 -0.93388 0.05693 1.73173 -3.88993 -0.63168
2.49396 0.32686 2.51583 0.60996 0.74775 0.16814 -0.50898 1.85249 -3.24628 1.45388
0.16972 0.46869 0.20524 -0.99643 1.35606 1.53243 0.34349 -0.29765 -3.91214 -0.37
0.3353 -0.42604 1.0888 -1.23391 2.70214 0.97466 -1.16044 -2.53889 -3.66186 0.49785
0.37494 -0.14797 -1.4722 0.22657 1.09279 1.05633 0.18986 -3.11058 -1.10085 0.48426
0.54987 -1.29148 -0.60956 1.58759 0.89618 -0.31605 -0.321 -2.22053 -1.09478 -0.45591
0.7396 -1.45651 -0.99429 0.81658 0.63657 -0.94974 1.45363 -2.62468 0.37717 -0.96711
0.26285 -0.9559 0.76739 -1.27046 -0.01159 -1.49297 -1.24546 -2.46366 1.56526 -0.46013
-0.21583 -3.01247 -0.10474 0.96448 1.92666 -2.61975 0.2142 -2.46042 1.27272 0.91307
-0.48232 -2.97803 0.03401 -0.03093 0.8924 -3.06362 0.51839 -0.48841 1.92025 1.08058
-1.86945 -2.48569 1.15346 0.43773 1.12548 -1.97618 -1.07982 -0.77984 0.94438 -1.9412
-2.34724 -2.91675 2.19797 -0.20736 1.5454 -2.19015 -0.52146 -0.05923 1.10243 -0.14257
-0.42646 -2.47685 0.86018 -1.51368 1.02423 -1.77999 0.12444 -0.41859 0.78622 0.40436
0.05928 -3.03474 0.39192 -1.35575 1.71793 -0.10999 2.20032 -0.33916 0.03235 -0.61451
1.57693 -2.63917 -0.78961 -1.6356 1.76737 -0.44196 1.54286 -1.24011 -1.74577 -0.19095
-0.26218 -2.34232 0.28089 -1.04775 -0.11241 -1.66175 2.58576 -1.37325 -0.30071 1.29016
0.43829 -5.04506 2.33728 -1.0212 -1.55887 0.05834 0.88426 -2.68271 -0.62055 1.39585
1.38519 -5.90043 2.38407 -1.4727 0.65706 0.60579 0.90262 -1.78574 -0.2347 0.6621
1.80077 -6.53028 0.35627 -0.84489 1.28313 1.14715 -0.55346 -1.33509 -1.69238 -0.69413
-0.11367 -6.03216 0.21236 -0.51508 0.76314 0.81004 -1.20804 2.43302 0.55519 0.16974
-0.04332 -6.99727 -1.72324 -0.09358 1.63494 0.45515 1.6674 2.97983 -0.1302 1.864
0.71813 -6.26026 -1.0838 0.37707 2.73622 0.47977 0.90736 2.59778 -0.28122 1.26812
2.00998 -5.75831 -1.86053 -0.55536 0.21068 0.30681 -0.99807 0.83067 1.13768 -1.46328
-1.61209 -5.80286 -1.47783 -0.40207 0.60139 -3.40558 -0.44687 2.44453 0.07158 -1.24102
0.22561 -6.28511 -0.81168 0.45223 1.47624 -1.75104 1.58201 1.76724 -0.25237 0.74246
-0.37047 -5.66482 -1.2335 -1.93156 0.2361 -1.0007 0.56286 0.58062 -0.32443 1.24499
-0.26709 -4.87501 -0.2774 0.92243 1.31845 -0.52027 -0.47378 -1.03731 -0.58632 0.05346
1.123 -5.04766 -1.32271 1.47057 0.08445 0.587 -0.99981 -1.69512 -0.25862 0.95659
-0.23337 -2.85612 -3.19977 -2.2133 1.3274 -0.47908 1.34464 -2.61296 1.22757 0.1361
1.46695 -3.43939 -1.08643 -1.00602 2.08102 -0.17217 -0.45006 -3.86465 0.98099 -1.88787
1.69359 -3.68913 -0.46202 -0.9377 2.13049 1.89297 0.10057 -3.43419 0.97485 -1.06218
0.56576 -4.14032 0.99162 1.78366 2.34492 0.86579 0.42706 -2.77361 -0.04994 -0.48553
-0.4715 -5.34596 3.22734 0.69506 0.56586 -0.28409 -0.77272 -1.02659 0.95996 1.73209
-1.26435 -7.64391 1.31425 1.43075 -0.76474 -1.28795 -1.92178 -0.095 2.35737 1.66871
-1.93548 -7.21908 0.39934 -0.79715 0.46395 0.31338 0.26055 0.82928 2.69278 0.60818
0.12715 -7.26976 0.75541 -1.98026 -0.62151 1.05633 1.50357 0.52256 3.67427 0.44094
2.12992 -8.24235 0.79111 -0.2378 -0.26892 1.34334 1.87279 -0.35989 5.54888 0.39017
-0.22436 -8.48254 1.00704 0.25908 -0.86782 -0.73357 0.749 1.72733 5.1041 -1.06512
0.40537 -7.97058 -2.20111 -0.30993 1.06827 -1.46894 -0.51982 0.03763 5.572 -1.96907
-1.73444 -6.91712 0.56696 -0.83911 -0.62869 -1.01959 0.62928 0.97451 4.45266 -0.50847
-0.22001 -7.4733 1.40608 -0.54357 -0.16768 -0.30178 -0.59043 -0.97286 6.43286 -1.06374
0.27455 -5.80572 1.02237 -0.49277 0.66143 0.45632 -1.37647 -0.22755 4.41863 0.34771
-1.9816 -5.52689 0.25041 -0.41241 1.01515 3.16782 1.37145 0.48788 5.03972 1.3579
-0.93448 -4.93702 2.20992 -1.79219 0.17499 2.57531 0.01898 0.56791 6.29249 2.04969
1.36624 -5.48585 1.80276 -1.27758 -0.96333 2.7502 0.4134 -0.10604 4.09434 0.33794
0.87016 -3.41474 2.21769 -1.40965 -1.1184 4.44047 -0.09149 0.55763 4.1936 0.4577
0.18363 -3.5619 1.50613 -0.22012 -1.94413 2.15791 -0.76786 2.69672 4.14188 0.31623
-0.59623 -3.41537 0.61979 0.92214 -2.25462 3.12878 -0.92205 4.60433 5.24349 0.49199
-1.20844 -2.77307 2.62125 1.2636 -1.8111 4.76764 1.28339 5.51158 5.76835 0.61963
-1.32132 -3.52158 2.69766 -0.28026 -0.29374 3.78076 -1.27811 3.76034 7.28101 1.70557
-0.9206 -2.81028 2.05109 1.34677 -0.93785 2.35606 0.3519 5.07814 7.2908 1.555
0.57044 -4.19778 1.04686 -1.14544 -2.70723 3.37311 0.49063 6.24641 6.58576 1.95412
0.63691 -6.41458 1.21051 0.19522 -1.40379 2.74519 0.20916 6.38313 7.28738 1.73694
0.58754 -7.11843 -0.09022 0.62064 1.60619 4.31162 -0.73451 4.31238 7.16014 0.52578
-2.45631 -5.20397 1.33075 -0.87755 0.67697 3.54873 0.55725 4.73212 6.0867 -0.35072
-0.47553 -4.42283 -1.19047 -0.916 0.01126 5.62395 2.18407 4.39923 4.89 0.10699
0.42125 -3.62034 -1.47822 0.74384 -0.17426 6.70055 0.63661 5.21956 3.29021 -1.6814
