-0.17652 3.03947 -1.05594 0.84648 0.04009 -0.28172 -0.40997 -25.19068 -0.99972 -1.7116
-0.07591 0.73107 0.46203 0.12678 -1.0299 1.51265 -2.12071 -25.83019 2.22152 -0.16399
0.92702 2.86509 -0.37175 0.05768 0.61094 2.02193 -2.53715 -27.05994 0.75637 -2.36258
1.41809 5.29578 0.1812 1.72212 1.29705 2.71827 -1.23056 -26.40529 1.00585 0.24217
0.20623 4.60734 0.98819 0.75169 2.54841 3.62746 0.84878 -26.27532 -1.33653 -1.7996
0.34515 4.32798 -0.57298 0.82072 0.04429 5.48549 1.18979 -23.58049 1.01173 -0.6217
0.75809 4.49147 -0.113 -1.15174 0.13744 6.14512 0.14444 -23.80451 0.69033 -2.01383
-0.08362 4.68365 -0.37775 1.10513 0.18821 5.68941 1.47129 -21.7302 1.12633 -1.55247
0.83305 5.83917 -0.43116 -0.38697 -1.31785 3.47101 0.14466 -21.32257 1.6597 1.38719
0.02583 6.18182 3.3613 -0.66227 0.49113 3.23621 -1.07986 -19.47894 0.10432 3.4241
0.25486 7.55542 2.10009 -0.6882 0.41123 2.81014 -0.00251 -16.97276 -1.53333 1.98999
0.37419 5.24635 1.40524 0.1395 0.31595 3.56979 1.93192 -15.27249 -1.35268 0.30825
-0.79106 5.59922 3.1108 -1.00963 0.28012 4.45347 0.62287 -12.06226 -0.95145 0.94759
-0.61659 3.45052 0.22816 0.2778 0.77351 4.62683 0.64407 -10.24149 -1.0414 0.8631
-1.21231 3.86383 0.26182 2.61936 2.40484 4.00696 0.0849 -8.10369 -2.35382 -1.78681
1.76918 3.4324 1.15258 1.82383 -2.62751 4.43591 -0.44337 -4.88093 -0.26898 1.70201
0.40865 1.04139 3.00423 -0.01643 0.22748 3.78856 -0.86214 -2.20432 -0.19172 0.24518
0.43818 0.68801 1.3301 1.3005 -1.25969 4.17969 1.17531 -0.82182 0.13823 -0.47342
-0.94316 0.88592 -0.12666 0.07713 0.75298 3.88204 2.93109 -0.14954 -0.21858 -0.17332
0.07473 0.53838 0.73921 -0.49468 0.37246 2.99387 1.36444 1.30733 -0.03123 0.47459
-0.11653 1.46998 0.48865 0.07495 0.47441 4.94826 -0.27905 2.39257 0.32653 0.32159
-0.57953 0.62564 1.94371 -0.38694 -0.62375 4.57289 -0.38425 1.94427 -0.70964 0.60511
-0.47251 -0.52623 0.15221 0.44384 0.11136 4.27337 0.31019 3.22752 0.5967 1.80796
-0.40778 -0.082 0.01709 0.76389 1.72006 3.78591 1.44319 4.97281 -0.64969 1.16707
-0.09172 -0.23315 0.82753 1.12032 -0.63574 2.14216 1.06617 6.95429 0.43713 -0.07522
-0.90894 -0.88442 0.81257 1.02114 -1.29029 2.25811 0.07389 7.25444 1.06028 0.67326
0.68275 -2.99835 3.2392 -0.36516 -0.55272 2.913 0.1275 8.02035 1.76133 -0.58096
1.41921 -0.54008 2.01024 -1.31465 0.76186 2.42604 -0.48225 8.75162 0.9766 0.8212
1.33097 -0.14847 0.90793 -2.53636 0.97472 1.37325 1.51251 8.55936 1.41387 -0.39173
-0.80661 2.1265 1.67864 0.34229 1.27348 3.01768 1.7521 8.5258 -0.66993 0.14576
-0.60522 0.74249 1.83859 0.95595 -0.19943 2.94408 2.55092 8.31884 -1.27685 -1.30637
0.67021 -1.19775 0.38989 2.10746 2.08836 2.94184 1.80485 7.73289 -1.25953 -0.37328
-1.12091 -1.68929 0.16359 0.37326 -0.00203 4.44012 1.44666 8.60672 1.76393 1.19726
0.48537 -1.7206 0.48752 -0.71782 0.29091 2.88902 0.62459 7.45769 0.14488 1.07103
1.16025 -2.0469 -0.08281 -2.10234 -0.10938 2.74136 1.03973 7.22401 -0.81745 1.55063
1.31143 -3.12353 2.52485 -2.1627 -0.71337 1.90836 1.51315 8.25488 -1.24123 0.84735
1.5676 -3.8011 0.48428 -0.11762 1.6023 1.92907 0.21351 8.59707 -2.61943 2.55023
2.48759 -2.83723 1.2471 -0.46063 -1.17994 2.61216 1.37127 10.14197 -0.11896 1.0935
0.31005 -3.49508 1.92545 -1.008 -0.23323 1.39551 2.00384 10.28663 2.28446 0.50914
1.14326 -3.12713 1.02696 -0.02322 -0.25579 1.04407 1.82449 10.40581 0.42402 0.49911
-0.69907 -2.06064 1.0725 0.91649 -0.01525 1.46294 2.6024 12.47083 0.16576 0.27172
1.58633 -3.04778 -0.40271 0.35193 -0.03867 -0.43838 2.98132 13.55795 -0.14549 0.67796
0.90699 -2.16838 0.48388 0.77203 0.00903 0.26916 2.65996 15.3397 -0.17306 -0.08597
0.75788 -3.16062 -0.528 1.40576 -0.19739 -0.87424 2.19363 17.60023 -0.74902 0.97775
-0.28988 -2.27913 1.2747 0.4144 -0.72268 -0.67056 1.2834 18.88789 -0.48327 -0.10592
-2.1404 -1.17049 0.33037 0.22437 -1.01635 0.898 1.14396 17.47735 1.34857 -0.21575
-0.43821 -3.22741 -0.84618 0.30782 0.85475 0.80066 2.79796 18.16069 -0.46166 -0.58888
0.59622 -1.21793 0.05207 0.7869 1.3893 0.12379 0.58961 17.70827 -0.64067 2.66884
-1.08873 0.04751 -0.63923 0.63854 0.05424 -0.65189 0.21723 16.60849 0.23236 -0.77943
-1.00451 -0.39971 -0.18976 -1.32175 0.6929 -0.99175 0.38264 17.07633 0.51154 0.00485
0.601 -0.15691 -0.29766 1.00329 0.8008 -0.89168 -0.58783 17.22542 2.0807 -0.4213
1.55517 -2.36894 -0.37277 0.85737 0.84083 -2.0541 0.52007 16.51623 1.90532 1.94733
1.57873 -1.04963 -2.02459 0.75763 1.27353 -1.70155 0.12218 18.19228 0.1147 0.13763
0.19171 -1.92495 -1.51921 0.37108 1.80084 0.16471 0.52054 17.20195 1.63577 0.14976
1.30217 -2.03261 -0.00501 0.56326 -0.51082 -0.12809 -0.80205 15.55257 1.04491 -0.1784
2.12605 -1.77112 0.57446 0.59124 -0.54052 -0.74852 0.14421 14.15524 1.51034 0.19552
-0.26114 0.05999 -0.17966 0.56372 0.40757 -2.51619 0.24016 14.83926 0.6551 1.04773
-1.56302 0.15777 -0.78514 -0.05112 0.76529 -0.99598 0.72256 14.06395 0.46833 -1.20065
-2.16505 1.01663 -0.38284 -0.10591 2.21147 0.78663 2.32962 12.56727 0.89659 -0.38854
-0.57857 0.94258 -0.42492 -0.19537 -0.53649 1.27266 0.62548 11.04341 0.60346 -0.70584
-2.30763 -0.54842 -1.19234 0.02251 1.08435 2.43868 0.74627 10.28014 -0.33556 -0.20632
-0.30566 -0.68957 0.31076 -1.21644 -0.7764 1.54724 0.42843 9.86266 1.40122 -0.56828
-0.81246 -0.95791 1.54731 -0.36275 0.66601 1.23483 -1.75797 8.50006 1.7383 -0.84184
-0.38273 -1.48636 -1.19282 -0.7085 1.49833 2.14857 -1.2722 9.74387 2.47265 2.27735
-0.85838 -1.77041 -0.40749 -0.15573 1.49553 1.32046 -1.83203 9.34621 0.58664 0.08122
-0.99294 -2.46833 2.1529 -0.49641 1.28001 3.83293 -1.90168 10.5887 1.27029 1.69194
1.46426 -2.68779 0.44044 0.03291 -0.86225 4.04351 -1.11718 11.30489 -0.60271 -1.10172
-0.07041 -2.64683 -0.98075 -1.79062 -0.4109 3.46423 -1.23653 11.93767 0.39509 -2.17537
-0.10613 -1.59879 0.34933 0.01376 0.41487 3.59885 1.48165 10.55017 0.15694 -2.28801
-0.65036 -3.65453 1.90581 0.83 -0.78014 3.08341 1.33817 9.50098 -1.44552 -2.30503
0.16847 -3.98388 -0.26135 1.9408 0.08201 4.45687 2.63124 8.90714 0.52647 -1.46013
-1.80691 -5.23207 0.73874 1.1479 -1.06601 6.01626 2.62277 9.09766 -0.09029 -0.91644
-0.89767 -4.60785 0.59019 0.16617 1.70167 4.50005 2.05402 7.82906 -0.69347 0.49422
0.18671 -5.40409 2.00755 0.25739 0.38611 4.24974 1.02021 9.31385 0.17076 2.34928
0.65661 -5.24031 0.04965 -0.69984 -0.17384 2.76086 1.61053 10.17449 -1.31417 1.41478
-0.84083 -4.47991 2.65194 0.11645 0.58676 2.40158 2.29915 10.95328 -1.10892 -0.25253
0.77286 -5.37038 2.96243 0.2291 0.63295 0.99644 2.32985 12.76361 1.17105 1.98598
0.81865 -3.4658 2.45804 -0.09788 -0.41271 -1.2141 3.03583 14.49122 0.76981 -0.78916
1.06482 -2.70316 0.49388 0.62036 -1.49127 -0.40864 1.8275 15.70328 1.54408 -0.83348
1.14294 -2.36776 2.6041 1.87797 -1.80118 -1.21584 3.00945 15.78635 -1.39414 -0.68391
0.73199 -1.37087 1.06581 -0.76303 -0.85725 -2.63988 2.72064 15.86154 0.2762 -1.05786
-0.29562 -0.62373 -2.17965 2.20952 1.38418 -1.8629 3.3589 16.77688 -1.61264 2.10522
-0.31938 -0.94912 0.40681 1.49795 -0.77746 -3.32946 2.30969 16.00146 -1.40751 -0.00691
-1.5829 -1.24476 0.62591 1.11988 0.50975 -3.6845 2.28332 14.48531 -0.9592 2.21019
-0.16241 -1.18554 0.42763 -0.3278 -0.0964 -4.17724 2.49809 14.5347 -1.02599 0.60056
0.74621 -1.84318 -0.11673 -2.12709 0.97168 -3.26037 1.47234 15.2379 -0.42468 2.6253
0.43164 -1.61321 -0.82768 0.35733 -1.09792 -2.87862 0.38848 15.44722 0.152 2.44411
2.7951 0.43438 -1.6326 -0.07942 1.18671 -2.55814 0.80638 15.70748 -1.04018 0.88162
2.20548 1.28026 -1.92761 -1.05226 1.2692 -2.00474 0.1772 14.41537 -0.90683 0.86192
2.04997 2.0638 -1.3106 0.39523 -0.92046 -1.87638 -0.23234 14.23671 -0.91853 2.84458
1.24498 2.90999 -0.90838 0.30526 0.97397 -1.00328 0.79683 12.15863 0.2842 -0.1799
2.90909 2.82111 -1.50275 0.47927 1.13289 -0.11766 0.01557 8.79075 -0.92084 -1.52028
2.18597 5.62922 -1.31451 0.67486 1.08598 -0.98685 1.85569 7.77177 0.06941 1.10262
0.82585 3.92537 -1.9926 2.6494 -0.6617 -1.50987 1.81446 4.96062 0.29648 -0.96479
1.88225 2.62634 -0.73155 2.45748 -2.51247 -2.18301 3.28058 2.85565 -1.15646 0.51963
1.94527 2.35128 -0.73795 0.16681 -1.20584 -1.62809 1.67274 2.13364 -0.77395 -0.69459
0.54258 3.50699 0.48286 1.28082 -0.50795 -0.09298 0.59432 1.74932 0.29225 -0.19895
0.74914 5.6256 0.77429 1.52376 0.04048 0.47184 0.77068 1.75176 0.31293 -0.60008
-0.09393 5.27666 -0.41796 1.63933 -1.10619 1.02508 0.01748 2.52351 0.32243 -1.71598
-1.65306 5.11654 0.0698 1.84881 -1.50857 2.30348 1.87601 2.93774 -0.68715 2.14684
0.10896 3.75739 -1.80099 -0.33213 -0.89638 3.67111 2.47903 1.09733 0.34363 -0.44002
0.55783 3.06567 0.24647 0.89706 0.05425 3.50263 1.83774 2.14277 -2.54277 -0.31783
1.43069 2.24128 0.42374 0.61741 -0.4943 3.53339 -0.40117 1.96055 -2.39107 1.27425
-0.96009 2.12267 -0.43092 0.65534 1.09874 3.42035 2.31574 1.4513 0.4369 0.75856
-0.54775 0.75468 1.22907 -0.33261 -0.85842 4.08972 0.29309 2.73188 1.40217 1.38439
-1.48853 1.03872 0.58188 1.27485 0.71938 3.51149 -2.69434 2.89601 1.14801 0.86525
0.36188 -0.23037 2.27068 1.15756 0.16969 3.57034 -2.43349 3.41785 1.9316 -1.07058
3.53203 -0.06257 1.81069 -0.66433 -0.07595 4.00909 -3.51962 3.45307 1.53621 0.24085
1.92971 0.95059 2.50241 0.00851 0.16537 3.81411 -1.2371 3.62694 -0.15672 0.33468
1.47869 2.09463 -0.85541 0.8355 -0.60835 3.00972 -0.1625 3.30594 -0.08808 0.95968
0.7068 0.24883 -0.38566 1.49848 -0.13333 4.53267 0.44518 3.49744 -0.40188 0.58091
-0.27953 0.67507 1.15349 3.20848 -0.17957 4.01879 1.06505 3.07956 -1.09837 1.14318
-0.16442 0.26268 1.44281 1.91764 -0.41513 3.23099 2.33229 2.78645 1.62023 -2.61066
1.41635 -0.62634 1.12467 2.16668 0.31999 4.04544 2.10792 3.52752 0.50936 -0.63949
1.17828 0.409 -0.40667 1.29754 0.30555 1.98142 0.86059 3.8186 -0.45957 1.59882
-1.00956 -0.40692 0.54866 -0.06269 0.70967 3.78449 1.79235 4.80554 -0.71377 0.84274
0.28197 -2.87629 1.20234 -0.31392 2.69272 2.84907 1.06539 7.11567 0.02206 0.0929
-1.08479 -2.63144 2.00455 0.47059 0.35699 2.96333 1.28763 9.394 -0.61775 0.84864
-0.95552 -3.21579 0.73879 -0.71938 -1.1525 3.19097 2.04997 9.27453 -1.66407 0.82198
-0.4887 -3.92833 0.06317 0.87282 0.05516 3.18011 0.7903 11.05868 -0.14072 1.66789
-0.71394 -3.86583 -0.9962 1.59275 -0.86735 3.96264 0.76705 12.66755 -0.20816 0.07137
0.98911 -4.22622 0.03304 0.22024 0.11096 4.13066 0.19194 14.36203 1.32582 -0.58265
0.56176 -3.22465 1.19594 0.46757 -1.47261 5.22411 1.42224 15.33739 0.56607 1.61966
-0.72487 -3.08302 0.26011 0.29214 1.09976 5.1307 1.21879 17.40822 -0.15928 1.3221
-0.86555 -3.3521 1.1907 0.77614 -0.65176 5.2793 0.57466 19.66157 -1.24544 -0.14936
-1.48788 -2.69213 0.80376 -0.28246 0.7718 5.88501 0.66751 21.10687 0.82132 0.33323
0.22288 -2.20328 2.1991 -0.17108 1.2469 5.5225 0.5341 21.70338 -0.41767 -1.20651
0.84101 -3.43424 3.17747 -0.19686 -0.16151 5.51407 1.42925 22.07598 0.73212 0.91371
0.41754 -4.38285 0.10217 0.60085 1.06436 4.08075 0.79223 21.98057 0.88198 0.28758
-2.22747 -4.06426 0.86749 -0.25843 0.44301 3.8039 4.3111 23.25213 -0.39606 -0.38134
-1.39963 -5.17235 1.42879 -1.79779 -0.48258 3.26029 1.2437 24.41003 -1.36963 -0.51546
-0.30205 -5.18452 0.47112 -1.66823 0.68849 3.43002 -0.65516 26.81751 -2.38446 1.08096
1.40708 -4.33113 2.26619 -1.38992 -0.04215 2.72684 -0.90103 27.06779 -1.25679 0.66653
0.46989 -4.17025 0.43216 -0.33541 -0.50223 1.70648 -1.45568 28.41302 -0.79526 0.92518
2.04932 -2.30615 0.9768 -1.13648 -0.09214 -0.38127 2.15631 29.80102 1.50297 0.89403
1.09405 1.22271 0.31944 -2.5478 -1.63119 -1.55399 2.35788 30.19045 -1.21022 -1.44043
1.46361 1.73068 1.43862 0.0446 -0.97899 -2.24361 3.49917 29.27917 -2.75761 -0.32244
-0.00983 1.70207 0.16756 0.09962 -0.23643 -0.56209 3.11005 28.47631 -0.34482 -0.0713
-1.18316 1.96704 0.47381 1.4363 -1.43541 -1.37942 0.65432 27.53867 0.30602 -1.0299
1.55965 1.81917 -1.06651 0.94337 -0.94527 -0.81982 1.09799 27.9662 -0.83875 1.33191
-0.88657 2.24863 0.35549 2.30079 -0.79246 -1.4453 0.6868 26.70247 -0.24982 1.42635
-1.89674 3.18487 -0.03666 2.45531 1.13549 0.06218 1.38331 26.20403 0.12063 1.79943
-0.30619 3.53181 -2.27613 1.46116 1.04331 -0.59929 -0.60088 23.56001 1.58319 1.43018
0.87046 3.00214 -0.52964 1.83346 1.26924 -0.31208 -1.40886 22.56555 -0.23269 1.87534
0.72344 2.51014 -0.86734 1.35465 -0.32838 -0.17976 -3.07252 22.09638 -0.15402 1.12688
-0.12357 1.85459 -0.37636 2.08831 -2.33132 0.04448 -2.30276 21.17291 1.3569 0.13714
1.01942 4.78743 -2.37917 1.35247 -1.20767 -0.6418 -2.0629 20.55515 -0.99424 -1.86637
1.10287 6.25755 -0.93801 -0.40145 -1.44934 -0.79298 0.54769 19.57076 0.60284 0.73729
1.60904 6.06251 -3.87667 2.11862 2.04413 -0.34516 0.84702 17.70356 2.34204 -0.16657
-0.77572 6.29916 -1.00984 0.13042 -0.07385 -0.44875 -0.00549 15.41068 -0.19475 -2.51168
-1.33997 6.56745 0.33533 0.25124 -1.85103 -1.46498 -0.89795 14.08383 -1.1697 -2.38317
-0.30655 8.23565 0.41288 0.83535 -1.11691 -3.772 -1.48338 12.7579 -2.0896 0.61269
-0.26924 6.87244 0.33271 -0.00419 0.55563 -5.68328 -2.05623 10.97961 0.92242 0.56059
-2.84254 7.12461 -0.86209 -0.92988 3.23075 -5.66651 -1.18298 8.52868 0.96571 -0.73876
0.04268 5.94842 -2.48662 -0.96028 1.71912 -2.42419 -0.83878 5.26926 -0.41574 0.39256
0.67785 4.82635 -0.65714 -0.74756 0.11582 -3.2598 -1.7542 1.11757 1.52609 0.07782
-0.85201 4.03526 -2.78139 -0.40753 -1.19098 -3.74161 -0.77041 0.14339 -0.51929 -1.18875
-0.63378 2.56539 -2.3389 -0.21158 -0.72298 -3.37191 -0.64441 -1.94151 -0.63774 -0.46913
0.43379 1.79843 -1.10317 1.04288 1.88087 -2.1367 -1.71157 0.33589 -0.90444 -0.39722
-1.38585 2.46599 -0.14908 0.61773 0.74384 -2.7265 -3.5123 -1.1567 -0.79296 0.70738
0.0965 2.13911 0.86269 -0.78015 0.31073 -2.03001 -3.29393 -3.3511 0.12492 0.98164
-1.35141 2.59909 -1.57092 -0.94886 0.04034 -2.49517 -1.34411 -6.36684 -1.36275 -1.14078
-0.43692 0.76527 -0.34167 -1.25362 0.39443 -1.29569 -1.28211 -6.77371 -0.22022 -1.55903
0.12441 0.77358 -2.75515 0.40136 0.12398 -0.09582 -0.93975 -8.32891 1.99347 -1.05693
0.3363 1.10135 -0.25046 1.31179 0.71646 -0.43826 -0.93016 -9.48708 -1.29124 -0.47109
0.09727 -0.90259 -1.989 -0.61005 1.02153 -1.71564 -2.28396 -11.03218 0.09683 -0.36967
0.59089 -1.43059 -2.02517 -0.06636 -0.50621 -1.6224 -1.33091 -9.59233 1.77483 -0.65669
-2.28102 -1.74084 -0.43204 0.02926 -1.18584 -1.59211 -2.65491 -8.03438 0.85377 0.46683
-2.57789 -2.94541 0.82244 0.69711 -0.76075 0.06127 -2.10676 -7.94138 0.12864 0.45448
-0.43074 -3.15867 0.25584 2.08913 -0.07199 -1.28765 -0.40586 -8.11806 1.06435 -0.3403
1.87707 -2.23841 -0.46865 0.47789 -0.37298 -1.66677 -0.84808 -10.2702 -1.28799 -0.52771
-1.31914 -2.18261 0.07202 0.37204 0.39802 -2.00829 -0.05215 -9.16698 -0.39507 -0.45123
-1.19826 -2.60318 -1.0894 1.90479 -1.42872 -2.72095 -0.94073 -10.99183 -0.97062 0.14591
-0.09162 -4.65595 -1.91638 1.74063 -0.91955 -3.96758 -1.19178 -12.42913 -0.37473 0.34792
-0.06134 -3.39382 -1.5645 0.65241 0.19739 -3.16803 0.06734 -12.19457 1.85069 -2.03496
0.45623 -2.32864 -0.814 -2.21006 0.55061 -2.55544 -2.1385 -11.89426 1.5013 0.93136
1.51281 -3.30341 -3.54923 -2.31139 0.04244 -2.65913 -0.57288 -13.50309 0.04463 -0.3853
-1.14951 -2.98847 -4.51137 -0.22877 0.21414 -2.955 -1.27868 -13.03447 1.33537 -1.15811
-1.13161 -2.70101 -1.70579 -1.82084 -0.76531 -4.04827 -2.14728 -14.65293 -1.29693 -0.34871
-0.36199 -3.17357 -1.37945 -0.58685 1.86827 -1.69134 -2.43586 -15.23976 0.48497 -0.85541
-0.01475 -2.41349 0.05314 -1.25834 1.70026 -1.82203 -1.79648 -15.23127 -0.30266 -1.65636
-0.45853 -2.08555 -1.22341 -1.81562 0.72059 -0.9548 -0.5649 -14.45294 -0.1357 -0.06599
0.20612 -1.10442 -0.7457 -0.06524 0.03185 0.10076 -0.76304 -13.96208 0.70402 -0.72129
-0.67358 0.64997 -1.83565 -2.27279 -0.32739 1.04893 -0.77223 -15.57632 -0.07719 -0.89831
0.65246 2.29334 -0.39553 -2.21445 -0.51656 0.08802 0.38957 -16.58738 -1.96159 0.02179
-0.60451 2.38076 -1.88252 -2.0741 0.42679 1.48599 0.76567 -15.61098 1.002 0.7104
-0.8944 0.65051 0.33545 -0.70336 -1.08051 0.705 0.03738 -14.77649 0.44391 -0.48289
0.71592 -1.10088 0.51145 -1.61569 -0.91652 0.91631 -1.36921 -14.59411 -0.48266 0.91361
0.20775 0.01753 -0.84357 -3.33968 -1.08493 3.72046 -1.79266 -14.53007 -0.73199 0.52773
1.15865 0.16472 0.25315 -0.93649 -1.87331 4.02679 -0.83939 -13.4246 -0.00151 0.50475
1.30044 0.22922 -1.97928 -0.97981 0.34875 2.92392 -1.30995 -13.38692 1.07895 -1.58149
-0.30183 0.9255 1.00356 0.30549 3.13396 2.5219 0.49491 -10.59254 -0.54956 -1.11167
-0.1453 -0.14955 1.01484 1.28531 0.47374 2.67429 -0.80212 -7.97859 -0.39216 -1.43723
-1.04738 -0.42225 1.12865 1.20034 -1.36776 3.06143 0.52192 -8.355 0.00813 0.18024
0.84998 -0.13515 -0.21749 0.46384 -1.24227 2.77184 0.79027 -6.32405 0.80444 -0.87539
-1.09531 0.83382 0.0855 -0.3752 -0.75185 4.02133 -0.89633 -6.25285 0.76988 -0.50257
-0.87091 -1.32725 0.21264 0.31348 -1.90274 4.09897 -0.79662 -5.0868 -0.02296 -0.6512
-0.76649 -4.1065 0.35639 1.0793 0.17118 3.76409 -2.26863 -3.25781 -0.42004 1.54532
-1.53655 -1.196 1.52611 0.97355 1.01255 1.8574 -2.1326 -1.02603 -0.54067 1.19254
-0.20973 -1.26388 0.46926 -0.96041 2.03101 4.71397 -1.29517 -1.38636 0.65281 -0.63783
-0.73282 0.94604 0.21 0.42955 -1.01813 3.66378 -0.24211 -1.54638 2.05811 1.09699
-0.14835 0.46009 0.91435 0.90829 -0.35411 4.22557 0.37429 -0.02888 1.13574 -0.31237
-1.47655 0.03123 -1.20658 -0.11032 0.12046 3.65413 -0.73127 0.37622 1.69518 -0.69772
0.38407 -0.31162 0.73649 -0.34855 0.10946 2.00914 -0.13135 0.54321 0.00783 -1.9245
0.66732 0.3049 0.4527 1.78792 0.03854 2.13293 0.14006 1.94542 0.02516 -1.37388
-0.12512 1.1311 0.81513 -0.53344 2.12981 2.92399 0.65196 3.85574 0.46234 0.94029
0.03223 2.70822 1.0475 0.66419 1.4193 3.2942 0.71468 3.12031 0.92479 0.374
-0.2403 0.62582 1.21961 1.05255 0.01543 2.71181 -1.18397 2.01314 1.16599 -0.00838
-1.43205 0.19386 0.12762 0.3015 0.64544 3.78712 0.12412 1.29684 0.3653 -1.28441
0.73037 -1.55093 1.47145 0.15417 -0.6564 3.20273 -0.52223 1.67523 -0.46509 -1.15649
0.04063 -1.46287 0.03764 -1.55833 0.05131 3.16948 -0.9541 1.58964 -1.15491 -0.10229
-1.73908 -0.18393 -0.30761 -0.18813 0.08382 -0.43703 -0.07737 3.26081 -0.30436 -1.03714
-3.01056 1.17492 1.09097 0.48332 -1.56043 0.87792 -0.29362 4.02519 1.09237 0.23028
-0.93264 1.44112 -0.04668 0.34062 0.72981 0.55115 -1.08142 3.80879 1.10747 0.89976
-0.80341 -0.16783 0.40696 0.31682 0.01614 0.72879 0.14506 4.1559 1.07456 -1.04736
-1.17694 0.22437 0.80102 0.57776 -1.4959 2.41171 1.28374 3.24851 1.31505 0.24465
-0.88951 0.7219 -0.33056 0.60602 0.72369 3.08778 -0.46084 2.59199 0.05684 0.94375
-2.45781 -1.16905 -1.03765 0.80059 -0.2268 1.88662 1.28301 3.09331 1.07474 0.18966
-0.81136 -0.28764 0.67897 -0.02737 -1.19181 2.79116 -0.49264 4.18427 2.32038 0.93821
0.48489 -0.02406 1.71057 -2.29665 1.34295 2.53284 -0.01703 4.52042 0.16337 -0.10266
1.24983 0.92592 -0.2031 -1.49732 -0.60819 3.15692 -1.94391 4.78117 -0.0978 0.34075
0.49185 0.80883 1.21849 -0.75886 -1.04371 4.20309 -1.92181 4.5556 -0.22303 0.80771
0.73206 -0.91496 0.37663 0.69161 0.94114 5.67226 -1.17787 2.56883 0.67185 0.22347
0.33575 0.66262 -0.15367 -0.27143 -0.38968 5.72746 -0.09232 2.70323 -0.53533 0.10949
0.06704 1.27136 3.01621 0.84886 -0.56517 5.50375 1.21768 2.2644 1.82704 0.90745
-0.42683 -0.23084 2.41285 0.73324 1.31104 5.01065 -0.94155 3.2616 -0.60804 -0.26015
-1.81383 -1.27164 2.3089 0.0368 1.82935 3.96492 -1.70488 5.41689 0.30426 -1.54736
1.14763 -0.52098 2.9257 -0.03182 0.85454 2.63911 0.69324 6.84581 -1.6962 -1.2109
1.53896 -1.16854 3.1067 -0.66877 -0.26881 1.70786 2.25879 7.23201 -0.22413 -0.83641
1.74427 -0.88873 3.94221 -0.97194 0.47134 1.14544 0.85068 9.15958 0.9066 0.14481
0.5977 -0.87913 0.47283 -1.17862 -1.05744 0.53689 4.06458 9.83944 1.53833 -1.44747
0.55176 -1.84786 1.36205 1.63497 0.35879 0.29006 4.21623 10.54544 0.26343 -0.98666
-0.32591 -3.26707 1.01411 1.43537 2.75714 1.62515 1.49091 10.21758 1.57534 1.87142
1.67403 -3.15593 2.13537 1.36732 0.55489 1.87637 0.45056 11.87492 -0.39433 2.34168
-0.24035 -3.55909 1.03209 1.28823 -1.42543 2.70175 0.90501 10.77016 0.17364 2.64797
0.41031 -3.39765 1.23573 0.22255 -1.04757 0.57519 3.46194 10.98413 0.14828 0.29734
-1.33973 -4.10692 3.26787 1.67155 -0.93348 -0.23938 3.86281 12.53533 -0.03159 -1.1711
-0.83821 -4.24846 1.1455 0.52015 -0.92299 -0.43611 3.26006 13.69793 0.7789 -0.15018
-2.56954 -3.16376 1.82745 0.83172 0.17607 0.32229 4.25666 12.78766 -0.22688 1.36042
-2.57834 -4.52163 2.08383 -1.27331 -1.35421 0.89707 2.94662 13.03717 0.80057 3.14187
0.90269 -3.12972 0.94827 -1.90399 -1.55589 1.53769 2.21899 12.80233 0.33625 2.28758
0.49103 -2.08088 0.38321 -1.49639 -2.10802 2.39454 1.7169 12.95949 0.99345 1.68908
3.15678 -2.32524 0.74827 -0.92747 1.84133 3.85739 0.78762 13.21104 0.70084 0.98204
2.90033 -1.96866 0.45958 -0.27953 1.20245 3.08185 -0.74212 14.04855 -0.7692 -1.03004
0.31451 0.14482 -1.65655 -1.31724 -0.0782 3.28723 1.52421 16.75691 -0.04801 0.68117
2.24547 -0.83078 -0.95708 1.17327 -1.83445 3.79865 3.69142 19.12112 0.4334 0.1092
1.13343 0.19426 1.37365 1.59091 0.78647 2.63412 2.48031 19.6666 -0.42272 1.78581
0.90396 1.0003 2.66929 2.26344 0.99159 1.01534 1.79303 19.40137 -1.50611 -1.38043
0.54891 1.93307 2.25164 2.25833 2.21578 0.04881 0.53607 20.04457 -0.97215 -0.68886
1.10483 2.6893 2.19698 -0.36285 -0.09902 0.47301 0.37235 20.65751 0.42231 2.15495
-0.16612 1.62084 0.76581 0.92966 -1.31323 0.47039 0.62456 19.80582 -0.62038 0.97774
0.63755 2.1984 0.16381 1.318 1.18048 0.324 1.54467 18.57459 -0.77237 0.21575
2.35996 0.94053 -1.8202 1.27847 -1.1113 0.1919 1.59987 18.76586 0.35535 0.7775
2.0059 2.35492 -0.71153 0.71882 -0.53751 0.43727 1.28607 18.35976 0.346 -1.61696
0.59956 2.26518 0.80731 0.68903 0.02826 0.66852 0.3673 18.38054 -0.16618 -0.95695
-2.31381 1.73781 -0.83255 1.84525 0.97176 -1.24573 -1.04737 18.28189 1.47879 -0.59729
-1.54101 1.34192 -0.89907 2.20121 -0.97434 -0.5046 -0.64784 17.6687 0.52942 0.87877
-0.06438 2.54164 -0.24197 -0.05679 -1.08934 0.20101 -1.46767 17.91026 1.28633 0.73191
-0.67661 3.88287 0.16894 2.29372 -1.05595 1.23795 -0.88138 15.25311 0.94707 1.02898
2.07644 2.3899 -0.81225 -0.29722 -0.56779 1.81889 -0.70547 13.96708 0.12175 2.29651
0.83285 4.43783 -0.80182 0.36323 -0.86305 0.35191 -2.70295 14.28329 -0.97635 0.78779
1.19248 3.85449 -0.77596 0.46448 -0.56427 -0.02382 -1.74905 13.16816 -0.61869 -1.14971
2.23449 5.39 1.45436 0.74089 0.56103 1.15834 0.40672 12.02458 0.35745 -0.23288
0.84778 5.22368 -1.05289 -1.59989 -1.34629 0.8635 0.58215 11.98795 1.17998 0.25673
-0.60675 3.97262 0.4263 -1.49599 0.48364 1.72382 0.16989 12.06395 0.76854 -0.11351
1.54611 4.36775 -0.95427 0.92786 0.85135 0.84631 1.12714 12.69669 0.39574 -0.38764
0.686 4.11955 -0.97163 1.4945 0.98986 1.22473 0.67393 10.2297 1.60102 -0.62406
-1.18798 2.24157 -0.17241 0.1573 -0.06251 0.44472 1.34415 11.98069 2.17723 -1.05425
-0.55563 2.89046 2.2013 -0.02551 -1.09902 1.48053 0.73967 12.64538 0.6521 0.35788
-0.07273 3.52242 0.43103 1.80039 -0.20302 2.10593 0.67233 12.90318 -0.46003 2.10528
-1.28211 4.52074 1.87161 1.61594 0.23095 1.76975 0.85377 12.47143 -1.11056 -0.48017
1.06558 2.2934 4.1158 -0.14021 -0.02965 2.3309 0.66396 13.70951 -0.0229 2.26271
-1.52517 3.85441 0.38599 -0.37529 -0.19883 2.68618 -0.22559 13.89966 -1.60319 -1.00929
-1.73973 3.62559 -0.28922 0.82649 0.31102 1.03359 2.26153 14.05548 -0.18645 -0.06371
0.08005 3.58815 -0.00561 -0.42175 -1.18814 1.25356 1.34818 14.58713 -0.52436 0.12874
-1.77094 3.65535 -0.67151 -0.57375 -0.31504 0.64307 2.8808 14.34923 -0.65409 1.85319
-0.71088 4.72987 0.46984 1.43895 0.77517 -0.01255 0.91909 16.08302 0.75396 -0.05049
-0.00268 4.33369 0.78327 1.40682 0.16234 -0.17547 -0.38492 16.51544 1.09018 -0.45291
0.13514 2.25352 0.17448 0.02259 1.50306 -0.9134 -1.8276 17.197 -0.21962 1.15896
-0.38617 2.92235 0.27348 -1.5517 1.60477 -0.52438 -0.89719 18.25916 0.45715 1.14258
0.7666 4.43681 0.38508 -1.15351 -0.04152 -1.57744 -1.10395 17.44743 -1.179 -0.00081
-0.1183 4.90166 0.15257 0.55735 -1.16497 -3.08811 -1.62982 14.40947 -0.46294 -1.03908
0.96209 5.18422 0.65883 -0.72879 -0.30664 -2.7423 -0.99991 13.049 0.96879 0.99957
0.32672 4.89928 -0.75292 0.30447 -1.31208 -2.21762 -1.10733 13.76058 0.3698 -1.1718
-0.06019 6.17541 2.19698 -0.46322 1.2689 -2.66848 0.25619 13.21593 0.71562 -0.49736
-1.23236 5.54561 0.45221 1.19011 -0.80498 -2.23919 0.67487 10.72702 -0.46996 -1.89985
-0.2463 7.0102 -0.91439 -0.53571 1.28288 -0.2982 2.62445 9.24577 -0.28404 -1.09139
0.32809 7.08846 0.0141 0.4875 0.8118 -0.4799 1.34658 9.62128 0.86552 -1.46122
-0.00612 7.1641 -0.81193 1.06328 0.95195 -0.88721 1.7035 8.30305 1.22338 -1.3104
0.26121 5.27333 -1.54006 1.27805 -0.46427 -1.15758 0.55402 9.67829 0.97142 -0.17011
0.08964 5.19438 -0.72743 -0.32069 -1.21712 -1.44153 0.36477 9.88843 1.25877 -0.42741
-0.05272 4.69443 -0.90898 -0.54522 0.88197 -1.33157 -0.35644 8.02429 0.84035 0.31891
0.94139 5.87009 0.41638 1.05813 -0.24218 -1.99944 -2.03874 7.47108 0.23695 -0.97822
2.84911 6.74865 -1.35143 -0.07517 -0.35558 0.07831 -0.82852 6.71031 -1.38652 -0.0615
0.66595 6.2442 -1.42981 0.38271 -1.89399 0.47629 -0.89561 6.38437 -0.18906 0.37815
0.60793 5.70813 -1.51038 -0.099 1.32169 0.5819 -1.60204 5.09048 0.73375 -0.36276
0.84034 6.72828 0.13583 -0.73928 -0.13673 0.85353 -0.68997 5.52252 0.6238 -1.05292
-0.24647 5.2627 0.92008 -1.20516 -0.53763 -1.09101 -0.98 5.09444 0.11558 -0.13914
0.44754 3.90976 2.34255 0.52963 -0.17093 -0.92529 -2.37685 5.47019 0.48791 -0.07052
0.057 4.01346 -0.52569 -0.92092 -0.5928 -0.92785 -3.41436 4.24326 -0.86802 0.18741
