0.25573 -1.26538 -2.11727 -2.51762 -7.94624 0.02749 -0.66186 -3.88306 2.55395 -0.56517
-0.20729 -0.60811 -1.93499 -2.45768 -7.59917 -0.48294 1.03143 -4.17085 -0.31544 0.82048
1.08447 -1.16009 -0.37882 0.3514 -6.83504 -1.66054 0.43792 -2.91303 1.65238 -0.60697
-2.43337 -0.42062 -0.86431 -0.62149 -6.0167 -1.39913 -0.8554 -3.62872 1.39271 -1.26096
-1.57002 -0.60506 -1.00856 0.98221 -4.74778 0.34323 -0.68451 -3.97642 -0.21841 2.16411
-2.57893 -0.42957 -1.78349 0.74509 -3.25001 0.63967 0.24844 -2.53591 1.481 2.1739
-2.23022 -0.47028 -2.03992 -0.45609 -5.65608 2.34249 -1.10281 -2.75583 -0.18421 -1.40156
-2.03621 -0.08898 -2.22498 -1.39715 -5.11895 -0.49582 -1.28491 -2.28482 -0.34853 -1.71626
-2.12565 0.14298 -1.60681 -0.16158 -3.9873 -0.07163 -2.81894 -2.70556 -0.26908 -0.01052
-0.41154 -0.00775 -1.17959 0.93227 -3.278 0.71771 -2.5692 -4.09851 -0.31723 4.14517
-2.663 1.00219 -2.4254 -0.58798 -1.95903 -0.69188 -3.08232 -4.12193 -0.14623 1.99289
-2.86685 0.93532 -1.37939 -0.02795 -3.25608 -0.13904 -4.05012 -3.91559 1.07975 1.17498
-1.28494 1.11607 -1.12709 -1.34252 -2.63791 -1.79307 -4.72863 -3.96076 -0.75884 0.45508
-2.03565 0.07633 -1.53766 -1.23533 -3.69359 -2.75445 -3.79857 -3.89033 0.8181 2.14843
-1.51885 -0.57275 -1.15459 -0.30772 -2.51774 -1.84153 -3.69932 -3.35216 -0.33242 -2.18558
-3.70788 -0.92675 -1.68211 -1.39946 -2.34966 -2.10242 -2.67997 -0.60817 0.86425 -1.5119
-2.12694 0.34471 -3.06755 -1.44753 -2.8284 -2.56309 -2.44937 -2.12229 -1.32424 0.26126
-2.84417 0.64483 -1.60897 -3.0497 -2.68315 -1.63419 -1.57322 -3.38335 -0.30748 0.9012
-0.40577 0.71082 -2.30712 -1.65408 -3.03785 -1.53122 -1.13136 -2.83779 0.4408 -0.3356
-1.58033 -0.04832 -3.32139 1.09049 -3.59981 -0.90627 -0.16997 -3.54518 -0.37895 0.2608
-0.02117 0.43255 -3.10888 -2.04857 -3.20098 -1.58101 -0.30874 -3.07859 -0.96069 0.19068
-2.18546 0.56888 -3.43101 -0.00821 -3.07119 0.05792 -0.47816 -1.51474 -0.67478 -1.76363
-2.23217 0.85478 -3.8995 0.01661 -3.43932 0.31117 0.20596 -0.30518 -0.19843 -2.11312
-0.48959 0.10875 -5.03954 -0.20139 -3.80051 -0.74848 0.7257 -1.13193 0.152 0.56946
-1.47068 -1.88511 -2.00648 -1.23852 -4.80044 -2.3281 2.51797 -0.46243 0.45863 -0.20558
-1.73174 -2.70262 0.54899 -0.16242 -6.96581 -1.26263 0.72686 -2.20631 0.73584 0.61181
-0.21965 -1.66952 0.64481 -0.08751 -7.87081 -1.25972 1.23918 -1.42347 1.53552 0.3034
-2.02254 -0.32404 -1.48147 -1.15684 -6.62918 -1.65644 1.37834 -2.34606 0.62106 0.18493
-1.78109 0.9356 -2.43126 -1.2718 -3.96604 1.00032 1.57968 -1.10897 1.32018 2.16746
-1.77027 2.04563 -2.37548 0.22113 -2.16488 -0.08397 2.07741 -0.75252 -0.2922 -0.73039
-1.19612 3.43508 -1.13437 -0.25222 -1.90941 0.712 -0.14344 -0.47327 -0.85029 -0.81346
0.83106 1.32035 -1.82763 0.1478 -1.09351 -0.17925 -1.04403 -2.59086 -0.82971 0.36861
-0.58801 0.92024 -2.75522 -0.45499 -1.48799 -1.93674 -1.74053 -2.24654 -1.38067 -1.99668
0.96022 1.6297 -0.18964 0.23432 -2.3957 0.47302 -1.32907 -0.43343 0.32618 -0.32863
0.64191 0.14705 -1.52858 -0.75318 -1.24341 -0.00801 -1.51059 0.35644 -0.77776 0.70268
0.14649 -0.21097 -2.58834 -1.1311 -0.60998 -0.50569 -0.37342 0.04268 -0.69913 -0.54976
-0.97329 -0.11845 -1.81479 -0.18618 -1.94679 -1.08895 -0.40245 0.45964 0.5394 -0.31556
-1.18953 0.40011 -0.06841 -1.12391 -3.18512 -0.24739 0.86396 0.60918 1.02097 -0.13748
-0.22795 1.09028 -0.54508 -0.25087 -3.04591 -0.22375 0.47147 1.11014 -0.01602 1.07674
1.72284 1.03546 -2.4916 -0.58447 -4.25815 1.46994 1.41933 0.78877 -0.45244 1.08297
-0.5134 -0.90332 -2.17196 1.24917 -2.8568 0.46323 0.05947 -2.38159 0.99773 1.69121
-0.23634 -1.27342 -1.19153 0.91517 -1.53326 -1.8476 1.07864 -1.28639 0.35792 -1.19776
-0.09719 -2.02503 -0.34217 -0.09892 -3.604 -1.27621 -0.117 -0.82058 0.41641 0.59534
-0.92821 -1.72926 0.48106 0.35463 -4.12323 0.54995 2.97745 -1.17796 -0.82893 -0.38422
0.08925 -0.39548 -2.57072 -0.85148 -3.82054 1.23633 2.639 -0.87835 0.47264 -0.22054
-1.58167 -1.53176 -3.36705 -0.67993 -1.93672 0.49294 2.75175 -3.00459 -1.06191 -0.00359
-0.59961 1.39107 -3.64812 0.02447 -1.73013 -1.3957 2.8653 -2.70472 1.39584 0.08004
0.20905 3.78807 -3.638 1.95495 -2.11532 1.00997 2.9434 -2.03297 0.37341 -0.47199
0.06277 2.77636 -3.5619 -0.2288 -0.49094 1.45038 2.99389 -2.88771 -0.15634 -0.43823
1.70231 1.84988 -4.05363 1.74738 -0.73463 0.23936 2.84498 -2.97103 -1.16018 -0.77906
-0.4758 0.49667 -2.40271 0.83236 -3.32133 1.46623 1.44271 -1.88103 -0.47257 -0.11471
0.30589 0.57483 -0.11613 0.91439 -3.94943 0.30086 2.11248 -3.28811 -0.87662 -0.31831
-0.09604 -1.67588 -0.85945 0.0429 -5.12328 -1.1096 1.07877 -2.65499 -1.14398 1.30339
0.2124 -1.49089 -0.35313 1.47075 -3.71178 0.22844 -0.70852 -2.56583 1.39896 0.42525
-1.12262 -0.42103 0.73043 -0.87516 -3.33242 -1.22179 -0.55827 -4.28087 0.19243 2.01494
0.20619 -0.39924 -2.14076 1.03446 -3.7162 0.2367 -0.49197 -3.5586 0.55965 1.36209
-2.75669 -0.63282 -1.60575 -1.6844 -1.85668 0.87877 1.42666 -2.20079 -0.58469 -0.82353
-2.9935 -1.34816 -1.21845 -0.80838 -2.10067 0.9009 -0.32608 -3.08904 -0.73942 -0.66528
-2.84435 -0.86885 -0.11127 0.2898 -1.9196 0.81352 0.90161 -0.66078 1.49158 -0.05362
-0.24656 -0.48074 -2.17888 1.60404 -1.60219 -0.49911 -1.13921 -0.76192 -1.17613 1.95229
-2.17516 -2.32923 -1.18533 2.02203 -2.15381 -0.45154 -0.29347 -1.69904 0.25674 0.35915
-1.15981 -1.46147 -0.58617 1.02391 -0.40176 0.5161 -1.26976 -2.24841 0.91051 -1.84563
-3.02529 -1.25194 -0.13454 0.37398 -1.47356 0.06205 -3.13581 0.45898 1.30773 -0.23285
-2.41411 -0.87087 0.39115 1.3151 -1.43761 -0.77647 -1.52935 -0.35072 0.72154 -0.43903
-0.85748 1.15749 -0.65847 -0.67243 -3.61691 -0.52863 -0.53036 -0.11249 0.28295 -0.30474
-1.28048 -0.18104 1.60169 -0.8512 -3.48446 0.7448 -1.61707 -2.16413 2.23413 0.91273
-1.72358 1.19115 1.86537 -0.72334 -0.39069 0.22944 -1.30084 0.04886 -0.12195 -1.12701
1.63686 0.83696 0.74894 0.96182 -0.99073 1.11127 -0.42483 -1.83467 -0.22595 -0.36958
-0.34768 1.13685 1.53477 -0.17126 -1.20152 0.4537 -0.97587 -1.43218 -0.88484 -0.96832
-0.50923 0.64565 1.25957 -1.57056 -1.08207 0.08123 -0.32185 0.97971 0.24318 0.60429
0.74987 2.35699 1.94353 -1.19037 -2.0484 -0.01767 0.22853 1.76544 1.8535 -0.42189
-0.77065 1.20324 1.42841 1.1145 -1.32299 0.1548 0.74511 -0.30132 -0.09658 -0.95531
-1.23383 0.71953 1.29926 -0.77381 -1.70068 -0.77299 1.67345 -0.91122 -1.39039 1.30302
-0.64826 0.66981 1.6054 0.48427 -0.1214 -1.89059 0.8715 1.44612 -2.00283 1.34645
-0.65246 1.04183 1.15882 -0.66204 1.25727 -0.1608 1.22277 0.73212 1.17376 -1.13974
-1.44219 0.13292 0.07986 0.0923 0.38114 -0.60331 4.30526 0.72372 0.21677 -0.48096
-2.72968 0.44145 -1.78856 -0.21622 2.32211 1.76369 3.0781 0.18566 0.18852 0.29265
-0.40197 -0.19925 -1.34339 -0.70061 1.08113 -0.3786 3.01471 0.71266 1.32545 -2.23967
0.4708 -0.84581 -3.78163 -0.80763 1.57175 -1.08175 1.30233 1.39459 2.20855 -0.12402
-0.88433 -0.98971 -2.91179 0.1042 1.34139 0.69948 0.85982 -0.01764 0.3551 -0.30648
-1.16583 -1.91383 -4.42199 -0.41072 1.40849 1.52878 -0.13703 -0.36038 0.72691 -0.92484
-1.20544 -0.65221 -4.39463 1.17901 0.88857 1.08748 -1.27364 -0.79671 0.22224 0.50313
-1.26557 -1.04729 -3.97773 0.49633 -1.14759 -0.14212 -1.87848 -1.80475 -0.41332 -0.89278
-0.19104 0.15857 -3.24573 -0.82875 -0.75087 0.46508 -3.46025 -3.786 0.17505 0.09898
0.87576 -0.58602 -2.73486 -0.70565 -2.03964 -0.30213 -3.10588 -3.64404 -0.69288 1.38372
0.05377 -0.16034 -4.2009 -1.05632 -1.57777 -1.40525 -3.48148 -3.70122 0.39419 -1.84077
-1.42946 -0.91453 -2.16931 -1.09199 -2.18367 -1.36371 -3.64501 -2.02872 1.7646 -0.2254
-0.31317 -0.46553 0.20978 0.048 -4.9942 -0.95545 -5.3148 -1.17928 1.22172 0.36187
-1.08082 -0.32722 0.72945 -2.51605 -5.25348 -2.43363 -3.68637 -1.2278 1.35898 -1.68005
0.25385 -0.56087 -0.35653 -2.86668 -5.61451 -2.69503 -5.99673 -1.93713 0.40903 -1.49154
-1.17253 -0.16671 -1.56034 -1.41624 -5.2396 -0.69187 -4.3847 -2.83291 -1.84068 -1.10764
-1.0499 -0.24927 -2.33349 -4.10846 -2.34305 -2.41848 -5.27486 -1.5768 -0.57423 -0.97808
-1.13088 0.70199 -2.08314 -4.20617 -0.2418 -2.03038 -4.33018 0.65789 -1.35956 -0.09732
-0.12442 -0.15695 0.21551 -2.69804 -0.17233 -1.62398 -4.04092 -0.35663 -1.546 -1.67853
-1.7686 -1.13176 1.76488 -4.17632 -0.41821 -3.26994 -2.50822 -0.034 0.26606 -0.72888
0.5873 -1.98371 1.34143 -2.25116 -1.15504 -1.38495 -4.04283 -0.63917 -0.24401 1.56065
0.24413 -1.3662 0.51251 -2.22123 -2.27725 -2.28416 -4.28743 0.88512 0.71288 -0.24514
-0.18266 -0.41104 -0.65819 -2.14637 -0.3897 -2.45091 -3.77446 -0.39164 -0.70822 -2.16808
0.87875 -0.98883 0.52997 -1.10357 -0.74275 -1.34382 -5.28855 1.32855 -0.93018 -0.73529
-1.34 0.48687 0.69406 -2.06442 -0.56605 -2.25076 -5.4878 -0.95356 -1.89429 -1.28376
-2.65162 0.58832 1.96484 -2.24743 0.94186 -0.32318 -4.52954 0.39789 0.87246 -1.34525
-2.13353 1.40228 -0.27048 -1.5333 -0.0205 -0.48509 -3.64953 -0.58346 0.50102 -0.82995
-0.2837 0.48357 -1.48802 -1.83461 -0.58503 -1.75393 -4.11699 0.1467 0.41007 -1.20082
2.12355 -0.75375 -3.13541 -2.35018 -0.6454 -1.7206 -3.47041 1.33255 0.00918 0.60504
0.44931 -1.51213 -3.54952 -1.67139 -2.92745 -1.62226 -6.7184 0.09789 1.49098 0.30247
-1.09367 -1.81247 -2.01662 -0.59792 -2.13867 -0.98568 -5.19378 -0.67471 1.51844 1.10451
0.22057 -2.44622 -2.7639 0.34577 -3.24433 -3.97481 -4.84127 -0.43664 -0.64784 1.66138
0.09466 -1.14517 -2.47109 -1.03393 -2.42765 -0.82228 -3.22985 1.02934 -0.36554 -0.99781
-0.72492 -0.52886 -2.32232 -2.08497 -2.10394 -3.84042 -2.92924 1.75107 -1.63599 0.15522
0.82278 1.10987 -3.25349 -1.8019 -1.93124 -2.40751 -0.59795 0.67017 0.37266 0.17645
1.40033 -0.03929 -3.56001 -2.46599 -1.39004 -2.03135 -0.75534 -1.2273 -0.50821 -0.69369
1.30475 -1.22704 -5.36148 -0.39629 -2.38648 -2.49116 0.56037 -0.69297 -0.68346 -0.71021
1.99098 -0.7118 -4.10921 -0.87915 -2.52511 -2.03269 2.04954 -0.90511 0.59749 -1.05382
-0.73535 0.26647 -3.30026 -1.89374 -3.21943 -0.94713 3.5627 -1.65285 1.17322 0.93879
0.28734 0.16548 -3.59815 -0.86482 -3.6525 -0.17991 2.95941 -1.99759 0.54517 -0.55702
0.4828 0.15709 -3.34801 1.2126 -4.04984 -1.86208 2.61449 -1.85821 1.04214 -2.42693
-1.52191 0.88317 -3.33359 -0.0298 -3.27983 -0.47435 1.32137 -5.60107 1.95673 -0.28078
-0.27377 -0.18599 -3.16896 1.18589 -3.65434 1.98819 3.27558 -4.28934 1.17785 -0.63727
-2.50177 1.43206 -5.07599 1.83216 -4.38633 2.03076 3.54283 -3.54716 -0.9658 -1.01612
-1.27558 -0.52081 -4.36565 1.16341 -5.84497 0.70799 4.23127 -3.14129 0.37812 0.49305
-0.77913 0.33846 -3.12794 2.09867 -6.17191 1.41216 3.08421 -1.39899 0.784 2.85473
-1.51986 0.50978 -3.6029 1.60903 -4.9939 2.65047 4.22424 -1.55073 0.37925 0.98897
-1.58354 0.74176 -3.09244 0.11861 -6.28688 3.51798 3.38356 -2.21623 -0.06133 0.13989
-1.57212 0.96764 -3.23575 0.03796 -6.90358 2.26983 3.46192 -2.93073 -0.80715 -2.01321
-1.64604 0.44527 -3.25295 0.93245 -5.2201 0.88614 3.41099 -3.67835 0.2203 0.10495
-1.17595 -1.50989 -1.43243 0.97762 -3.80049 1.43306 3.00789 -2.7204 1.66389 0.18321
-0.27189 -0.64942 -1.08622 1.8215 -4.13691 0.45724 2.06875 -1.40003 0.71393 -0.44988
-2.94896 -0.1366 0.26617 0.64991 -3.36031 -1.04699 3.40935 -1.72763 -1.26902 0.78976
-2.78722 0.46806 0.59611 1.59226 -3.87384 -0.5386 4.03871 -2.79211 -1.04693 -0.40217
-0.45087 1.36836 0.26026 0.21602 -1.504 -0.26425 5.11567 -2.46132 -2.54945 1.45162
-1.68549 0.47514 -0.18215 0.54422 0.60459 -0.7011 5.84315 -2.49724 -1.54516 -1.80635
-0.62777 -0.3565 -1.50001 1.64752 0.50164 0.58931 4.09507 -2.12484 0.91099 0.5784
1.06537 -0.3669 -1.87385 1.4165 -1.12258 3.31019 2.8779 -0.8087 -0.00106 -1.00842
-1.38751 -0.15465 -2.74222 2.46905 -0.80697 2.94905 4.74971 -0.05382 0.15379 -0.66561
-0.06716 -1.12692 -3.26845 0.71116 -1.37179 3.32982 3.43767 -0.6466 0.16082 -0.23158
-1.24984 -1.99509 -1.78581 0.56816 -1.63666 2.14327 4.15906 -2.53 -1.05542 -1.37404
-2.92401 -0.96291 -0.01043 0.53685 -3.19101 3.1437 4.23394 -1.55578 -0.40003 0.73296
0.3283 -0.3761 1.73644 0.82322 -4.25407 3.11313 5.28941 -1.35666 0.29237 0.29283
0.01464 0.33125 1.61973 -0.97116 -4.51523 0.35152 5.03167 -1.41489 -0.4303 1.56294
-0.21127 -0.80571 0.91984 1.89761 -2.80308 1.91078 4.17049 -0.72695 -1.34472 -0.16811
-0.64573 0.71914 1.99696 1.27953 -5.56364 -0.15611 4.62496 -0.40926 -0.71247 1.72871
-0.51625 0.48047 2.22784 1.50648 -4.20087 2.21713 4.27598 -0.51153 -0.40488 0.39868
-1.01471 0.64175 1.35873 0.2758 -3.61407 2.22123 4.62974 -0.77657 0.86881 0.10671
-1.31301 1.0072 1.83808 0.87232 -4.40903 -0.04816 6.05095 -0.4384 0.42074 0.25127
0.71531 0.62556 1.95603 1.1046 -3.34924 1.96963 5.49562 1.03542 1.13118 0.1431
0.77621 -0.42231 0.79437 1.42192 -2.40773 0.79437 6.34936 0.98424 0.82047 -0.02967
-0.77293 -0.22883 1.12875 3.0699 -3.695 1.14553 3.66718 0.29964 0.17289 -0.68464
0.13792 0.05323 0.33869 1.57294 -2.0711 2.15667 1.90601 -0.35262 0.19269 0.69105
1.70673 -0.07646 -0.70922 2.68872 0.19298 1.52467 1.80506 -0.10829 1.2958 1.42406
0.65356 -0.8899 -0.38469 0.8556 -0.25589 2.67667 1.73005 0.6423 0.90637 0.22955
-0.88788 0.91928 -0.30397 1.63544 -2.23216 1.36049 -0.4624 -0.42863 1.85635 -0.71886
0.3813 -0.94178 -1.3111 0.08965 -2.10445 -0.07092 -1.37819 -1.25992 0.65302 0.87294
0.4974 0.28039 -0.02824 1.24343 -3.19903 0.65009 -1.18882 -2.0416 -0.9786 -0.85922
-0.16717 -1.28469 0.87263 0.1729 -2.41192 0.07925 -2.64205 -2.03699 -0.93128 -0.19718
1.07215 0.04209 0.61449 -0.25929 -1.96809 0.22887 -2.70474 -1.26721 -0.26986 -1.06703
0.30032 -1.32151 0.47265 -0.26888 -0.2245 -0.52523 -3.85519 -2.2109 0.55518 -0.3246
1.06312 -0.68869 0.67666 0.3755 -0.27907 0.32253 -1.4365 0.65839 1.46265 -0.32444
0.38294 0.57044 0.48466 -0.66165 0.64174 0.04177 0.24108 0.24957 -2.10281 1.3194
-0.77119 -1.72342 0.7281 -2.04205 1.47069 0.96386 -0.17158 -0.34365 -0.09755 1.37224
-0.29073 -0.53562 1.86619 -1.26248 2.91444 -0.61775 -0.43563 0.44039 0.41567 0.01274
-2.18909 -0.12823 1.54491 -1.75109 1.1602 -1.71121 -0.59873 0.72982 -1.2685 -0.2329
-0.93112 0.24831 3.82508 -0.84705 0.27226 -0.48031 -0.48692 1.01103 0.744 0.72695
-0.52161 -0.80106 2.45755 -0.39676 1.25592 -0.80193 -0.17116 1.66139 0.22727 -0.55032
-0.82062 -0.66748 0.67785 0.06855 1.94222 1.37717 0.00739 1.23164 -0.48474 -1.14291
-1.77253 -1.31341 0.89122 0.93292 1.71027 0.55912 0.00881 -0.36686 1.48296 -2.55235
-1.36258 -0.94541 2.14666 -1.53516 1.70032 -0.05402 -2.19727 0.78642 0.69791 -1.85975
-0.04468 0.59712 1.35684 1.00418 1.37953 1.51399 -3.07848 -0.29391 -0.35462 -2.13811
2.35832 -1.0248 1.57743 0.98511 0.94245 -0.37787 -3.18854 0.00143 0.28692 -2.02326
1.02559 -1.17885 0.18414 -2.54768 0.78271 1.71983 -4.2287 1.70877 0.27513 0.28541
0.49791 -1.26621 0.59228 -1.5568 2.0676 1.37618 -2.83838 2.39516 1.04146 -0.51257
2.34361 0.21136 0.05176 -2.0257 4.11911 1.51882 -2.52242 1.03916 -0.19885 -0.31984
1.89413 1.00469 0.41922 -2.23366 3.62377 -1.58221 -1.52406 -0.53643 0.13659 -0.1214
0.95534 1.05265 0.95382 -0.42481 3.13304 -0.65546 -0.73923 0.85188 0.86953 -0.63162
-1.19175 1.11775 0.3681 -0.7113 0.8655 0.77452 -1.41503 0.55138 1.06455 -2.38011
0.22801 1.49727 1.16295 -0.01752 0.28038 -1.98093 -0.23845 -1.51309 2.02193 0.94842
0.20218 0.19007 0.93776 -2.27974 2.52568 -1.59631 0.08667 -1.68208 1.91204 -0.42151
-0.14219 1.0815 1.47017 -1.07231 1.6222 -1.04278 -0.5005 0.59388 1.52285 1.64342
1.06506 -0.52748 0.82564 1.04587 2.58847 -2.1358 -0.59164 -0.15627 0.60908 -1.05216
1.15546 -0.18545 0.90348 -0.39181 2.66596 -1.89728 -0.34933 0.56434 0.15394 -0.54165
0.05218 -1.04928 1.43251 -1.38059 4.29273 -1.8597 -0.74079 -0.56432 -1.63847 0.16555
-2.16476 -0.35694 0.40751 -0.82734 5.01993 0.59032 0.75626 2.19741 -0.66026 -0.1352
-0.48607 -1.78463 0.1527 0.31684 6.68791 -0.04779 1.8924 1.99719 -0.46124 -0.10384
-2.43927 -2.23083 -0.15797 -0.93241 7.12877 1.20694 1.64324 -0.27582 -0.64999 0.37913
0.00697 -0.27801 -1.34917 0.11377 6.25207 1.61591 1.52824 0.70203 -0.49812 -0.58431
0.07852 -2.53995 -1.17316 0.41297 3.85113 0.43283 0.98932 -0.83045 0.40491 0.13276
-3.25602 -1.00711 -0.71691 1.716 2.57782 0.34426 1.0849 -1.13205 2.10556 0.08734
-1.2291 0.63971 -0.04856 2.27257 2.91377 1.00514 0.02845 -1.38657 -0.29768 0.27136
1.12312 -0.3109 0.19503 0.72988 2.26402 1.40983 -2.13033 -0.4097 0.30019 -0.06432
-0.49639 0.1456 0.00283 2.04034 0.77913 1.11602 -0.85411 -0.21324 1.01482 -0.08741
-2.01638 -1.69505 0.99916 0.81965 1.35261 -1.42113 0.80484 -1.25816 -0.84542 -1.60263
-2.09898 -0.13489 1.41151 -0.5416 1.60316 -2.33387 0.02693 -0.7042 0.12437 -1.54016
-2.1546 -0.58828 2.02727 1.61823 1.20104 -0.60995 -0.31726 0.10472 -0.01869 0.71906
-0.43523 -0.50146 2.63275 0.44548 1.28246 -2.62827 -1.86941 -0.33394 -0.94516 0.3461
0.17234 0.76692 2.14828 -0.51067 2.21067 0.00119 -3.05234 0.01733 0.15086 -0.31553
1.40616 0.06826 1.41874 -0.63951 0.56036 0.20977 -3.47709 0.31224 0.80751 -0.71147
0.42794 1.73195 0.17199 -2.36835 1.32098 -0.65317 -4.37921 0.17163 -0.06722 0.18502
-0.21358 2.48955 1.13766 -1.45497 2.10982 -1.70058 -4.39278 0.43375 -0.71478 2.05547
0.73286 1.88723 1.44729 -0.71462 1.38333 -0.42783 -4.80051 0.23245 -0.08045 0.17668
1.42314 0.56434 1.22492 -1.68641 0.91487 0.11953 -3.70567 0.50661 0.00736 -0.27463
0.1124 -0.25809 -0.14168 -1.19715 0.10298 -2.70733 -3.06396 -0.30743 1.74041 -1.21101
1.11016 0.2185 0.78625 -1.14956 -0.49326 -1.59136 -5.17715 0.77923 -0.44485 -2.36414
1.00946 -0.94531 0.55929 -2.09574 -1.9412 0.50026 -2.78011 1.26667 -1.81867 -2.11121
0.10997 0.45806 1.20252 -2.64448 -1.73099 -1.80087 -1.4792 0.35174 -0.85101 -3.02389
1.21169 0.1162 1.88399 -1.45056 0.3277 -2.46892 -1.12982 0.73553 2.17508 -3.17071
1.24506 2.05175 -0.27493 -1.49762 0.20191 -3.01997 0.38354 0.17126 2.35919 0.76173
0.37512 -0.62492 -1.19274 -2.16272 -1.27507 0.09376 0.34553 1.08777 0.22992 1.01138
1.58435 -0.67599 -2.20445 -0.82352 -0.96462 -1.62213 -0.29314 1.12549 0.50659 -0.38947
0.29668 0.37829 -1.85753 1.23174 -0.67063 0.88849 1.33526 1.84445 1.69322 -1.19375
-0.17266 1.70079 -1.08005 1.4195 -2.60567 -0.58731 1.59186 -0.50513 -0.61611 1.31533
-0.37494 0.02583 -1.28887 2.4599 -0.32506 -1.11248 3.24637 -0.15958 -0.11128 0.52631
0.5587 0.4189 -1.2375 2.50738 -0.57617 1.22144 3.86379 0.38781 -0.19475 0.13672
-0.64113 0.40555 -0.13245 0.41182 -1.49481 -1.30391 4.48036 -0.46503 -0.61723 0.51989
2.29148 0.79371 0.11278 0.22901 -0.65512 1.80306 3.31631 -0.28407 2.35427 1.74631
1.5856 -0.25885 1.09685 0.8534 -2.02719 2.41398 2.74872 0.30419 1.02366 0.84573
1.80034 -0.17898 0.90789 1.12467 -1.77187 0.40673 3.39542 -0.52112 1.58083 0.47988
1.19706 0.76256 0.17352 -0.26544 -0.37136 0.47166 2.19193 0.64368 0.78359 -0.02048
0.17351 -0.06951 -1.45004 -1.03286 -0.49314 0.25 0.80133 1.49609 1.8864 2.25151
-0.0403 -0.44806 -1.31577 -0.01264 -2.14352 1.13116 0.09323 2.19873 0.59552 0.45328
0.42675 -0.90887 -1.1788 1.21868 -0.74623 0.53555 0.87366 2.04498 1.04558 0.83516
0.88138 0.66963 -0.8842 0.9932 1.16447 2.02881 0.29446 1.01989 -2.71876 1.62577
3.22113 -2.13066 -1.67275 -1.12826 3.69715 1.63949 -0.19404 -0.83515 -1.96763 -0.86038
3.27678 -1.43312 0.4373 1.57547 3.6441 0.26784 -0.75485 -1.25491 0.21406 0.25092
1.24722 -0.24702 0.39407 -0.37826 3.28374 2.75086 -0.92309 -0.0771 1.08907 1.02545
1.26457 -1.33194 1.76702 0.22491 1.52864 3.54795 -2.7237 0.14057 -0.4876 -1.09761
1.20171 -1.89633 2.23551 -2.35208 0.42049 1.01169 -0.4839 -0.23297 0.2905 -0.58133
-2.03485 -1.49318 1.86703 -1.76722 0.24214 0.88809 -0.15426 0.8342 -1.69048 0.42033
-1.51199 -0.00887 4.77077 -0.20879 1.03421 -0.73523 0.82459 2.07662 -0.46314 1.94355
-0.17406 -0.22349 5.79021 0.36714 1.47677 -0.04524 0.68728 2.15784 0.14493 0.19258
-0.8824 -1.70853 6.21081 0.52997 0.41693 1.83044 0.20243 0.88471 -0.40347 -0.78637
-0.36532 -1.4217 4.5852 1.15301 1.14291 1.24749 0.43898 3.92399 -0.55099 -0.19212
-0.33691 -0.86326 2.14189 2.25615 2.19601 -0.66991 1.43202 3.0449 -0.54422 -1.23786
0.25426 1.93577 3.3198 2.89726 2.60686 -0.1003 0.64622 4.03734 -0.28328 -1.29808
-0.44373 0.42436 3.72095 0.58567 2.59666 -1.01996 0.85632 4.24795 0.67656 -0.48523
0.74022 0.93442 2.11821 -1.33768 2.47381 -1.87998 1.05588 1.8317 0.5404 -1.08881
2.75192 0.90598 -0.62536 0.43795 3.56422 -0.70643 2.06743 3.10428 -0.10869 -0.25204
1.40264 0.46711 -1.28823 -0.71415 4.69915 -0.67052 1.23856 1.4582 -0.48227 -0.94666
1.73661 -0.48018 0.28894 -0.22113 5.17695 -0.5162 0.41037 0.52198 -1.26398 -0.93856
0.2683 0.01071 -0.89312 1.07418 3.78835 0.54638 0.74991 1.89766 -0.04103 0.83256
1.00112 1.12432 -0.90943 1.56615 5.23034 0.41126 -1.24919 1.01297 -0.55816 0.60197
2.02346 -0.29569 0.03166 1.1908 4.48168 0.38563 1.26863 1.16525 -0.45068 1.94082
-0.13197 -1.07849 1.15826 0.45747 1.56679 0.03452 0.2445 2.52903 -0.51822 -0.8898
0.29926 1.41643 1.79443 -0.11649 0.09459 -1.21067 0.7053 0.92879 0.06991 0.23949
-0.39508 0.31948 0.58313 1.3101 -2.17158 -0.30273 0.79629 0.73044 -1.02536 0.97904
0.92333 -0.37287 2.43272 -0.64848 -1.78047 0.03158 1.30578 1.25461 -1.03536 0.1005
0.95793 -1.33128 0.68147 0.56105 -1.03381 -0.53615 1.97356 1.50977 1.47781 -0.17536
0.89393 0.27377 -0.19129 -0.28083 -1.64357 -1.12692 1.21256 1.14688 -0.71647 1.62904
0.42696 1.52619 -1.06887 -0.07145 0.09341 0.12301 -0.26746 2.27811 0.037 1.00609
0.84397 0.5326 -1.42955 -0.39213 2.14752 -0.10957 0.15279 2.91319 -1.50554 0.59578
0.59328 -0.00084 -0.52401 -0.37511 -0.82205 0.51086 0.13212 0.61778 -1.63838 -1.34798
-1.9954 -0.02355 -2.63168 1.08141 1.03325 0.16899 0.76475 2.28824 -1.84265 -0.3886
-1.34055 0.50991 -1.82278 0.1194 1.53809 -0.37255 -0.13186 -0.12301 0.13226 0.02738
0.29794 -0.53331 -1.0941 0.23417 1.92111 1.69692 -0.06738 1.61648 0.46868 -0.07523
1.91583 0.62943 -0.56419 -0.59308 0.64858 1.21579 -0.43592 -0.04705 -0.29581 0.02473
1.4448 0.59421 -0.15764 0.70542 0.44429 0.94146 0.18557 -1.7555 0.57825 -0.28269
-0.69353 1.32326 -0.65578 -0.15007 -1.0705 -2.03205 -0.57672 -1.17173 0.13746 0.58467
1.32798 2.18906 -0.68555 0.19056 -1.02614 -2.51175 -1.4094 -1.32538 -0.52234 -0.64451
1.49587 2.03401 0.78671 -0.51728 -0.31695 -1.16504 -2.45084 0.36669 0.08116 -0.14405
0.68481 2.04618 -0.23041 0.27855 -1.67396 -0.90287 -1.56164 0.83079 0.6524 -0.14849
0.13402 1.41128 -0.42544 -0.95686 -0.79306 -0.87501 -0.97841 0.993 -0.57116 -0.94554
0.22273 -0.84448 -1.41189 -1.48445 -0.30519 -0.95543 -1.04902 1.03918 -1.92522 0.93988
-0.72007 -1.1934 0.19526 -2.07348 -1.11722 -1.02341 -1.68412 0.81317 -2.11742 0.83304
0.43835 -1.63482 -1.02528 -1.13688 -1.00072 -0.97661 -2.12095 1.32462 -0.2526 -0.70626
0.00438 -1.13267 -1.33999 -0.51666 0.13784 -0.58406 -0.64539 -0.60801 0.12041 -0.80495
-0.17495 -1.15414 -0.03232 -1.75223 -1.39674 -0.06481 -1.31393 1.30342 -0.75847 -1.60655
1.07187 1.0256 -0.45897 -1.29951 -2.43274 -0.74009 -1.29707 0.75206 1.08075 -0.78902
0.88924 0.36579 -1.98832 -0.12835 -5.16825 0.4897 -1.26954 0.03853 -0.61233 -0.29271
2.43081 0.31958 -1.16202 -0.71546 -4.39605 1.47405 -2.74181 -0.46239 -0.04251 -0.23922
1.02268 0.0304 -2.22781 -3.09107 -3.97932 -0.53731 -3.17437 0.12147 -0.37581 -0.0397
2.17031 0.31024 -2.89542 0.15696 -5.53421 -0.81107 -2.31863 0.82916 -0.70465 -0.74272
1.26004 0.88216 -2.11795 0.03827 -5.51036 -0.87241 -3.28966 0.25273 0.18908 -0.59535
1.30279 -0.38329 -3.97993 0.11212 -6.12813 -1.32357 -3.94476 0.39619 -0.17372 -0.29174
2.40982 0.36438 -3.20612 -1.51654 -5.38652 -0.19119 -3.77981 0.47793 1.15831 0.60986
1.87107 -0.12823 -3.30098 -1.25482 -5.07669 -1.22023 -3.32433 -1.23475 0.61968 -2.71671
1.9353 -1.20475 -3.61553 -2.16144 -5.1915 0.47231 -4.60849 1.05285 -1.30864 0.39871
2.27704 0.02015 -2.48793 -2.69333 -4.63444 -1.18513 -4.55326 -0.10214 0.80428 -0.13529
2.54513 1.04077 -1.56817 -1.72667 -2.14316 -2.11928 -3.41044 -2.43199 -0.10168 1.88236
0.23258 1.37958 -0.99888 -3.32409 -3.4379 -0.5728 -3.23705 -1.22942 0.04385 -0.36628
1.19836 2.63432 -2.01997 -1.98554 -4.15546 -1.11444 -4.02856 0.64652 -0.44545 0.18594
1.4671 0.69663 -1.84858 0.18064 -4.73486 -1.98576 -5.86859 -0.28536 0.59904 -1.40888
1.97847 1.15377 -2.36288 -1.52085 -3.80223 -2.0429 -4.95613 -1.35187 1.96166 -0.39322
0.30969 1.89406 -4.1798 -3.03832 -2.91135 -1.2666 -4.06646 -1.99903 2.78165 -2.38797
-0.27407 0.83602 -3.89334 -2.88167 -1.28139 -1.50991 -4.9309 -0.34974 -0.11094 -2.27993
0.39198 0.88211 -4.36208 -1.477 -1.71265 -2.30125 -2.44451 -0.01364 -1.90339 -2.35017
2.22362 1.3439 -4.42613 -0.89905 -2.67036 -2.71344 -1.07308 1.06942 0.27495 -0.70266
0.78724 2.77915 -2.86637 -1.7182 -2.20233 -1.88625 -1.29907 0.04385 0.88555 -0.77047
0.55077 2.49357 -3.24954 -0.3325 -1.99173 -1.92447 -0.73469 -1.65408 1.90131 1.0544
-0.52843 0.40886 -2.48354 -0.11149 -4.31777 -2.337 -0.00759 -1.66667 -1.62664 -0.57836
0.17636 0.12091 -3.10081 -0.4714 -6.66028 -1.19025 -1.43577 -1.26438 -0.45174 -0.22241
-1.20618 1.31886 -3.27024 -0.82374 -7.07447 -0.54339 -1.68043 -1.57977 -0.91015 0.21184
2.83479 1.00359 -3.80209 -0.98262 -7.32329 -0.76169 -1.06217 -1.46587 1.10104 0.09669
1.30646 0.21933 -2.31749 -2.16479 -6.25797 0.51383 -0.64141 -1.02773 -0.20733 0.19203
-0.38086 -0.84651 -2.57746 -1.44845 -4.86606 -1.36854 -2.49844 -0.92091 1.08602 -0.19206
-0.7445 0.14971 -3.29699 0.14363 -5.64524 0.9893 -2.42051 -1.94502 0.78041 0.61447
0.55355 0.53209 -3.8702 0.51183 -5.72097 -0.14286 -2.6559 -0.17614 0.74568 -1.61044
-1.28273 -0.69077 -4.44044 -1.24835 -2.73661 0.9345 -1.80474 -1.47538 1.03836 -0.04314
-1.14678 0.29979 -3.36815 -2.32845 -2.40262 1.45592 -0.14788 -1.50673 0.17865 -1.39328
0.4837 1.01933 -2.55229 -1.39171 -3.38505 1.50418 2.26229 -1.27888 0.80178 -1.67163
-1.26677 2.82195 -1.32945 -0.58488 -3.58147 -1.54522 3.27733 -2.9106 -0.70098 0.60185
1.02401 1.35283 -0.75858 0.74745 -3.10398 -0.53032 2.45091 -3.99065 -0.06108 -0.47599
1.67691 1.8199 -0.53843 -0.74194 -3.03261 -1.64575 1.82509 -2.10236 -0.12976 -0.01626
