1.87974 1.77228 -1.15818 -2.19027 11.58176 1.95218 1.84227 -1.42367 1.44571 1.54006
-0.66396 1.61326 1.60417 -0.26634 10.14783 3.18834 0.55441 0.38248 0.44959 -0.2119
0.13868 1.6317 0.30965 1.1277 12.09833 2.45388 -1.09564 1.24108 0.6311 0.01551
0.45298 2.08283 -0.08018 1.34591 13.55419 1.64245 -0.70702 0.4015 -0.36911 2.44206
-0.79646 3.16334 0.04327 1.75276 11.51699 2.71763 -0.65778 0.96818 1.0455 0.74119
-1.11236 2.94816 -0.24088 -1.34489 12.39268 2.62211 -0.35562 -0.18597 -0.52556 -2.28047
1.37453 3.60765 0.67441 -1.18783 12.9948 3.77006 0.19357 -0.30347 -1.55458 -0.08709
-0.74707 3.61923 0.70261 -1.64294 12.61864 3.32495 0.09175 1.55109 0.57725 -0.74401
0.32517 4.85059 -2.60522 -1.22186 12.0449 2.70747 0.83312 -0.51925 -0.77219 -1.20342
0.32452 3.40904 0.82208 1.54839 14.55454 1.58438 0.16703 -0.43755 -0.21992 -2.23928
-1.19406 2.95363 -0.26281 0.89224 12.893 1.75307 1.49619 1.49147 -0.61516 -2.65408
-0.11686 3.47324 2.07944 1.71703 11.7489 -0.24212 0.54201 -0.7634 0.12751 -0.1625
-0.87946 4.52485 0.07737 3.26384 11.27508 1.89709 0.51705 0.45334 2.13668 -0.81379
1.02529 5.59365 -0.94039 -1.69303 11.99588 3.52837 0.6882 -0.61704 0.39794 -1.17131
1.08488 6.70385 0.81991 0.24861 11.31488 4.12456 3.21352 -0.27611 0.29067 0.18459
-0.22924 6.45929 2.43026 -0.9769 13.97293 4.16603 0.02297 1.2146 0.11084 1.00769
0.59442 5.63379 -0.4418 0.52876 16.07547 5.20021 -1.25361 0.22126 0.13858 1.25428
1.12668 6.4284 0.68339 -1.79005 15.76236 3.76931 -2.49251 -0.28435 -1.36896 -0.84322
-2.55737 6.61854 -0.19133 0.61674 14.34247 3.40046 -1.73788 0.44404 0.18444 0.04127
0.78793 5.84092 -0.72832 -0.65575 13.90462 2.78235 -1.34093 -0.13938 -1.02246 -0.16121
0.31952 4.1073 0.67223 -0.36342 13.55461 4.22032 -2.11814 -0.21166 -1.23414 -0.94648
-0.73639 3.45407 1.35533 0.59049 14.45687 4.59719 -0.52931 -1.20171 0.76418 1.09506
-0.41979 4.14092 -1.36909 -0.58211 12.35234 3.3401 1.36497 1.16277 -2.27883 0.00236
0.3947 4.55871 0.16935 3.09198 11.34514 1.75497 -0.65386 0.4278 -1.54725 0.72631
0.02807 4.34512 -0.01659 2.68953 10.3016 2.0648 -0.56016 -0.16967 2.43365 -1.41021
-1.76311 5.55411 -0.78691 1.32007 10.57542 1.90102 0.62368 -2.44357 1.60832 -2.01036
0.64316 4.63213 -0.91889 1.56821 8.46482 0.93867 -1.16746 0.45873 0.139 -2.16795
0.25968 4.82964 -0.77727 0.11979 9.24049 3.77345 0.34937 0.06994 -0.16702 -1.57165
-0.21137 4.43412 -0.50221 1.11032 10.02877 3.83245 0.0476 0.16644 -1.18936 -1.52734
1.10964 3.15633 -0.99936 0.34019 9.63742 3.31148 1.53303 0.37047 -0.65829 -0.47924
0.54223 4.00136 0.14844 0.95956 10.13514 3.53713 1.74754 0.43986 -1.29945 0.22523
1.32782 4.87148 0.66651 2.12713 9.04716 2.95641 0.37781 -0.35933 0.18657 0.71038
0.38937 5.11055 -1.50208 1.32285 9.5688 2.16167 0.01184 -0.97761 0.62214 1.66752
-0.59309 3.1951 -2.18648 1.19953 8.41371 1.33295 1.06051 -0.32965 0.28286 0.81676
-1.17565 2.63137 0.99403 0.42046 8.97687 3.70913 0.51429 -0.70769 0.19671 0.58246
-0.27606 3.54245 -0.37318 0.04043 8.09284 2.53965 -0.18087 -0.53655 -0.44674 1.0016
0.83342 2.9879 -1.00569 2.4902 8.6416 2.66866 -0.66207 0.10878 2.30487 0.46127
1.53054 3.82247 -0.51256 -1.64214 9.8947 1.23297 -0.41609 -0.16234 2.41101 0.89896
-1.20795 2.44488 1.47875 0.71998 11.21357 1.13562 -0.30024 0.12214 1.67635 0.16792
0.30072 0.92133 0.23784 2.78761 11.39982 1.50017 -1.64328 -0.52263 -0.88749 0.74578
-3.53147 1.08115 -0.65193 1.90175 9.20671 0.94111 -0.94635 0.73657 -1.15983 -0.69434
-0.45558 1.60078 -2.43884 1.40937 8.91595 2.02038 -1.36496 -0.52193 1.03029 -0.82929
-1.73392 1.73684 -0.18494 -0.25074 9.90679 2.72455 -0.76718 0.65318 -1.55353 -0.15953
-0.37058 2.28174 1.16705 1.07253 9.69452 2.18933 0.03657 -2.10741 0.19319 -1.33794
0.08608 2.83099 -0.02467 0.44829 11.30898 0.23206 0.3111 0.2733 1.32761 -0.69891
0.55468 1.83488 -1.05017 -1.04147 9.72661 1.28831 2.19701 -0.55249 0.80663 -1.51345
1.21445 2.59212 -0.97777 -1.58063 10.11697 1.13056 1.18077 1.47905 0.27543 -1.19727
0.33886 2.29934 -0.13655 1.06439 10.63749 1.69843 0.1163 -0.82639 1.58082 -0.09404
0.10634 2.4871 1.38037 1.21572 7.94923 2.59115 -0.05937 1.98083 0.07835 0.61583
0.86081 2.41311 -0.46126 0.53601 7.98826 0.13589 -1.0712 -0.38116 -0.03057 0.88113
-0.47776 1.88043 1.11021 -0.39676 6.43068 -0.22929 0.18317 -0.75281 0.28337 0.55071
0.33053 0.71958 0.13955 -0.64167 5.02406 0.10742 0.88394 0.45227 -1.73121 -0.05564
1.49931 0.81524 -0.58418 1.43683 3.87013 -0.29516 -0.52976 1.40691 0.09888 0.8359
-1.2669 1.42286 0.55208 -1.32721 4.5814 -0.96688 0.45247 -0.05636 -0.15053 1.02015
1.49559 0.38192 0.70723 -0.78074 4.35636 -1.15984 1.69733 0.33818 0.43046 -0.84476
-0.89754 0.128 0.12941 -1.24335 5.06645 0.24729 1.36288 1.61096 -0.4771 1.48966
-0.74776 -0.1701 0.34371 -0.1948 5.83792 1.45268 1.26025 0.52756 -1.60992 -0.97559
-0.27928 -0.44362 1.23173 -0.882 4.51294 0.08747 1.31894 1.32172 -1.39855 1.7357
0.01924 -0.18838 1.53639 -0.1367 5.40378 3.61405 3.20752 0.7809 -1.71548 1.49849
-1.49172 0.06859 2.28904 -0.02269 4.95553 3.92137 2.06416 -1.2703 1.36755 0.757
1.90381 0.15338 1.59764 -1.78198 4.87315 1.71681 1.51602 -0.26099 1.8652 3.01353
-0.42338 -1.01666 0.6499 1.421 5.11393 1.28775 0.61221 0.89435 -0.78504 2.47376
-0.64286 -1.79517 -0.28244 -0.52911 6.09661 -0.9888 -0.7911 0.38583 0.22541 3.62078
-1.79194 -1.41847 0.73708 -0.88413 7.79775 0.02974 0.28305 0.12159 -0.14544 4.36512
-0.50167 -3.19328 -0.72612 3.01439 6.84343 -0.73093 2.27516 0.87457 1.02398 2.29951
-0.51823 -2.91428 0.48334 -0.71555 6.05215 -0.73074 0.03015 0.03444 0.4543 0.63732
1.74199 -2.74259 0.01066 0.61261 5.27815 -1.93641 -0.78269 0.74396 -0.78047 0.34275
0.20915 -2.52803 -0.03403 1.12072 3.3231 -1.47814 0.23059 2.06953 -0.93529 -0.60107
-2.59312 -3.01428 1.35834 -2.27614 3.19189 -3.62838 0.98119 1.42397 -0.44872 0.68758
2.16503 -2.38182 0.74105 -0.20074 3.53545 -3.40619 0.8736 1.24002 -0.42536 1.79445
-0.3573 -2.56898 -0.82284 -0.00756 3.52386 -1.61127 -1.66224 1.74896 1.44487 2.8894
1.05536 -1.49259 1.03986 -1.09791 3.38141 -1.69304 -0.52554 0.62385 -4.22195 1.43863
0.98385 0.21883 -0.45105 1.55634 3.4161 -4.45903 -0.34108 -0.83997 -1.71833 -0.35156
-0.07431 -1.36673 0.26847 -1.00464 1.24825 -0.39906 0.30266 1.91389 -0.23805 -0.309
2.4037 -0.95892 -1.62683 -0.77703 0.22817 0.019 -0.12991 -1.17146 -1.05737 1.27233
1.03587 -0.14473 -1.73026 -0.10584 -0.56016 -1.51432 -1.28885 -1.32161 0.00013 1.90881
-1.45123 1.18165 -0.03513 -0.05846 -0.59291 -1.41374 -0.45238 -0.34506 0.2035 2.40864
0.85584 1.61728 -0.70154 -0.03871 -0.93788 0.18617 -1.07372 0.71263 0.34186 0.64697
2.48154 4.07314 -0.33254 0.90477 -2.31145 1.97987 -0.94979 -1.01692 0.23186 -0.02523
-0.82004 5.3851 -0.76708 0.08175 -1.02156 3.21986 -0.00854 0.82602 0.59653 -0.13213
-0.51799 6.3284 0.37582 0.7985 0.38575 2.68214 -2.1532 0.5884 -1.18246 -0.29966
-0.93605 6.17892 -0.20083 2.28382 1.03656 2.78854 -1.7798 1.1331 -1.98481 -0.96225
-1.69583 5.44573 1.13046 -1.43045 -0.67043 3.84427 -0.14074 -0.00309 0.14163 -0.33179
-0.22348 5.04242 -1.12479 0.26958 2.85165 3.45334 -2.17718 -1.29684 -0.8563 -3.09553
1.96933 3.03696 -0.72929 -0.02662 3.57811 4.21704 -0.75108 -1.98451 -0.24916 -0.94075
0.15103 1.55343 -0.86675 0.07219 4.17193 2.87944 -0.55892 -0.1434 0.39447 -1.29861
-0.8672 0.48651 -0.42313 0.23902 5.54106 2.31666 0.60497 0.21461 -0.58488 0.62895
0.21629 -0.03985 0.40978 2.85811 5.62678 1.70038 0.69373 -0.26983 -0.85321 -0.34788
0.36003 0.99682 -0.53032 0.50798 5.03739 2.24232 -0.6291 0.10347 -1.40628 -0.94875
-1.45808 1.56841 0.24156 1.57246 5.72555 0.71117 -0.39408 -1.23096 -0.04457 -1.56603
0.77309 0.72084 1.31034 0.76008 4.3739 2.8064 0.75297 -1.11374 -0.71533 -0.06394
-1.12125 0.78268 -1.58283 0.61966 5.66186 2.30101 -1.36802 -2.03633 -0.08471 0.1312
1.64586 0.9745 -1.78663 0.689 5.42447 2.04933 -1.75025 -0.35341 0.31061 -2.51744
-0.10824 1.5515 -0.09421 -1.71818 6.32514 1.10201 -0.04633 0.41399 -1.07214 -2.18987
1.9451 1.62345 -1.59418 1.49671 7.45382 0.56914 -1.04831 1.24165 -2.46649 -2.53257
1.19212 0.68773 -1.36932 0.02312 6.35024 0.50129 -0.52864 -1.4226 -0.84452 -3.85426
-0.07014 -0.72517 1.74344 0.02476 5.48151 0.39159 -2.16282 -0.72655 -0.85223 -3.46505
-0.06225 -0.50459 -0.28487 0.49265 6.81538 1.03276 -0.71796 1.00343 1.33584 -2.7429
-0.50336 -0.73653 0.54137 0.07703 7.31065 2.48348 -0.20467 -0.20178 3.01046 -2.15005
-2.37929 -0.37546 0.41172 -0.25111 6.25448 3.01957 -1.67603 -1.53632 1.0216 -1.04485
-1.09523 -0.72169 -0.01846 1.23833 6.41563 2.27252 -0.57423 -0.09839 1.43157 -0.89728
0.81842 -1.39491 -0.73067 0.33715 7.41489 0.45348 -0.75612 -1.29434 0.95215 -3.47463
-0.349 -1.66393 -1.05935 0.63261 7.42597 -0.63071 1.38681 -0.88146 -0.03769 -0.90583
0.60534 -0.40738 0.43066 0.12043 5.82778 -1.4594 2.17951 1.70343 -0.06992 -1.19227
1.39689 -0.01334 0.48404 1.06392 5.00619 -0.80635 0.53212 0.61169 0.35859 -0.41582
-0.59794 -1.34431 0.42521 -0.76749 3.86103 -0.99195 -0.63307 -0.63376 0.52073 1.24561
1.65019 -0.69865 -2.06776 0.1434 5.0153 0.80119 1.20185 0.3781 -1.4871 2.02833
-1.11002 -1.6829 -0.41878 -0.02597 4.3836 -0.33307 1.19381 -0.4508 0.18365 1.78992
1.14958 -0.72408 0.44426 -2.00146 3.92493 0.19671 -0.38516 -0.40445 0.17253 -0.04323
0.66675 -0.8258 0.42903 -0.49747 3.77245 -1.50825 1.03646 -0.53202 -0.55804 1.45786
-0.54816 -1.3826 -1.58123 0.47924 1.82611 -1.23296 0.0393 -2.03951 -0.31789 0.99919
0.73878 -0.26081 -2.03588 -1.32795 0.84079 -1.60255 -1.86811 1.92453 -2.84747 0.87524
-0.18152 1.08983 1.54744 0.21594 0.51585 -1.69838 -1.08927 -0.76633 0.10575 1.44662
-0.28914 0.4002 -1.46007 -1.3408 0.3259 -1.71784 -0.13422 0.41884 0.84369 0.59621
1.75842 1.58281 -0.58525 1.54645 -0.27888 -0.22466 0.44315 -0.7872 -0.73398 0.608
-1.15008 0.0585 -1.01117 -1.24925 -0.43132 -0.25074 0.96854 0.02776 0.15044 1.4282
-0.83676 0.74331 -0.1449 0.52608 0.31261 2.039 1.9695 -1.95798 -0.80481 1.27374
-1.34965 2.12759 -0.24962 -0.22778 -0.61887 1.87064 0.72623 -0.84626 -0.67568 -1.22404
-0.13638 1.83744 -0.70185 0.09507 -0.40122 1.35221 0.43028 -0.38289 1.54597 -1.57185
-1.98996 2.59938 -0.00779 -0.04647 -1.08314 1.19099 -1.42365 2.02688 -0.3056 -0.89465
0.14903 0.00602 0.31639 0.60179 -2.24314 -1.94739 -1.14682 0.36091 -0.29526 -0.35741
-0.47023 2.5231 -0.23526 1.21492 -2.5842 -0.01557 0.6633 -0.21988 -1.66887 -0.30079
-2.00267 3.74622 -0.04001 1.56697 -2.14873 -0.37296 -0.54976 0.79685 -1.36723 -2.20606
-0.91539 4.1507 0.14226 -0.2423 -2.40042 -1.88678 0.28839 -1.72881 0.16552 -1.04783
-0.60367 2.90892 -1.13306 0.43935 -4.69154 -0.79817 0.09231 -0.46188 2.02524 -1.1644
0.89596 2.88885 1.06298 0.13025 -3.77847 0.66372 0.75445 0.47623 0.03639 -1.48403
-0.36607 2.41982 1.78795 0.45401 -3.72134 0.02623 0.36966 0.71516 1.42164 -0.69043
-1.43482 1.19739 0.96765 -1.59028 -3.28247 -0.09546 0.19584 0.38637 -0.81421 -0.82608
0.33284 1.42845 0.71741 -0.12064 -3.2104 0.75459 0.24514 -0.20982 -1.65578 -1.67412
1.17773 0.89286 -0.12519 0.22392 -3.64753 2.40294 -0.65255 0.42314 -1.85897 -1.03288
-0.00373 0.80475 0.50483 0.39164 -3.01521 0.1197 -1.87133 1.07624 -0.43973 -0.73777
0.60085 1.83606 0.25861 -0.63354 -4.5833 -0.93107 -1.19876 1.24482 -0.20237 -1.20147
-0.08841 2.0036 1.21235 1.13419 -3.94164 -1.068 -1.50282 -0.8658 -1.05697 -1.48528
-1.09476 2.22272 0.4976 0.02404 -3.53164 -1.06179 -0.20083 1.26389 0.67692 -0.25002
-0.46394 0.12647 -1.00397 -1.4527 -2.16388 -0.42266 0.11486 0.03384 -0.38443 -0.56521
0.99012 0.30665 0.74333 -0.13403 -0.2202 -0.13753 0.05517 -0.22161 2.76693 -2.26919
-0.81285 0.21838 0.17182 -2.51088 1.40816 -2.04694 -0.44282 0.43504 -0.12357 -1.76057
-1.10623 1.55459 -0.09864 0.25891 2.79536 -2.77382 -0.08323 -1.40538 0.51641 -1.13172
0.36879 -0.13777 -0.07536 0.29689 1.57339 -0.46798 0.47198 1.58676 -1.85399 -1.92816
-0.36948 1.27594 2.3834 -1.0052 3.19169 1.90236 -0.22799 0.09774 -1.33298 -0.40106
0.4184 1.82836 -1.04506 0.02597 3.20041 0.58077 0.0973 1.68046 0.69315 -0.32861
-0.1267 3.66325 0.10294 0.07702 1.54344 0.25063 -0.64333 -0.34045 0.29989 -0.12987
-0.50635 3.8381 1.44194 1.11005 2.67556 3.50963 -0.0907 1.18744 0.72554 0.05291
-2.43261 1.68571 0.46506 1.5373 2.94903 4.33266 1.41089 1.29058 0.34279 -0.24979
1.26303 1.17586 -0.89037 -0.74877 5.70203 2.41706 2.6733 -0.09564 1.94393 -0.60449
-1.64875 -0.20587 0.3064 -0.92265 4.47813 2.51844 1.44304 0.22275 -0.58526 -2.0033
0.36538 -0.53055 1.04397 -0.8303 4.62032 0.34524 1.73778 0.28819 0.6548 1.41153
0.5465 0.38477 -2.18655 0.49875 4.76294 -0.09273 0.52115 -0.99776 1.93013 0.64053
-0.56974 1.10066 -0.45094 2.48088 3.02014 1.30874 -1.31643 0.11873 0.33245 1.14237
-1.21091 0.71716 -1.00446 0.71524 3.53408 -0.36437 -1.80749 -0.31847 2.05155 -0.02184
-0.86488 0.27443 -1.30947 0.59132 5.43325 1.14748 -1.22195 -1.17734 0.83837 0.81024
0.09319 1.1227 0.28249 0.92929 3.94005 0.20576 -1.74084 1.16661 0.63215 -0.43571
-0.6078 -0.29959 -2.08672 1.0005 3.13026 -1.33995 -0.43764 0.2716 0.09445 -1.62212
0.98583 -2.35145 -0.72965 1.38172 3.12499 -0.10423 -1.52572 0.23915 0.21384 -2.67615
0.45893 -3.63445 0.29829 -0.0269 3.19811 1.12091 -0.03167 0.60322 -0.79112 -2.13513
1.55946 -4.02052 1.70301 -0.15176 4.76647 0.26946 -0.08426 0.86578 1.74455 -0.55966
-0.03749 -3.29277 -0.1633 -1.36787 3.67687 -1.87029 1.39652 0.70468 2.28663 -0.89473
-0.05781 -1.75739 -1.21711 -0.38864 1.56072 -2.57033 1.11717 -0.36641 0.48831 -0.20832
0.91656 -1.74506 -0.80382 2.19413 1.23861 -2.64624 0.51563 -1.96626 -0.89914 -0.11027
0.20246 -2.81782 -0.90931 -1.78413 3.9757 -0.05368 -0.74039 -0.13782 -0.31725 0.65192
-0.13903 -1.72503 1.8598 -0.99507 2.30401 -1.29003 -0.83049 2.06739 -0.47304 0.09413
-0.39108 -3.04851 -0.58328 0.56001 2.31104 0.30724 1.59826 0.37833 -1.10951 -0.23313
-0.04632 -3.29707 -0.84653 -2.54802 1.49374 -0.96573 0.00662 1.19011 -1.24229 0.06837
-0.95987 -1.91688 -1.08048 -2.12782 0.9986 -0.89952 -0.33016 -0.2649 0.27485 0.84755
-0.89084 -0.65599 -0.57621 -0.15512 0.44819 -0.45746 -1.96646 -0.34675 0.72415 0.85299
-1.48454 -0.8747 -1.32824 0.53721 0.60518 -1.81574 -0.72064 0.23106 0.3963 1.15111
-1.27413 -1.06428 0.02766 1.51575 -0.49 -2.1915 0.6327 -0.26517 1.67948 -0.22634
-1.94638 -0.35291 0.77336 -1.97704 -2.89355 -1.70697 -0.27906 0.91384 -0.74907 -1.80637
-0.60877 0.49093 -1.13199 -0.51274 -3.82354 -2.18975 -0.81277 -0.0714 -0.55485 -1.70601
0.33397 -0.86003 0.64283 -0.21215 -4.43203 -0.98248 -0.10618 -0.09658 1.02833 -0.11432
-0.09564 -2.06309 -0.40469 -2.15462 -4.22017 -0.76926 1.59891 1.47827 -0.08877 -0.51227
1.35448 -3.88266 1.37245 -1.45574 -4.37852 0.15026 0.06381 0.76404 -0.4997 -0.69553
-1.93173 -2.62756 -0.64617 -0.97105 -5.13172 -0.88915 0.00664 -1.81072 -0.61499 1.0359
0.24127 -3.20317 1.27035 0.73601 -4.7726 0.08643 -0.35573 0.17978 1.38397 1.1672
1.90536 -0.73743 1.69689 2.02044 -7.304 -0.61565 1.31921 -0.17881 -0.10128 0.68714
-0.20573 0.80457 0.61408 0.48524 -6.63815 -1.74327 -0.41881 0.97935 2.62051 1.05282
-1.05207 1.87161 1.04034 0.35731 -7.56601 -1.14852 0.97485 -0.50126 1.17207 1.61108
-0.60987 0.56749 -0.9099 -1.0078 -7.20889 1.06803 -0.4732 -0.51571 -0.16749 0.59534
-2.2166 2.46075 0.17549 1.932 -6.25838 1.97029 -0.50936 1.67457 1.09143 2.44094
0.7665 3.26487 -0.4495 -0.38114 -5.48021 1.3579 0.35043 -1.28004 0.2399 0.85101
1.61844 4.58855 -0.3411 -0.10914 -5.47778 0.59917 0.34782 -0.10673 0.01378 0.41729
1.46594 2.88504 0.63693 0.29604 -4.4822 1.45988 -1.12931 -1.45578 0.05909 0.64359
-0.38283 2.21349 0.12711 -0.57196 -5.43817 1.7684 -0.3864 0.5339 -0.55843 1.64691
-1.42527 1.40624 1.04703 1.45243 -5.21679 2.43947 -0.74792 -1.00624 0.20078 0.06194
-0.58777 2.15827 0.86023 -0.72245 -3.32385 3.68759 -1.69866 -0.72279 0.78714 0.17988
-2.14146 2.17502 -0.26768 1.04528 -1.80327 2.95723 -0.89693 1.67431 1.44705 -0.25742
-0.12782 3.18937 1.05397 -0.07834 -1.83888 2.36066 0.08228 -0.33428 0.72546 -1.69431
-2.63257 1.25987 0.87592 0.55604 -2.85942 1.79423 0.98044 1.31366 -1.03097 -2.44955
0.16899 -0.18962 -0.80875 2.42636 -1.60524 1.22355 0.0757 -0.15999 -8e-05 -1.72164
0.54028 0.28054 0.50178 -0.13729 -1.6387 0.86681 0.77194 -0.21167 -0.15735 -1.27527
1.35162 -0.18499 -0.71695 0.22897 -1.38211 0.80241 -1.36618 0.57517 -0.07733 -0.07552
-0.66158 -0.57381 -0.17231 -0.62193 -0.20197 -0.82494 -1.76617 -1.31595 0.57255 -1.90786
-2.1357 -0.5105 1.50432 1.07581 0.36538 1.54532 -0.2785 1.17304 0.31022 -1.19372
-1.12556 -1.12878 -0.81813 1.82776 2.19771 0.41824 0.37928 0.62938 -0.07384 0.06435
-1.2162 -2.07231 -0.00451 -0.09254 2.80264 -0.45913 0.62028 0.95237 1.20811 0.36134
-0.35148 -2.0604 0.04336 2.13816 2.75881 -0.6306 1.1191 -0.2385 1.45316 2.29239
-0.34976 -1.26597 -0.24574 0.56124 3.32166 -3.25406 0.64952 -0.40459 0.29078 2.79583
-1.33641 -1.4412 -0.60158 0.50557 1.52995 -2.91578 0.3981 0.56488 -0.2965 2.12223
1.27444 -1.97833 -1.34893 1.19674 1.32803 -2.49281 -2.72942 1.82972 -1.26737 0.00327
0.09292 -0.27556 -0.75404 -0.00817 0.30154 -1.07128 -4.14996 -1.98545 0.65299 -0.36736
0.73697 -1.24451 -0.23872 0.36656 1.21729 0.69903 -3.12742 -1.07754 0.94086 -1.37442
0.66666 0.18876 1.3089 0.11413 1.07042 0.06148 -3.30261 -0.18143 0.26381 0.44948
-0.49008 1.22599 -0.9611 0.03276 -1.42009 -0.30855 -1.56254 0.0615 0.45443 0.70055
0.53451 1.72613 0.43528 -1.48219 -1.17115 0.23651 -0.9826 0.28117 -1.77078 -1.18844
-1.16874 3.08012 0.96314 0.31321 -1.14615 2.78227 0.33304 0.05994 -0.59277 -1.32917
0.66426 3.78759 1.39153 -1.08415 1.2838 3.1926 -0.32579 0.12009 -0.82236 -0.4863
-1.45097 3.0068 0.50749 -0.64925 1.05947 3.72165 0.01782 1.57859 -0.15963 -0.65043
0.4156 2.91614 0.98901 -1.7195 2.87191 1.14621 0.00014 -0.64108 0.605 -0.85192
-0.98871 1.13705 -0.50537 1.04613 2.41632 3.02694 0.33207 -0.27886 -1.15492 -1.08997
0.22824 0.88898 -1.4437 0.98477 3.98779 2.14129 0.80379 0.8393 -1.59875 -1.44734
0.00864 0.89754 0.80664 -1.05483 4.4071 2.23281 1.14849 0.60836 0.59322 -1.81574
1.07605 0.82173 -0.38093 0.27139 5.45929 0.59414 0.9352 -0.94176 0.10709 1.49116
-0.57707 1.96776 0.99184 0.16106 5.81168 0.9661 0.34687 -2.31806 -1.08899 0.35927
1.37203 3.03691 0.69734 -1.02276 6.15693 -0.72954 0.38368 -0.72307 -0.73953 -0.22138
0.06552 2.73752 -0.92451 -0.00281 4.9616 -0.54873 0.18168 -0.07827 1.13867 0.63063
1.6754 4.30801 -1.48222 0.7556 3.52309 0.53642 -0.54153 -0.64128 0.3455 -1.31179
-0.05884 4.75864 -0.26717 0.60735 4.26023 1.07642 -1.50398 -0.11676 -0.01332 -1.51087
-0.61807 5.70721 0.70954 0.7398 3.94629 0.59985 -2.25166 0.53159 0.77373 0.98578
-1.54605 4.72366 -2.00438 -0.11823 4.06196 1.88604 -0.20444 -0.89444 0.1367 -0.34516
0.23889 5.05968 0.74062 0.42335 4.13196 3.75944 0.63055 0.75219 -0.9104 -1.94491
0.65264 4.69441 1.36967 -0.43102 6.51588 2.66269 1.3958 0.25459 1.77267 -2.62316
0.53731 4.71897 0.08936 0.40174 4.95692 2.24647 0.99569 1.57193 2.04206 -0.40591
-2.17382 5.8692 2.00326 1.92468 5.16193 1.68632 -0.4648 0.81815 -0.05871 -0.87927
-0.71583 4.98733 0.08596 1.31736 6.00472 3.07106 -0.7742 -0.49165 -0.67117 1.44351
0.82871 5.27459 0.21845 0.3998 7.75076 4.32939 -0.71529 1.0054 2.39469 2.32433
0.27148 5.88337 1.80183 -0.06387 8.18659 4.26753 -0.80325 1.21913 1.16737 1.77959
0.34021 4.85766 1.25754 1.29547 9.33272 1.22289 0.57187 0.74783 0.03427 1.2255
-0.48793 4.65341 -0.01253 -0.25076 9.3356 1.28071 0.35969 -1.12522 0.8655 1.019
1.6044 2.20985 1.1488 -1.5169 8.18828 4.03283 -0.13693 -1.64558 0.84766 2.123
-0.07819 3.46448 0.13273 1.04638 8.75089 2.50519 -0.13436 -0.54552 1.82455 3.15648
1.11053 4.84137 0.63647 3.31441 8.81743 0.91216 -0.07822 1.74403 1.03715 1.9342
-1.69325 3.20499 0.80145 2.92825 7.03233 1.97288 -0.59551 0.13828 1.21754 0.73507
1.07858 1.87536 -1.0754 0.92262 6.02644 1.52504 0.72596 0.42744 -0.46535 1.24855
-0.3735 2.54348 -0.43766 2.01916 7.24461 0.89961 0.08622 -0.69634 0.27699 1.52853
2.21147 3.8392 -0.75384 -1.3396 7.0289 1.88786 -0.89263 -0.44817 0.25346 -0.07781
0.60435 3.61482 1.41582 -0.40068 8.82743 1.05459 -0.27966 -1.27658 -0.63459 2.62011
-0.10694 2.69991 -0.90264 -0.24051 7.06976 0.70083 -1.79077 -0.74437 -0.61727 2.75769
0.68284 3.03841 0.90576 -0.82806 6.57327 1.59977 -1.57165 -1.14603 0.44682 0.86063
-0.72076 1.32869 0.62701 0.49564 5.61419 0.7198 0.13588 -1.62629 0.20831 -0.14712
-1.9057 2.21002 -0.70508 -0.0753 4.76094 2.52372 -0.19399 -1.36062 0.18944 -0.10475
0.39726 1.14948 0.72776 -0.82382 4.91598 1.87421 -0.00408 0.97253 -1.0632 -1.25202
-1.16417 2.03816 -0.2595 -0.39918 3.53983 1.7485 -0.12233 -0.04643 -0.81642 -0.39468
-0.91016 2.2264 -0.63484 1.06333 5.1564 0.43614 -0.40791 -1.42694 1.05249 0.05286
-0.25035 2.673 0.81838 0.82894 4.22094 0.47887 0.54078 -0.1662 1.41535 0.11357
1.36783 0.64282 0.13103 -0.32287 4.98939 1.41733 0.5711 0.53218 -1.66681 -1.52997
-1.00173 0.39304 0.1964 2.14802 5.47304 2.23436 1.13498 -0.0299 -0.4684 -0.56543
-0.52769 0.32549 -0.53856 1.53177 6.07968 1.9932 0.45415 -0.29906 0.34018 -0.8681
1.15956 1.45069 -1.13699 -0.05556 5.73151 0.18905 0.81462 -0.57473 -0.16115 -0.78196
-0.80798 1.5536 1.5502 -2.33725 6.26026 2.18065 0.35965 -0.80901 2.59774 -0.50332
0.58382 1.47876 0.08703 2.16673 6.80201 1.53824 -0.37542 -0.43018 1.14463 1.02316
0.35043 1.38652 0.26355 0.41746 5.54101 1.16404 0.61667 0.41488 -0.26822 0.27568
0.14912 1.44289 0.96023 -1.01217 6.08624 0.39604 0.56119 0.47479 -0.93319 0.66036
0.18441 3.76157 0.12504 -0.81015 5.92883 2.14072 1.35723 -0.3772 -0.46716 -0.26413
-1.37361 4.31818 0.48396 -0.96111 7.79978 -0.58778 1.45797 0.15753 2.10379 0.05017
0.29625 5.64692 -0.78188 0.23478 7.83271 1.543 0.37063 -2.19114 0.59546 1.18909
0.25652 4.09406 -0.57164 0.94015 5.92425 1.89644 -1.06541 0.16813 -0.23528 0.27597
-0.81118 5.34014 -1.08904 0.2485 3.5528 3.67221 0.587 -0.46124 0.70222 0.6779
0.21974 4.69428 -0.97204 0.01296 3.26374 2.95675 1.26969 1.73796 0.41128 -1.02287
0.11376 4.93705 -0.43246 -1.44138 4.60047 3.62824 -0.91762 -0.40934 -0.6545 -0.57079
-1.64011 4.96971 0.33636 0.66781 5.78013 2.7037 -1.05484 1.91741 1.58297 -0.89508
-0.11205 4.00102 -1.75985 0.4238 5.74392 1.45255 0.11989 0.59266 0.5956 -0.24
0.72298 1.10549 0.40868 2.08582 5.14472 2.97762 1.59637 0.64858 0.41824 -1.71385
0.77649 0.66699 -1.22916 -0.3637 4.47692 1.80421 -0.74388 0.54145 0.54807 -1.06782
0.54907 2.2448 0.03579 0.16884 4.91911 2.23785 -0.69021 -1.57809 0.55296 0.96081
-0.36777 2.97771 -0.47382 1.72281 4.01008 2.36231 -0.12151 -0.53728 1.55285 0.74219
-0.40295 1.62263 -0.96591 0.98892 4.83515 3.26018 -1.24375 -0.42355 -0.01183 0.7302
-1.24965 2.75058 1.36241 0.93501 4.42443 0.9746 -0.61719 -1.17239 -0.14458 0.25626
-2.52534 3.1223 -0.53707 1.40099 5.73482 0.4677 0.76076 0.79174 0.77235 0.58329
0.03514 1.33929 0.7086 1.40985 6.45563 -0.59615 0.57021 -0.16493 -1.39299 2.03743
0.75482 1.16869 -0.058 0.872 4.98552 1.19826 -0.6376 -0.65223 0.92263 1.95766
0.99297 1.57657 -0.7901 2.1662 5.46468 1.12329 0.67072 -1.88238 1.82422 1.92931
-1.15301 0.58256 0.10908 0.75084 4.81886 0.63007 0.3158 -1.2101 -0.77347 1.74784
0.38636 0.7601 1.01434 0.99885 4.2819 1.05433 1.06436 -0.52417 -0.77925 0.87538
-0.18599 -0.48638 0.06138 -1.19579 3.90925 0.17417 1.41342 0.32063 -1.25934 2.28681
0.94711 -0.19159 0.18222 0.29826 4.38596 0.97217 0.8376 0.13812 -1.14893 1.0001
0.55559 -0.33195 1.3621 -1.07224 5.72904 0.78625 1.30089 -1.27304 0.32721 -0.46005
-0.95316 0.28865 -1.40894 1.2964 4.5785 0.47518 -1.53682 2.12783 -0.49463 -0.99968
-1.65492 -0.15816 -0.74095 1.01419 4.16817 0.21796 -0.74571 -1.97796 0.13465 -0.24657
0.43285 1.29785 2.26445 -2.60548 5.07558 0.12657 0.39654 0.6872 -1.5358 0.47789
1.94234 1.54934 -0.46255 0.30291 5.43099 -0.22324 0.43038 1.46979 0.56517 -1.78035
0.98289 0.94454 -1.35582 0.55337 3.98591 -0.82749 0.58233 -0.46562 1.39673 -2.30482
1.69522 -1.43916 -0.33274 1.83904 0.87409 -0.99149 -0.29849 -1.03444 1.08634 -0.58143
0.15541 -1.32413 1.1119 1.66512 2.44102 -2.11868 0.10204 0.2297 1.25587 -0.93698
-0.61374 -1.36774 0.47547 1.00852 2.16405 -1.29813 0.90484 -1.57438 1.14298 -0.39949
1.49283 -0.89767 -0.52029 -1.86588 1.3252 -2.09526 0.06296 -0.80708 -0.42179 -0.15878
-0.33269 -0.08681 -0.71476 0.00271 0.95591 -1.64284 -0.15205 0.19679 -1.34522 -1.47298
0.75053 -0.69253 0.82953 -1.16264 2.04289 -0.30531 2.69116 -0.03068 0.92321 -2.27159
-1.59157 -0.89691 -0.74768 0.62522 2.12709 0.32937 1.59742 0.55357 0.06765 -2.49241
0.54192 -0.71057 -0.01352 -0.92327 -0.65149 1.42807 -0.28964 0.47495 0.71062 -0.4126
-1.23517 -2.03332 -0.41189 0.59864 0.65318 0.1791 1.29168 2.24617 0.16226 1.79744
-0.70077 -2.60589 -2.1616 -0.30563 0.82195 0.96959 0.9425 -2.53175 1.18542 2.05598
0.02887 -2.39951 0.30605 -0.14168 1.14741 -0.12864 1.18363 -1.96381 0.44237 1.23455
-0.19329 -5.22972 -0.73735 1.29356 0.57348 -0.03709 1.18028 -0.00258 1.15678 0.74534
-0.52025 -5.21993 -1.49572 1.38176 -1.5887 -1.67271 1.48315 -0.3202 1.15403 -0.4631
0.60685 -8.03284 0.29351 0.58086 -2.72107 -2.59704 -0.58779 -0.76196 -0.08897 -0.46841
-0.10659 -7.32078 0.08976 2.2428 -4.08975 -2.26162 1.10934 1.32482 -0.24142 1.78579
-0.59342 -8.27393 -0.29981 1.19832 -4.68617 -3.64224 -0.26783 0.38084 -0.75934 0.31273
0.38501 -9.11931 -1.08182 -0.70787 -5.22984 -4.08532 1.20188 0.46906 -0.44439 1.59591
0.5939 -9.41466 0.89221 1.85477 -5.0669 -6.00408 -1.06876 1.73145 0.48943 0.80491
1.97662 -8.08488 0.45349 -1.57169 -5.46588 -6.21097 0.52355 -0.64119 1.29906 0.25398
