1.43232 8.49436 -0.08056 0.54435 -2.81725 -1.1999 -0.13177 1.95216 -1.09458 -0.01737
0.27598 8.29059 0.37955 0.2666 -2.7197 -0.24596 0.42671 2.43158 -0.67853 -0.55451
1.17002 8.18651 -0.08733 -0.53362 -2.74732 0.67409 0.22955 1.11139 -1.35623 2.51678
-0.59761 7.8112 -1.11979 -1.65812 -2.52113 -1.38747 0.69396 2.51394 0.76714 -1.62829
-0.90438 7.96352 -0.79638 -2.1997 -2.65132 1.45344 -0.1635 0.7402 1.20139 -0.36412
-1.5108 6.63363 -0.14147 -1.7258 -3.60186 -0.82609 0.28299 0.31088 -1.87103 2.59959
-0.01593 7.5376 -1.63762 -0.16461 -3.50099 -0.24772 -0.05318 1.05557 -1.67369 -0.23404
-1.54711 6.30962 -1.56548 -0.29122 -3.14156 -2.99064 0.41814 2.0736 -1.12379 0.58697
1.88271 5.87369 -0.99153 -1.56577 -3.26236 -2.07728 1.05515 0.64623 -1.17536 -0.61361
0.73848 4.8726 0.82533 -0.29774 -1.43703 -0.50683 0.32546 3.87373 -0.40168 0.96517
0.72399 3.87922 -0.83415 -2.18459 -4.0489 1.17259 0.34019 1.66856 1.58109 -0.81845
-0.48544 2.96381 -1.92881 -1.81164 -4.39278 -0.04872 -1.49558 1.70142 -0.34704 -0.03436
0.2184 3.14225 -1.33101 -2.35726 -3.82302 -0.19973 0.67592 0.68403 -1.4956 -1.12183
-0.09435 2.87212 -0.13197 -1.78078 -3.46292 -0.87474 -0.14957 2.1052 -1.77791 0.33567
-1.00143 2.69923 -0.30399 -0.08879 -4.18108 -2.39904 1.07314 -0.61555 1.44619 -0.69906
0.90193 1.9567 -0.17144 -1.01915 -5.92181 -0.79278 0.38745 1.58257 0.56722 0.14897
0.0339 0.82782 2.18487 -1.72787 -6.80137 -1.91605 -1.80002 1.45772 -0.5251 -0.65038
-0.79132 0.48332 0.89272 -1.53468 -6.44978 -1.2208 0.63182 -0.27163 -0.42873 -0.49437
-2.61996 -0.31409 -0.56533 -1.81729 -6.77715 0.12575 0.57501 0.84407 -0.4127 1.40866
-1.01952 -0.67404 -2.03173 -3.40164 -6.16794 -1.05419 0.2865 0.2716 0.02505 -0.72452
-1.21764 0.13232 -0.0442 -2.28886 -5.52982 -1.96135 -1.49351 2.32994 -0.29713 -1.79375
-1.51476 -2.4448 0.31686 -3.10665 -4.19359 -0.35129 -1.35947 1.28917 -0.04713 -1.7128
-0.31634 -2.63123 0.04215 -2.72703 -4.69164 0.08447 0.2174 -0.4507 -0.73732 -0.58799
-2.82114 -3.1725 2.69225 -2.30857 -4.96469 0.23646 -0.34666 -0.16364 0.10626 -0.53368
-4.53879 -2.5235 0.82629 -3.6752 -4.17719 -0.65211 0.97236 -0.23939 -0.4932 0.64263
-2.46199 -2.55038 -0.94851 -3.14536 -3.43364 -1.45439 -0.26801 -2.08383 -0.56963 -0.64989
-0.47366 -2.37448 -1.15482 -2.96837 -2.2609 0.04494 -1.99487 -1.44241 0.25114 0.9502
-0.68891 -3.67509 -2.11874 -4.36227 -4.47358 -0.09588 -1.30835 -0.10812 -1.15244 -0.82445
-1.77101 -4.79792 -2.64464 -4.02127 -2.95398 -1.97623 0.81909 0.0724 -0.29622 0.28947
-1.67533 -5.19119 -0.65299 -4.87244 -2.93847 -1.70183 -0.35834 0.92838 -2.39229 -0.12295
-1.1009 -6.63972 -3.52324 -4.73673 -3.03451 -1.84775 0.08738 0.34116 1.54436 -1.79458
-1.01629 -6.33952 -3.50414 -4.37189 -3.03471 -3.03266 0.09137 -0.61653 0.04536 -1.15584
-4.00181 -6.20538 -2.65435 -2.38486 -1.45547 -2.7088 0.19343 0.1524 0.70397 -1.20667
-2.53888 -5.9353 -2.94392 -2.24353 -1.96771 -1.08652 -0.38078 -1.87181 0.73218 1.07193
-1.6762 -6.10765 -2.96634 -1.22592 -1.65034 0.07234 0.09079 -1.2869 0.03284 -0.35471
-2.43983 -5.64598 -1.72555 1.0366 0.43627 -0.40557 1.02051 0.14499 0.70541 -0.75958
-2.04483 -4.74595 -0.60773 1.82436 0.84141 0.33264 -0.58701 -1.87041 0.35178 0.66906
-1.88798 -2.70444 -1.05206 1.25344 0.93988 -1.18367 -0.15858 -1.04353 0.48585 -0.36575
-0.83027 -2.69784 1.12066 1.90401 1.10973 -0.66293 -1.3316 -1.68314 0.42615 -0.57974
0.20495 -2.83964 0.44094 1.5046 0.43424 -0.87872 -0.07268 -1.94768 0.6918 -2.06983
-1.78755 -1.32356 -0.45852 1.05015 1.28821 -0.65078 -0.50003 -2.40427 -1.95109 0.20349
-1.30913 -0.58878 -0.63519 -0.16685 -0.88101 0.07937 0.52454 -0.35666 0.91814 0.75699
0.54418 -2.17897 -0.01706 -0.75378 -0.46784 1.32325 0.7937 -0.45688 0.35894 0.28066
1.66374 -1.96965 -0.07031 -1.72524 -0.40253 0.74717 1.34472 -0.53999 0.31285 0.35103
0.17559 -1.16348 -0.01256 -2.63056 -1.18918 0.66046 2.17617 -1.70977 0.50007 1.69709
0.72709 -0.8413 -0.78776 -4.69184 -1.65801 0.92904 1.00384 1.447 -1.34281 0.46427
-0.47997 -0.21666 -0.63244 -4.83777 -0.91677 -2.32927 0.57371 -0.7325 0.55919 1.78138
-2.95007 -0.52779 -2.37936 -4.36624 -1.90305 1.44427 0.38274 -2.64333 0.57268 0.255
-2.32596 0.38807 -2.72064 -4.50444 -1.30139 -0.89877 -0.31757 -1.67433 0.57075 -1.46211
-2.42688 0.72245 -3.28219 -4.44273 -1.93407 -0.94478 -0.2869 1.61115 -0.37502 -2.83845
-3.22335 -0.18248 -1.97081 -3.46643 0.47724 -1.32141 -0.17044 -1.3628 -0.15987 -1.54475
-2.68785 -1.45564 -0.39168 -3.44086 -0.88009 -0.80119 -0.49344 -0.67472 -0.74779 0.14844
-1.8069 -2.30481 -1.0008 -3.98289 -0.62856 -2.08147 -0.46181 0.85304 2.92756 -1.88306
-0.06079 -3.31628 -1.98161 -3.09718 0.30429 -2.30837 -1.1086 1.86298 0.2225 0.04381
-0.11132 -3.37398 -2.92665 -2.27797 0.52202 0.5374 -0.05282 1.10943 -2.02303 -2.29968
-1.05045 -5.01234 -2.79279 -0.40402 0.73967 -0.79065 -0.18983 0.38505 -1.3216 -1.7889
-0.37545 -5.04043 -0.92186 -0.89081 0.36572 -1.70621 -0.09112 0.67881 0.56418 -1.35528
-0.73954 -6.55915 -2.27748 -1.06494 -0.47187 -0.507 -0.98835 -0.22096 0.99761 -0.28359
-0.4654 -6.43823 -2.34844 -1.72075 0.57344 0.53838 0.3049 0.70058 0.15478 -0.81718
-0.29196 -6.9663 -1.00767 -1.09526 0.70344 -0.66941 -0.46025 -0.60801 -2.09352 0.76175
0.93461 -6.59414 -1.75487 -2.9946 -0.73404 -0.23144 0.12778 -0.68803 0.15132 0.48169
0.69462 -6.88916 -0.41029 -2.68476 -2.06192 0.38216 -0.19121 -1.83666 0.50101 1.72875
-1.50879 -8.16047 -0.63874 -3.18396 -0.57765 -0.35205 0.35063 -0.81099 0.5499 -0.14226
-1.42121 -9.05262 0.23368 -3.26304 -1.7671 -2.411 -1.92908 -2.72263 -0.60909 0.92728
-2.5007 -8.87358 -0.50077 -3.27288 -2.93632 -0.62277 -1.00669 0.40902 -0.40864 -0.44013
-2.49038 -10.26722 -1.51776 -2.75848 -4.85446 -0.19245 -0.97133 -0.18441 0.38278 0.01809
-2.07779 -9.63816 -2.14893 -2.55146 -4.33395 -1.5647 -0.41267 -2.4816 1.40607 0.4672
-0.70159 -9.12393 -2.22858 -3.4318 -4.18668 -1.67453 -0.20144 -1.17443 0.09545 0.46006
-1.90986 -9.78978 -0.09336 -3.19648 -3.19009 -0.22553 -2.02048 -2.71878 2.10445 -0.8202
-0.24034 -10.11373 1.04968 -3.1986 -4.03581 0.99789 -1.28758 -1.04761 1.04552 -0.79157
-1.14659 -10.03492 1.88332 -3.55986 -3.51046 -0.10604 1.10453 -1.58204 -2.74817 -0.50839
-1.62502 -10.13897 0.81266 -2.09878 -3.09157 0.51808 0.01966 -1.91286 -0.07463 -2.33326
-1.96585 -9.78158 -2.01955 -1.72939 -3.0183 0.50573 -0.63548 -2.65279 0.89576 1.49439
-0.25955 -10.25703 -1.11397 -2.74117 -3.16592 0.09958 0.31733 -2.45797 -0.0235 0.82267
-0.60734 -10.52023 -2.45962 -1.38675 -1.74293 -0.42613 0.28748 -2.29711 0.3144 0.02003
-2.26067 -11.01412 -1.1362 -0.20028 -0.9129 -0.39237 0.36146 -1.39645 -1.08947 -1.15676
0.3261 -11.6564 -1.08388 1.02079 -1.42154 -1.81329 0.66401 -1.62228 0.88695 -1.71905
0.73767 -11.14037 -0.45456 0.50204 -2.63073 -1.43873 0.57489 -2.83437 2.25825 1.26019
1.03836 -9.72732 -1.71159 0.36099 -2.63557 -0.299 0.68738 -2.12822 -1.86503 0.62441
-2.03611 -8.04132 1.46773 1.70323 -2.39308 0.89048 1.68777 -1.20614 -0.69345 -2.10912
-3.4032 -9.11431 2.72691 2.93658 -2.89288 1.97854 0.03142 -2.71118 0.07326 0.91808
-0.7333 -9.23909 -0.28098 1.48808 -2.88303 0.33757 0.45266 -0.72478 -0.34838 0.75835
1.18462 -9.91615 0.12716 2.8778 -3.57265 1.63664 -0.89917 -2.74263 -2.29551 2.53997
-0.45268 -9.69788 0.02767 2.73155 -2.45997 0.16562 0.74464 -2.18636 -1.10988 1.24068
1.47317 -6.96173 1.75837 1.63084 -4.0952 0.11714 -0.37324 -1.54546 -0.65696 1.30985
-0.55894 -6.90181 2.28745 2.9451 -2.03046 -0.42334 -1.47053 -1.21765 1.05821 -1.1149
-1.14877 -8.32376 0.95107 4.33008 -1.82044 0.37315 -0.65156 -1.34158 -0.62647 1.34857
0.29874 -7.47752 0.31817 4.56096 -1.00722 -0.15611 0.20459 -3.44748 0.46069 0.94906
1.54559 -6.60844 0.97426 4.09911 -0.13893 -0.76078 -1.61201 -3.34426 -1.5202 0.02288
1.29906 -7.12743 0.8951 2.88452 1.18194 1.43607 1.51154 0.49623 -0.72426 0.00741
0.56303 -5.79586 0.4094 2.03616 1.0365 0.64576 0.36752 -2.72566 0.03913 -0.4796
0.40956 -6.97451 1.68414 0.32124 1.45543 1.61352 0.83326 -1.52584 2.33188 -0.55034
-1.00005 -6.38243 1.08436 -0.24991 0.00747 2.81533 1.08132 -1.72785 -0.58522 -0.46285
1.29673 -5.58796 -0.39743 0.31628 -1.65502 0.27721 1.49886 -1.89713 -0.425 1.82637
1.93157 -3.95427 0.89125 0.44789 0.03243 0.04868 -1.44475 -0.26535 1.18357 0.62853
0.03446 -2.64591 1.01757 0.32945 1.10466 -0.22752 -1.28703 -1.60558 2.43537 0.79368
-0.59864 -1.16482 -0.60611 0.75966 0.69367 -0.06313 -1.08567 -3.48253 0.63649 1.72879
0.26947 -2.47444 -1.07878 1.45144 -0.12929 0.14379 -0.42028 -2.08379 -0.02212 0.69961
1.61588 -2.31054 -1.23047 2.47601 -1.00253 1.26755 -0.00259 -0.85092 -1.46049 0.06199
1.9515 -1.00585 -0.0293 2.20131 -0.23108 -0.8887 -0.8787 -0.28668 1.33318 -1.52731
1.76478 -1.20076 0.41955 2.01183 -1.16792 -0.14249 2.03051 -1.21102 -0.50514 -2.79032
1.95033 -0.55172 1.62723 2.97104 -0.97751 0.07281 -0.81249 -1.88225 -1.14995 1.15801
0.44688 -0.43718 1.43779 2.33654 -0.71168 0.78156 -0.23402 -3.31075 1.69107 1.39828
-0.1669 0.12728 1.50147 3.72449 2.05493 -0.1932 -1.14342 -0.88667 -0.11162 1.59057
1.99195 0.21804 0.70499 3.24048 3.77771 1.1768 -0.81079 0.02804 -0.65382 0.64389
0.17965 -0.02889 1.01414 2.60418 2.36545 0.46264 0.24775 -0.60506 -0.15004 -0.13135
0.90911 -0.16109 0.8648 2.67027 1.57857 -0.979 -0.5984 -1.37509 0.86271 -1.1636
2.87388 1.49562 1.4107 0.86476 1.27494 2.74361 0.9545 -0.39617 -0.83261 -1.71809
2.0034 1.53821 2.12955 -0.42922 0.48072 0.82812 1.09566 1.06301 -0.4853 -1.50773
1.86396 3.73964 1.192 1.24698 1.8545 1.23072 -0.735 0.12041 -1.44975 -0.17799
1.96475 4.04443 0.84376 1.09296 1.24063 0.36265 -1.60722 -1.35477 1.1561 0.108
1.54197 5.18943 0.38092 -0.37879 2.7158 0.14157 -0.25112 -1.16798 0.45478 0.6156
0.70748 4.08894 -0.6578 -1.50877 4.15877 -2.54165 -0.88464 0.18404 1.17306 1.26007
1.36008 4.84157 -0.05341 -2.96071 3.2491 -2.29 0.74851 -0.29523 -0.33604 -0.86499
0.38632 3.38094 -1.48453 -1.89506 2.44112 0.75771 0.64957 3.0024 -1.03706 -1.10378
-0.80156 3.57461 -1.44898 -2.23584 1.54935 1.9513 -1.26091 2.68841 0.65764 0.00829
-0.63302 2.26588 -0.52402 -3.74968 1.10704 -0.7803 -0.46893 1.28851 0.85378 1.16054
-2.42693 0.0449 -2.0277 -3.69681 0.99345 -1.75527 -2.07518 1.22547 -1.59069 0.13915
-1.96498 -3.33716 -3.11546 -4.26995 1.80854 -1.19761 -1.33641 -1.39883 0.74049 0.40368
-2.09699 -3.14283 -1.88963 -1.44353 1.73674 -0.61922 1.16843 2.14667 -1.48842 -0.62743
-1.44384 -5.46907 -0.8156 -3.7148 0.74846 -1.6355 0.07855 -0.48149 -0.63783 -1.01569
-0.65559 -5.38667 -0.69846 -4.17053 0.69105 -1.01514 -0.02432 0.57273 0.31831 -1.24979
-1.99665 -5.29068 0.10813 -2.28837 1.63324 0.48681 -1.17592 -1.81264 -0.58234 0.39149
-2.21872 -5.39458 -1.39087 -1.34655 2.15324 -1.00846 -0.13891 -0.3925 -0.63401 0.80364
-1.75762 -3.73432 -1.36755 -0.17818 0.7908 -1.83246 -0.02434 -0.91642 -1.16687 0.07719
-0.87672 -4.51384 0.92549 -0.3111 0.50579 -3.39216 -0.56913 -3.19695 0.0678 0.07517
-0.277 -2.3383 -1.09896 -0.09987 0.84008 -1.4342 0.2195 -1.42139 0.20337 -0.65092
-1.1286 -2.8875 -1.4576 1.546 1.59378 -0.86454 1.28851 -1.73568 0.23141 -1.80472
0.36316 -4.15501 -0.29754 1.65361 0.27609 -1.08705 1.46869 1.0212 0.91513 0.11858
-1.59348 -2.72897 -1.40014 1.14076 2.0386 -0.4158 1.31783 -0.72902 0.59054 -0.62827
-0.44312 -2.13222 -0.43601 2.01872 1.21299 0.34065 -1.13466 -0.20138 1.25526 -0.62182
1.25204 -2.35122 -0.44307 3.07601 0.64297 -0.30302 0.21165 -0.66231 0.08366 -1.54056
0.68933 0.23999 0.71969 3.35735 -0.12894 -0.76477 -0.7323 -0.61045 -0.88706 -1.34152
0.75088 -0.25842 -0.03728 3.7942 -0.34881 -0.82173 -0.42008 -1.33113 -1.30063 -0.42893
1.85615 -0.39982 0.52994 2.11965 -1.69937 1.63312 -0.42229 -1.06883 -0.54107 -0.77333
3.98781 -0.08897 -2.09021 1.55948 0.00253 0.1129 1.68451 1.28439 -0.05231 -0.32448
1.91189 -1.27726 -0.52041 1.57087 0.63284 0.66206 0.68151 -0.86297 -0.1401 1.39243
0.44537 -2.42816 -0.83828 2.2199 1.61972 0.6263 0.60655 1.69302 0.58856 0.96129
1.202 -2.92193 -3.0176 1.59743 0.56114 1.63551 1.08169 1.0483 1.0353 1.26512
0.67406 -4.25813 -3.10572 2.75111 1.42626 1.96128 0.30566 0.40658 2.34866 1.00089
1.16979 -3.17867 -0.33902 3.67635 2.68779 0.93839 -1.99813 -0.3716 0.48347 -0.28829
0.86334 -0.88795 1.8042 3.56606 2.21137 1.83066 -1.51996 0.75824 1.61528 0.02739
2.50598 -0.93499 3.51806 3.20908 1.52941 1.5146 0.02385 0.0298 -0.60597 -0.87914
2.95499 0.98183 2.59852 3.39882 1.72673 2.10039 1.24551 -0.81596 -0.423 0.96024
1.38042 4.28301 0.94579 3.67396 3.45715 0.25369 1.59398 0.73723 1.24141 0.22841
2.382 4.33613 1.12226 3.99568 3.77606 -0.20137 0.31618 -0.66871 3.16218 1.40302
2.09336 4.23001 1.57879 3.9423 2.65263 1.10921 1.10534 -0.52847 0.70078 2.2241
2.71878 3.17933 1.91245 2.02738 1.83312 1.35457 0.27677 -0.06517 0.25765 0.01958
0.93978 2.99729 1.33446 4.15287 1.18212 2.16633 -0.19277 2.45777 -0.60258 2.25264
1.62855 3.20937 1.34256 4.28635 0.81733 1.95317 -0.70319 0.7731 1.0953 0.78395
1.64169 5.18 2.97723 3.4474 -0.32061 1.72976 0.41414 0.62371 0.50655 0.56709
2.10927 5.92036 2.16271 1.64391 -0.581 1.29575 0.31061 0.37232 0.40703 1.15467
-0.90654 7.72705 1.41434 1.05721 0.68964 0.92039 1.73959 -0.01655 -0.71762 1.15935
-0.54319 3.84986 2.34165 -0.02091 -1.23137 -0.57898 0.02714 1.21143 -0.49688 1.81626
0.49675 5.50147 0.7077 -1.43349 -3.39853 1.31708 -1.0144 1.66832 1.03127 3.62209
0.15497 6.10706 0.16382 -2.68089 -2.23143 1.67587 0.60804 2.51695 1.90773 1.97749
0.30462 5.73108 -1.7035 -0.84071 1.28868 0.7491 0.43876 2.03694 -1.10092 0.66205
-0.16605 6.30862 -1.33742 1.53057 1.09974 -0.96247 0.13721 -0.47184 -0.41693 -0.219
2.06751 5.24185 -0.86468 1.10301 2.92169 0.28051 -0.04553 0.87222 -1.28563 0.85185
-0.69 3.9938 -0.08524 1.52387 3.05179 1.199 0.66287 1.47386 -1.5362 -0.23012
0.59685 4.79775 0.53841 0.23291 4.42337 2.38782 1.88263 2.95672 0.92093 -0.81908
-0.8931 5.93658 0.86262 -0.97028 2.87049 2.02637 1.75976 2.23202 -0.83106 -1.77208
-1.05312 5.31955 1.65443 -0.77388 3.25676 1.81927 0.46619 1.07321 2.46298 -0.79362
0.80026 4.29344 -0.81938 -0.05918 2.03504 -0.991 -0.1129 2.29455 2.01657 1.62331
0.80971 5.50537 -0.08205 0.57631 0.74018 0.76096 0.2896 1.04974 -0.33715 0.58967
0.64392 5.80265 1.31867 -0.56249 1.05951 0.23122 0.68496 -0.43245 0.7831 0.19232
0.55838 6.40173 1.99663 -0.57676 0.98932 -0.32546 -0.78842 1.96304 -0.02537 -1.38841
0.28849 6.00326 0.20241 -0.53871 1.87442 0.60868 -0.57901 0.88942 0.01074 0.87211
0.06027 6.82462 0.65693 -1.1019 1.30453 -0.31072 -1.1134 1.16463 0.36737 1.1011
-1.99856 6.54832 0.51499 -0.73528 0.24343 -1.99957 -1.22446 1.82436 -1.1268 -0.42536
-1.66248 5.41573 -0.25779 -1.19601 0.74786 1.32573 -1.2362 2.02307 -0.39877 -0.53404
-0.47468 2.6543 -1.95855 -0.19734 1.04475 1.69338 -1.28883 2.3646 -0.31989 -0.13365
1.46553 2.59709 -1.66979 -0.15249 0.19485 1.80672 0.11932 2.7888 -1.62379 0.61684
1.13483 2.76955 0.60372 -0.34434 -0.93594 -1.73806 -1.5349 0.47314 -0.90826 -0.33663
0.29021 3.2938 0.52834 0.14264 -0.86616 -0.09611 2.46759 1.82137 1.5473 -4.5742
1.01032 3.78043 1.37097 0.00185 -0.06908 1.50084 -0.02548 -0.86168 -0.41459 -0.83057
-0.27287 5.95329 3.54829 -1.46436 -0.00673 -1.4495 -1.70034 1.86 0.3998 -0.76035
0.81049 5.28312 0.26818 -2.02196 -1.06439 1.54854 0.11194 -0.67374 -0.21722 -0.3133
-0.01945 5.58882 -2.01116 -2.43446 -1.90432 0.09773 1.69899 0.73357 -0.19024 0.63115
-1.01752 7.12499 -1.41269 -1.49715 -2.61295 -2.09594 -2.46765 0.35873 0.60809 0.27196
-0.60932 6.68676 0.85276 -2.62581 -1.1373 0.93264 -1.36269 2.65974 0.52331 -0.2186
-1.45067 5.36139 1.16879 -2.03494 -1.18094 0.04826 -1.88719 2.0025 -0.43411 0.37723
-0.16443 4.79178 -0.33069 -2.33725 -1.24521 -0.86318 1.02965 0.95597 -0.34546 -0.16964
-0.74506 3.91262 -0.86633 -1.33071 -0.36489 -0.20127 -0.91538 2.57769 -0.73479 -0.93996
-0.11513 3.15339 -0.10643 -0.38082 1.17631 -1.77809 -0.37021 3.35173 0.62684 0.51643
-1.94546 3.41537 1.24169 0.05264 1.69685 -0.89815 0.3611 1.62247 -0.75733 -0.81811
-1.00423 3.23956 0.54481 -0.30195 1.25958 -2.08382 1.83782 3.88797 1.39961 -0.00599
-1.91499 3.36378 2.41369 0.00581 1.04728 0.11645 1.74909 2.3491 0.61761 0.73206
-2.04843 1.07799 0.33898 -0.6028 0.93083 0.5501 3.17695 1.09807 1.93684 0.08833
-0.36923 1.58082 1.35211 0.46769 0.65127 0.24559 0.19113 0.88944 -1.24728 0.17891
-0.85668 0.50009 1.3212 0.2473 1.70837 1.60787 -1.00768 1.66461 -0.41309 -0.32419
-0.27231 0.63979 0.0439 -0.88613 0.03587 1.38626 -0.53742 1.31983 -0.56313 -0.46316
1.16983 3.64527 0.8783 -0.65611 -0.80463 0.80418 -0.57788 -1.20451 0.8637 0.41714
0.66354 5.65768 -0.04728 -0.93898 0.29277 1.31462 0.31025 0.62633 -2.79806 0.17771
-0.30941 6.27136 0.19527 -0.85965 0.92903 -0.82998 0.50198 0.93355 0.23676 0.74541
0.10245 5.08008 0.49744 0.66773 0.77731 -0.49897 0.21972 0.09845 -0.64375 0.66219
-1.53239 4.18709 0.21974 1.85192 2.17413 0.16357 -0.04154 0.5664 1.27919 1.42073
1.25433 3.76778 0.92909 2.30712 0.32231 -0.76164 -0.57635 0.81103 0.62545 1.86858
0.5819 2.82679 0.47071 1.82054 -0.47671 -1.4438 -0.22078 0.50425 -0.21693 -0.31982
-0.98237 2.59736 0.98464 1.05969 -1.29698 -2.31933 0.47498 2.77923 -1.13204 -1.12459
-1.00379 1.57009 0.49688 1.66999 -2.26804 -1.39402 -1.40168 3.23838 1.07583 -0.43948
-0.96876 0.22682 -0.0503 3.55769 -1.08051 -0.74257 1.02963 0.64119 0.21693 0.17199
-1.19142 0.51733 0.52986 4.32419 -0.30686 -0.07835 -0.09655 0.71228 -0.24565 0.44305
-1.10191 -1.62244 -1.19228 3.68687 -0.19978 0.85515 0.11134 0.88775 1.0184 0.66511
0.98799 0.4554 0.63075 4.17179 -0.89335 1.61828 0.98783 1.51401 0.07305 1.7333
2.48129 1.06918 -0.09636 3.67277 -0.87231 -0.48652 2.15865 -0.32203 1.5482 -1.27182
3.14636 2.63577 2.03191 2.83254 -2.09614 1.80539 1.01931 1.92905 -1.08544 -0.42455
3.23723 2.76785 0.49006 0.46273 -1.20755 0.44129 -0.61136 0.88054 0.85927 0.50763
1.82072 2.913 1.26241 -0.17304 -0.53167 3.60642 0.14389 0.38825 0.63561 2.2813
0.27516 4.36131 0.81978 -0.07875 -0.18134 4.1097 1.25126 0.35433 1.79203 0.55348
-0.59704 3.75395 0.92611 0.7729 -0.08198 0.98041 0.32513 1.50156 -0.18184 1.03464
0.66476 4.44923 0.63158 -0.37435 0.37706 0.38769 -0.63995 0.9833 -0.72547 1.45617
0.49398 5.14039 0.92365 0.6112 -0.15147 0.18466 -0.44005 -0.92209 0.57654 0.5304
1.8578 4.78492 1.3034 1.81451 0.50429 -0.46891 -0.19235 -0.28542 -1.27236 1.126
1.46345 4.56047 0.10429 1.35009 -0.02981 0.54369 2.08541 -1.537 0.29646 -0.37457
3.15786 4.15335 0.70278 2.55707 0.77863 1.21942 -0.51095 1.12048 -0.04769 -0.50542
3.21142 5.79431 1.78198 2.93467 0.31565 -0.9724 0.27193 1.566 0.89454 -0.11365
2.67158 7.128 -0.53037 4.26265 0.38514 0.22971 0.82459 0.48398 -0.73858 1.43517
2.16051 7.10748 0.18369 4.62405 0.25066 3.28195 1.22546 0.66389 -0.22619 1.55333
2.38738 6.26079 0.93227 4.94299 1.48124 1.78414 -0.1938 1.52147 0.0234 1.9708
2.76061 8.66468 1.36244 4.70569 1.5899 0.97958 0.40379 1.45174 -0.38929 -0.25197
2.1285 9.45838 3.30104 3.05185 0.8073 0.91241 -0.5157 0.09753 -0.63195 -0.21686
2.35846 8.21871 3.88509 2.76886 0.92009 3.39657 -0.82267 1.39033 -0.17714 -3.2693
0.87585 7.9905 1.08674 3.3183 0.90451 0.18399 0.77855 1.12364 -1.37915 0.92387
-0.08992 8.07425 1.31104 2.10509 0.93537 -0.3912 0.29293 1.23428 -0.31232 0.69297
0.56986 7.19549 1.06537 1.40741 -1.11586 1.6988 -0.58115 0.99118 -0.44479 1.43039
2.50454 6.396 -1.03461 3.04766 -2.7018 1.01817 -0.24421 1.63744 -0.98261 -0.03562
2.10591 7.71189 1.34132 3.53244 -2.12338 1.94867 -1.48146 2.3258 -1.3929 0.64463
1.79569 8.02823 1.48273 4.68149 -2.20884 0.80351 -1.01995 1.36574 -0.44095 0.00343
1.15281 8.94285 2.19798 3.96508 -0.47474 0.13467 1.21683 2.76062 -1.60215 1.52045
2.26717 8.27686 1.79067 5.23302 -1.13559 0.05126 0.40787 0.13463 0.23042 0.18691
1.66575 8.47179 1.03941 5.41254 -0.73952 0.44263 0.93986 0.06345 -2.13024 0.22175
2.89705 10.51659 1.29866 4.81559 -0.57131 0.83899 0.01771 1.34912 -1.17815 -0.05306
1.19123 11.03648 0.4923 4.4023 -0.08583 2.09413 -0.37003 0.99543 0.32784 -0.41894
2.47476 11.23745 2.52108 4.18965 0.56094 1.2745 1.50876 4.2098 -0.25453 0.74221
2.20557 12.79491 2.65963 3.72464 -0.43333 0.19355 0.89957 3.11913 1.27658 1.54535
2.72874 16.119 1.87585 4.59912 -1.29109 -0.19584 0.49912 -0.23616 0.86519 2.28256
2.80182 14.92901 2.46593 4.77758 -1.17691 1.56885 -0.82447 1.98027 -0.74036 1.3221
2.48286 14.81481 1.22487 3.87005 -2.01451 2.16559 -1.17525 3.20494 -2.25211 1.7206
2.83668 17.68446 0.51364 5.52389 -2.31714 2.82047 0.76267 1.16438 -0.29319 0.6575
3.11988 18.9364 0.05508 5.99023 -2.29588 1.37277 -0.03994 4.3601 0.37699 1.32034
3.32276 20.02486 1.80155 4.61582 -4.36686 -0.49263 0.94143 3.48017 -0.27578 1.61271
3.36867 19.69089 2.43384 4.44763 -4.53238 2.32998 0.89067 3.50109 1.5752 1.8591
3.52847 18.41909 2.38863 4.83786 -3.80376 1.03186 0.73747 4.15341 0.19411 1.61995
1.83308 19.64348 3.51083 3.68648 -3.61264 1.54299 -0.12784 4.83171 1.65064 1.18548
2.37086 20.32938 2.79895 3.68565 -4.01045 3.17437 -0.00278 6.21908 -1.15027 -1.99313
4.09644 20.38807 2.09601 5.39547 -5.46536 1.53534 0.65884 6.21268 -1.12189 0.11248
3.59012 21.25058 4.27156 5.06041 -5.19461 1.12094 2.31472 4.50858 1.54981 0.82074
2.6373 20.33595 -0.122 6.15915 -5.97644 0.26005 1.17862 4.66086 -0.91927 2.03342
3.54883 21.93978 -0.10219 5.49059 -4.90909 0.47588 0.00611 4.82527 2.95611 1.0827
1.79706 21.73133 0.22854 3.49622 -4.83227 3.11087 1.72763 5.15646 -1.61157 0.06291
-0.57389 18.99978 1.489 1.91985 -3.42363 2.50871 -0.58336 5.96292 -1.24786 2.09993
-1.55405 19.37886 -1.22843 1.5877 -2.20033 2.34501 -1.0216 5.03464 1.0742 0.23167
0.12094 18.02512 -0.44996 2.73299 -2.48633 0.6988 -0.8111 4.22463 0.9883 -0.63725
1.81362 18.36822 2.24592 3.51286 -2.11601 -0.26526 -0.14631 4.9787 -0.7676 -1.53058
0.96447 16.75186 1.20885 3.88341 -2.53171 -0.55251 -0.3459 5.24973 -0.22234 0.50217
0.5101 16.93622 -0.52593 2.46562 -3.56506 0.67953 1.39565 2.97462 -2.33522 0.18609
1.52351 16.12406 -0.0749 0.63122 -2.78589 1.20794 1.28132 4.3606 0.25874 1.15268
-0.03173 16.81725 1.17468 1.73816 -0.37502 2.82453 1.0286 4.30206 2.5679 0.11936
1.16244 16.95162 0.09287 2.79789 0.79179 1.39803 1.80866 3.47522 -0.43631 0.21987
1.10483 16.8391 1.41273 0.56704 0.00877 -0.7596 -2.40094 3.82599 0.46133 0.14364
2.29599 17.02456 0.51153 1.51687 -1.66077 0.71823 2.42334 3.98067 -0.18035 0.97018
1.25823 14.07945 0.64104 1.97796 -3.19762 2.45236 -0.50976 2.77306 0.54342 0.43768
0.26543 13.13683 1.72174 1.67208 -1.77532 0.54854 0.25798 2.98458 0.29467 0.01749
0.72452 13.06126 -0.14783 -0.24742 -2.34176 2.66053 1.98531 2.59831 0.39667 -1.58658
1.14213 11.6088 0.44648 0.5214 -3.1697 0.85594 1.47455 5.54869 0.88807 -0.37616
1.6148 11.14601 0.70869 -0.01189 -3.43946 -0.10759 -0.56303 1.7903 1.4384 -0.14047
1.18519 13.19789 1.0072 0.02789 -1.85004 1.08506 -0.5065 4.19188 0.69575 -0.9362
1.36012 11.23431 0.67414 -0.69616 -2.71485 -0.70166 0.16931 4.5331 0.1425 -1.67798
1.8274 9.79169 0.28374 0.49965 -1.69506 0.0705 0.29629 0.8898 0.17296 -1.10997
1.07134 8.83657 -0.03931 0.1146 -1.88782 -0.55946 0.48733 4.26117 -0.79784 1.18962
1.92177 9.54652 -0.70337 -1.15993 -1.3082 0.01514 2.44467 1.38269 0.87043 -0.0157
1.8456 10.92035 0.79915 -1.28289 -2.07661 1.07132 1.62518 3.00106 1.49561 -0.46487
0.38016 11.32355 -0.21806 -2.6202 -0.93721 0.99822 1.53822 3.08576 1.90297 -0.65994
-1.73864 11.92048 0.08994 -3.62739 -2.18711 0.01546 1.5284 1.79593 2.80634 0.25343
-0.74694 11.21475 -2.49495 -1.86169 -1.19269 0.69296 -0.56816 2.53407 0.19615 1.63788
0.39083 8.50326 -1.87785 -3.38159 -1.65188 1.87412 1.03619 2.61459 0.31617 0.67074
-0.52107 8.15691 -1.26126 -4.19568 -1.48243 0.16947 2.04107 0.95414 -1.03306 -0.99142
0.08056 7.15994 -1.1663 -3.87395 -3.11977 0.30969 -2e-05 1.94099 -0.23472 -1.36897
-0.51602 8.51636 -1.72945 -4.31101 -1.78736 -2.07784 -2.42689 2.53865 2.19675 -0.47473
-0.31748 9.20815 -2.18436 -3.62923 -1.03033 -1.37521 -0.8117 1.95044 -1.80317 -0.12993
-2.42395 7.98676 -2.21768 -2.71752 -0.06605 -0.93766 -1.18942 1.0726 -0.74239 -0.74781
-1.4574 7.13741 -1.61421 -1.90035 -0.72324 -0.56025 0.43979 1.18161 -0.82303 -1.48553
-1.78834 5.70538 0.11375 -2.90698 0.02013 -2.16623 0.31509 2.98668 1.94418 -0.63237
-2.37832 5.77208 0.89438 -2.01996 -0.97937 -1.66414 -1.24567 0.4245 0.15687 0.67075
-1.66674 5.32371 -1.4738 -3.10714 -1.3759 -1.18427 -0.91503 1.81808 0.55445 -0.4233
-2.16921 3.40216 -2.74455 -1.47855 -2.63771 1.04251 -0.51212 3.25462 0.92002 1.2225
-1.59142 0.85708 -0.87293 -0.10359 -1.31473 -1.36997 -0.78851 0.71688 -0.98664 0.78213
1.61833 1.14032 -3.12148 -0.77529 -0.63892 -4.02649 -1.53406 2.47091 -1.42616 -1.35855
0.83385 -0.86768 -1.68256 -1.9687 -0.95083 -1.0737 -0.47538 1.14629 -0.37044 -1.80708
0.11815 -1.91385 -2.80448 -1.8516 -1.50451 -2.22752 -0.0161 0.60598 -1.28413 -0.24815
-0.88287 -0.11059 -3.8218 0.05095 -3.71829 0.2759 -0.74123 -0.3956 0.80014 0.53237
0.01107 -1.85044 -0.16449 0.73419 -3.95817 -0.1723 -0.83188 0.57498 -0.07035 -1.00303
-1.46856 -1.77745 -0.09029 1.82472 -2.73359 -0.97449 1.29261 -0.56447 -0.61999 -1.23657
0.16087 -1.76232 1.73334 1.68847 -1.90869 0.14504 0.0803 -1.74467 0.19886 -0.28121
0.2496 -0.81313 0.08274 0.2036 -0.88676 -1.09941 0.17372 1.33229 0.55669 0.32873
-0.29174 0.62772 -1.26091 0.52545 -0.36238 0.77536 2.71257 -0.34279 -1.40611 1.89936
0.47993 2.14098 -0.68612 -2.66253 -0.00468 0.16381 0.63576 -0.17148 1.14604 1.10914
0.19117 5.15189 -2.10353 -1.37628 0.96118 -0.72706 0.74697 -0.48174 0.4948 0.88018
-0.50141 2.95331 -1.97102 -1.21681 0.18136 2.51508 0.36492 -1.41762 0.54566 -1.38518
