-0.78285 -2.08418 4.41538 0.09679 -0.48352 -4.04244 -0.08791 -11.03477 -2.69844 -2.57249
-1.45623 -0.34806 3.63825 0.36981 -2.11763 -3.71689 -3.43685 -10.46453 -1.16435 -1.68964
-0.6765 -0.57198 1.54472 0.64506 -0.19009 -3.34513 -3.46999 -10.71832 -2.6494 1.20434
-1.44102 -0.5073 0.61184 -2.11698 -2.61592 -2.76137 -3.08361 -10.19292 -1.99233 -1.10792
-4.18636 -1.32083 0.77145 -0.37807 1.41977 -3.58962 -2.33184 -10.02803 -3.00852 -2.09005
-3.35365 -0.00238 1.55154 1.77218 0.3237 -2.67549 -3.42078 -10.99346 -3.91639 -1.72564
-4.06344 0.11463 1.8829 0.78484 1.34297 -3.93506 -1.29442 -9.61101 -2.64159 -0.43102
-3.50657 0.44728 3.01102 0.35015 -0.53186 -2.62417 -1.55809 -10.46031 -2.48411 -1.84348
-2.5926 -1.1279 2.51671 -0.64577 -1.23152 -2.2384 -1.29638 -10.40838 -0.12605 -3.62004
-2.60485 -0.04465 1.1387 -0.35756 1.64959 -2.48808 -3.01215 -12.18043 -2.76675 -0.91939
-1.43966 0.3564 -0.16117 -1.87375 -1.45526 -3.2431 -3.19212 -13.22023 -1.37899 0.96216
-2.28696 -0.42835 -0.58009 -1.48648 1.51838 -2.71254 -0.31595 -13.31211 -1.41063 -0.26596
-0.51086 -0.1742 -0.63208 -0.20038 -0.07806 -4.67789 -2.38769 -11.12354 -1.42138 -1.16063
-1.77665 0.46415 -1.2925 -1.70632 1.30163 -3.37601 -3.81648 -10.75265 -1.81504 -1.73354
-1.00114 -0.83475 -1.45773 -0.84975 -1.77887 -3.54568 -4.28779 -11.26921 -0.88753 -0.70497
-2.47111 0.14914 -1.80591 -0.91499 -0.64678 -4.57451 -3.77007 -9.80648 -1.17667 -1.17863
-1.60868 0.24833 -0.09806 -0.29368 2.42465 -3.51025 -0.37206 -9.28808 -0.82537 -1.22437
-3.54804 -1.42246 0.36978 -0.09216 -0.59815 -3.98167 -3.11232 -11.04773 -1.91593 -0.32758
-5.11002 -0.22258 0.63784 -0.90545 1.7972 -2.45529 -3.90147 -11.05437 0.80716 -2.14073
-3.86581 1.56868 0.8952 -0.23369 -1.28955 -3.78142 -2.91263 -10.41097 -2.99326 -2.01539
-3.82428 1.01609 1.34327 0.53147 -0.29372 -3.16782 -4.43786 -9.32822 -2.57123 -2.67136
-2.54541 1.23774 -0.85887 -1.41544 0.63576 -2.56672 -2.85877 -9.81138 -5.00347 -2.97864
-1.13872 0.77606 -1.43311 -0.22131 0.79738 -3.3967 -2.42444 -11.16935 -2.00629 -2.61369
0.36078 0.36813 -2.29056 -0.94031 0.05199 -1.4808 -4.3267 -10.27395 -2.78998 -0.37202
1.79701 0.37588 -0.9045 -3.04059 0.81002 -4.15156 -2.10333 -10.55108 1.29122 0.05036
1.98197 -0.62345 -1.19065 0.4224 0.83644 -2.54154 -4.04192 -10.37845 -0.78783 0.93853
0.24512 -0.13238 -0.10721 2.14704 -1.05395 -3.26592 -1.75177 -9.50022 0.22374 1.30131
0.06082 0.46722 0.04045 1.77977 0.41278 -3.72276 -4.14525 -8.8864 -0.42311 -1.21937
1.3753 -1.38328 -2.34099 -0.49842 -0.04562 -2.08553 0.77952 -8.82559 1.15582 0.66479
2.5629 0.13159 -0.81363 -0.73619 -1.8277 -4.19988 -2.45821 -8.9203 0.10437 -0.02009
1.32955 -0.44556 -1.09862 0.33389 1.28311 -2.32544 -3.76202 -7.29947 0.52089 0.07679
0.77595 -0.02196 0.20957 2.17537 1.56201 -1.58171 0.08042 -6.12894 -0.60579 -0.24209
1.51929 0.83371 1.65429 -0.55766 0.55002 -0.30949 -1.99374 -6.05854 -0.77089 1.58589
3.38014 1.84944 2.97141 1.28891 -1.04765 -0.77234 -1.52325 -5.31187 -1.06365 2.08746
3.08353 2.91016 3.59631 -0.25546 -0.98476 -2.77666 -3.6105 -5.90281 -0.41673 2.51346
3.13534 1.80968 2.52319 -0.32634 0.93921 -3.98416 -2.24565 -4.10915 -0.70017 0.59548
4.2147 0.13599 2.74971 0.14684 1.59307 -1.90942 -2.09993 -3.05214 -0.85688 0.70127
4.36141 1.34767 2.69035 -2.06644 0.26595 -1.14488 -1.90867 -3.3369 1.48879 2.45221
4.28543 1.72383 1.97812 -1.22595 2.34148 -2.50617 -2.50824 -2.97202 1.85475 0.68259
3.91657 2.1194 2.99114 -1.11339 1.41622 -0.06694 -0.5669 -1.68172 1.17493 2.285
4.07611 1.62578 2.12662 -0.91287 -0.37258 -1.13503 -0.71974 -3.73223 0.86762 -0.1267
4.79443 1.32135 3.31789 0.70024 1.21919 -1.93742 -1.16564 -2.52078 2.22491 0.4953
4.39029 1.12757 2.74797 0.48151 1.42043 -1.24914 -2.42602 -1.97545 1.54655 0.80772
7.76956 0.19587 2.07307 1.28731 -0.7425 1.64972 -0.82859 -0.16824 2.66949 -0.43188
8.08463 0.22067 2.33939 -0.0839 0.76999 2.44646 -2.14768 -0.60493 1.55489 2.57206
6.30305 1.24138 2.01096 0.26294 1.22567 -0.74503 -1.30122 1.57916 2.80643 1.9622
5.18352 0.68597 0.40735 0.4168 -0.1582 1.11165 -2.07134 3.19914 1.98774 0.87407
5.10782 -0.03692 0.48063 0.33689 -0.20061 0.72432 0.83437 3.24947 0.42738 -0.56029
5.35801 -2.25165 1.31117 -0.46885 -2.10212 -0.11228 -1.77567 3.12337 3.02758 1.99185
2.59565 -2.56362 0.32621 -1.86704 0.21303 0.68796 0.30638 2.94989 1.02312 1.78108
1.08375 -0.57196 -1.1358 -0.1036 1.57213 0.88095 0.99591 4.54232 0.25734 -1.61673
-1.04305 0.92463 -1.23294 -0.08342 -0.32387 0.66408 1.37661 4.2387 0.39381 0.25783
-0.8837 0.53946 -1.48011 -0.66574 -1.44555 3.82828 0.03701 3.42265 1.13775 0.45804
-0.63509 -0.59945 -0.71849 1.11253 1.54583 1.39214 0.45275 4.47936 -1.19866 0.49903
-2.72646 -1.4625 0.49173 0.54922 0.5675 2.90979 -0.14491 2.65882 -1.45728 -2.44072
-2.25702 -0.23188 -0.02173 0.7283 -0.27005 1.63246 2.42318 1.71998 -1.18248 -1.13931
-2.31709 0.52168 0.44492 -1.39788 0.47007 -0.03594 1.90669 -0.08873 0.85742 -1.43358
-2.09108 -1.1627 -1.14032 -2.43522 -1.48697 -0.02403 0.65726 -0.43338 0.44207 -0.11948
0.12549 -1.96792 -1.81584 1.01002 0.33108 0.41456 0.97224 0.32871 0.47124 -0.25982
0.71221 -1.30733 -2.24067 -0.22644 1.27719 -0.14517 0.55395 -0.19603 -1.14129 -0.75117
-1.09096 -2.40553 -1.27798 0.50563 1.34793 -0.59206 1.69751 -1.3575 -0.04686 0.47578
-2.09109 -2.34229 -0.74495 1.26643 0.89587 -1.26378 -0.30398 -2.91953 -1.07286 -1.40788
-2.49586 -2.51431 0.37706 2.47456 -0.6002 -2.20248 0.85125 -4.06794 -0.38091 -0.60871
-3.04374 -1.76698 0.25946 1.2581 -1.39389 0.80487 -0.5087 -3.81175 -1.91855 0.56473
-2.81552 -1.92484 -0.62547 -0.75155 -3.57956 -0.48686 0.30952 -3.51362 -1.27027 -0.35331
-3.88942 -0.68645 0.86539 -0.04803 -0.41428 0.66172 0.26393 -3.62304 -1.03198 -1.32609
-4.31534 0.28552 0.57321 -0.92374 0.22103 -0.80954 -0.88469 -4.00368 -3.99335 -3.14097
-5.9916 1.43944 -0.24955 0.50727 -1.84966 -1.8132 0.952 -1.89775 -1.00067 -2.3284
-7.37775 1.81796 1.09457 -0.9231 0.56936 -2.12028 -0.37399 -4.36921 -3.06065 -1.60662
-5.20207 0.41114 2.32574 -2.57354 -0.66213 -1.89478 -0.68877 -2.66563 -2.11131 -1.8806
-3.97684 -0.35734 2.27034 -0.63378 0.78712 0.27217 0.32245 -1.74479 -2.31265 -2.39889
-4.0843 1.2789 2.38338 -0.83121 -0.07494 0.13269 -0.53432 -2.70228 -2.01308 -3.5326
-3.92366 0.25722 2.2769 0.04185 0.39418 -0.24799 -1.69804 -2.76421 0.58586 -1.97859
-2.42504 1.07705 1.17592 0.52202 -0.61289 -1.78304 -0.96071 -2.70647 -1.40558 -1.38966
-1.17271 1.42387 1.12199 1.08708 -2.55682 -2.62294 -0.93922 -2.58296 -0.15493 -1.22011
-1.97278 1.19844 -1.46615 0.09381 -0.80839 -1.89478 -1.66389 -3.11505 0.02157 0.60478
-0.98721 3.15049 -1.70923 -0.85032 2.60898 -1.56788 -1.88333 -3.7728 0.51719 -0.92089
-2.37655 2.56733 -3.07347 -1.00394 -0.65704 -0.47371 1.35912 -3.20375 -1.19678 -0.90508
-0.68335 3.70789 -4.25785 -0.19891 -1.2346 -0.56706 -0.62174 -2.23048 -1.9312 -2.26542
0.07852 3.19162 -3.78983 -0.76674 0.66946 -0.26882 -0.57946 -2.68394 -0.20169 -0.10904
0.24549 1.85683 -2.02097 0.01275 1.42493 -2.05406 -1.11797 -4.14729 1.13612 -0.8281
-0.31288 2.61776 -1.71155 0.15678 1.80622 -1.73189 0.50106 -3.96274 -0.44283 -0.15747
0.96191 2.37295 -3.38133 -1.29859 0.67825 -0.94036 -0.04501 -3.47209 0.61577 -0.23177
4.15428 3.11461 -3.75212 -0.5703 0.58559 -1.18161 0.29972 -3.10092 0.20614 -0.25213
5.48768 1.89959 -4.29955 0.09512 0.58845 0.83017 -0.91853 -1.02337 1.72518 0.73167
5.67329 2.65099 -3.53793 0.63896 1.63981 0.32596 -3.00407 -0.89529 3.0836 1.03319
6.12963 1.31949 -3.278 0.221 1.38291 0.53512 -2.24369 -0.21871 0.94868 2.87181
5.63587 0.42824 -4.65545 0.14224 0.84739 -0.60593 -1.28548 0.86544 2.91698 2.42206
6.46946 1.89417 -3.68557 1.28073 2.23468 -2.04819 0.66963 -0.12194 3.665 1.5769
6.03264 1.6195 -4.01071 -0.84673 1.60722 -1.30933 -1.69493 -1.51274 2.96017 3.56398
4.81181 1.50093 -3.48479 0.59955 -0.53157 -1.84885 0.96675 0.81262 2.98061 1.7803
4.96164 2.02717 -4.72982 2.06792 -0.70129 0.47092 0.1484 2.38825 2.85727 2.66374
5.84437 2.23586 -3.45456 -0.68384 2.34222 1.57854 -1.16376 2.23545 2.11615 2.20853
5.80378 2.18427 -2.35191 -0.9595 2.03233 -0.31616 0.12373 1.4993 0.67796 3.48352
6.88556 0.4172 -2.96689 -0.53197 0.36097 -0.58708 0.74164 0.56147 2.20703 1.37114
6.44728 -1.10609 -3.85127 1.52046 0.39723 0.36573 1.73825 1.055 3.037 0.6258
5.0074 0.54225 -4.86683 2.25947 -0.19005 -1.14188 0.92347 -0.52125 0.28285 3.71975
5.24289 0.30673 -4.62866 -1.04665 0.10161 -0.69851 1.88507 1.48716 1.81554 3.13948
3.0221 0.83512 -5.4192 -0.62102 0.02232 0.35206 -0.29136 2.38827 1.80363 -0.12277
3.27186 1.75381 -6.12638 -0.44005 -0.05496 0.37051 1.09712 0.95305 1.54988 -0.06401
4.59236 2.0146 -6.52423 0.1889 0.44277 0.63346 0.35591 -1.11913 1.50707 0.92667
3.32543 0.53489 -6.1087 -0.88952 -0.27426 -0.42719 1.15118 -1.01695 -0.17676 1.66188
3.94651 -0.35623 -6.59416 0.28861 0.01938 -1.815 -0.17252 -1.08385 0.57221 0.65442
3.05289 -0.23604 -5.01851 0.17925 0.90349 -0.52849 0.32282 -2.84496 1.42227 0.2513
0.31707 1.54254 -4.04747 1.14419 -0.9963 -0.94187 -0.786 -0.4936 2.27889 -0.29956
-1.15618 0.15549 -4.49497 -0.73208 1.41617 -0.84617 -0.36458 -1.81869 -0.56205 -1.4698
-1.11589 -0.13955 -4.64433 -0.67386 -0.80372 -1.55425 -1.83728 -0.86837 -1.83106 -0.20767
-1.07869 1.13992 -3.85813 0.35499 0.8708 -0.0191 -0.82009 -0.63346 -0.49006 -1.80985
-0.98157 1.19567 -4.9008 0.20342 1.65734 0.39018 1.17079 -0.69806 0.7287 0.81384
-1.35116 1.37278 -4.08324 0.39505 -0.60328 -0.26779 -2.42648 -1.63089 -1.18589 0.81416
-0.82027 -0.35137 -4.44866 -1.67263 -0.52806 -0.43997 -0.80523 -3.0304 0.00939 -0.6203
-0.01759 0.63042 -5.33354 -1.68518 -0.55594 -1.89262 -0.58186 -0.61241 -0.15009 0.83786
1.34782 1.50068 -3.77172 0.4698 1.05704 0.22131 1.42755 -2.22025 0.39623 -0.19732
0.97202 0.60822 -2.78695 0.02166 -0.42925 -0.32 -1.12063 -2.27909 0.57374 1.92023
0.07043 -2.45173 -2.22769 -1.5764 0.53126 -0.04376 0.12666 -3.14594 2.63468 -0.04726
0.17388 -2.25931 -3.43273 0.6448 0.70981 -0.06755 -0.3001 -2.49054 -0.66569 0.31088
-0.62778 -3.01525 -3.39466 0.66795 0.49016 -2.29297 0.43683 -2.24726 0.82056 1.37579
0.04154 -1.93719 -5.12887 0.52468 -1.16136 -0.76014 -1.66033 -2.25897 0.80799 -0.24417
-1.04163 -2.33023 -4.99138 0.01053 1.38445 0.47674 -0.20412 -1.65943 -0.12016 0.23133
-1.12304 -3.27032 -4.22521 0.04483 -2.57456 0.06641 -0.40699 -2.46597 0.01887 -0.0011
-0.3777 -2.61945 -5.00381 -1.50044 -0.75339 -1.09909 1.66448 -1.18806 -1.75113 -1.33489
-1.29308 -1.09167 -5.61496 -1.79021 -1.32653 0.00529 0.43273 0.42076 -2.27388 -0.46278
-2.8832 0.23995 -3.76412 -0.24616 -1.82219 0.05158 0.67443 0.52018 -0.96262 -0.29861
-3.04589 0.94338 -3.32414 -2.2848 1.0369 -0.53863 -0.80986 1.19138 -0.7803 -1.6199
-3.45064 -0.13933 -2.87013 -0.77536 0.01507 -2.44515 -1.3803 -0.14413 -1.72875 -1.22882
-3.28618 0.20952 -2.81975 0.35254 0.7074 -1.03237 -1.14927 1.08914 -0.58328 -0.54644
-2.39476 0.06448 -3.28885 -0.34131 -1.01989 -0.33202 -0.0564 2.42588 -2.68379 -0.95508
-2.25411 0.48724 -3.79856 -0.00817 0.26802 -0.09971 -1.44841 3.02459 -0.91635 -1.77543
0.04278 1.38918 -5.73193 -0.16506 -1.19657 0.70142 -1.33253 1.98487 0.3829 -0.28865
-0.15161 0.23257 -4.90848 -1.18017 0.15919 1.11729 -1.60311 1.89262 -0.12767 1.42923
0.72556 0.17235 -4.28817 1.77658 1.38544 -0.30532 0.32535 1.82292 0.10144 0.84625
0.92801 0.4013 -3.73386 -0.17716 0.83058 -0.41309 1.69251 2.00668 1.08871 -1.11527
0.40976 1.65442 -3.35527 -0.38955 -0.57687 -0.3986 0.59575 2.00951 1.17895 0.7059
1.20451 0.56353 -4.64139 -1.27833 -0.43003 1.77116 -0.23522 0.35446 1.10202 1.28819
2.73466 -0.13315 -5.101 0.60393 0.12696 0.68385 0.46816 1.0038 0.21998 0.61139
1.1644 1.64671 -6.878 0.10054 0.47266 -0.19754 2.4395 2.4227 0.86576 -1.4045
-0.38336 0.60253 -4.78673 0.47578 1.8624 1.88485 0.57847 1.00783 -0.35542 -0.70006
-0.90246 1.07133 -4.26154 -0.36362 -0.75843 -0.79868 0.22191 0.45731 0.86523 0.72419
-0.29869 2.2917 -4.35997 0.85994 1.43518 0.24776 -0.36468 0.61892 0.47853 0.73088
0.4943 2.4384 -3.96484 0.51507 -0.50542 1.37712 1.93667 -0.31814 -0.7828 1.89034
1.77002 3.59673 -4.37656 -0.71657 -2.05465 -0.38773 -0.74883 1.4368 1.76091 1.78301
1.68615 3.82352 -4.87105 -0.52182 0.85077 1.06799 -0.85162 2.0067 -0.08361 2.47311
2.93444 2.86632 -5.20059 1.55414 0.58998 0.03197 -2.30599 1.88295 0.28803 1.48878
4.48263 3.09679 -6.54545 -0.24982 0.3588 0.65772 -0.77892 2.55451 1.42088 2.43526
6.31191 2.12023 -6.73922 0.42326 2.32024 1.28697 0.43506 2.6696 0.15863 2.9807
7.05314 0.51364 -6.36452 1.28643 1.49868 0.21065 -0.22553 4.3489 3.11789 2.55139
5.62485 0.43927 -4.39277 -0.30979 -0.68121 1.69325 -0.06248 6.92786 2.15512 2.93274
6.79349 -0.48112 -3.49523 -0.04137 0.43354 1.95399 0.65989 7.92922 1.92572 4.08641
6.30212 -1.98407 -3.46909 -2.48284 0.73201 1.65216 -0.78166 8.25944 2.86013 3.24149
7.65077 -2.28532 -3.03057 -0.24804 -0.4769 1.70093 2.52784 9.38498 0.27076 2.75674
7.32122 -0.43948 -2.86317 -0.41924 0.46731 2.54234 0.88438 10.71076 2.27968 3.65492
6.6351 -0.88908 -2.31122 2.06888 -0.75463 3.1423 2.22429 9.6321 2.3627 2.70374
4.75003 -1.09665 -2.39475 -0.22025 0.18121 2.03596 2.47572 9.77942 3.91237 1.86738
4.91311 0.48708 -1.45622 -1.60871 -0.97716 2.79569 1.50189 9.96556 0.96258 2.20654
3.66455 2.58792 -1.12592 -0.53052 -0.48413 3.19804 1.44615 9.527 3.39198 0.60832
4.61891 2.37278 -1.06839 -0.07329 1.61629 4.08102 1.95195 10.25451 2.67037 0.57964
4.20035 2.6511 -0.81224 -0.72655 -0.2363 3.33189 2.68174 8.08891 2.64192 2.4937
4.8968 3.36036 0.08532 -1.04151 1.0746 2.73142 1.2834 7.16281 3.00131 0.79373
4.07379 4.15264 -0.19494 -1.57708 1.53335 1.23352 2.277 6.90955 3.38694 0.15216
4.69976 4.66655 1.0611 0.65436 -0.35423 1.87766 1.88102 9.31793 2.83372 0.56199
6.06615 4.16817 -0.73065 0.31771 0.30016 2.67678 4.21894 9.95376 0.77265 -0.02269
7.79092 3.44239 1.11348 0.80798 0.38372 3.96141 2.54745 10.88516 3.50243 2.19504
7.22435 4.26553 1.72105 -0.22679 0.88293 3.32559 1.12856 9.89762 3.87128 1.58028
7.12912 2.99766 2.20155 0.67509 0.7245 2.5538 2.44795 10.51613 3.26305 0.3039
8.94814 2.09507 1.91448 1.65098 -0.98889 2.67689 4.43811 11.30919 3.11085 2.99826
7.59885 1.6973 0.51741 0.11848 2.73239 2.39376 2.95708 9.79884 3.19287 3.00596
9.63019 1.87035 1.76627 0.72534 0.30088 3.53447 2.75895 9.65471 4.07958 2.82907
9.8374 0.12327 2.83679 0.2129 1.86164 1.81534 0.83216 9.9366 4.37371 2.71069
10.18694 1.05354 0.59984 0.44714 -0.11185 1.85616 2.34925 10.27466 3.38971 3.49241
9.4801 -0.14001 1.41796 0.64781 1.15166 3.33643 0.53203 12.12514 1.17549 2.86532
9.47088 1.61928 2.8751 -0.0462 0.19826 4.05573 1.37426 11.64385 3.55509 4.85358
8.2193 4.19641 1.64802 -2.55118 -1.30988 4.88999 3.0337 13.25357 4.15552 3.73056
6.64349 3.53579 1.86519 -2.50541 -0.89248 4.36921 2.34574 14.05765 2.26075 2.96142
7.82574 2.07028 1.42415 0.1277 0.62858 2.87667 3.56912 12.63514 2.10954 2.00857
6.51966 2.20118 0.96151 -0.5472 0.44778 4.70052 2.53757 11.43857 1.35167 2.8687
5.29759 -0.04661 2.41472 -0.2693 0.53936 2.41662 5.25239 12.04789 4.69008 2.70443
6.8483 -0.69361 1.4397 -1.40498 -0.6714 3.25684 3.99668 12.72149 2.97369 2.80786
5.93638 -0.36311 2.40853 -0.48036 -1.83767 1.88958 2.48729 13.04141 2.91284 1.51174
5.36056 -1.13811 1.88425 0.94619 -1.93618 4.10707 3.70791 13.07481 2.61091 2.47375
2.97613 -0.14265 1.94237 -0.95269 1.89086 6.03224 4.75079 12.67706 2.84027 3.78848
1.31132 1.28072 1.54224 -0.57951 0.64464 4.59636 3.39182 13.63814 3.39221 1.76446
2.79122 1.60767 2.7631 -1.34353 -1.59199 5.70409 2.92025 13.28097 0.11365 0.62753
1.2288 -0.04367 3.83453 0.95817 0.94335 4.37963 0.9412 12.32543 1.55404 0.99797
1.89947 -0.42319 3.03063 0.94385 0.22588 4.07474 3.04398 11.60155 1.96654 0.08941
2.36235 0.9665 2.93552 -1.73246 1.02747 3.18633 4.04102 11.90909 0.88586 1.67198
2.73524 1.76489 2.8739 -1.21497 0.18275 5.38435 1.40861 11.23816 3.64176 0.31724
1.79457 2.1961 3.82106 0.62445 -1.06418 5.71768 2.25585 11.16824 3.17234 -0.82847
1.5437 0.58192 3.46419 -0.44613 -0.04659 5.41999 2.51393 10.76838 3.31527 -0.18435
3.08178 0.12606 3.18539 0.37991 1.08461 3.07671 2.9969 9.30993 2.10599 -0.80588
1.74268 -1.66629 3.65603 1.58549 -3.07282 1.57985 0.93155 8.423 0.68291 1.55223
2.92287 -2.61325 4.24669 -1.07678 0.15756 3.2257 2.27227 9.49371 2.21966 0.1603
2.31346 -2.96549 3.11017 0.03711 -0.2154 2.88927 2.32654 11.30815 3.87282 -0.9379
-0.00527 -3.44578 1.77366 0.86696 0.23261 4.09262 0.87858 10.43991 1.76603 1.60711
-1.49674 -2.74773 1.61224 1.11448 -1.0031 3.73183 2.21098 9.97519 0.39618 -0.19848
0.19449 -2.44665 1.72788 0.41781 -0.48764 3.34266 1.50404 9.45582 0.40993 -0.73711
-0.22881 -2.13444 1.57571 -0.74054 -1.91611 4.23899 2.46686 8.31157 -0.16042 -0.88209
-0.89525 -0.10497 0.00812 0.43414 -1.8649 4.22477 1.97222 7.55005 1.18488 -0.00778
-3.08483 -0.10612 0.73216 0.41185 -1.21905 3.32763 3.44934 6.22967 0.06119 -1.63774
-2.17571 -0.13028 -0.37634 1.23788 0.23183 3.69263 2.50158 8.2252 -0.68671 0.15926
-0.77137 -1.7316 -0.99429 -0.44428 -0.75852 1.67731 1.62292 7.5118 -1.53652 -0.44189
-2.55816 -0.29711 -0.23431 1.44136 -0.87942 1.36371 0.49642 6.12987 -1.68899 -1.75275
-1.72993 -0.76612 -0.52235 -0.51436 -0.38364 1.32343 2.6021 5.57189 0.08961 0.09368
-1.68711 0.14144 -0.80564 1.94423 -0.96833 2.82637 2.71338 4.10437 0.57511 -0.15349
-2.94492 -0.46735 -0.697 -1.35851 0.78685 2.7073 1.37649 2.1346 0.01767 0.29477
-1.7366 1.12047 -0.5576 -1.09894 -1.38726 1.23453 -0.52428 2.74799 -1.24762 0.5216
-1.65725 1.03702 -1.398 -0.15431 -1.14576 0.36856 0.94586 2.55009 -2.21657 0.7128
-1.45741 0.6274 -1.20269 1.58321 0.9188 0.90253 1.60591 2.11932 1.48385 -2.60038
-1.99748 0.72766 -1.91108 -1.23546 -1.27333 -1.49426 1.27067 0.6118 1.00863 -2.63075
-0.67982 1.42661 -0.16342 0.46055 -0.64588 -0.32379 -0.25212 -1.05841 -0.78133 -1.15295
0.63223 0.92213 0.37964 -1.17119 0.71926 -0.96069 2.72475 -0.53769 0.57445 0.99815
0.652 0.56796 0.38416 -0.24141 -0.32279 -0.59805 -1.06824 -1.61994 0.70089 1.63026
1.96732 1.12667 1.10043 -0.09259 0.6982 0.45064 -0.17918 -0.15676 0.44268 -0.46578
0.71446 0.41682 0.70168 -1.25389 -0.46593 -2.31011 -0.2807 0.60626 2.62062 1.67606
2.18151 -0.44806 0.85181 -0.39229 1.98905 -0.66863 0.48558 0.68242 -0.61833 -0.66193
2.28823 0.17095 2.52012 0.12225 1.41143 -0.11418 -0.36704 1.96561 -0.28855 -0.29514
1.62195 -1.50029 0.0475 2.38191 -1.52759 0.08751 1.33278 1.76915 1.62637 -0.6067
1.76775 -1.22049 0.42284 0.25683 0.39853 -0.32597 1.96813 2.14209 -1.29923 0.60676
3.05182 -0.40369 0.73561 0.30607 0.93451 1.86517 -0.2706 2.87189 0.99708 1.37003
2.20134 -1.20752 0.32515 -0.29143 -0.88643 1.26384 -0.30489 3.10795 -0.55832 0.41053
1.23024 -0.25084 1.79501 0.90562 -1.20164 1.95368 0.31169 5.04556 -0.21497 -0.32364
1.10701 0.80397 3.30265 -1.32201 1.00734 3.28866 0.22863 5.58979 -0.41721 0.06757
0.08401 -0.39604 3.41691 1.27414 0.58221 2.32585 0.17243 5.2413 0.10529 -0.42424
0.10684 -0.22957 1.81907 -0.17614 0.19704 1.96414 -0.12041 4.92913 0.1785 -0.25496
-1.67178 -0.55237 2.48474 1.06153 0.65996 1.37237 -0.00934 4.73152 0.46434 -0.48769
1.2868 -0.49393 0.77173 0.0374 2.28313 1.63631 0.49651 5.81063 -0.76002 -2.22024
0.94612 0.25979 3.09738 0.48304 -1.90333 2.81716 2.73822 3.99839 0.05567 2.0585
1.84569 0.61065 0.74097 -3.85671 -0.02587 2.07874 0.67555 3.62359 3.02601 -0.66261
0.95294 1.81946 -0.2463 -0.53725 0.91738 3.11642 0.94379 4.50697 -0.61983 0.81748
0.56601 1.90137 -0.84443 1.02193 0.11645 2.03926 0.94705 4.29707 -0.85439 0.80954
0.6721 1.13793 -2.12713 0.65505 0.32628 2.11118 1.49628 3.99735 1.56448 0.6092
1.88961 0.085 -1.16327 1.87235 1.11447 1.28073 0.72171 6.07879 0.51455 0.74892
1.38999 0.40221 0.65443 0.5966 1.02172 3.6021 1.19453 5.51567 -0.36474 0.21336
0.94861 0.01476 -0.64695 -0.67838 -1.10291 1.95291 0.52229 6.64476 0.5406 0.05251
1.93511 -0.49681 -1.39318 -2.00052 0.27689 0.49977 2.23767 6.98674 0.85212 -0.51717
2.08527 -0.45022 -0.02229 -1.37301 -1.37938 1.54711 -1.0147 6.45812 1.93285 0.04969
1.29329 -1.35309 1.81477 0.03357 0.58498 1.96567 3.11097 5.55838 1.52129 0.40851
1.02885 -2.41684 0.58785 0.21974 0.00291 0.3973 0.95345 6.54742 1.60821 -1.41881
0.16995 -3.66205 1.082 0.13557 -0.73704 -0.92906 1.93116 7.86577 0.17168 0.48141
-0.03842 -2.80615 1.67527 -0.13415 0.47066 2.55313 1.92128 7.34836 1.15339 -0.38662
-1.72836 -1.65834 2.33058 0.18437 -0.67347 3.34345 1.2529 8.63178 -1.83965 -0.29032
-2.77973 -0.90319 0.6602 0.36485 -0.21671 2.42283 1.53537 7.42449 0.31564 -1.67836
-2.40335 0.41656 2.20296 1.4583 -0.89652 4.14651 2.74958 6.65314 -1.82582 -0.84318
-2.35484 -0.3897 1.18948 0.41252 -0.49328 2.21893 2.68443 6.81927 -1.61142 -0.74165
-2.85202 -0.58732 2.05753 -0.59991 0.14366 1.78844 3.72712 3.50165 -0.93189 -2.99962
-1.5067 -1.61571 2.78254 -1.41522 -1.09122 0.63308 2.27214 2.4863 -1.37282 -1.79478
-2.71848 -2.04034 3.75344 -0.41071 -1.84622 -0.38813 1.62054 1.10361 2.14242 -1.79677
-2.69545 -1.04536 4.89188 -0.70896 0.50647 -0.15711 2.67966 0.69252 -0.31011 -0.65663
-4.30786 -2.53258 6.95054 2.19224 -1.39015 -0.15304 2.49 -0.72588 -2.38586 -1.7915
-5.33314 -1.35203 6.82583 -0.0174 -0.641 0.21585 0.18173 -1.99069 -2.63927 -0.11416
-4.22434 -1.21394 7.81375 -0.71288 0.81438 -2.31955 -1.44923 -1.2584 -1.56551 -0.60254
-5.44454 -1.17321 7.49341 -3.27964 -0.06933 -1.50989 1.25451 -0.04128 -2.24255 -1.05872
-4.4595 -0.20372 6.71031 -1.58043 -0.34497 -0.52153 1.34063 0.32718 -2.17083 -0.44585
-1.81204 -0.34941 5.49022 0.94282 -0.32733 -0.1357 0.13584 -0.45093 -2.42653 -1.0222
-2.4782 -0.1947 5.20824 0.84322 -0.01975 -0.60955 -0.25858 0.31086 -1.56662 -1.72702
-2.04929 1.03754 5.4587 0.93865 0.03815 -0.43223 -0.96472 0.48392 -0.89623 0.21268
-2.65188 1.00769 4.43455 0.56628 0.94928 -1.3546 1.81155 2.06364 -1.04575 -1.29471
-1.06311 0.43247 3.48244 0.52706 -0.29329 -0.28006 0.45307 1.686 -0.02657 -0.3769
-1.82254 1.60333 2.96317 0.12154 0.47051 0.27642 0.53631 2.14896 -0.66626 0.56144
-0.68028 2.4309 2.80585 1.7492 -1.40904 -0.25293 -0.29469 1.3772 -1.39933 0.54733
-0.41062 0.97013 4.06211 -0.38798 0.1385 -0.77721 0.59143 2.55729 -0.06442 0.13686
0.14825 0.28451 3.27226 -0.58938 -0.6976 -0.61373 -2.09368 3.25835 1.21431 -0.24974
-1.56385 -0.3652 3.85505 -1.47987 0.34798 0.19984 -0.52283 1.7502 0.45213 0.47882
-0.2928 -0.07458 4.38089 -0.65624 0.5443 -0.23411 0.16002 1.59115 0.20674 -0.09003
-2.03942 -1.60424 4.59994 0.03741 -1.23796 0.36997 1.95299 0.6562 -0.04803 0.10624
-1.26015 -2.73414 5.01634 -0.65179 -0.27609 0.06223 2.42892 0.18027 -0.86362 -2.22395
-1.99947 -2.74544 5.42466 -1.33704 -1.26489 -0.92788 1.25228 0.19893 -0.97724 1.59114
-3.79204 -1.34826 5.13861 -0.60427 0.31525 -0.86133 -0.82509 1.51248 0.41979 0.36486
-4.16229 -1.63174 4.55308 -0.34815 0.69989 0.56209 0.02021 1.22816 -1.74831 -0.48909
-3.96466 -0.38293 3.51568 -0.09607 -1.04805 -0.02794 -0.73953 0.85851 -3.1665 -4.10487
-3.5299 -0.50845 4.95962 -1.04739 -2.15211 -0.00603 1.59869 -0.95869 -2.39797 -2.12481
-1.61252 -0.1631 2.88231 0.12846 -1.29885 -1.63835 0.22025 -3.2281 -2.16727 -1.11015
-2.74062 -0.80502 3.32719 0.94193 1.38673 -1.39019 1.23932 -3.81231 0.06822 -0.33496
-4.01391 -1.21331 5.19947 1.19419 0.12697 -2.51973 0.58277 -3.99965 0.04023 -2.10736
-2.9482 -0.57298 5.33962 1.89956 -0.08701 -1.26542 0.23827 -4.70169 -1.85424 -1.80649
-3.88875 -0.39017 4.78106 1.32494 0.45176 -0.83069 -2.29002 -5.29378 -1.38764 -1.28144
-3.64519 -0.25512 2.80509 0.6419 -0.20238 -2.46773 -3.19453 -3.73066 0.39321 0.17492
-3.42075 -0.87202 0.71123 0.56674 -0.7369 -1.07981 0.69083 -3.48378 -0.31139 -0.55915
-2.03457 -1.14571 0.84522 -0.07237 0.05794 -0.97095 -1.90063 -2.76637 -3.34113 -1.77073
-3.04408 0.58322 1.11051 1.863 -0.02689 -1.69387 -1.6728 -4.08645 -1.26351 -0.17261
-1.71916 1.0189 -0.26032 1.2037 -1.68698 -3.27276 -0.97834 -3.08566 -2.57995 0.60905
-1.01183 0.00033 0.13945 -0.1801 -0.60408 -1.80975 1.15974 -4.52767 1.35936 0.95129
0.33727 -2.90651 0.39892 0.49346 -0.0912 -1.87955 -0.75207 -5.30357 -0.62755 0.91663
-1.61715 -2.06462 1.35856 -0.58729 0.90092 -1.35854 -2.68181 -4.37075 -0.68403 1.91669
-0.04851 -0.0336 0.48849 -0.22171 0.71126 -0.46646 -0.44262 -3.50677 -0.86115 -0.15099
-0.27407 0.18574 0.69364 -1.44464 -2.34818 -1.58235 -1.04737 -2.61361 -3.01313 2.71358
0.54842 -1.48899 0.64673 0.25421 -0.17689 -1.62466 -1.36842 -2.53006 0.63829 1.23782
-0.97768 -0.7405 0.02724 1.64275 -0.61535 -1.3677 -2.07667 -2.8213 0.46314 1.51296
-1.66432 -0.99135 0.90978 0.88871 0.52221 -2.44539 -0.97812 -1.46031 -1.79869 -0.76669
-1.08111 -2.43144 -0.51888 0.37711 -1.04275 -2.32401 -0.19302 -1.48216 0.16846 0.99217
-0.21749 0.23079 -1.28885 1.04788 -0.88581 -1.6311 0.09502 -1.48031 0.34838 2.98355
-0.60169 1.54233 -1.79121 -0.77818 -1.13491 -1.23646 -1.11765 0.96624 -0.30475 0.7834
-0.33138 0.28813 -1.60525 0.35725 0.64021 0.09897 -0.28739 1.24521 -0.03925 -1.17294
-1.7141 -1.55957 0.01296 -0.30798 1.69281 0.21494 -1.13594 0.3166 -2.19291 -0.296
-2.05534 -2.65037 0.83505 -1.06138 0.89457 1.0907 0.12095 -0.82726 -2.20131 -0.16473
-2.02317 -1.90201 -0.64036 1.62607 -1.26834 0.05867 -0.59708 -1.19847 -1.29081 2.28196
-1.36053 -0.6869 -0.65565 -0.37296 -0.36084 -1.1581 0.67569 -1.13365 -0.12733 0.15435
-1.73158 -1.16936 0.18525 -1.41339 1.59121 -0.7931 0.83108 0.14133 -0.72902 -1.1223
-2.42569 -0.47753 0.13374 1.22233 1.94176 -0.781 -0.4725 0.0373 1.0728 -0.2627
-2.846 -2.35117 -0.41041 -0.12386 1.54005 0.27632 0.67769 -0.38674 -1.02318 -0.07682
-3.38897 -1.56993 -0.63368 1.76484 -0.69848 1.58827 -2.8822 0.43258 -1.48846 -1.39129
