-1.24777 8.55741 1.86132 1.23761 1.2605 3.78407 0.56961 0.24613 2.80089 2.15173
-0.29785 9.19684 -0.34018 1.3206 2.09818 3.51214 -0.25726 0.93494 2.7928 4.71834
-1.84791 8.44771 -1.32259 2.14285 3.12467 2.78574 -0.71469 0.23951 1.50002 5.40477
-3.03421 8.98126 -0.64107 2.00621 2.26085 3.70443 -0.50115 -0.43673 2.81034 5.61288
-4.37384 7.69591 -0.55988 2.81166 2.63544 2.34067 -0.36357 -2.13918 2.81024 2.86176
-5.02305 7.18609 -1.43062 1.89563 2.07968 2.94197 -0.68549 -3.0075 3.59324 3.14045
-4.96891 6.22538 -0.70053 1.66489 2.39418 3.84103 -0.4039 -1.43952 3.56074 3.7374
-3.4061 6.83272 -1.36886 2.10554 4.188 3.18625 -0.98147 -2.71739 3.49313 2.10444
-2.98128 6.60209 -0.43826 3.53699 2.90604 2.15564 -1.94724 -1.88842 3.16073 1.74574
-4.43938 5.50882 -0.38802 5.0135 1.22885 2.44546 -0.32281 -1.51702 2.89725 0.29641
-5.30416 5.08828 -0.25098 5.90363 2.75431 2.30185 0.6739 0.65351 2.02818 -1.32589
-4.14981 7.74705 -0.32731 5.94284 1.13848 2.935 -1.29275 2.71512 2.83341 -1.70488
-4.2253 7.41503 0.28994 7.58463 -0.51259 2.06213 -0.7005 1.14985 2.14481 -0.81864
-3.61351 8.90402 -0.97906 5.07595 -0.67276 4.35565 1.49586 0.35873 2.07729 -0.14089
-3.72461 7.57532 -0.16148 4.63679 -0.16967 3.86477 0.16192 1.39933 1.35361 -0.59125
-4.00009 8.53772 0.43686 4.4617 0.56564 3.7869 0.70791 -0.3388 -0.84008 -2.31449
-4.94874 9.35533 -0.98941 3.98613 0.42392 2.738 1.19491 0.83448 -0.42881 -2.08202
-4.39838 7.66268 0.33291 3.34255 0.60457 3.05852 2.37881 -0.06156 0.71766 -2.67708
-5.03274 8.07131 2.02087 3.84106 -0.05243 3.42891 3.94806 -0.50485 0.39621 -1.35683
-3.96002 6.65934 -0.0374 4.09348 1.38788 1.22381 0.1901 0.96055 1.05187 -1.14868
-4.26386 6.33282 -0.94048 4.70193 0.34587 1.93664 -0.13464 -0.27182 0.22897 -1.57967
-3.79925 8.19143 1.51202 4.09656 2.58276 3.97534 -0.14912 0.20333 -0.80154 -1.28631
-4.19737 9.9289 -0.30484 4.9933 2.32307 2.81444 -2.05024 2.10215 -1.27563 -1.25784
-4.47141 9.6299 1.55725 5.18204 0.51538 4.87929 -0.85572 0.20354 -0.91503 1.28648
-3.69306 10.1787 0.70963 5.69618 0.94903 0.67428 -1.19527 -0.12353 -1.73461 1.63822
-4.23573 10.63015 0.07211 4.17819 1.39407 3.07971 -1.37752 -1.27116 -2.57691 0.72475
-4.80805 11.5829 1.92941 4.55643 -0.62258 3.5824 -0.98403 -2.04629 -0.98221 1.3051
-3.74653 12.12694 0.42316 4.93642 0.55784 1.72766 -0.02235 -2.58828 -0.78093 1.70181
-3.63621 12.07119 -0.81971 5.64646 -0.87115 3.27545 -1.21642 -1.15938 1.95419 2.56995
-3.21321 12.3739 -0.26597 5.27779 -0.02019 5.29312 -1.24569 0.9289 1.39547 0.89031
-2.63953 11.9963 -0.49057 5.48116 0.85665 3.9465 0.65449 -0.01709 0.2512 0.41027
-2.74284 12.74457 -0.21205 5.70861 -0.13827 5.58229 1.77553 0.44397 -0.12244 0.98038
-2.06211 11.30015 0.73504 5.42114 3.19872 3.42836 1.5203 0.18031 0.24846 -0.65135
-0.81811 10.31324 0.60194 4.67353 3.21155 4.01405 1.69229 0.06992 0.20502 -1.25538
-0.00538 11.25722 0.8317 4.38375 1.52148 4.22434 2.80692 0.47288 1.45574 -1.48706
-0.39278 10.27633 -1.74807 3.36491 0.99626 3.28492 3.61641 -0.19894 3.02678 -0.48442
-2.09932 9.0612 -0.43284 4.39999 2.47173 5.67546 4.64675 0.51409 1.76975 0.51414
-2.70464 9.24156 1.152 4.16301 4.09049 4.84608 2.80277 0.10731 -1.47005 0.99998
-2.36759 9.98942 1.38473 1.79573 0.90129 3.18121 3.28179 0.47758 -0.10143 2.89458
-2.87878 8.50724 1.71007 2.81157 1.86509 3.39333 2.73872 -0.4595 -0.14291 2.32375
-2.77064 7.28914 1.52971 1.31291 1.68492 5.14756 1.67244 0.97608 -2.80073 0.85988
-3.33667 6.72525 3.1795 3.3278 0.59009 5.27706 1.6256 1.45929 -1.08782 2.21565
-1.04428 4.71616 0.63171 4.35137 1.56926 2.59216 1.60074 2.7592 -1.71386 1.37777
-1.08753 6.7887 0.34439 4.77829 1.05675 2.39207 1.29581 1.7348 -2.96763 1.14777
-0.53738 6.38942 1.53742 3.78779 -0.03895 2.87899 1.26672 0.31881 -2.27357 2.09192
-1.07218 6.21927 0.94375 5.57232 0.43652 2.001 0.19224 0.03692 -0.82762 2.21446
-0.22457 6.04817 0.68518 5.81892 0.97255 2.2546 -0.48546 -0.96691 0.9355 2.64301
-0.53347 6.64408 1.03272 5.67545 1.01858 1.31177 -1.71022 -0.56514 1.02326 3.76635
-1.8728 5.96242 0.33254 4.93497 0.08846 1.24894 -2.34117 -0.363 0.61755 2.18085
-2.55227 6.635 -1.11881 3.84563 -2.55002 2.11479 -0.94073 -0.99444 0.88167 3.41046
-3.06901 6.11377 -0.19665 2.56705 -0.25083 1.30416 -0.48309 -1.70349 1.00028 4.95355
-2.72751 5.94526 -1.51147 1.91841 0.25018 2.31202 -0.6076 -1.50097 -0.49821 2.97253
-5.78519 4.96576 -0.55853 1.01195 1.34657 4.41546 -0.66653 -0.47519 -0.39492 2.69975
-5.97105 6.15367 -0.34953 2.029 0.34468 1.89908 -0.64937 -1.12979 0.23045 1.59728
-5.17873 5.74056 0.79934 3.03876 -0.71818 2.95381 1.14554 0.22081 -1.09486 0.99338
-4.09088 3.75758 -0.19532 1.71542 1.70426 1.42283 0.46469 -0.61738 0.94175 -0.89969
-4.01964 3.78705 0.59738 2.59783 0.68544 3.42718 0.40636 -0.40185 1.99728 -1.38797
-4.43183 2.81435 1.20701 1.92432 1.41881 3.27941 0.54251 0.06218 1.30021 -0.74311
-4.64112 3.57872 -0.0924 3.31566 0.8679 1.93562 -0.18569 -0.18635 0.8169 -1.08705
-5.53525 4.57815 1.01424 3.17182 2.65984 1.76307 0.73626 1.89261 0.3543 0.39429
-4.01879 4.23293 -2.13094 2.3339 1.59652 2.35163 -0.18622 0.75595 -1.03463 -1.01223
-5.12379 4.21007 -0.60961 3.85191 1.45083 1.79849 1.78373 0.84532 -1.33571 -1.97619
-4.14926 3.01787 0.0733 4.98242 0.60697 1.82388 2.45079 -1.30033 -0.79534 0.331
-4.19341 4.32827 0.54701 5.15594 0.71225 2.0009 1.33304 -1.60926 -0.91753 0.79886
-3.00125 4.86538 0.40387 4.5504 -1.021 3.3186 -0.85819 1.54568 -1.7706 0.58814
-3.46302 2.54303 -0.28371 5.26756 -2.88585 3.08043 1.09347 1.68495 -2.11927 -0.14177
-4.11047 2.04556 0.05914 3.3623 0.15818 0.35938 1.84003 0.46676 0.17608 0.794
-2.05853 2.19429 1.25631 4.53406 0.09635 0.85365 1.51166 0.80757 -0.56898 2.8426
-2.09218 3.58342 0.83681 3.82546 -0.51229 -0.15561 0.14643 0.30126 -1.65289 2.6695
-0.9333 3.0486 0.36758 3.69548 -0.88894 0.52983 -0.0359 2.85115 -1.60023 0.5214
-2.53411 3.62746 -0.96676 1.40702 -0.80245 1.43113 -1.42179 0.56839 0.03336 0.86661
-3.22104 5.0354 0.20384 0.5843 0.91341 1.81435 -2.67334 -1.21448 0.38033 -0.07184
-3.00853 5.40226 -0.29457 0.27982 2.00032 0.62262 -2.28874 1.01732 0.71249 0.46463
-3.20717 5.55205 0.93703 -0.74927 -0.06736 1.7623 -0.80218 1.02875 0.77079 -0.32262
-4.07394 3.49499 0.53112 -0.33563 0.19543 1.89235 0.25335 0.3948 0.60209 -1.06623
-5.61704 1.79904 -0.66467 -0.66149 0.12182 2.45091 -0.82332 -0.99607 1.03176 -0.81804
-7.57556 0.61941 -1.37406 -1.75899 0.70925 0.30698 -0.96307 -0.3466 -0.12272 -0.67878
-7.63963 0.05422 -0.71375 -0.75415 1.7385 1.05768 -1.37027 -1.85351 -1.51497 -1.61497
-7.76007 -1.58261 1.71584 -0.5053 1.5727 -1.65139 0.23608 -2.01772 -0.56383 -1.81721
-7.66644 -1.7418 -1.1418 -0.53409 0.97806 0.47658 -1.51245 -0.77543 -1.39274 -2.39378
-6.06748 -1.70099 -1.01013 -2.07255 -0.71299 -0.74091 -2.82639 -1.54806 -0.42986 -1.18172
-6.55172 -2.96952 -0.24615 -0.90954 -0.34947 1.40729 -1.79977 -0.3221 -1.13122 -3.18236
-5.82559 -2.55518 -0.60665 -1.33259 2.13346 0.40762 -1.87475 0.04305 -0.86568 -2.36968
-4.59144 -0.5797 0.56236 -0.97584 -0.34565 0.21076 -0.04581 0.46587 -0.43436 -1.37515
-6.37083 0.13205 -1.83162 0.20839 0.10179 0.39265 0.38073 0.6281 -1.3391 -2.39885
-5.08834 1.06753 -0.85463 0.45972 -2.05487 -0.49855 0.85324 -0.70985 -0.04168 -1.79136
-5.4482 -0.60256 -2.27513 2.17852 -1.06533 0.81948 1.56454 -1.37061 -0.30941 -0.95537
-5.56637 -0.91746 -1.95199 0.95495 -1.40851 -0.48021 2.40068 -1.11822 -2.46427 -3.22215
-5.93363 0.71348 0.56174 1.34483 -0.46076 -0.1743 2.54723 -0.17461 -2.81749 -4.61704
-8.02867 0.00403 1.00348 -0.30514 -1.35878 -0.04892 1.6399 0.55168 -2.61644 -3.95674
-7.98111 0.73515 0.32702 0.52055 0.49594 -0.01493 1.16952 0.83919 -1.81431 -3.87976
-8.03947 -0.95863 -1.92897 1.37351 -0.04385 -0.99581 -1.65145 1.11712 -2.49047 -3.76054
-7.45814 -1.34879 0.2247 2.00329 -1.76056 0.00214 -0.99686 1.3309 -3.79022 -3.73745
-6.9281 -0.46622 -0.02283 1.70916 0.21716 -0.82745 1.09555 -0.318 -3.24007 -3.96988
-6.74079 0.67428 -0.36159 1.39787 -3.02687 -0.40855 1.46333 1.32461 -2.84576 -3.67869
-5.19806 -0.21648 1.59263 1.39387 -1.8263 -0.77016 3.27885 1.65473 -4.97661 -2.43644
-5.00306 -0.43878 -1.59406 -0.45164 -2.34936 -0.14202 2.97939 2.02263 -4.71314 -2.20338
-4.50806 -2.01455 1.14323 0.24076 -2.63039 1.4248 2.54703 0.42251 -5.21318 -0.74146
-3.42283 -3.72318 0.26988 0.4129 -1.46677 -0.05735 3.82119 0.27269 -2.8919 -0.81758
-3.06409 -3.14927 1.67159 0.12031 -0.1088 -0.51813 3.97998 2.55116 -1.77526 -2.12503
-2.95559 -1.9333 1.01776 2.3554 -0.66802 -1.27683 5.36169 2.47811 -1.28685 -1.55777
-0.90723 -1.52125 0.56204 2.3269 -1.42326 -3.06361 4.28701 2.85287 -1.19202 -1.95387
-1.09498 -1.05425 0.31248 0.74562 -0.97007 -2.1409 3.57189 3.36696 -1.46978 -1.93665
-1.66298 0.92688 3.02764 -0.48995 -0.74827 0.76065 4.11552 1.54288 -1.32108 -1.59467
0.58791 -0.09251 0.91107 -1.28464 -0.86985 0.19526 4.3919 0.32521 -1.78144 -1.13219
1.16631 0.82361 -0.0004 -2.47025 1.164 0.42153 4.23112 0.57728 -0.87633 0.23282
1.17372 0.55909 1.48662 -1.96778 0.21892 -1.77184 3.43061 0.66177 0.76481 -0.15245
0.55584 1.38097 2.58291 -0.99512 -0.91964 -0.22262 1.67536 1.81953 -0.3435 1.77693
2.52015 -1.42819 2.06013 0.7879 -0.14888 -0.06316 1.07391 2.03922 -0.72916 1.92817
2.86585 -0.38945 0.56149 -0.01979 -1.27881 -0.25004 0.63334 0.68924 -0.9199 0.28856
1.86775 -0.21621 -0.85246 -1.13748 -1.33521 -0.27718 0.12871 2.57734 -1.46827 -0.25568
1.41703 -1.92463 0.82093 -0.54682 -0.33329 -2.60506 -1.83637 2.21583 -0.48704 -0.4392
0.24288 -1.35093 -0.56074 -0.1376 -1.47002 1.18552 -0.4379 0.8706 1.04385 1.62801
-0.17235 -1.9423 0.83592 -1.07474 0.6269 -2.76123 0.19982 1.44331 0.25508 1.19534
-1.26174 -3.13328 1.12108 -2.34509 1.22249 -1.47942 -0.03427 2.11639 -0.59595 2.00205
0.08506 -1.30538 -0.774 -1.27964 -0.27164 -1.91973 -1.36985 1.9088 -0.16376 2.31936
-1.06784 -1.6747 -0.33506 -1.68046 -0.33435 -1.33565 -0.36381 0.79448 0.52695 1.97344
-0.48163 -0.71962 0.03759 -2.562 -1.2119 0.25867 -1.31151 0.48185 1.80239 1.31065
0.03063 -1.08932 -0.9087 -4.85708 1.18286 1.38857 -1.50828 -0.00716 1.12395 2.73067
0.14975 -0.80681 1.08155 -4.487 0.50412 0.14089 -0.63649 1.22866 0.29111 2.93769
0.06742 -1.31423 1.04383 -2.53891 0.33818 0.11219 0.36441 0.1945 1.47283 0.83341
2.39445 -4.88037 0.21662 -1.57058 1.82586 1.46171 1.68367 -1.31436 1.35486 1.58693
0.9673 -2.74561 0.343 -1.85408 1.713 0.00359 0.76924 0.07957 -0.14596 1.58063
0.22027 -1.39007 0.82458 -3.32835 -0.01422 -2.40488 -1.33744 2.46934 -0.34377 -1.23987
-0.22972 -0.09646 -0.73623 -3.59775 -0.93556 -0.11993 -0.39993 2.66832 0.88305 -0.65943
-0.02875 0.03664 -1.55569 -2.80648 -0.56587 -0.39149 0.03347 2.09091 1.19645 -0.61007
-0.07557 -1.94538 0.14199 -1.12925 0.26522 -0.42004 -0.26867 -0.81775 0.07644 -0.76167
-1.1056 -3.50106 0.30648 -2.39534 0.54747 0.60622 -0.45696 -1.84812 1.92533 1.05626
-2.03657 -3.42726 1.3762 -1.44744 1.03025 -1.84272 -1.68382 -1.81522 1.58305 1.5546
-2.97359 -3.2329 0.62209 0.09916 0.50551 -0.48454 -0.95259 -2.67142 0.80964 0.7383
-2.83599 -2.35012 1.40852 -0.38593 -0.02568 -1.68211 -1.5128 -1.78615 -0.91048 0.20415
-2.94365 -1.67824 -1.76121 -0.55777 -1.06203 -1.29884 -1.98022 -1.25447 0.4471 -0.4262
-1.64061 -2.49432 -0.33648 -1.35705 -0.41924 0.78312 -2.97303 -2.3622 0.66104 -1.16691
-3.48888 -3.78994 -0.68372 -1.15977 -0.23526 -1.18624 -2.19535 -2.75096 -0.24321 -1.77241
-1.37394 -4.22902 0.49992 -3.91898 0.66367 -3.18643 -1.93659 -1.57247 0.72464 -0.74436
-1.43127 -4.23105 -0.90251 -4.40187 -1.22886 0.05209 -0.61684 -2.36869 2.28899 -0.62126
-3.62718 -4.77061 -1.56397 -1.77613 1.61575 -2.04606 2.54928 -2.06936 2.47401 -1.42442
-3.87076 -4.59121 0.4449 0.36263 -0.52775 -2.44872 1.14648 -0.81853 1.47447 -2.23572
-2.59665 -3.41299 -1.05222 -0.18556 -0.64741 -0.84685 1.07676 0.31321 0.09233 -1.41036
-3.35487 -2.37911 0.2146 2.50574 0.58426 -2.35306 1.09366 0.44333 -1.84741 -0.82568
-2.16774 -0.85017 -0.64825 0.76955 -1.46666 -1.52309 2.23281 0.69433 -2.98053 0.3622
-3.0279 -2.51868 0.64453 1.12504 -1.95157 -0.6321 0.7195 -0.53648 -2.87241 -0.22905
-2.18305 -2.77783 0.83921 0.8502 -1.94368 0.02331 0.48027 -0.74895 -4.07465 0.20974
-2.50879 -2.78703 0.79504 0.61079 1.76798 -0.61191 2.54085 0.49155 -2.63322 -1.48292
-2.64372 -1.71887 -0.3838 0.66135 0.31323 -1.11844 1.281 -0.83643 -1.74781 -1.47029
-1.11913 -2.07469 1.89568 0.58268 -0.98382 -0.63946 -0.27994 0.78707 0.19093 -1.57991
-1.78668 -2.927 -0.28159 -0.81774 -3.48886 0.3976 -1.16231 1.70123 -0.28926 0.19032
-1.21972 -4.16133 -0.56459 -1.69372 -0.48387 0.88435 -1.5464 2.68066 -1.73598 -0.12805
-1.77385 -2.08021 0.68771 -3.99074 -2.42173 -0.29612 -2.04538 2.00799 -2.51169 0.96028
-1.53118 -2.13194 1.10652 -5.22055 -0.52397 -1.52912 -3.56148 1.47707 -2.17287 1.76104
-1.52053 -5.11946 -0.69695 -5.05196 0.04677 -1.93749 -2.63917 1.52164 -0.75151 0.98373
-2.35803 -4.17975 -0.44457 -3.84522 0.24216 -1.82504 -3.18421 1.43398 -0.04001 1.3098
-0.67643 -5.0664 -0.5256 -2.73887 -1.56414 -1.4037 -3.67682 -1.01522 -0.40575 -0.69204
-0.96579 -5.67982 -0.06596 -2.808 0.37846 -0.85004 -1.49664 -3.46533 -0.93735 0.44361
-0.55945 -5.1801 -1.08655 -2.50008 -1.34569 -1.84214 -2.42347 -2.98725 -0.16753 1.82624
-0.60839 -6.08732 -0.73788 -2.78732 -1.35041 0.81384 -1.66585 -2.78105 -0.14534 1.24203
0.66441 -5.83913 1.10299 -2.86528 0.51958 -2.97144 0.37122 -1.14889 -1.02044 1.76295
0.13393 -4.74883 -1.2873 -2.77083 1.62223 -0.91083 2.3382 -0.85261 -0.73244 0.6087
0.94568 -4.726 -0.33653 -2.03583 -0.04828 -3.20434 3.00709 0.51468 0.11895 -1.72901
1.56031 -5.00885 0.11899 -3.69759 -0.47613 -2.66244 1.68334 -0.10327 -0.73018 -1.71716
0.2323 -4.76576 0.67575 -1.78718 -0.39627 -0.24008 1.23559 1.16848 0.30608 -0.43113
-0.97384 -5.04216 -0.57806 -0.33448 1.45751 -1.65364 0.24334 0.57908 1.18682 -0.99186
0.49215 -2.56767 0.38449 0.07343 -0.22158 -0.97129 0.72947 -0.9404 -0.09337 -0.49513
2.2346 -1.38082 1.11259 -2.04063 0.94309 -0.5738 0.1499 -0.53577 -1.48936 -1.14916
2.06402 -0.4747 0.38732 -1.85976 -0.8833 -0.31214 1.05801 1.18294 -2.69078 -0.75663
1.31882 -0.87901 0.06993 -1.45469 -0.00076 0.07477 0.80901 2.43519 0.27267 -1.09266
1.32743 -1.1815 -1.07379 -1.93262 0.94002 -0.69677 3.15016 2.8743 1.11366 2.25814
0.92484 0.28415 1.41284 -2.71466 1.12 0.70679 2.50086 1.39056 1.86836 3.21526
2.07116 -0.02668 0.92951 -2.09351 -1.14453 -0.8782 1.43891 -0.10183 1.87457 2.58081
2.29151 -0.22324 2.21135 -0.70484 -1.05438 0.69508 0.67207 0.16894 0.25014 1.47046
1.51779 -2.97082 -0.1633 -0.72798 0.66492 -0.94677 1.58946 0.53232 0.40507 1.68964
1.67828 -2.55023 1.95845 -0.79005 0.70736 0.65082 1.47492 -0.74043 1.66979 2.03893
0.68149 -1.00741 2.36901 -0.74927 0.31769 -2.20505 0.98199 -0.45308 -0.09254 2.92515
2.01004 -0.59309 1.51295 0.25664 0.22978 -0.09711 1.01648 1.80153 2.29612 4.3065
2.64362 0.4973 1.17394 0.59278 -0.18289 -1.93798 0.69872 0.43683 1.45574 4.38287
0.54466 2.02779 1.55633 1.63587 0.6146 -0.08919 2.13328 -0.03053 2.10074 4.13026
0.42874 2.37077 0.72848 3.67601 0.10743 1.41539 0.90917 -1.43189 2.46562 2.69152
-1.43337 2.98258 0.4749 3.3019 -0.47071 1.05748 -0.03909 -1.50383 1.86028 2.6686
-0.03125 3.75926 0.35034 2.95809 1.12091 2.80339 0.0105 -1.19897 2.09492 2.85681
-0.48797 2.60839 0.49602 2.65061 2.81662 2.36012 1.07449 -1.477 2.03214 2.91068
-0.57235 3.79152 0.00938 1.40276 1.78377 1.1576 1.57288 0.4815 1.82591 3.27482
-0.79795 5.01039 -0.08983 2.46416 1.48123 -0.05983 0.96981 -0.78086 -0.12581 2.59752
-0.16175 5.24479 1.04846 2.81335 2.14057 1.18772 -0.02494 0.83403 0.24983 1.7782
-0.42319 5.38874 0.14871 2.86986 -0.35482 0.66119 -1.08094 1.2129 -0.75049 1.0365
-0.36884 5.7061 0.85682 3.96923 0.26385 3.02021 -0.96586 0.30307 0.44293 1.70619
-0.99488 7.41432 0.69727 4.28333 0.15989 3.06341 -1.60339 0.06036 -0.49534 0.94198
-0.98917 7.74718 -0.72501 2.68252 1.61215 0.67377 0.98525 -0.03519 0.1337 1.37432
-3.48423 7.86222 0.84516 3.29342 -0.41442 1.49832 1.3864 -0.57992 1.65554 1.95247
-3.8072 5.84021 0.51989 3.36876 0.81742 2.78131 2.00233 0.39876 1.75669 2.85762
-2.80758 4.75617 0.41571 2.32792 -0.13068 2.90855 1.02321 0.07737 1.71755 2.11148
-3.07717 5.64972 0.15087 1.19814 -0.59683 3.83881 0.3634 -0.41637 1.36903 1.42811
-2.58228 4.55047 -1.2042 0.94955 1.61166 2.27671 2.49438 0.21709 2.23517 1.92062
-2.44646 5.14848 -2.10391 1.42238 1.65358 3.02369 2.67967 0.59802 0.54473 0.76316
-3.59978 5.7471 -0.23596 1.38363 0.08139 0.84778 1.78317 0.48337 2.11874 1.76549
-3.21539 4.67155 -1.14266 1.98387 0.38082 1.75992 2.44899 2.43473 2.22639 1.06723
-3.16695 2.38975 0.38836 2.53849 1.46673 3.45665 2.6811 2.01699 0.6171 1.08192
-4.09496 2.20407 1.05466 1.06931 1.0737 2.88445 2.80234 0.47037 2.22363 0.21666
-4.24178 2.47847 1.91526 -0.11132 1.57885 1.05581 1.62312 1.05466 1.61278 2.18682
-3.67629 3.01153 1.69659 0.67983 2.17646 -0.19696 1.84865 -0.67437 1.26534 2.40212
-5.8822 4.17001 2.99003 -0.08463 -0.68422 1.80252 2.45984 -1.10526 2.40463 1.67938
-4.90939 3.90821 -0.05618 -0.26251 -0.02645 0.9938 3.70957 1.11281 0.42978 0.43704
-5.52025 2.32697 0.02777 -1.55245 1.46572 2.69873 3.71556 0.23953 2.35127 0.36004
-6.21468 1.89799 0.0235 -1.80227 1.99303 1.41047 3.65024 -0.25708 2.07747 1.39453
-6.86154 2.0601 0.53343 -3.74084 1.02227 0.7631 2.21214 -1.16107 1.55207 1.81029
-7.04623 1.35001 -1.10074 -3.33763 0.0118 1.73037 2.48004 1.4271 0.67409 1.53448
-7.09027 0.82522 2.32624 -3.37328 1.25606 1.82313 2.26321 2.06528 1.4556 2.89483
-7.03286 -0.40231 1.92201 -4.75127 0.91658 -0.77071 0.86082 2.5004 0.1155 2.80613
-7.0321 -1.17441 0.57575 -3.97033 0.51666 0.92515 0.54512 2.16405 0.56872 1.73045
-6.01729 -3.51543 0.71024 -4.09376 1.52279 -0.61584 -0.16266 1.12396 1.84382 0.33567
-4.94201 -5.48302 0.72383 -3.62806 0.47753 -1.50259 -0.77455 -0.09966 1.16516 -1.73275
-5.17041 -5.05165 0.65398 -5.52828 -0.09788 -1.62412 0.38248 -1.08663 1.42012 -1.94742
-5.3048 -5.48977 0.18676 -5.72909 -1.06248 -2.49138 1.21337 -2.24352 3.43951 0.09863
-4.49516 -5.40585 -0.7661 -4.04255 -0.33978 -1.37024 0.96937 -0.87927 3.0194 0.58141
-6.51871 -5.10888 0.12418 -4.19912 0.59725 -1.08772 0.9238 -0.63085 2.93773 1.07195
-5.26682 -4.11203 0.00169 -4.02772 -0.25758 -1.12844 -0.09984 0.22719 1.22273 2.76628
-5.2675 -3.23744 1.02679 -5.71512 0.8244 -1.8477 -0.65418 0.94953 1.67601 2.33229
-6.17034 -4.1297 0.81198 -7.08712 1.03753 -2.92958 -1.0194 1.72844 2.10475 2.32248
-4.70301 -4.25525 0.38658 -7.07412 1e-05 -1.15827 -1.43887 0.13823 1.42587 2.0666
-5.64599 -5.86545 0.88909 -7.61009 0.79548 -1.5737 -0.20282 0.67455 1.10432 2.52071
-4.60316 -4.88331 -2.1699 -8.2005 1.78902 -1.22402 0.39109 -0.16782 -0.43314 2.72853
-5.64022 -4.72408 0.4564 -8.01705 -1.3383 0.18506 -1.14101 -0.73274 1.54668 2.74488
-5.77353 -6.47591 0.40528 -8.09184 -1.42062 -1.42222 -0.54823 -0.93277 2.48799 3.27512
-4.92267 -5.11008 1.43651 -7.29038 -0.65706 -1.96517 -0.11128 0.87735 1.35447 1.87206
-4.6579 -6.6708 -1.54084 -7.67761 -1.04921 -1.2192 0.75349 1.15471 0.15196 1.12401
-3.99671 -8.0403 0.10174 -7.51664 -0.47281 -1.20553 0.76569 0.36021 -0.50371 0.42987
-4.0233 -6.58656 -0.28887 -6.29254 0.54404 -1.96559 1.93424 0.02767 0.69037 0.65236
-4.65725 -7.73364 0.3086 -4.32032 -1.38467 -0.84318 2.41616 -0.5408 1.43253 1.34557
-5.69242 -8.71694 -1.57994 -3.55376 -0.63823 -1.08244 2.93897 -0.47939 -0.38688 0.68215
-5.47741 -8.23882 -0.73409 -4.50821 0.94484 -0.96202 1.88142 -0.08428 -1.20774 1.33469
-5.51682 -7.27696 1.24489 -4.81135 -1.51361 -1.9331 2.04779 0.20113 -1.93818 1.67291
-3.64594 -7.93962 0.42215 -5.73293 0.1411 -4.24245 0.5452 1.33482 -1.01948 1.68721
-2.06186 -9.72376 -1.75745 -6.40422 -1.50757 -3.78745 1.65648 1.81813 -0.47893 0.32026
-1.47504 -8.20292 0.04967 -4.06765 -1.26096 -1.96955 1.38118 2.83362 1.71004 -0.28771
-1.81761 -7.97269 0.23208 -3.8404 0.53576 -4.33668 1.49982 0.71405 1.75993 -1.05087
-1.52902 -7.42994 1.72281 -4.24983 -1.3753 -2.83639 3.77725 -0.11173 1.34275 -1.60456
-2.37983 -7.41281 0.16149 -3.03119 -0.27155 -4.71709 3.50312 0.87026 -0.09411 -1.3858
-1.04468 -7.52918 1.69531 -2.79437 -1.32415 -2.91984 0.07681 0.00039 1.63739 -3.10195
-0.12328 -10.59107 2.65548 -1.23797 -0.00577 -2.374 -1.27986 0.94854 -0.17511 -2.37731
0.26055 -10.2752 0.92194 -0.9165 -1.56884 -1.70846 -3.60785 1.024 -0.90799 -1.36364
1.20312 -9.53123 0.96492 -1.02531 -0.98703 -3.17031 -2.48898 -1.6219 -0.24596 -0.82924
0.33658 -10.14814 2.12681 -0.0849 -0.8972 -3.4676 -1.86334 -2.42069 -0.50319 1.08915
0.66569 -9.34294 0.04389 0.17031 -0.07859 -3.86724 -0.86816 -2.25267 -1.5798 0.64011
0.44618 -6.07707 -0.97978 -0.27891 -0.95899 -3.35892 0.82301 -1.14259 -2.26724 1.14123
1.10382 -6.91233 -0.74294 0.30282 -0.48982 -2.98214 0.64758 -1.25868 -2.54944 0.82966
0.99794 -6.70226 1.29746 0.76263 -1.07276 -1.3633 1.09119 -0.04667 -1.19004 1.4616
2.60085 -5.50973 0.40126 -0.66175 -0.7006 -1.59054 1.86509 0.4066 -0.2224 4.33404
2.44478 -4.01725 1.63015 -1.88689 0.12123 -2.32508 1.03585 0.29202 -0.41033 4.65502
0.65201 -1.42015 2.2766 -0.45459 -1.25376 -2.11755 1.16219 1.44629 -0.03599 1.85992
-1.89584 -2.65291 1.7028 -0.23708 -0.30844 -2.84809 0.11423 2.13076 0.3548 0.78885
-2.32759 -2.51132 -0.54209 -1.3226 -1.37332 -1.14483 0.19726 1.8057 1.54087 0.31675
-0.8248 -3.4802 1.26652 -0.38757 -0.73893 0.27267 0.57413 2.00825 0.84371 1.29615
-2.27928 -2.87667 -0.6636 -1.43138 -0.31404 -1.20975 -0.84626 -0.85806 0.95446 0.02982
-1.59096 -2.12158 0.7314 -0.24452 -2.12316 -1.2801 -0.76988 0.5064 0.51632 0.11237
-0.84179 -4.41247 -0.60079 0.34985 0.43869 -0.84374 -1.73644 -1.52175 -1.042 -0.42286
1.0591 -3.60219 -0.57971 -0.6885 0.59981 -1.54226 -0.41889 -2.30915 -0.02383 -0.60229
1.65395 -2.90266 2.31153 -1.57228 0.27469 -0.65231 -2.30515 -1.76753 1.20767 -0.55506
0.5667 -2.85312 -1.3393 -0.78402 0.88024 -1.42602 -1.49488 -2.79484 1.216 -1.63523
2.41934 -3.58803 0.08618 -0.12969 1.48754 -0.05672 -2.15101 -1.26187 -0.76114 -1.16441
1.23218 -1.71918 -1.47328 1.98338 0.29647 -0.41778 -2.31278 -1.73125 -0.25409 -3.09835
0.86126 -0.90464 -0.30944 2.24175 0.54669 -0.46393 -2.3495 -0.45222 0.6938 -1.46968
1.2782 1.24082 -1.34246 0.7982 0.0298 -0.265 -0.75284 -1.68858 0.66715 1.94079
1.73872 2.371 -1.18969 1.24982 -0.40991 0.94596 1.20065 -2.49191 0.83181 1.8249
0.85936 1.46791 0.1873 0.64314 0.01635 -0.56054 -0.06172 -2.30562 1.51545 0.17634
-0.47286 0.68739 -0.62423 1.03487 0.14331 0.95196 0.46651 -0.9474 -1.21374 0.44264
-0.51195 -1.53634 1.35943 0.00246 1.34094 1.20235 -0.73273 -1.72592 -0.91653 0.87785
0.94752 0.28667 1.13446 -0.0711 0.04248 2.65794 0.15837 -0.55252 -1.66003 0.13836
-0.79014 1.81997 -0.58229 -0.47154 0.02458 -0.38861 0.8131 -1.14087 1.61218 0.23824
0.21999 3.52223 -1.77204 0.63501 0.52823 1.97994 0.40146 0.13899 0.67155 -0.02278
0.06338 1.58907 -0.78899 0.55139 1.76856 1.41788 0.63458 1.09241 1.1369 1.02623
0.76017 1.99058 -0.35885 0.67997 0.56978 0.35421 1.78736 -0.26299 2.8446 -0.73248
-0.75041 1.65141 1.04161 2.13827 0.739 1.58311 0.19958 0.47738 0.64537 1.30007
-0.32492 0.24396 0.13078 0.52716 0.6314 1.18641 0.12217 -0.6628 -0.43087 1.75072
-1.00327 0.86462 0.57087 0.59445 1.85819 -0.1535 -1.56379 -1.32423 -0.47406 0.44984
-1.17706 0.91691 -0.13931 1.61598 -0.14503 -2.68521 -2.10173 -2.95795 0.38776 -0.13233
-1.57947 -0.40653 1.85376 1.70517 1.70672 0.28034 -1.71178 -1.51038 3.38429 -0.19021
-2.09327 0.50738 -0.15109 1.34589 -0.55283 0.26835 -4.84739 -0.22769 2.84619 1.46486
-1.23544 -1.58149 0.65265 0.51152 0.3764 0.10258 -5.9908 0.07026 2.50925 1.96414
-0.78302 -2.78526 1.8174 1.18656 -0.73962 0.00871 -3.74768 0.42661 1.67326 0.97524
0.00704 -0.47231 0.05746 -0.0027 1.66352 -0.91543 -4.26625 0.07447 0.672 0.01758
2.27215 -0.09578 0.0457 0.15999 1.87772 -0.99103 -3.49834 -0.44492 -0.60327 0.07038
2.07702 0.48423 -0.6752 1.71042 0.23574 0.49773 -2.23985 -2.44647 0.00119 -0.28583
1.19492 2.02376 -1.97461 1.43894 0.96932 1.65114 -1.31797 -2.98153 -1.76138 0.91683
1.67718 1.90434 -1.53175 2.33029 -0.41308 1.44454 -2.13764 -3.38391 -1.24959 0.7931
1.42417 2.52147 -0.33424 0.1211 -0.99133 1.05411 -2.06908 -2.19615 1.20254 -0.19936
2.624 1.74797 -1.57931 0.69913 -0.05949 1.86947 -2.56868 -3.69465 0.27285 0.3982
2.86487 2.01786 -2.93803 2.26987 -0.19087 1.35259 -0.0688 -0.8477 1.14696 0.62939
1.71911 0.12944 -1.47764 3.01081 0.74734 -0.03701 -0.23196 -2.00169 -0.2629 -1.71497
1.08531 0.99827 -1.99446 3.2573 0.82108 -0.13074 1.37315 -1.76211 1.01643 -1.80433
1.22629 2.10117 -1.58951 1.9228 0.63272 -1.00426 1.35497 -1.16514 -1.14523 -1.5976
-1.33701 1.7993 -1.56348 1.19469 1.92803 0.03748 -0.35306 -1.29129 0.46657 -2.34252
-1.85814 3.51728 0.44986 -0.16319 -0.45866 0.08157 -0.43257 0.84635 -1.36044 -3.36697
-1.69463 4.21989 -0.7732 -0.84128 0.19278 1.42855 0.25285 -0.12104 -1.27291 -4.03063
-1.31139 3.50331 -1.11767 -1.54481 0.35097 1.93127 -1.25055 -0.24603 1.10371 -5.5917
-2.53063 2.16972 -0.00554 -0.42034 0.66916 2.88791 -0.84762 -1.7916 1.24096 -5.98809
-0.7026 2.02672 -0.65619 0.06124 1.59976 1.48314 -0.30874 -1.74621 -0.69125 -5.67864
-0.59901 1.99212 0.36638 0.14687 1.42907 2.61066 -0.2278 -1.26578 0.56302 -4.76076
-0.84571 2.25152 -0.85554 -1.14798 2.98394 -1.07147 -1.87574 -0.77159 -1.2078 -1.93542
-0.48428 1.33165 0.41988 -0.43331 0.40367 1.2834 1.22689 -1.23032 -0.56862 -3.84032
-0.15517 0.30984 1.28544 0.0011 1.27527 0.43767 -1.06151 -0.62503 -2.88522 -5.61209
0.83404 2.17682 -0.69693 0.89979 0.86898 0.83276 -0.00348 -0.52896 -3.46509 -5.6758
