-0.4767 -0.05451 0.64061 0.15638 1.28538
0.41733 0.28882 1.09109 -0.56252 -0.01135
-0.34568 1.09184 0.44975 0.09298 -0.27692
1.05564 3.27219 0.52924 -1.06956 0.23881
-0.7524 1.45488 1.83821 -0.98513 -0.43027
0.70229 0.69041 1.49875 0.69437 0.02658
0.46745 2.25428 1.5559 2.26113 0.76068
-0.7556 -1.32848 1.15872 1.18193 1.26503
1.60082 -0.52392 1.51647 2.57372 1.48657
0.03066 1.48256 0.31782 2.39879 0.73995
-0.36897 0.54507 -1.47705 -0.03302 0.70911
-0.47603 -0.16697 0.37059 1.13528 0.35116
1.34013 2.01041 1.80155 -0.03279 0.35979
0.65216 -0.94539 0.6018 -1.0882 -1.41667
2.25486 0.3406 -0.18384 -1.06481 -1.10269
0.73878 1.19192 -0.90163 -2.20898 -2.00537
-0.9435 0.48484 0.64108 1.07998 -0.49329
-0.14189 -0.77753 0.59088 -0.25321 0.08631
1.2639 -0.2021 1.11492 0.0554 0.34898
0.41293 -1.44751 -0.48889 0.4743 1.38045
-0.46411 -0.23838 1.42361 1.30612 1.23307
0.55313 -0.11198 0.5131 3.5267 0.34659
-1.16534 1.22908 2.05687 3.66579 0.05764
1.58691 -0.72761 0.92419 3.99254 1.38022
-0.30758 0.51054 0.29803 1.6773 1.01422
0.92068 0.48319 -0.82491 1.17828 1.16946
1.09956 2.08768 -1.19115 2.12282 1.86328
0.00285 -0.79007 -2.59372 0.02772 1.01569
0.48436 1.94813 0.32491 0.98544 2.26665
1.15269 -0.40185 0.34169 1.94643 1.14929
-2.82211 0.64629 0.10626 1.68228 -0.85739
0.34116 1.2731 0.1413 0.53876 -1.02901
2.72495 1.96903 -1.04989 0.35081 -0.58295
1.66579 0.76499 0.4032 0.54516 1.04652
-0.72017 1.40738 1.07523 -0.83827 1.54224
0.37925 -1.06612 1.07229 -0.53688 1.35689
1.40834 0.41641 0.90595 0.00252 1.99741
0.84675 0.90174 -0.52622 0.78072 0.66059
-0.23474 3.49589 -0.66634 2.52448 0.81687
1.20029 1.33397 1.43776 4.68961 0.13128
-0.11489 3.0263 1.63862 4.9757 0.35588
0.1357 -0.62556 2.05555 4.367 -2.10838
-1.59618 -0.55351 1.4282 2.53709 -0.93629
0.94797 0.88832 0.68185 4.01489 -0.3688
1.30492 -1.71036 -0.45184 2.87224 -0.4361
0.71816 1.83435 -1.45025 2.0251 -0.26788
0.81405 1.33077 -1.86587 1.4588 -1.15651
0.97944 0.81953 -1.34261 1.68479 -1.85171
0.56929 0.73528 -1.38347 1.65789 -0.57217
-0.8069 1.34791 -0.18289 2.32454 -0.6118
-0.63065 1.7794 -1.17656 2.60482 -1.24053
-0.13064 4.89178 -1.47575 2.43241 -1.2386
-1.41588 1.5597 -1.40382 2.12561 -0.18427
0.54878 -0.0762 -0.21451 1.44686 -0.68918
0.1287 -0.68166 0.50669 1.35364 -1.38387
-1.21917 -0.03164 0.79364 1.21179 -1.83766
1.64989 -1.25034 0.5677 1.45119 -1.15244
0.64008 1.01169 0.3355 1.27211 0.005
-0.6957 0.41995 0.59331 2.35907 -1.08393
-0.62888 -1.1684 0.68522 3.90222 0.68689
0.15456 0.51125 0.14048 4.62052 -0.50182
0.25555 1.4319 0.98563 4.52791 -0.99374
0.75816 -0.5945 1.8875 1.314 1.27491
-0.43442 -0.65323 2.01803 3.76318 0.42965
-1.39889 -0.10721 0.42845 3.16264 0.72107
0.62701 0.0963 -1.2029 1.49743 1.15416
0.19557 0.07106 -0.6841 0.38529 -0.00559
0.05586 0.81344 -0.4615 -0.27321 -0.01043
-0.44947 1.21923 -1.97519 1.13451 0.63011
-0.51886 -0.49415 -2.44793 1.43693 1.53887
-0.331 -0.83046 -2.10581 0.63493 -0.78975
-0.72625 -1.13564 -1.2572 0.66025 -1.5858
1.63499 0.43749 -1.04344 1.52276 -1.27129
0.12084 0.09501 -1.55722 2.40704 -1.06103
0.8308 1.61501 -0.66917 1.26958 -2.19019
0.82971 0.56766 0.52124 3.36721 -0.90911
-1.49172 1.63711 -2.73133 3.13955 -0.62016
0.7684 -0.25483 -0.78594 5.39636 -1.0746
-0.21691 0.68581 -0.82938 4.38373 1.72477
-0.70466 0.73287 -0.9322 3.81995 1.81834
2.37026 0.55855 0.17795 1.97395 1.67189
0.46328 2.78175 0.14349 3.35703 3.15081
-0.17018 1.07962 -2.08101 2.49978 2.32243
-0.49039 -0.44817 -0.62793 0.40078 1.60055
0.10804 0.33084 0.47679 1.13404 1.65875
-0.62891 0.78959 -0.0542 0.8589 3.13433
-1.38073 2.20398 -1.1362 -0.31479 1.16027
2.48713 0.88242 0.08277 -1.79407 -0.71033
-0.74004 2.79763 -1.25066 -2.06513 -1.59229
-0.60561 3.67437 -1.7083 -1.96411 -0.43288
-0.15857 1.8337 -0.77935 -1.3326 0.96478
-0.78524 -0.5971 -2.095 -0.02469 0.35073
0.16228 1.73554 1.18411 -2.24593 -0.7558
0.48827 0.09665 1.48376 -0.66481 -0.27223
-1.00316 -0.07826 0.24344 -0.21943 0.60567
1.38887 0.46571 0.26764 -0.34725 1.94162
1.55455 -0.6588 -1.76708 -1.13813 -1.26041
-2.12373 0.87157 -0.03842 -1.21587 -0.25372
1.24439 3.23475 0.94846 -1.60793 -0.82419
-1.39508 1.64535 0.05215 -2.02911 0.10007
-0.06787 1.15409 0.75943 -2.26406 -1.46295
0.13423 -0.88052 -1.50205 -0.56859 -0.38485
-0.07816 0.0059 -0.98301 0.59759 1.31879
1.10261 -0.33662 -0.09987 -0.81857 1.52756
-0.20741 -0.58576 -0.7997 0.29742 1.0812
1.2853 0.0234 -2.30571 0.02593 -2.75859
-0.03975 -0.29405 -2.45115 -0.41501 -2.22472
0.44065 -0.9024 -2.99422 1.67143 -1.84217
-1.47542 0.73418 -2.32861 2.17638 -1.64848
-1.64899 -0.08842 -0.83457 1.88429 0.05196
-0.94285 2.81928 -0.42206 1.37892 -0.51485
-0.02071 1.82757 -1.78292 0.71574 -0.78539
0.66334 1.55759 -2.13132 0.25113 0.62685
1.40685 1.76416 -2.01393 1.24158 0.07827
1.02762 1.36962 -1.39811 0.20228 0.82036
-0.4283 0.79139 -2.57363 0.14359 -0.47307
-0.24074 0.67758 -1.45571 0.36375 0.4667
-0.66658 1.12427 -1.45725 0.37294 -0.27277
0.9018 1.43848 -0.02054 -0.99021 -0.33418
0.22157 2.43052 0.63876 -1.56355 -0.19285
1.00212 -0.00064 1.37139 -1.78988 0.48655
2.07868 0.41724 -0.71845 -2.3471 -1.3346
0.24454 0.11517 0.56209 -2.47712 -1.58209
-0.28191 -1.44597 -0.10119 -1.7233 -1.09622
0.69219 0.3198 -0.34992 -0.49785 -1.35089
0.41169 0.97762 0.47709 1.48471 -1.04249
-1.13376 0.90315 0.02061 1.82769 -1.59985
0.86925 1.86748 -0.75267 3.00696 -1.88838
-0.58233 0.66848 -0.51858 1.72806 -0.01058
1.1558 1.38234 -0.27547 1.77767 1.05044
-1.37129 0.52103 -0.37704 1.19317 1.74648
-2.82986 1.31748 0.34476 0.33775 0.32927
0.6453 0.84428 0.20895 -0.02868 0.63601
0.14697 1.57867 0.45656 -0.52304 0.41524
0.50007 0.84788 2.08828 -1.33574 0.231
0.99052 1.91621 1.27383 -0.56344 0.14145
2.0377 0.53798 0.02509 1.95892 -0.76165
-0.39256 2.21843 0.52458 2.54248 -0.42917
1.4646 0.14236 -1.14497 2.54352 0.14616
-0.63791 -0.61393 -2.35882 3.665 -1.34623
0.80609 -1.13291 -1.0844 3.66591 -2.1478
1.19882 -1.12171 -0.47057 3.65626 -1.71473
1.78818 0.92436 -0.54747 2.65166 -2.9565
-1.09341 0.33514 -0.01041 2.94332 -1.13347
1.99471 2.12456 -0.06221 2.06145 0.24609
0.35339 1.88502 0.30234 2.87706 -0.70908
-1.13598 2.67984 0.02602 2.06983 -0.24139
-0.08583 2.26769 -0.37075 2.5536 0.47415
-0.32534 0.46851 0.52008 1.87346 2.24498
-1.26731 -1.08355 1.2284 3.95947 0.76213
-0.25291 0.34296 2.73616 4.50943 -0.61082
-0.00072 1.10686 1.11865 3.03451 -0.88591
1.09504 -0.5775 -0.04233 3.34868 -1.12203
0.24362 1.60822 0.34606 2.88521 0.80961
1.27264 1.20601 -0.96241 4.52563 0.04155
0.0422 -1.10655 -0.57403 4.37896 -0.1865
0.98202 1.15786 0.64314 3.34559 -1.37269
-0.47025 2.0517 -0.78096 3.43446 -2.31811
1.89154 -1.29407 1.00908 2.60928 -0.85582
0.92644 -0.28056 1.813 0.68216 -0.56096
-2.41736 1.56291 -0.13558 0.09524 -0.85039
0.43423 3.43364 0.56231 -0.25745 -1.01022
-0.43427 1.77588 1.85837 -0.31615 -0.04034
1.50938 1.12287 1.09997 1.2768 -1.44482
0.27359 -0.91258 1.44534 2.40463 -1.32737
-1.31594 0.70195 0.85527 2.04055 -1.28029
1.21531 1.75545 0.20028 2.33856 -0.35375
1.13238 -0.41949 -2.27496 3.63994 1.55917
2.22956 2.32131 -2.75678 2.59882 -0.14423
1.4659 1.31216 -2.56867 3.20565 1.18502
-0.47268 0.36789 -0.73795 3.79273 1.88533
-0.37618 0.26774 -0.55436 2.85831 1.55647
1.10045 1.44269 0.21026 2.38654 1.67445
-0.60333 1.35099 0.23181 0.64296 3.29589
-0.22432 -0.40013 1.14372 1.36088 2.74297
-0.47495 2.18329 0.69986 1.51291 0.5276
-0.25869 1.94794 1.22952 0.20872 -0.96268
2.29177 3.00269 0.70915 1.16269 -1.19792
-0.77335 1.30593 0.17966 0.37431 -0.07793
1.23491 1.48042 0.23334 0.37073 -0.73582
0.32461 1.68629 0.47547 0.86903 1.41754
0.91175 0.65993 -0.41424 2.55152 0.94938
0.05469 -0.59096 -1.61198 1.12488 -0.2097
-1.33824 -0.39168 0.37917 -0.44233 0.78343
0.06233 1.59148 1.20866 1.03083 0.96658
0.59855 0.05283 0.25926 -1.58221 3.22144
0.09527 0.91596 0.65076 -1.60701 1.79735
-0.21924 -0.38141 0.12471 -0.72068 1.10429
-0.37112 -0.61402 -0.5952 -0.05062 0.28044
0.11358 1.44947 -1.47594 0.91092 0.11879
0.4353 1.84614 -1.45185 -1.59034 0.68616
-1.26757 1.0891 1.88316 -1.9026 0.14121
-0.16667 -0.3868 1.51799 -2.8904 -0.91577
-0.83546 0.06691 1.49686 -2.5734 1.03766
-0.0811 1.44232 -0.9324 -3.17069 -0.06733
0.41339 1.55179 0.02954 -4.2532 0.58069
0.89663 0.7986 0.78432 -4.22564 0.26328
1.97473 -0.03935 0.32059 -3.36679 1.94045
0.95259 0.38954 -0.09342 -3.17675 1.62133
-1.08766 -0.07068 -0.0821 -2.92662 0.33561
0.08536 2.27625 -1.65953 -1.88289 1.26522
0.25821 1.52071 -0.14856 -1.88393 2.94702
1.37232 0.96754 0.67131 -2.54199 1.78481
0.13147 0.32049 1.2585 -2.82556 1.24581
-1.29556 2.20906 -1.56293 -1.26434 0.40748
-0.97591 2.13342 0.29716 0.11387 -0.28138
-2.23014 2.10484 1.54753 -1.62395 -0.22633
0.37541 1.26243 1.72075 -1.59078 -1.65161
-1.07424 1.28078 1.1209 -2.70786 -0.57542
0.74294 -0.99872 1.23964 -2.45597 0.62137
1.03365 -0.55476 0.76448 -2.21606 -0.57333
0.09379 0.94326 0.18247 -1.81456 -0.32824
1.54509 0.98715 -0.28402 -1.96822 -2.26986
-0.52165 0.92043 0.3232 -2.00195 -1.40815
1.83356 -0.75124 -0.58852 -1.84172 -1.18219
-0.3666 0.57926 1.53346 -0.24709 -1.06661
-1.63166 1.2963 0.17109 0.40422 -2.97641
1.49003 0.38461 0.39217 -0.73805 -1.0753
-0.12492 0.35723 -0.30769 0.0265 1.06289
-0.27001 -0.1545 -1.22037 0.92269 2.17921
0.45565 0.28406 -0.73698 1.06339 1.18557
0.44725 1.68048 -0.51484 1.32648 -0.30418
0.18386 2.01923 0.52009 2.01537 -0.91758
1.37319 1.52399 0.291 1.12951 0.0539
0.15357 2.55379 -0.89666 0.64404 1.5804
0.51406 1.22603 -2.13543 0.40866 1.49916
0.15426 0.64193 1.56805 1.29853 -0.84149
0.4761 0.89109 2.07646 0.87834 -1.40587
1.62561 -0.15927 1.73265 2.11629 -0.57234
0.89034 0.30081 1.74124 1.83672 0.64179
0.86061 0.31265 0.0344 3.68139 0.87598
0.29562 2.31829 0.32878 2.8323 0.75444
1.7733 2.86081 1.11063 3.12516 -1.20406
-0.4849 1.84005 0.58866 3.86765 -0.6534
-0.44414 -0.34477 1.21994 3.94334 -1.46443
-1.56745 -0.72963 -0.23039 3.01286 -0.6332
-0.20387 -0.84292 0.10708 2.82713 -1.12041
-0.03327 0.97999 0.68942 3.89552 -0.45563
0.82725 1.26369 0.7666 1.9951 0.01028
-0.55357 0.44472 1.82667 2.54926 0.48967
-0.48878 1.01638 1.27277 3.44789 -0.9809
-0.74148 0.40916 1.48452 3.28419 0.81613
-0.24478 0.95828 -0.21401 3.3148 -0.77445
1.40028 1.27945 -0.45254 2.43942 -1.38853
1.71083 0.56584 -0.56978 2.14597 -1.1284
0.25316 3.45762 -0.07077 2.47298 -0.22237
2.04593 1.52742 -0.37666 2.15604 -1.22874
3.1375 3.25415 -0.84058 0.6924 -0.98036
-0.7122 3.8648 -0.27084 0.482 -0.87339
0.06274 2.36411 -0.61939 0.69978 -1.12705
-0.49969 0.36732 0.4853 0.77665 -2.07606
-1.19855 1.01295 1.55523 0.93594 -1.17959
1.81955 1.6157 1.37009 2.66537 -0.30773
-0.8606 1.28533 1.65512 1.32266 -0.90296
0.46628 1.01364 -0.38916 0.69461 0.37376
1.09329 0.66819 -0.60775 2.30473 0.17797
1.11059 0.81852 -0.02779 1.77453 2.12458
1.78601 -0.62197 0.14754 1.93552 1.2099
1.2633 -0.11357 -1.07491 1.93438 0.15041
-0.98328 -0.5201 -2.37668 0.76828 0.61721
-0.14572 1.68769 -1.44013 2.63883 0.49905
-0.14977 -0.62695 0.93768 1.3513 0.28999
1.50402 2.48259 -0.32102 1.31991 0.3291
-0.09612 -0.01881 -0.91864 2.00121 1.0176
-0.09795 -0.04623 0.41498 2.03435 0.68723
0.32809 0.45016 0.7178 0.61968 -1.10114
-0.03642 -0.46218 2.68818 1.14103 -1.16219
-0.865 1.99604 0.56098 1.13607 -0.69543
-0.30044 1.26936 -0.44657 1.58296 -1.61982
-1.06268 0.86088 -1.54884 3.03483 -1.27373
-0.2812 3.71547 -2.53134 3.71899 0.68329
0.59692 1.67616 -2.2619 4.08128 -0.86511
-0.8753 0.61604 -2.71769 3.9722 -1.91691
1.07292 1.23305 0.007 3.36618 -3.04606
-0.57162 1.70346 -0.78344 3.30192 -1.50671
1.05166 -0.1173 -0.38944 1.60419 0.51231
0.85738 1.66308 -0.7923 4.11513 -1.06186
-1.00665 2.01177 -1.01683 2.96042 0.87178
-0.25286 1.94979 -0.66977 1.66269 -0.43521
-0.30078 -1.23645 0.11077 1.91054 1.4904
0.90268 -1.99923 1.31277 1.5596 -1.22034
0.68147 -0.17853 0.05391 1.87778 -0.91
0.63181 -2.47148 0.97308 1.6396 0.48492
1.32304 1.40186 1.52415 0.62317 -0.55324
-1.61707 1.57347 0.36758 0.98575 -0.33421
0.76888 -0.09835 -0.42758 2.41516 0.99806
-0.09198 -0.5454 1.24317 3.66566 -0.11493
-1.12028 2.18743 -0.02164 2.84876 -0.08306
-0.46995 0.84129 1.15289 1.81337 0.02194
1.22114 -0.24859 3.0513 0.84615 2.05428
-0.11922 1.41506 3.27078 2.92244 2.71284
1.75969 0.82586 0.81043 3.71698 3.18059
-0.09602 1.04727 0.04928 3.2992 1.61184
-0.15893 1.99335 -0.4844 3.07938 1.94884
0.33243 3.00731 -0.05263 2.58576 0.01534
1.54695 4.35477 0.2334 2.71583 1.36959
1.13091 1.23128 0.56643 3.49727 0.26232
0.20845 2.64125 -0.32243 3.5671 0.66924
0.05425 0.49852 1.23638 5.49408 -1.07595
-0.2215 2.07369 0.89042 5.02502 -0.50828
