0.8777 -0.36017 0.26061 -1.33659 2.91232
0.6997 1.81095 -1.35902 -0.90631 4.05951
0.2186 0.11683 1.64107 0.12318 4.45384
1.93433 -1.92026 1.56334 -0.21177 3.75304
2.15723 -0.6307 1.88769 0.71348 3.18737
0.95485 0.88585 1.05289 -1.90496 3.79266
1.588 1.79844 -0.69289 3.10215 4.9153
0.6228 0.90338 -0.06187 1.06859 4.05878
-0.90752 0.19172 0.29222 1.44871 4.32469
0.97631 0.01802 0.85458 -0.22276 3.33923
0.76068 0.52937 0.45058 -1.12629 2.29086
-0.06597 -0.06154 0.45708 -0.83349 2.69419
0.30575 0.22795 -0.27838 0.4062 3.71776
0.78025 0.87596 -0.59122 -0.03979 3.30455
0.65 -2.03817 0.32435 0.976 5.34101
0.12534 -1.8633 1.26429 1.02134 5.50608
-1.02204 -1.33167 0.51828 -1.50981 4.03845
1.63441 -1.57063 1.05461 0.8707 3.69583
0.74305 0.28095 2.27674 -1.51083 2.83847
0.53384 1.08214 -0.4909 -0.2039 2.45766
-0.12465 1.48285 0.79742 0.97495 3.36229
0.11581 0.32796 -0.82632 -1.07043 2.72477
-0.2968 0.89374 1.6254 1.67899 1.01537
2.09103 -0.72097 -0.33804 0.40048 1.1293
0.69907 -0.5657 -1.30186 -0.96863 -0.62694
0.01979 -0.41415 -0.98059 2.04018 0.77602
-0.85127 1.09024 -0.05989 0.56435 -0.35776
0.15845 -2.35576 -0.99883 -0.89434 -0.28762
0.43175 -1.29368 -0.15894 -0.38747 -0.39387
-0.05457 -0.35148 0.90354 0.23612 0.40634
0.46714 0.6005 1.433 0.56082 0.69351
1.00943 -0.14065 -1.43244 -0.14304 1.79478
3.38929 -1.12101 -1.40833 -1.67874 0.96574
0.27681 -0.46701 2.30334 -0.31575 1.27288
-0.14036 1.37086 1.33398 -0.64708 3.22725
0.13791 1.11212 -1.60229 0.25153 3.72684
-0.57446 0.4511 -0.73396 -0.35107 2.92834
1.19228 -1.34603 -0.00532 -0.35708 2.30864
-0.60404 -1.65605 0.99781 0.26699 1.93254
-0.8224 -1.12319 0.80527 -2.89885 1.66887
1.33912 0.32712 0.20839 2.80995 2.63401
0.10382 1.90452 0.06058 0.23419 1.57082
-0.05836 0.64514 -1.81874 0.71258 1.53525
-0.10018 0.76813 -1.69563 -0.72813 -1.40226
0.23756 -0.63313 0.43992 0.81874 -1.65016
0.85321 1.64989 0.29326 -0.60748 -2.84709
0.56647 -0.98912 0.2514 -0.09411 -1.08206
-1.0654 -0.21591 -0.60811 2.12711 -1.1278
0.96684 1.13052 1.72113 -0.08582 -0.97878
2.24541 -1.09756 -1.13061 0.15941 0.46903
-1.23915 1.12564 -1.17457 0.51446 1.90031
1.15996 0.73836 -1.34319 0.67043 2.24925
-1.35188 -0.48175 -0.34094 0.96006 2.63445
0.23568 -1.51428 1.45836 2.58764 3.4607
-1.22956 -0.07567 2.73373 0.26803 3.45512
-0.39686 -1.35188 -1.55545 0.465 2.18606
1.57655 -1.25431 -1.08355 1.13832 3.16406
0.99334 -1.24507 -0.60457 -0.77426 3.64601
-0.72723 0.4418 0.47396 -0.14485 3.86723
2.08605 -0.01997 -0.39952 0.52845 3.69662
-0.94162 0.38318 -0.43489 -0.87309 4.14059
0.41668 -0.95383 0.17685 0.49172 2.95392
-0.14392 -0.2283 1.40472 1.08373 0.8046
0.16608 -0.6685 -0.15081 0.73696 1.02568
1.22397 -1.08086 -0.18682 -0.07937 1.88785
-1.85014 -0.23041 1.57623 0.80378 1.4619
-0.08353 -1.22955 1.25149 -0.37136 2.4432
0.55276 -1.07343 2.30019 0.79816 2.30718
0.69538 0.0581 1.23933 1.67901 2.60823
0.87984 -1.13056 1.48949 -0.44089 2.23834
1.05582 -0.09705 1.45739 -0.70008 -0.67536
-0.15045 -0.85377 0.52501 -0.97913 0.82129
0.75644 -0.53721 -0.08176 -0.2836 0.93206
-1.07443 0.85213 -0.21538 0.50717 -0.16656
-1.19663 2.13487 -1.89098 -0.30832 0.61016
0.92271 1.55665 -1.20173 -0.4725 0.87357
-0.09585 -0.53819 -0.96924 -0.84097 -0.08257
1.71616 -0.49945 1.33997 1.34453 -1.31264
0.37519 0.35851 0.69068 -0.21252 -1.41951
1.29419 -0.98867 -0.15292 0.53751 1.2253
0.10179 -0.95678 -0.39807 -1.14915 2.89444
0.09524 1.11617 0.1152 2.82042 4.53619
-0.78845 -0.62799 1.00046 1.04773 3.28618
-0.7731 -0.31581 0.10662 0.8905 2.94017
0.18157 -0.7899 0.53571 1.54524 3.12655
-0.43799 -0.34556 0.00113 0.67803 3.50249
0.26868 0.89395 1.53874 1.10685 3.59979
0.31913 -0.31504 0.96006 -0.53853 3.63105
0.54085 0.66066 -0.03992 2.60005 3.74973
1.183 -0.74884 0.13351 -0.16962 3.57473
-0.89797 0.78726 1.56775 -0.67718 4.20249
0.31321 1.7679 0.27369 -0.26076 4.56929
1.6102 -0.6797 0.49477 1.36786 3.40259
-0.26056 -0.53261 1.31194 -0.82836 3.09603
-1.05472 -0.58292 0.61644 -0.85444 3.12613
0.54009 -1.46566 0.82952 -1.50161 1.54681
-0.08709 1.86688 0.22395 -0.74638 1.7435
-1.96557 1.64745 -0.11562 0.17776 1.77887
-1.64406 1.56281 -0.62762 0.48904 0.6626
-0.83324 0.61502 -1.19838 -0.53373 -0.64902
1.87021 0.68646 -0.71452 -0.71607 -0.30162
1.00228 -1.47741 -0.11339 -1.23923 -0.5731
1.41112 -1.05377 -0.02454 0.83153 1.30466
-2.43518 -0.1203 -0.64348 0.40835 3.19376
-0.90652 0.96876 0.7729 -0.21127 2.45496
-0.08872 -1.58446 0.89845 2.06525 2.50336
0.28039 -0.83418 -0.22072 0.50961 3.6302
0.68609 -1.09032 0.85841 1.36875 3.86558
-0.63346 -0.35515 1.02252 -0.73581 2.81636
0.54441 2.2624 -1.23877 -2.05258 1.35726
-1.2993 1.6108 -0.39799 0.68174 0.26723
-1.0857 -0.38294 1.68244 1.20728 2.35368
0.40526 -1.52679 -0.65519 -1.09264 1.29778
0.261 -0.23376 1.68551 0.15345 -0.36006
0.60171 2.08999 1.34496 -0.13892 0.53544
-1.04719 1.3755 0.17779 -1.71199 1.98114
2.05407 0.75376 -1.40243 -0.18852 1.12925
1.64213 0.36538 0.58356 1.09731 2.95135
-0.36537 0.53186 1.12805 1.25308 2.51009
-0.6943 0.36312 0.02452 1.42329 3.88822
-0.16713 -0.40824 0.03963 2.2072 2.23738
1.6168 0.08253 -0.25984 0.71238 2.17206
0.98737 -1.00537 0.60637 0.28059 1.02584
0.66658 0.62883 -1.69582 1.23391 0.85057
1.7183 -0.37078 -1.9127 1.98712 1.35128
1.26401 -1.0968 -1.81769 2.62689 3.26391
2.166 0.48937 1.59437 -0.65553 3.6094
0.75552 -0.09825 -1.04886 0.05903 3.97633
1.27279 1.5186 -0.52488 -2.06331 5.13523
1.39248 1.86287 -0.28857 0.71658 7.67553
-0.16499 0.61972 -1.90017 -0.93754 7.25649
1.02383 -0.13108 1.66733 2.05097 6.84254
-0.06391 -0.2877 -0.16916 1.45362 6.33822
-0.19514 -1.19628 -0.7596 -0.51818 7.3692
2.99763 -1.20314 -1.1005 -0.86357 6.7812
-0.81538 0.59457 -0.80727 -0.31626 4.4591
-0.7492 -1.20186 -0.44215 -0.55261 3.943
-0.50918 -0.89167 -0.57532 -0.94232 2.01761
-1.18286 -0.36404 -0.27856 -0.91432 2.05266
-0.25607 -1.67202 -1.68205 -1.3102 0.70216
-1.99924 -1.52924 -0.75228 -0.87395 -0.39242
1.30654 -0.49602 1.33323 -0.27763 0.60928
0.80693 0.07135 0.80449 -0.35489 0.821
0.82519 -0.41798 -0.4045 -0.51724 0.6649
0.14168 -0.64896 0.39274 3.34489 1.53992
-0.25169 -0.1864 -0.83272 0.21825 0.16703
0.22859 0.76315 -0.10976 -2.2485 -0.86173
-0.38672 2.42385 -0.16203 0.22292 1.62433
-0.27177 1.17237 -1.76587 -1.48715 1.3656
-0.60375 0.59842 0.55865 0.64481 2.02277
1.04108 1.0551 0.21554 0.38925 2.68182
1.07478 1.05923 -1.72004 -1.1595 3.17645
1.62852 0.13318 -3.42455 -0.09775 3.68012
0.71782 0.77845 -0.17927 -0.54177 3.31738
0.71953 0.79981 0.80579 0.87174 5.00392
-0.48165 -1.62555 -0.11443 -1.37954 3.97406
1.47463 -0.74337 -0.28772 -0.73329 2.98992
0.56024 -0.51348 -0.83781 -0.144 1.18202
-0.2558 0.07763 -1.14111 -1.15863 -0.16025
-0.33 0.16761 0.88174 -0.78156 0.58173
-1.02573 0.61174 -0.20748 1.66436 -0.58768
-1.02938 -0.56129 0.43615 -0.868 0.14056
-0.15622 -1.21699 -0.58084 1.02839 1.26324
-1.99803 -0.18614 -0.01514 0.78871 -1.39218
-2.12558 1.65552 0.01745 -1.57098 -1.93704
1.03665 -0.48356 -2.26869 1.91353 -0.01197
-0.15457 0.48074 -1.39697 -1.60765 0.8135
1.66101 0.86818 -0.57991 0.14039 1.48863
-0.0381 1.41747 -2.82953 1.56203 0.61862
-1.76439 -0.49368 -0.56574 -0.14734 1.60387
2.52155 -0.90041 -0.30819 0.29346 1.25543
1.08947 0.33404 -0.08807 -0.17876 3.39619
0.99452 0.36619 0.40884 -1.10592 3.7589
-1.82641 -1.54474 0.09333 2.77096 5.62954
0.55811 -2.00877 1.76295 -0.96281 4.51554
-0.85165 -1.72113 0.00629 1.17917 4.37116
2.49263 1.47744 -0.81245 0.50377 2.83492
0.41786 -1.47529 -0.97812 -0.28137 1.92925
-0.22027 -1.65803 -0.10607 0.23363 1.26472
2.57749 -2.54388 0.86087 -0.91091 -1.6174
1.15773 -0.42341 -0.20003 -0.3568 -2.94984
1.40292 0.27018 -0.37649 -1.0192 -0.66329
1.81669 1.84371 -0.45031 0.41591 -1.30444
2.1016 1.46545 -0.74108 -0.62597 -0.31167
-0.61169 -1.68948 1.70834 -0.52584 -0.31104
0.33697 0.66144 -1.35152 0.77315 0.15932
2.81558 0.43582 0.17898 -0.33008 -0.20807
-1.3932 0.36829 0.64281 0.53277 -1.3852
2.01452 0.08884 1.29463 0.46502 -1.6505
0.78305 0.38242 -4.24701 1.47183 -2.18909
1.75609 -0.74555 0.22467 -2.69199 -0.56135
0.85934 0.87269 0.0287 -1.21925 -0.51597
0.30311 1.7904 -1.0133 0.9749 -0.34994
0.13642 1.82015 0.89188 1.95117 0.1644
0.90771 0.50003 1.10886 -0.30459 -0.00628
1.43738 0.523 0.69451 0.44028 -0.18915
1.47398 1.5235 0.42553 -0.42012 1.70385
0.05096 -1.02495 -1.79732 -0.73155 1.7556
0.71278 -0.5313 -0.147 -0.09281 2.81204
-0.12242 -0.27238 -2.07234 0.49508 3.67342
0.11196 -1.11581 -0.42138 -0.11449 2.82072
1.33773 -1.40727 -0.48366 0.45648 3.3228
0.49596 -0.12822 -1.5291 0.57411 1.26894
-0.69083 0.15896 -1.87427 -0.08203 2.05313
-0.59821 1.21591 -0.87045 -0.17045 0.90203
-0.06819 1.18849 0.17181 -0.26318 1.31788
0.05509 -1.58453 -1.55543 -2.06378 0.98139
0.28246 -0.49371 0.64915 0.35755 -0.79833
1.31101 -1.16134 -1.40343 -1.93109 0.5451
0.7249 -0.28165 0.02083 1.04684 1.38751
1.21811 0.78585 -2.65374 0.44654 1.26214
-0.91591 1.12049 0.02465 -1.12742 -0.79236
0.75038 -0.61707 -0.81648 -2.3783 0.60337
1.21651 -0.66549 -0.67239 -1.75155 2.61796
-1.08667 -1.54355 1.6653 -0.40695 0.98797
0.85133 -0.76303 1.43132 0.63312 1.65393
0.81796 -0.10844 0.52047 0.10043 0.33896
0.01493 -0.59597 -1.04684 0.19257 1.49647
1.00592 -1.67666 0.80222 1.40696 1.28148
0.4352 0.34218 1.63383 -1.8346 1.12027
-0.2265 -0.31806 0.46315 -0.34499 0.98252
0.37187 0.15014 0.45452 1.72672 -0.48734
2.72025 -1.54627 1.34804 0.29935 0.28849
-1.66019 1.88701 -0.37404 0.96088 -0.78876
0.71122 0.17993 -0.1471 -0.27645 0.68501
0.38819 -1.19467 1.15872 0.35244 1.4
0.32333 0.66297 0.09189 -1.38916 0.22226
-0.04787 1.87909 -0.11961 1.02717 -0.17366
-0.4943 -0.37943 -1.7017 -1.19662 0.73873
-0.15045 -1.5003 -0.19726 -2.14575 0.34743
0.84637 -1.40429 0.30142 0.79328 -0.60845
-0.1066 0.78858 -1.20499 -0.34969 -2.56099
0.65143 0.85034 -1.64075 -0.98138 -1.22809
1.57733 0.78678 -1.04569 2.96731 -2.71923
0.8932 -0.23159 0.04901 -0.19447 -2.98354
1.40328 1.24878 0.88509 -0.4675 -3.2167
0.21152 0.00205 -1.35051 1.61953 -1.88762
0.63699 -0.47785 -0.30119 -1.72268 -0.48513
0.62717 -1.91783 -0.52464 -0.43398 -0.87539
-0.04646 -1.86578 -0.51969 -1.52658 0.99729
0.2408 -1.85589 0.38271 2.76956 1.16439
-0.14646 -0.72496 0.16952 -0.75194 1.12798
0.68855 -0.35669 0.28634 0.08146 0.59495
-0.35822 1.37038 -0.47751 0.79216 -0.96733
0.11723 2.2743 0.28968 -2.19387 1.05037
1.20978 -0.46231 0.68822 0.20399 0.09261
1.63786 -0.48089 0.98552 -1.16042 -0.28865
0.00647 0.04354 0.3422 1.77782 -0.23425
1.56922 -0.13613 -0.41667 -0.19823 0.73179
-0.03705 -1.54834 0.56656 0.23882 -0.19177
-0.41504 -0.46914 1.70204 -0.91366 0.25107
0.2939 -0.09103 0.05181 1.13391 -0.40462
0.04196 -2.19078 0.29781 0.29404 -0.22363
-0.59601 -2.03736 0.20381 1.4389 -1.52766
-0.11846 -1.84256 -0.156 0.36988 -2.71019
-0.41755 -3.35492 -0.70759 -1.49089 -4.30978
-0.19068 -1.29765 -1.0905 0.08582 -4.7682
2.89954 -0.11928 -0.25014 -0.08396 -3.88345
1.94763 -1.55698 1.88805 0.09037 -4.35226
0.54504 -2.02397 -0.35014 -0.42299 -4.17605
0.72209 -0.133 -0.79979 2.30916 -4.37795
0.09466 -0.26547 -0.52273 1.15386 -4.47356
0.13369 0.36163 -0.84849 0.54798 -1.82099
1.49072 -0.71821 -0.27217 -1.08237 -2.26106
-0.19476 0.32627 0.24997 0.12815 -2.45056
-0.18853 1.89854 0.52225 -1.24065 -1.05446
0.35155 2.09908 -1.56937 1.10435 -1.71578
0.18686 1.36409 -0.42159 -2.56151 -2.66515
-0.86118 1.64575 0.1987 -0.11175 -0.80951
1.86444 0.86056 0.12673 -1.19362 -2.74877
-0.02134 0.32942 -0.34439 -0.30604 -0.42466
1.39938 -1.68997 0.38289 0.11268 0.75675
1.01242 0.2737 -0.80898 1.67448 0.31766
0.728 1.0054 -0.86932 1.55806 0.89942
-0.57634 -0.15228 0.24756 1.41828 1.62601
0.95985 1.40992 0.79141 0.98483 1.68657
-0.70315 0.42781 1.4038 0.52369 0.53487
1.05548 -0.30253 -0.54339 -0.43514 1.22821
1.47076 0.36594 -0.7106 2.12536 2.19968
0.70295 -0.5673 -1.38697 -1.24847 2.67846
1.13726 0.39942 0.99913 0.0508 3.35771
-2.02478 -1.05469 -1.80405 1.08591 2.28081
0.17256 -0.61719 -0.59036 -1.90073 3.8587
1.07619 0.20188 1.1087 -0.3727 3.37998
-1.07032 1.4956 0.38339 -0.57097 4.00958
0.47882 1.31514 -0.95656 -1.27748 4.79935
0.95877 -1.52463 -0.28714 1.43489 3.69189
0.16119 0.28346 -0.98528 0.40264 4.22111
1.19031 0.76682 -0.29877 0.60682 3.85405
2.84629 0.76503 0.43606 1.22361 3.64616
-0.03365 0.34084 0.56942 -0.69356 5.11567
-0.2517 -0.23655 0.57344 0.00911 6.02737
1.43761 -0.34133 0.72312 0.41214 5.69114
-0.32652 0.02045 -0.29724 1.41469 4.93514
0.73254 -0.17121 -0.41628 -0.4896 4.21578
-0.16201 -2.61547 -1.05685 0.53829 3.94148
0.23225 -1.16456 -1.23867 0.99074 3.36443
-0.82277 0.52977 0.65547 2.16292 3.2887
-0.09296 0.30505 -1.07019 0.57151 1.59484
1.49151 1.8615 0.4271 0.21938 0.85036
