-2.16561 -0.42409 -0.02756 0.63751 1.27749
-5.11123 1.31618 0.63885 -0.04527 0.20059
-3.43837 4.01287 -1.10925 0.55688 -0.57492
-2.87977 4.88074 -2.84361 -0.42376 -0.02483
-3.02994 4.48706 -0.72647 -1.3892 -0.91998
-2.25133 3.16579 0.19413 -0.20875 -0.95792
-1.50492 3.34328 0.80898 -0.48721 0.78679
-2.20089 3.89185 2.31756 -1.66849 -0.61772
-0.64059 2.79774 -0.06966 0.56121 -0.10035
-1.12378 3.66302 -0.80127 0.04595 0.05338
1.18767 4.15981 -0.09344 0.35835 -0.30685
0.33476 2.44507 -1.26298 0.99332 2.14821
1.21418 2.04597 0.45413 -0.42167 0.87702
0.83878 1.85132 0.59772 0.34088 1.10968
1.01322 2.04225 0.29021 0.35066 0.24786
-0.43617 1.84104 -0.85446 1.32907 1.97588
-2.08945 2.98505 -0.0604 0.97477 -0.83929
-1.23838 0.55335 -0.48418 1.48539 0.68571
-0.88978 1.09752 -1.12433 0.53866 0.97043
-2.18728 0.3563 -0.11706 1.29056 1.55642
0.04106 0.30389 0.73671 2.48744 0.15728
0.09946 0.67774 -0.16989 1.83739 0.95959
0.61667 0.08102 -2.14968 1.74976 -0.11444
0.90608 0.38522 -1.45151 1.61652 0.32618
0.95786 0.17452 0.10066 1.97109 -0.24115
-0.7739 0.35423 0.47348 -0.15231 1.10068
-1.06919 1.57151 0.23778 -0.83725 -0.35879
-1.86747 0.61415 0.08535 0.14693 1.30351
-0.88374 -0.85577 0.05459 -1.79075 -0.44806
0.61734 0.60456 -0.27904 -1.89994 -0.10556
0.61375 0.30077 2.49676 -0.39339 1.19593
0.30304 1.28077 0.5461 -1.38918 1.17895
0.55331 0.34981 -1.64262 0.63417 -1.84022
0.60067 1.18003 0.06069 -0.05313 -1.69252
1.55303 -0.01038 0.98686 0.00845 -0.64246
1.34985 -1.27585 1.21905 -1.34563 1.30828
1.68388 0.19065 0.6717 -1.03709 -0.22541
2.72463 0.56789 0.15276 -1.32798 0.44139
1.86725 1.95698 -1.14096 -1.89206 0.95858
2.49082 1.80927 0.71771 -0.64793 -1.76991
-0.27596 0.89845 1.23915 -1.67275 -0.04882
0.27882 1.2808 -0.01042 0.48231 -1.24168
-0.99523 0.15369 0.67623 0.21454 -0.43059
-0.46062 1.04305 2.55303 -1.20718 0.65909
-0.55573 0.27443 2.13885 -1.62429 -0.6513
-0.91427 -0.64627 0.33971 -3.26886 0.53327
0.76411 -1.2355 -0.14311 -1.44015 -0.25496
0.49868 1.42205 0.16299 -2.68072 -1.20678
0.95544 1.23766 0.50156 -0.01095 -0.2205
1.22823 -0.1718 -0.25465 1.29687 0.8196
0.69152 -0.73908 -1.89871 -0.495 1.00025
-0.55112 -1.1551 -0.22327 -0.81464 0.3415
0.42181 -1.12759 0.48986 -0.43723 0.92701
0.79293 -0.4435 -1.03122 -0.66138 -0.97292
-0.59112 -0.01992 -2.40813 1.59941 -0.32683
-0.51725 0.00569 -1.62926 1.20749 -1.54108
-0.31071 0.57953 -1.708 0.62674 2.37039
-0.71804 1.59672 1.0335 -0.11812 0.08901
-0.13479 0.20152 1.32154 -0.94869 1.57637
-0.60619 1.34213 -0.47038 0.16404 0.066
-1.11609 2.02575 -1.12733 2.11134 -0.35682
-0.96205 0.87821 -0.04176 0.89501 0.9951
-1.48291 0.31861 0.35068 1.91069 0.68277
-0.90111 0.60223 -0.28944 1.40937 0.47683
-2.02938 0.54932 -0.25505 0.84021 0.68118
-2.61443 1.62659 -1.26231 -0.37899 0.1112
-1.80884 -1.33228 0.43632 2.97988 -0.12052
-1.4027 0.58381 0.14777 0.58759 -1.35739
-1.52862 1.62044 1.90308 0.78904 1.84198
-2.41037 1.41391 0.61308 0.47338 0.11022
-0.31228 2.88269 -0.15766 -0.70383 0.79215
-0.29299 2.88322 -0.7701 -0.00788 -0.44642
0.17222 1.70084 0.23638 0.87718 -3.26795
-0.61696 1.4657 -2.35704 1.92464 0.8692
1.42071 0.41841 -0.80115 1.18852 0.63422
0.49881 1.46262 -0.55399 -0.45142 0.13472
1.14621 2.28789 -1.28584 0.43278 0.64861
0.962 1.7711 -1.58359 2.25549 0.08255
1.8847 0.07182 -2.29483 1.56367 -0.56071
-0.16755 -1.00167 -0.74908 0.8855 0.67974
-2.64441 0.10409 -0.70536 -0.61119 1.20976
-1.87374 0.81935 -0.08313 -0.10244 0.53572
-0.29883 3.10819 1.69927 1.18679 2.38657
0.69392 2.04661 0.25875 1.8795 0.46121
1.14736 1.25576 -0.68358 3.1527 -0.30739
0.11712 1.68917 -0.04184 0.87713 -1.84633
-0.82879 1.54753 -0.8669 0.61009 0.44186
-0.12119 1.0653 0.25103 2.19155 0.32833
1.3019 -0.87809 -0.86103 0.20814 1.96679
0.99327 -0.83999 -2.76765 1.33653 0.56277
2.02328 1.89513 -2.88932 -1.10472 1.26101
2.12442 1.86463 -1.03055 -0.94514 -0.1764
1.25824 2.13073 -0.00518 -0.40569 -1.02097
0.62991 3.57578 -0.45031 -1.30663 -0.42642
1.27635 1.79485 -2.4534 -0.50645 0.15936
1.9692 1.12275 -0.64174 -1.35967 0.79024
0.82423 1.13948 -2.63878 -0.73404 -1.82459
0.31219 0.91468 -0.50165 1.30257 -0.79093
0.14463 1.3176 0.48147 -0.30899 0.61434
1.38139 0.99849 0.11224 -2.84584 -1.25506
1.84982 2.42425 -0.21937 -1.4428 -1.29191
0.69834 1.19896 0.13055 -1.47966 -0.85816
2.08343 1.03359 0.41862 -1.3469 1.38008
0.76989 0.99494 0.15641 -1.05258 1.22709
-1.01313 0.29942 -0.4113 0.02312 -0.55512
-0.35063 1.80435 -1.00123 0.32313 0.12633
0.05151 0.61916 0.8129 -2.01801 0.07587
-0.2898 0.76082 -0.3848 -0.06328 -0.93987
0.63225 -1.89451 0.14637 -0.54603 -0.67386
-0.4387 -2.9485 -1.34428 1.72803 0.38731
-0.63959 -2.15274 -1.15284 -0.05022 0.65541
1.2773 -0.73773 1.95069 -0.54648 0.42185
1.16698 -1.27393 1.17427 -1.71524 1.16618
-1.26721 -0.86671 1.80662 -2.36475 -0.59844
-0.08767 0.58613 0.10176 0.76396 -1.78593
-0.8251 2.00224 1.34373 -1.9165 0.52704
-2.12009 1.83726 -0.30634 -2.10676 0.47749
-0.49707 1.80648 -1.53695 0.24335 -1.87729
-0.64079 2.46026 -0.5932 -0.07125 -0.47136
0.57328 1.40498 -0.47264 -1.20596 -0.18662
-0.6952 1.59008 0.64208 -0.30689 -0.49563
-1.07044 1.58821 0.65758 -0.77927 0.15095
-0.21121 0.30555 -0.81144 0.08537 0.0631
-0.83802 -0.51572 0.01478 -0.60552 0.34265
1.55123 0.09278 -0.68935 -0.38117 1.68625
0.57965 -0.3272 1.57335 0.84748 -0.62221
-0.63145 1.13569 1.46943 1.71383 -1.27437
0.1093 0.00149 0.8551 2.43979 0.08597
1.30393 -0.59857 -0.62439 1.85678 1.66502
0.70575 1.53163 -0.4019 1.62491 0.53026
-1.37006 2.32207 -0.16113 0.55297 0.59176
-0.51105 3.07072 0.43077 -0.45766 -0.27369
-0.71096 2.93199 -1.50492 -0.90092 -1.83652
0.57694 2.25047 -0.6767 -0.22859 -0.16977
1.16764 1.85609 -0.62309 0.55714 0.34884
0.6026 1.05606 -0.56823 0.31021 -0.72677
0.36054 1.83542 0.67825 0.20068 2.75946
-0.76197 1.83612 -0.3283 0.67506 -0.61676
0.25494 0.80414 -1.00182 2.0792 0.85967
1.54155 1.5032 1.75043 0.42434 -0.66423
-1.17639 0.84542 1.46724 2.34979 0.05798
0.34306 1.12967 0.88454 2.43768 -0.14135
0.54941 2.07173 0.08603 2.13952 0.2279
0.03647 1.33374 1.02644 1.75634 1.65993
-0.269 2.80445 0.51402 1.02289 2.16246
-0.08597 0.53584 0.71836 1.58842 1.2405
-0.4005 -1.10822 2.59959 1.31267 0.45707
0.42591 0.53186 2.30709 0.96841 0.92962
-2.0202 1.52826 -0.38496 -0.97757 0.50825
-1.77933 1.95717 0.84862 -0.42291 0.14791
-2.36924 3.55255 2.30394 0.35587 -0.80206
-1.85338 0.89294 0.02461 2.05385 2.40824
-0.57587 1.32259 -1.71127 1.44761 -0.3834
-0.43358 2.91036 -1.35648 0.47514 -1.83641
-0.88533 3.78125 0.32018 0.77504 -0.38119
1.00737 1.75573 0.38063 0.54614 -0.0899
-0.11046 2.73711 0.04873 0.11712 -0.97622
-1.10482 0.83508 0.75756 0.0613 1.48723
-1.60237 1.16982 -0.11313 0.10823 -0.05707
-1.47066 2.39067 -2.08397 0.71708 1.34081
-0.92136 2.39657 -0.9776 1.17355 0.17158
-0.68309 2.26398 -1.08301 2.29517 -0.62071
-1.10826 3.10889 1.59454 0.29809 0.36002
-1.35118 1.84585 0.79636 1.60665 1.09762
-0.58 0.7693 0.53598 2.01729 -0.20391
-0.99383 0.69099 -0.03028 0.59656 1.93914
-0.90424 1.71069 0.63836 -0.4166 1.44479
-1.01285 2.68804 0.17857 -0.23037 0.71269
-3.053 1.09016 -0.51109 -0.19232 -1.71626
-1.00012 0.87179 0.29416 0.29044 -1.20222
-1.431 3.9585 -1.15012 -0.28616 -2.38316
-1.00526 3.80263 -1.08501 -0.13777 -1.35891
-1.72745 1.99725 -0.26752 -1.22852 0.39679
-0.05836 1.02673 -0.34957 -1.19441 0.87194
-0.3744 1.34701 0.7498 -1.37827 -2.49182
-1.66992 2.27328 1.6148 0.71868 0.88437
-0.10049 1.90665 0.22886 0.182 -0.03823
-0.94329 -0.71602 0.66921 0.17698 -0.38745
-0.0193 0.0269 -0.20836 1.10565 1.0613
0.79858 0.50266 0.20337 -1.22631 0.77064
0.68833 0.50719 -0.20469 0.15294 1.17739
0.48628 1.82354 -1.38165 0.77633 -0.45382
1.8955 0.5095 0.48224 0.82794 1.38799
2.08952 0.44314 -0.2195 0.60882 1.30483
1.15427 0.63946 -1.012 0.68821 0.30443
0.06909 1.61972 0.22274 -0.54017 1.50176
-1.08692 1.54709 -1.22579 -0.01221 1.0117
-2.48739 0.00871 0.0628 1.48636 -0.50931
-0.33687 1.81875 0.88018 1.50081 0.50449
1.19056 0.48045 -0.50709 -0.02294 -0.42493
2.075 0.86123 -1.17398 -0.54785 0.07449
-0.44632 1.99106 -0.76528 -1.70505 1.26973
1.37272 1.35136 -0.70363 -1.21952 -1.59649
1.09252 1.90099 -0.01679 -0.36197 -0.84205
0.26839 -0.28609 -0.84761 -1.17882 -0.4729
-0.47191 -0.67636 0.70507 -1.27427 1.41799
-0.9987 -1.01779 0.03761 -0.11984 0.62192
-0.7046 0.50465 0.34737 0.52837 1.46257
-0.78595 -0.32455 0.40754 0.21122 0.19608
1.38082 0.93396 0.57585 0.03502 1.98564
2.3425 1.06119 0.25454 0.81324 -0.08309
2.4093 0.94934 -0.67453 0.8801 -1.72466
1.76677 1.23814 -0.87189 0.35287 1.9116
0.43514 0.6854 1.41098 0.59593 0.56675
-0.33216 1.04973 0.54874 1.97137 1.64024
-1.02845 -1.33298 -0.03468 1.2557 -0.29594
-1.09003 -1.21003 -1.38384 3.3638 0.66201
-0.54901 1.50653 0.20062 0.84682 1.54428
-0.40762 2.39362 0.81824 0.05233 -0.63468
-0.91692 1.27136 0.23162 -1.90572 0.2597
-0.55285 3.56801 -1.249 -2.60767 0.00442
-1.32562 1.55188 -1.46428 -1.20705 -0.56904
1.08041 2.81652 1.62579 -0.10172 1.84476
-0.01258 2.76229 1.35906 -0.72328 0.80518
0.34308 0.5356 1.219 1.64039 1.96552
0.4373 1.09713 -1.07815 1.70433 0.11665
-0.75236 0.88883 -0.64996 -0.03069 0.74407
-0.93424 0.88955 -1.87863 0.29626 0.15348
0.26448 3.8636 -1.76566 1.41016 1.07548
0.16109 2.59483 -2.1152 -0.6524 -0.29121
0.17582 0.87672 0.31496 -1.49929 0.12239
1.1174 1.25235 -0.42767 -0.22052 -0.41933
0.04582 1.13691 -0.13435 -0.31188 -1.34247
0.36738 2.91071 -0.41312 0.05653 0.83827
0.57048 1.09089 0.8253 -1.06769 0.64758
-0.53138 -0.82114 2.23171 0.18823 -0.14107
-1.82542 0.05793 0.59197 -1.32805 1.03486
-2.06848 0.29028 -0.44865 -1.20172 1.29805
-0.46574 0.31907 0.72624 -0.01902 -0.36044
0.02372 1.66375 -1.94237 -0.42962 -0.7187
-1.54686 1.86774 -0.86679 -1.06384 -1.45162
-1.99358 0.16616 0.19291 1.17696 -1.17872
-1.96816 1.33638 -0.10871 2.49538 -0.73711
-0.95327 2.61138 1.19244 0.77727 -0.37141
-0.02598 1.27736 0.02236 -0.27267 1.37898
-0.86934 1.68021 -1.2262 0.30298 -1.08942
-0.0579 0.86434 0.0372 -0.90037 -0.48688
1.0529 0.87897 -1.05783 -1.11461 -1.02691
1.45693 1.43764 -0.98633 -0.87309 -0.25562
0.83671 0.44762 0.75417 -0.58583 0.80852
2.72319 -0.11377 1.23758 1.4401 1.13224
0.86162 -0.12437 0.43478 2.64627 -0.69145
-1.77138 1.25987 0.9718 1.73133 -1.80066
-0.77017 1.47028 0.50336 0.58729 1.11819
-0.83882 2.45861 -0.74849 -0.34895 1.07154
-2.45726 1.54315 0.19732 -1.17335 -0.04432
-1.94071 1.00447 0.99852 0.23472 -1.41989
0.16833 1.29586 0.88289 0.17769 0.86939
1.24417 1.48872 1.51462 -1.46715 0.76801
0.10831 1.13466 2.6887 -1.41859 0.66967
-1.65217 2.0304 -0.49042 -1.41558 0.58429
-1.30528 1.81732 0.08741 0.76977 -0.09051
-2.59158 2.11955 -0.59219 -0.38082 -0.94095
-1.36208 1.60965 -0.57292 -1.02 0.76718
-3.17907 3.24512 -1.73397 -1.73708 -0.73505
-2.43172 3.42648 -1.68654 -0.26327 -0.00478
-1.86224 3.90371 -0.7015 -0.78264 -0.72261
-0.57502 1.74215 0.19061 -0.75726 0.6307
-0.76265 2.11235 -0.73676 -1.30708 0.16016
-0.245 0.81422 -0.47762 -1.73686 1.69691
0.80536 0.79142 -0.46935 -0.94854 1.10747
-0.8277 0.86805 2.05034 -2.24079 0.13421
-1.07836 0.68044 -1.80641 0.09948 -0.0697
-1.15444 -0.37326 0.53977 0.27061 0.67477
-2.73573 0.52579 0.63313 -1.7913 0.01307
-1.40844 0.84067 0.10001 -1.01258 0.75843
0.03111 1.96848 0.29231 1.05469 -0.04017
1.75792 2.95877 0.44653 1.76429 0.20596
3.22742 1.44774 1.26678 1.81854 1.06302
0.78064 3.11826 -0.46773 2.3802 0.1066
-0.8374 3.29736 -0.22174 0.91722 0.1587
-0.28771 3.30471 -1.38544 -0.55898 2.30239
-0.00115 2.77671 0.32507 0.84247 0.72542
-1.69324 0.71629 0.1481 1.48309 0.34537
-0.46987 0.44217 0.43893 1.50958 0.98917
1.52519 2.06867 0.71961 1.14047 1.16282
0.83158 1.88979 1.38182 1.83429 0.52019
2.09578 3.00669 1.63754 0.05903 -0.35613
2.42476 2.19324 0.95684 -0.20654 -0.04019
3.16118 2.16198 -0.10693 -1.87165 0.24898
2.54631 2.48786 0.62298 -2.1056 -0.96229
2.93917 3.10994 1.19382 -1.58113 0.05428
1.12352 3.17347 0.64793 -1.78363 -1.44823
0.27234 2.64128 2.0535 -0.60358 0.24702
-0.65055 0.67933 2.37574 -2.53959 0.11135
0.2506 -0.24961 -0.42639 -3.15631 -0.96947
-2.13697 0.72732 -0.67248 -3.11796 -0.64182
-4.19715 1.81993 0.22887 -2.74413 -1.13777
-3.42319 3.76988 0.06687 -1.81857 -0.21538
-2.19121 3.00785 -1.47705 -1.83031 0.05094
-3.29425 0.71207 0.36195 -1.44834 2.19242
-2.44086 0.1806 -0.51073 -1.14123 -0.7874
-0.86547 3.06875 -0.49495 1.694 -0.18846
0.61743 2.93517 -0.52553 -0.03402 -1.67097
0.04095 1.06666 -1.06764 0.55031 0.72089
0.66936 3.31544 -0.6889 0.23453 -2.17543
2.00664 1.41126 1.04361 -1.31377 0.89208
0.30793 2.37848 -0.8012 0.63532 -0.25736
-0.87465 2.84294 -1.32301 0.85294 -0.91528
0.35548 1.96801 -0.65904 1.11732 -0.14879
