0.14147 1.57424 0.46128 -0.62159 -0.7103
-0.07585 1.73983 1.24694 0.70448 0.64782
-0.2196 0.68264 0.71759 0.61906 1.61532
-0.96342 0.84749 -0.99201 0.04812 1.52113
0.82391 0.31419 -0.1705 1.4955 -0.11634
0.64229 -0.53334 0.4154 1.13977 -0.05026
-0.13554 -2.3708 0.78599 -0.62824 -0.88697
0.76699 -2.12294 -0.1175 0.4177 1.66597
-1.41256 -1.07097 0.52967 0.43477 1.31156
0.74644 0.45343 0.06755 0.7951 2.71928
0.23735 -0.79734 -2.20511 -0.81507 1.03326
-1.61573 -0.74862 -2.01042 0.05726 0.16643
-0.86256 -1.09445 0.86171 -0.4656 -2.01387
-1.22442 -2.50377 0.03863 -1.26422 -1.80048
-2.62689 -0.60518 -2.51782 -0.53912 -0.68643
-0.57035 -0.9488 -1.30937 0.22518 0.70894
-1.2925 0.68965 -2.44673 -0.80102 2.37161
0.08237 1.33153 -0.42479 -0.4133 2.24588
-2.27658 1.51317 0.51115 -0.86925 0.69211
-0.91736 -0.69034 1.01801 0.71603 1.09279
0.29926 0.67186 -0.35194 1.28895 0.40673
-0.63702 0.12857 2.02502 -0.21446 1.15814
2.35064 -1.60051 -0.54988 -0.49968 1.90257
0.92554 -1.16037 1.21601 -1.49691 0.46235
-0.79454 -0.56774 -0.97492 -0.07785 -0.4498
-2.25958 -0.52487 0.08309 0.38042 -0.55173
0.19451 -0.9762 -0.45331 -0.09614 -2.32034
-0.15563 0.34513 -0.20096 -1.56323 -0.94589
-0.6876 -1.40057 -0.06038 1.25184 -1.22195
2.34104 -1.23965 -1.99574 -0.21463 -0.64532
0.01911 -1.02189 -1.40811 -0.86504 1.99375
0.45484 0.84106 -0.99492 -0.70414 1.96135
1.2383 0.58513 -0.42057 1.01243 0.64813
0.39473 -1.12447 -0.92281 1.33742 -0.70959
0.41931 0.57795 -0.0085 0.20657 -0.27078
0.12693 1.89137 0.26866 -1.26379 0.19969
0.98029 1.21787 -2.30778 0.53138 0.38137
-1.28818 0.79907 -0.51715 0.1898 -0.10617
1.20076 0.72839 2.81078 -0.65239 -0.12194
-0.17492 -1.04005 -0.94763 0.28933 0.69856
-0.35345 1.36032 -1.73494 2.91865 0.68246
1.89385 0.74417 0.22035 0.96994 2.06069
1.12555 -0.08999 -2.15297 0.23334 -0.24447
-0.00432 -0.48853 -0.34073 -1.0218 -1.29664
-0.62537 1.71053 -2.50803 -1.10809 -0.94303
1.02635 1.36417 -0.11504 0.27032 0.5803
0.21797 0.66885 -1.24054 0.0527 -0.39018
-1.08228 -0.67723 0.46252 0.00261 -0.37233
0.73582 0.297 2.25446 0.53338 0.55318
1.09258 -0.4354 1.72572 0.44768 -1.11747
-0.94029 -0.09726 -0.95909 1.32863 -0.61754
-0.28141 0.06193 -0.01885 0.47381 -1.68965
-1.22923 -0.7601 -0.41746 0.18181 -0.60101
0.12102 -0.52164 -0.48192 0.66631 -0.70707
-1.13794 -0.47312 -1.02526 -1.23754 0.3471
-1.26323 -0.5336 0.70497 -1.47738 1.17404
-0.63669 -1.97034 0.12567 -2.40978 1.16266
-0.81317 -1.76286 -0.10569 -0.84987 -0.65172
0.51441 -1.55033 0.68253 -0.14551 1.08443
-1.1114 -0.06827 -1.17703 0.2306 0.68056
-0.47213 1.64328 -0.4017 0.72251 -1.72836
-0.02543 0.51612 -1.14709 1.06496 -0.83323
-0.71746 0.73278 -1.09737 0.70503 0.01095
0.31356 0.6586 0.40015 2.02477 -0.06412
-0.03521 0.75057 0.00498 2.06268 -0.17845
-0.89846 -0.27371 -0.06747 0.25904 -0.28566
-1.55982 -0.77045 -1.6132 0.6985 0.19992
-0.45605 -0.43559 0.76457 -1.09241 1.84404
2.47983 -1.25241 -0.07861 1.00424 0.36144
-0.90583 1.76056 -0.86513 1.22634 0.65495
-0.97823 1.03229 -1.08777 -0.26673 0.54736
1.1663 0.69589 -0.62486 -0.58112 -0.73978
0.87845 1.5432 2.12106 -1.48951 0.39876
0.46538 1.47453 -0.33611 -0.53504 -0.31595
0.16184 1.72117 0.1964 0.58058 -0.28694
1.33773 0.69566 1.57118 -1.14745 -0.18484
0.65626 -0.43841 -0.49836 -1.08464 -0.0507
1.37962 -0.60109 -0.95157 0.44088 -0.55477
0.90261 0.09141 1.50027 3.50939 -2.04841
0.54471 -0.6063 -0.05049 -0.09073 -1.31975
1.5573 0.63046 -0.20263 0.68654 -0.28543
-0.00138 -0.16051 1.02499 1.53282 -0.41373
0.28723 1.72821 -1.29514 -0.22597 -0.14712
1.17228 0.61358 1.56097 0.58382 -0.17753
-1.07403 -0.45897 0.01361 0.56049 0.55014
0.24017 -1.08456 -0.46752 1.09313 1.25407
-1.59325 -3.09231 -0.5532 -0.49581 1.2812
-0.44376 -1.01172 -0.20827 -1.02707 -0.24896
1.14051 -0.63836 -0.11675 -0.44035 -0.74788
0.67239 0.34336 -0.10321 1.92543 -0.60939
-0.92015 1.3914 0.01654 0.18475 -0.22693
1.45321 2.31456 -0.7586 -0.45107 1.24796
-0.30866 2.18998 1.38837 -0.44581 1.6066
1.58839 2.07728 -1.29042 -0.0223 1.72403
1.07338 1.42625 1.15703 1.77245 0.88572
0.03699 0.66172 0.32338 1.43278 1.15074
1.10529 -1.99805 1.89113 1.65088 -0.21746
-0.26667 -0.87128 0.77925 1.60087 -0.75244
-0.13645 -2.47179 -0.50363 0.77337 0.56469
-0.36834 -4.46991 -2.46029 -1.03007 2.35877
0.46512 -3.46381 0.87917 -0.04768 3.09511
0.55963 -1.96261 -1.11122 1.74774 0.6537
-0.61775 0.1148 -1.16486 2.63731 0.55857
-0.46067 0.09013 -3.31116 -0.49994 1.84684
-1.15305 -1.60081 -0.99714 -0.72918 1.66568
0.17037 -0.72866 -1.67256 0.40746 -1.58333
-0.20912 -2.35207 -2.30246 -0.01309 0.17901
-0.33443 -0.7239 0.47387 0.03738 0.82433
-1.02059 -1.98419 0.45447 1.60166 -0.55062
-0.09004 -2.80139 -0.83021 0.25866 -0.48278
0.65723 -0.24165 -1.63793 0.48879 -0.32111
-2.75358 -0.11465 -1.90015 -0.61589 -1.21386
-1.40916 -1.68076 0.37538 1.55726 -0.37849
-0.20453 -1.47673 0.30059 -0.13545 0.17766
-0.02358 -2.35824 0.46329 0.81412 -0.0099
-0.11979 -1.99466 -0.49869 0.11299 -0.5327
-0.86843 -0.04792 -1.03788 -0.08706 -0.87161
-0.99056 0.68852 -1.09705 0.44859 -0.64783
0.26863 1.08805 -0.35801 -0.17743 0.77486
0.02767 2.17737 0.28354 -1.78062 0.19604
0.74505 1.22818 0.81851 -0.57555 -0.64361
0.61386 -1.73034 1.22296 -0.84183 0.14922
-0.34405 -0.00176 -1.77766 2.08142 -0.35189
0.24004 0.20675 0.77186 -0.17243 0.29463
-1.95707 0.73951 -1.94499 0.37203 -0.71746
-0.02502 1.14958 -0.01409 0.76731 -0.22593
-0.33938 0.10245 0.32533 -0.55009 0.61429
-0.54124 1.92347 -2.55504 -0.0912 1.4453
0.6024 1.68799 0.85951 -1.50294 2.76843
0.36382 2.2824 -1.48125 -0.45979 0.60733
0.36561 2.30834 -0.85681 2.09972 0.21044
0.72585 1.95858 -0.77057 -0.07479 0.34494
-0.45828 0.89635 -0.00307 -0.15684 -0.18401
0.25258 1.05446 2.43678 -0.58439 0.55575
0.28479 1.38015 1.36819 -0.72566 1.35452
-1.75573 -0.00571 -0.54458 -0.07227 1.15206
-0.48097 2.77521 0.05382 1.67909 0.52918
-0.84192 2.63815 0.09125 1.47304 -0.15847
0.86026 1.4248 -0.34729 0.71508 0.86952
0.38626 1.11711 -0.02502 -0.85116 0.91942
0.19708 0.96744 1.49908 -0.95504 0.63402
-0.31236 1.24252 1.51879 2.17665 0.64262
-0.27012 0.70145 0.30877 1.08729 2.17745
0.19882 1.24467 0.44331 1.05285 2.13213
-0.38747 1.02358 -0.15795 0.13452 1.71872
1.27308 0.80967 -0.14566 0.31784 1.05858
1.25841 0.32968 -1.5788 0.48515 -0.82896
-0.14868 -0.38946 -0.54912 -1.96038 1.34111
1.21542 -0.83764 0.42586 -0.04141 0.21212
0.78369 0.911 -0.25299 0.73675 1.54572
0.63407 1.60957 -1.15668 1.8499 -0.87273
0.64009 1.87902 -0.83211 -0.16322 2.37207
-1.29282 0.07034 0.30845 0.39788 0.52737
0.97988 -0.32733 -0.72436 0.47631 -0.31988
1.09215 0.47292 0.35377 1.20932 0.45086
-0.65983 -0.06186 0.06192 -1.21521 -1.27228
-1.3353 0.17517 1.24813 -0.21548 -2.55905
1.20319 0.11676 2.24749 -0.23984 -1.27622
1.14285 -0.64844 0.76893 1.99205 2.01659
-1.86582 -0.82644 -1.11629 1.34642 1.43384
0.45675 0.18563 -1.90277 1.13927 0.06193
0.96084 1.37688 -1.53073 1.61564 -0.00774
-0.35088 1.69632 0.61143 2.02234 0.08991
-0.52065 0.16587 -1.38305 0.82909 1.46653
-0.44437 -0.66514 1.68528 -0.62938 1.08654
0.82464 -1.02323 0.34779 -0.91451 0.25267
-0.10139 0.45188 0.59391 0.29349 1.63847
0.73597 0.58944 0.70243 -0.10838 1.36071
-0.00636 0.82096 -1.88216 0.35407 0.6537
-0.31502 2.78673 0.85591 0.05092 -0.14978
1.84524 2.18796 0.03675 -0.96522 2.37229
1.926 0.99283 0.46287 -0.81241 0.97093
0.71641 0.03892 1.69405 0.60953 0.71226
-0.44436 -0.05766 1.2264 1.19767 2.32256
0.13712 -2.45271 3.14206 0.18688 1.57224
-0.22187 -0.64876 0.30617 2.36166 2.34284
-1.24976 -0.40687 -1.72996 2.60575 1.45397
0.4597 0.98704 -1.3896 1.99452 0.54142
-1.30214 0.76184 1.55858 -0.62656 1.04367
0.03208 1.12221 -2.14934 -2.60544 1.42967
2.01747 3.34598 1.87193 -2.41178 2.46751
-0.49286 2.77434 -1.3747 -0.35125 1.79991
1.81929 3.34073 -1.22327 -0.14235 1.9522
0.69102 1.69758 1.45475 -0.08461 -0.2878
0.74966 -0.04315 -1.233 -1.13205 0.92231
0.05762 -0.46723 2.17373 -1.68555 -0.14529
2.12199 -0.27164 -0.60306 1.01349 0.94593
0.08041 -1.01497 0.5958 0.3248 -1.57771
0.11386 -0.56219 0.61815 0.09277 -0.21805
1.96583 0.66201 0.88245 2.32222 0.45288
0.14556 1.17629 -0.70226 0.91166 -0.82772
0.99614 0.65643 0.84444 1.01465 -0.05584
-0.64446 1.24655 0.01244 0.56191 1.41922
1.29835 1.54031 0.61852 0.23212 -0.41198
-0.45072 0.46312 1.3919 0.31101 0.02861
4.02266 0.7515 0.54273 -0.1774 1.91868
-0.58382 1.46138 -0.17704 -0.3338 0.88911
1.6686 1.77724 0.51054 1.65594 1.25866
1.08251 0.17093 -2.66151 1.06775 0.77568
0.08393 0.62711 0.66285 1.63534 -0.23529
0.17979 -0.97484 1.36183 1.05387 2.18843
0.28503 -0.82096 -0.80387 0.81278 2.51922
-2.0663 -1.09652 -0.35054 -0.13946 -0.46296
-0.05444 -1.12254 1.12045 0.40256 0.12134
-0.24105 -0.04203 0.22115 1.60959 0.28436
-1.88148 0.64361 -0.95458 0.47579 -2.3952
0.66604 -0.21815 -1.33791 1.75119 -2.07697
1.23066 -0.92318 -0.29143 -0.71393 -1.61336
1.70199 -1.2244 0.04373 -1.23779 -1.17087
2.92614 -1.16875 0.29033 0.64294 -1.22806
1.58245 -1.44088 0.17224 -0.79927 -0.83699
-0.65932 -0.99644 -0.12564 -0.73568 -1.65338
-0.48658 -1.46517 0.45105 0.42907 -0.18722
-2.74525 -0.41941 -0.97022 0.51219 -0.88454
-1.33749 -0.46192 -0.1028 0.99709 0.24011
-0.70407 2.34786 0.14727 -0.73224 -1.00277
-0.32428 -0.03569 -0.93864 -0.54412 1.04246
-1.02709 -0.59513 0.83602 -0.53916 1.14799
-0.36349 -1.1266 -0.74384 -0.491 -0.00126
-2.15717 -1.39276 0.44185 2.26781 1.13006
0.45074 -2.78231 -0.22646 1.01541 0.74293
-0.41517 -0.58965 0.24541 2.11732 1.4659
-1.08863 1.96084 -0.26437 -0.17229 -1.46379
0.00597 0.57535 0.06816 2.37398 -1.73677
-0.39782 0.1413 0.90362 1.50551 -1.71795
0.40393 0.61163 0.40831 -0.12793 -1.29053
1.92407 -0.54478 -3.11843 1.47874 0.10585
-0.42642 -0.07035 -0.7456 1.22784 2.32438
0.37491 -2.03769 -0.74936 0.15191 -0.59871
-0.78799 -0.91481 1.94985 -0.47047 0.17586
0.09776 0.38764 -1.14004 -1.03942 0.78369
-0.0417 0.3071 0.447 0.40431 -0.37832
1.1891 -0.1708 -0.00205 0.92192 -0.97773
-0.12456 -1.07536 -0.34733 2.12876 -0.57664
1.10848 -0.80782 0.13876 0.92447 -0.46547
-1.12672 0.28883 -1.18246 0.91452 -0.68025
-0.37161 -0.33063 -0.10919 0.41501 0.32229
0.24889 -2.10881 0.00988 0.52788 -1.61104
-0.22481 -2.23744 0.165 0.05543 1.04177
2.11975 -2.23712 0.92158 0.60708 0.24214
1.49569 -0.31768 0.29595 0.28139 -0.17264
-1.39511 -1.27375 0.23247 -0.88823 -0.72878
-0.42326 0.30778 -0.66585 0.7258 -1.04411
0.18679 0.07434 0.03016 0.31214 -0.93296
0.61646 0.28623 -1.05577 0.51054 1.12429
0.19172 -0.23315 1.34905 1.01631 0.00656
0.28246 -0.96046 1.75075 0.77453 0.09797
0.64811 -0.78762 0.95971 1.24142 -0.04619
1.27087 -1.43836 -0.21074 -1.17602 0.76022
0.43369 -0.41276 -0.06062 -0.76674 1.36496
2.17392 -0.68074 0.52092 -1.1693 -0.38168
-0.08924 -1.19599 -1.28134 -0.86454 -1.4448
0.86962 -0.41786 0.57492 -0.4867 -0.3887
0.59531 -1.34512 -0.4351 -0.58105 0.37433
-1.09017 -0.90186 -0.8493 -1.47933 -1.13918
-1.73066 -0.69742 0.3738 -2.13914 -0.05944
0.42471 -0.97906 1.29867 0.82554 -1.07793
0.39821 0.54709 0.23801 -0.09816 1.54654
-1.01739 -0.18101 0.79367 0.21787 -0.50556
-1.06407 -1.4924 -2.73316 0.29712 -1.84039
-0.33972 -0.29569 -1.61329 -1.63044 -0.88206
-0.45848 -0.33762 0.4366 1.12072 -1.56094
-0.12921 -0.82573 -0.61933 -1.96442 -0.65303
-3.15765 0.29648 -1.43923 0.74575 -0.55017
-1.22415 0.71283 -0.67388 0.76215 -0.98888
-2.79066 1.2636 -1.78777 -1.01451 -1.18892
-0.78491 0.67973 -0.3501 1.17596 -0.3989
0.24426 0.87499 0.25054 0.70365 0.29113
0.4206 -1.05372 1.69042 0.63815 0.81745
1.21079 0.30743 1.2179 -0.41853 1.53272
-2.32065 -0.44778 0.52734 0.4776 -0.02993
-1.299 0.75148 -0.22422 2.5596 -0.57809
0.67154 1.5717 -0.51902 0.65259 0.52213
-0.54711 1.39566 -1.22223 1.5746 0.6768
-0.14193 2.02944 -1.08815 0.02013 0.4974
0.15239 -0.02571 1.1186 1.9337 1.19528
0.72426 0.36068 -0.01614 2.50268 -0.73839
-2.09019 0.57243 -0.97665 0.81041 -1.561
1.26604 -0.72001 0.5729 -0.65588 1.17534
0.69548 -1.08547 0.73749 1.75624 1.04153
-1.50242 -0.33489 0.20164 -0.14537 0.62888
-0.37906 -0.59202 -1.07188 -0.22397 0.72406
-0.51044 0.37206 -0.0916 -0.09124 0.48542
-1.04733 0.30975 -1.09969 -0.72968 0.40822
1.54794 0.44167 -1.60319 -1.30084 -0.64327
0.28766 -1.14915 -0.49165 1.00613 -0.30739
-0.18647 -1.32847 -1.11109 0.80983 0.69642
0.24358 -0.92619 -0.06655 1.03194 0.62018
-0.29724 -1.75661 -0.84398 0.38256 2.782
-0.8269 -0.91355 0.72138 0.21478 1.12642
-1.9603 0.17667 -0.50509 0.88014 -1.6537
-2.07816 0.78939 -0.50062 -0.60156 -0.20191
-0.86968 -0.26804 -0.55073 0.11928 0.20548
0.23972 -0.6508 -0.08462 -2.81947 0.38498
0.11303 1.31368 0.06803 -1.19166 0.40789
-0.81568 -0.26696 0.05925 -2.07989 -0.21249
-0.00978 -0.71912 0.08902 -0.11387 0.36367
-1.81884 -0.26688 0.17498 -0.26488 0.50184
-0.75815 -0.02659 0.94004 -0.5566 1.40384
0.37661 0.05202 -1.03126 -2.59197 0.57784
