4.02224 2.36603 0.01784 0.95623 5.63759
3.04489 0.98607 -0.57372 1.23486 5.2968
1.40814 0.95995 1.26484 0.51206 6.78525
1.17998 1.86697 -0.52068 -1.26419 6.41886
-0.1436 2.11534 -0.0962 -0.72858 4.84404
2.19809 1.35199 0.51528 1.03328 4.69808
1.83323 1.4659 -0.21874 -2.33501 4.05279
1.56248 0.93212 0.78489 -1.86374 3.54395
1.61475 0.42865 0.73049 -1.14342 4.59386
-0.53856 -0.37584 1.77339 -0.35894 4.60858
-0.89741 0.95365 0.0066 -0.91492 4.86335
-1.58537 0.62068 -1.22289 1.5557 7.47578
-0.13601 2.31747 1.28049 -0.58102 8.50587
2.35146 4.88997 -0.41045 0.2702 8.40784
4.44965 4.28181 -2.59031 0.87574 9.35174
2.24102 3.63015 0.01783 0.7969 10.77506
4.46163 2.48635 -0.21672 0.32979 11.43066
5.13737 2.77139 1.78721 -0.09886 11.05962
5.34273 1.23529 0.93417 -0.81567 9.80079
5.89056 1.10347 0.3606 -1.50719 10.2316
7.51388 0.98843 0.8499 1.45072 9.1482
6.10521 1.43116 1.18277 0.088 10.35218
5.29608 2.3558 1.30767 -0.69559 9.55107
6.0147 2.23176 1.19448 0.22067 9.19346
5.29636 3.62634 0.41517 -0.83577 10.37304
6.18259 4.18863 0.57208 0.48789 11.37953
5.31122 4.75194 -1.27842 0.07747 11.35295
5.14707 3.55358 -0.23957 0.4983 10.16899
4.14424 2.86509 0.00574 -0.74491 12.77302
3.97572 1.72524 0.44539 0.95502 12.2712
5.00885 1.47092 1.31207 -1.73223 12.3586
5.22306 1.08077 0.55741 -0.54818 11.0494
6.66083 -0.135 -0.13926 -0.99562 10.2128
8.00082 0.56923 2.08867 -0.50579 10.71635
7.63946 0.91697 1.05249 -1.05431 8.40859
4.84439 1.18075 -0.09723 -0.24373 9.07187
6.49831 0.74239 -0.22221 -0.35155 8.64515
5.69509 -0.01627 -0.33419 -0.21262 8.56556
4.85086 -0.10065 1.13933 0.74327 9.12302
2.33403 -1.06871 2.71328 -1.56672 8.56828
3.58102 -0.86194 2.0642 -2.89187 8.60928
4.09948 -1.04208 0.26812 1.3767 8.3049
5.57744 -0.1426 -1.70379 -1.77526 7.97322
5.59029 0.12801 0.29717 1.1662 8.84105
5.73952 1.64761 -0.71343 -1.61807 8.84638
4.03406 3.303 0.78713 0.71465 9.72773
4.10419 2.31174 -0.74504 -0.69209 10.31101
3.49029 0.63773 -0.12089 0.50863 10.95214
4.59411 0.75079 -2.22751 -0.52934 12.14115
3.23639 0.45193 -0.88988 0.6322 10.89076
3.47212 1.34572 0.33317 0.23776 9.09469
3.64411 -0.47773 0.69951 1.72376 8.87189
3.85329 -0.80737 0.17074 1.73596 7.64392
4.54656 -0.2412 0.5033 0.68655 7.58632
2.97578 -1.26727 -0.0278 -0.30481 6.89667
4.84817 -2.19132 -0.80465 1.20029 5.65216
2.46693 -2.17613 -1.27854 1.78239 5.80179
3.11265 -3.8162 -2.16018 1.38804 9.04848
4.09864 -2.08254 -3.03725 0.52429 10.28403
3.54349 -0.34441 -0.88422 0.05266 10.85328
3.93293 -0.26589 0.18097 1.13583 11.40307
4.43205 0.32584 -0.00975 -1.08227 10.13536
5.5336 -0.05319 0.94649 1.12446 9.48753
3.87098 -0.55444 1.29064 -0.47338 8.55984
4.70038 0.53607 0.61548 -0.2053 5.80414
3.85539 2.72461 3.08476 0.46847 6.55868
4.22036 2.17796 2.50315 0.57029 5.48503
4.68327 2.33933 0.17827 -0.83746 7.25171
4.32967 1.84678 -0.66359 -0.01334 9.5688
4.66504 0.21016 -0.52837 0.70301 10.15522
4.84776 0.39438 0.13783 -0.79223 8.85477
6.19865 -1.6497 1.06664 0.06132 7.37592
4.14731 -1.62713 0.23974 0.06277 6.29648
3.91932 -1.37383 -0.01165 -0.29385 7.80759
3.34799 -2.13679 -0.20331 0.2777 5.9827
2.09625 -1.73817 0.68957 1.21236 6.13976
1.77507 -0.97509 2.04265 -0.97709 6.16348
1.36214 0.17746 0.42912 0.28732 6.30842
1.42888 0.17581 -1.32266 1.2422 5.70441
3.71042 0.89507 0.88787 1.14852 4.55764
4.26443 1.15328 -0.16356 0.09062 4.1127
2.49299 1.9832 -0.04698 -0.22588 5.88637
2.5802 2.65809 0.46169 -1.37814 6.39318
0.70847 1.80798 0.40813 1.25068 8.06709
0.45454 2.14395 0.53288 -0.0699 9.23759
0.87108 0.60824 0.59743 0.66236 8.75297
1.95572 2.50409 0.42562 0.39854 10.28581
2.67861 1.62395 1.51506 2.78066 10.33792
3.03945 0.61468 0.42432 1.11535 12.53175
3.59772 0.26662 0.60828 2.06377 12.51899
6.37902 -0.10498 -0.35077 0.34203 14.31372
6.54474 0.2077 -0.00832 0.53386 13.41355
9.35008 2.18609 0.51474 1.22287 14.68765
8.05217 0.38477 0.95649 -0.60756 13.87832
8.60735 -1.30454 -1.70903 -0.24232 14.39941
8.21721 -0.90175 -0.21551 -0.40006 13.28852
7.3218 0.41846 -0.14331 1.21721 12.36331
6.62346 1.7631 -0.67464 0.69983 10.12145
5.75263 1.19795 -1.93027 0.39869 9.03799
4.86516 1.2313 -0.8819 -0.03597 9.14616
3.63103 1.87495 1.02684 -1.91073 9.09058
4.22394 0.946 0.10799 1.7464 10.18202
3.26719 2.47469 1.56099 -0.74857 10.04103
3.79434 0.64095 1.30086 1.21844 12.12861
4.96881 -0.69951 0.53762 0.58864 11.33474
4.88679 -2.48139 1.25122 -0.91798 11.91753
5.00954 -1.02776 0.16667 1.13814 11.10767
5.83137 -0.28303 0.50991 -1.02499 11.58537
5.55861 0.48251 0.71488 0.18185 12.16334
5.545 -2.28792 1.81246 0.09403 11.82878
6.10011 -2.19499 1.60936 0.03655 10.81244
5.95951 -1.30324 1.53164 -0.33368 13.73489
4.65024 -1.18812 -1.13097 0.18918 14.8961
3.86346 -3.58299 -0.01468 1.12954 13.48095
6.82201 -3.16586 -0.50074 1.21283 13.19493
6.4782 -3.93774 -1.33478 1.63325 14.061
6.04798 -3.34199 -0.28898 0.22869 13.57702
6.84346 -2.00169 0.3648 -0.6983 14.5671
9.03454 -0.25177 -0.87595 -0.13878 16.1742
8.86577 0.2369 -0.82971 0.48516 15.38028
7.88323 -0.70403 -0.40375 1.19101 15.97619
7.29926 -0.40549 0.38236 0.06643 16.18579
8.29728 -1.55916 0.09816 -0.53318 15.48281
7.1989 -3.10461 -0.20555 -0.43126 12.97293
8.40495 -3.35006 -0.26238 -0.02541 12.68323
7.77036 -1.83585 1.96354 0.63774 12.11775
9.01176 0.04808 0.8429 -1.78154 11.94594
7.46084 0.17638 -1.11664 -1.15963 12.72207
5.96198 1.61063 -0.04085 1.88617 9.23626
6.48665 0.25579 -0.89564 -0.10015 8.25213
5.12806 0.68887 -0.43033 -0.26231 7.39966
5.60624 0.11969 -0.86234 -1.77226 6.31528
3.90297 0.4155 -0.85357 -0.02762 6.48067
4.20045 -0.20637 -0.94523 -0.75813 8.03942
3.79705 -0.09479 0.78504 -0.77222 8.32947
5.79132 0.47314 -0.09302 2.40245 7.77451
4.93411 0.36978 0.82716 1.21075 7.34048
3.66523 -1.05919 -0.75058 1.90132 7.58728
3.6939 0.60048 1.35965 1.20132 6.61997
3.88007 0.79346 -0.03479 0.82481 6.99857
3.47419 -0.34718 -0.68254 0.44923 7.78835
1.86479 -0.52225 -0.9532 -1.45289 6.71731
2.34206 0.4765 -1.60915 2.66346 6.0084
3.81603 -0.27441 -2.62756 1.11674 6.97869
3.41277 0.07466 -2.63018 -0.23928 5.8236
4.51765 1.28427 -1.60861 0.86103 6.28486
6.14145 -0.98477 -0.58691 -1.19119 6.25417
4.52265 -0.27127 1.24878 0.08136 8.25256
4.35898 -0.59572 0.37659 -0.75349 8.31501
3.01729 0.80274 -0.68534 1.05221 8.32721
3.03618 -0.48194 -1.57735 0.50965 7.24425
2.78885 0.49257 -0.65655 0.74711 6.12871
2.75927 -0.88887 -0.51263 -0.0732 6.34244
3.95232 -3.06403 -0.89471 0.17676 5.32372
3.21365 -2.29329 -0.04824 -2.07299 4.20816
3.62505 -2.93523 0.04065 -1.65539 4.43568
4.4254 -4.68315 1.26045 1.92323 5.68518
3.10198 -4.63517 0.72584 -0.90564 6.67186
4.60414 -3.93842 0.20623 0.35074 8.10549
4.96915 -3.24532 0.24156 -1.92846 9.97408
3.35366 -4.24965 -0.22279 -0.16201 10.93021
4.66417 -5.19856 -0.97101 1.07164 10.63595
5.55416 -3.93148 -0.76298 0.24889 10.98719
7.29907 -2.84853 0.66959 0.22506 13.18115
6.22004 -2.71565 -0.65843 -1.67175 14.4576
5.35433 -2.42047 -1.03539 -0.15965 14.66163
7.63958 -1.8487 -0.30984 0.56696 14.54472
6.97943 -0.39151 -0.56993 0.64671 12.53105
6.72226 0.07037 -1.54541 0.73874 12.65898
6.85737 1.25562 -2.47144 -0.79714 12.7539
7.11788 2.90355 -2.06162 0.01758 11.54261
7.30889 1.35523 -0.46817 1.2781 10.57406
6.5867 0.71323 -1.75819 -0.74035 10.22624
6.86321 0.86367 -2.67384 0.82627 10.80926
6.1513 -0.13123 -0.86152 -1.1082 11.84888
5.8652 -1.16603 -0.62058 0.39616 11.20458
7.03903 -0.53506 0.96421 0.79314 10.28433
5.90602 -0.87857 0.86156 0.29513 9.85531
4.28454 -0.39389 -0.26913 -1.47803 10.38065
5.6326 0.74884 -0.90583 -0.03372 11.27881
5.76663 1.99693 -0.52297 -0.21858 10.54339
6.04375 2.67109 -1.14697 0.39399 8.64708
6.32702 0.92702 -0.21179 0.03359 7.28974
6.11159 1.73439 -0.33119 -0.55687 8.89663
4.12962 0.7632 2.43222 1.18003 8.49598
4.3434 0.78455 -0.32096 -0.45919 7.74889
5.25263 -0.31674 0.38797 0.4431 9.15333
3.67744 -0.93314 -1.25796 0.89172 8.50498
3.0283 -1.84503 0.003 -0.82536 9.11339
2.84487 -1.20785 -0.28461 0.58277 7.49558
3.97277 -1.2353 -1.87156 1.3879 6.57099
4.03573 -0.56971 -0.36756 0.13671 5.22412
4.18631 -0.33418 -0.0476 0.10356 4.62614
3.83134 -0.83475 -0.15603 -0.35944 3.60434
4.34145 -1.70736 0.05356 3.00945 3.4346
4.30066 -3.02523 2.046 -1.20163 4.08951
4.68183 -2.56088 -0.01113 0.29833 4.25234
3.07211 -1.21002 -0.72776 -1.15667 5.35864
2.18773 0.22639 -0.03924 0.19562 4.99925
3.61363 0.46563 0.08968 0.09085 4.8454
3.65695 -0.06371 0.21993 0.52723 3.57815
4.71287 -0.32586 -1.69761 -0.07479 1.94103
2.50728 -0.00226 -0.75883 -0.41183 0.60562
2.65824 0.71315 1.05777 -0.46012 0.44824
2.7373 -0.26078 -0.2915 -0.34304 0.37101
0.26181 -1.16153 -0.34893 0.8703 1.40007
2.1587 -2.01679 0.40318 0.62455 1.26977
2.82916 -2.22412 0.10455 -0.97739 1.81611
1.65998 -3.64566 0.6687 3.28105 2.43251
3.32143 -3.0535 1.74168 -0.68479 1.38245
3.84922 -1.88918 1.38527 -0.38579 2.65464
3.06711 -0.51047 0.28323 0.39638 4.85158
3.22599 -1.59143 -0.88878 1.05873 5.15227
2.49781 -3.64366 -1.2607 -0.5514 5.78528
1.94929 -1.27872 1.17635 -0.73229 5.19361
3.74446 0.19731 0.13855 -0.14049 5.75824
3.67755 0.30715 1.12073 -0.27919 4.23543
3.83068 -0.31829 0.24679 0.13171 4.03904
2.62177 0.47561 -0.21782 1.10521 2.8856
1.85135 -0.30871 -0.96356 0.13357 3.27433
1.9599 0.20413 -0.01524 -0.38648 2.97325
-0.41175 -0.12332 -0.26175 0.62794 2.66594
-0.44164 -0.24181 0.60901 -1.46895 4.61061
0.37408 0.73812 2.30234 -1.87756 4.12347
1.78572 1.11737 2.52462 0.79839 3.98688
0.60642 2.15495 0.62461 -0.48612 4.17847
0.32362 3.34863 0.20827 -0.64335 3.92584
-0.1906 3.00999 0.36716 -0.16315 3.33217
0.0456 3.60449 0.6036 0.64124 3.99185
0.99345 2.85905 -0.71092 2.0236 5.46162
0.59027 3.56396 0.10175 -1.95323 6.52227
0.89995 3.97091 -0.34993 0.24704 8.29116
1.28135 3.13653 0.07466 -0.04242 9.04058
3.37438 2.44683 0.89379 0.58511 11.31569
3.35725 2.60215 0.90566 -0.37882 10.1709
4.92851 3.66511 0.2427 0.303 12.2492
5.24734 2.42894 -1.45481 1.11017 13.06326
4.96078 2.60474 -0.46932 0.72568 12.65115
6.77335 1.16149 0.3396 -0.43882 12.8995
6.65718 1.1336 -1.36208 1.84901 11.85191
6.56537 0.20808 -0.45526 0.86184 11.55686
6.57477 0.8806 -1.45906 -0.50017 11.10508
6.80187 1.10768 0.7041 0.20207 12.6208
7.03618 0.45933 1.36654 0.52725 12.7355
6.80182 2.44853 -1.45143 0.42234 13.698
7.29905 3.30806 -0.98313 -0.65244 13.75804
6.09544 0.29656 -3.21595 0.81306 13.17758
6.57971 -0.99993 -2.45916 0.07801 14.40716
4.1054 -1.4338 -1.38943 0.33537 12.98184
5.37321 -1.01132 -0.3957 -1.14209 14.2181
4.98398 -1.27086 -1.02455 1.99824 13.97451
7.98084 -1.32733 -4.41977 -1.20528 13.68708
9.16647 -1.66297 -1.05334 0.87706 14.19103
7.87486 -0.62621 -0.88682 -0.79698 15.71988
6.93672 -0.97642 -0.18677 -1.26906 12.82436
9.28958 1.1545 -1.17828 0.74801 10.60357
7.22956 -0.34788 -0.77941 1.48993 9.89389
6.96882 -0.4917 -0.56244 1.18738 8.94831
6.27546 0.50246 -0.84596 0.38741 9.00109
5.29512 -0.20758 -0.75475 1.66695 7.01849
6.6309 -0.5213 -0.38031 -0.22641 7.66851
4.94749 1.1097 -1.56307 2.08099 8.30329
3.94357 2.73421 -0.46804 -1.29054 9.14508
5.86774 2.22119 0.52525 0.42435 8.82272
5.90596 2.29814 -1.15529 -0.02939 8.32581
5.93096 3.1978 -0.32909 0.07024 7.72952
5.58742 1.73861 0.21673 1.08021 7.41884
5.30701 2.13129 -1.23416 0.47909 10.49268
3.95065 4.55633 0.71325 0.32226 9.48458
4.33255 3.20967 0.05791 -0.10921 9.98048
4.79846 2.71779 1.68887 -0.34985 10.27186
6.83932 3.04056 -0.49215 -0.25757 12.17568
6.20718 2.83908 0.23174 0.778 12.45042
6.50735 2.00127 0.22385 -0.19818 11.1655
6.2217 2.89002 0.34074 0.20978 11.02309
7.79633 2.54437 2.36582 0.41879 9.82413
7.11224 2.55283 1.82382 -1.2394 8.36394
6.87514 3.1327 0.41403 -1.27439 11.49367
7.06317 3.09614 -0.39577 -1.16998 10.5836
6.49933 2.76165 0.90042 0.77156 10.70435
6.69095 1.4013 -0.0551 -0.26103 10.55562
6.299 0.9389 0.71984 0.65513 10.57214
5.72863 3.17927 -0.96233 0.19221 8.70817
7.93992 2.43646 1.38156 0.77775 9.71032
5.9362 1.5984 1.48557 0.87582 10.75217
5.25616 0.75519 0.67838 -2.82762 9.80164
4.38547 0.6562 0.87856 -1.0318 8.69172
7.43604 2.41774 0.14735 -0.1296 6.1161
4.76874 0.9108 2.09729 -1.04556 6.98902
3.70442 1.13351 3.16801 -0.35382 6.98375
2.13012 1.25347 2.18148 -0.38799 7.13274
1.71516 1.26301 1.9181 0.10789 9.39016
2.51048 -0.24698 1.01059 -2.8471 7.96272
3.86289 0.92672 0.39765 -1.02841 7.42488
2.17688 0.81631 0.08102 0.73089 6.68792
0.73797 0.52506 2.23567 -0.02327 5.74856
4.00156 -0.99089 1.76282 1.08369 4.69077
3.33919 -1.70024 0.35184 -1.56937 5.18434
2.69053 -1.31234 -0.08524 -0.22738 5.72593
5.27749 0.39954 1.48501 -1.32307 4.8405
