-0.55183 0.51502 2.88632 -0.91661 -1.87443
0.36713 0.3598 2.03227 -2.52474 -3.71867
0.34535 0.21408 2.91559 -2.22246 -4.04084
0.5127 0.43136 3.75204 -2.71063 -4.7482
-1.4891 0.13277 3.17039 -2.31075 -3.67162
-2.96375 0.60803 1.53042 -1.85858 -3.53428
-3.2401 1.88215 1.18022 -1.88786 -3.22169
-0.90601 0.31796 1.27306 -0.67376 -6.2871
-2.29035 0.37236 -0.67021 0.32671 -4.84168
-2.24906 -0.06333 0.76818 1.7817 -3.53936
-2.13183 1.21478 -0.6498 1.38944 -4.59227
-2.88932 -0.97008 -0.80054 0.67201 -3.81457
-2.33548 1.43276 1.06293 2.01418 -4.00093
-2.38074 -0.71485 -0.64058 1.07363 -2.31505
-2.8523 1.30635 0.02818 -0.52331 -0.21033
-2.15304 1.3488 0.8111 -0.66052 0.10632
-2.861 1.81603 0.60712 -0.55853 0.49486
-2.6809 0.82765 0.58754 1.66916 1.83587
-4.15879 1.11172 1.27326 2.27346 1.59579
-2.04098 -0.38253 0.93917 2.46765 0.00875
-1.22681 0.06019 2.9885 3.95453 -1.15324
-0.60676 -0.96503 3.66515 2.55187 0.69739
0.22518 1.20201 1.84198 1.97317 -0.14246
1.1059 -0.60206 0.71643 2.26213 -0.09266
1.40091 1.2905 -0.43568 0.48801 0.0712
2.07152 -0.29219 0.65145 -0.94668 -0.76752
-0.76957 1.26803 -0.58199 -0.39252 -0.66891
1.08582 2.1534 -0.27272 -0.2269 0.81337
-0.57365 -0.46824 -1.83375 -0.4819 2.1393
-0.00666 -1.18215 0.46935 -0.77295 0.61489
1.70861 -1.53165 0.13727 2.54773 0.65284
2.97373 -0.4396 -0.46731 1.89306 1.03171
3.94023 0.55695 0.53369 2.41332 -0.55067
3.03084 -0.5877 1.55255 3.93779 -1.52347
2.13193 -0.79418 2.94677 2.87083 -3.03793
1.87924 -0.568 2.82502 3.24504 -2.63026
1.31185 -0.80174 1.92665 2.65876 -1.69644
0.9766 1.1482 1.70597 2.10156 -1.81644
1.29018 0.91597 2.97973 0.84538 -2.3991
0.60553 0.15854 2.91301 1.66025 -4.27162
1.1907 -0.05869 0.2613 2.52848 -4.32647
-0.88672 1.07046 0.75889 1.75563 -1.20172
0.63213 0.13268 0.30194 2.45323 -1.90913
-0.64499 0.88477 0.81418 1.70063 -0.84178
-1.47538 1.09964 1.75136 0.93229 -0.49757
-1.51482 -0.78995 1.13719 1.91576 -1.00861
0.96195 0.30057 1.68738 -0.57104 -2.47821
0.16148 1.5439 0.184 -0.35275 -2.21517
-1.41162 1.20787 1.43417 -1.01301 -0.01864
-1.21127 0.86624 -0.64454 0.34663 1.78006
-1.9186 0.42408 -0.60306 -0.75422 1.62276
-0.83671 0.03077 0.89528 -0.78649 2.05361
-0.21312 -0.02868 -0.4235 -2.28949 2.55888
1.80246 -1.28567 -0.09724 -2.68924 1.11232
3.12033 0.47809 3.01666 -1.95004 2.26174
1.33556 0.96535 2.80876 -1.93963 2.40829
0.07585 0.69048 1.93602 -0.73783 1.22327
2.86871 -0.88656 -0.17337 1.08018 0.23133
1.83364 1.82496 -0.13936 -0.13695 -1.07343
1.74826 -0.33268 0.12546 1.79248 -1.12942
1.79513 -0.46082 0.22555 0.92987 -1.37554
2.88276 -0.39422 1.39943 1.88293 0.01731
0.71238 1.3169 2.46523 1.26286 0.16829
-0.97196 0.41867 -0.57062 -0.1116 -0.4449
0.49798 1.26711 0.54156 0.83677 -0.38176
2.49884 -0.15821 0.31266 2.10932 -0.729
0.43325 -1.28656 2.66107 1.54491 0.19326
0.4262 0.62475 2.00461 -0.10887 0.29583
0.35559 0.93136 0.16419 0.81627 0.71447
-0.71433 -0.72068 0.63138 1.8976 1.60878
2.84555 -0.23387 -1.46787 0.50388 2.51514
1.38558 1.84094 -1.12206 0.41704 1.64924
1.83732 -0.28959 -1.04261 0.7532 0.43993
2.20855 0.85298 1.09999 0.68635 1.12059
-0.3133 0.61471 0.77996 -0.88237 0.40898
1.42658 1.85263 -1.11235 -1.23024 0.09113
0.37496 -1.18727 -0.32194 -0.05722 -0.93114
1.10062 2.01954 1.03627 0.49126 -0.0498
0.7519 0.51042 0.09086 0.93064 -0.16794
0.86927 -1.06554 -0.31474 0.72997 -0.6173
0.85123 0.23308 0.18992 0.10869 -1.55886
1.3384 0.55833 -0.28058 -0.40588 -0.83169
1.88086 -1.303 0.35671 0.53648 1.89785
-0.26323 -0.81261 0.87775 2.52201 3.55615
0.59129 0.24564 0.58909 2.68993 2.46595
0.91979 2.11357 0.86695 3.01587 3.30978
-0.26449 -1.91084 1.75301 2.66025 1.04416
0.95745 1.12259 0.42424 2.82071 2.19622
1.14356 -0.02433 1.88628 2.46079 2.61198
1.14539 1.96126 1.02066 1.53337 3.50044
2.68532 -1.01906 0.12209 2.06016 2.60036
2.80245 0.18693 1.01362 1.74031 1.86008
3.59354 -0.33913 0.62546 0.74685 1.22493
3.17461 -0.8967 -0.30622 0.36181 0.26988
3.86291 0.78803 -1.22037 1.82422 0.73714
1.72407 -1.33061 0.60027 1.45975 1.16326
-0.62349 -0.53284 0.64775 1.31507 1.4773
0.10018 -2.42877 1.59516 1.37291 3.94829
-0.81184 -0.13493 0.01452 1.45624 3.66776
0.66664 -0.35448 -0.11318 2.04511 2.66648
0.50449 -0.92154 1.99714 1.50647 1.27871
0.2344 -0.30177 1.3026 1.8462 0.94492
0.29863 -0.94776 1.67879 0.93875 3.19497
0.96081 -1.0126 -0.05226 0.94147 0.82007
-0.40526 0.35729 -0.69426 1.24936 0.04269
-0.94704 -0.71992 1.48633 -0.20097 -0.82792
1.28284 -0.31414 0.63014 1.51034 -2.23621
-0.45017 1.10597 1.1587 1.4386 -2.78367
1.12145 2.35381 0.49408 2.22722 -1.71335
0.62047 0.30849 0.73373 2.93475 -1.3326
-0.1104 2.1232 0.56498 2.13472 -0.29446
-0.62878 0.40909 2.10967 1.18601 0.38842
-2.0469 1.01603 1.99781 1.5269 -0.81552
-2.37424 0.78681 1.62893 1.8495 0.53163
0.50585 0.76756 0.84002 1.74212 1.1524
1.22105 1.31277 -0.12603 2.50965 1.22968
0.79394 -0.71301 1.27664 2.67951 1.44164
0.49923 -1.12522 1.58558 2.82191 1.51556
-0.65968 1.89446 1.81287 1.92456 2.32643
-0.15413 -0.5826 3.27329 3.95806 2.0536
1.24391 0.0085 2.20804 2.92809 1.23515
1.33078 2.1386 1.79499 2.06803 3.71324
-0.26358 1.11277 0.61543 2.79034 4.34924
-1.7811 -0.08017 0.17369 2.73017 3.76308
-0.96507 1.38983 0.99028 2.6055 3.48917
-1.34938 0.136 1.86641 5.20943 3.80294
-1.3984 0.75194 2.19748 3.80366 3.19625
-0.47967 0.24096 4.01064 2.43068 3.1411
0.16096 -0.5274 3.80726 1.84055 4.08904
1.02883 -0.74713 1.39638 3.80633 3.41285
0.10289 2.93273 3.28751 3.13445 4.78794
0.79072 1.40046 4.90739 4.18996 4.94329
-0.48247 1.01921 3.41987 5.26764 4.98397
0.00205 0.68344 4.02872 6.11233 4.36468
1.13084 1.80549 4.2893 5.54111 3.29904
2.35085 0.01112 1.88114 6.88697 3.40068
1.50482 -0.01766 1.03421 6.38041 2.46207
2.07609 2.77937 2.06349 5.9569 3.93853
3.37991 1.22302 -0.10004 6.99685 4.8199
2.68961 0.31026 1.23359 4.45037 5.82863
2.44149 -1.27965 2.17484 6.06045 4.98708
2.25096 -2.01705 1.53233 3.09354 5.9518
2.61515 -0.79628 1.77118 2.88542 7.67534
1.14777 0.90044 1.66182 2.32893 6.58215
2.6061 1.06423 0.94843 2.48861 6.31836
4.22023 0.96245 1.6411 2.10289 6.24926
4.96081 -1.10855 1.16122 0.56191 6.82236
5.18202 0.64811 0.06208 1.33588 5.13498
5.51636 0.37485 2.27015 1.86989 3.25233
5.25739 -0.2956 1.66891 2.44468 5.10714
4.38077 1.40112 1.57657 0.82889 2.9966
4.1507 -0.18722 2.34278 1.01783 3.95018
4.55998 0.41327 0.50672 0.09045 2.98549
3.28171 -0.35998 1.15026 -1.9384 2.55935
2.5348 -0.04147 -0.24408 -2.63769 3.50323
2.04652 -0.55574 0.77892 -1.90436 2.88032
2.42246 0.71815 1.03074 -1.37202 2.99808
3.25257 -0.79772 2.1109 -0.66084 1.27087
2.46928 -0.5492 0.94517 0.60385 -0.48687
3.2804 0.23293 0.82942 0.79939 -0.71097
1.69277 -0.17704 -0.24485 -0.07268 -0.22294
0.632 0.05089 -0.36773 0.77584 0.3617
1.24233 -0.90145 -0.85185 0.46134 1.18877
1.14623 0.97771 -0.33158 -1.32574 -0.00547
-0.39024 0.04328 -0.84186 -1.86036 1.27667
0.33594 0.11697 0.49558 -2.28085 2.02438
1.52112 0.03959 0.21453 -2.3077 2.80757
1.35508 -0.92127 -0.65463 -1.88618 2.00346
-0.52512 1.77494 -0.05819 -0.79316 1.33718
-0.38908 -0.07288 0.20235 0.4597 1.1806
0.77856 0.90209 -1.13737 0.85358 1.16095
0.59301 0.72043 -0.01917 0.22508 -0.41213
1.24911 0.50888 -0.38637 1.27975 -1.15016
0.58218 0.77642 0.23755 1.17774 -0.09394
-0.03354 1.10062 0.18576 1.05434 1.7016
-0.52579 -0.62507 -0.31757 0.38086 4.13456
-0.18268 1.63174 0.56687 1.44482 3.73119
1.30005 1.87719 -0.56115 2.24813 5.68521
1.21764 -1.22618 0.76241 2.45427 3.42427
1.08322 1.11544 0.90246 3.13538 2.80155
1.131 -1.29248 1.34907 2.78787 0.56966
1.90055 -0.30712 1.87062 2.79866 -1.45745
2.72043 -0.29157 0.85426 1.97499 1.10425
0.10783 -0.48281 0.49209 2.87611 1.57229
-0.12447 -0.39128 2.71412 4.8465 1.29278
-0.30073 -0.30991 1.0789 3.46153 3.1349
1.67331 -1.84654 1.2387 2.09776 4.25131
1.05622 1.06705 1.66175 3.87546 3.09463
0.1143 -0.29847 -0.05946 2.3261 3.1921
0.25178 -0.00778 0.5802 1.59512 5.27435
-0.07023 0.59188 0.19873 0.22892 5.239
1.16518 0.98303 1.15182 -0.64846 3.09499
-1.00146 0.55299 0.47014 -0.79338 2.33087
-0.72121 0.49333 1.26494 -0.82397 0.84604
-0.67995 1.64582 0.83124 -1.16855 0.28243
1.57474 -0.31611 1.85713 -0.58169 0.42922
2.89589 -0.3682 0.35018 -0.61464 -1.5934
0.41662 0.45961 0.484 -0.27217 -1.87085
-0.34146 -1.19382 1.1204 -2.27213 -0.79724
1.6021 -1.79589 0.64446 -1.91262 -0.86761
0.6235 -0.85616 -0.27284 -2.1854 -0.84528
0.38202 -0.01529 1.12554 0.37487 -0.94704
0.44463 -0.1242 0.70713 1.85023 -1.92437
1.50977 -1.26022 1.85672 2.02834 -3.91311
0.07846 -0.91472 1.61339 2.83074 -2.88254
0.21071 -0.05474 0.34604 2.94996 -1.61719
-0.46782 -1.40635 1.69078 3.93449 -1.9496
0.29927 -1.57867 1.5375 4.50451 -1.773
-0.11644 0.05709 2.62578 3.79367 0.00636
0.85284 1.54922 3.75308 2.78655 1.6499
1.40408 2.42034 1.26848 3.55416 3.85187
0.75984 1.74687 2.49791 5.35887 4.70891
-0.05565 -0.28858 2.28795 5.11667 4.32831
-0.25671 2.39547 0.24544 2.78569 4.3732
0.20628 -0.22664 0.89822 3.99632 4.79705
1.43223 -0.01118 3.94126 2.07595 3.61166
2.17097 0.83873 0.89217 3.70172 1.9632
1.64937 1.11596 1.06191 3.84119 1.89469
2.30055 -0.92396 0.67176 4.32712 1.03164
0.55085 -0.59179 1.91481 3.49095 1.86819
1.33495 2.019 2.48375 1.80502 1.63492
0.96593 0.02935 1.29714 2.94116 2.87508
1.4005 -0.39897 0.16672 4.16005 3.7917
0.50577 -0.32247 1.52948 1.77684 5.36482
0.35005 1.10022 2.60047 2.14371 4.83864
0.98647 -0.05914 1.80815 3.7718 4.30372
2.9372 -0.66073 2.54853 3.05642 4.8171
2.32698 0.32714 3.35794 4.00366 3.39445
2.30074 0.08418 2.83834 2.80549 2.27826
0.24999 0.35755 3.08183 1.24151 0.05662
1.47864 0.76193 1.50074 2.39676 -0.24883
2.09352 -1.2356 1.35533 2.10376 -0.90711
0.69577 0.83901 2.27643 0.82878 0.7283
-1.23723 0.91584 0.08854 -0.19172 1.32804
-1.97074 -0.65863 -0.25386 -1.87564 1.31232
0.25271 1.5945 1.07554 -2.7272 2.76662
-0.36019 -0.32555 0.10909 -1.32816 2.32562
0.80333 0.41191 0.46166 -0.50431 1.77479
0.81268 -0.47488 0.36408 0.05693 1.95313
1.31912 -1.32218 0.56781 0.52892 1.57191
0.16525 0.43047 1.29067 -0.4308 2.67005
0.52466 0.1747 -1.01858 -1.53907 1.801
0.02596 -0.80802 0.01149 -1.60918 1.70162
0.33519 0.38997 -0.96753 -1.89729 0.31227
0.88268 0.29749 -0.28563 -0.02797 1.55613
-0.061 0.05902 0.48959 -0.94306 0.98344
-0.17805 0.73512 0.49601 -1.04918 -0.62619
2.41941 2.09462 -1.50098 -2.10861 -0.79536
0.94487 -0.24578 0.14626 -0.80992 -1.03579
-0.02903 2.10541 0.87316 0.52211 -1.05234
-0.20592 -1.94105 0.35166 1.26866 -1.82152
0.17708 0.57747 2.03121 1.13245 -4.17884
-0.13407 -0.39412 1.2354 2.5597 -2.67766
-0.41171 0.81967 0.24204 2.67195 -2.00167
-0.67999 0.88706 0.33219 3.35136 -2.27328
-1.91162 1.2698 2.74666 4.05306 -1.05433
-1.14892 2.03806 3.6351 2.551 -0.84179
-3.92857 -0.11204 3.4999 1.81028 -1.07966
-2.63716 -0.04544 1.51601 1.62821 0.6727
-1.62815 0.52346 0.74883 1.37031 2.49709
-1.84698 -0.9752 -0.33215 0.58109 2.82787
-1.73178 0.72061 -0.855 2.02044 3.54413
-1.30709 2.53611 0.6608 2.38801 2.78446
1.05649 1.39442 1.47423 0.88826 1.72508
1.71907 0.13202 -1.11267 0.47474 2.17228
0.57697 -0.61707 -1.32305 0.52042 1.13056
3.32826 0.97976 -1.36806 1.4661 -1.37839
1.40306 -0.30956 -0.26888 1.13251 0.99942
1.77467 1.22663 0.38215 2.28841 -0.38014
3.50217 -0.27808 0.11586 3.1803 -1.77309
4.14641 -0.39047 0.2293 4.37822 -1.6091
2.43556 0.38325 1.896 5.48445 -2.37681
0.7051 1.71239 1.48429 4.91253 -3.12729
1.01874 0.36525 1.61146 5.05393 -0.69415
-0.05466 0.32653 2.07502 3.97834 1.15102
-0.95385 0.67502 1.97122 3.98386 2.09187
-1.23739 1.39461 1.0851 3.53505 2.22015
-0.1317 -0.37624 1.85685 3.99615 4.30645
-0.01997 -1.77085 2.85835 3.4211 4.79745
0.50582 -1.75312 3.33009 6.48173 4.57393
0.48372 0.10779 1.98941 4.89198 5.12401
0.20395 1.48877 3.50082 4.3557 4.95243
0.31269 2.12733 2.0948 4.46456 6.67429
1.96756 -0.73147 3.85556 4.54822 6.31356
2.78279 -0.55219 2.47825 4.3972 6.41427
2.40702 1.06676 1.7545 4.57153 4.75981
2.30108 1.54436 1.51171 4.0715 3.5748
3.3488 -0.98768 0.31882 3.98524 3.76454
1.71856 1.46145 3.15334 3.80515 3.21689
1.90447 1.78778 2.38436 5.41427 3.23072
2.05697 -2.30938 0.99463 6.5923 3.13991
2.29172 -0.81872 1.39398 6.9404 3.71551
-0.20511 0.17533 3.78981 5.99296 2.59543
-0.19027 0.90974 5.20849 3.62737 3.54985
0.05262 2.01952 3.7228 3.77796 5.14596
1.54704 2.29885 3.52477 3.8079 5.85434
2.78991 0.78127 -0.27049 4.11315 5.64541
2.78592 -0.57784 1.32397 3.63025 6.97206
2.51423 1.32437 3.30405 2.08264 5.37908
3.912 -0.33008 3.07733 2.41976 5.01413
