-1.11937 0.8391 0.02595 -0.48222 1.83702
0.94896 1.00341 -1.19173 -0.09128 1.15567
0.67158 -0.55686 -0.01092 -0.09493 2.39805
-1.10107 -0.31156 0.15269 -1.06539 1.54347
0.02965 -0.10174 1.64784 -0.16163 1.75516
0.92413 -0.73511 0.92398 -0.80811 1.56448
-1.0338 -1.48427 0.27802 -0.9058 1.59175
-1.55154 0.53745 2.22099 1.8565 0.11006
0.08326 -1.46107 3.41339 0.24199 -1.18893
-0.56323 -2.29435 1.98143 -0.7017 0.79137
-0.1489 -0.17825 1.19003 -0.09297 1.02147
-0.61854 0.1466 0.74786 -0.45982 0.65935
-0.99426 0.46802 1.49258 -2.97 1.52373
-0.33259 -0.42854 -0.43981 0.74015 0.77549
-0.87223 0.6824 0.19127 1.30711 -1.32616
1.16272 1.0161 1.99606 1.77937 -1.35028
-0.53655 -0.7149 2.40247 -2.41507 -0.30428
-0.51864 1.06904 0.77554 -1.26438 -1.79271
1.14602 0.01691 1.50943 -0.57691 -0.6124
0.11962 0.0713 -0.70326 -0.45572 1.76302
0.07172 -0.02616 0.55695 1.08023 1.59578
0.63746 0.82396 1.39942 0.20329 1.10645
2.43029 -0.44508 1.40605 -1.96242 0.29462
-0.87138 0.2513 0.24561 -0.32214 0.0531
1.06608 1.02944 1.32437 -0.94282 0.84256
0.64447 -0.34695 0.68382 0.50502 2.38926
-0.6412 1.70528 1.62518 0.97955 1.8462
1.71101 0.7552 1.09382 -0.14424 0.16928
1.68157 0.76178 0.60766 0.96131 1.76229
1.73086 2.32919 0.86038 -0.76207 1.35466
-0.01314 2.35064 0.1738 -0.21569 0.32431
0.82686 1.17367 -0.71169 -0.43206 0.39941
1.76958 0.10474 -0.70096 -1.41892 0.58903
2.46078 1.07117 -0.33024 0.984 -0.91934
1.06488 -0.25968 1.1769 0.74108 1.04018
-1.84362 -0.50173 2.8509 -0.38071 2.39318
2.51267 -0.82016 -1.53311 -0.71179 0.15287
-0.56 -0.41782 0.23231 -1.39807 0.75112
0.72047 -0.62839 1.80552 -0.21879 1.65202
0.69217 -0.15033 0.90306 -0.16866 0.29182
2.31239 -0.44034 1.81789 -1.44343 -0.98813
-0.03218 -0.02936 -2.03576 0.03102 -0.77793
1.03448 0.17068 -1.93072 -0.14813 -2.12899
-0.30059 -1.18404 -0.60398 0.0609 -1.52264
-0.5711 -0.2337 1.13281 -0.29031 0.39476
0.23769 0.0097 1.41706 -0.26248 -0.92539
-0.67182 0.0838 0.67761 -2.44447 -0.32117
0.11147 0.61833 1.90745 -0.08735 -0.72875
-0.0604 0.92917 1.14564 -1.67426 -1.02161
-0.12721 0.53286 0.82722 1.38056 -0.97457
0.44627 -0.67793 0.86815 1.13679 1.26323
0.218 -1.32503 1.15453 -0.38199 0.24432
0.36306 -0.17539 -0.67115 0.07862 -0.40792
-1.39175 -0.01577 0.63488 0.43469 0.68838
-1.1512 -0.01917 1.04145 -2.29967 0.12414
-0.86172 1.63611 2.14077 -0.98743 0.70585
-0.06734 -0.36365 1.3498 0.22018 1.00428
-0.04823 -0.15427 -1.05414 0.70524 0.18657
-0.59478 1.42807 -0.20694 0.18015 -1.46641
-0.79857 -0.16904 -0.40431 0.68472 0.47038
0.19737 2.05926 -0.45778 -0.17545 1.14327
-0.18819 0.67778 -0.31882 -0.15302 0.30888
1.50565 0.32536 -1.3112 -0.85961 -0.04926
0.48156 0.72403 1.18478 0.09102 1.83579
0.14798 -0.33083 -0.27369 0.88856 1.14452
-0.23471 0.16261 -0.83051 -0.13104 1.56815
0.09106 0.20823 -1.02007 0.591 1.14425
-0.12237 0.71343 0.63654 -0.05993 0.70138
0.05914 0.13576 -2.12782 0.07316 -0.10748
-1.13101 1.9672 -2.22933 -1.47587 -0.95838
0.08405 0.88456 -2.00167 -0.25838 -0.8486
-0.97765 -1.88771 -1.02599 -0.77684 0.0221
-1.42515 -1.7982 -1.3095 0.06957 -0.61839
1.33687 -0.49679 0.11084 -0.86566 -0.62326
1.05329 -0.11929 -1.25209 0.28906 0.20656
0.47339 0.26884 0.18629 -2.0602 0.8682
-1.43103 0.66577 1.56076 -0.08566 1.00617
-1.39634 -0.45631 1.73013 -0.87139 0.20432
-1.42065 0.18977 2.68932 0.47981 0.54833
0.85 -0.05155 0.19134 -2.10023 0.60279
1.02818 -0.53188 0.09052 -0.56009 -0.15005
0.82314 1.15066 -0.38666 0.91034 0.50631
-0.92923 -0.19505 0.96275 0.52437 0.81533
2.39542 1.57532 0.18569 0.94559 -0.04412
1.20883 1.12448 1.56084 0.09159 -0.21714
1.01076 -0.36957 0.99709 1.59089 1.74782
0.28603 0.66611 1.98996 -0.54383 -0.85657
-0.07233 -1.01988 1.89635 0.34755 -0.66644
-2.39992 1.32659 -0.86285 -0.32665 -0.94258
1.12742 0.42765 0.47875 -0.73394 2.37917
-0.79703 1.92446 -1.33206 -0.15331 1.63727
1.01101 -0.897 -1.23613 -0.09464 2.22713
1.26874 -1.09707 -1.93655 0.03234 1.27718
3.10256 -1.41468 -0.4622 0.7027 2.55228
1.5241 0.7814 0.09277 1.4727 0.59076
0.36972 0.6687 -0.99294 -1.98328 2.2782
-0.0624 -0.66596 0.87738 1.86767 0.61665
-0.15017 -1.42621 1.1705 -0.58922 0.72809
-2.09415 -1.14632 1.2743 0.54532 1.90374
-0.2268 1.35586 0.78105 1.92073 3.16278
0.91195 1.44128 1.44318 -0.15447 0.88975
0.93208 -0.31282 0.27878 -0.37965 0.25533
1.05482 -0.03909 1.47581 0.79156 -0.66859
0.38785 -1.25211 1.20714 -0.67646 -0.48304
-0.85789 0.18453 0.24482 0.83941 -1.94708
-0.65745 1.27432 0.61104 -1.38592 -0.34519
0.91802 1.86714 -0.95747 0.14911 0.10785
2.429 -0.95793 1.65058 0.08392 0.4169
0.8019 3.03087 0.23583 0.87425 0.51795
1.09522 1.45205 1.34614 1.66435 1.1635
-1.5555 1.14786 0.28548 0.37748 1.31495
-0.46765 -0.19201 0.89732 -0.72668 1.03143
0.85408 -0.27829 2.44974 0.27718 0.61687
-0.78967 -0.38601 1.79644 -0.52122 0.32676
0.03863 0.27984 -0.31956 1.11416 0.13037
0.20913 0.47033 -0.76493 -0.33897 -0.71394
-0.67855 -0.73245 -0.87919 0.2222 0.83678
0.97016 -1.25045 -1.1701 0.17015 -1.37833
-0.02587 2.04279 0.61544 0.85191 -0.49718
0.06995 0.14306 -0.97092 0.37272 -1.27675
0.38968 0.57019 1.59737 0.3895 0.1413
1.44233 -0.75954 3.29942 -0.59 -0.41282
0.29589 0.20987 0.46155 0.61582 -0.8267
0.77598 -0.97418 -1.75679 -1.64627 0.46039
0.93277 -1.98389 -0.43201 -0.4274 0.42032
1.92808 -1.122 1.38667 -1.99436 0.35101
1.65406 0.53294 1.72784 1.69955 -0.25664
0.87861 0.02782 1.24967 0.75318 2.49361
0.08358 1.07333 2.14728 -0.69705 -0.28516
1.46583 0.1649 1.62664 -1.06767 -0.58942
-1.13436 0.39748 0.32499 -0.90623 1.24036
-0.1133 0.09135 -1.38432 0.2309 0.78617
-1.46224 -2.08373 1.47179 -0.5544 -1.55825
0.07149 0.24235 -1.00673 -0.96388 -1.53756
0.85768 0.36219 -0.20712 0.9474 -0.11102
1.2487 -0.33309 -0.47905 -1.17161 2.39608
-1.25684 0.02537 0.33223 1.31428 -0.07307
-0.21326 -1.11653 0.07357 0.37151 0.00968
-0.78286 1.61722 1.48456 -0.56026 1.01342
-0.53614 -0.20825 1.41962 0.16679 0.29381
-2.3841 1.01707 -0.31684 -1.33476 -0.24547
1.72313 2.57704 0.82801 -0.26091 0.42606
0.35362 1.20072 0.01835 2.32995 -0.83714
-1.98807 -0.28426 0.64094 0.44111 -2.04023
2.35619 0.79728 1.28265 1.23325 0.85334
0.35562 1.28865 0.9238 -0.25549 1.04552
-0.53228 -0.92221 0.53405 1.02126 0.28803
-1.45874 -0.98832 1.81354 -0.84297 0.62515
1.05261 0.01821 2.77494 0.53468 0.69881
-0.69166 -0.96931 1.1751 0.44273 1.36096
1.37428 -0.16307 0.35263 0.73724 1.25016
-0.3694 1.58076 -0.56443 -0.73029 0.52268
1.14199 0.14111 -0.45752 -0.54148 0.80889
-1.90561 -0.50574 1.64315 0.83533 1.85969
0.02887 0.02291 0.4174 1.3058 0.79958
0.41103 0.04552 0.17166 -0.29994 0.95985
0.8915 -0.86103 -1.1792 0.37101 -0.45277
0.14637 0.60689 -0.43659 0.89133 -1.16628
-1.15738 0.61184 -1.86285 -0.66598 -3.44487
0.5656 1.16004 -0.89239 0.28528 -1.57497
-0.08072 0.84687 0.60967 0.32163 1.07456
0.78229 -0.20278 -0.03881 0.17191 -0.18472
-0.57787 -0.95275 0.13342 -0.26561 -0.03814
-0.18197 2.26629 0.32425 -0.60235 -0.59387
-0.95637 -1.7477 1.8839 -1.00388 -0.22107
-0.70543 -1.66641 1.35599 0.63663 0.6221
0.45349 0.39815 1.87492 -2.05732 1.81404
1.18569 0.38963 1.76353 -0.71601 -0.41056
-1.19865 -0.59778 0.42425 1.81108 0.36688
2.55048 -0.51253 0.7149 -0.53195 1.20398
-0.78329 1.2521 1.3709 1.1272 1.93693
0.87306 1.11866 2.23978 1.1475 0.97727
-1.22227 0.26746 -0.56583 1.28761 2.34103
1.14923 0.35956 0.28786 -0.02043 2.11146
-1.32538 1.11234 -0.43209 1.04488 1.05281
-1.71655 -0.07151 -0.51608 3.7467 1.19065
1.72503 0.10677 4.3177 1.06552 -0.88591
-0.43347 1.20025 2.23025 0.26636 1.43288
1.1771 0.04032 0.30719 0.44135 -0.55435
0.25008 -0.50903 -1.73345 -0.9226 1.81136
0.93267 2.23788 -0.98918 1.17638 0.0719
-0.64224 2.30822 0.75564 -0.12335 0.22646
-1.40408 -0.24641 -0.00706 -1.92633 -0.40105
-0.3953 0.88152 0.04585 -1.65904 2.1313
2.05511 0.59667 0.09009 0.34492 2.96426
-0.03694 1.72564 0.9452 0.52611 0.15631
-0.01687 1.38415 0.80259 1.07345 0.49538
-1.17224 0.39363 1.61125 -0.93393 -0.64582
1.21776 -1.44272 0.82325 -1.8105 -0.08166
2.07228 0.17719 1.19579 1.30915 -0.45537
1.23103 0.51504 0.5872 1.97668 0.27759
-0.00304 -0.01596 1.12229 -0.27281 -0.14333
-0.75611 -1.80325 0.51062 1.02716 -1.7828
-0.10508 -1.52317 -0.38616 0.62286 -1.90359
0.91625 -1.09565 -1.98401 -0.10087 0.4256
2.13147 -1.41877 -0.66731 0.09602 0.85621
0.44199 -0.38903 0.74696 -0.87608 1.34247
-1.18153 0.44426 1.39267 -0.94033 -1.7622
0.4227 0.10221 1.99646 0.43717 0.36024
-1.25378 0.63481 2.85003 -0.66093 1.21314
-0.0083 0.12825 -0.34752 -1.19705 1.61768
0.70977 0.19165 0.62679 -1.26135 1.68563
-1.00968 1.00298 0.38786 -0.58333 1.83472
0.16449 1.04602 -0.27547 -0.3336 0.45055
2.44595 -2.04187 0.33541 -0.2897 2.89224
1.03392 -0.43241 0.29864 0.16832 2.83249
-0.50743 -0.81492 1.2461 -0.11823 -0.59955
0.17605 -0.79484 1.78919 0.51277 -0.2977
-0.89626 1.30144 3.23319 -0.85291 0.57834
-0.40068 1.17873 2.17652 0.87686 1.4906
-0.66147 -1.08443 0.04272 1.33732 1.14563
1.58055 -1.93011 0.80222 1.50286 2.02838
0.4478 0.07725 0.96571 0.16961 1.89242
-1.54291 0.68009 0.66051 0.03888 -0.01392
-0.15605 0.56553 -1.19916 2.59501 1.65243
1.43219 -1.40022 0.51473 -1.34521 2.41036
-1.63412 0.04385 1.44152 2.41125 1.5435
0.98237 -1.50325 3.41795 0.01773 2.10046
2.78651 -2.02394 3.16486 -1.77359 1.51863
1.43115 0.06686 2.69129 0.35727 2.47031
-1.19027 2.3979 -0.06905 -1.01255 2.88379
2.49049 1.70384 -0.26714 -0.00911 3.50683
-0.26282 0.28482 -0.3457 0.78253 3.79801
1.28668 1.6999 0.75253 0.23356 2.77454
1.29327 1.83327 1.7593 0.61504 1.7399
0.02515 2.33265 1.62691 0.60385 -0.13664
1.34522 0.64484 0.68341 0.16559 1.31724
1.16978 1.03934 -0.46911 -1.34551 0.26268
-1.14674 0.82 -0.68368 -0.18129 1.52019
-0.95643 -0.09106 -0.52794 2.01894 -0.24237
-0.24977 -0.08633 3.05886 -0.05962 1.10669
-1.57975 -0.80879 1.02577 0.26923 0.18365
-1.19965 0.36747 -0.20628 -1.56754 1.18811
-0.37841 -1.74492 0.31287 -0.2399 0.18759
0.90815 -0.98078 -0.78048 0.00498 1.02055
1.51699 -1.22767 0.34065 1.57351 -0.40252
-1.00187 0.75082 1.81677 0.00153 1.91169
0.73343 1.7596 0.01175 -1.91534 1.31685
-0.57545 -1.23375 0.65382 1.3497 1.20455
-0.36694 0.53361 1.39684 -0.79534 1.94575
0.39855 1.75598 1.74453 1.55588 2.02366
-0.55709 1.43519 2.22713 1.40452 2.35041
0.10813 -1.92983 0.72834 0.51842 1.88241
-1.13422 -1.71053 0.38227 -0.4312 3.79531
-1.99914 -1.6421 0.88649 -0.14014 1.88571
0.6987 1.53184 -0.40467 1.52306 2.22999
1.13972 1.42284 0.19126 2.42033 1.12901
0.26502 -0.11966 0.59247 -0.04164 1.16149
1.91346 1.38308 1.14284 -0.10005 -0.02238
0.74425 2.69736 -0.19229 0.33874 -1.61107
0.27979 0.91187 -2.03371 -0.12563 -0.40794
0.26539 1.26429 -0.2301 0.7418 0.1155
0.64406 -0.24146 0.88 -0.77311 0.92033
1.06905 -0.40159 0.97842 0.88413 -1.24049
0.01716 0.94959 0.20495 -0.06547 0.73195
-0.17039 0.60024 0.2472 -0.88413 -0.39278
1.20167 0.29818 0.84694 0.13823 0.30908
2.56628 1.22288 0.12034 0.59595 -1.39483
0.93475 1.74488 -1.69155 -0.64633 0.11345
1.28155 0.02182 -0.4647 -0.86183 0.02197
-0.144 1.09546 0.78717 -0.01055 -0.33154
0.53892 1.03011 -2.61881 0.93345 1.11545
-0.31308 -0.38974 -1.33179 0.67593 -0.21332
0.98483 0.23049 -0.92451 1.26914 0.77529
0.42344 0.14023 -0.22821 0.20366 -0.12887
-1.33914 0.65814 -1.47107 -1.82107 -1.52619
-0.90453 0.19148 0.30407 -0.61917 0.3046
0.41227 -0.9738 1.59747 0.09472 2.33094
-0.39884 -1.75263 1.48618 -0.6763 2.18517
2.90139 -1.16644 -0.64938 -1.21966 0.40028
0.39547 -0.07438 0.73608 -0.87804 0.43561
0.371 -0.86397 2.45508 0.25929 0.33689
-0.28323 0.2852 1.27419 0.62903 -0.75438
1.20011 0.04181 2.20146 0.33375 -2.72891
-0.19316 1.34521 2.32802 0.39735 -0.06487
2.54418 -0.79351 -0.88709 -0.44176 -0.34066
0.0211 1.92052 -0.51255 0.70317 -0.79611
0.25527 -0.71178 1.51001 1.24215 -0.56781
0.8913 -1.41582 1.06884 0.99275 1.15895
0.51355 0.07994 -0.27133 0.20158 0.94531
-0.28791 2.05282 0.60391 -1.08245 -0.00607
0.66008 0.26425 1.2457 0.08978 0.59325
-0.03037 0.42849 0.18073 -0.53294 1.74622
-0.38605 1.42845 -0.37587 0.73193 2.42346
-2.02038 0.53898 0.24219 -1.10169 2.52934
-0.5898 0.84335 0.63982 0.51796 0.08029
0.77759 -1.67926 0.89877 -0.46545 0.81983
-1.37054 -0.27099 -0.20255 -0.78444 -0.2847
0.23675 -0.41037 0.77334 -0.12675 0.94091
-0.52727 -1.47596 1.53716 -0.03022 -0.45218
0.3736 -0.66224 0.56731 -0.94046 -1.42026
-1.14857 -0.59346 2.21421 -0.18875 -2.1353
0.78122 -1.93251 0.49591 2.2982 -0.5991
-1.54102 -0.10913 3.41533 0.50709 -0.73133
2.24468 0.90908 0.87427 -0.98499 0.65552
1.65574 1.1677 -0.3024 -2.65225 1.45702
2.03076 0.56671 1.03719 0.59039 0.11392
1.08876 0.76789 0.73351 1.83918 0.68924
0.06498 0.27097 0.31046 0.54093 0.09057
2.58482 0.56828 0.13016 0.13825 0.08781
