0.72843 -0.42587 1.10114 -0.87218 -0.14097
0.07994 0.48267 2.12535 0.05377 -0.14431
0.9493 -0.61022 0.84097 0.83095 1.44262
1.83471 -0.50048 0.10572 -1.37215 -0.43604
1.34277 0.19477 0.23272 0.26258 1.27009
0.69001 0.33505 0.80162 1.27962 0.08385
2.68894 -0.46803 0.21692 0.6898 -2.90597
0.8067 1.98797 -0.45791 1.59714 -0.16625
-0.64452 1.06732 -0.91743 2.02988 -0.4423
1.43247 0.70677 1.66356 1.68931 1.11611
-0.24027 1.75642 2.42261 0.29885 -0.18942
1.4249 -0.72128 2.46907 1.47724 -1.79796
2.9053 0.27923 1.13448 2.9169 -0.15809
0.98179 3.2864 2.27667 3.16114 -1.20269
-0.02216 -0.18609 2.33912 1.02068 -2.87824
1.01237 0.21827 3.2218 1.60245 -0.92259
0.92353 1.41512 1.21975 0.31604 0.11211
-0.20295 1.93972 0.33922 0.29939 -0.39363
0.78717 -0.31597 -0.57599 -0.35555 0.1941
1.58833 0.12699 0.46596 -0.35692 0.92719
-1.49601 1.70628 -0.41025 -0.76254 -0.63623
1.23717 -1.19995 0.86613 0.83412 -0.58109
0.23966 -0.0533 -0.27222 0.44492 1.38177
1.00646 -0.10798 0.68144 2.12447 -0.01418
0.77049 -0.72541 -0.67094 3.2686 -0.02378
0.25726 -2.21072 1.61372 3.47956 0.53466
-0.56178 0.85387 0.93151 2.36205 -0.75875
1.85333 -0.49601 2.56799 2.87344 -0.33377
0.88709 0.21763 0.25095 2.92852 1.33444
1.32538 1.36187 1.2506 1.16835 -2.40663
0.10045 0.64272 1.51762 -1.32701 -1.89297
0.34696 0.31764 0.32592 -1.45788 0.02112
0.06599 -0.34576 1.60604 -0.99704 -0.30642
-0.1528 -0.8018 1.54706 -1.41262 1.91233
3.10694 0.8049 1.27831 0.6432 -0.54493
-0.24304 -0.18457 -0.47279 0.77611 0.2569
0.86568 -2.40633 0.13015 0.5278 -0.93696
0.07251 0.36034 -0.14399 -1.0904 1.35708
0.22715 -0.45316 0.89867 0.54464 -0.19565
1.21068 -0.46118 0.30748 -0.23994 -0.7523
0.47779 -0.23613 0.30677 -0.43875 0.39915
0.36329 0.63981 0.6012 -0.26208 -1.19263
-1.59686 -0.12575 -0.39653 0.6615 -0.90284
1.8636 0.51438 -0.84575 1.21868 -0.9597
1.03513 -0.50252 0.59837 -0.19216 -1.87954
0.64116 -0.37646 -0.03953 -0.02263 -0.48911
0.46353 -1.0314 0.31267 0.14556 0.04115
-1.52105 -0.01339 0.11588 2.38896 -1.17925
-0.0898 -0.43191 2.20445 1.20038 -0.71273
1.75254 -0.26894 1.23592 0.48175 0.72846
0.35083 0.34305 1.45902 0.0573 -0.1177
-0.7728 -0.85106 -0.0548 0.70284 2.59176
-1.06964 0.65628 0.61532 -1.46174 1.39937
-1.63619 0.22399 1.09226 -1.66019 1.09335
-0.52022 -1.89642 2.81875 -0.24836 0.93153
0.09528 -0.5448 0.9813 -0.55088 -2.03275
0.00971 0.64156 -0.5351 1.06969 1.5625
2.1953 0.07933 -2.18567 1.62735 -0.14074
0.34343 2.01087 0.75487 1.87149 1.73544
0.55412 0.49056 -0.81133 -2.2422 0.47506
0.94593 -0.98606 -0.56204 -1.07614 -0.99712
1.29485 -0.60572 1.23387 1.46136 -0.32103
0.82255 -0.15208 2.37194 2.61894 1.31424
-0.87487 -1.84458 1.0965 1.2925 -0.89095
0.72501 -0.03815 1.09909 0.65329 0.85272
1.9976 0.91197 1.28554 1.91788 0.29855
1.04095 1.40968 -0.83053 0.72667 -1.02415
0.7901 1.81384 0.64758 -0.57787 0.35517
2.23084 -1.57792 0.36479 0.28828 -1.67909
0.1682 -0.46073 -0.68551 0.40774 -0.50839
1.26526 -1.60437 -1.3121 -0.34548 0.92737
0.15569 -1.36534 -0.18031 -0.76263 1.18923
0.12377 -1.64749 1.14039 -1.70916 -1.80663
0.73084 -0.7227 -1.21195 0.62648 -1.24857
0.26507 -2.56301 -1.89403 0.30444 0.56554
0.34132 0.17888 -0.42031 -0.45069 -0.11186
-0.34297 -0.63437 0.30476 -0.6794 -0.88133
0.87481 1.41329 -0.57714 0.48952 -1.51564
1.37639 0.44855 -0.84091 -0.78059 -1.7276
0.20895 -0.51549 -1.16152 -1.83934 1.63079
0.55155 -0.52504 0.08637 -3.14736 1.07854
0.18666 0.45359 0.23903 -0.47245 0.24148
-1.52165 -0.72286 2.63872 -0.50955 0.20947
0.5084 0.20187 1.89627 -2.418 0.49073
1.31767 -0.7907 0.86641 -2.67822 2.39012
2.79537 1.14254 1.13122 -2.11299 0.15105
0.04702 1.19021 1.23694 -1.95765 0.31541
-0.80457 -0.38217 1.968 -2.54047 -0.11435
1.90877 0.1316 2.14517 -1.74294 0.67819
1.53221 0.81923 1.40026 -0.34697 2.25604
0.52966 0.87746 1.11826 -0.63773 -0.7445
2.31215 0.45401 0.48888 -0.71495 -0.07589
-1.49872 2.42373 -0.14247 -1.32158 0.00733
1.59273 1.5915 0.01937 -0.72958 1.60545
1.67784 1.44921 -0.52596 -1.10381 -0.84853
0.27102 -0.28643 -0.5735 -1.47355 0.75879
1.04748 -1.85027 -0.75448 -1.53103 -0.11381
-1.87657 1.57558 -1.07616 -1.48289 -0.64996
0.88067 1.08567 1.75406 -2.31091 -0.57622
-0.87823 -1.72789 1.44837 -2.15019 -1.25757
-0.10761 0.32477 0.75271 -0.75708 -1.36377
1.54356 0.63433 1.06521 -2.20141 -1.14118
-0.36523 -0.44052 2.02784 -4.3168 -0.77066
1.85015 0.01824 0.94802 -2.26119 1.15024
0.08221 1.06954 2.19799 -1.78642 0.70811
-1.2103 -0.7955 1.11151 -0.98681 0.56775
0.5644 1.01139 -1.26288 -1.58954 -0.43679
-0.40549 1.45157 0.14524 -1.41977 -0.33258
0.10931 -1.07386 1.96052 -0.02304 -0.77758
1.25318 0.57536 -0.67459 0.22715 -1.27239
-1.20219 2.86533 -1.61128 -0.19731 -0.4415
0.01599 0.78111 -2.25568 -0.06467 -0.42297
0.55649 -1.40594 -0.32486 0.51472 -0.41483
0.61093 -0.2196 1.19661 -0.74147 -0.71179
1.10214 -1.37245 -0.10333 -0.8477 1.49556
1.17275 -1.12924 0.74061 0.77763 0.94392
1.24906 1.31896 0.1358 0.88707 1.69277
0.73314 -0.07674 1.58201 -0.46095 -0.02068
0.20441 0.77466 0.13852 1.15673 -0.46561
0.03156 -0.30364 -1.76251 1.0283 0.53778
-0.01369 -0.2384 -1.55313 1.77337 -0.29899
0.46429 0.37248 0.77658 0.54934 -0.58867
2.72219 1.81126 0.57418 -0.36576 -1.16812
0.34236 2.0294 -0.85399 -0.08856 0.20727
1.96633 0.45909 -0.48999 -0.823 0.2956
-0.82495 0.95012 1.83597 2.29361 2.36042
1.26428 -1.26871 2.9383 2.24931 0.32441
1.11199 -0.48546 2.43579 1.49085 -1.24124
-0.20678 0.48623 1.05347 1.16886 -0.9609
2.65345 1.7873 1.91551 0.66026 -0.6334
0.84407 0.12907 2.38212 0.78528 -2.04829
2.05076 1.04005 0.67783 0.24837 -1.44206
2.03314 0.48192 0.61837 -0.33657 -0.45065
0.7176 2.20451 0.12953 0.77358 -0.87622
0.16956 -2.27943 0.4799 -0.36978 1.42455
2.40054 0.0489 0.95838 -1.05011 0.79618
1.60652 3.40714 0.01272 -0.9515 0.60526
1.48012 -1.05808 -0.83225 -0.83909 0.093
1.85861 1.35574 0.09512 -1.47133 0.41146
0.55372 1.53116 -0.54985 -2.18861 0.07132
2.3061 -0.19931 -0.91612 -1.23185 -0.01091
0.90468 0.64736 1.13935 -1.36077 -0.26901
-0.37626 0.73128 1.53416 1.01136 1.36892
2.14122 -0.39387 1.39679 0.85843 -0.51573
1.45416 1.68035 1.93652 1.03815 0.41158
1.69181 -0.34894 2.7725 1.42606 -0.10919
-0.88281 0.25911 0.95987 1.40621 -1.20779
-0.72381 0.52748 -0.05932 1.11663 0.65917
0.42736 0.44494 1.39834 0.25112 2.14933
0.3022 -0.15765 0.8719 1.50445 1.11924
1.34473 -0.21053 -1.0098 -0.24075 -0.08989
0.53551 1.6131 -2.08241 -0.03448 0.45339
-0.37718 -0.00907 0.35639 0.81399 -1.39649
1.11289 0.60401 0.87262 -1.45143 1.60912
-0.05204 1.85827 -0.10929 -1.93197 2.01438
2.28221 1.20098 1.68779 -1.61316 0.08643
0.8829 2.21274 0.70396 0.71625 0.0688
-1.6257 0.60377 2.20843 2.26329 0.11505
1.49135 1.33549 -0.99428 1.29349 -1.11168
0.7782 1.51497 -0.01095 -0.51096 -1.68127
0.46426 1.70381 0.82066 0.38642 -0.4717
-1.04969 1.09475 -1.26744 -0.35415 1.17838
-1.09051 0.24792 0.22709 -1.80378 -0.57473
-0.46582 1.57488 -0.47956 -0.8068 -0.00924
-0.80065 -0.36698 0.19802 -0.13074 -0.48695
0.47625 0.78657 -1.10589 0.79718 -0.36589
0.64205 -1.20145 -0.48044 0.37315 0.16642
-0.2282 0.20729 0.76339 0.98487 -0.06196
0.36231 0.02274 0.24427 0.93762 -1.36044
0.38326 -0.25963 1.40847 0.69455 -0.39931
-1.48884 0.1231 -0.77301 0.58628 -0.27868
1.82712 1.18846 0.60185 0.82293 -0.91873
-1.19438 0.56115 -0.85516 1.74422 -0.91324
-1.83416 -0.30677 -0.56009 2.03701 -0.15773
-0.97021 1.82695 0.92658 0.78475 -2.34863
0.02768 -0.87447 2.63326 0.12772 1.00002
-0.17918 0.18459 1.25026 0.41556 -0.74286
1.14289 -1.62065 0.40356 0.77779 -0.06008
1.1014 2.09054 2.71351 0.90832 0.81735
-0.16291 2.47414 2.41481 -0.21059 1.16852
-0.46504 -0.07384 -0.84517 -0.93139 -0.58993
1.4144 -0.7229 -1.73424 -0.99497 0.81446
1.75605 0.91818 1.44559 0.2414 1.62325
1.92199 1.7857 0.94718 0.20884 0.00885
1.17562 -0.24496 0.09785 1.657 -0.23191
0.92488 0.77435 -0.42888 0.3177 0.51195
1.49804 -0.4962 1.97542 -0.94725 -1.4562
1.82415 2.31476 0.29783 -0.5126 0.29212
-0.17204 1.93747 0.96796 0.57 -0.43775
2.27592 1.01831 0.62541 -0.04081 1.52986
1.48103 -2.08167 0.54661 -0.56714 0.36808
0.47783 0.5627 -0.10549 -0.34979 1.45119
-0.11194 0.59676 -1.48649 0.92578 -0.47593
1.92433 -2.21383 -1.20627 0.91712 -0.74305
1.29351 0.82761 0.67465 -0.40547 0.32572
1.44074 -0.11268 -0.49684 -0.27398 -0.23924
-0.65495 -0.06886 -0.69733 0.15172 -0.43423
1.09431 2.06366 0.17382 -1.09056 -0.17047
-0.05479 1.86435 -0.13297 -1.5237 1.33957
-0.9744 -0.07656 -1.26305 -2.17607 -0.19263
0.28049 1.3439 -0.01383 -0.09427 -0.06545
0.88603 0.86454 1.09651 0.5303 0.37771
0.05185 0.89139 -1.70075 0.13048 0.59379
-0.52121 0.33668 -1.2217 -0.00858 0.03474
0.19647 -0.03948 -1.2677 0.23548 2.11406
0.45464 0.48908 1.60919 -0.78615 0.95761
0.73883 0.35279 -0.07905 -1.03097 0.74689
-0.68507 0.13535 0.23768 -3.18176 -0.68769
1.85362 -0.35147 0.04432 -0.23672 -0.83339
1.58819 1.28566 0.45999 -1.73204 -1.2131
0.29508 0.25669 -0.16033 1.57792 1.44045
0.99345 0.75459 0.6267 1.74619 2.61197
0.31421 -1.05142 -0.70427 1.82377 -0.57328
0.26604 -0.146 -0.25299 -1.30503 0.64743
1.17721 0.16803 0.35229 -1.33211 -0.97942
1.14386 -0.25947 0.59505 -0.22658 1.71332
1.45381 0.54631 -0.82324 1.28604 1.10255
0.68135 -0.16945 1.51234 0.73906 0.63285
2.43757 -1.32779 2.29198 1.33178 -1.66546
0.75831 1.48924 0.59426 0.52225 -2.35573
-0.15375 -0.94356 -1.37433 1.6882 -2.98631
-0.56043 -0.37388 -1.3382 2.18923 -1.89149
1.54686 -0.59841 0.56708 1.97906 -0.76228
2.43538 -0.78321 -0.60879 -0.05715 -0.41142
-0.39485 1.58874 2.38442 0.95455 1.43796
1.72444 0.17152 1.47984 -0.20066 2.09751
0.09025 2.91118 1.42455 -0.70878 -1.72275
0.34854 1.27969 -0.22756 0.08106 1.27855
2.32711 -0.03334 -0.42139 1.56011 3.7531
1.51851 1.64996 -1.68111 1.15373 3.23377
2.49984 0.59225 -0.64913 0.57876 0.25042
1.11379 0.91611 0.668 -0.24993 0.60261
-0.97872 -0.16774 0.47971 0.93684 -0.01979
3.63485 -0.67366 -0.85444 1.6517 -1.09504
2.32694 1.55098 0.26115 0.62181 -0.73604
0.54957 1.91614 1.05326 1.69914 -1.53261
0.35296 -0.21311 0.88885 0.38363 -0.67415
-1.02991 -0.55846 0.76485 0.30651 -1.02047
1.20913 -0.32861 1.42145 0.96473 -0.40324
0.07419 0.15016 0.5334 0.34533 1.24096
0.2213 0.50651 1.2092 0.22628 -0.18169
-0.58904 -0.90305 0.95442 -0.42667 1.17656
0.82668 -0.24396 -0.9811 -0.2778 -0.35391
-0.22795 -0.67289 -0.314 0.80732 0.93158
-0.7322 -0.74157 -0.69619 -0.04095 -0.37067
-0.28928 1.30767 -0.16698 -1.95438 0.57647
0.23133 0.33363 -1.8008 -1.26642 -1.16885
-0.41941 1.12692 -0.52593 -0.58482 3.79466
0.36714 0.29485 0.90638 -2.47153 1.45884
-1.88182 0.7436 1.24262 0.3495 -0.10484
1.06775 0.52096 2.85239 1.82668 -0.03416
0.97795 1.84277 0.79832 0.36433 0.0779
1.95287 1.5949 0.88764 -0.60366 0.63934
-0.04023 -0.21856 -0.80926 -0.19195 1.32928
-1.41999 -1.34783 0.25657 -0.64807 -1.33744
0.38706 1.08321 -0.40048 -0.3067 -0.65867
2.50325 -0.33937 -1.08785 -1.72889 0.40933
-0.21689 -0.33643 1.16368 0.25243 2.08987
1.70901 -0.68033 2.41051 0.80989 -0.02197
1.49738 -1.13881 0.1737 2.21914 1.21176
0.81219 0.73502 1.15141 1.12258 -0.48403
-0.62396 1.00499 2.54057 0.62765 -0.23095
0.75489 0.58445 1.98369 0.18746 2.90308
0.73575 -0.55272 -0.25628 0.65824 0.39763
-0.38837 1.17837 -1.27528 -0.12196 1.42122
0.06439 1.05961 -0.9613 1.46967 -0.14023
-0.28594 0.86211 -3.10411 1.12231 -1.72152
0.23814 -0.59785 -2.04071 -0.41731 -1.73554
0.86107 0.5347 -2.22952 0.78467 -0.18408
1.96322 1.13834 -0.34964 0.17614 0.85716
-1.20275 2.08645 1.00828 -0.71782 2.28695
1.43107 1.55684 0.34377 -1.59436 0.70433
0.51125 -0.03066 -0.73339 -0.20703 0.92789
2.67225 1.43413 -0.06102 -1.31682 -0.51208
1.9037 1.17256 1.71473 -2.04675 1.1504
0.83108 1.13445 -0.12896 -0.98606 -1.39824
0.74724 -1.11388 0.05221 -1.17739 0.67419
1.56054 1.67515 1.50469 -1.98309 -1.79738
-0.80838 0.11782 1.17441 -0.04259 -0.96965
-0.88061 0.62481 2.74695 0.0686 -0.41818
-0.09601 0.5073 1.62974 -0.05148 -0.77791
0.80381 -1.12315 0.15166 -1.60316 0.8034
-0.04602 -0.94264 0.70302 -2.29947 -0.95006
0.21468 0.61837 0.38902 -3.07574 -0.01477
-0.30247 0.45421 -0.22226 -2.21697 -1.02591
1.29053 0.38665 2.46167 -0.33962 -1.60708
1.31562 0.17291 2.16839 0.30616 -0.11827
0.10693 -0.1389 1.71739 -0.8081 -0.19436
1.05736 0.7567 -0.4324 -2.49375 -0.70393
-1.16711 -1.38657 0.27638 -1.23688 -0.43821
-0.12754 -0.29281 -0.2393 -1.39872 2.03476
1.12698 1.06505 -1.12805 -1.55532 -0.35451
-0.14285 1.63265 1.20782 -1.63958 -0.15755
0.26047 -0.46526 0.57267 -2.01696 1.12682
1.65607 0.7533 0.92563 -3.00994 0.25036
1.26142 0.17228 1.88217 -2.75396 0.6327
-0.48186 -1.42217 0.92151 -3.19655 1.11912
-1.07839 1.62315 3.10054 0.38773 1.06904
0.15823 0.53365 2.68181 0.47227 -0.44689
0.06553 0.94769 1.28768 -2.37173 -1.62498
