0.51342 0.89859 -1.10713 -0.03348 0.8953
-0.29423 0.17033 2.41019 -0.25636 0.70823
0.02494 -1.99012 0.01755 -0.32277 -1.01711
-0.07193 1.41654 1.32022 1.01672 -0.87707
0.09562 1.63934 -1.08862 -0.15513 1.65503
-0.3979 0.79465 -1.64215 -1.70532 -0.72344
1.05181 0.37103 0.67121 -0.14653 -0.22438
0.84453 1.2708 -1.45037 0.15685 -0.8179
0.11181 0.32261 1.40137 1.29451 -1.14602
1.2954 0.38119 0.70698 1.23578 0.09173
1.11034 0.95159 0.17358 2.19211 -0.1719
-0.12884 -0.34617 -0.64566 2.67665 1.28606
-0.35136 0.84777 0.71882 0.32792 1.11604
-0.77766 1.2927 -0.17151 0.78622 1.37167
-0.31113 -0.1805 -0.27149 0.16486 0.96369
-1.59769 -0.71867 1.43726 0.32353 2.64442
-1.18412 -0.6545 -0.63156 -1.77192 -1.57585
0.00423 0.91991 1.46819 1.22078 0.0001
1.21826 0.62441 1.05666 0.27675 0.21087
1.20583 0.21678 -1.35694 0.11828 0.47305
-0.13663 0.35866 1.27426 -1.63089 0.64186
0.50773 -0.34773 1.53816 -0.23874 -0.86318
1.69014 -0.84418 -1.05888 0.67438 1.10602
1.2059 0.46985 0.44227 0.10451 0.55754
-0.03157 0.10797 1.4734 2.45942 0.39315
-0.74982 -0.06336 -0.64141 1.09027 -1.50425
-0.23165 -0.1676 0.49976 2.59363 -0.30782
0.17246 1.16691 0.95007 1.47146 0.25819
-1.07361 1.11456 1.69986 -0.81037 0.36365
-0.07126 0.56376 -2.15834 1.10411 0.5011
0.71593 0.35958 -0.02855 0.76187 1.43038
1.56176 1.89262 0.32301 1.89589 0.21599
-0.73753 1.25012 1.51015 0.61976 0.29815
-1.43515 0.03928 0.60443 -0.09111 0.19541
1.02562 -0.95752 0.40381 0.50973 1.47055
-2.37977 -1.1463 0.56249 -0.22185 0.8845
-0.1705 -0.69317 -0.00599 1.49587 1.33515
0.35627 0.62014 1.75339 2.23733 0.42102
0.07191 0.32257 -0.68534 1.93124 0.86401
0.31387 1.56578 -1.354 2.83793 2.2897
-1.43653 1.31017 0.17158 2.69331 -0.85512
-0.53516 2.24257 2.27346 0.67835 0.27363
-1.02086 2.61166 0.28754 0.61417 0.20562
1.48468 2.00106 0.23925 5.23554 -0.70789
0.79975 1.75303 0.98845 3.45434 -0.74268
1.13906 1.15457 -2.71218 0.50957 -0.2896
-2.40192 -0.49921 1.07879 -0.0706 -0.66123
-0.75052 -0.45617 1.78458 1.33518 0.38284
-1.49688 -0.37379 0.34626 0.03263 0.73926
0.31071 1.13063 0.42619 0.18789 -0.37675
-0.29429 1.79911 0.12924 -0.6675 -0.73213
0.65078 0.04231 0.78287 -1.08339 -0.83004
0.80287 -1.75349 -0.88352 -0.514 0.56255
0.68429 -0.42884 -1.67114 2.50302 0.86601
0.88367 0.82323 -0.83107 1.81003 -2.06819
0.44755 0.62577 -0.55397 -1.83796 -0.37838
-0.23887 0.13238 1.06143 -3.53135 0.3022
1.29785 -0.98742 0.19681 -2.03343 0.17614
-0.77497 -0.64229 1.08398 1.44154 1.51999
-2.25669 0.23477 -0.35385 -1.16782 -0.81361
-0.56249 1.99497 1.89245 -0.57682 0.67704
-2.39281 1.35022 -0.03721 -1.76938 0.60934
-2.01288 0.16262 -0.8827 -0.42686 2.29525
2.72931 0.66256 1.05564 0.04362 1.03357
0.93909 0.78747 -1.98215 0.69232 1.81716
-0.48227 0.95636 0.72367 0.76897 1.48184
-0.08059 0.91214 -1.58048 2.26936 0.48263
-1.93493 -0.46915 1.05946 1.17725 -0.33132
-1.90828 -0.80414 0.00991 0.19803 -0.2807
-1.72024 0.82963 1.40629 2.36403 0.38319
-0.13179 0.26932 1.48428 1.93151 0.31576
1.0983 -0.65376 1.90495 -0.17936 -0.15265
1.16698 0.69764 0.42802 -0.2473 0.64553
1.11653 0.15467 1.71634 -0.53739 -0.10453
-0.13169 0.06993 1.1618 -0.76323 -1.95227
-0.41589 0.11223 0.19533 -0.79686 -1.31611
-1.26322 -2.08784 1.31448 0.99373 0.46142
0.31761 -1.58508 0.10723 -0.43738 -0.99817
-1.03465 0.35164 0.11582 2.30084 1.89734
2.1979 1.77711 0.35948 0.97642 -0.99135
0.27613 0.52842 0.72361 -0.211 -1.14397
-0.76017 1.45892 0.46697 0.56085 0.56433
0.01471 1.54519 0.91299 1.593 -0.38523
-1.49193 0.51937 0.73281 0.58402 0.50224
-0.83311 -0.01618 -0.55224 -0.08868 2.62304
1.17581 0.46929 0.64981 0.80324 0.67562
-1.34043 -1.81893 2.30694 0.58471 -0.67439
0.23866 -0.66676 1.55903 1.1703 1.08717
0.23171 2.3667 0.77335 -0.24436 -1.02821
0.28345 2.01935 1.41844 1.00419 -0.31606
1.29303 1.59519 -1.12989 -1.03009 -0.36161
-1.32173 0.95463 -0.15556 0.41801 -0.30825
0.59912 -1.49367 -1.45467 0.58332 -1.13402
-1.25762 -1.59757 1.68539 0.79664 -0.5122
0.66012 0.5583 0.14693 1.11922 -0.68319
0.39914 0.2082 0.78206 0.0009 2.33464
-0.69723 -0.1642 0.40989 0.04041 -0.71773
-0.94714 0.37102 1.19358 -0.67425 -1.79496
-0.51807 1.91821 0.78628 0.05842 -1.00945
1.89944 2.23758 0.51789 1.44999 -0.02037
0.68884 2.5601 2.20458 -0.06 -0.80649
-1.32411 1.88847 1.81834 2.12712 0.35594
-0.44152 1.83989 0.6066 2.59214 -0.73534
0.66217 0.7576 -0.24474 0.72952 -1.10907
0.27091 0.77639 -0.37201 0.62856 -1.20978
1.05309 -0.68883 1.00985 1.6464 0.79971
0.69213 0.2512 0.68234 0.07803 0.00491
-1.36528 1.44863 0.20478 -0.42137 -1.13054
-1.09901 -2.16473 -0.55796 -0.29002 -0.82877
-1.27615 -0.86774 0.34005 1.1025 1.08421
-0.20797 -1.17805 1.01687 0.70783 0.39807
-0.36286 -1.76393 -2.34489 2.14347 0.41774
1.41034 -1.39616 2.36208 0.63586 0.04671
-0.02273 -2.65389 0.61075 0.01336 -2.25638
-0.9771 -2.08871 1.31925 0.82254 -0.7515
-0.66135 -1.60039 2.04101 1.30067 -0.15471
-0.5816 -1.30331 0.19146 -0.03403 0.54071
-0.13371 -0.40996 0.09213 -0.53542 1.4586
0.53354 -0.255 0.16082 0.18084 1.86356
-0.67167 0.75217 -0.31958 1.22475 1.65958
-1.00521 1.16387 -1.04926 0.12633 2.58947
-0.68718 2.04132 1.75721 0.68596 0.47412
0.14572 1.76785 -1.99885 -1.38333 -0.25611
-0.39312 2.00902 0.51144 0.49832 2.32101
0.26773 0.8318 -2.46519 3.08229 1.02235
-0.79241 1.65681 0.05336 0.7122 0.52772
-2.05919 2.14432 0.03679 -0.04357 -0.74874
-2.29752 1.98387 -0.28629 0.63491 -0.88914
-0.92337 1.01 1.08568 0.28504 -2.02646
1.57181 0.1028 -1.24868 0.36019 -0.49877
-0.43634 -0.43521 1.60563 0.86042 0.40416
-0.40788 -0.19332 1.50454 -0.17398 0.93012
-1.17215 -0.42237 -0.07857 1.32866 0.32313
0.23328 -0.5839 -0.4264 -0.27367 0.01247
0.61108 -0.08795 0.41939 -1.02909 -0.4573
1.02287 0.83627 0.54555 1.38715 -2.03256
0.55301 0.70909 0.72649 1.66015 -1.41746
-1.36967 -0.1168 0.37222 0.63993 0.0884
-1.31689 0.48492 1.78268 0.6109 1.45382
-0.91738 1.5974 0.95999 -0.08214 1.52056
1.28401 1.76121 0.66777 -0.02498 1.04971
1.1736 2.68037 -0.56457 0.72768 -0.26052
1.68697 2.31405 0.30801 -0.51917 -0.67115
1.50074 0.66488 -0.63378 0.87626 -0.6797
0.04838 1.23533 -0.39913 1.79174 -0.69755
0.91741 0.77356 0.46485 1.03489 0.19397
2.22953 0.1807 -0.95555 2.30676 -0.52052
1.90699 -0.28082 0.10785 1.51069 -0.43517
-0.19111 -0.12852 -0.17101 0.89993 1.1213
0.43051 0.70532 0.01187 1.02293 0.05171
1.43191 0.03476 -2.05335 1.81018 -0.3387
-0.6741 -0.47019 1.57111 0.45618 0.24812
0.21123 0.84679 -1.17249 -0.22403 0.94096
-1.93214 -0.47733 0.29833 2.94684 2.25387
1.37906 -0.38251 2.8667 0.31312 0.25858
0.57406 1.33539 0.77899 -0.35843 -0.51384
1.99306 0.85822 -0.35466 -0.35231 -1.96307
0.75597 2.33168 0.74526 0.64585 -2.88001
-1.08549 1.42138 0.44271 -0.7777 -0.68992
-2.50397 1.45501 -0.80816 1.99387 -2.57672
-0.9278 2.29657 0.41495 1.79061 -1.10337
0.42542 2.1339 -0.46593 2.89773 -0.5684
-1.27587 2.24374 -0.86281 3.26898 1.08572
-2.51057 -0.20634 1.55249 2.34416 1.91846
-0.06154 1.80346 0.47671 2.48198 -0.52264
0.5047 0.87648 1.9384 1.14393 -1.14469
0.73036 0.16717 2.98807 1.95647 -0.91112
-1.57127 1.28387 1.28772 0.91882 -0.13346
0.47261 0.01522 1.13168 1.43774 0.58582
-0.48819 -0.04122 0.45359 0.05943 2.47597
0.3903 0.46615 -0.75453 -0.40146 0.16868
0.34241 -0.35597 0.00712 -0.86045 -0.20421
2.72855 -0.6489 0.16709 -1.37235 -0.00671
2.29479 0.07141 -1.15461 -0.26428 -0.43206
1.68837 -2.17665 1.65302 0.02324 0.47224
1.04963 0.26767 0.34193 -0.30234 -1.03869
-0.31272 1.09876 1.1116 0.80042 0.50972
0.71364 -0.67344 1.51106 1.51997 -0.0609
-0.50164 -2.53961 0.44968 0.12017 -0.12759
-0.75217 -3.16868 -0.5194 0.0615 -0.20279
0.4452 -1.74125 1.13167 1.62913 -0.64773
1.75554 -1.98887 -0.25728 1.56077 -0.79691
0.66457 -1.12943 0.80678 -0.19477 -1.09732
0.02571 -2.44372 1.65787 -0.2027 -1.30199
0.78144 -2.88859 -0.06985 0.80131 -1.02648
-0.39558 -1.89685 2.6415 -0.24963 -0.85554
1.29935 -0.31227 -0.1996 -0.27339 0.79271
0.50684 -0.4116 -1.32124 0.14391 0.56386
0.64821 -1.37091 0.44798 -2.0408 0.37698
1.2737 -0.9421 2.49245 -1.38227 -0.62715
0.56583 -1.19086 0.55966 -1.94461 -0.3936
0.09637 -0.54214 0.11724 -0.42873 -1.24079
-0.02449 1.07739 -1.09058 -1.29197 -1.3204
1.10257 0.94171 0.79373 -0.85038 -0.44162
0.77757 0.05849 0.97092 -0.20683 0.04201
-0.46482 0.83439 -1.49869 1.51755 0.70499
0.5179 0.78596 -0.76969 0.8349 -0.17836
0.85031 2.67959 1.42871 2.32455 -0.03975
0.39166 1.75876 0.40211 -1.31516 -0.3966
-0.3757 2.10111 1.19526 1.86221 -0.9884
0.06695 2.2668 0.25104 -0.43513 0.72315
0.28293 1.04213 0.21358 -0.52378 0.71875
-0.82344 1.59419 -1.44174 -0.13718 2.15573
-1.1431 0.68157 0.48975 0.39993 0.20024
1.00604 0.37847 -0.06495 0.75357 0.27512
-0.64654 0.61171 -0.55015 -0.70787 -0.75524
-0.13016 0.73218 0.24524 -1.05215 1.25895
0.77505 0.97898 -1.02112 -0.86123 -0.70226
-1.6328 1.86393 0.03392 0.80216 0.20495
-0.63101 1.63582 0.65133 -0.24747 1.1955
0.05013 -0.78237 1.00793 0.57219 0.09447
0.07194 -0.18935 -0.1127 2.69795 -0.44427
0.71033 0.33967 1.89705 1.49073 1.24064
0.84161 2.70052 -0.30801 1.18249 0.25045
0.20516 2.20387 -0.33957 1.56621 0.83041
-0.74285 1.17564 1.39525 2.61818 0.17538
-0.3238 0.63092 -1.53492 1.45231 0.1316
1.26059 0.56921 1.12077 1.01237 0.56219
1.11627 1.03051 2.03894 1.83993 1.53769
1.79213 -0.11635 3.5655 1.00421 -0.42967
0.57116 0.1689 -0.50669 1.12981 -0.65835
0.75731 0.16033 -0.6019 2.78331 0.85183
1.31956 1.90348 0.27645 0.80962 1.84473
0.90903 1.79243 0.32836 1.38643 1.00089
0.83717 1.33111 0.62504 1.97237 1.78121
0.89115 1.09875 2.10176 1.39781 -0.21947
-0.54385 -0.72656 -0.49904 0.98522 0.42497
-0.55891 -0.34853 0.39505 2.21913 -0.44835
-0.52298 -0.738 0.13871 2.49907 0.15255
0.11635 1.3568 0.63175 3.51491 0.3096
-0.10551 2.33693 -0.43312 2.65385 0.81058
-0.45678 0.00687 0.03128 1.70605 -0.12292
-0.21841 1.1257 0.67909 0.66191 0.75979
0.14988 0.4761 2.926 1.31062 -0.1596
0.93427 -0.05357 1.96339 0.33769 0.67333
-0.39009 1.45887 1.49615 -0.62117 1.64716
-0.57479 1.4587 -0.08308 -0.72425 0.90191
0.71035 0.47807 1.76017 -1.84521 0.53109
-0.80941 1.39386 0.77192 -3.71985 -0.69952
0.84498 2.36244 0.47502 -1.92491 -0.35623
0.61098 2.38465 -0.56559 -1.96509 -0.03682
1.84188 1.18872 1.32435 1.95917 0.54246
-1.24787 1.82834 1.44174 0.78711 0.64595
-0.34157 0.29236 1.30792 -0.54755 -0.40275
1.74022 0.29829 0.76464 0.85501 -2.2616
-0.51954 -0.83027 0.72165 2.03035 -1.60135
-1.62613 -0.60648 1.76021 0.72286 -2.47252
-0.46637 -1.70771 -1.07433 1.27249 0.11393
0.23343 -0.49069 0.08841 2.2013 -0.91853
2.4303 -1.69908 0.18152 0.825 -1.59527
0.88978 -2.71519 2.25174 2.47968 -0.50784
1.1354 -2.75742 0.30542 1.05687 0.54275
0.06676 -1.47419 -0.87717 0.80937 0.56798
-0.4117 -0.09337 0.27381 0.83152 0.46572
-0.59811 1.26816 -0.45347 0.39082 0.86917
-0.78268 0.45112 -0.00619 -2.98128 -0.22391
1.7937 0.47198 0.94327 -0.63802 0.36777
-0.36897 -0.41627 -0.23664 1.79679 -1.26425
0.21243 -1.44378 -0.20351 1.29305 -0.23941
0.23502 -1.1917 0.50643 1.03608 0.11744
1.507 -2.73798 -1.44901 1.46355 2.26812
0.66918 -2.52998 -0.6301 0.14451 -0.25075
0.298 -1.43772 -0.35421 1.24268 -0.1363
-0.76531 -0.40213 -0.05951 3.34028 0.12161
1.53415 0.23432 -0.61177 1.82356 2.05878
-0.89375 1.16555 0.42704 0.86019 -0.26156
0.07951 1.68295 0.10488 -0.15117 0.9693
0.08791 0.69515 0.41651 -1.0773 -0.64602
0.16062 2.12353 -0.10474 0.75761 0.73718
-0.42565 1.08654 -0.62973 1.46677 0.69583
0.09104 -0.75202 -0.22335 1.14761 0.01575
-0.61515 0.126 1.3412 0.20343 -1.12567
-0.3564 1.20313 0.71177 1.87844 -0.48946
-0.56805 1.45013 -0.56528 0.18845 0.2672
0.8147 0.40899 0.29704 -0.80756 0.37851
-0.17637 1.09936 -1.06933 -0.21547 -0.76874
1.59244 1.16821 0.57756 -0.30905 1.14449
-0.39049 0.54914 -1.00377 -0.22419 -0.1059
-0.99689 -0.80488 1.55789 0.50367 0.23074
-0.19215 -0.00343 -0.03882 1.57035 0.142
0.75264 0.40051 0.99206 1.05385 0.37964
1.84521 1.14328 0.57144 0.60366 -0.5084
-0.30661 1.02941 0.88147 0.94918 0.02296
-0.40959 1.16005 -2.03673 -0.1205 -0.02129
-1.19731 0.95685 1.21123 0.6081 1.32396
-0.96728 2.18346 0.06863 -0.8477 0.58445
-0.52071 2.18193 0.72687 -1.29948 0.35374
-0.29739 -0.39252 0.62185 -0.36196 -1.02216
-0.16157 -1.75041 -1.08407 0.19804 -0.82075
0.46302 0.51004 -0.32905 2.16035 -0.86744
0.98818 0.58984 2.12479 1.6914 0.05408
0.74456 1.56546 -0.89288 0.29858 -0.36784
-0.23827 -0.37405 0.82422 2.00734 0.10559
-0.54468 0.21566 0.60398 0.55517 1.11587
-1.24932 -1.02601 -0.44545 2.09804 1.14028
-0.83591 0.57475 0.66381 2.24521 1.54081
-1.65682 0.68365 0.14925 0.71786 1.17646
0.05047 0.7047 -0.37701 1.32663 2.09816
0.31343 -0.17894 2.35637 1.75738 -0.41137
-0.2745 -1.63409 0.79742 2.6157 0.87509
