1.6471 -0.29555 11.04308 -2.27048 2.44081
2.08483 2.71715 10.63355 -1.39497 0.97142
2.11985 2.42746 10.45322 -1.18734 -1.42149
1.87697 0.9364 11.17168 -3.14011 -1.59388
0.85083 -0.46221 11.23471 -3.60767 -1.17694
-1.10394 0.31871 11.20392 -3.87568 0.33631
-1.18175 -0.05574 13.66351 -4.15105 0.04087
-1.91221 -1.30791 12.02874 -2.60276 1.45785
-0.78396 1.3936 10.99897 -2.68435 -0.04727
-1.71221 -1.33811 12.40078 -2.12758 -1.47859
-0.65063 0.66497 10.48584 -1.4644 -2.62904
-1.64735 1.88969 9.57888 -1.83678 -1.37283
-1.91811 1.61513 8.04433 -1.20657 -0.01518
-2.48438 1.04698 5.83413 0.21765 -2.52389
-3.41052 1.05623 5.21677 -2.09199 -3.02362
-3.12287 0.57203 4.69972 -0.98415 -3.62352
-5.25193 1.62115 4.06827 -0.3405 -3.40706
-4.39496 3.45933 4.82263 0.0369 -2.52395
-3.32978 3.67359 5.68638 0.33644 -2.50175
-3.40817 4.40447 7.27621 0.97858 -1.58595
-3.34865 2.0599 6.70484 1.45007 -2.85176
-4.71342 2.97926 7.11932 2.11173 -1.76203
-4.9219 2.88765 7.53081 1.25026 -1.40847
-2.96881 2.9779 8.06523 1.25189 -0.41814
-3.93072 1.76661 9.92887 2.66347 -0.29041
-4.88651 1.95491 12.2946 1.38686 -0.7868
-5.03833 2.69876 13.84529 0.64172 -2.6737
-5.63267 3.23329 13.37431 0.53795 -2.26849
-5.26981 2.71035 13.82846 2.13926 -1.5446
-4.31622 2.68849 16.25355 3.87723 -1.64835
-4.94973 2.88909 18.29296 3.30958 -1.96534
-5.07537 2.5713 18.86943 2.37245 -1.27693
-5.00157 5.21311 18.41825 1.16436 -0.91413
-4.2169 2.37754 19.52152 2.13852 -1.78082
-4.66788 1.88038 18.25457 1.11212 -0.12855
-6.49963 2.05964 17.8135 0.87921 -0.30239
-6.02994 2.75422 18.11132 0.91376 0.77512
-5.62461 2.25312 18.03174 1.42628 0.02514
-3.14029 2.39474 17.09618 1.0726 -0.00176
-4.71595 2.9271 16.26356 1.76995 0.87624
-3.32607 1.9385 16.44747 1.81419 -0.24432
-2.19209 1.00734 16.25506 1.99851 -0.9799
-1.61036 3.44926 14.87571 1.03943 -0.87675
0.48942 2.15073 14.79162 0.23445 -2.1243
1.50713 0.49789 16.61471 -0.33253 -2.53074
1.38516 0.72268 15.96118 0.65324 -2.28924
0.88669 0.37021 15.77154 -0.67173 -2.58605
0.07286 2.40841 16.28247 -1.56127 -3.0894
0.63939 3.28454 15.64364 -1.80682 -2.50872
0.94107 2.47206 15.52672 -0.48534 -1.24446
1.63511 1.67633 16.1189 1.10452 -1.82831
0.41634 1.88862 14.87642 1.38211 -0.77638
2.44733 1.10968 15.43699 0.99504 -1.33109
0.17319 2.04405 14.0367 1.35202 0.20155
-0.05352 1.95537 13.60333 1.82258 1.07292
-0.9958 -0.26581 11.41516 0.05386 1.19992
-0.97615 -1.01637 9.14039 -0.31002 -2.02062
-0.9832 1.16486 9.3989 -0.08622 -1.37508
-0.58276 0.79059 8.22671 0.34271 -1.55251
-0.75344 -1.25574 7.75953 0.81599 -0.636
-0.41865 1.21268 6.22841 0.85539 -0.17233
-0.52672 0.28914 5.38151 -0.2742 -0.60799
-0.44094 -1.01392 5.97234 -1.0832 0.50768
-0.63168 0.5613 5.88701 -1.97579 1.64851
0.17164 0.73366 6.34431 -2.06762 1.27174
0.02925 1.22113 6.03345 -3.39399 2.56379
0.49542 0.70883 7.2866 -2.1164 3.02202
1.33918 0.13672 5.40064 -1.62903 1.44193
1.71265 0.77882 4.09382 -0.69325 2.10985
0.99764 2.03826 4.40985 -0.38429 2.83431
1.61973 1.00687 4.97912 0.18786 1.93944
1.01844 1.68379 6.14484 -0.41641 1.50204
-0.49536 2.4186 5.12078 -0.79004 1.9433
0.3616 2.04325 4.16958 -0.35352 1.59032
0.43316 2.41964 4.60844 1.23149 1.87719
1.9029 -0.90142 5.12037 1.41577 2.68487
2.02328 -0.51573 2.90651 2.37178 4.24565
3.56433 1.3406 4.80496 2.80048 2.65584
5.73593 2.96664 4.01796 2.02847 2.39068
4.91112 3.20095 3.0339 0.03733 2.39403
4.32902 3.82573 3.17058 -1.59037 3.03023
5.92852 2.1259 2.40846 -0.65253 1.2562
5.78424 1.69932 4.77814 -0.19846 1.53288
4.87054 3.76915 5.70611 -0.17516 1.79736
4.81935 4.41031 7.24344 0.91119 1.88864
2.28254 4.02861 10.20062 -0.71325 1.96762
2.72832 4.68364 11.59139 -1.36257 0.42401
2.95537 3.45526 10.87861 -1.5304 -0.05261
4.16164 3.66841 11.0577 0.14508 1.10406
4.31756 2.39369 12.79944 0.43939 2.30474
2.55659 1.04194 13.41649 2.47273 0.84201
2.87086 1.88928 11.87344 1.84291 0.17781
2.73225 1.36467 13.05006 1.09779 1.34193
1.99104 1.91076 12.4979 1.00823 -0.45353
1.25266 1.5144 12.96224 1.51857 -1.08783
1.59224 3.337 12.86007 2.30162 -0.20435
0.92316 1.815 13.41504 1.29315 0.39766
-0.72524 1.71846 13.13368 0.2888 -0.5658
-1.90725 0.56159 14.12448 1.78852 -2.02164
-2.38811 2.26794 13.73506 0.94288 -1.84513
-2.77583 3.5031 14.12991 0.64135 -2.52649
-2.46995 1.90674 12.926 2.84086 -2.36384
-2.64254 3.18865 12.7521 2.81932 -2.46954
-3.15087 4.6754 12.50436 0.82673 -3.24282
-1.14238 2.90017 11.84141 0.15896 -2.9813
-0.98071 0.2583 12.88442 -0.48565 -3.02005
-1.46752 2.554 13.35408 -1.75011 -3.18296
-2.09055 1.41885 12.12204 -0.77156 -1.49295
-2.52628 0.57519 12.45966 -0.61982 -2.63236
-1.64791 1.33809 12.54741 -1.31372 -2.90681
-2.03976 1.23908 12.06049 -1.98634 -2.80027
-3.58985 1.48731 11.80537 -1.40027 -2.24753
-5.61373 2.53445 11.65196 -1.48431 -2.97153
-5.65964 3.27595 11.77412 -0.72755 -2.85991
-6.40708 4.78008 8.99044 -0.08495 -2.22772
-4.92235 4.34815 10.73874 -1.55966 -1.03738
-4.83444 2.93706 11.21539 -0.83973 -0.57879
-4.38445 0.88261 12.36829 -0.17692 -0.72881
-4.5737 1.88734 12.99228 0.17451 -2.28329
-3.87123 2.07933 14.47762 0.86502 -0.92307
-6.38177 1.71286 16.02352 0.61063 -0.52041
-6.35073 3.18369 16.8241 1.07367 -1.4107
-6.21817 3.2033 16.65991 -0.23308 -0.89281
-6.00476 2.23605 16.24712 0.31881 -1.16154
-6.30457 2.64014 14.89156 0.77007 -0.9218
-4.67906 3.5127 13.87751 0.81974 0.4639
-3.17203 1.23355 14.80545 0.5851 -0.99478
-3.53229 0.88068 13.89236 0.88066 -1.80684
-3.11549 1.8574 11.71529 -1.59074 -2.1895
-3.655 3.45375 10.66817 -2.11896 -1.71283
-2.23262 3.28501 11.58948 -3.52716 -0.2669
-1.29055 2.83351 13.90599 -3.27138 -0.25274
-2.89388 1.46988 14.07255 -2.92827 -3.00573
-2.34694 0.2222 14.26412 -2.07328 -3.76087
-2.93727 3.20224 14.86792 -1.74007 -2.72462
-2.38379 3.21859 15.39867 -1.54995 -2.80355
-1.67514 2.85472 13.62799 -2.72838 -3.50397
-4.16243 2.37648 12.52698 -0.90977 -2.91391
-6.77985 3.07583 11.29844 -1.39068 -3.59938
-5.71775 3.57786 11.6237 -2.67018 -2.57673
-3.55228 2.77654 11.57644 -3.48182 -0.30977
-4.82074 1.05352 10.67472 -3.63711 0.71055
-4.28359 0.70049 11.68191 -3.45857 -0.88847
-1.14951 0.55441 11.61432 -2.08181 -2.04756
-0.56204 0.82372 10.13953 -0.71095 -4.16853
-0.608 3.1888 10.18615 -2.55971 -2.41235
-2.09649 3.17557 10.19744 -2.64576 -1.01732
-2.4993 2.22156 12.32885 -1.43474 -1.00415
-0.55987 -1.70595 12.13833 -1.50143 -1.23103
-1.4102 0.68302 12.04089 -2.06937 -2.9732
-1.33579 1.82005 10.78285 -0.93555 -3.27065
-1.50722 0.37617 10.82254 0.06919 -1.89359
-3.11397 1.85208 12.94848 -0.27731 -1.3922
-3.76758 2.28027 11.39964 -0.5538 -2.39668
-5.54097 0.44905 11.29721 0.8001 -2.84441
-7.39155 1.60873 12.70379 -0.50696 -2.63733
-7.37767 4.73473 11.99393 1.00494 -4.1041
-9.25961 3.02483 12.87061 -0.4777 -4.19022
-8.53038 4.49268 14.52764 1.27474 -3.74779
-9.30389 4.4991 14.2376 1.63399 -4.45452
-8.96536 2.37959 14.85885 2.09949 -5.09759
-9.31064 2.69343 14.97987 0.60244 -3.86221
-7.96134 0.93759 13.21032 -0.96983 -1.11522
-8.0396 2.41768 13.14271 -1.7063 -0.8666
-8.36896 -0.809 11.09451 -1.32381 -0.47481
-8.38302 1.3831 10.33723 -0.18935 -1.06754
-7.20644 0.59503 9.61109 -0.9192 -0.64573
-7.17292 -0.20161 8.19492 0.562 -0.79995
-6.945 0.56465 7.78 -1.13418 -2.01552
-4.46981 -0.16659 6.15422 0.0275 -2.57767
-4.43087 1.04063 6.94887 0.69546 -2.83939
-4.59217 2.42122 5.72339 0.98959 -2.85969
-5.17065 2.84844 5.90215 0.26052 -3.96676
-4.32211 4.01034 6.07391 -0.25097 -2.50458
-3.53008 5.01848 6.29283 -0.3612 -0.17786
-2.68781 5.09217 7.95818 0.68976 -0.89253
-3.78083 4.03051 10.13818 1.07808 -0.11147
-2.36466 2.27076 10.07092 2.18247 -0.2694
-2.51095 1.29135 11.33985 1.58895 1.16699
-1.34198 1.50227 11.62802 2.21109 1.49662
-0.72685 -0.18295 11.59984 1.05979 1.75417
-0.60534 1.26969 9.07297 1.62436 1.63943
-0.7022 -0.00255 9.72987 1.47923 1.00624
-1.89581 2.62873 9.37928 2.44255 0.35141
-1.78853 0.31445 10.67592 4.45292 1.94706
-3.20959 -0.16692 9.30772 3.97063 2.73314
-2.94749 3.1454 7.46788 2.26363 1.48586
-1.54162 2.01367 6.58432 2.53349 1.68064
-0.72984 0.76826 6.43783 1.96049 2.29237
-1.13303 0.83905 4.7786 2.04434 2.57977
-0.66056 0.94173 4.56539 -0.59227 3.73793
0.69998 1.35984 4.7815 -0.75014 3.46449
0.92324 1.4178 4.00684 2.31323 2.21606
1.79914 1.13968 1.51552 3.55344 1.19598
3.80283 1.40135 0.97334 3.01829 0.21211
3.59895 0.90102 0.7806 3.57092 -0.51971
3.58604 1.58854 1.29904 3.40409 -1.65762
0.66893 1.98696 0.72139 2.31012 0.2431
0.13383 1.19117 1.8356 2.87949 -0.6462
0.67769 2.85216 3.66034 2.96664 -0.82756
-0.22282 2.91495 8.40656 1.58812 0.06171
0.41562 0.3889 9.24772 1.79073 0.25914
1.35828 0.02926 9.14436 0.36791 1.01575
-0.1867 -0.10331 7.56128 -0.40811 0.00175
1.48109 -0.69966 6.73085 0.66457 -1.67867
1.70584 0.96546 8.37249 1.00246 -1.12109
0.27793 0.63419 8.85914 -0.21377 -1.7504
-2.46313 2.34748 6.69676 0.76305 -2.95768
-3.15755 1.65281 6.36156 0.48236 -4.16051
-3.20549 0.01691 5.13606 0.12137 -4.35842
-2.90458 1.22923 3.74618 1.51231 -2.95506
-1.80932 1.6797 1.19148 1.81604 -2.94729
-1.42296 3.68265 0.71542 0.09352 -2.43989
-2.5244 2.25154 2.04929 -0.69641 -1.72178
-3.12411 0.95301 3.42948 0.7388 -1.14913
-3.79131 2.25734 2.94642 0.56304 -0.71913
-4.53647 1.15488 3.73396 1.06672 -0.01642
-5.24341 2.50221 5.38112 -1.17144 -0.25721
-5.47029 1.59683 4.96291 -1.78192 -0.30275
-4.14609 2.94979 6.66767 -0.06956 -1.27142
-3.58485 3.89823 7.24507 0.47066 0.24
-1.98855 2.67593 7.29698 0.73069 1.09311
-1.14789 4.38117 7.89021 0.64573 -0.10301
-1.83556 4.00485 9.24451 -0.69595 0.38305
-0.15674 2.68953 9.71612 -0.61228 0.69314
0.05147 1.59105 10.81259 -0.52197 -0.77688
0.37434 3.41564 10.48097 -1.68908 -1.17033
0.42208 1.6404 12.71317 -1.84038 -2.46676
1.96063 2.21367 11.4287 -1.31546 -1.75854
0.08173 0.10334 10.67664 -0.90092 -3.62307
-0.59875 0.57072 11.83492 -2.12363 -4.0093
-0.01081 1.66117 10.62333 -1.43978 -1.5576
0.15098 1.82987 8.5282 -1.86705 -0.19425
0.95648 0.83651 7.57264 -1.49525 -0.89642
1.73576 -1.40078 6.8316 -2.30209 1.51825
1.60711 -1.34542 4.89987 -2.12892 0.89528
1.96041 -1.16982 6.03628 -0.39787 -0.65006
1.20069 2.18141 3.91929 0.77934 -1.37946
0.2214 2.66278 5.0178 0.06075 -1.66586
-0.45551 0.25824 5.84512 0.22172 -1.86896
0.13065 1.04424 6.12419 -1.26738 -2.03119
-0.82146 -0.10825 6.46454 -0.84526 -2.2796
-2.42003 0.65419 5.72062 -0.2379 -2.09058
-3.42927 1.04695 6.24816 -0.79673 -1.06687
-1.96665 0.44625 6.53888 -1.85131 -1.33518
-1.49587 2.4718 5.61263 -2.3222 -1.04657
-0.96183 4.06882 5.55496 -1.65705 -0.75485
-2.5294 3.01317 6.49928 -1.84482 1.41942
-0.68535 0.58931 7.70486 -0.28958 0.82618
-0.09058 1.60035 8.38107 -0.49716 -0.89773
-0.37271 2.23498 8.83773 -1.64903 -1.85062
-1.59804 1.75129 9.70743 -1.35646 -1.80975
-3.62178 0.77409 9.65118 -0.1669 -0.74022
-2.17325 -0.98405 9.82023 -1.24243 -1.03954
-1.16099 -0.39861 9.57693 -1.58352 -0.71535
-0.22482 1.2735 7.09668 -2.73935 -0.31771
-0.47928 0.92692 8.05647 -2.42536 0.6987
-1.28731 -0.71286 7.37407 -2.06175 0.88547
-2.36915 1.44955 9.0489 -1.83856 0.16731
-1.2215 0.78428 8.83474 -1.76921 -0.40433
-2.27195 -1.35462 9.95504 -2.46146 -1.49444
-1.30688 0.95723 8.22049 -3.33607 -0.17515
-4.04245 0.18343 7.07593 -4.11729 -1.46146
-3.10452 0.6542 8.73888 -2.74701 -1.1787
-0.82207 0.25318 7.37597 -2.8457 -0.77326
-0.20381 -0.62431 6.70616 -2.38858 0.31105
-0.06921 0.00085 7.72398 -2.04742 -0.0563
0.74364 0.03015 8.34251 -2.60533 -0.01301
0.78749 -0.28309 9.13012 -0.72199 -1.22627
1.18598 -1.4562 8.9938 -1.87798 1.88943
0.29206 1.2067 7.07977 -2.13877 0.39134
-0.12994 0.86578 5.47853 -1.73976 0.8727
-2.30612 1.22692 4.65571 -0.47839 1.79238
-0.51627 0.52881 3.37076 1.09197 3.51085
0.90848 1.19764 2.51601 1.36662 2.54825
0.72687 4.52758 3.41757 1.42878 1.42767
-0.21535 2.62971 4.24368 -0.54226 0.57126
0.35586 2.11775 5.00155 -1.75482 1.15932
0.09039 1.69637 4.62921 -2.90998 -1.23708
1.68842 1.38774 3.00945 -4.01867 -3.04458
0.52203 1.37412 5.31732 -2.04005 -3.38111
0.44059 3.04601 5.03984 -0.68571 -3.7166
-0.06167 2.62665 5.1645 -0.91675 -4.00836
-0.57952 3.60728 4.9764 -1.64753 -4.41276
-1.74126 1.66449 5.811 -1.18962 -2.68313
-1.97582 2.05008 5.71833 0.05309 -0.56764
-3.25879 2.81657 5.84431 0.52763 0.34684
-2.82401 1.17505 4.82843 -0.76691 1.36956
-1.88479 0.37085 5.85503 -1.31759 0.22664
-0.13422 2.62731 5.2554 -1.97994 1.04697
0.01594 1.26613 4.47734 -2.17309 1.93833
-0.89587 0.87241 5.89447 -1.18713 1.34551
-1.87161 -0.24051 6.12259 -0.96681 2.20688
-1.41675 -2.76519 5.148 1.11243 2.54675
-1.51119 0.87952 3.60756 0.82329 3.09452
-1.12703 2.32196 5.19709 1.67219 3.16309
-0.30552 1.82676 5.80806 0.9509 3.93696
0.56729 2.41047 4.80301 0.47659 3.69587
2.01876 2.46306 1.821 1.26252 4.46516
1.42264 1.9003 2.29565 1.20622 4.90212
