0.30304 5.20857 -0.50275 3.45844 -2.33714
0.82337 6.43774 -2.02021 2.30204 -1.93213
1.56836 6.96946 1.55971 -0.39789 -2.14202
2.04071 6.78039 0.64279 -0.19055 -1.23012
3.20235 5.38346 0.6774 -0.31359 -0.2561
3.01644 5.23797 1.26229 0.76967 0.39845
1.70212 5.19253 0.3297 0.50037 1.52969
2.81342 5.03256 -1.2484 2.08979 0.9172
-1.27567 7.33491 -0.63375 1.15703 -0.38757
1.48045 9.32864 -0.20042 2.54706 0.431
2.17367 8.09503 0.10482 1.29212 0.08595
2.73632 8.68733 0.18235 0.2973 -2.06721
2.02696 7.57997 0.2367 1.66261 -1.90034
1.70277 8.16156 -0.47212 3.53406 -2.85613
2.53309 11.2228 -1.1707 2.26134 -0.08862
2.21586 10.78978 0.25371 1.31369 1.18393
1.47757 8.44773 0.74053 2.31668 0.35897
1.64005 8.64909 0.09102 1.72318 -0.9797
2.02041 10.28555 -1.5001 0.23303 0.31198
2.72445 7.57417 -1.25023 -0.22068 -1.89868
3.35426 5.16345 -0.50629 2.42468 -1.38206
2.0904 7.22092 -0.66969 1.82089 1.14565
0.54562 8.74061 0.94879 2.5743 0.51842
2.83978 9.32769 1.50382 1.38679 2.33456
2.68718 10.30269 0.99983 -0.71787 1.84386
3.98422 9.93855 1.57311 1.5943 1.13859
2.95922 8.10241 1.69351 0.53317 2.3272
2.90727 8.11573 2.12844 0.84267 1.26246
4.66282 7.63932 0.55492 2.9721 -0.63472
1.87772 8.9949 -0.56652 2.4465 0.29001
1.97456 9.23861 -1.13159 1.95794 0.0421
3.03491 9.96671 1.79395 2.95757 0.51523
2.98962 9.92422 0.92291 3.88815 1.7652
3.01162 9.30405 0.27308 2.45647 1.62417
1.13144 9.42848 1.15094 2.22417 -0.23556
2.39112 8.88978 1.90122 2.80038 0.19647
1.64259 8.04874 1.02841 0.65935 2.68357
2.47916 7.8954 0.85728 0.38108 1.61635
3.02241 7.62555 0.09919 1.11726 2.92431
0.00263 8.5026 1.52614 2.15775 2.83402
2.34974 9.56015 2.11187 2.98288 3.19134
2.90298 9.85408 1.31531 2.10229 3.63144
2.27646 10.04558 0.88918 2.46024 3.43023
3.06638 8.93932 1.43354 1.51044 3.2564
4.21864 9.96704 0.86045 1.85881 5.0479
2.6676 11.061 -0.2876 0.88464 5.3344
3.04764 10.87699 -1.06631 2.00945 6.63745
3.43674 10.90342 0.12055 2.01609 6.34399
4.71292 11.14108 1.26359 3.34088 5.40031
4.30446 8.79217 0.67366 4.39762 6.01996
2.37655 9.95154 -0.88425 3.80765 3.6097
1.06593 11.6808 0.6086 4.53166 3.63591
-0.54537 12.6362 2.18134 4.7259 1.98897
1.80246 12.91432 3.00173 3.1927 0.45709
4.88253 11.47913 2.01868 2.03353 0.54885
2.27283 10.04608 2.47968 1.51121 2.51625
3.43804 8.61408 -0.11487 3.58495 0.41556
1.86521 9.60881 -0.34369 1.99536 1.02564
0.89294 9.7195 -0.03886 3.55961 3.60992
1.93462 8.2336 0.47686 2.87068 2.82647
0.67785 7.79851 0.53914 2.67635 1.65723
2.71334 8.2895 0.40834 1.40656 1.6528
2.58695 7.29996 -0.48853 2.03483 0.10162
0.82303 7.42882 -0.06422 2.74034 2.24752
1.58887 7.50981 1.96989 2.25582 1.90967
3.64684 6.16853 2.21207 2.00638 -1.16902
2.10622 5.7781 1.51618 1.05411 -1.53031
1.99883 5.21113 0.16434 2.14552 -2.14246
1.64808 4.90751 1.04336 3.6965 -0.34433
0.90142 8.98585 1.03903 1.77109 2.00362
2.23648 6.85841 0.55325 2.12843 2.4311
4.88058 6.83471 1.99974 2.1452 0.5179
3.14374 8.20775 0.06727 3.32643 0.52356
0.63022 8.18811 0.95504 3.64647 1.74726
3.17305 8.26406 -0.90859 3.29268 0.38709
1.12503 10.53458 0.14425 2.14864 -0.71646
2.34964 11.30816 0.67946 2.5134 -1.39461
2.46863 9.76085 1.38864 3.16313 -2.42206
1.62761 10.2293 2.61139 3.57267 -2.63276
1.90435 11.28447 1.00984 3.01279 -1.01339
4.93735 10.97197 -0.42097 2.49114 0.72344
2.13477 9.07495 -0.50024 1.79585 0.51748
3.34807 9.63571 0.52534 2.66689 0.32294
1.38191 8.49897 1.1393 2.94871 -0.96397
2.66524 8.91313 -1.09881 2.74424 -1.59782
3.58602 10.43359 0.43726 1.92513 -2.82764
2.27066 9.21282 -0.5593 3.2733 -1.55237
2.04308 10.79116 -0.30289 3.22564 -1.35014
2.04871 11.84307 -0.27031 2.68536 -2.40219
4.29266 11.02552 1.13467 2.90574 -1.81458
1.30225 11.22319 1.63757 2.44878 -1.45534
1.9061 10.7026 0.20756 3.63762 -2.54807
2.2574 10.37177 2.03023 2.53601 -1.77316
4.07577 10.29138 1.97252 2.80903 -0.60901
3.03061 10.5989 1.06372 3.44241 0.39165
2.03136 9.25915 1.44798 4.49354 -0.10913
3.54135 7.67951 2.41709 2.33269 -2.3154
3.50105 8.38964 1.63679 2.73999 -3.61878
1.02705 9.31549 0.88239 0.80743 -2.74825
2.39281 6.4686 0.38278 1.0763 -1.6647
1.63515 7.54808 -0.17958 1.49385 -1.61988
3.19052 8.31129 -0.58241 0.80708 0.26538
1.26448 5.89941 -1.02106 1.14487 -0.52079
0.71518 4.42208 0.13223 2.67875 -0.15215
-0.14819 6.30104 -0.69192 3.19842 -0.58982
1.82517 8.26388 0.43803 1.48391 -0.65565
0.95405 5.93916 1.3338 1.84636 -0.2426
0.25833 5.21172 1.14434 3.54222 -0.44391
1.06537 5.18498 2.03126 0.61826 -0.92795
0.80748 4.64906 2.69154 0.13807 -2.37099
1.39387 3.69545 2.22006 0.87264 -2.09681
2.39474 3.18648 -0.22856 -0.58585 0.02336
0.88213 5.11024 -1.86834 1.19858 -0.39525
2.32948 4.53992 0.36394 1.69659 0.05836
0.41137 2.92129 0.18123 2.39599 0.06801
1.1974 3.81215 1.36212 1.33074 0.87175
0.73525 2.5874 -0.62221 0.57217 2.69097
0.86935 1.86825 -0.04961 2.60115 0.14898
-0.14437 2.01124 -0.75091 1.80565 0.26079
2.5825 1.99703 1.94775 0.66147 0.68138
1.73186 1.22593 1.34352 0.1987 0.67266
-0.20281 0.20189 -0.48357 2.452 0.09134
0.74304 1.65181 0.90788 1.30188 -0.17306
0.00915 2.57592 1.00183 0.42056 -0.67444
1.07369 2.66913 0.93672 -0.52654 -2.47865
0.33048 1.60662 0.31726 -1.0458 -0.41674
0.98876 0.46993 -1.95306 -1.17712 1.05211
0.98874 0.10781 -0.97146 -1.30509 2.33083
0.43255 2.77931 -1.10196 -0.67657 2.23627
-2.03374 2.93673 0.47716 1.46658 1.16694
1.31317 2.6969 -1.3905 -0.06269 0.80487
-0.51409 0.09712 -1.95352 -0.66721 2.01808
-0.77424 1.01508 -2.095 0.61769 1.72415
0.50723 0.6855 -1.56631 -1.13664 2.39277
-0.58843 2.08639 -0.66535 -2.8085 1.51774
0.64835 1.96685 -0.51641 -1.36514 3.54317
1.623 1.80034 -2.1163 -1.75057 4.26294
0.6086 1.55734 -2.5414 -1.04402 3.12299
1.42887 0.64956 0.02461 0.06367 2.75008
0.56628 0.55026 -0.29676 0.37845 3.18064
0.71133 0.60898 1.38146 1.29612 3.74769
0.65291 -0.12629 0.76748 2.00231 4.40783
1.815 1.50536 -0.38629 1.21964 3.66217
2.30592 2.18954 -0.34662 2.97857 3.13356
1.02813 4.38207 -1.54561 2.52511 4.24425
-0.31693 5.72726 -0.84244 2.02598 3.50758
0.59552 6.39065 0.34374 1.49244 4.51442
2.6931 8.21102 -0.53139 -1.01617 2.87694
2.70733 8.05164 0.0566 -1.71444 1.51835
0.66015 7.15303 1.59235 1.51762 -0.18366
2.03202 7.81211 -1.20656 3.84876 -1.45385
1.47196 8.64215 -1.00473 2.12798 -1.74664
2.71537 9.44185 -0.61316 1.30884 -0.23912
2.391 8.58881 0.09092 0.48833 1.10458
1.49476 7.70657 -0.42575 1.46963 1.22785
0.93076 9.33274 -0.53333 2.53928 0.60667
2.30272 9.61576 0.00338 2.20096 -1.06907
2.81682 8.7059 -0.85746 2.7268 -1.7114
0.98506 7.93245 -0.13967 2.63376 -0.10232
2.23417 7.72103 0.58018 2.68288 -0.44319
1.40677 7.54384 0.91619 2.69219 1.59145
0.28064 7.37161 0.88348 0.52808 0.14593
2.47228 4.89826 1.28008 1.91815 0.89936
1.24306 5.30685 0.85335 -0.36525 -0.05433
1.14327 4.75633 0.84017 -0.03732 0.37047
0.88759 4.50626 0.66198 -1.01302 0.67291
1.63594 4.73595 -0.19484 -0.71565 -2.42591
-0.31791 4.66974 -1.35178 1.21176 -3.21909
1.99405 5.41577 0.61854 1.46829 -3.41082
1.01842 4.74125 0.41149 2.102 -3.57991
2.93978 5.10906 0.17308 0.39259 -3.82486
0.57074 3.65135 1.4731 0.49999 -2.90025
0.78248 3.93177 0.44178 0.87955 -2.72772
-0.01859 5.02128 -1.58932 -0.54864 -2.40008
1.20718 4.85894 -2.79457 0.75819 -1.62315
2.55176 3.18916 0.79389 -1.80978 -0.59307
0.46689 1.60766 0.70184 -2.06466 -2.2988
0.44108 -0.27141 -0.23365 1.31126 -1.46143
-1.15494 1.57396 -0.21353 0.82476 -1.84977
0.83462 0.3379 -0.18502 -0.69231 -1.35994
0.81835 1.233 1.93721 0.41915 -0.68631
0.5394 1.09217 1.15624 0.66918 0.62947
2.05658 2.28277 1.28101 -0.02594 1.1657
0.84334 0.17641 -0.3647 -0.62451 0.6842
-0.27404 -0.33026 -0.2508 0.10651 1.07761
0.08056 -0.35311 -1.79821 -1.12179 0.06833
0.32351 1.0128 -1.57358 -0.8833 -0.36378
-1.23327 1.51483 -1.33132 1.15263 -0.09843
-0.7006 0.3982 -2.10378 0.60786 -0.99833
0.62952 0.84695 -2.98431 0.56597 -0.8784
0.30176 1.70971 0.34309 -1.23542 -1.51474
1.06493 1.98004 0.62956 -0.07119 -1.07979
1.88019 1.1493 -1.10587 1.483 -1.53888
0.95616 1.01274 -1.34608 1.63699 0.14362
-0.36678 1.64042 -0.95176 1.38638 -0.81518
1.00523 0.49784 -0.9193 0.63823 -1.59147
1.92181 2.31217 -0.85947 1.45585 0.17783
1.76781 2.11402 -1.00222 0.53347 0.11496
1.42016 0.93938 -1.30006 -0.24862 -0.96371
-0.68499 0.42364 0.4803 1.45087 -2.33394
0.09235 2.17628 -1.20243 1.43767 -1.2751
-1.82266 4.05054 -0.6242 1.40254 -0.69466
-0.67891 3.88432 -0.69055 0.92009 -1.13157
1.75944 2.957 1.09767 -1.34841 -1.51702
2.01193 3.5308 0.70233 -0.90803 -2.3485
1.07742 3.06501 -1.36062 -1.13724 -1.8929
0.13151 2.44944 -0.25857 0.00681 -3.01769
0.58435 3.33718 -0.04624 1.13872 -2.82886
0.1032 3.68906 0.50839 0.48552 -0.23255
1.45045 2.8347 -0.40987 1.17239 -0.08263
0.28924 2.93591 0.92502 0.65306 2.16701
1.15224 3.26263 0.3133 2.19116 1.3529
1.23283 4.54002 0.85075 1.50637 2.22482
-0.6246 5.39789 0.46683 1.77452 1.49798
1.67293 4.00949 2.11574 2.17149 3.37469
2.42819 4.11871 0.04803 1.11315 2.02007
2.38264 2.75761 0.19175 1.01224 2.03952
0.82308 2.30044 1.51394 0.94489 -0.18328
-0.70771 4.559 1.08707 2.166 0.42971
0.49633 5.63649 -1.5191 1.70417 0.10543
1.17847 7.2093 -0.28661 2.65138 1.81532
2.34663 6.08412 -0.32805 2.51799 2.40921
2.78766 6.17979 1.01456 0.19652 1.57402
2.03466 3.19076 2.8877 0.73739 3.31873
2.12488 3.07629 1.86354 1.06937 4.45952
-0.36208 3.05549 1.45789 0.35809 5.33959
2.69709 2.98593 1.29181 1.82375 4.85119
0.81507 6.22766 -0.49256 3.32741 5.89368
1.05798 6.85027 -1.21879 4.18576 5.97854
0.9922 6.68944 -1.61846 2.8461 4.65747
2.10772 7.53492 -2.06027 1.8361 3.96443
2.65222 7.35213 -1.91725 1.08962 3.11365
1.37288 5.5429 -0.64344 -0.02486 4.34266
2.05647 3.67674 0.46257 0.56291 3.57133
0.9781 2.83653 -0.8483 0.81321 2.37429
1.07729 3.64455 -1.47907 1.36748 2.23015
1.39386 3.69178 -1.40979 1.89235 2.01007
1.19051 4.91764 -0.68229 1.64828 2.73282
1.2791 3.72296 -0.02728 1.09419 3.08284
2.41819 2.20797 -0.47128 2.83358 3.22454
1.74074 3.99026 0.18053 3.00371 3.25258
1.79274 2.80112 0.61374 2.83474 1.14963
2.54158 3.37217 1.34279 0.75876 0.60536
0.73888 4.85659 1.1225 1.35428 -0.65952
1.99189 5.24339 1.6394 5.06024 -0.15968
-0.26586 5.44109 2.28487 3.21566 -0.47262
1.1199 6.44878 1.7647 3.6648 0.02042
1.95527 6.19149 -0.15006 2.62261 -1.35124
0.6915 8.18241 0.47774 0.14886 -0.78468
1.28862 6.85698 1.44422 0.18571 -0.11106
2.41246 5.17509 1.03467 -0.7116 -0.81822
2.20852 5.35043 -0.88145 -0.68097 -0.01237
0.8322 4.60593 0.98569 1.07103 0.94604
2.18873 4.25535 0.67063 2.65861 0.03685
1.3871 6.47736 -0.21414 1.04066 -1.2824
0.01653 5.88611 1.08608 1.02837 -0.26131
1.65038 5.53614 0.4797 0.33007 -0.29954
1.54958 4.89395 0.21738 -0.08351 0.81164
0.40138 4.48782 0.26207 -1.66168 1.46922
1.5978 3.6941 -0.37295 -2.25763 1.20589
0.06464 5.66998 -0.11035 0.16587 0.41157
-0.15239 6.50161 -1.49163 2.11059 0.69148
0.39019 7.1799 -1.58022 2.14968 -0.21033
1.85056 8.30736 -0.41631 2.37178 -0.96312
0.36215 8.84275 1.23133 1.46932 -1.44141
3.75798 7.31445 1.50261 0.57932 -1.24247
3.14263 6.65126 1.09058 0.87391 -1.82375
1.7967 5.16364 -0.27563 2.13394 -0.92894
0.70504 4.67169 -0.99459 2.3848 0.12563
1.02658 5.60414 -0.1404 1.51978 0.23473
0.82082 4.7006 0.12732 -2.20655 0.69646
2.65006 4.22398 -0.46691 0.48139 0.09531
2.17564 4.0588 0.9705 0.69848 -0.51021
3.52828 5.50436 -0.5404 3.18628 -0.81772
0.82943 6.50173 0.24936 3.51341 -2.4576
0.70972 8.86656 0.19928 2.95183 -3.33398
-1.02121 9.72997 -0.32492 3.83137 -3.47208
2.09646 12.15148 2.52863 1.69193 -2.88213
3.43137 10.78373 4.17544 1.80548 -1.17929
2.87748 10.11663 1.34267 1.36983 -0.9574
0.53583 8.4005 0.27225 2.0862 -0.7122
3.28191 8.70969 -0.75259 1.54129 1.1428
1.55741 9.49617 0.54277 1.0725 0.94246
2.09898 8.56907 -0.0695 3.58069 0.10703
0.99243 8.71522 0.60504 1.71483 0.91667
2.56501 8.01885 0.94923 3.16634 2.59185
1.05022 8.06833 0.94436 2.96773 2.23805
1.50594 8.19903 1.24077 3.4625 1.00446
1.16392 8.36322 1.01065 3.90907 -0.20412
1.51476 9.23961 1.73504 2.69012 0.43629
1.93029 7.73395 -0.15153 -0.05007 1.48166
2.27604 6.32483 2.09318 0.03978 1.4847
-0.19805 6.9606 2.18869 1.25765 0.39674
0.7537 5.28781 0.05395 3.40135 1.16916
0.93601 8.173 0.62675 0.9529 1.79794
2.1528 5.38576 1.36619 0.21153 1.80638
0.65367 4.48988 0.10282 -1.0277 2.51151
-0.23137 5.55344 0.88484 0.20448 1.10273
0.17085 6.2302 -1.29596 -0.03379 0.42375
0.24909 5.31403 -1.9703 -1.59082 0.26366
