-2.40918 -3.17117 0.26294 0.83095 1.75702
-2.91667 -3.9389 -0.51414 1.45385 2.40179
-2.71753 -2.15437 1.58153 -0.1204 2.67833
-1.17372 -2.11454 -1.71192 -0.00053 0.78558
-0.48121 -2.08591 1.09912 -0.08491 0.83727
0.87973 -3.72855 -0.51917 -0.4645 -0.37642
1.40024 -3.84086 0.77948 -1.71263 0.54989
0.73545 -3.09894 0.02387 -2.17999 -0.26844
0.54942 -3.8515 0.04954 -2.67787 -0.83028
0.91828 -3.90431 0.08416 -2.27289 0.44334
0.93296 -1.93491 0.20857 -1.8473 1.0721
-0.30762 -1.93857 1.59577 -0.67476 0.32682
0.05881 -2.38784 0.36931 0.41374 1.3951
0.56942 -2.1623 -1.9969 0.46893 -0.81462
-1.07746 -2.52801 -0.2951 2.65372 0.29695
-1.79915 -1.80292 0.08023 3.35869 -0.97742
-0.48074 -1.29751 0.67332 1.4174 -0.02226
-1.66302 -1.48152 1.05619 0.49404 1.3196
0.08837 -0.55562 0.31245 1.20513 1.46262
-1.13219 0.40844 -1.13178 1.75677 -1.63797
0.54205 0.65355 0.31576 2.64076 0.88567
-1.03223 0.87234 1.47974 2.04647 0.34477
2.77468 0.69862 -0.56117 4.17668 -1.779
1.383 1.221 -0.43813 4.90738 -0.85767
3.21174 -0.15708 -0.20242 3.96283 1.43177
1.28662 -0.16487 -1.00044 3.88156 0.88485
-2.64197 0.44402 0.35119 3.50332 0.75928
-1.47125 1.31371 -1.21087 2.62272 1.58106
-0.51878 0.25408 -1.4137 0.88941 0.07078
0.1543 -0.56085 -1.21685 1.32597 1.58836
0.06073 0.09981 -0.87804 2.65429 -1.01576
1.24315 -1.62932 -0.29693 3.62724 0.56738
0.41966 -2.15301 1.50666 3.37897 -0.78915
-0.38174 -1.02852 0.97941 2.77221 -0.98527
0.20725 -0.44804 -1.81042 3.86137 -0.46082
0.28847 0.18379 1.02924 4.20812 0.0301
-0.28332 0.18143 -0.57248 5.97207 1.2469
0.48135 -1.28102 -0.80561 6.09 1.59477
0.77399 -2.46218 -0.57977 3.08467 0.3299
1.05954 0.04561 0.16473 1.93018 0.19461
0.06957 -0.3105 0.08188 2.82458 0.08194
-0.35472 0.74849 -1.60902 4.13155 1.10921
0.74319 1.82323 -2.0344 4.81203 0.31571
0.34843 1.67455 1.2457 4.74218 -0.54538
2.53376 0.00477 -1.56329 5.48751 0.76546
2.11904 0.74194 0.63066 4.09543 0.84247
0.63685 -0.60408 0.06803 5.04161 -0.10927
0.15641 0.26637 -0.44428 3.63307 -1.10517
-0.75971 1.34043 1.19473 3.8493 2.00456
0.2054 2.34057 1.4756 2.55194 0.75684
0.14793 2.19571 0.35692 4.10443 -0.28804
0.05207 1.25274 0.19531 2.05181 0.03006
1.21774 2.13337 -0.60673 1.01899 -1.63521
0.70568 0.16905 0.75905 0.08654 0.73219
0.6622 -0.99075 -0.14951 -0.59722 2.03717
-1.43739 -1.21651 1.85886 -2.31758 0.45825
-1.75483 -0.99374 0.76037 -2.98426 0.81975
-1.62858 0.35985 1.93985 -2.44213 -0.21705
1.04633 1.34316 0.20032 -2.98742 -0.60738
1.93575 2.80172 -0.18067 -1.11586 0.0301
0.63516 3.16341 1.99346 -2.04366 0.74752
0.94919 3.84637 0.9483 -3.2131 -0.86174
-0.58541 3.47206 0.62107 -1.92245 -1.45443
1.71044 4.17158 0.49043 -1.11408 0.21724
0.70239 2.93739 -0.10211 -1.9364 -0.30246
1.18164 4.18261 -1.15681 -2.16664 1.11757
1.02969 4.47878 0.01071 -1.92766 1.88341
1.06037 4.55398 0.06963 -2.56114 -0.4151
-1.12075 6.46156 0.68577 -3.29267 -0.10482
0.00128 4.64383 -0.37319 -2.52013 0.64821
-0.75605 4.84206 0.43866 -2.17357 2.91963
-1.83378 3.02302 0.42243 -0.68379 0.6999
-2.23155 4.30239 -0.36916 -0.51491 0.09305
-2.08267 2.02196 -0.44508 -1.40052 0.37917
-1.36014 2.28728 0.51595 -2.75942 -0.57032
-0.03157 2.80533 0.27217 -2.46999 1.23692
-0.79654 3.55575 -0.60723 -0.51076 0.46321
0.07928 2.64209 1.2786 0.05452 0.75586
0.1426 -0.53873 1.57319 -0.37235 0.23392
2.27857 0.21841 -0.76154 0.15718 1.18518
2.97605 1.45707 0.45525 -0.14803 -1.75596
1.72269 0.68013 -1.55497 -0.26475 1.27252
1.68347 -0.28006 0.74244 -1.13147 0.49056
2.88255 0.62247 -0.05175 -0.94867 0.25941
1.77648 0.11024 0.30017 0.79471 0.33537
2.54095 1.10231 -0.78775 0.8239 -0.94401
-0.61603 0.54494 -0.32068 0.99852 1.97799
-0.42511 1.46727 0.62963 -2.15787 0.85643
-0.72502 1.30773 0.4765 -2.27133 -0.14049
0.3543 1.89655 -1.30273 -1.36889 -1.87639
-0.62822 0.39389 -0.46088 -0.77683 -0.43339
-1.72264 0.31537 -0.65945 -1.8711 -0.83645
-0.88283 -0.97041 -0.83407 -1.9028 -0.59727
-0.09279 -1.01181 -1.33721 -1.92843 -0.49348
0.294 -0.26331 0.38485 -0.50982 1.78859
0.46327 0.06167 0.32125 0.31408 2.12645
2.26967 -0.52001 0.10289 1.42611 -0.10116
2.1593 0.63053 0.25685 2.36011 1.37962
1.24953 1.16066 0.50545 2.70766 0.03371
2.46859 0.01339 -1.19097 3.50632 -1.94253
0.57488 0.98391 1.36774 4.77611 -0.81479
-0.19247 0.56311 0.20012 3.10637 -2.03675
0.84816 0.39944 -1.05175 4.52848 1.26723
-0.20879 0.30769 1.11833 4.11475 -0.21026
-1.39215 0.60655 -1.47465 3.45538 -0.66906
-1.94885 3.27653 -0.64895 2.83787 0.78531
-1.06657 1.49371 0.18371 2.47199 0.58649
-0.90187 1.41845 0.77996 2.39029 1.30629
-1.35186 1.13849 -0.11248 3.23142 1.02197
-1.47901 -0.00642 -0.23043 4.10501 1.65409
-1.83027 0.78602 0.14703 3.37542 0.84514
0.14946 0.67344 0.2304 2.89608 1.45035
-0.82124 1.27376 -0.40249 1.08402 0.77699
0.68488 -0.57121 -0.27872 1.6601 0.15746
1.07908 -0.877 -1.66727 0.71433 -0.25093
-0.49536 -1.71847 -0.67163 2.00687 -0.62041
-0.74216 -1.70927 -0.74691 0.74986 -0.40016
-0.57004 -2.14322 1.68114 -0.38783 -0.0788
0.63553 -0.88036 0.20145 1.33799 1.97241
0.42936 1.0187 -1.27937 2.54539 0.46975
1.60763 0.87443 -0.24455 2.5089 1.13275
0.33457 0.57174 1.51602 4.53434 1.16818
0.15443 0.74458 -0.73036 2.2917 1.27745
1.56961 0.29794 -1.68289 1.06619 1.27613
0.67321 1.08005 0.56452 0.69759 0.97906
0.65186 0.09907 1.04825 0.97171 0.85046
1.61136 0.03447 1.45324 0.0886 -1.6081
2.72927 -1.92389 -0.8759 0.1184 -0.01388
1.62551 -2.59238 0.08502 -0.28111 0.67661
-0.02995 -2.51567 1.76535 -1.74643 -0.15876
-0.74038 -2.21126 1.4278 -2.13205 0.24146
-0.75043 -0.19827 -0.08894 -2.12301 0.39252
-1.54184 0.96202 0.49081 -0.74515 0.52996
-2.54028 0.46574 0.15447 -1.01236 0.65683
-0.68084 0.41079 -3.78634 -0.68331 -0.02036
-2.77832 0.32177 -1.07704 -1.45803 -0.01682
-2.09292 -0.92132 -0.03054 -3.91636 0.78454
-0.56947 -1.14264 0.36346 -1.6462 0.15587
0.6052 -0.84074 -0.01801 -1.95955 -1.52142
1.09457 -1.35833 0.29051 -0.3354 -0.5508
0.67405 -2.39472 0.01139 -1.11509 0.85189
-0.52721 -0.88458 0.10007 0.39953 1.25307
-0.1026 -1.54783 -0.60151 0.81865 -0.05352
-1.51321 1.00853 0.63158 0.52353 -0.24001
0.56046 1.14542 1.71175 -0.24356 0.65735
-1.19687 1.30458 -1.37751 -1.39197 0.34927
0.32272 0.79279 -2.0418 -1.60801 0.37982
-0.38232 -0.02978 0.19094 0.28854 -0.35241
-1.47469 -0.60097 -0.01837 -0.02042 0.86828
-0.31331 -1.3687 -0.8808 1.14587 -0.13727
0.2573 0.98252 -0.03681 0.93794 0.53955
1.87531 1.79662 -1.53285 1.40837 0.21596
0.34028 1.55585 -0.33385 2.44302 -3.73383
-0.18946 -0.29404 0.02618 1.78931 -2.77473
-0.66897 -0.32309 -1.36367 0.88456 0.68453
-0.67779 -1.11025 0.31831 0.54311 1.11954
-0.58719 -1.61982 0.39126 -0.98475 -0.55668
0.23598 -0.67942 -0.9808 -2.37134 0.32961
-1.48827 0.25113 1.03495 -2.76956 0.62856
0.22469 -1.05535 -0.27049 -2.89981 0.37653
-0.82658 0.91026 0.96004 -2.78342 -0.08952
-2.15297 -0.72491 0.62712 -2.53517 -1.74612
-1.3584 -1.2144 -1.16871 -2.83049 -0.12698
-0.89061 -0.46321 0.67968 -3.53878 -0.02455
1.01998 -0.37163 -0.38632 -2.43445 0.34608
1.54148 -1.46857 -0.26901 -1.57402 0.82335
-0.14642 -1.6841 -0.79631 -2.87954 -0.41157
0.23001 -2.56304 0.61526 -4.72534 0.23185
1.48133 -3.14936 1.36576 -4.1106 -0.30538
1.60479 -4.06517 -1.20909 -4.29987 -1.70118
1.73307 -4.03335 1.37104 -3.63634 0.55845
1.85828 -2.97495 -0.5959 -2.95164 0.04578
2.73133 -2.93708 0.173 -2.18795 0.78143
1.18814 -3.28369 -0.59646 -1.77826 1.61979
0.61343 -2.51361 -0.16746 -0.78153 -1.17316
-1.26109 -2.90547 0.96042 -0.90484 -0.16453
0.21409 -3.05342 -1.46795 0.95904 0.61802
2.34635 -2.52664 -0.25566 0.57249 -0.77463
2.33217 -1.60007 1.58909 -0.83093 -0.43119
2.42225 -1.26388 -2.10813 -0.15333 -2.08597
3.69798 0.04968 2.36438 0.84453 1.26534
2.72381 -1.63352 0.75142 0.08295 2.69631
1.47025 -0.78373 -0.96352 1.9895 0.0004
0.73933 -0.44768 -0.05056 2.16694 -0.36015
0.15295 0.00647 0.13698 2.70756 -1.2176
-0.00155 -2.23692 1.03227 2.76068 -0.31333
-0.31146 -0.35655 -0.35969 0.66927 1.25205
0.33817 0.95291 0.11427 -0.89338 -0.13253
-0.93136 0.55154 0.17463 -0.2091 -0.65011
-0.58002 -0.49911 -1.9746 -1.70269 -0.27697
-1.26448 -0.65337 -2.15976 -0.99436 1.18768
0.20366 -1.7549 0.98445 0.64963 -0.36854
0.65253 -0.15793 1.18623 1.55615 -1.95425
-0.53788 0.67039 -1.50175 0.76665 -1.12673
-0.60948 0.77937 0.44058 -0.86508 1.13292
0.20243 -0.13999 0.51724 1.80578 2.382
-1.00133 0.16699 -1.27829 3.00448 -1.04825
-2.60526 -0.29506 -0.06082 2.35378 0.91706
-0.76714 -0.74216 -0.92633 1.60339 2.21233
0.70136 0.29081 0.39114 1.72679 0.48594
0.072 0.10435 0.11332 1.8438 0.36381
-2.00001 0.82347 0.69723 0.14848 -0.38785
-0.73679 0.18441 0.19523 -0.32128 -1.74427
-1.32613 -0.80321 -0.0356 -0.97107 -1.72022
0.56029 0.76032 1.15102 -1.21001 0.06925
2.66248 1.19502 1.43921 -1.96948 -0.05102
2.22728 0.15717 -0.77357 -2.18632 0.66929
1.86493 0.42498 0.74268 -1.08864 0.22532
2.16435 -1.02471 -0.80296 -1.16994 1.73891
-0.63759 0.62407 -0.17025 -1.38714 3.76738
-1.33774 1.49076 -0.06875 -1.88068 2.66665
1.24063 1.93909 0.89907 -0.98702 2.22527
0.71446 3.26214 -0.78093 -1.57861 -0.41082
1.68117 1.23347 0.21348 -3.11879 -1.37656
2.52968 0.68424 0.16745 -3.35606 -1.54712
2.58055 -0.96341 -1.26162 -2.56315 -0.34956
0.56373 0.23391 0.25078 -1.56855 0.30423
-0.61748 -0.35896 -0.5088 -2.63481 0.74941
-0.67353 0.62236 -1.82567 -2.86334 0.95771
0.4886 1.59234 -0.00873 -1.82183 2.20102
0.67273 2.3242 -1.43916 -0.18475 -0.1503
-0.64944 2.62813 -1.35564 -1.23419 0.57842
-0.57331 2.13586 -1.46956 -0.68766 -1.26726
0.18629 2.22121 -0.03676 -1.37082 0.42704
-0.81629 1.28116 1.03782 0.10897 -0.44302
-1.25568 2.70775 -2.12183 -1.31306 1.94991
-1.06467 1.92816 -0.23089 -1.86669 0.62295
0.51938 0.67615 1.2305 -1.85329 -2.7423
0.38364 0.70041 0.3066 -1.40261 -0.93833
-0.13402 -0.34887 -0.06038 -1.65819 -1.18283
1.79081 -0.14777 -0.22253 -1.73194 0.95495
0.45762 1.05626 -0.55934 -0.70774 2.21187
-0.06894 1.26944 0.62185 -1.67324 1.30883
-1.35518 1.25287 -0.73804 -0.62148 1.02433
-2.09099 1.88669 -1.57793 -2.58189 2.03347
-1.228 -0.15264 -1.03922 -1.09242 -0.34412
-2.03364 0.72405 1.47369 0.31397 -0.61465
-1.68082 0.36002 1.18849 1.79575 -0.24251
0.15807 -0.62482 0.43444 0.36286 -1.22519
0.7631 0.21739 -0.22424 0.73837 0.3518
0.1285 0.53277 0.52705 2.2012 0.59283
1.38857 0.15931 -0.55705 0.09043 1.21402
-1.42619 -0.25586 0.47177 1.10094 -0.21047
-0.73519 -0.22242 -0.25571 0.64233 1.57326
-1.16263 2.57865 1.29216 1.63766 1.16629
-0.43119 2.41489 0.28912 2.77063 -0.23517
1.12474 1.72273 -0.26217 2.62807 -0.06579
1.35764 2.29136 0.35304 2.85857 1.22136
0.06757 2.81513 -1.17626 0.43259 0.61539
-1.40906 4.94153 0.22162 1.23953 1.18421
-0.74 3.75947 1.21536 1.809 0.52659
1.94273 1.99302 -1.1527 3.07616 -3.01795
1.30852 1.7702 -1.32532 2.87816 -1.17989
0.40681 0.69523 -0.07699 2.14985 -1.40714
-0.90382 1.83727 0.19364 1.21807 -0.5663
-1.6868 0.03307 -0.47694 -0.07276 -0.84001
-2.79705 0.70673 1.51826 1.70741 0.65057
-2.52014 2.47609 -0.6076 2.1396 -0.02665
-1.9041 2.88028 -0.09879 3.71725 -0.81622
-0.74984 0.14593 0.66517 4.6763 1.20131
-0.2857 0.57855 -0.72937 3.76742 -0.39696
0.2172 0.6379 -1.20235 3.33475 0.40982
-0.9299 0.88536 1.08039 2.9422 -0.54092
0.38212 0.88674 1.2108 0.89649 1.07766
0.22165 0.63051 0.16775 0.58305 -0.07409
0.27324 1.68467 0.51747 -0.34694 1.28215
-0.62226 1.37575 -0.26934 -1.81788 0.83009
-0.43069 -0.86532 1.10925 -0.09077 0.37373
0.37041 -0.56502 -2.19696 -1.36656 0.38072
1.78006 -2.92065 0.42971 -0.4509 1.26996
3.01013 -3.62892 -0.54099 -1.38423 1.11748
3.08182 -3.14302 -0.26283 -2.43044 1.78249
1.28892 -4.66053 0.30371 -1.52049 1.77129
0.41514 -3.54498 0.56745 -2.09304 4.39774
1.77338 -2.09488 -0.21734 -0.39574 0.87888
2.34113 -0.28282 0.23107 0.62396 1.26629
2.81664 0.03646 1.96287 1.49666 0.36941
3.29778 0.65574 -0.26987 1.27603 -1.71509
2.32058 0.37292 -0.97876 0.8654 0.46279
2.18996 1.34505 -0.95803 1.2122 -0.22061
1.22206 1.32256 -1.13761 0.14432 0.35906
1.00157 1.7851 -0.00786 -0.6912 -1.46162
2.09457 1.19355 -0.49799 0.19559 0.87233
0.81143 0.755 -0.04382 1.18825 0.97389
1.69354 1.23412 0.64875 2.25415 1.18196
1.41274 1.27667 -0.18489 4.22844 0.42395
0.66537 1.59253 -0.9389 3.73613 0.94582
0.50206 1.06135 1.75085 3.93097 0.11862
0.11781 0.64171 0.52885 2.80514 1.75078
1.20998 2.08289 -0.29388 1.91252 0.45659
0.86844 2.3381 -0.30859 2.52943 2.20297
0.12412 1.40129 0.7053 1.77177 -0.93452
0.01734 1.39002 -1.29374 2.03074 0.1764
-1.2424 -0.16327 -0.15884 0.62531 -0.49928
0.85337 1.22848 -2.15937 0.63965 -0.02161
-0.16184 0.6926 -0.96274 -0.2196 -1.27922
-0.28326 0.01702 -1.38509 -0.19036 -0.82233
0.2753 2.05205 0.78748 0.51778 0.08625
-0.23759 1.56114 0.08773 1.2062 0.84088
-0.85181 1.34738 0.06649 0.26445 0.38741
