2.78654 -0.4815 0.76352 1.79754 0.53832
4.02047 0.71707 0.32279 1.78549 -0.26096
4.71849 1.18163 3.03481 1.50543 2.97252
3.84864 1.01873 2.49707 -0.12683 1.33793
3.75934 -0.01111 0.61969 0.0544 -0.6512
5.05863 1.7315 0.4818 -0.3349 0.13132
4.33696 -0.46218 0.39409 -1.30363 0.00784
5.66401 -1.4025 1.61056 1.0915 0.1454
6.47645 0.49567 0.10609 1.31373 1.31486
7.38847 0.15761 -0.67518 2.06686 1.031
6.90898 0.97018 -0.11552 1.89182 -0.39919
5.01379 -0.21376 -2.082 1.59889 0.81102
4.04379 -1.15298 -0.39286 -1.21599 0.49572
5.3957 -2.06612 -0.75277 0.3011 0.23901
6.82855 -0.4309 -2.29736 0.32975 2.08977
6.0059 -1.06304 -0.18918 0.27546 0.58526
5.17317 -0.19549 0.03545 1.95799 -1.12757
4.06815 0.43708 1.87083 3.21805 -0.04236
5.22341 1.19987 0.0997 3.32781 -1.40103
4.23429 1.54579 0.51187 0.11477 -1.20706
3.69026 -0.65854 -0.38256 2.06477 -0.75348
5.46156 1.96999 -0.72022 2.50602 1.384
8.33586 1.1689 -0.69972 2.13297 1.05983
7.97606 2.2702 -1.56042 2.23764 1.32801
7.44273 -0.83636 -0.83241 1.45011 0.87638
8.49051 1.12393 -1.53337 0.42197 -0.45942
6.85148 1.36397 -0.44731 1.42089 -0.46172
5.94606 0.90597 -1.22128 0.79079 0.74883
4.77205 -0.44313 -0.59025 0.56268 0.70264
5.48921 -0.57441 -0.19376 1.57839 1.90535
5.0922 -0.08269 0.05351 -1.11139 2.05793
5.29285 -1.09943 0.22362 -1.37198 1.31251
5.88016 -0.61941 -0.59918 0.83482 2.26405
8.36441 -2.70026 0.5123 0.92661 -0.01135
6.92699 0.34553 0.70885 0.51381 -1.16787
8.01731 0.46421 -2.13308 -0.56101 -0.19275
7.03352 0.64172 0.06108 0.131 -1.28144
7.97416 -1.16312 0.21355 1.14948 0.34985
5.29461 -0.44334 0.21174 1.22842 -0.83034
5.27672 1.23623 1.43337 0.30696 0.08544
6.25038 0.50796 -1.2628 1.35619 0.05871
4.39173 0.03873 0.72703 0.73676 -0.68054
4.97728 -0.30238 1.51919 1.73259 -1.24814
1.87976 0.85843 2.51854 -0.11882 -1.85678
1.30519 1.21139 1.8643 0.44711 0.47378
2.34762 2.6622 1.33303 0.80537 0.76382
3.17155 2.47102 0.60465 0.83043 1.11545
2.63229 0.11155 -0.23177 -0.51249 -0.51652
2.20732 -0.17701 0.47799 2.013 -0.08634
2.7908 -1.52642 0.65114 2.75554 0.87951
2.54673 -2.51563 1.30545 1.63645 0.8974
3.18249 -0.68584 -0.90971 -1.15283 1.92564
4.55845 0.23747 -1.36075 -0.55779 0.86578
6.24864 -1.12793 -1.32468 0.54154 0.83071
8.94295 0.32357 -1.50317 -0.60393 0.71694
6.86803 0.69716 -1.65793 -0.06009 1.18037
5.18594 0.15129 -2.30573 -1.14472 0.33482
3.19115 0.17485 -0.48879 1.16641 1.10009
3.69081 1.33397 0.48578 -0.01758 -1.17603
4.20822 -0.57774 0.50383 0.90116 1.21754
3.59517 -0.82095 1.15717 1.14925 0.24002
4.64949 -1.03579 -0.66263 2.89536 0.51296
2.70549 0.93554 0.24393 2.38837 -0.59108
2.76326 -0.15788 -1.70952 3.7274 -0.20557
3.69076 0.33914 -0.59517 1.76226 -2.23763
4.30388 1.85184 -0.51957 1.85293 -2.27192
2.74416 -1.44719 -0.57926 0.00692 -0.58448
4.76906 -0.45903 -0.35074 1.28649 -0.99528
4.34852 -1.26597 -1.12207 1.57676 0.23874
4.4163 -0.879 -0.63422 -0.41457 0.37623
4.0255 0.71002 -0.19114 -0.8566 1.34979
4.24263 0.75553 -1.40347 1.27809 1.80681
3.52831 -0.30805 -1.1076 1.29259 1.8286
4.16152 -2.32037 -2.2625 -0.08333 1.07187
4.3891 -0.7147 -1.48554 0.72674 0.36922
5.26071 -0.2293 -1.01838 -0.78378 0.77611
4.47973 0.29706 -1.37167 -1.08623 0.64107
3.34501 -0.56413 -0.56844 -1.77468 1.2567
2.71956 1.1794 -0.69109 -3.74804 0.7499
0.61144 3.58904 -0.14366 -0.63569 2.22677
1.76219 3.30998 -0.77137 0.97642 1.98245
2.74643 0.09193 1.11546 1.43632 2.02161
1.35749 0.9719 0.71177 0.58356 2.12063
1.50756 0.75394 0.9133 0.84567 1.30053
1.48109 1.5128 0.75787 -0.067 0.84057
1.41288 -0.5967 2.12181 -0.28043 1.28135
0.71664 0.13023 0.8373 1.18963 -0.31692
2.08288 1.26099 1.38384 2.18971 0.35456
2.75873 -1.0517 1.32112 2.49289 0.59918
3.50503 -0.35813 0.83224 1.97393 1.48488
5.42001 -1.98673 0.74033 -0.54651 0.37714
5.71069 -0.06238 0.638 2.41581 1.13303
5.52146 -0.93693 -1.58306 2.06029 -1.15012
5.93418 -0.05646 -1.06107 0.78195 0.50009
5.09563 0.83112 -0.20688 0.65558 -0.85584
5.28589 1.18182 0.19274 0.90886 0.75269
3.78763 1.4736 -0.75249 1.40597 2.61972
2.16689 0.54352 0.23972 1.08313 2.62138
2.14882 -0.98768 -0.91427 0.5958 0.03127
2.69067 -0.0049 -0.95721 1.0159 0.97764
3.84782 -1.45857 -0.91077 -0.48531 -0.37108
3.95972 -2.59909 -0.63924 0.42246 -1.29769
3.41765 -3.35377 0.6188 -2.33878 0.38039
0.95228 -2.79797 1.33161 -1.36208 0.96634
0.43495 -1.57449 -1.23688 -1.45975 2.18694
1.26103 -0.24532 -2.1807 -1.70168 2.37079
1.38914 -0.84925 -1.88434 0.21519 1.24954
1.59793 0.84641 -1.68543 2.40226 -0.29469
3.2532 0.61552 -0.4829 1.95516 -0.93635
2.26304 -0.35232 -0.84446 1.6174 0.79223
1.34224 1.1262 0.64878 1.7414 0.96221
3.14701 0.46938 -0.43771 1.16299 1.6032
3.50855 1.23951 -0.82482 2.27991 -0.44889
4.44525 0.89688 -2.07303 0.83804 0.47358
3.3342 0.33175 -1.30554 -0.31721 0.08679
2.27629 0.78279 -0.221 0.80375 1.14047
2.39653 0.04304 0.78769 -0.0891 -0.69399
2.36666 0.09511 1.97001 -0.01649 -1.93744
2.86321 0.21312 2.26919 -0.19187 -0.99818
3.10565 0.49927 1.21953 -0.71552 -0.00233
3.86641 1.3155 -0.00871 -1.38663 0.00786
4.49648 0.5937 -0.08137 -2.17284 1.48758
4.18581 0.23365 -1.17726 -0.30256 1.20974
3.20189 0.9532 -2.99267 -0.23227 0.41511
4.03508 0.33085 -0.85789 -0.29048 0.87272
4.03835 -0.32564 -0.54848 -0.95038 0.38058
3.63465 1.86595 -2.78945 -0.4113 1.29257
2.71999 0.8831 -2.10183 -0.83058 1.60445
1.90376 1.19897 -1.2 -1.90866 0.94041
0.02784 -0.24917 -1.42555 -1.30274 1.64161
-0.39594 -1.75136 1.105 -0.26867 0.43258
-1.10969 -2.73695 1.30792 0.61918 0.92516
-3.31639 -0.27312 0.35379 0.90696 1.78189
-3.80445 1.06564 -0.94993 -0.64768 -1.13673
-1.72047 -0.10354 -0.46678 0.50362 0.00332
-1.84332 0.78426 -0.8397 0.74103 0.9223
-1.6705 -0.38733 0.5416 1.06617 1.53781
-0.9712 -0.66902 0.38456 1.99769 -0.34056
-1.87584 -0.99581 -0.99071 0.578 0.11358
-1.63789 0.8855 -0.81012 0.10529 0.013
-0.74613 -0.67811 0.31638 -0.44098 -0.26481
-0.55075 -1.13318 -0.77044 -1.36526 -0.00078
-1.91253 -0.06315 -0.01822 -0.51173 0.92491
-0.60045 -1.22477 1.37531 -0.06243 0.97841
-0.09832 0.30114 -0.2368 -0.37337 0.91662
2.26024 0.13637 -2.11097 0.67284 1.41841
1.91375 -0.12583 -1.8402 0.76788 1.18652
2.18457 -1.4694 -2.56107 1.77579 0.9609
1.24986 -0.73667 -0.81748 1.18863 0.34031
0.37507 1.23443 -0.98877 2.79101 0.94472
-1.64799 -0.42494 0.68018 1.9297 0.42239
-1.62375 -1.03266 1.30207 -0.09134 -0.53616
-0.2971 -0.4598 -0.63308 0.74279 -0.09521
1.61572 0.99482 -1.71719 2.45233 0.40585
1.81771 -0.25838 -0.60349 -0.21984 -3.36433
2.00278 0.90702 0.50962 0.94477 -0.40177
1.01562 3.0616 -1.70067 2.69411 1.04799
2.19187 2.12093 0.1999 2.41262 2.56793
1.31627 0.73928 -0.60008 2.20706 2.76669
1.43957 0.1914 -0.26313 3.50898 1.66006
-0.1315 0.39434 -0.37197 3.06219 1.61695
0.9505 0.57204 -0.73062 1.93276 0.96222
2.38726 -0.54965 -0.79941 2.72409 0.04097
5.57688 1.25786 1.17548 3.54785 1.39806
7.56186 2.12712 2.19882 1.09201 2.32881
8.59768 1.31244 3.52197 1.33894 1.66648
10.89976 1.152 2.90953 1.16554 0.24832
13.06748 -0.1518 1.7677 0.08244 -0.34264
12.78773 -0.60624 2.54598 -0.18025 -0.68621
11.20333 0.77051 1.75756 -0.71222 -0.30236
8.86797 0.51877 2.73476 -1.2295 -1.72422
7.26979 0.34863 0.99544 -2.1845 -2.04676
7.46463 -0.03442 2.57524 -0.63218 -1.7025
5.00839 -0.13231 2.09854 1.27973 -1.63097
4.73769 -0.00658 1.58833 1.7567 -1.26217
5.59201 0.36451 -0.93176 1.70571 0.03314
4.72966 -0.94946 -1.65486 -0.04982 -0.95815
5.39703 0.14762 0.3698 -0.7215 0.05445
6.22686 -1.73052 -0.07171 -0.65027 -0.21129
5.23378 -1.92291 -0.18069 0.24231 1.09745
6.77719 -0.40679 -1.27107 -0.43016 1.49823
6.16889 0.60578 -1.90443 -0.71391 -0.05055
5.32411 1.48171 -1.93985 -1.24926 -0.72703
5.42039 -0.74479 -1.19541 -0.47495 -0.93366
3.41335 -0.09857 0.51455 -0.05273 0.40636
3.32199 -1.63707 0.24017 -0.67557 0.6313
2.96244 -1.47952 1.14533 -1.89611 0.62686
5.39037 -0.75805 1.00182 -1.70014 -1.10358
4.69445 1.31179 1.76813 0.60095 0.79553
3.11788 0.27873 -1.25798 -0.1007 0.52319
2.49541 -0.23548 -1.63074 -0.48925 -0.68862
2.35776 0.34097 -2.3155 0.34065 -0.126
1.20275 0.06271 -1.79145 -0.56108 -1.66594
-1.18132 -0.38893 -1.428 -0.71383 0.19559
-2.97039 -1.1718 -0.39798 0.52035 -0.96339
-2.42179 0.09794 0.03701 0.85579 0.45542
-3.9403 -0.99838 -1.25763 -1.20406 0.55716
-2.62829 -0.03799 -0.47148 -1.16944 -0.32561
-3.89138 -0.2341 -0.12722 -2.63939 0.26761
-4.39825 -0.80994 -2.21761 -1.45688 -1.57828
-3.58695 -1.18038 -1.91826 -0.6143 -0.85438
-3.02747 -0.58733 -0.62335 0.23646 0.15317
-0.9257 -1.73155 0.91478 0.6286 -1.1712
-0.74304 0.55779 0.22801 -0.25137 -1.39668
-1.88485 -0.15206 1.28339 -0.31032 -1.32829
-2.0924 1.32019 2.71677 -0.40236 -0.53404
-3.34072 0.45179 -0.32147 -1.82541 -1.99549
-2.78748 0.46186 -0.85886 0.43554 0.20061
-3.37546 0.32071 -0.00755 1.46436 0.60669
-3.12557 0.43598 -0.78239 2.608 -0.43578
-2.78974 -0.46519 -0.39358 0.76404 -1.10814
-3.75861 0.25206 -1.52113 0.54521 -0.26391
-1.23993 1.27474 -2.59436 -1.22725 -0.55928
-0.90291 1.08699 -2.53523 -3.04425 1.19661
-1.49954 0.28958 0.24307 -1.07128 0.4226
-1.51151 2.63049 0.32894 -2.21078 -1.00221
-1.54976 -0.57423 0.6038 0.35625 1.89828
-0.30865 -0.32162 0.67004 0.71291 1.4328
-0.98419 -0.57897 -1.6647 1.3187 1.79771
-1.0354 -0.61312 -2.37327 2.53961 0.25931
-1.89139 -0.30499 -1.12217 2.57851 -0.81103
-0.80362 1.33705 0.85209 1.66957 -0.05449
-0.33134 -1.25766 0.3676 -0.40499 0.67493
0.82085 -1.0322 0.31911 -3.29693 -0.05394
0.72096 0.11505 1.12437 -0.41136 0.82504
1.20906 0.29885 -0.84365 0.21673 -0.04851
0.71882 0.03962 -1.82955 -0.26974 0.06105
0.93026 -0.41262 -1.09527 -2.443 0.08312
0.40402 -0.15761 -0.54849 0.07364 0.8256
1.2195 -0.55242 1.63783 -0.00044 0.07897
-0.23517 -0.1379 0.11144 0.05061 -0.60698
0.84488 -0.8819 -0.69772 -0.86038 -0.83358
1.34207 -0.45839 0.27653 -0.50265 1.75454
0.29519 0.09224 -0.12604 0.24494 0.96067
-0.40955 -0.00657 -0.09598 0.99877 0.60184
-0.05213 1.06225 -0.02548 0.63364 0.10043
-0.0849 0.45994 -0.88841 1.47391 1.94291
0.84062 0.43659 -1.37587 0.32648 1.03451
0.74138 -0.7238 -0.27793 0.05167 -0.46846
0.61824 -1.0928 -1.85858 0.50389 1.27883
1.55187 -0.89143 -2.24572 -0.4381 0.75834
2.53963 -0.70521 -0.53196 -0.04591 0.25164
2.43511 1.10241 -1.61172 0.75839 -2.25491
3.14305 -2.19432 -1.85095 -0.11491 -3.11001
3.5092 -0.44963 -0.21342 2.23693 -0.35963
2.14004 0.53196 -0.94495 2.40442 1.29849
2.54513 -0.33569 0.72815 0.0235 1.62631
1.50049 0.85606 -0.56527 -0.42908 0.71758
0.94201 -0.87899 -0.18883 -0.77834 -1.10272
3.18511 -1.71091 -0.19324 1.26907 -2.30982
2.13463 -1.32253 -1.14986 1.1171 1.2865
1.72329 -0.37843 -0.98315 1.86184 0.55612
1.03838 -1.24393 -0.83856 0.97393 0.88725
0.33944 0.47331 -1.46175 -0.94706 -0.13484
0.24403 2.0505 -1.99314 1.49406 1.97607
0.36053 0.28536 -2.16416 0.28213 2.0912
0.55396 0.25331 -2.72026 0.62436 -1.467
1.91579 -0.0602 -1.06855 0.02692 -1.5736
1.56762 0.26712 -0.47639 -0.03037 -1.43679
1.96341 0.25833 0.48767 -2.28034 0.84634
1.74219 0.85363 1.90469 -1.32803 -1.38703
2.6625 0.10438 1.24816 1.78307 0.12244
2.30854 0.4943 2.75999 -0.03209 0.01902
3.47484 1.61214 3.07572 0.07052 -1.85652
3.72688 1.23473 2.45052 -0.75206 1.20489
4.6104 0.79792 1.96361 2.16391 1.73565
5.88185 1.15434 0.05456 1.1735 2.12404
5.99315 -0.00948 1.86624 2.02893 0.90529
5.31349 -0.07389 1.36674 0.53428 0.14975
6.01105 -0.05275 0.81427 -0.94681 -0.40823
6.40803 -0.77408 -0.18789 -1.55805 -1.14061
7.35036 -2.54063 -1.90649 1.08809 1.66633
8.04798 0.18462 -0.12315 -0.2908 2.03797
6.66426 0.82885 -2.54124 0.28938 0.63555
8.43572 -0.7812 -1.41488 0.72817 0.9629
9.00218 -0.78916 -0.66448 -0.42672 1.32454
8.22908 2.27402 -1.71593 1.57226 1.0287
6.63048 0.30704 -0.92981 0.53545 0.85208
5.48109 0.20887 0.51308 0.19395 0.31366
3.68955 -0.6975 1.39714 -1.35816 2.20138
3.5584 0.33649 1.19169 -1.94688 2.30941
2.62019 -1.50853 2.13879 1.1846 0.87389
2.19055 -0.50402 3.0712 -0.80434 1.32887
0.92818 0.08446 1.39126 -0.97457 0.22068
1.00108 0.59018 -0.9885 0.45421 1.45979
1.97263 -0.80562 -0.50166 0.99004 -0.66138
3.55185 0.50716 0.37136 -0.2595 0.82158
3.74433 0.87446 1.62354 0.14847 0.68599
2.65467 0.33406 1.65748 -0.63654 0.42037
2.73361 0.61238 0.9237 -0.04275 -0.34228
2.74569 0.27825 0.17927 0.17626 -1.15503
2.77646 0.30726 -0.85614 -1.0681 -2.57053
0.79506 -0.60061 0.25727 -0.20803 -1.95785
1.16057 -1.06358 0.04425 -0.27034 -0.49632
-0.90858 -0.01011 -0.63305 0.22314 -3.46664
1.75103 -2.82465 -0.74733 0.22345 -0.79182
1.7285 -1.27003 0.10429 1.19769 1.53334
1.02279 0.00849 0.8781 0.32021 1.14963
0.59906 -0.92321 1.62903 0.67205 -0.25722
1.69253 0.08227 1.68626 0.30674 1.30711
