-3.75109 2.50789 4.31112 1.8328 -0.41276
-2.93342 2.31637 5.28121 1.05381 -0.02324
-1.13359 2.70813 4.13786 0.47902 -0.28475
-0.93961 2.96731 2.91484 2.29739 0.61473
-0.30162 1.64071 2.30273 -1.02328 -0.07744
0.3484 1.54872 4.11219 2.06383 -1.55203
-0.37735 0.539 4.99632 1.5535 -1.77398
-1.24327 1.63252 5.4416 0.50415 -1.00688
-0.49319 -0.06404 4.7615 1.6245 -1.28779
1.05958 0.6056 3.20273 0.04524 1.55533
1.17693 1.24836 2.29382 0.84473 2.47448
0.65593 1.42032 1.69403 1.23243 2.52968
0.41315 1.27459 0.70186 0.03163 1.26372
-0.02212 1.11732 -0.94462 0.31616 2.46915
-0.41854 2.16372 -0.94405 -0.54227 1.56687
-0.88879 1.88353 -0.91919 1.33877 1.6375
-0.66012 -0.71202 1.15025 1.06088 2.96675
0.98601 -1.26154 0.74594 0.45071 2.05912
0.74096 0.07512 1.20573 1.60376 1.7543
1.08148 0.30425 2.68051 -0.81982 1.5245
0.32494 2.33973 0.72871 -1.79544 0.7999
-0.34957 3.90994 0.99541 0.01383 0.04768
-2.24241 2.09793 2.0445 0.6407 1.34286
0.60119 1.63513 1.36398 -0.12301 0.92683
0.01158 1.35965 2.04569 0.82595 -0.20867
-0.44043 0.33126 0.88779 0.55342 -0.59899
-0.53857 0.53319 1.15728 0.83488 0.13269
0.0641 0.23282 0.97298 1.72881 0.39169
1.38831 -0.76566 -1.1651 -0.68252 -0.61458
-2.27834 2.2042 -0.02952 1.59262 -1.38048
-1.62405 2.3236 -0.15783 -0.35488 0.13763
-0.49029 0.38655 0.39873 -2.16725 -1.65831
0.11421 2.01436 0.17219 0.67297 -2.28046
0.61406 -1.2339 0.93164 1.43259 -1.40935
1.34652 -1.53892 1.16166 -0.08648 -1.01223
1.19197 -0.69506 0.71112 -0.78489 -2.33465
1.15404 -0.30237 0.18316 0.16172 -3.23061
-0.76932 -0.84394 -2.1234 -0.47255 -2.68076
0.17095 -0.66799 -2.02501 0.63495 -2.89066
1.90483 -0.85016 -0.66598 0.91176 -2.00117
0.83871 -1.43607 -0.96199 0.47486 -1.06176
0.64232 0.63978 -1.1415 -0.78571 -0.74127
-1.04369 1.07924 -1.0367 -0.29111 -0.65135
0.29202 0.50184 -0.87565 -0.20744 -0.61188
-1.02679 -0.10157 -0.55118 -0.53479 -1.95045
-2.00612 0.897 -1.0744 0.42578 -0.82835
0.01606 -0.45931 -2.47097 0.84344 -0.71456
-0.09359 0.66034 -2.41075 -1.66984 -0.17496
0.47359 1.12229 -2.21953 0.95509 -0.71851
0.36079 2.49676 -1.38524 0.47773 -2.31038
0.39228 -0.23114 -2.63212 0.50817 -0.73213
-0.46183 -0.6788 -1.27798 -3.04493 0.50776
-0.69746 -0.74088 -0.643 0.79603 -0.92219
-0.81984 -1.63431 1.07451 1.4315 0.86222
-0.354 -2.26011 1.56879 0.44449 2.12008
-1.80925 -2.32345 1.04566 0.36425 0.22396
-0.64817 -2.91429 -0.1435 -1.44094 -1.26702
-0.52006 -3.18642 -0.12116 -1.31599 -1.15632
1.27829 -1.92046 -1.1138 3.3528 -1.07769
-0.02221 -0.54682 -0.64414 -0.99977 1.21535
0.12985 -0.75163 -0.37458 1.08515 -0.00327
1.78123 0.01136 0.19991 -0.00931 -1.36049
1.44306 -1.00818 1.78373 -0.58675 -1.91102
0.78596 -0.74495 0.61921 -0.83136 -1.19037
0.00286 -2.91376 0.3478 0.95453 -0.86663
-1.20023 -2.80509 0.87055 -0.03459 1.9037
0.21698 -1.06657 0.09861 -0.48136 1.7566
0.11714 0.11531 -1.07688 -0.78928 1.78425
0.40333 -1.61694 0.12906 0.21229 2.4926
-0.54865 0.44575 0.1482 -1.13927 2.86066
-0.76522 1.47554 -0.56015 1.7494 3.00939
-1.30617 1.50704 1.19418 0.88368 3.10788
-1.71952 1.78661 0.44337 0.54428 0.97582
-1.85122 2.06725 0.53752 -2.06893 -0.05044
0.58918 1.34199 1.5547 0.14203 -1.14125
-1.26822 2.39024 3.18896 -1.16523 -2.03516
-1.63715 0.90135 1.09016 0.88158 -1.63527
-1.60278 -0.0074 1.83532 1.0757 -3.78117
-3.59893 0.23955 2.07344 1.73327 -4.16767
-2.70954 -1.16712 2.96068 1.61207 -2.77671
-2.63802 -1.03841 1.77515 1.09716 -2.64824
-2.48314 -0.58661 0.86708 -0.41267 -2.91432
-0.90872 -1.04449 -0.56069 0.36771 -0.81521
-0.98658 -1.27946 -1.46356 1.94541 -1.28823
0.35515 -0.51565 -0.91334 -0.06419 -0.79519
-0.13841 -0.35559 -1.59705 -0.44953 -1.75957
0.70578 -1.70267 -0.92627 0.15918 -0.79599
-2.70086 -0.42967 -1.69633 1.30268 0.2356
-0.86986 1.27746 -1.61077 -0.7519 -0.19726
-0.03641 0.0359 -0.51508 1.23173 -0.18424
0.53379 0.73031 -1.55425 1.34799 -1.6916
-0.55166 1.06125 -0.4861 0.10729 -2.17292
-0.56819 -0.60401 0.08826 -0.66189 -1.89341
0.65719 -1.70451 -0.44894 -0.81852 -2.44985
-1.04494 -2.20232 -0.51637 -0.29036 -2.13257
-1.21762 -0.55451 1.72284 0.38292 -1.17874
-2.73816 -0.68999 0.51622 1.45464 -0.04566
-2.13984 -0.89485 0.49111 1.12815 -1.18026
-1.04615 -0.37269 -0.17161 -1.18454 -1.95324
-1.70803 2.76738 -2.74642 0.44733 -1.26072
-1.3893 1.41504 -1.4949 0.85968 -1.67534
-0.55591 1.05419 -2.50469 0.27555 -1.50051
1.26091 1.17288 -1.85135 0.98723 -1.39921
0.14456 0.30639 -1.38001 0.64676 -0.21949
1.9678 1.2916 -0.33156 -0.07958 -2.23372
0.63779 -0.2749 0.95771 -0.45543 -1.56999
-0.11719 -1.21182 -1.02158 -0.83704 -1.4163
-0.62635 -0.95035 -1.34829 0.44556 -1.51067
0.49229 -0.83101 -0.20549 0.47656 -1.49111
0.0052 -2.68239 0.32062 -1.32151 1.58547
0.49835 -2.02435 0.80008 0.67404 2.05759
-0.10928 -2.02695 1.21973 -0.95138 3.13848
-0.36031 -1.94602 1.1463 -3.07367 0.93474
-0.74839 0.00766 0.22554 2.13335 0.51796
-0.67332 0.42868 -0.43361 -0.62943 0.37776
-1.69629 3.32606 0.3569 1.42008 0.28019
-1.31267 4.15577 -0.07166 1.38588 -0.06463
0.06831 1.49915 1.57304 0.55228 1.32996
-0.12176 -0.05429 2.84017 -0.90801 3.22184
0.33015 1.27349 3.91975 1.60233 1.41399
0.57834 1.93427 0.65718 1.14622 0.8679
0.35507 2.02547 0.12232 0.43062 0.60918
-0.60594 1.73432 3.38662 0.08369 0.00402
0.31982 1.7922 2.00464 0.31433 0.72594
0.44406 1.53001 2.91821 0.78446 2.65911
-0.03221 0.21684 3.51392 0.63255 2.57529
0.96585 0.59748 3.4473 0.79949 2.23143
0.40608 2.35675 3.73726 1.4654 1.01088
1.17418 0.01657 3.50614 -0.84246 2.10708
0.36348 0.47404 2.88887 1.08587 0.98969
-0.04606 1.67116 3.91242 -0.46026 4.25317
-0.69343 2.09823 4.22883 0.90259 3.38288
-0.60381 2.2916 3.40134 -0.95633 3.06535
0.17539 2.56066 4.59752 -1.04755 3.52331
1.06101 2.78895 4.63526 -0.15141 3.00843
0.43711 1.77216 4.42822 2.55817 3.48521
0.76619 0.62574 2.74549 0.95331 4.27428
-0.06953 3.14681 2.53052 2.25618 3.61112
-0.48206 2.86059 1.8851 1.96191 1.06517
-1.3674 1.95082 1.71395 1.95974 1.94033
-0.83125 1.54716 1.93704 0.55267 2.0026
-0.39113 0.69296 0.92408 1.49141 0.33286
0.65636 1.59516 1.01796 1.98087 0.23057
0.04815 1.65213 1.61591 -0.1355 -1.13626
1.87832 1.96027 1.98022 0.16364 0.47461
1.34961 0.33192 0.14429 0.16461 0.79804
0.183 0.47153 0.03519 1.33509 -0.22516
-2.34778 2.55817 0.32801 1.34413 0.79832
-3.85704 1.84484 2.26072 1.56522 1.28965
-1.5565 0.88497 1.46079 -1.8189 0.94424
-1.08197 0.88354 0.72674 -0.94482 0.40103
-0.22013 -0.21237 -1.05864 1.50577 -1.58845
-1.15314 -1.27346 -1.27057 1.1409 -0.38349
0.33299 -0.68196 -0.78416 0.61778 1.04134
-0.22017 -1.05976 -0.26749 0.41853 1.38246
0.00287 -0.83627 0.90067 -0.77226 0.53597
-1.86193 -0.81881 -0.47271 -0.13606 -0.92054
-1.24839 -1.23557 0.88411 -1.34446 -1.56927
-2.55501 -1.20434 0.0057 0.30823 -1.28114
-2.2445 -0.04788 -0.78645 -1.38451 -1.20596
-3.05333 -0.13873 0.05972 1.35104 -2.45236
-2.60412 -0.80452 -0.81952 0.6101 -3.17894
-3.74994 -1.56702 1.42345 -0.67423 -2.757
-2.97678 -2.84461 1.82989 0.15175 -2.72114
-0.47131 -3.08449 -0.25278 0.35242 -1.51652
-1.00049 -2.74431 0.46918 0.78404 -0.66814
0.39488 0.61483 1.17151 1.42011 0.28199
0.63216 -0.65528 1.2253 1.73915 -0.18183
2.39806 -0.82792 2.10036 0.89647 1.26986
1.58765 -1.45541 2.28993 1.77424 0.88956
0.28648 -1.84212 2.30802 -1.39339 1.23172
1.04482 -3.12032 2.33898 -1.34944 0.82312
2.01113 -2.06416 1.40475 -0.34397 0.34163
0.79448 0.76383 0.60405 0.4879 -0.70464
2.38806 0.46048 0.04784 -0.62656 -1.26549
0.69107 -1.94727 -2.11582 2.11933 0.98777
0.60334 -1.09538 -0.5434 1.28554 1.22262
0.73863 -1.7727 -0.46076 1.68855 2.33563
-1.99283 -1.00359 1.57878 -0.61027 1.26617
-1.26624 -1.15263 1.47223 -0.4345 1.72712
-1.369 -0.62979 1.22325 0.24921 -0.26976
-0.44739 -1.01636 1.94091 0.31569 -1.46067
-0.35276 -0.86597 1.48575 0.55127 0.13091
0.20009 1.14278 1.54618 1.14793 0.32088
-0.37625 0.6968 1.02627 1.04052 0.01499
0.05841 -0.28304 0.67389 1.3915 -0.30268
0.30955 1.01212 0.80893 1.6321 1.23556
1.80705 1.8661 1.49307 1.06038 0.02529
-0.23544 3.44918 1.50808 0.72144 1.51049
-0.28192 1.88231 0.04895 1.73251 2.63148
-0.65133 0.98542 1.20193 1.38848 3.65895
-1.73792 1.21628 0.66142 0.90748 4.06045
0.01536 2.67438 0.77078 0.0762 3.40102
0.58194 3.56265 1.64193 0.80854 2.62281
-1.89064 2.01257 0.58137 0.24194 -0.30177
-0.08104 2.46306 0.31989 0.55617 -0.10633
-0.08681 3.69885 1.26363 2.33301 1.95583
-1.25547 3.1687 1.52437 2.75912 0.28868
-0.10871 2.53254 3.14857 3.06789 0.72637
0.77808 0.72457 2.68207 -0.38605 0.30099
-0.65732 3.00737 0.6425 2.26863 0.48627
-1.7361 3.13392 1.99755 0.68049 0.30614
-2.20164 1.94665 3.1916 1.36844 0.33533
-1.33892 2.60703 3.18449 0.15433 0.78729
-1.22734 2.38645 2.51034 1.32367 0.46087
-1.22541 2.60545 3.01905 1.39391 -0.08981
-1.5551 2.39278 2.54628 0.55326 0.74672
-1.043 1.07863 3.01727 0.85312 -0.7925
-0.81395 2.39071 0.88338 -1.19527 -0.03644
-0.18696 2.7876 0.67551 1.63772 -0.58864
1.1223 3.50118 -0.86578 0.009 -0.00485
0.38376 3.57501 -1.22354 0.47792 -0.05376
0.56765 1.26381 -1.18423 -0.23323 0.22114
-0.491 1.1642 -1.61252 0.91309 1.1636
0.08069 1.03273 -1.71731 1.57602 0.31683
0.36714 1.49941 -1.16202 0.90844 -0.27978
0.9594 0.40941 0.08998 -0.66456 -1.10965
0.61727 -0.83882 0.01294 1.01635 0.32477
0.96447 -1.76104 0.06181 0.20965 2.45681
1.63388 0.13525 0.33517 -0.74215 4.16844
3.14941 1.72639 -1.66825 0.17087 1.9684
1.06217 1.79441 0.65784 -0.91889 1.38744
1.1574 0.03153 0.43543 0.25041 1.85877
0.24236 -0.52396 1.26673 0.5585 1.95129
0.65365 0.73264 -0.50101 1.43207 1.95705
0.74646 1.03726 -0.83991 0.48237 1.94713
0.38036 1.4477 -0.47836 1.15769 3.04108
1.02558 0.98491 -0.00499 0.65932 1.74896
-1.466 1.97908 1.55294 -1.69883 2.59121
-0.42017 1.96301 1.00913 1.28095 2.10218
-3.49642 0.87942 -0.02734 -0.99987 2.39493
-2.64587 1.14284 0.03824 0.65679 0.78638
-1.87788 1.25677 1.49772 1.82847 0.02625
-0.71496 2.49247 1.40272 2.61725 -0.31451
-1.08151 0.16159 1.73778 0.86029 0.77737
-0.53049 -0.29218 2.32291 0.33922 1.91642
-1.36038 1.54126 2.63613 0.75402 1.20827
-1.16988 0.61063 3.37316 0.40797 1.16134
1.32314 1.514 2.94248 0.17259 1.00529
0.43978 3.01943 3.77755 2.40195 -0.95339
0.19957 1.79271 3.21632 1.11344 -0.34122
0.22889 0.55407 3.87845 -0.02248 -1.72777
0.24134 1.58544 4.42243 -1.43269 -2.34999
-0.54745 1.45945 4.99707 2.02741 -1.51171
-2.30825 -0.31075 4.20444 0.754 -0.66082
-3.23936 0.88812 5.65976 -0.28867 -0.19512
-2.71016 1.6256 4.15505 0.44195 -0.43498
-1.93822 1.01317 5.31814 1.26866 -0.95069
-0.08872 2.99371 5.14973 -0.29963 -1.95423
-0.54528 2.90472 5.72559 1.2131 -1.60821
0.67281 1.62708 5.43963 0.02149 -1.75529
0.13146 2.61295 5.0118 -1.31042 -1.38968
-0.0529 4.07047 2.0214 1.10824 -1.73238
-0.95706 4.08961 2.43064 3.14015 -0.72322
0.40944 2.79423 1.35954 -0.26699 -0.56608
-0.02939 2.8301 2.04128 1.8277 -0.1372
-0.39075 0.62548 3.5026 1.47677 1.44845
-0.46555 0.04861 2.45599 1.0776 0.00211
-0.65883 0.86871 2.19054 -0.69032 0.86108
-1.71955 1.94124 0.87014 1.93993 1.93408
-0.63728 1.46711 0.92994 -0.09742 1.82816
0.83419 2.07044 1.49179 -1.12899 1.53896
-0.26325 0.34591 1.44284 0.11266 2.8303
-0.32193 2.31157 0.94224 1.93045 4.20417
0.90984 1.85781 -0.56209 0.13271 3.48263
2.21018 3.46459 -1.07443 -0.78364 3.04501
1.6156 3.25723 -0.72809 0.30977 2.87156
1.70472 4.75797 -0.78804 -0.23902 -0.08081
1.97873 3.20182 -0.0761 0.63733 -0.7644
2.50994 1.60273 -1.154 2.9484 0.65471
1.92239 2.73434 -1.3931 2.27192 2.40793
1.22548 0.92772 -0.41923 1.21671 0.78676
0.73904 3.35252 0.61044 1.29614 1.64506
0.64603 2.04219 2.077 0.78502 2.71216
0.46724 0.29124 3.51814 1.0954 2.68027
-1.05247 0.9596 1.99048 -1.15415 3.69618
-0.48616 1.22052 4.62955 2.58562 3.15142
-0.69817 3.76861 4.51884 0.83582 3.87743
0.91074 2.1781 3.90364 0.8431 3.53875
0.87856 2.49236 2.56719 -1.43136 1.95846
-0.14347 3.07255 2.00313 0.24679 0.91339
-0.31857 1.59583 1.32533 1.40594 0.81345
-0.01323 4.32537 1.38059 -0.05922 1.27784
-2.83455 1.29592 2.21562 1.34955 0.34715
-2.11 3.07766 1.69971 3.03008 2.39383
-1.69483 0.10111 2.08284 1.61735 2.02032
-1.80885 -0.06996 2.32392 1.8407 2.11447
-1.65675 -1.08945 1.78434 0.72611 1.99784
-0.92021 -1.28725 2.16267 1.012 1.24257
-0.92151 0.14989 2.59555 0.82665 2.40591
1.67745 1.60568 1.97761 -0.12929 2.1848
1.24752 3.98795 1.3573 0.38748 2.33585
0.48131 1.46011 0.59564 0.27664 2.47922
1.51932 -0.39465 0.41217 -1.2587 1.04892
2.63402 0.58601 0.31117 0.32685 2.52692
1.8133 0.36774 -0.01967 3.27185 1.42202
1.00491 1.76074 0.52458 0.77536 0.64522
0.90016 1.70104 1.11365 1.74237 -0.24849
0.31623 -0.83911 0.17072 -1.29009 0.2935
1.50608 -1.42425 1.3012 -1.74682 0.05494
