6.49102 1.92077 3.90044 -1.1622 -2.77415
5.57404 -1.51534 4.8195 -2.06716 -1.91343
4.04141 -0.86287 3.26332 -1.93446 -3.28727
2.11775 -1.28574 4.127 -0.48594 -3.53573
4.17615 -2.89523 5.50785 -0.49861 -2.52648
4.07029 -3.33085 6.74706 -0.34675 -2.89912
3.25506 -3.55935 6.42907 -0.97318 -2.60973
1.2016 -1.10826 6.54441 -1.21777 -2.96254
1.62814 -1.13363 5.90085 -0.40473 -3.89736
4.16174 -0.5684 7.62912 -1.40719 -1.94544
3.01264 0.25579 7.63797 -0.46093 -2.22747
3.20053 -0.06227 7.55584 1.34278 0.07837
3.62659 -0.76358 8.49739 0.98496 -0.59854
1.84839 -0.37883 6.37935 2.37501 0.23379
1.48294 -0.06911 5.57078 2.62217 -0.53342
1.87482 -0.02644 5.35042 2.97892 2.21469
0.71389 0.33878 6.07405 2.67128 1.61591
1.42759 0.42234 7.12114 0.34612 1.11487
2.63535 0.07933 8.29246 -0.93207 0.04258
5.00393 0.55898 10.28978 -0.93039 1.43417
4.78243 0.23395 10.56436 -1.40919 0.26339
1.70507 -0.51679 7.80238 -0.90273 -0.22844
1.75471 1.13536 7.94578 0.09414 0.23198
3.26009 3.26399 6.35821 0.05758 -0.55574
1.84707 2.69966 7.05543 -0.13287 0.21209
3.2823 0.74872 6.07551 -0.90997 0.99649
2.16839 1.5328 4.68537 0.0985 -0.25568
1.00852 1.56875 2.34734 -1.98078 -1.11337
2.28899 2.84549 2.74484 -0.56652 -1.30001
2.23431 2.26619 4.075 0.89476 -2.29046
1.51529 1.16132 3.06091 -0.82387 -2.36728
4.25418 0.77435 2.32747 0.50554 -0.22157
1.68225 1.36977 2.11914 -0.42563 0.96065
1.96306 -0.47399 2.51506 -1.23478 1.89181
2.54599 0.08502 3.07976 -0.99344 2.03221
2.77812 0.05639 3.92948 0.41272 2.29275
2.81466 -2.67939 4.37392 -0.29739 1.1828
1.91041 -2.55402 3.2852 1.06813 1.62752
0.81395 -3.32834 3.48939 1.78931 1.41419
1.83161 -4.79501 3.05176 0.93856 1.29761
1.35237 -4.64921 3.23003 1.09619 0.98405
0.16161 -3.58353 3.96091 1.42867 1.22594
0.71549 -3.08015 2.36794 -0.29319 2.55176
1.49909 -2.91469 2.03029 0.06228 0.70699
1.39711 -1.67407 4.1555 -0.98022 1.2684
2.34162 -1.36888 4.84039 -0.6552 -0.03785
4.03431 -0.93763 5.10949 -0.39693 0.50742
2.06995 -0.67935 5.68516 1.89666 1.07918
3.24361 -1.40013 4.05178 2.09245 1.78798
4.77506 -2.38706 4.98799 1.08936 1.57868
2.53686 -1.37826 5.2936 -1.09365 0.06933
2.33685 -0.78134 6.6324 -0.16103 0.56879
1.91206 0.3822 5.10509 0.25872 -0.74502
1.87344 2.72481 2.65489 -0.17094 -0.83367
3.41067 2.07413 1.61909 -0.12379 -0.75992
3.14055 1.54022 1.95458 -0.33228 -1.63534
3.29991 2.01945 2.66628 0.00055 -1.1819
3.62125 -0.25516 3.17568 0.77143 0.05812
2.54809 -0.58787 3.5168 1.16254 0.75902
1.16564 -1.53393 4.01236 0.13442 0.35967
1.48724 -1.16217 3.31992 -0.7444 1.03222
2.89793 -2.2256 4.24725 -0.50913 1.54596
1.20044 -0.93372 1.95023 -1.57968 0.59846
1.6488 -0.81428 3.67304 -1.48444 0.7148
1.89445 -0.87685 2.59128 -0.57359 -0.74004
1.31787 -0.89893 3.55623 -0.78405 -1.99553
1.88141 -1.00762 1.66455 0.14762 -0.80699
0.20699 -2.79417 2.18456 -1.42666 0.04674
1.49371 -4.42183 2.79384 -0.57821 -0.79672
2.20817 -4.33838 2.60401 -1.20991 0.38387
3.04582 -5.20731 2.35113 -1.47427 -0.66991
1.79685 -4.43293 2.14135 -0.25951 -0.7657
-0.41156 -3.92545 3.19891 0.27338 -0.04102
1.56242 -3.25344 3.89259 0.10853 -1.37347
1.69067 -1.76402 1.36059 -1.50614 1.51432
-0.09414 -2.60939 0.78961 -2.46707 -1.66986
-0.74421 -2.62273 -0.62472 -1.14286 -1.58215
0.42721 -2.70686 0.85077 -0.78437 -1.84853
1.25229 -1.16427 -0.35759 -1.05959 -3.25218
-0.55222 0.30358 2.10083 -1.172 -2.27321
-0.84947 1.71622 2.75958 -0.23291 -1.28143
-1.0381 1.6454 4.05953 0.08747 -2.19404
-1.24519 0.59975 4.94267 0.40433 -2.61661
1.45775 1.73317 4.68396 -0.68716 -2.74945
1.94283 1.13361 4.48542 -0.31015 -1.55016
4.05617 2.49889 3.558 1.93379 -1.66333
4.79046 2.23229 3.87076 0.68285 -3.1875
3.75246 2.41038 3.77641 0.60586 -3.5554
4.052 0.72538 5.44123 1.62294 -2.00564
4.2482 -1.00088 6.0912 1.18551 -0.94407
5.78268 -2.06889 5.35362 0.61458 -2.23323
3.11045 -1.78492 4.98297 1.24285 -2.80812
3.00541 -3.0658 5.38047 0.89683 -2.47794
2.14029 -3.43142 4.22205 1.14412 -2.55303
1.79425 -1.73529 4.7526 0.28989 -2.5365
1.01409 -0.94648 5.45881 -1.16562 -2.36678
-0.00559 -0.27158 5.0553 -1.30427 -2.88406
2.11743 0.0709 6.0327 1.67421 -1.21347
3.02468 0.44004 4.71621 1.06828 -0.96332
4.65079 1.84104 5.20996 -0.73632 -1.33465
3.56663 0.60546 5.31105 -0.4872 -0.13707
5.51202 0.43788 5.39189 -1.13003 0.50458
3.47299 0.62472 5.24943 0.6166 1.66532
3.95814 1.14932 3.40193 0.25297 0.74468
3.8301 0.8666 1.99299 -0.23407 -0.03175
4.22034 2.80984 2.55011 -0.10609 -0.5646
3.26023 0.85359 3.72852 -0.29031 -0.14783
2.14154 0.78921 2.26264 -0.73668 -0.22922
1.95436 0.82221 2.21235 -0.22053 1.10728
2.87589 -0.14448 2.23213 -1.63258 2.16768
4.23251 -0.34119 1.51413 -1.66443 2.08941
5.45064 -0.67547 3.38568 -3.13799 2.7532
2.60873 -1.39066 3.732 -1.09394 1.93481
2.62918 -0.56077 3.95389 -0.9722 2.21272
1.18844 -0.06553 6.3575 -0.59749 2.16888
2.44577 -0.27536 4.17561 -0.72762 1.7403
2.37124 -0.14436 4.75029 -0.79747 1.67791
3.17282 1.47163 6.47672 -2.54701 0.92359
2.63754 2.20823 8.98134 -0.68758 0.79883
1.72013 2.04462 8.34995 -0.48155 0.56125
3.60528 1.67316 8.66073 -0.43019 -0.58083
2.70861 2.55783 5.18794 0.8 -2.69018
1.35005 3.15941 2.2187 0.62158 -3.82455
0.45722 3.09691 1.27781 2.06698 -3.09724
0.46553 2.19248 2.53657 -0.9786 -3.65322
2.84819 2.07867 2.96837 -0.69971 -3.67248
3.01254 2.18946 2.88282 -0.54282 -3.52383
3.88881 0.19111 3.86282 -0.62829 -2.53194
2.92663 -0.02125 4.07347 2.59274 -0.45774
0.07639 0.10749 4.75018 1.85757 -0.56668
0.0363 -0.85937 4.15137 1.0415 -2.77708
2.02113 -1.47198 5.56764 1.88296 -2.57247
2.91327 -1.01159 5.18282 1.41363 -2.20298
2.62546 -1.66089 5.47132 1.90485 -2.44506
2.03543 0.1468 5.42075 1.06264 -2.49182
2.05778 0.76849 7.96274 0.85536 -2.35245
3.92408 1.24464 6.73395 -0.31881 -3.37709
4.13794 1.14384 7.10333 0.92763 -2.3811
3.95094 -0.57772 5.50354 0.04656 -1.21057
5.49582 -0.44096 5.56238 -0.90481 -2.66335
3.72092 1.66215 6.91462 0.05555 -1.4294
1.62378 0.97407 6.29379 1.59772 -1.04633
2.62272 1.65954 5.28461 1.15943 -1.10269
3.0635 1.48119 5.45193 0.86991 1.28141
3.87152 1.51965 6.51407 -0.33831 0.63936
3.47034 2.28246 5.87064 -0.93467 1.20972
3.6426 2.84991 6.1107 -1.3194 2.30912
3.42744 4.85712 4.44918 -0.40478 1.05659
3.15298 5.36851 5.16706 -0.65994 1.34647
3.43516 4.46449 5.74381 0.07438 0.73199
6.91538 4.9233 5.52692 -0.17689 -0.97929
4.67246 5.55592 5.40167 -0.94542 -0.21417
5.18001 3.98275 3.08403 -1.63385 0.9739
7.44055 3.4356 0.67136 -1.58035 1.20201
7.39244 2.8941 0.73136 -2.21847 2.4592
5.40821 2.71785 -0.21414 -1.46624 2.88056
6.19993 3.25523 1.30986 -1.62297 0.51521
5.82261 2.37503 2.39014 -1.39789 -1.05913
4.59559 2.62808 2.91467 -1.69912 -1.07141
2.35409 1.8179 2.34691 0.60893 -1.91548
1.19073 2.96351 3.62669 2.07265 -0.6742
1.47816 2.11285 2.62334 2.68596 -0.51662
2.10893 -0.1974 4.43684 1.64811 -0.72215
1.64744 -1.00432 5.09657 2.9762 -1.16435
1.16653 0.04303 5.05907 2.59282 0.6587
2.36846 -0.5314 5.1354 2.41223 0.25256
0.73412 -1.24495 2.98026 1.88569 1.6584
3.32996 -1.51139 3.55917 0.37315 1.72113
4.68942 -3.11284 3.84937 1.80883 2.66442
3.04047 -1.40549 1.75887 2.43026 1.99789
2.31611 -1.24708 4.24158 1.99808 3.42043
3.03264 -2.70014 2.34826 1.33253 2.71565
3.92104 -3.28443 3.41367 -0.02434 2.07403
3.9817 -3.65571 4.6311 -0.05116 1.47056
1.08181 -2.74196 5.15051 1.18969 0.76222
-0.47318 -0.03494 5.35089 0.44757 0.37577
1.44478 0.115 5.65456 -0.35751 0.56059
2.48125 0.12041 5.92403 -0.30879 2.27416
3.93817 -1.07478 4.52955 -0.94347 0.84342
3.48444 -1.69221 2.27067 -0.78835 0.00108
2.92221 -1.97855 1.62244 -1.10785 0.1389
2.02173 -1.63902 4.31011 -0.05453 0.09158
1.06931 -2.91085 2.31606 -0.03739 -0.70543
1.09066 -2.79513 2.1292 -0.63314 0.78897
0.65305 -1.93711 3.62431 -2.69885 2.4395
0.96889 0.29986 2.36915 -0.55831 3.40537
1.35744 -0.39484 -0.13516 0.48595 2.68738
2.49168 0.60936 1.15604 -0.98855 3.28137
2.18952 2.03779 0.72724 -1.2953 1.63067
2.82914 2.18577 1.90616 -0.10657 1.91303
3.86999 2.26787 1.24601 0.6326 3.62506
0.72181 1.67218 2.55988 1.21441 3.39299
0.73358 -0.84039 3.32803 1.78935 3.39429
-1.18053 -2.085 4.41293 3.16532 2.59621
0.59114 -1.91213 6.46607 1.40223 2.03219
0.55997 -2.60299 7.23608 1.50448 1.32918
1.19826 -3.02122 7.59728 -0.44378 -0.01756
3.25214 -1.64608 6.58643 0.62058 -0.72947
2.66979 -1.81202 5.89572 0.28203 -0.54092
3.01999 -3.45006 5.78191 -1.14574 0.54519
2.4076 -1.69203 3.96094 -2.66406 -0.4076
1.59784 -3.62891 3.24525 -2.04624 1.18708
1.32278 -2.41727 2.78042 0.03884 1.39858
2.03709 -0.64114 2.11836 0.03472 1.53429
1.45344 -2.32173 2.03683 -0.71726 1.76081
1.70842 -1.97404 1.1344 -1.17849 1.2299
1.26984 -1.59977 -0.34739 -0.16904 1.96244
1.69124 -1.53895 -0.29349 -1.62443 0.87097
0.74681 -0.74123 0.51463 -1.75174 1.28341
2.66525 0.19749 0.93619 0.9972 1.4387
2.86291 0.26656 1.86716 -0.91852 1.5994
0.24535 0.76197 2.19777 -1.42006 1.54294
1.88967 1.22599 3.32985 -0.74326 2.43449
2.69167 2.05719 3.72885 -0.24357 2.2643
3.07279 0.96671 3.469 -0.21296 1.07995
2.09624 0.54654 5.49295 -2.0395 0.19492
1.42776 0.73333 5.76717 -0.22728 -0.3649
2.83385 1.01243 5.17165 -0.00299 -0.26248
1.83157 -0.17586 3.53948 -1.33223 2.5834
2.08491 -1.25128 4.77396 -0.5013 3.10305
3.11774 -0.06647 4.33519 -0.57544 0.66361
3.17782 -0.06657 4.25022 0.31867 1.60814
2.77461 0.21982 2.76325 0.77454 -1.39184
2.87532 1.6207 3.11492 1.20496 -1.31704
1.2551 1.57735 2.02128 2.91588 -0.74393
1.11542 0.46546 0.98229 1.88883 1.24688
2.21335 0.87984 2.18597 2.2033 3.58432
2.78918 1.6229 2.29837 1.00382 2.04381
3.9676 0.9593 1.77724 0.5033 0.9255
3.38309 1.36862 6.53302 -0.34647 1.10049
1.8666 1.0873 7.35347 -0.24307 1.28067
0.53515 0.09261 6.97096 -0.17567 0.55722
1.5157 0.43298 6.19198 -0.60768 -0.14223
-0.56874 1.422 5.73838 -0.34612 0.51266
1.83986 2.1034 0.84223 0.10415 2.18487
2.58312 2.7018 0.32452 -0.12572 2.30452
0.84358 1.65773 0.73631 2.45419 0.09882
3.2271 2.08465 0.91109 2.56768 1.53706
3.42577 -1.13406 1.98411 1.95857 1.67086
2.33131 -1.0028 2.11336 -0.58113 0.88451
0.24142 -1.7099 4.30617 -0.28078 2.33724
0.76978 -0.76157 6.11305 0.27537 1.45476
1.083 -0.9811 5.64648 0.19024 2.00986
1.45607 -0.82714 5.24158 0.39773 1.78374
-0.03756 -1.90877 5.60587 0.33985 0.65539
1.05289 -2.75036 2.6296 0.67385 -0.55164
1.91528 -2.41282 3.94567 -1.0203 -1.89111
0.97854 -0.81792 4.81044 -0.15852 -2.70669
1.04837 -0.92272 3.44119 0.88908 -1.73765
1.85767 0.83056 4.09323 0.82864 -1.45782
2.73208 0.68913 4.50303 -0.47361 0.60057
3.4512 0.15389 4.60377 -0.95368 -0.02157
1.95371 0.93647 6.05162 1.3612 0.8791
4.7153 -0.22002 4.57303 0.08527 0.97856
5.84065 1.18936 4.09004 0.68047 -0.09891
4.06939 -0.67016 3.33278 0.45634 0.28687
3.19718 -1.04933 2.79465 0.11626 -0.32581
3.00166 -0.42258 3.8144 0.12822 0.09264
3.46961 0.77664 0.07585 2.37106 -0.18774
3.31297 1.06021 -1.14766 1.44017 1.53891
2.59493 2.0654 -1.41529 2.90599 3.27068
3.24941 0.8508 -1.71496 2.16433 4.00439
6.22348 0.93868 -1.53674 2.05636 2.65173
0.61122 -0.76323 -0.16387 1.24235 2.3545
1.8324 1.06997 3.04706 0.72284 1.56233
-0.26813 1.57306 4.54976 0.76589 1.09709
-0.85462 1.25572 6.0756 -0.20775 1.29563
0.92073 -0.20432 6.69702 -0.75577 0.58178
0.53448 -1.62285 4.15278 -0.13742 0.81783
1.47293 -2.09887 3.71832 -1.39839 -1.18093
2.02663 -2.19823 3.02439 -1.76686 -0.91949
2.00345 -0.70935 3.035 -1.78635 0.74146
-0.01101 -1.20751 4.74484 -1.14795 0.69619
2.16166 -0.97308 5.3287 2.26812 1.66415
5.60891 -0.54803 4.29081 3.53829 2.79324
3.28255 -0.76575 3.03872 0.69605 2.65177
0.20152 0.9062 4.10083 1.09639 2.0902
1.12062 0.16305 6.53575 0.41434 0.8934
2.69565 1.16909 7.0233 0.53959 0.16137
3.35982 1.22741 6.65474 0.60392 0.70162
3.39066 3.59005 6.27 -1.59235 -0.06518
2.81325 3.85922 6.059 -2.10148 -1.35807
5.04909 1.78065 5.56028 -0.2039 0.81453
3.63425 2.2764 3.65514 -2.68499 1.16932
3.6483 2.12371 4.6852 -0.13805 0.36088
5.20381 3.20795 4.81222 -1.5567 2.1908
4.84221 3.8755 6.05662 -0.4356 2.0041
5.6447 3.15839 6.80222 0.86592 1.8245
3.67988 3.97293 7.25564 0.51741 1.64265
3.19766 4.71964 5.28862 -0.40953 0.91285
3.01192 1.76996 6.77853 -0.18235 0.18622
4.38175 1.59911 7.03412 1.32434 -1.19151
3.21428 0.25424 4.43442 0.20078 -1.06344
2.43704 0.26578 4.78266 0.59839 1.11471
1.73177 -1.58064 3.94078 -1.43153 0.70795
1.79978 -1.12758 2.26855 0.88649 1.6207
1.12547 -0.7883 1.85984 -0.51427 1.78817
2.11987 -1.77685 0.97293 0.14958 1.76621
2.67386 -1.78893 2.34075 0.90527 0.63894
2.70822 -1.58478 2.63264 0.04102 1.41965
