-2.27556 -1.38818 1.45722 0.00197 -0.1645
-2.71568 -0.71672 1.0727 0.06594 -0.02798
-1.67147 -2.23034 0.11337 -0.50409 1.30111
-1.05208 -1.36867 0.67284 1.47774 0.28017
-1.53766 -1.52552 0.2606 0.62778 -0.46509
0.15848 -0.33593 2.18421 0.95717 1.37392
-1.49939 -1.56712 2.272 0.03194 -0.93579
-2.40902 -2.0253 0.48434 -0.15287 0.27075
-2.06226 -3.18355 -0.46336 1.40214 0.33728
0.05959 -2.47921 -1.40805 1.14251 -1.47475
2.40975 -1.31493 1.87281 1.48961 0.8399
1.11825 -0.8395 0.95296 0.49762 -1.14904
-2.3101 0.32038 2.28368 -0.03082 1.06986
-1.32568 -0.30559 2.69952 -0.85324 1.29096
-0.94255 -0.07713 0.47963 -0.09677 1.57285
-1.91263 0.86407 -0.36373 0.17022 1.09879
-0.44335 -0.07315 -0.03518 0.02385 0.14153
-1.33907 -1.00221 1.02829 -2.00824 -0.7224
-2.27416 -1.75292 0.31452 1.2638 -0.90065
-1.50076 -1.20803 -1.08183 1.10078 -1.09348
-0.87324 -1.24512 -1.5684 0.43018 0.4594
-1.0597 -1.27053 0.8152 0.21644 -0.22175
-0.84444 -1.31094 -0.70416 -0.35202 0.43246
-1.33553 -2.26724 -0.10124 -1.71222 1.46726
-0.84565 -3.03408 -1.62539 0.0991 -0.92893
1.27519 -3.3888 -1.78609 0.73214 -0.40527
-0.00999 -2.97191 0.3649 1.18323 1.9841
-0.13709 -2.16849 0.42561 0.80979 -1.05175
-0.78065 -2.23426 2.13402 1.66651 0.78658
-0.50149 -1.24701 4.31664 1.2604 -0.52941
-0.59369 -2.44661 1.27556 0.85929 0.57555
-1.81906 -1.58537 -0.36356 1.2194 -0.19698
-0.36139 -0.89908 0.01814 -0.59858 1.36648
-0.68173 0.97713 2.03423 0.73531 0.60015
-1.75411 0.24568 2.54273 1.62902 1.1487
0.15723 1.08598 -0.82251 -1.3919 -0.2195
-0.92112 -0.29597 -1.52294 -0.52835 0.4273
0.00314 0.03717 0.42547 0.81932 1.19672
0.8589 -1.02586 -0.90054 2.98776 0.67405
0.25807 -1.04186 -0.32063 0.83865 0.6569
1.12161 -0.45642 0.69945 -0.03213 -0.2742
-0.08663 2.09816 1.19804 -0.03764 0.68672
-0.16216 2.11621 1.50474 1.69493 -0.09234
-0.75897 0.60537 1.61568 0.48072 -1.87201
-0.2046 1.64335 -0.28246 -0.34074 0.54568
-0.94105 2.67442 0.72544 -1.34422 -1.6037
-1.06259 2.06165 -0.27399 -0.66836 0.82182
-1.45712 1.96738 0.33013 0.63451 -2.32589
-0.03179 1.25366 -0.09715 -0.61225 -1.05652
-0.17799 2.50099 0.86347 -1.46499 0.00615
-0.26011 2.7153 1.0714 0.22986 0.27489
-1.06624 1.63578 1.39362 1.88445 -0.46431
-0.63907 0.34951 0.73515 -1.57222 -1.59994
0.48411 2.29643 0.92518 -0.72016 0.17837
0.54171 2.18571 1.03133 -0.33668 0.60043
0.63754 1.60992 1.14435 -1.22199 1.89555
1.52939 2.68828 0.11737 -1.02798 -2.21104
0.83587 3.30789 0.0024 -0.77134 0.88269
1.04807 4.53252 0.20386 2.30813 1.04516
0.77999 5.30804 0.59952 1.41148 -2.36399
2.46539 4.38289 2.1803 1.50079 0.52912
2.6962 4.78046 1.01321 1.46397 -0.35328
1.7462 2.58814 -1.17893 1.4168 0.62247
2.11817 1.5685 -0.71889 4.16131 1.20384
2.35974 2.1636 -0.38299 3.97261 -0.24184
0.80624 3.96025 0.82241 1.39207 0.97022
0.29096 3.59969 0.63375 2.50957 0.43708
2.08399 2.37671 0.41402 1.55688 0.98729
0.18748 3.6053 0.44233 -0.13087 1.20446
1.36911 1.97271 2.21186 0.80455 1.10174
0.93716 1.10218 1.38996 0.66744 -1.56404
0.90775 2.56754 -0.29419 -0.36248 -1.62783
2.03424 0.97746 2.08068 -0.04513 0.33666
0.61197 1.33061 1.07667 0.3583 -0.3872
-0.29198 1.84384 -0.67212 0.38104 0.27929
-2.08541 1.17401 0.78796 1.5746 -0.8189
0.34575 0.01034 0.02281 2.14086 1.02014
0.58705 -0.17668 0.13239 -1.20566 0.89087
0.62636 -1.28807 0.05643 0.25162 0.5898
0.52561 -3.61009 0.94735 -0.17 1.23141
-1.11266 -2.18716 -0.38582 1.11265 2.0508
-0.69263 -2.24913 0.26019 1.26355 0.19047
-1.02258 -1.58178 0.71318 2.6753 -0.8555
-0.7406 -0.79595 0.6435 1.449 -0.14314
-1.21827 -1.6562 -0.17634 1.88864 -2.3578
-2.16623 -2.93178 -0.24221 1.64473 0.32516
-0.66176 -1.17589 0.73213 1.24463 1.28235
-0.14385 -1.74192 -0.50258 1.53877 -0.50487
-1.38223 -1.07298 0.14411 0.75908 0.10298
-2.71702 -0.38203 -0.10054 0.83505 -0.1835
-1.64561 -1.11073 1.06035 1.28388 -1.03908
0.54504 -1.96171 0.97866 -1.3053 -0.37828
-1.76467 -0.83026 -0.42973 -1.45538 -0.38201
-1.92223 -0.14467 -2.7089 -0.45944 1.30561
-0.81595 0.5281 -0.34254 0.27687 -1.18492
-1.0443 1.11974 -0.21953 -0.4207 -0.46983
-0.9874 2.22468 -1.03268 0.96726 -0.38583
-0.47682 2.76533 0.76037 2.91172 0.75802
-1.17137 1.44528 0.57168 2.07601 -1.24582
-0.23113 1.19814 0.27743 3.29403 -1.58458
0.59459 0.6936 0.62162 1.86088 -2.17977
1.60039 0.54683 1.16116 -0.46178 0.55017
0.4931 -0.24762 0.30889 -0.52794 1.56391
1.50893 0.01165 -1.29181 -1.20158 2.82215
0.03558 1.13855 -1.52033 -1.22476 0.76436
1.95318 1.85406 -0.56955 -1.24387 0.2143
0.36954 2.38344 0.95866 -0.36477 -0.22418
0.32412 2.7066 -0.86701 0.57627 -2.14795
2.40249 2.82962 0.0454 -0.87331 -1.39043
0.04021 2.86038 1.91997 2.42085 -1.46781
0.37584 2.85942 0.76926 2.64481 -1.34877
0.61818 1.96972 -0.72495 0.79599 1.68003
-0.42657 3.46123 1.31738 0.0534 -0.13386
-1.95099 1.81934 0.89586 1.71535 1.49198
-0.23759 2.88112 1.5039 1.27901 0.54129
1.1377 1.192 2.25335 0.48665 0.49482
-0.03912 1.99307 1.79513 0.26648 -1.45316
-0.18914 -0.25996 0.1906 0.92299 1.06942
-0.99756 0.44033 1.61013 0.8023 0.00268
0.80136 0.78415 2.76602 0.70042 -1.164
-0.3071 2.1529 3.49758 0.35887 -1.70425
0.40522 1.52055 0.97702 -0.63008 -1.1563
1.33603 1.54665 0.5513 -0.41921 0.8335
-0.2565 2.21131 -0.72746 0.64902 0.32468
2.44134 2.11437 0.8953 0.151 -0.79873
0.62352 1.64391 -0.25608 -0.40041 1.13698
0.18574 1.16992 1.14894 -1.27636 -0.60443
2.12107 -0.22707 1.46734 -1.29438 -3.22624
3.84302 0.73992 2.52868 -0.1967 -0.92754
2.59686 2.32841 1.7902 0.75506 -0.14557
0.69687 3.03538 0.39116 2.04188 -0.49019
-0.50655 2.01712 -1.18504 3.10155 0.38623
0.31432 2.82345 0.34331 2.0468 -0.05502
-1.01158 4.03534 0.82947 2.45516 0.1978
0.585 3.26246 1.77116 2.82163 -0.069
1.06497 0.81037 -0.66502 3.40043 -0.30261
0.31144 1.669 0.49312 0.99648 2.38514
-0.08569 0.07232 0.50799 0.27226 -1.08816
0.25701 -0.41677 0.10218 -0.49017 -1.16719
-0.78183 -0.05305 0.4199 -0.30184 0.15745
0.35279 -1.03365 -0.13443 -0.62398 1.8276
-0.74737 -2.06383 0.18842 -1.01135 -1.19835
-0.65813 -2.9204 1.04267 1.31425 -1.6676
-1.67504 -2.94215 -1.27642 0.28132 -0.30737
-1.15031 -0.8829 -1.4519 2.49341 0.32868
-0.06395 -1.10432 0.86259 -1.4908 -1.48861
-1.24198 -0.51713 1.77149 0.67632 -0.58863
-1.53788 -1.32234 2.62614 1.64232 0.76306
-1.30041 -0.67583 0.74702 0.00402 1.6796
0.17925 -0.75991 -0.71219 1.36398 -0.84911
-0.26822 -1.00092 0.54066 1.87194 -0.57651
-0.38668 0.451 0.41432 2.45187 -0.1342
0.34681 -1.92745 -0.18916 0.07861 1.19167
-1.43353 -0.07686 0.55802 -0.43722 1.59455
-3.49196 -1.67606 1.10389 -1.24013 3.07552
-1.7499 -3.50019 -0.36266 0.19198 1.07189
-0.24935 -3.20523 0.95177 0.59022 -0.50315
0.1097 -2.91694 0.08872 2.66025 0.91057
-1.31259 -2.44467 1.41625 1.47942 0.87611
-0.26145 -2.97725 1.64965 2.29607 -0.87506
1.08535 -2.08571 1.31668 0.97493 -0.03607
-0.99144 0.74109 1.38983 -0.09945 -0.07896
-0.01943 -0.32397 1.67642 -0.58826 1.77623
-0.87518 1.84877 -0.09478 -0.70667 0.98671
-0.20572 0.77664 0.73297 0.59958 -1.03969
-0.48015 0.0251 0.10387 0.31243 0.26731
0.29314 0.87405 -0.93711 0.15142 0.15087
0.2728 -0.07716 -1.8698 0.87645 -0.1105
1.55033 -0.38746 0.14415 0.20508 0.20787
-0.00034 -1.76554 -0.53278 1.00084 0.29871
-0.65708 -0.05784 0.00647 1.16768 -0.1733
-0.67986 1.12137 0.69662 1.54335 0.96748
0.54139 1.1552 0.78369 2.24173 0.4812
0.61973 1.11993 0.77535 0.26822 0.71444
-0.08101 1.01471 -2.403 1.29411 -0.83833
-0.57686 0.18317 0.96619 1.8942 -0.30873
-0.21076 -0.85007 2.34146 2.39232 0.23624
-0.31439 -1.37679 -0.09304 1.95008 -0.53905
-1.95946 -0.99416 0.91878 -0.53529 -0.91726
-1.69636 -0.22261 0.0317 -0.90927 0.54732
-1.31478 -1.13004 1.50232 -1.3285 0.65339
-1.47645 -2.19444 0.52418 0.60048 -0.91679
0.59922 -1.96303 1.94497 0.84364 0.34184
1.65601 -2.61466 -0.21047 1.2008 0.34755
0.48722 -3.35365 0.26355 2.28792 0.02446
1.21993 -3.63391 0.52973 0.73025 1.45384
-0.31047 -2.99557 1.25408 1.11434 -1.7006
-0.746 -0.79137 -0.53218 0.08529 0.75643
0.34298 -2.76841 1.99459 -0.52225 1.37116
-1.02724 -1.34442 0.33603 1.04622 1.76532
-0.2526 -1.91026 1.72387 0.35172 2.31328
-0.2549 0.15215 0.46172 0.9972 0.69887
0.23846 -1.00359 0.43131 -0.49275 -1.11832
0.27781 1.08209 2.27059 0.51264 -0.20792
1.14418 1.7804 0.20337 2.04318 0.9586
1.61188 1.16907 0.08451 1.0772 1.77025
0.14941 0.73568 0.31544 2.37404 -0.69492
0.23567 0.91673 0.75436 0.13467 -0.8661
-0.41714 -0.0606 1.11869 0.65376 -0.77561
-0.46619 1.58151 -1.70624 0.11158 1.61616
-0.32136 0.17033 -0.20538 1.30391 0.41397
2.38595 0.18078 1.88835 1.39448 0.54896
1.99964 0.24371 -0.28279 -0.08419 -0.02929
1.78203 -0.176 -0.33036 -1.20953 2.27191
3.2165 -0.73204 -0.57554 1.15527 1.18987
2.61655 1.05195 -0.73707 1.7368 -2.61279
-0.77533 0.88606 -0.58057 0.82321 -1.20072
-1.10496 0.94383 -0.56469 0.10141 0.24163
-2.0933 0.61835 -1.73831 0.43286 -2.3564
-0.58469 -0.49051 -0.30711 1.10465 0.92978
0.11996 -0.57811 -1.57306 1.1455 -1.29421
-0.52661 -0.28523 -0.27107 1.22281 0.61107
0.58556 -0.15031 -0.62484 -1.94171 -0.60535
0.66245 2.07338 -0.06125 -0.11812 1.46228
-1.25518 3.20222 0.84475 -1.36544 -0.87428
-2.0582 0.83053 0.55718 0.01495 0.28607
0.01476 1.08639 -0.14289 -0.02049 -0.82385
0.88069 -0.24918 -0.79545 0.31417 -0.40167
2.14067 -0.93794 0.96533 0.69521 -2.07039
0.76718 -1.3476 -0.02154 3.04094 -0.67793
0.5948 -2.22839 -0.50496 1.47564 -1.10329
0.32503 -2.17456 0.76498 2.77546 0.07705
0.22296 -3.0178 1.66686 1.06882 1.46552
0.99726 -2.37783 1.01194 1.78246 1.75425
-0.94912 -1.24407 2.22812 0.70835 0.58116
-0.98707 -1.81916 1.13808 0.50406 -0.23942
-1.75116 -3.11172 2.55935 2.54033 -0.05479
-0.52667 -2.92787 1.34731 0.96503 -0.11888
-2.23044 -1.66794 0.30519 1.54202 0.35806
-3.64248 -0.94776 0.84393 1.69645 -0.40561
-2.37633 -0.53133 1.02725 1.19201 -0.35447
-1.51311 -0.62478 3.36271 0.97116 1.43123
-1.33548 0.36213 1.13958 0.12997 0.171
-1.97441 0.35919 -0.85337 -0.38327 0.77072
-3.00771 0.14574 0.98318 -0.1635 -1.08702
-1.53347 0.98309 0.4212 0.23089 -2.60883
-2.55992 0.1068 0.46942 -0.21569 0.29786
-2.88916 -0.41679 -0.96359 1.67451 -0.08816
-1.76404 -1.26342 -1.32529 3.15787 -0.17634
0.24281 -2.29667 0.14321 0.33276 -1.34648
-0.11327 -2.93403 -1.74097 -0.28869 -0.18
1.40835 -1.35951 0.23156 0.13231 -0.30514
0.43203 -1.61863 -1.18103 0.59848 0.19094
-0.50934 -0.60381 1.97537 0.80237 0.11077
0.2938 -2.08212 -0.44216 0.1679 1.33795
-2.00259 -1.4046 -0.67961 0.20571 1.27666
-2.33559 -1.31096 -0.10221 -0.31048 0.40217
-2.37467 -1.17134 -0.77687 0.5097 -0.2215
-1.08115 -1.43346 1.31631 0.10435 -0.01767
-1.17094 -3.26532 1.9658 0.52245 -2.1444
0.09482 -2.18607 2.02427 0.7921 -0.82474
-0.19639 -2.96949 0.07719 0.82703 -0.63806
-1.72607 -1.96075 1.15481 1.42429 -0.69235
-0.79847 -1.87462 1.892 2.6051 -1.23569
-1.36212 -1.9668 0.49299 1.20401 -0.92121
-0.93995 -1.79024 1.56523 -0.13975 -0.94792
0.17192 -1.20005 1.22813 -0.34165 0.03678
-1.61094 -0.92056 -0.06004 -0.95138 0.83332
-0.43892 -1.95121 -0.37462 -1.27916 0.31618
0.11334 -1.97887 1.00156 1.96318 0.17533
0.16792 -0.57899 -0.54044 0.45387 0.05705
0.30837 -1.12884 -1.14976 -0.19192 0.81555
-0.65344 -0.94207 -0.23379 -1.03491 -1.39922
-1.2563 -0.5798 1.03877 -0.02671 1.8036
0.11297 -0.85177 -0.77115 -0.26634 -0.50138
0.31488 -0.64955 1.00298 0.80692 0.58361
-0.82246 -0.38118 0.89815 1.03594 0.36812
-0.73644 0.87288 0.60229 -0.39905 -0.82295
-1.15307 -0.20166 -1.15627 -1.80651 0.19593
-1.56389 0.69155 0.16102 1.4495 0.14239
-0.37654 -0.14373 -1.10458 -1.01318 -1.18515
0.94571 0.42521 -0.05653 -0.63715 -1.49986
-0.42427 1.54061 -1.38214 -1.56522 1.44878
-1.91219 -0.12493 -1.33601 1.32944 2.5215
-2.72777 0.49884 0.31142 -0.35947 0.18146
-0.29228 -0.23651 -0.19234 -0.79269 -0.30472
-0.49235 -0.42451 -0.40956 -2.49411 -1.70695
-0.45518 -0.62382 -1.01563 -2.31073 1.25635
1.12729 -0.31537 -2.11259 -0.89755 -0.04994
-1.55417 1.838 -0.10158 -1.69686 -0.56229
-1.84796 1.30521 -0.92665 0.61297 -1.13573
-1.50189 0.86875 -0.65508 1.32562 -1.44146
-1.59044 0.66215 0.37443 0.11342 -0.29117
0.02719 -0.07253 1.72561 1.27063 -0.48614
2.21172 0.61165 -0.03671 0.94631 0.38083
-0.13757 0.74086 -0.02191 1.44555 -1.13238
-0.10166 0.54032 -0.41518 2.25394 -0.83713
1.97919 -0.3525 1.27061 0.84608 -0.35776
0.6171 0.35527 -0.1201 0.21918 1.01298
2.03139 0.03269 -0.25418 -0.05614 0.8921
1.65176 1.78684 -0.26626 0.14965 2.13179
1.22977 1.48997 -1.92298 2.73663 0.0341
0.94156 2.14863 -0.49206 2.9767 -0.81599
1.39711 -0.78398 -0.65926 1.28156 -1.22816
0.22527 1.20817 1.92018 1.83385 0.11329
-0.62081 1.8685 0.95011 2.25644 -0.28336
-0.37632 -0.10122 1.93695 1.95905 1.72365
0.14778 -1.39827 0.24169 0.28508 -0.61687
-0.41806 -0.48775 0.88976 1.95619 -0.74626
1.29446 -1.99053 0.79445 -0.41348 0.24389
