-0.07036 5.74559 0.51078 0.30101 3.20182
0.73545 8.72697 -0.69274 1.42166 2.7143
1.39231 8.38852 0.91852 -0.12209 3.21708
2.03983 7.54282 0.67065 1.59019 2.69972
1.25822 8.72557 0.10433 1.07084 3.63668
1.70197 10.66106 0.90035 0.94972 2.4064
3.31756 10.50458 1.92311 0.36351 2.73594
2.56203 9.66053 0.01567 1.46676 2.56321
0.18417 11.3919 -0.04954 0.65704 0.91343
0.75474 10.514 0.4786 0.59372 1.47655
0.8597 10.92955 -0.15837 -0.05687 1.65066
-0.74436 10.78073 -0.86211 -0.4339 2.22135
-0.04002 11.42648 0.447 -0.23701 1.40438
-0.53014 9.47621 -0.70177 1.83429 0.77279
-1.48456 9.17329 0.61611 2.3222 1.93872
-1.71928 9.19577 0.4097 -0.10684 3.05982
-1.69531 8.10446 0.07201 -0.48112 3.48986
-0.69235 6.26281 -1.84988 1.04586 3.20138
-1.25116 5.89328 1.62785 2.2062 3.26244
-2.02904 6.35575 -0.05608 1.36792 4.48224
-1.44747 6.26518 -2.48651 2.18703 4.72818
-1.32036 7.72307 1.11566 1.33624 5.90638
-0.96033 5.25572 0.2863 0.72473 6.8164
-1.00951 4.24047 0.65517 1.7141 6.18344
-0.42342 3.64241 0.84481 1.65722 6.15392
0.0091 3.27653 0.21928 1.5792 5.60941
-1.48201 3.21471 -0.15117 2.00343 6.28031
-2.12784 1.48913 0.78912 0.38364 6.15188
-1.50818 0.5141 0.06268 0.48658 6.77245
-0.82371 -0.92007 0.02408 -1.25243 7.71846
-0.61577 -2.3647 0.23235 -0.84662 9.18634
-1.31118 -3.09699 2.25127 -0.68808 7.70895
-2.17823 -0.81795 -1.44292 -0.31183 5.35835
-0.27723 0.29422 -0.97502 0.40376 3.4215
-1.04031 0.2081 -0.07703 1.12817 4.73746
-1.56269 0.88675 0.02925 1.05072 5.0575
-2.29502 2.6838 0.79031 -0.0936 5.33604
-2.84015 2.08846 -1.2586 -1.53414 5.07701
-0.63516 1.50533 0.3472 -0.55577 3.56215
-0.63412 0.91097 1.42915 0.16018 1.78716
-0.7516 -1.34674 0.29526 1.70015 2.14899
-0.69197 0.23599 -0.52576 0.45523 2.85144
2.47267 1.97255 -0.96446 -0.57991 1.77766
2.81353 1.13575 0.69072 0.57984 1.01197
2.29133 1.10427 1.59496 0.3131 1.26365
2.5128 1.38743 1.62536 -0.23186 1.7491
1.5176 1.5303 -0.0837 0.45012 4.33813
1.74136 3.20014 0.08387 0.21634 4.07556
-1.02615 3.82732 -0.33114 -0.42748 5.75207
-1.20478 3.93446 -0.09524 -0.2938 5.42545
-0.36632 5.89457 -1.64831 0.05985 5.39815
-0.25268 5.90196 0.82052 -1.1601 4.01703
-0.4497 5.34664 -0.32189 -0.6615 5.9834
-2.03619 3.50921 1.49689 -0.26971 8.16674
-1.73059 3.61637 -0.56782 -0.99916 7.49224
-2.01868 3.14459 -0.06676 -1.17438 6.87428
-2.74274 4.15467 1.2758 0.62059 7.0109
-3.49531 3.72105 -0.25063 1.30687 7.13506
-4.63957 3.40021 0.34527 -0.28159 6.1931
-6.32007 4.05359 0.01389 -0.54243 7.29379
-5.5928 3.42675 0.60988 1.26387 7.30295
-4.98577 4.89719 0.35708 -0.04044 5.24963
-2.22409 5.62792 -2.0947 0.54918 7.64108
-3.91192 5.17471 -0.51977 0.67554 8.79179
-5.64127 3.43907 0.28877 1.51506 8.2453
-3.291 5.14538 0.20605 2.5012 7.01034
-2.73052 6.38357 -0.66828 -0.40909 6.55087
-2.09435 5.81868 0.37033 0.99345 7.99195
-1.98985 8.71066 0.52445 0.89543 8.35867
-2.35834 8.76242 1.76989 0.31415 8.35727
-0.08152 10.42529 -0.228 -0.05081 7.85469
-0.65379 12.2621 0.08306 -0.287 6.37008
-0.05273 11.46953 -0.32834 -1.39148 6.75794
0.60548 12.16028 0.39509 -0.93277 5.89535
0.42494 11.53628 0.85091 -0.68414 5.21564
-0.70281 9.88694 -0.21286 -0.98831 4.45262
0.14621 8.06351 2.29485 -0.3213 3.3649
0.46195 7.9352 -0.77461 -0.62572 3.87647
0.56344 8.23491 0.06445 0.05419 3.34242
0.46867 7.12669 -0.48427 -0.90592 2.98365
-0.89624 6.6889 0.66355 0.54042 2.70274
-2.55593 6.55663 0.62116 -0.65608 4.47834
-2.32051 4.7139 0.13152 -1.50897 6.03731
-3.21223 4.42392 0.75955 0.19874 5.01858
-5.3582 3.1288 0.39996 0.11314 6.03697
-3.89999 3.56557 1.95695 0.66391 5.98748
-2.96536 4.80648 -0.95846 1.01153 6.31754
-1.86954 6.52246 0.02513 0.78029 6.96239
-0.66215 8.10918 0.58319 0.04936 5.60518
0.23011 8.49024 -1.49789 -0.55084 4.8603
-0.56178 8.2002 1.48402 -0.99734 6.32065
-0.2583 8.21262 -0.9735 0.31634 5.49076
1.27902 7.52987 -0.18942 -0.21426 4.39808
0.96338 7.59104 -0.80388 2.04006 4.65547
-0.7074 6.8844 1.14789 1.14302 3.69294
-0.58242 4.95818 -1.00724 -0.41575 4.78793
0.42203 5.52683 0.38577 -1.74423 5.471
3.42979 4.69172 -1.59035 -0.86208 4.24138
0.87579 5.84202 2.59756 -0.25793 5.05981
-0.27484 3.91946 -0.01425 0.47678 4.54759
-1.96924 5.12097 -0.14562 -0.24239 5.01625
-1.08145 5.34989 1.48119 -1.43897 4.46406
-3.14661 6.74079 -0.08403 -1.15132 5.34342
-4.66206 5.31648 0.64802 0.25544 6.75194
-4.4172 3.50526 -2.13444 -0.18007 6.79159
-4.19401 4.54551 -2.2387 0.42646 5.43495
-3.83478 4.36892 0.74887 0.1304 5.50414
-3.35246 4.4345 1.66354 -1.20556 5.8455
-2.89174 5.34582 -1.176 -1.10117 5.58623
-1.12609 8.16224 -1.29738 0.43044 4.32925
-1.00167 8.07282 -0.83033 0.52068 5.70542
-2.0928 6.76437 -0.9379 -0.11423 5.91363
-2.49844 6.77457 0.14747 -0.39303 6.98444
-2.65256 6.40974 0.45286 -0.11348 7.40875
-3.27728 5.51436 0.05963 -0.47975 6.92698
-2.14123 5.50723 0.10665 -1.87145 5.60184
-1.28081 6.01808 -0.23504 -0.98973 7.05078
-1.80988 6.92731 -2.53256 -1.76803 7.751
-1.72296 7.56537 -0.25811 -0.92335 8.61737
-1.98484 6.04213 -1.0707 -0.97456 7.31053
-2.83182 5.01296 1.66503 -1.45705 7.11518
-3.04935 3.84585 -0.06851 -0.83291 5.56471
-3.08907 3.73937 0.74177 0.33983 5.588
-3.43651 4.26476 1.30529 -0.24832 5.38231
-1.77598 3.93233 -0.4801 1.18533 6.21714
-1.69733 6.16738 -1.64431 1.25713 5.62675
-2.7505 6.06554 -1.42325 1.05103 5.95405
-2.37898 4.83391 0.03065 0.99148 7.50333
-2.61042 5.78107 -0.04007 0.81887 6.28355
-4.45925 5.43298 -0.76715 -1.59822 7.47938
-4.31111 5.89713 0.72774 -1.14677 7.24464
-2.45659 6.48864 0.15704 -0.06654 8.99173
-2.77838 6.80573 1.03346 -0.12333 9.21992
-2.47319 7.53286 1.16694 -0.68479 9.27767
-3.05136 8.43255 -0.57244 -1.17473 8.35333
-2.28374 10.16822 -0.66007 -0.59399 6.91874
-3.69255 10.82188 -1.90618 -1.84307 6.69668
-3.66903 10.6092 0.40571 -1.0309 4.86797
-2.81355 9.01397 -0.6563 0.06778 2.57894
-1.24416 9.65483 1.06126 -0.17363 3.48997
-1.504 8.95393 1.13691 -0.70657 3.95861
-2.3071 8.54625 -0.78577 -1.6862 2.72415
-3.17899 8.54765 -0.74336 -2.71409 2.45621
-3.01136 8.78494 0.33565 -1.33441 0.82601
-2.22755 7.86307 0.5551 -1.44408 1.68976
-2.15016 7.74854 -0.72266 0.45083 0.48622
-1.35826 7.23984 -2.09127 0.68263 0.0884
-2.29197 7.61913 -1.39912 0.13435 0.63387
-2.40173 7.48584 -2.09591 -1.13084 2.65852
-2.29494 7.9959 -0.88473 -2.19099 4.16895
-2.94748 8.61493 0.8114 -2.18825 3.66112
-2.40066 7.97055 1.42864 -0.50895 4.52745
-0.9377 7.41267 0.01556 -0.65165 2.32641
1.65133 7.76395 -1.31582 -1.13788 4.39108
1.9765 7.87111 -0.51318 -1.01727 3.89191
1.41378 8.09854 -0.09248 -2.60974 3.14073
0.76822 8.86098 -1.90101 -2.91576 2.45472
0.4018 9.27463 -0.20414 -2.32424 2.42687
-0.34767 7.18534 0.41933 -1.03372 -0.14125
0.28173 8.08394 -1.5132 -1.03152 0.18448
-1.72743 8.08467 0.85258 -0.06074 0.8206
-0.91978 7.38267 -0.65275 0.12438 2.0872
-3.94797 7.40417 -1.01566 0.25901 3.06727
-3.37746 5.62196 0.01144 -1.692 1.57676
-1.6966 5.18154 0.53392 -1.61166 0.26813
-0.50614 5.5757 1.64228 -1.28855 0.95476
1.61579 4.76805 0.08912 -1.18712 1.58387
2.15664 6.16681 -1.51915 0.19774 4.18318
2.1717 6.0556 -1.86766 -0.00893 4.53895
1.651 6.05171 -0.89534 0.00412 5.52275
2.73915 4.05506 -1.01147 0.10732 5.30797
3.16023 6.30519 0.12021 -1.76413 5.14562
4.05944 5.05351 0.05022 -0.9933 5.49241
3.45061 7.23114 0.18792 -0.36918 6.23198
3.87808 6.11521 -1.13371 -1.50745 5.3033
4.212 6.39499 1.1935 -1.71114 5.28512
1.54553 6.37987 -2.20488 -0.76924 6.66337
3.01147 7.58694 -0.39539 0.06037 6.83826
1.28276 6.85291 -0.16806 -0.63684 5.32403
0.98041 7.07884 0.24102 0.15733 4.47001
2.19977 6.77039 0.86191 -1.55133 4.87399
1.92306 6.63148 0.36775 -1.08639 5.94818
0.28976 7.14898 0.35868 -1.04274 4.44154
0.39711 7.4726 -0.66313 -0.09566 4.94038
-2.21591 5.58357 1.12009 0.48976 3.95843
-1.09675 3.87495 0.54101 0.74523 5.39025
-3.41201 4.98981 1.74758 -0.95569 5.97027
-1.80502 4.06403 0.82401 -1.55179 6.42982
-2.00346 5.03269 0.54406 -3.03252 5.5809
-0.94155 4.49295 -0.43723 -2.54413 5.13755
-0.50438 4.51428 -0.93123 -2.31896 4.20987
-0.65899 4.812 -1.03149 -1.35106 6.27474
-1.83699 4.14936 1.43894 -1.01424 5.75174
-1.01259 4.38859 0.68133 0.01663 7.39352
0.04158 3.5809 -1.74419 0.32947 9.12102
-0.06071 3.56978 -0.50192 1.61949 10.27075
2.03422 0.31265 -0.05349 2.34509 8.70487
2.29783 1.08837 0.06289 2.39768 10.94525
2.87181 1.00345 0.99 1.21054 10.88303
2.92901 1.42609 -0.18363 1.355 10.28586
2.18623 2.94762 1.47053 0.13814 7.43727
1.46704 4.02416 1.15831 -0.11425 8.84987
0.29459 4.37725 -1.06216 0.01525 5.75782
-0.03661 5.75951 3.18071 0.64291 4.70779
-0.29709 7.39687 0.59597 0.02223 4.21712
-0.37041 7.39141 0.83945 0.66214 6.11007
-0.00531 8.29062 -1.32171 0.10527 6.94049
-0.18534 7.58102 0.82694 -0.21663 6.43544
-1.54684 7.56289 0.93095 0.34987 6.01036
-2.17727 4.54746 2.17007 1.66754 3.84489
-2.30332 4.18642 0.55606 -1.56861 2.2768
-1.7041 3.06569 -1.89042 -0.65168 2.40937
-2.19785 2.72253 0.47004 0.65181 0.58434
-1.58118 2.68475 1.17295 0.70152 1.03962
-1.73881 4.73667 0.96057 0.19853 1.63429
-2.64633 6.38758 0.44172 0.17566 1.79697
-3.35159 7.26705 -1.24712 -1.08377 2.49254
0.17852 6.49761 -0.9488 0.46911 1.94646
-0.19597 7.3668 0.3277 0.68053 3.69501
1.25242 6.4688 -0.36543 -1.53889 4.34512
2.67114 6.87012 -0.92782 -2.05104 5.62097
3.87646 6.87912 0.21602 -0.2076 5.20091
3.64159 4.26784 -0.43557 -0.10988 4.42976
2.03941 2.40121 -2.29819 -1.33629 6.55766
1.21883 2.89144 2.91954 -0.78664 4.8856
1.88299 2.23048 -0.92923 -1.13706 7.0401
2.27158 4.86502 -0.90489 -0.84766 7.65545
1.51729 6.08183 -0.7833 0.43212 6.8244
0.46981 4.48888 -0.0851 0.44408 6.12291
0.40583 4.32645 -0.01221 -0.35148 4.75573
0.60107 4.59938 -1.16238 2.31806 5.38964
-2.04714 5.33509 -0.53141 2.13425 6.32546
-2.18517 5.50756 0.75098 1.67878 8.17605
-2.14508 6.14821 -1.6009 0.69065 8.78806
-3.31053 5.20805 1.05877 0.95801 8.7264
-3.27187 4.30958 -0.24438 0.63471 7.21696
-3.38667 3.88846 1.3216 0.45691 8.00028
-1.52679 3.02425 -0.93234 1.68905 7.26462
0.85093 3.97969 1.01769 -1.05735 8.25947
1.13242 3.23778 0.10659 0.0986 10.16144
0.27396 4.70669 0.02265 0.7829 7.956
-0.3439 5.28618 -0.90327 1.28549 9.07986
-0.84742 4.52404 0.33944 0.03361 9.11601
-2.63607 3.332 0.62192 -0.89262 9.2734
-1.52601 4.59448 1.32392 0.19057 9.87444
-0.22758 7.03914 -1.42641 0.49113 7.45643
0.75335 6.67076 -0.76805 -0.82307 7.99805
-0.41653 6.687 1.64216 -0.07483 8.26555
1.01577 7.29849 -0.11897 0.0711 7.35724
2.04794 6.41778 -1.12078 1.05672 6.82235
2.82994 2.60422 0.62094 1.40302 7.96261
4.19019 2.18495 0.5279 0.87105 7.64707
5.2106 0.22487 -0.35676 1.00437 7.48466
4.78948 0.62771 -0.21631 0.65697 8.03306
6.94898 -0.36809 0.62455 1.34956 7.47134
6.6026 1.65791 1.45843 0.4128 6.43589
5.67084 2.50571 -0.20304 0.35734 5.51682
4.87539 4.27494 1.23589 0.57421 3.51227
5.60485 6.40459 2.01946 -0.09863 4.25275
3.13416 8.06692 0.6009 0.1258 2.59189
2.93607 6.4801 -1.21607 1.68153 2.00296
2.9606 8.62378 0.78372 1.17605 2.21031
3.38486 8.2716 0.39804 1.05814 3.40313
1.74976 9.98926 0.6143 1.6342 3.13232
1.15453 11.90888 0.29321 1.41141 5.45682
1.63389 11.70769 -0.09371 1.61366 4.64127
1.80496 11.21523 1.41665 0.17354 4.14447
-0.58607 10.13188 0.72159 -0.7572 3.95494
-1.62742 8.82763 1.28416 -0.21036 4.5981
-1.10604 7.92023 0.12102 -1.44306 4.95007
-1.27435 7.79071 1.09985 -1.96791 4.48996
-0.82806 9.33918 -1.59724 1.41808 3.48512
-0.05705 8.44638 -0.13139 0.64633 2.85426
0.60824 7.36283 -0.53161 1.16543 2.30622
1.40228 5.04452 0.36242 1.29431 1.78532
2.5501 5.39299 -0.67684 0.03467 1.26758
1.39332 6.17474 0.47783 1.07018 1.40437
0.63114 5.65772 -1.60775 1.26992 1.73505
1.0103 5.41226 -0.49316 -0.21169 2.32167
1.03084 4.98163 -0.3063 1.47798 4.12238
0.41108 6.19744 0.71334 0.48743 5.61696
0.38393 6.02883 -0.88823 0.70958 6.59258
0.11548 5.10016 0.93788 -1.54941 6.59698
1.16126 7.00382 1.01029 -1.23469 6.4293
1.09891 5.96389 -0.72107 -1.01525 6.2421
1.42474 4.37464 -0.50337 -0.57905 6.32887
-0.03674 6.01395 -0.95388 -1.39693 6.56037
1.68058 6.28351 -0.62167 0.68707 5.94336
-0.0347 6.53992 -1.23327 -0.31632 6.68966
0.68483 7.46093 0.27259 -0.39144 7.68879
-0.61404 5.72587 1.19015 0.62616 8.52777
-1.58405 6.42537 0.15755 -0.40631 8.01427
-2.12757 5.24643 -0.9258 0.69118 7.21159
-2.62558 5.42135 1.73499 -0.11077 6.93517
-0.94117 3.6054 -0.3817 0.08996 7.23792
-1.10222 2.32011 -2.76491 -1.04177 7.50854
-0.16566 0.2317 0.46744 -0.23663 6.88765
-1.47308 0.10252 0.86248 0.59347 6.30201
-3.13402 1.95708 1.75068 0.03068 4.96924
-3.99258 0.0271 -1.13972 -0.72548 4.94559
