0.2246 1.30101 0.13903 0.65066 -0.36851
2.07178 1.82029 -1.51842 -0.64634 -0.2788
-1.80324 0.0368 0.08519 -0.0965 1.86174
-2.31835 -0.28163 -1.26846 1.0735 0.87545
1.40562 1.03123 -0.36834 1.17491 0.59175
-0.40977 1.96233 -0.34311 1.22404 -0.02407
-1.15293 0.61679 0.39625 2.82905 0.73149
-0.89714 0.0148 0.41534 -1.08237 -1.04057
0.32517 2.7367 0.07757 -0.5983 -0.393
-0.712 0.69238 1.23433 -0.0759 -0.63739
-2.60431 -1.73256 0.66501 -2.41755 -0.68376
-0.77221 1.71554 1.99208 -0.43171 -0.61635
-1.37414 0.85648 -1.51529 1.30215 -0.66293
0.07028 0.24285 -1.61961 1.69149 1.12385
-0.16716 -0.21096 0.65618 0.9794 0.22169
0.47693 -0.7162 2.07547 0.63135 1.24404
1.25121 -0.67634 0.85739 1.51237 0.1988
0.83804 0.07215 0.76524 0.63527 0.00613
0.34624 0.813 -0.12246 1.21371 -0.60771
1.1298 -1.7273 0.2299 1.75681 0.08189
-0.04418 -0.97871 -1.10935 0.79998 1.35683
-0.52192 0.18317 0.44712 0.5258 2.12895
-0.59155 -0.32126 -0.39363 0.11572 0.17775
1.41187 -0.20608 -0.37584 0.18457 0.50644
-0.10027 -0.30158 0.63197 1.24046 -0.81521
0.56856 -0.09155 -0.89786 0.91865 -0.1354
0.01018 0.77961 -1.57298 0.06535 -0.16519
0.61157 -0.84497 1.54022 0.34531 -1.86589
-1.84321 -0.33241 -1.58246 1.0637 -0.15262
-0.9113 -0.46257 0.82435 2.69062 -0.12271
0.33878 0.34187 0.2178 1.61737 1.11815
0.34798 0.17771 -0.99247 2.56661 0.4563
0.76774 0.79137 0.96026 1.24828 -0.8193
0.66567 0.22544 0.46878 0.73621 -0.35651
-0.24323 0.75713 -0.07195 0.6864 -0.646
-1.36489 0.84806 1.18743 -0.74504 -1.60468
-1.57308 -0.72142 -1.42233 0.52531 0.30386
-2.4802 -0.20609 -1.13902 1.36076 0.91581
-4.17861 0.9227 0.37508 0.97914 0.01822
-2.05423 0.46757 0.46847 -0.96184 1.45589
-0.39894 -0.15518 -0.28098 0.49779 -0.07671
-0.05804 2.13108 0.0082 0.04116 -1.68395
-1.9878 -0.46395 1.76691 0.06488 0.24566
-0.03105 -0.19851 0.951 1.06846 -1.03296
1.64303 1.0045 -0.21694 0.64353 -0.45868
1.55345 -0.01648 -0.35195 2.07678 1.02768
0.77304 -0.19337 -1.05458 1.3691 0.55497
1.48052 1.35919 1.01847 2.5886 -0.36505
0.582 -0.09125 -1.51364 1.68287 -0.84314
0.74303 2.23868 1.64672 2.31864 0.17286
-0.08891 0.14504 0.14252 3.55956 0.49761
-0.25979 0.45045 2.37352 2.93295 -0.68519
0.74954 2.33791 0.54378 1.47132 -0.60638
-0.75315 1.71652 0.33674 0.0672 -0.87138
-0.9619 0.0713 0.66775 1.81322 -1.60858
-0.87448 -0.03483 -0.04874 2.85095 -2.77963
0.4889 2.9816 2.78597 1.89166 -1.09575
-1.16279 0.83235 0.78942 2.59831 -0.29557
0.02247 0.1509 0.74111 1.27331 1.27624
-0.80579 1.74775 -0.16228 1.85958 0.15465
-0.30191 2.0032 -0.27021 1.05509 2.46304
-0.00157 0.04838 0.14378 1.01703 -0.70132
-1.28581 0.66374 -0.69645 -0.44004 -2.51263
-2.27685 2.34929 -0.27821 0.85938 -0.02481
-1.09611 -1.07589 1.67056 0.35046 0.92544
-1.35644 0.15398 -1.90679 0.11996 -0.56095
-0.45347 -0.41592 -1.12772 0.68039 0.33749
2.85025 1.72605 2.20787 -0.91478 -0.68574
1.56477 0.69269 0.47855 0.28596 0.81389
-0.02574 1.80182 -0.82579 -0.48245 0.75245
-1.03516 -0.63259 -1.16966 -0.18733 -0.76237
0.81043 -0.62321 -0.25517 -0.81782 -1.88319
-0.8646 -0.03329 0.82262 -0.56216 0.98172
0.55055 -0.42874 1.60331 0.04084 0.54995
2.0964 1.63749 -1.8418 -1.59711 0.92821
-0.24433 0.86085 -1.45719 0.18322 0.77101
0.15553 -1.90195 -3.03599 1.74728 -0.25111
-0.10012 -1.44109 -2.58443 1.80153 0.15834
-0.32147 1.15448 0.30303 2.41118 -0.74415
-0.95041 -0.39253 -0.28072 2.25092 -1.0295
-0.15818 -0.60716 1.13436 -1.91621 0.85649
1.0023 -0.02846 0.62296 -1.73816 0.01046
-1.17428 1.74891 0.1079 -1.9107 1.79727
0.35391 1.36081 0.14525 -1.63614 1.73506
1.03006 1.96116 -2.19689 -0.27098 0.00523
1.02457 3.46229 0.36522 0.39584 1.41416
1.7122 -0.11988 1.0141 0.91519 -0.61841
1.85235 0.10346 1.57128 -0.34312 0.0149
1.24185 0.27287 0.74822 -1.69266 0.38622
-1.28051 -1.35952 1.7293 -2.36275 0.69932
-2.02258 0.04916 1.04161 -0.38643 -0.0574
-0.77409 2.90778 -0.50165 -1.95128 -1.64205
0.7237 1.1814 0.08595 -1.65259 -1.79213
-0.55314 1.29235 -1.49026 -2.28181 -1.12
0.01681 0.50651 -0.8487 -0.63207 -1.02753
0.78866 -1.14941 -1.49091 -1.88223 0.58183
1.38635 -0.7829 -1.54228 -0.01718 0.55738
-0.16914 -0.15143 -1.64265 0.106 0.93072
-1.0311 -0.06157 -1.05761 1.37218 0.46458
-1.30242 -1.97156 -0.55374 2.58754 -1.72479
-1.2873 0.63869 1.31509 2.05682 -0.65204
-1.80678 0.57861 0.13873 0.39476 1.45358
1.2714 -0.61156 0.60086 0.86101 -0.55096
-0.45215 0.71843 -0.14527 -0.1683 0.31393
2.06807 -0.23231 -0.00476 -0.35566 -1.93544
0.74079 0.3009 0.28578 1.90741 -0.69513
0.32449 -0.72183 -0.33528 1.8223 -0.10144
0.35251 0.59692 0.34059 1.30948 -0.97768
0.96045 0.07514 0.72887 1.76911 1.36795
0.1331 -1.05305 -0.52156 1.57498 0.03504
1.26972 -0.4932 -0.83802 1.58662 0.00497
1.77626 -0.73121 1.10905 3.6585 0.29997
-0.54787 -0.38982 -0.75816 2.81623 1.24204
-2.32978 3.4089 0.03654 0.91468 0.05618
-0.46482 2.18771 1.05215 1.40583 -0.45935
-0.49879 1.9254 -0.8903 -0.09901 0.2782
-1.26417 0.68257 1.03697 1.10276 1.88992
-1.25969 0.21715 -1.81057 0.34287 -1.26877
-0.94033 -0.99953 -0.05058 -0.25568 -0.53991
-0.01556 -0.27018 -0.75804 -0.87392 -0.82909
1.68164 -2.34362 2.68134 -1.55404 0.50053
0.5603 -1.75042 0.07688 2.32995 0.19656
0.09451 0.10872 0.25097 1.08594 -0.79711
-0.91792 0.99432 -0.21304 1.5349 -0.41855
-0.76783 1.59741 -0.55219 0.7754 -1.38763
1.24676 -0.23449 -0.08174 0.72929 -0.74439
0.73256 -2.45966 0.32067 2.0087 1.42864
-1.82562 -1.47961 1.00492 0.68178 -0.12287
0.28594 2.39479 -0.01455 -0.59572 -0.00636
0.70439 0.45799 -0.49647 1.23547 0.30145
-0.23464 -0.41711 -0.03463 0.2996 -0.85839
0.09705 0.79172 -0.4252 1.18561 0.01201
-0.08192 1.6452 0.49191 2.18108 0.78609
1.25653 2.66931 -0.58615 1.33458 1.80748
-1.62267 2.33837 -1.41056 -1.37185 -0.04434
-0.81251 0.89915 0.04067 -1.0397 -0.05911
-1.03902 2.40346 1.01518 -1.55109 0.34215
-0.31713 0.69097 -1.57787 -1.27738 -0.04685
0.39829 0.63133 -1.59167 0.18954 0.72987
-0.07733 -0.67924 1.68371 -0.15648 0.94735
-1.12633 -0.51285 1.58258 2.42871 -0.81872
-0.78961 -0.77183 1.25158 0.65399 -1.90025
-0.78262 0.06127 0.72624 -0.50909 -0.98898
0.19386 0.3699 0.46544 0.87828 -0.24475
-0.51916 -0.41505 -1.38231 1.02927 -0.09355
0.14099 0.45749 0.54252 1.01159 0.86713
0.22834 1.15294 0.27551 0.99046 -0.09698
0.70585 -0.11198 -0.12291 0.40984 0.02788
-0.34925 -0.46358 0.15267 0.37752 -2.83869
-2.56971 -0.88851 1.34174 0.60847 -1.08662
-0.43831 -2.4137 1.82808 1.05991 -1.59972
0.08883 -0.77116 0.31936 0.12214 0.51267
-0.97903 1.74189 -0.93822 -0.44388 -0.28199
-0.92258 -0.44121 -1.50201 -0.5314 -0.66474
-0.00218 1.22414 -0.5648 -0.13005 1.40106
0.27181 0.71332 -0.77923 0.52312 -0.42719
2.51692 1.15173 0.18828 -0.6859 -1.31049
1.20628 -1.95282 0.69992 0.30877 1.00463
0.51353 -0.23221 0.0878 0.73061 -0.80966
0.25983 -1.09669 -1.64006 1.57395 1.98028
0.42861 1.95644 -0.03807 0.68531 1.04774
-0.49478 0.20875 0.38689 1.56793 1.29851
0.78886 0.52034 -1.36213 0.68958 1.71825
2.03513 0.80538 -0.19891 1.37645 0.27365
-0.77939 0.52175 1.04332 -0.92965 0.99786
0.59806 -0.17568 0.16072 -0.44787 -0.00158
-0.94667 -0.18143 0.20103 -1.4138 -0.68544
-1.25609 0.17317 -0.3676 0.16777 0.85692
1.1524 0.47219 0.69896 -0.84076 1.42464
-0.02206 -1.12177 0.84594 -0.36703 1.4667
0.45883 -0.04594 0.13423 -0.41874 2.16315
0.08888 -1.77448 0.29933 -0.73264 -0.88073
0.9338 0.56904 2.06466 -2.73829 -1.07102
-0.05808 0.68626 -0.7152 0.91324 -0.66339
2.27092 0.88502 -0.70595 2.36142 -0.22278
0.94699 0.31344 0.06682 2.41561 1.11101
0.88774 -0.01038 0.09507 2.84988 1.16938
-0.34363 1.10859 -0.19087 1.71956 -0.14533
-0.19688 2.00887 1.1858 1.36251 1.56746
1.44721 1.58639 -0.43061 1.01689 1.52482
2.17047 1.37644 -0.41774 1.40444 -0.40763
3.12243 1.08133 -0.43294 1.83985 0.56955
2.70311 -0.24742 -0.10095 0.84318 1.77211
1.01603 0.82275 1.8507 0.97756 1.61694
0.60115 0.04081 0.40202 1.25415 0.30526
1.0304 -0.26065 -1.01549 1.0487 0.91705
1.13068 0.90772 -0.31028 0.76437 1.34517
0.30391 1.78071 1.65442 0.53708 -0.44875
0.39617 -0.65755 0.55026 1.17641 0.89622
2.49152 -0.26709 -0.51628 0.46611 -0.66133
2.40723 -0.01515 -1.50742 0.64674 -0.01709
1.09569 1.58195 -2.57802 0.44761 0.07648
1.27739 -0.04424 2.27445 1.2482 0.26782
0.15826 1.20789 -0.11058 2.12096 -0.30957
1.42984 -0.37205 0.19407 0.9864 -0.78767
1.51552 0.58567 -0.41204 -0.21413 -0.87867
0.80239 -0.30582 -0.18831 -1.11686 -1.5276
1.40072 -1.53172 0.50274 -1.16929 0.22432
1.09669 0.20951 0.66727 -1.86553 -0.9612
-0.93785 0.24764 -2.43566 0.94427 -0.96088
0.52905 0.10102 0.29878 0.34672 -2.55297
0.09794 0.57606 0.94746 -0.6691 0.67348
-0.14906 -1.15592 1.20388 -0.48641 0.16295
-1.56395 0.15676 2.14512 0.6324 1.18014
1.2669 0.53774 2.00398 1.13317 0.38232
-0.27958 0.8676 -0.41348 0.9243 0.64307
0.68644 1.0483 1.44177 0.27479 2.29971
2.6092 -0.0714 -0.48788 2.38234 1.18983
0.89048 -0.03678 -0.14709 4.14885 -0.7671
0.14828 1.60354 1.3851 2.54906 0.81195
1.06864 2.04439 1.60943 0.78015 0.47797
-0.3841 0.96808 0.36324 1.39388 0.16166
-0.79436 0.26263 -2.67259 0.93047 1.69997
1.60524 0.01083 -1.0674 2.0694 1.06076
0.66629 0.20321 1.86163 -0.23308 0.20026
-0.70102 2.60256 0.42358 -0.42686 -0.81877
-0.52065 -0.82207 -0.83587 0.07374 1.39274
-1.51155 -2.24606 -1.7874 0.2741 0.79672
0.14222 2.24088 1.12522 1.17264 0.37794
-1.04127 1.26718 2.26688 1.7324 0.49343
-1.70337 -0.06848 -0.42384 1.63637 -0.48651
0.81684 -0.25312 -0.55456 2.04597 -0.56739
0.65029 -0.5586 -0.54496 1.48603 0.80854
0.88837 0.84109 1.40783 1.39256 -0.34098
1.93202 2.55678 1.62536 1.88861 1.02408
-0.41809 0.43157 -0.35578 1.41657 0.04014
1.33919 -0.23711 -0.52813 0.26868 1.79081
0.18546 -1.09002 0.30615 0.05539 -0.26947
0.50123 0.09728 1.21253 -0.4516 1.15564
1.40233 0.08316 -0.53348 1.39303 -0.02962
0.55072 1.15536 0.0722 2.52043 -0.02337
-1.35063 0.05806 1.1138 1.10189 0.98607
-1.25743 -0.36494 0.17759 0.63132 0.32441
-1.20204 1.37311 -0.22073 1.62086 -2.3993
1.0403 1.63033 -0.37032 0.55258 1.19039
0.0681 1.24422 0.74995 -1.40949 0.191
1.02873 0.59878 -1.27155 -2.54106 1.42134
1.72839 -0.34087 1.20002 -2.05356 0.52881
1.95312 -0.26303 0.64178 -1.90532 0.41288
0.2107 2.44322 0.06158 -1.57406 1.03605
0.4409 1.33027 -0.44588 0.09724 -0.91691
2.02511 1.7221 -0.22173 -0.2668 -1.03204
-0.12236 -0.43543 -1.56144 1.20191 0.5444
0.21523 -0.47212 0.76814 0.94168 -0.55676
-1.43226 2.08713 1.27442 0.9369 -0.66576
0.72609 -0.14931 1.46691 0.99235 -2.07219
0.99398 1.42256 -0.58272 1.75194 0.17186
1.58945 -0.82638 0.15313 1.12779 -1.19059
1.02216 0.67379 0.79274 1.84683 0.25869
0.43848 0.09857 -0.76011 1.15127 0.08614
0.78514 1.62121 1.52161 1.10168 0.32916
0.68331 1.11182 2.72077 1.58638 0.05151
1.42859 0.46381 1.13878 2.88934 -0.45527
0.55218 1.79989 0.79396 -0.04691 -0.7976
-0.3321 0.34479 1.15887 1.83473 -1.00421
2.44258 0.31477 -0.24332 1.95933 -0.36918
3.92544 0.41692 -0.66284 -0.60269 -0.64824
0.1105 0.34601 0.04345 -0.19847 0.0688
-0.29847 0.30116 0.71374 0.15107 -0.03156
0.70856 -1.07984 -0.59406 0.46571 0.21327
1.43552 0.70149 -2.24103 0.75943 -0.27907
2.04228 0.83619 1.70232 0.65111 1.17573
-0.80954 0.45487 1.97387 -0.52581 0.53787
-1.7206 0.30798 -0.42088 -0.08232 -1.69315
-0.03923 -0.84519 -0.65068 1.96041 -2.36943
-1.36532 -0.72183 -1.47275 2.63266 -1.48586
0.13698 -1.45968 -1.77476 2.19184 0.9432
0.04639 -0.44332 0.35734 2.70862 0.95753
-0.21288 0.45408 -1.15724 1.07162 -0.50796
0.15753 1.95984 -0.61682 1.43365 1.23992
-0.53394 -0.24699 -0.22258 -0.19776 -2.54103
-1.10636 0.0318 0.60556 1.53055 -0.23797
-2.22489 0.83592 -0.086 1.63941 -0.06889
-1.57125 1.20831 0.7413 2.72867 -0.09573
-1.26547 0.35795 0.29689 1.11224 0.14842
-0.21473 2.77238 1.68347 1.28884 0.55703
-1.29481 0.01446 1.39114 -0.40048 2.01459
-1.07075 0.60719 0.1396 -0.99829 0.86704
-1.02985 1.0727 -1.07315 -0.37316 0.22937
-0.66396 -0.41438 -0.47174 0.16966 0.60744
-1.78203 0.09604 0.96222 0.5549 -0.2783
0.71825 1.80159 0.19481 1.31021 0.5107
2.27831 1.00452 0.23067 0.22012 0.42475
0.49862 1.93854 -0.61909 0.04329 0.23352
0.47116 0.47157 -1.30116 -0.87253 -0.44837
-0.36931 -1.17735 0.05497 -0.28675 0.29441
0.18526 0.29408 0.75562 1.02594 -0.15281
-0.139 -0.83405 1.54345 2.89446 -1.25463
0.48135 -1.61839 -0.15218 2.06939 -0.66344
-1.18886 1.34904 0.48136 0.30875 -1.44001
0.44158 2.50285 -0.30244 -0.4364 -0.27775
-0.10337 -0.63753 0.1095 -1.45156 -3.49889
-0.07214 -0.86788 -1.17447 -2.24535 -1.70465
-1.86448 0.60793 1.5414 -1.35371 -1.09269
-2.25785 1.26743 0.44383 -0.85739 -0.53272
-0.47726 -0.18382 -0.56929 -1.25621 -1.62743
-2.05936 0.01956 0.85309 -0.04553 0.29317
-1.34447 -0.50474 -0.55973 0.14851 0.84635
-0.05761 1.57464 0.85669 -0.25886 -0.41581
-1.34988 -0.58753 -0.17154 0.31135 0.50889
