-1.02775 0.51996 0.2249 1.47787 1.08664
-0.32507 -1.43958 -0.57435 -0.66533 -0.1238
-0.30866 0.84036 -0.44595 1.08609 -0.18777
-1.30242 -1.35618 0.01029 -0.79567 0.55155
-0.79315 1.56927 0.48049 -0.5776 1.00304
0.47826 0.98781 -0.60627 1.83761 -0.40214
0.57434 1.51633 0.33508 0.14433 0.60547
-1.47086 -1.40387 -0.06129 -0.72667 -0.89504
-1.26266 -0.07395 0.71364 -0.56009 -0.67685
-0.60661 -1.73755 -0.36084 2.06355 0.50858
-0.87018 -0.41336 1.04861 0.85471 0.23253
0.45367 -0.72885 -0.39163 -0.32479 -1.90102
-0.20889 -1.78197 0.27938 -0.18906 -0.71197
0.42681 0.46942 0.03089 -1.36955 0.53235
1.73793 -0.49326 -1.69667 0.78561 -1.32445
-0.99798 0.99361 -0.83992 0.51897 0.42716
1.26789 0.31964 -2.56135 0.67493 0.03761
0.83473 0.17558 -1.36031 -0.30763 0.45863
-0.70177 0.13226 -2.03767 0.53119 1.5607
-1.77811 1.63518 -1.47661 2.4317 -0.71489
-0.95854 0.98992 -0.67037 0.28959 -1.56839
-2.66405 -2.04407 -0.09722 0.92625 -0.20062
-1.58605 -1.2719 -1.77616 -0.12095 -0.64435
-2.06773 0.51931 -1.32503 0.26321 0.84626
-0.34352 0.1481 -0.2549 -1.85648 0.00652
-0.90606 -1.0096 -0.5007 -1.45529 0.86614
-0.36072 -2.47949 -0.29293 -1.77593 -0.83599
0.05017 1.9456 -0.26511 -0.7441 -1.1319
-0.82684 -0.03815 0.63372 0.80682 -2.06451
-1.66239 1.36675 -0.2549 0.90464 -0.69014
-2.24887 0.74406 -0.13565 -0.48869 -2.37833
0.34828 -1.40096 0.38942 0.86309 -0.807
0.0829 0.77849 -0.20508 0.77795 -0.61351
1.35645 0.43334 -0.48395 -0.3224 0.72226
0.90061 -0.62984 -1.16657 -2.20075 0.25401
-1.40717 0.63657 -2.10428 -1.0293 -0.29489
0.27005 0.52356 -0.84713 1.87524 0.33695
-0.61682 1.85379 -0.59996 1.52922 0.72947
0.74851 -0.09342 0.07867 -1.10451 0.43653
-0.15169 -1.43524 0.08517 0.35041 0.07808
0.35602 1.07121 0.87246 0.51343 -0.27728
0.24888 -0.85849 1.35436 -0.70963 0.23436
1.03848 -0.15454 -0.32331 1.05282 -0.64444
-1.17883 1.05503 0.25264 0.50354 -0.31496
-2.05339 -0.00065 1.64647 -1.78428 -0.8405
0.33593 -0.39496 1.90314 -0.58473 -0.77689
-0.77571 0.10439 1.3911 -1.1545 0.09934
-0.5655 0.16207 1.0713 -0.94425 0.07268
0.13518 -0.71438 0.36257 -1.1002 0.49042
-1.57677 -0.19764 1.66579 0.09957 -0.55918
1.09761 -0.30457 1.89339 -1.51647 0.21615
0.34797 1.15298 0.85502 0.57411 -0.52998
-0.77004 -1.73567 -0.05398 1.95304 0.14631
-0.35641 -0.68292 1.91963 0.46675 1.75705
-0.84038 -0.17268 0.63331 0.36739 -0.36335
-1.18236 1.42321 1.37615 0.85235 1.30759
-0.68137 -1.46812 0.04222 -0.01529 -0.10315
-0.3333 0.0615 0.66447 -1.67578 -0.15322
0.13938 -0.55298 0.66022 -0.091 -1.31878
1.08286 2.17251 -0.62225 1.44325 -0.05023
0.46487 -0.44645 0.21862 -0.39004 1.18679
-0.46323 -1.14912 1.99657 -0.52244 -2.2454
0.51208 1.09276 1.02513 -3.12688 -1.46516
0.44221 1.84787 2.69886 -0.15767 1.83362
-1.15382 -0.42274 0.59495 0.92244 2.61184
1.30583 -0.73533 0.49272 1.8295 0.60476
0.48378 0.01567 1.17835 0.07931 0.1365
0.86564 -2.18827 -0.30851 0.2365 -1.42631
2.51086 -1.5637 -2.01603 0.39018 -1.12466
1.49149 0.84719 -1.73314 0.3741 0.12008
-0.03136 -0.45434 -0.88093 2.73437 -1.13161
-0.67989 1.13326 -0.99624 -0.2412 -0.67982
-1.14929 -0.32905 -1.91871 0.64375 1.26839
0.09388 -0.02252 -2.57869 -1.58461 0.51538
1.8984 -0.15351 -1.85564 -0.44992 0.68403
1.77413 0.86561 -0.97966 -0.99504 -0.16115
-0.68954 0.63515 0.33023 1.05531 3.32888
-1.1746 0.35711 0.38114 -0.57816 1.70309
1.09389 -1.10007 -1.36293 -1.05693 1.52618
0.87097 0.87429 0.37596 0.48751 0.78201
0.46607 -1.27451 0.57593 0.38623 -0.44709
-1.77513 -0.32132 0.42554 1.229 -0.51912
-0.58144 0.39573 -0.45044 1.39022 -1.34059
-1.0303 0.23699 0.87991 1.30482 0.05874
0.74397 -0.32072 -0.36716 -1.23204 0.19209
1.45925 0.29139 -1.10371 -1.72972 0.91301
1.11178 0.72688 1.6351 -1.48719 1.37923
0.74885 1.1691 1.16591 -0.42377 1.43526
0.18052 1.20284 0.81047 1.79018 0.5742
-1.18247 0.55218 0.06862 0.16371 -0.09208
-1.49053 1.15367 0.42325 -0.02004 0.00239
-0.51602 -3.14491 -0.88285 0.43729 2.60789
1.55835 1.26479 1.88774 1.01584 1.32679
2.2509 -0.35964 1.10768 1.57131 0.72878
0.48527 0.61834 2.29918 0.8626 0.30946
-0.07565 0.86417 2.25356 0.05886 0.63169
-0.88907 0.52867 4.01901 -0.58676 0.58899
2.56236 -0.19229 4.73271 0.08473 1.49467
0.37308 1.65235 4.47461 1.17281 2.22713
0.62475 -1.77871 2.69164 -0.66493 1.87759
-0.8627 0.56449 3.35174 -1.57683 0.7702
1.54517 0.76817 1.96837 -2.20344 -0.32964
0.13777 0.93061 2.03297 -0.75284 -1.41909
0.35551 0.16845 1.54201 0.02239 -0.45539
-0.41476 0.00041 1.36072 0.57555 -1.96652
-0.93309 -0.03318 0.10308 -0.75219 -1.8537
0.80039 0.66766 0.80733 0.37586 -0.78948
0.35977 -0.56716 1.36732 -0.98149 -1.83857
0.30611 -0.7715 0.51248 -0.25514 0.44607
0.73412 0.29683 0.59664 0.29819 1.19146
-0.532 0.71678 1.11101 -0.21148 2.17284
1.00616 1.18196 2.20474 -0.31465 0.10937
0.29192 2.21712 2.91047 0.59983 1.1281
-1.55842 0.80196 2.4832 1.68764 -1.34062
-0.65072 -1.02894 2.95365 1.50544 0.39918
0.5897 0.85064 4.314 0.91673 -2.20273
-0.45765 0.24876 2.66425 -0.25531 -1.74203
1.1768 1.49061 2.15185 -0.17517 -0.5863
1.30932 -2.23786 0.40082 -0.90302 0.5719
1.54288 -0.6648 0.17734 -0.31997 0.46643
-0.13291 0.97548 0.59118 0.14612 -0.74719
-1.60288 0.41981 0.42758 0.82813 0.23031
-2.61445 0.51504 -0.19701 -0.05305 1.33158
-0.28504 -1.0129 1.07742 1.36914 0.61253
-0.43931 -0.95957 2.76506 0.62747 0.55452
0.87499 1.48605 2.39774 0.05998 -0.73415
1.61697 0.97501 -0.12541 2.50005 -0.11118
0.387 1.82216 0.82457 0.04605 1.6808
0.73774 -0.49452 0.69554 1.58895 1.26676
0.46104 0.73523 0.56517 0.59831 -0.89365
-0.37285 -1.20797 1.24692 0.13322 -0.01579
1.37359 0.31697 -0.85263 0.55504 0.73563
0.49925 1.08507 0.26897 -0.13441 -0.3557
1.21499 -1.06788 1.16132 -0.12695 -1.13669
0.44475 1.19983 3.00616 0.74889 -2.15953
0.10963 -0.94806 1.85571 1.78968 -0.58179
1.09408 0.28043 1.37694 0.87728 -0.44639
0.42245 -0.97727 -0.16191 -0.62937 -0.15651
-0.23174 -0.5457 -0.34412 0.12052 -0.35646
-0.72867 0.23321 -1.24104 -0.34439 -1.15156
-1.0592 0.4575 0.56583 2.71071 -1.15765
-1.18616 -0.05999 -0.87756 0.12431 -0.79623
-0.74964 0.95482 -0.32557 -0.65807 -1.25095
1.35242 0.24325 0.03358 -1.82109 1.10511
-0.60847 -0.31994 2.07666 -0.84153 2.81344
0.76667 -0.21376 0.83696 -0.73508 0.45721
-0.29422 -0.77403 -0.55307 0.80494 0.11503
0.36585 -0.61818 -0.30851 1.56748 -0.2868
0.38036 0.07895 -0.72455 0.02382 0.31518
0.28007 0.84753 -0.01198 -0.55965 0.43341
-0.2337 -1.59229 -0.78061 -0.04386 0.3425
-2.97297 2.14012 0.66584 0.9726 0.25857
0.61605 -0.18765 2.04567 0.13562 0.2253
-2.52326 0.17088 0.79331 -0.19686 -1.42816
-1.12333 1.16956 -0.24889 0.94085 -1.07971
-1.77497 -0.17559 0.08594 1.14654 0.18596
0.03399 -0.07808 -0.872 -0.10629 -1.68631
0.92294 -2.54576 -2.08387 -0.32454 0.24862
-0.82762 -0.34832 -0.52871 -0.662 0.90884
0.50562 1.03104 -2.75602 -0.51878 -0.13845
1.1743 -0.00661 -2.75911 0.0463 -1.06053
1.0777 2.20881 -1.48045 -0.19432 -0.86553
0.87205 -1.35446 -2.50116 1.14866 -0.75544
-1.27368 0.14325 -1.76253 -1.38848 -0.12677
-0.83791 0.47443 1.72012 -1.48917 0.30648
-0.65842 0.50104 3.47068 1.53358 1.32828
1.74438 -1.20705 1.47046 0.57296 2.17532
-1.10476 -0.60565 0.77705 0.38402 0.6257
0.6235 0.79413 -2.40443 -1.29393 0.62107
-0.06737 0.41989 -2.04532 -0.53026 1.24577
1.41717 0.0058 -0.21199 -0.77776 0.20596
1.72008 -0.93913 -0.4202 -0.54991 -0.61176
1.76241 1.11657 0.38449 -0.27549 0.53223
0.97386 1.42958 1.33461 0.87007 -0.24028
-0.16744 0.64199 0.16428 -0.38577 2.98573
0.54482 -0.09994 0.82866 -0.04448 1.38806
-1.00889 -1.51901 0.3683 -0.05462 1.04631
0.53993 -1.15057 -0.07096 0.47772 0.09122
-1.25421 0.76614 0.86053 2.26832 0.97039
-1.55182 -0.4024 0.81494 1.83883 1.68825
0.14566 -0.91282 -0.61842 -1.15667 0.19931
-1.72965 -0.57598 -1.07498 -1.63976 0.74051
1.37488 -1.55893 -2.19492 1.1128 1.46808
1.48784 -1.14582 -1.90299 0.73536 1.69649
1.2144 0.86465 0.22058 1.39177 -0.34902
1.80032 1.44542 -0.55678 -1.65708 -0.89568
1.63922 1.70144 -2.50498 -0.03831 1.71322
-0.80918 0.3616 -2.29664 -0.81865 1.79106
-3.57006 -0.3235 -0.57865 1.39894 1.76812
-1.50988 0.02722 -0.87385 0.72438 -0.2047
-0.57648 -0.79868 0.91772 1.30367 0.87826
-1.76528 -1.20962 2.03359 0.62337 1.03194
-0.51595 0.83679 1.01208 -0.2081 1.00972
0.63624 0.80089 -0.00094 0.05232 -0.00331
0.55486 -1.24625 -0.22272 -1.53729 0.79886
1.72291 0.87108 0.32134 -1.08711 -0.05274
-0.54752 0.01237 0.5306 0.30132 -1.3688
-0.26277 -1.01958 -0.57264 -0.80863 -2.09516
-2.13622 -0.3404 -1.01891 1.27052 0.23526
-1.88622 -1.15334 2.05903 2.77644 -1.15491
0.7562 1.75195 0.70103 1.71166 -0.84627
0.42917 -2.32158 -0.55677 -0.49209 -0.52749
0.06368 0.63739 -1.71314 -0.56497 0.40149
-0.94621 -0.75168 -0.67376 -0.37474 0.53326
1.30838 1.19428 0.40982 0.76744 0.89805
1.55394 -0.58584 -0.86664 -0.78787 -0.66459
1.18533 0.22058 -0.04219 -0.19794 -0.75926
0.14316 -2.15709 -1.53049 -0.15778 -2.00483
2.09965 0.51667 -0.93775 -1.58417 0.28001
0.21609 -0.478 -1.45678 -1.56804 -2.05157
0.76244 -0.0714 -0.7619 0.05457 -1.35067
-0.58448 -1.48792 -1.94138 -1.58651 -0.21937
-0.03373 0.63109 -0.59157 1.73328 -0.40572
0.45878 -0.87828 0.18483 -1.10613 -0.71179
-0.3802 -1.05518 -0.83147 -0.76586 1.39482
-1.21597 -0.22443 0.94504 -1.16906 1.02628
0.9065 -1.16082 0.78937 0.20896 0.2616
0.60861 -1.10992 0.36396 0.78022 0.67417
-1.497 -0.95801 0.72432 -1.37274 0.0673
0.01283 -0.77204 -1.80674 -0.71661 0.28217
-0.02325 0.66705 -0.31989 0.31134 -0.66693
-0.51544 -0.10884 -0.01658 0.14255 -0.19209
0.03551 -0.50032 -0.96122 -0.63774 -0.15741
-0.18422 -0.07558 0.32799 -0.90008 0.66049
0.96463 -0.40754 -1.07139 1.22462 2.42613
1.24064 -1.5856 0.78703 -1.57871 1.22026
-0.13105 1.19171 2.15257 0.00874 -0.23915
-0.14407 -0.29358 1.64106 0.2609 -1.39961
1.70402 0.8873 2.61606 -1.03875 -0.18
1.72627 0.75314 2.56038 -0.10819 -1.23395
2.35555 -0.37183 -0.67307 2.34613 -1.13316
1.76082 -0.54356 0.55873 0.30113 1.09749
-0.80748 -0.82109 1.39954 -0.21282 2.34453
-0.05097 0.39671 1.04838 0.04721 0.64465
0.79066 -0.04417 0.01515 -0.72542 0.0057
0.49513 1.04129 0.30925 -0.74116 1.25675
-0.23582 1.39204 -0.90086 0.14884 0.71047
0.23076 -1.61578 1.19387 -1.13945 -1.07184
0.24894 -2.73964 0.54986 0.32239 0.95612
-0.11588 -0.96846 1.2487 1.80611 -0.64269
-2.28319 0.03299 2.54485 -0.59117 0.56812
-2.28873 -0.1828 1.08642 -0.75485 -1.66841
-0.60179 1.31922 2.28519 -0.14147 1.73824
1.16196 0.52607 1.57301 -1.71396 1.64619
0.69215 -0.27474 1.25322 -0.82881 1.81345
-0.17256 -2.11183 0.94955 -0.36833 -0.88531
-1.07682 -0.97322 2.60228 -0.59356 1.10516
-1.57956 0.59436 0.65371 0.13563 0.11044
-0.79194 0.45097 -0.10978 -0.13262 0.83447
0.08192 -0.42467 -0.2414 0.09897 2.16088
1.24626 -1.33523 -1.43098 0.00071 0.24519
0.45269 0.80294 -1.8813 1.67905 1.34718
-0.79644 -0.2204 -1.23129 1.60194 3.6818
-1.02361 -1.3422 -0.85396 0.81597 0.58263
-0.28517 -1.38979 -0.55825 -1.04612 0.55699
1.21601 -0.54642 -0.92442 0.52247 0.80965
-1.12402 1.101 -1.09368 0.60161 0.25285
0.69374 0.16654 -4.78724 -0.34099 1.12508
-2.18932 0.82296 -0.89393 -2.4506 0.86
-1.47793 -0.07565 0.62744 1.47322 0.54242
-0.6134 0.78602 0.76244 0.2602 1.6997
-1.02457 0.37178 1.12632 1.27785 0.99992
-0.41565 0.40308 0.98765 2.1846 0.91806
-0.20364 -0.12054 0.66264 1.28751 1.44114
0.4002 -1.30764 1.31111 2.23182 -0.3604
-0.16372 -1.39198 0.29669 1.51549 0.03969
0.6789 -0.75365 -1.88171 0.62635 -0.47345
1.55103 1.11842 -1.13358 0.81181 0.83569
2.58428 0.80684 -2.21746 -0.37159 0.56016
-0.49071 0.70854 -2.48412 0.70344 0.91685
-1.94756 -0.40174 -0.44812 1.39946 0.29234
-0.83337 -0.77936 0.65135 2.04782 1.07934
-1.75517 0.66362 2.09781 1.56043 -1.03742
-0.22512 -0.52079 2.00361 -0.46488 -0.62732
-1.30299 1.88612 0.87417 -1.64513 -0.01471
1.10173 -0.60963 2.16405 0.8084 -1.55276
1.20028 0.52794 0.1718 0.72228 -1.49646
-0.19492 0.64749 1.17744 -2.44821 0.50453
0.96449 0.4379 0.36275 0.37158 -1.17025
1.85935 0.13489 -0.41099 1.34148 1.0319
0.49436 0.20107 -1.73698 0.7243 1.53491
-2.75587 0.3392 0.13303 0.75033 1.26166
-0.04292 0.87306 -0.52464 0.77743 1.16389
-0.77484 0.20252 1.53058 1.67534 0.42534
1.3506 -0.53677 0.29321 0.4884 -0.94305
0.28276 0.20142 -0.20582 0.56699 -2.66081
0.1235 0.30879 0.311 -0.56769 -0.92248
0.09692 -0.19634 -0.74682 -1.37336 -0.43078
-1.96099 0.77451 -1.80598 -2.57775 -0.16643
-1.02893 -0.27855 0.15985 0.34463 0.40206
-0.08309 -1.1841 -2.51823 -0.29965 1.14782
0.14729 0.57847 -2.02772 0.4065 0.39889
-2.29973 2.04878 -1.44963 0.09664 -0.15288
0.69093 -1.85334 -2.0177 0.46435 0.58894
0.55628 1.71004 0.57356 1.76592 1.23934
0.77352 -0.21208 0.95728 0.00265 1.8254
0.72974 -0.68687 0.6749 1.33326 0.90002
0.50616 0.28941 0.04863 0.442 0.06455
1.30666 1.20537 1.25694 0.58725 1.59591
0.13519 0.39315 0.92449 -1.00627 1.22351
