-4.77253 5.72653 1.55382 6.49039 1.42741
-3.31687 6.5662 2.28201 5.56948 1.05754
-1.35081 6.36243 3.49927 5.89447 1.41143
-0.32745 7.70941 4.90554 5.80298 -0.00686
0.24076 8.45534 4.90582 4.52067 2.16272
-0.63906 6.81466 3.63857 5.25395 2.38639
-0.09067 3.48628 3.9164 5.08544 0.30301
-0.57854 4.54755 4.76374 5.54602 -0.24698
-0.83203 2.20616 5.14842 4.95619 1.88365
-1.11529 3.0193 5.38072 4.56061 1.80383
-0.4429 6.25605 3.88368 5.37364 2.80626
-0.14183 5.99789 3.41796 5.06723 4.48543
-0.7827 4.85806 4.62709 6.13169 2.18283
-0.2872 5.17594 3.75851 5.185 1.91903
-1.8643 6.26955 3.37532 6.52805 1.73637
-2.0208 7.92959 3.50033 7.37598 3.24799
-1.21244 10.15134 2.42328 7.33613 4.5219
-1.59075 8.75611 -0.1321 5.40036 2.75126
-1.91604 8.0739 3.04243 3.64791 0.56616
-0.86034 7.25009 2.93785 3.40087 1.53226
-1.04477 9.07783 1.81179 3.50468 1.65784
-0.28947 10.02208 3.07527 4.08454 0.13013
-1.56228 10.54746 2.12822 3.55885 1.47703
-0.93419 11.36632 2.54002 4.55752 1.25295
-0.78709 12.00411 3.79813 4.1184 2.81231
-0.13087 11.51453 2.73663 4.17281 1.60329
0.68008 9.99902 2.27989 2.64539 1.51955
1.855 8.73601 3.99822 3.85302 0.88648
2.43855 7.89291 3.87281 2.43966 0.06554
4.22802 8.83756 3.54986 3.39724 0.50447
4.05547 9.0931 6.21373 4.10558 0.29742
2.66696 8.80705 6.18769 3.51928 2.01071
4.48478 7.6485 6.40297 3.26162 0.69734
4.25214 4.88091 5.83691 2.69633 0.22956
3.51055 4.34365 6.47661 3.24251 -0.36763
2.56711 0.7674 7.43721 2.76964 0.45577
1.46824 1.39955 5.11618 2.39245 2.90021
1.62139 0.7005 4.63854 2.36575 2.25212
-0.06443 0.85113 3.69039 2.92256 2.62817
-0.75514 0.13265 3.93262 1.82173 0.67626
1.03226 -0.89267 2.76486 1.31462 0.89207
2.76371 0.78901 3.04348 1.2858 0.98919
2.87739 1.37667 2.43169 1.8266 0.58224
1.49954 2.47696 2.98944 0.94508 0.6317
1.31757 0.35979 3.4679 1.59744 0.1056
-1.329 -0.59603 2.08666 1.41944 1.82816
-1.4049 -0.77667 1.41918 2.41854 0.68742
-1.96611 2.03408 1.95921 1.40296 1.44881
-2.37681 1.35848 1.66448 0.9064 0.70022
-2.44934 2.17181 0.03747 0.0037 -0.32153
-4.31019 2.87202 1.0632 1.1748 -0.63603
-4.23711 1.79571 0.77786 0.37395 1.21083
-4.45947 2.07321 0.69587 0.44724 1.06427
-2.98579 1.15714 0.9723 1.53594 0.81563
-4.0474 1.14944 -0.09037 -0.61176 3.24305
-2.90271 1.18736 1.07643 -0.62679 1.22275
-5.01178 0.70532 -0.62108 0.00507 1.16761
-6.41196 0.43252 -3.15168 -0.05431 -0.36419
-3.86946 1.25557 -1.54822 -0.78994 0.36446
-3.34908 1.0346 -0.25849 1.03559 0.58447
-4.28435 1.35673 -0.34347 -0.16817 2.00923
-4.20107 0.38769 -0.36378 2.05091 0.5017
-3.03771 -2.02689 -0.09195 1.15905 0.55779
-1.46931 -1.76277 -2.59743 1.21946 1.22045
-1.60105 -2.034 -1.85137 1.80031 0.57053
-0.26862 -0.84509 -2.74704 2.92225 -0.6325
-1.17 1.70927 0.56335 2.95834 -0.81244
-1.20404 2.25781 -0.44929 4.07627 0.87939
-2.2487 2.67024 -1.19431 4.12815 1.27217
-2.53961 3.55851 -0.10295 4.72801 0.30753
-2.69032 3.32552 1.32131 3.52066 1.64905
-3.08738 2.12208 1.90735 4.0575 0.71256
-3.2268 0.59199 1.50382 3.25801 1.14085
-4.25144 0.10069 0.70196 1.75211 2.23976
-4.55077 0.40109 2.86556 4.55358 0.37348
-2.86052 0.91103 2.96289 2.12917 -0.69922
-1.94838 1.87651 2.55965 0.04624 -0.25023
-1.03073 3.02852 1.86122 1.84185 -0.629
-3.71227 3.26056 0.75772 3.89681 0.86311
-3.05723 3.80894 0.39601 4.31596 -0.58457
-2.30549 3.72719 -0.79535 4.99362 0.1924
-1.8729 3.17932 -1.22177 7.00977 1.14371
-1.93324 2.66141 -0.04612 7.55623 0.63524
-2.97633 3.91038 2.13188 8.68201 2.48002
-3.41889 4.54674 3.18957 8.56045 1.03218
-5.20471 3.43959 3.21361 9.53714 -0.12835
-3.94999 3.10538 2.12481 7.39667 2.03951
-4.86428 3.71398 2.55315 6.88848 1.4342
-2.64436 2.54241 1.5557 5.922 2.8196
-2.96879 2.93784 -0.38447 6.84193 2.59416
-2.65144 1.18787 2.00381 9.31217 1.92549
-4.47433 -0.09058 2.27485 7.8302 1.47817
-4.05265 1.71676 1.03556 5.65681 1.46603
-5.33342 3.88648 1.72908 4.52487 2.20957
-5.83674 5.87571 1.39364 5.56163 1.33456
-4.61959 5.0608 1.14457 6.78204 0.13601
-2.5195 3.81371 -1.9679 6.65538 1.35745
-0.68056 3.80939 0.29823 6.89624 0.64695
-1.74004 4.57367 2.87157 6.05828 3.66197
-1.45921 4.42232 4.31522 6.15795 4.19536
-2.28109 3.83472 5.04333 7.58448 2.31694
-1.46434 5.31373 4.01629 8.70528 0.65579
-0.03347 4.10772 3.97729 7.467 2.12316
0.81849 3.24262 2.4137 8.05039 2.24354
1.15136 4.17933 2.16239 8.1797 0.34884
0.71344 5.36752 2.01415 7.74485 1.11533
1.06877 6.55835 1.66651 8.8557 3.10286
0.84048 6.07843 1.97647 8.57326 3.34872
0.58144 7.24561 1.74751 8.21763 3.54841
-0.5381 6.05482 4.02272 6.29848 1.55145
0.39658 4.16768 4.61927 6.16575 1.41739
-1.24649 5.4933 4.94957 6.57114 1.31793
0.20584 6.77946 3.94152 6.79179 2.43892
0.82203 7.16692 2.69263 6.74949 -0.5126
0.29825 5.73405 4.58296 6.94437 -0.40944
-0.59882 6.35327 3.78261 8.83 1.91446
-0.92683 5.62384 3.92634 8.38501 0.38561
-0.4397 7.30862 4.77776 9.21132 0.07108
-1.34419 9.28864 4.16081 8.71593 1.23224
-1.54461 6.98785 2.72575 7.10389 1.84845
0.17704 6.85884 1.36483 6.84964 2.34872
2.37989 6.37044 1.97012 6.13897 2.30752
2.00719 6.86912 2.26262 5.91927 1.21957
-0.40078 6.60227 -0.10186 5.32341 3.07276
-0.39578 7.00947 1.17363 5.56375 2.97914
-0.38228 8.49205 3.53923 6.34677 1.26627
-0.23496 8.87451 1.99428 5.38931 2.92857
-1.30767 8.90093 4.65183 6.20096 -0.17446
-1.95658 9.40056 5.26644 4.18306 1.36138
-2.966 10.04987 4.39952 5.06552 -0.27234
-1.95003 10.35091 1.97533 4.47829 0.80832
-2.37325 10.93168 1.19562 3.68749 1.14966
-3.16231 10.18966 2.75725 2.28188 0.63255
-2.43007 9.29523 3.16009 2.08161 1.64513
-3.33133 7.14224 3.83396 1.89497 0.05077
-3.74355 5.25378 3.79864 3.69412 0.23062
-3.06786 4.77409 2.5998 6.05501 -0.04735
-2.71948 2.98945 2.85061 7.06757 -0.79656
-1.59363 3.51486 1.5672 5.38448 1.42648
-2.17226 2.38641 2.04093 5.90453 2.46614
-1.04174 2.60635 3.37909 4.79462 2.15056
-1.00143 5.46202 3.1268 5.4948 -1.32917
-2.17403 5.13031 2.72673 5.64445 -0.12982
-1.41805 5.76761 4.18301 7.30353 2.05396
-0.90768 7.48488 3.45384 6.98938 -0.25458
-0.79724 8.93038 3.90762 5.79531 2.67521
-1.06641 8.90919 2.39828 6.52937 2.40918
-1.21631 6.33876 1.46157 6.92215 2.87292
-1.57857 6.77938 3.54777 6.8755 1.54895
-1.50953 5.88628 2.9652 4.78113 1.91763
-0.8439 5.81833 0.38892 5.12422 -0.37489
0.04587 6.26424 3.39084 5.86191 0.28469
0.80532 6.58866 3.39304 7.85774 1.50294
0.39358 6.80059 2.53235 8.13556 1.94094
1.76605 7.16675 3.85587 6.43401 2.33651
2.18247 8.70602 3.66542 4.88777 1.58945
0.64217 7.41706 5.34383 3.85209 0.50951
-0.5483 6.48526 4.55511 4.50419 0.82184
-0.60667 8.02768 2.63894 4.81226 0.81291
0.56228 8.78954 3.42889 5.37232 0.68313
-1.50067 8.29368 3.85653 3.83654 2.33044
-0.84329 8.32551 2.63704 4.88768 1.28308
-1.71509 7.64375 2.67603 6.39216 0.88956
-2.20594 8.40089 0.76386 7.49502 1.11524
-1.37594 8.4393 2.75422 5.79815 1.52274
-0.29269 6.08136 3.62763 5.51126 -0.14254
-1.01065 5.98386 3.80661 6.71347 1.23019
-0.0604 8.10812 1.29918 7.18685 1.84136
-1.14886 7.88941 0.99447 5.51377 -0.29403
-1.05187 10.66677 1.84682 6.03438 0.66655
-1.69027 9.87995 1.12422 3.50391 1.91345
1.2167 10.0759 1.87456 1.55481 1.69789
1.3203 7.29439 1.22902 0.61525 0.96104
1.75445 6.83495 1.11236 2.65265 -0.30169
2.68342 6.26186 3.38299 1.33942 -1.329
3.23527 5.49686 4.74369 1.44057 0.08474
3.23271 4.66698 4.98324 2.17133 -0.37298
2.48204 2.82051 5.66988 5.04178 1.39636
0.12629 2.05354 5.43315 6.12154 1.8843
0.9844 1.87421 2.76127 4.49756 2.66606
-0.64401 1.41761 1.48815 3.77856 1.07293
-0.17165 0.51278 -0.90845 4.54732 1.80646
-0.30174 1.94205 2.34712 3.25116 3.02465
1.14036 1.98623 2.25172 3.8623 0.85774
1.05016 2.05838 1.72663 4.05766 1.35984
0.79353 2.28041 4.45286 1.53053 0.22303
0.64097 1.47957 4.17901 0.8308 0.18
1.20688 2.74452 4.04746 -0.96061 0.96259
1.21223 3.86865 2.96163 -0.17736 -0.44753
1.71258 3.1007 5.65321 0.58817 1.75757
3.74586 2.50874 3.50376 0.93342 0.24826
3.3903 1.96307 4.55358 0.53825 2.86525
4.64204 2.16512 2.74481 1.01802 1.54883
4.65829 2.63649 2.09139 1.65264 1.64652
3.9965 3.85931 1.42931 3.42205 0.65431
3.46739 4.04291 2.26107 3.5464 -0.57665
4.02508 5.50924 3.96468 3.31929 1.49202
4.96346 6.18499 5.17982 5.09639 -1.81238
4.98843 6.69263 4.95463 5.90966 -0.71378
5.10433 6.33452 5.2515 5.99263 0.40876
6.0849 4.18833 6.49197 6.65354 0.71833
4.67929 3.70137 6.18277 6.55646 0.5605
5.0368 3.58734 5.51865 5.87039 0.70903
5.31022 2.34437 5.31599 5.80534 2.01267
5.49581 2.62985 4.20288 6.49816 1.3791
3.98678 2.33806 6.66961 8.4384 1.98338
3.43477 2.23429 4.16967 5.91626 1.66752
2.23314 1.01914 3.60611 5.95095 0.42324
2.47164 3.24539 4.43295 4.37917 1.6275
3.64294 1.46267 5.23965 4.21668 1.85941
3.25588 1.162 3.63774 5.56326 3.64674
2.69743 2.2484 4.33693 5.89285 1.43437
2.0169 1.67703 3.56723 6.53 2.3557
2.09361 -0.11557 3.50881 5.22131 1.4208
2.09295 0.90328 3.17559 3.39736 1.38017
3.25499 2.32964 4.33586 2.42522 0.37703
3.38327 2.77426 5.61601 4.26891 2.59234
2.93351 2.60055 6.30175 4.52838 -0.50573
2.45701 2.40844 5.20347 5.33419 1.01965
3.1121 3.37321 4.66786 2.51486 0.77399
3.96727 4.32321 2.47915 1.88078 1.38071
3.3394 4.13874 2.4173 2.46396 2.18433
2.56364 2.69846 5.60521 4.42776 1.46533
2.92502 3.64174 5.70419 6.53333 0.23349
3.73264 4.81873 4.38074 8.79232 3.55893
1.82828 5.14295 2.91659 8.66217 1.55306
2.08387 4.78939 2.74909 8.71079 3.35211
1.80807 3.41275 1.32916 8.73155 0.47616
3.31446 2.96986 3.66312 9.44548 -0.63221
3.724 4.357 4.0025 8.91541 0.89555
1.06794 4.80308 3.94116 9.64527 2.57028
-0.20284 5.70348 1.6326 9.95707 2.04307
-0.82893 4.39627 1.33955 9.55563 1.18966
-0.97538 4.35456 0.54084 8.21609 2.47275
0.59738 4.61439 1.26667 6.8973 2.22106
2.7599 6.08556 1.9153 8.26269 2.45311
1.3661 8.51975 1.88545 9.26945 2.22776
1.40121 8.04835 0.47794 6.33204 3.89379
1.32436 6.94191 0.95939 5.43259 1.60127
2.5049 7.21216 1.73997 5.18754 3.21757
1.66891 6.79409 3.01812 5.11873 1.94371
0.61327 7.44249 3.65903 4.21231 0.65672
-1.74699 7.75136 2.94715 4.73946 1.25232
-0.22248 8.38732 3.21661 4.91949 0.48038
0.85405 8.19753 2.67468 5.35657 2.48999
-0.59151 8.07507 3.31606 4.77533 0.56172
0.66018 6.16556 3.04689 5.51451 1.20338
1.42349 7.08172 3.12485 5.49151 1.65708
1.49922 7.33976 3.78964 5.14616 2.13784
2.49989 7.09389 5.83981 5.12286 0.8681
2.11784 6.58831 4.12041 4.38173 1.16086
4.25556 6.06413 2.59451 4.31845 1.90327
4.14865 7.28517 3.07881 5.76513 0.50558
4.60467 7.22946 4.01626 3.96812 1.17659
4.12083 5.47072 4.7148 2.9241 1.61576
3.12308 4.90778 5.75353 4.21236 2.56118
3.99802 4.35373 6.17654 5.57717 1.74893
2.31837 4.26482 5.80421 5.20979 1.66579
2.76788 4.3419 5.35305 5.20499 1.41668
1.50855 4.2163 6.78639 5.10124 1.85377
3.32619 4.23305 6.58243 5.76758 2.68824
2.68121 5.07079 7.69834 7.50749 2.21347
3.68735 6.92795 8.07058 7.6023 2.24152
2.78113 6.75862 8.04887 7.45331 2.76202
2.35473 6.42771 8.31542 6.85498 4.29859
2.50605 7.6979 7.38026 6.35978 2.08456
1.17551 7.85516 5.6767 5.80495 0.98911
2.48663 6.75612 4.98181 3.82532 1.74727
1.317 6.1557 4.74627 4.33112 1.79826
1.70149 6.82263 4.43283 4.73524 0.95313
1.86657 6.85217 3.04995 5.38903 0.38765
2.98034 5.80328 0.63395 5.63749 1.52255
3.60298 4.92362 3.1835 5.62361 3.67304
2.4333 4.25022 5.35886 4.04156 1.90897
1.12829 3.15316 5.62644 4.08109 1.30785
-0.00425 4.42197 5.09433 4.83092 1.25197
-2.76816 3.75702 5.74903 5.67441 1.19196
-2.57271 6.95436 5.26979 6.2437 0.58042
-1.07019 5.50574 3.06988 4.06442 1.45045
0.0919 6.45042 2.66446 5.4388 1.52131
-1.57782 6.6121 1.75873 7.27329 2.14132
-2.80171 4.8157 2.15411 5.71202 2.54837
-3.50844 4.13474 2.12644 7.451 3.54531
-2.5648 3.94101 1.78056 9.01993 0.7677
-1.20317 2.69997 3.15162 8.7664 2.4867
-1.16981 2.00913 2.34451 8.7309 3.28595
-2.76169 2.84227 1.97791 9.14126 1.06482
-2.43737 2.64663 1.10917 9.2492 2.5404
-2.0196 4.09582 1.99284 7.7677 0.01317
-2.15357 4.49568 1.45229 6.6819 -0.28775
-2.02764 8.22329 -0.52228 7.55185 0.15202
-0.22042 7.55405 0.62579 6.24147 1.00596
0.14375 8.16557 -1.21667 5.81299 0.82145
0.49659 6.33053 -0.8509 4.91488 1.48174
1.57805 6.11723 1.08794 6.02048 2.01064
-0.0776 6.83516 1.86013 7.06425 1.89246
0.16091 6.59746 2.36738 6.99713 2.05537
0.2111 7.00601 0.81434 6.14075 -0.25146
-1.03816 6.18449 2.22594 5.01847 2.07466
0.18052 6.66985 4.5258 5.91056 1.47554
