1.08833 1.3258 1.72042 -0.49642 -1.24931
1.08635 2.62089 1.47217 -0.74893 -0.20159
0.71292 4.13361 0.45515 -0.43949 -0.92126
-0.26072 3.71896 1.51745 1.24326 -0.09287
1.46682 2.59322 0.97959 -0.68866 0.21323
1.81064 1.95318 1.66575 -1.48383 -0.84036
-0.36296 3.02762 3.69932 1.77083 -1.85706
-0.14966 2.59956 1.9407 3.09429 -1.35971
0.12528 3.26163 2.43199 1.82745 -0.01854
0.71504 4.53216 1.01923 0.28698 -0.5542
-0.5121 4.95859 1.56655 1.39296 -0.99627
0.8183 4.41289 4.02536 -0.48187 0.11892
0.3667 3.90098 1.57249 1.41899 -0.66919
0.38102 4.98763 1.5302 1.48247 -0.95226
1.12734 5.71798 1.94044 0.57137 -1.11401
1.03309 5.16218 2.24337 0.05899 -0.61382
0.7249 4.37284 1.3532 -0.61277 -0.59619
-0.08264 2.91511 1.24922 -0.9678 -1.2398
1.1715 3.00332 2.80755 -1.15487 -3.66512
1.41551 2.35479 1.51082 -0.06476 -2.24088
-0.89478 3.41454 1.21342 -1.44506 0.4063
1.90429 4.40739 2.79814 0.62062 -0.85793
1.3696 5.42513 -0.37666 1.83514 -1.5185
0.62526 6.01414 1.79044 1.50481 -1.87967
0.18925 3.73874 2.87158 2.42081 -1.72936
1.26352 3.37075 1.88651 2.13176 -0.4051
-0.91399 5.12698 0.79476 2.07296 0.00025
3.17363 5.77733 2.53585 1.77646 0.67391
-0.32728 6.08703 2.03006 1.62309 -0.20331
1.7114 4.41915 2.3171 1.58669 1.14519
1.38576 3.13662 0.89944 0.66135 1.60298
0.96096 2.36631 -0.10463 -0.8848 0.53353
0.29701 3.17439 3.67582 -0.94848 2.3809
0.79435 4.32747 0.79972 -0.75693 4.0387
1.55461 5.92541 0.96007 -0.16752 3.39828
0.04152 5.15112 3.90685 0.71522 4.28532
1.98703 5.11108 2.28628 3.15876 3.67689
1.29683 6.08098 0.51632 3.84282 3.34032
1.01136 6.22287 1.51697 2.24306 1.60828
0.46513 6.23496 1.04295 1.47042 0.6437
2.49008 6.22131 1.45416 4.05927 0.11154
3.69335 3.74822 4.36763 1.816 -1.18763
-0.61541 6.84535 1.87478 2.78831 -1.08583
-0.6847 7.49177 2.72197 1.49494 -1.17927
-1.28348 6.79584 -0.6195 -0.82828 -1.52313
-1.23575 7.00787 1.45386 -0.44845 -2.62188
-1.92518 6.97932 1.96689 -0.19666 -1.91117
1.92456 5.60168 1.13682 0.26755 -1.85023
0.44315 6.49151 1.60187 -1.49874 -0.98791
1.73405 7.73135 1.74815 0.4244 -1.2313
-0.67944 9.86672 1.8008 1.21141 -3.60171
0.46941 10.34064 1.79793 0.89344 -4.33678
0.69402 8.75277 1.19004 -0.68468 -4.16911
1.09485 7.78007 1.58735 -0.33778 -2.00514
2.08212 6.32988 2.73962 -1.89245 -2.76058
-1.44379 7.16125 0.0962 -1.01033 -1.51343
1.9339 9.69107 2.46496 1.25418 -2.84024
1.52934 8.50764 1.56374 -0.02834 -2.2096
2.6836 7.13103 0.14465 1.71338 -2.61477
-0.2281 5.49781 1.50755 0.89859 -1.87525
2.30835 4.50386 1.13866 -0.84594 -1.63981
0.05086 4.768 2.50635 0.25252 -2.56248
-0.2946 4.06214 2.89411 2.42518 -0.82878
1.61375 5.63002 1.55225 -0.23901 -2.47063
-0.72962 6.17504 0.41281 0.35548 -3.14453
2.09401 4.5959 2.29527 -0.86809 -3.83188
-1.66968 3.15974 0.02969 -1.83656 -2.78767
1.14153 1.84762 0.95355 -3.52788 -2.35291
0.07795 1.13431 1.07947 -1.78418 -1.17907
1.07736 1.372 1.63622 -2.63451 -1.43359
-1.25197 -0.05199 -0.27633 -1.21462 -2.47861
1.0497 1.00071 -1.05289 -1.60056 -2.22153
-0.24831 0.63377 0.08571 -1.02145 -2.25558
1.26549 -1.12873 -0.53655 -2.08077 -2.75329
-1.17299 -1.61793 -0.90128 -1.47394 -1.41193
0.31198 -1.65809 0.98776 -1.72111 -0.93916
-0.21312 -1.85407 0.91437 -0.22459 0.40274
-0.15103 -0.72861 -0.35338 -0.239 -0.33485
1.18732 -0.15002 1.09016 1.05502 -0.70967
-0.90288 -0.77777 2.55443 1.02034 -0.50843
1.93533 -0.67369 0.3802 0.06433 -2.6105
-0.70686 0.72023 1.14043 -0.94496 -2.35806
-0.44442 0.97098 3.20714 -2.78491 -2.66619
-0.97489 1.24023 0.95629 -1.99589 -2.40711
1.35511 1.81072 1.3918 -2.02711 -1.18056
0.50754 2.47387 -0.38978 -0.00581 0.49439
1.0052 2.56438 0.16198 0.68604 -0.47296
2.05451 2.40699 -0.72297 1.15655 1.19717
0.98333 3.8715 1.59819 -0.20911 3.08764
-1.94475 6.06845 0.11746 -0.84453 2.52114
-0.90878 6.79483 0.82657 -2.10315 2.61974
-1.50738 4.20454 0.87723 -3.13972 3.17085
0.37004 3.09656 1.08463 -0.4081 2.68769
0.74428 2.97879 2.9312 0.27127 0.98797
1.13673 1.87408 1.10439 0.98664 1.81947
0.68476 1.98347 0.83453 -1.55956 1.61476
0.15925 0.99081 3.25343 0.07769 3.5529
0.24307 0.21052 0.25443 -0.83655 2.70164
0.75067 -0.09071 -1.25243 -1.1236 2.5794
-0.06602 2.34147 -1.10089 -2.51578 2.01076
1.8914 1.84738 -1.24786 -1.14775 1.66305
0.38021 -0.78555 2.51151 1.69285 0.84574
1.10206 -1.47745 0.63274 1.70769 2.77679
0.18429 -0.47263 0.85753 2.12702 2.89246
-0.64265 0.05367 0.93377 1.08831 2.6343
-0.13628 -0.4422 -1.33114 2.3848 4.19099
0.58541 -0.39896 0.54526 1.04449 3.4968
1.63298 0.01365 -1.02021 0.66095 3.11998
0.79379 0.16996 1.03203 -0.06215 2.75373
1.9881 -1.35032 0.36476 1.45727 1.57107
1.36145 0.37364 0.9685 0.19887 0.68771
0.63167 -0.41773 0.72618 0.90622 0.15034
2.59777 -0.62512 0.75421 -0.35273 0.52278
1.22822 -0.089 -0.17848 -0.67364 0.58816
-1.02415 0.66583 3.04267 0.05322 2.14221
-0.65322 0.84668 0.0485 -1.83654 0.90958
-2.04177 1.81413 -0.90247 -1.04992 0.29533
-0.5273 -0.30743 1.07088 -2.39224 -0.69421
0.66494 1.10033 1.56589 -1.63425 -1.34459
-0.91918 1.99914 -0.43072 -0.35698 -2.05337
-1.02688 2.33088 1.32227 0.27645 -1.06192
2.31078 2.74759 1.56316 2.12942 -3.19529
-0.96363 1.51186 0.26866 2.21101 -3.79501
0.63598 0.38851 0.5 0.08093 -3.89509
-0.13487 1.74867 1.82317 2.04213 -3.71938
1.48584 1.40273 -0.17668 0.90501 -4.22706
1.5342 0.6436 1.84787 1.80437 -3.28656
3.9973 -0.00573 0.00911 1.06804 -3.81783
2.31999 0.06755 1.69527 1.1358 -4.35831
0.82943 0.35246 1.40269 2.0511 -3.20558
2.47582 -0.4071 1.98512 0.55576 -2.82536
0.42985 0.16339 -0.78497 1.67706 -3.9317
2.98374 -0.05577 0.78646 1.28716 -2.87578
1.67195 1.64607 -0.74852 2.00593 -3.46992
0.64986 1.58703 -0.09245 2.70892 -2.76599
1.29192 1.91667 0.82009 0.76061 -2.26269
0.32783 1.39382 -1.24776 1.02221 -0.09504
1.71645 2.12869 0.19091 -0.36646 0.60526
0.68464 2.89981 -0.66899 -0.6871 0.86451
-0.92109 3.80944 -0.09797 2.02739 1.94547
0.35975 2.34504 0.67393 2.02543 2.27996
0.42682 2.26693 1.68945 0.15057 1.98192
0.019 2.03785 0.9097 -1.51465 0.1966
-0.07198 2.56651 1.22026 -1.30777 -0.97692
2.3878 2.56659 0.35101 -0.50765 -0.26763
2.2753 3.90302 0.9286 -1.21101 -0.19585
1.46769 4.85673 0.60617 -0.66956 0.17818
-0.75426 4.69919 1.46969 0.30304 0.66102
0.56299 3.4861 1.77265 3.57549 0.83622
1.14379 5.05457 2.3547 2.19197 1.12745
0.88072 5.92063 1.00944 1.05573 2.63913
1.54815 5.67354 1.51006 1.6116 3.57319
-1.08734 6.04059 0.28818 1.27575 -0.1546
0.74273 4.91505 2.65561 1.43103 -1.0035
0.20128 4.00763 2.61784 0.54476 0.4214
0.48139 5.3172 1.98589 1.03853 -1.7113
-0.75682 4.79676 3.16239 1.35564 -1.49899
0.34361 5.22236 1.24762 0.29685 -0.38605
0.00106 4.52789 1.26402 1.40872 -0.17334
-0.22367 6.07633 1.82495 0.52499 -0.50392
-1.32365 6.05473 2.76635 -1.52037 -1.83895
0.41177 6.3123 -0.15092 -1.24384 -0.83498
0.88192 5.01753 1.33303 -1.99111 -0.30647
-0.39226 5.26894 0.07618 -0.87087 -0.58312
0.16666 4.51058 2.14043 0.45459 -0.08123
1.39084 4.48684 0.36919 0.89836 1.16479
-0.18864 3.71125 1.92052 1.17699 0.36262
-0.19708 2.23754 0.71377 1.72996 0.79036
1.49828 2.84563 0.271 1.43533 0.19087
-0.77596 2.30528 1.79296 0.76422 -2.23811
-0.63755 1.14208 0.5085 -0.1695 -1.16742
0.41688 0.89605 1.11015 -1.81455 0.55478
-0.10951 0.11323 0.66461 -1.45176 -0.54456
1.4999 -0.18339 -0.18345 -1.50942 -1.66971
1.52138 -0.62047 -0.86401 -0.96808 -1.24085
0.96173 -0.0077 1.13775 0.55402 -0.26655
1.04758 0.29444 -1.50864 0.35159 1.26411
1.16506 1.1642 -0.71013 -0.35994 -0.15419
-0.5261 -0.66751 0.40458 1.84713 0.68797
0.89819 -0.67934 1.35541 -1.39239 0.22787
-2.15236 -2.10239 -0.92818 -1.75373 1.10661
-1.21665 -1.85384 -0.15294 -0.27797 0.69944
0.58298 -1.78269 1.01884 -1.40626 0.51122
-1.16795 -1.71177 2.45143 -1.00812 0.44959
0.41419 -2.74582 0.97852 -2.41191 2.32621
-1.62139 -0.37041 -0.87481 -0.60344 2.08677
0.14928 -0.55747 3.1021 -0.25121 1.0796
1.10636 -0.89005 -0.002 0.01029 0.80893
0.91938 -1.37032 -0.03177 0.67887 1.19187
1.05036 -0.93821 1.90387 -0.20326 0.80785
0.43735 -1.21372 0.5454 0.58357 0.95475
1.2221 0.53404 -0.46179 0.45144 -0.70227
-0.16454 0.29777 1.95391 0.76686 -1.8531
-1.20789 1.17186 0.78206 1.31931 0.22491
0.50933 1.91701 -0.51842 -0.07244 1.31819
-0.12109 2.19026 -1.22065 -0.88129 0.46054
2.39119 1.24504 0.99213 1.14787 1.03472
2.26235 -0.79868 -0.42569 2.24632 2.20575
-0.05492 -0.87558 -1.15942 1.83765 1.72873
0.23016 -1.51109 -0.0968 2.0026 0.43134
0.50766 -1.14067 -0.4112 1.64147 1.46429
2.80017 -0.78377 1.12429 2.24389 1.989
1.99743 1.32329 0.74607 2.64776 0.79867
2.62803 2.64389 1.03069 1.50926 0.15735
0.15118 2.17762 0.17395 1.62635 0.10228
1.83956 3.88389 1.4673 1.4415 0.44032
1.16056 1.17108 1.32297 1.19456 0.6147
0.60453 0.87324 1.21802 0.86526 -2.43044
1.6506 1.93501 0.1107 -0.58299 -1.13049
-0.28795 2.86476 -0.39347 -0.60704 -0.03931
0.36618 1.0903 -0.79332 -1.84111 0.56003
1.20618 -0.59104 0.36006 0.26309 1.68428
0.76985 0.77376 0.40356 0.49895 1.50263
1.6861 1.04757 0.40318 0.82544 2.05626
-0.60508 2.05398 0.69958 -1.6559 0.6564
2.03309 3.53047 -0.60527 -1.29345 1.03482
0.24366 2.14268 2.03821 -0.307 1.90591
2.2828 0.5538 1.67183 -0.53242 2.47981
-2.37859 -0.1541 0.2344 -1.21831 2.73869
1.04511 -1.7078 -0.02206 -1.06038 3.36996
0.12466 -3.02718 0.00884 0.44096 0.48351
2.14153 -1.74301 -2.32162 -0.82026 2.30771
1.70287 -2.09696 1.64987 0.08405 1.95515
1.20258 -1.42705 0.73533 1.63876 1.60178
-0.22109 -0.67762 -0.88565 1.30298 -0.1497
1.95065 -1.22136 1.26052 1.25995 -0.67158
0.10774 -1.45311 -0.8817 2.82656 0.07916
1.42791 -0.75676 -0.63916 1.26503 -0.74853
0.96074 -0.5119 -1.2088 1.99183 -1.96927
-0.26145 0.26588 -0.86012 3.76796 -0.01453
1.16591 1.05154 1.6379 2.10548 -0.66277
0.7311 1.61055 -2.33269 1.48242 -1.99711
-2.49782 0.65879 0.84372 1.00546 -0.63151
0.20747 -0.18419 0.88806 0.54194 0.24565
0.82446 0.38852 0.67671 1.08076 -0.41578
1.59292 0.6862 0.6814 1.27742 -1.5936
1.15112 0.00965 0.03104 0.34263 -0.89952
0.98713 -2.01546 0.27938 -0.87503 -0.6879
1.3789 -3.70725 -0.45595 -0.83569 -0.79742
-0.51664 -3.39247 1.04514 1.0004 -0.42527
-0.6991 -3.35341 1.69342 1.41347 -0.87782
0.47374 -2.51503 0.50649 1.76873 -0.89743
-0.58818 -2.36963 -0.59031 1.35828 -0.44813
0.3816 -2.70371 2.18282 1.61634 -0.44466
1.28065 -3.32193 0.91648 2.64252 -0.53934
2.92146 -0.89895 1.66971 2.4453 3.52963
1.47975 -1.6261 1.40474 2.23384 3.93835
0.63136 -0.33512 -1.30074 1.5161 5.07245
1.04849 -0.16531 -0.09543 -0.80954 5.10486
0.28675 0.06704 0.83299 -0.9106 5.34663
1.96319 1.02526 -0.16149 0.97782 4.80768
1.2044 1.45187 -0.61037 -1.32795 2.16833
1.26128 1.29548 1.06398 -0.75069 0.97128
-0.11016 0.71597 -0.69026 0.19703 -0.37067
0.74797 0.32178 0.83591 -0.45509 -0.67974
0.98023 0.1981 -0.46085 1.37952 0.89846
-0.41777 -0.69146 0.96193 0.37597 -1.47135
2.04068 -0.84994 -0.63109 -0.38445 -0.0354
-0.82778 -1.44972 -0.01773 1.72753 -2.11943
0.56019 -3.85591 0.17614 0.45797 -2.6582
2.11667 -3.2552 0.14757 0.65251 -3.428
0.60287 -3.00602 1.60016 -0.42198 -2.63604
-0.07592 -3.47999 1.5297 -1.8671 -1.33842
0.32997 -1.50926 0.52138 -1.16657 -1.99649
0.36559 -0.58106 1.7016 2.01395 0.55001
0.68373 0.53239 1.67472 0.07281 0.11888
-0.60347 2.04319 -0.14883 -0.63595 -1.68275
1.34988 2.58832 0.13787 0.02393 -2.08748
0.17775 2.9805 1.47771 0.15684 -1.4315
0.35902 4.31835 1.75359 0.38424 -1.08772
-0.69798 4.90972 0.56401 -0.11255 0.34844
1.60881 3.31959 0.91492 -1.38555 -0.0245
0.83251 2.38264 2.99745 0.31917 -0.4402
-1.26008 1.8761 0.08547 1.36647 0.31905
0.44061 3.18968 0.38115 1.28984 0.00462
-1.70165 1.6734 0.94192 1.31444 -0.10547
-1.08887 1.68865 0.22354 -0.34609 0.05525
-0.74409 1.3054 0.32066 0.62644 -0.35477
0.67786 0.62659 1.63838 0.65197 -0.87202
-0.4617 0.91952 -1.02608 -0.79883 0.49208
-0.38589 0.52778 0.00139 0.44843 0.40229
0.20673 0.15418 0.29355 1.17088 0.06118
0.50275 0.83964 -0.16445 0.51979 0.49347
0.92659 -0.45574 -0.51256 0.10374 -0.47684
1.06001 -1.17383 -0.34265 -0.93463 -0.90598
-2.43741 -1.38861 1.01215 -1.84322 -0.62847
-0.61489 -1.59197 1.45194 -1.93946 -0.42155
0.12656 -1.54028 0.79877 -0.92075 -1.17695
-0.74793 -1.21545 -0.00958 0.69741 -2.16285
0.36267 -2.4029 0.67778 -1.01109 -0.80568
-0.70437 -2.18043 -0.0786 -0.11922 -0.99471
0.34314 -2.24495 1.41283 0.21577 -0.87932
0.98953 -1.22864 0.82123 -1.62964 -2.53965
1.69034 -0.71344 1.36876 -0.32748 -1.12591
-1.32928 0.6477 0.4838 -0.06269 -0.11843
0.27099 -0.83585 0.45578 0.73009 0.4179
0.75199 -0.32182 -2.12188 0.35584 -1.12727
-0.73788 -0.46779 -0.1226 0.22552 -1.61756
0.85112 -0.60848 -0.06038 -0.18532 -0.96323
-1.64508 -0.66172 0.1111 -0.61543 -1.08532
