-0.47196 2.16066 0.6247 2.13915 -1.02354
1.04228 0.43372 1.04938 0.26351 0.7813
0.32193 1.01511 0.00405 0.06137 -0.20032
-1.3177 1.30622 0.72326 -0.28497 -1.0174
-0.82216 1.48337 0.1677 0.22413 1.86605
-0.6006 0.32186 0.8599 1.65979 0.44871
-0.26415 0.87118 -0.41479 1.40012 0.34691
-0.50313 1.79862 1.16396 1.95431 0.54129
-0.63167 1.51065 0.79096 1.04102 -1.25584
0.06649 0.52304 1.07684 0.11583 1.31312
-0.6647 1.09849 -0.68196 -0.85835 1.69385
0.38551 2.0121 1.30358 2.1309 0.65177
-0.25355 2.55366 -2.46922 1.28198 1.73825
-0.23748 1.05509 -2.0349 1.91618 -0.02073
0.47564 3.77569 -0.68141 2.10838 -1.13284
1.61644 4.41553 -0.67986 0.58387 0.82659
1.16872 0.41854 -1.15746 1.81991 1.39961
0.43561 2.38575 -0.1579 2.98817 0.38433
1.91452 0.3192 -0.7832 0.80952 0.07845
0.38706 0.9626 1.30895 0.41667 1.44136
-0.49486 1.59504 -0.15838 -1.04736 -0.03556
0.35323 2.39157 -0.43554 0.31717 -2.25833
1.07575 -0.21601 -0.31289 -1.06085 -0.16062
0.33231 0.10727 -0.01115 -0.95272 -0.49412
0.85337 2.01901 0.80196 -1.53035 -0.23335
0.45592 3.08845 0.76494 0.12471 0.1049
1.75426 3.18231 2.13071 -0.12423 0.13553
-0.56291 2.76473 0.87203 0.17406 0.4474
0.13517 0.45359 1.83115 0.01891 0.78187
-0.58256 0.54624 1.33138 0.64386 1.61502
-0.49251 0.76834 3.08907 0.73795 1.81538
0.26762 1.39129 2.72678 0.78656 0.43093
0.23858 1.8259 -0.38878 0.83425 1.55679
-0.45841 -0.15965 2.04569 -0.36595 0.81804
1.02601 -0.21597 0.08619 0.71357 -0.91866
-0.76009 -0.20553 0.42431 1.01321 1.81498
1.56163 -0.02889 -0.28773 1.21005 -0.34235
2.08746 2.23213 -0.72451 0.11725 0.19403
-1.71738 1.56405 -0.39199 0.05499 -1.03635
1.10974 1.60793 1.94482 0.4218 -0.98266
0.55725 0.81722 1.30239 0.98371 -0.86556
1.49282 1.47998 2.60712 0.15728 0.72769
0.18197 0.44278 1.94859 -1.19065 0.47499
0.53871 1.11457 0.21085 -0.7484 1.6879
-1.1802 1.29324 0.92371 -0.12454 1.0853
0.8565 0.04738 1.02567 -0.39792 1.57348
-1.50618 1.91655 1.2692 1.14688 1.6156
-0.54383 1.52337 1.33869 -0.35971 2.22911
-0.27128 1.66837 1.39147 0.26634 1.12006
-0.04656 1.98046 1.32236 1.52399 1.04681
-0.28334 0.62574 -0.83554 2.68583 1.10935
2.09195 -0.8192 0.4823 3.2353 -0.50149
1.0531 0.47772 -0.28093 3.77785 0.44164
1.25023 2.11859 -0.27446 1.76417 0.63921
-0.44232 3.51097 2.5036 -0.44229 1.1415
1.02771 3.98434 1.84447 -0.21909 1.48129
-0.14437 2.71052 0.89759 0.00619 1.58505
1.45586 2.27976 0.98328 0.36832 0.88795
-0.30898 0.47844 -0.54026 1.44824 -0.51708
-0.03559 -0.17291 -0.95296 1.25242 -0.99823
1.32621 1.12668 -0.5432 0.31359 -1.16113
-0.91277 0.83657 -1.33395 0.76076 -0.9116
-0.04565 0.48071 1.00629 -0.26603 -0.23856
-0.69475 0.28434 0.07879 -0.21274 -1.65606
2.30155 0.31104 -0.90241 -1.03482 -0.72647
0.24251 -0.01425 0.74577 1.78021 -1.26532
0.18209 1.03281 0.92208 0.96666 1.03743
-0.72749 0.69574 0.82522 0.2429 0.55338
0.85401 2.40394 1.03092 0.95503 1.62082
0.71539 2.64027 1.38003 1.49496 0.25432
0.96798 1.31301 -1.92205 1.45671 1.06375
-0.35823 2.55031 -1.46443 1.68784 1.19416
0.05245 0.54153 1.4973 0.90217 0.37754
0.77803 -0.22926 1.52501 0.34203 -1.48438
1.21401 0.40134 -0.98291 1.37167 0.52045
-0.86643 1.63628 -2.41397 1.9597 0.65334
-0.17412 -0.04146 0.06371 0.16288 1.91102
0.37442 1.51277 2.65324 -0.71258 -1.25225
-1.45071 2.0525 1.72371 -0.92193 -0.67881
-0.92054 1.7038 1.49332 0.16477 -0.14961
1.23795 -0.20426 -0.60398 1.10918 0.53079
-0.63907 -0.80211 -0.19596 -0.85496 0.58089
-0.23534 -2.07397 0.43496 -0.10931 1.85922
-0.51002 -0.28088 -0.74789 -0.83857 0.40666
0.94269 -0.5979 -0.6658 -0.72539 -0.08859
-2.3083 -0.78827 1.11666 0.75729 0.97847
-1.34715 1.0822 1.1799 2.01661 1.73221
1.18949 0.43221 1.34114 1.41691 1.77692
0.26399 2.44833 0.78249 -0.57882 -0.04268
0.40125 -0.07196 0.4239 -0.72444 0.52584
-0.69039 1.63241 0.06967 0.27133 0.47139
0.13462 2.63842 -0.91173 -0.22689 2.54942
1.44388 2.01856 1.13455 -0.39308 0.80267
1.54872 -0.66666 1.47981 0.17719 0.55073
-0.1774 0.08737 0.51345 -0.3149 0.24965
1.40813 0.43939 2.4772 -1.08379 1.11289
-0.72779 0.56307 1.26903 0.22599 -0.10234
0.09482 0.96181 1.4767 0.93438 1.60189
-1.64988 1.18547 1.92179 0.12431 0.20568
-1.00971 3.05703 0.52055 1.0213 1.45012
-0.33307 2.6576 0.18452 0.25018 0.36261
-0.54224 2.3847 0.37689 1.06178 -0.35845
0.71766 1.51864 -0.26456 0.49149 -0.98967
-0.5809 1.81632 -0.23586 1.35851 -0.88097
-0.88496 1.19036 0.99658 0.63284 0.02653
0.66372 2.4325 0.59995 1.31349 -0.51097
-2.30774 2.11483 2.5915 0.32746 -0.24152
0.6291 0.40564 -0.01065 1.44822 0.20039
1.28291 1.75791 1.18718 1.24025 1.15436
-1.21684 -0.21059 -0.0744 2.72143 0.37639
-0.45382 0.00114 -0.65315 0.96793 0.53791
-0.01004 -0.94679 -0.66944 -0.20247 0.94598
-1.09321 -0.17133 -0.54044 -0.78053 1.43186
0.505 -0.72922 1.27285 0.84077 1.6902
0.98926 -1.20932 0.8223 1.41034 2.10209
0.5543 -0.12679 0.44338 3.23308 0.59746
0.02328 -0.86139 -0.53154 0.12822 -1.75201
1.10009 -0.24146 2.30532 0.53428 -2.52924
-0.16113 -0.00387 0.06477 1.82587 -0.84611
2.23042 -0.69663 -0.78643 1.12431 0.20102
0.07771 -0.73824 -0.15529 1.12316 1.48784
0.45765 0.20482 1.39383 1.1835 -0.15566
-0.10226 1.03686 2.16414 1.23928 -0.52394
-1.32277 1.67425 0.96158 -0.40779 1.306
1.19837 0.83828 0.03778 -0.00399 -0.55517
0.6197 0.88393 1.58657 0.21538 0.65043
0.60752 0.02797 -0.56848 -0.52441 1.36463
-0.82059 -0.32362 -1.17265 -0.00363 -1.13969
-1.59911 0.90717 -0.03816 1.02021 0.45095
-0.22691 0.10616 0.1615 -1.31561 0.95445
-1.32362 -0.119 0.34588 0.64448 0.76236
-0.17985 1.58827 0.80304 -0.98184 0.3541
-2.29496 0.48022 1.05132 0.17448 0.40907
0.91001 -0.02617 -0.01627 -0.37189 1.00229
-0.92275 -0.05788 -1.55691 -1.70298 -2.05814
1.63272 0.09396 2.67885 -0.48664 -0.99173
0.54232 1.02866 -1.26862 -0.5817 1.34004
1.03325 2.15443 -0.27318 0.14223 2.25483
0.24845 2.09238 -0.3821 0.69292 0.50238
-0.47162 0.06356 0.50398 0.88548 0.37295
-0.92248 -1.28896 0.90125 2.05757 -0.74247
-0.25912 -1.37974 0.80078 0.33306 0.05237
-1.19489 0.37007 -0.12073 0.04287 1.04243
0.21626 0.78817 -0.49972 -1.67132 -1.78544
0.44924 0.1648 -0.55301 -0.94407 -2.21326
0.8806 -1.81569 1.13548 -0.30406 -0.38279
-0.06766 0.70953 0.15623 0.22979 -0.55616
-2.35553 2.30871 0.39759 -0.38968 0.92713
-0.83941 0.60876 -2.23755 0.76044 1.07397
1.17377 0.34403 1.3189 -0.64986 -0.39896
-1.71644 1.79084 0.9618 1.82433 -1.21608
-0.2695 1.04313 0.79318 2.47304 0.36061
-1.74173 0.96977 -1.13574 1.63282 -1.31148
-0.30413 -0.33856 -0.16352 2.00721 0.48192
0.46477 0.10064 -0.70362 1.19323 0.75797
-1.59777 0.89561 -0.95538 3.20819 -0.09385
1.07621 1.16422 -0.67307 3.68225 -0.08883
0.85236 2.0345 -0.81259 1.65565 2.43854
1.05344 2.10552 0.22221 1.03929 0.28411
0.33068 1.44409 0.11422 1.71725 1.74305
-1.46295 2.13153 -0.37986 0.04367 0.68157
0.01307 2.59415 0.11793 0.68826 1.27805
-0.05638 1.91995 0.26066 2.49335 1.42307
-0.05808 0.86605 -0.08212 2.08144 1.62714
0.07848 -0.85106 0.75863 2.63926 -0.01929
-0.68096 1.32327 1.13051 2.2711 -1.4795
-0.88043 2.43516 0.51204 1.51991 0.18127
-0.59994 1.28587 -0.3874 0.10167 -0.21523
-1.50663 3.47797 -0.59297 1.11936 0.07456
-1.18851 2.44025 -0.28109 2.53848 -1.37778
0.53219 1.80093 0.44786 1.59953 -1.65305
0.58714 1.18922 -0.54222 0.65633 -0.54875
-1.29733 0.08349 1.44175 0.47206 -0.10905
-1.93985 0.10747 0.63446 -0.91642 0.01898
0.32461 0.85438 1.03426 -0.37167 0.05669
0.18806 2.58009 -0.32783 0.73585 -1.64164
0.0397 0.84063 -0.23254 1.08695 -1.45172
1.27281 1.07207 -1.11396 0.89411 -1.56957
-0.88168 1.98381 -1.55613 1.59028 -0.97949
0.15489 0.6308 0.79524 0.99057 -0.05424
0.01296 0.99338 1.99544 0.77504 0.38997
-0.31748 0.4559 -0.65452 1.23066 -0.36876
-0.36159 0.09874 -1.19312 0.50375 -1.51552
1.2531 -0.17012 -0.87806 0.31563 0.01139
0.76717 -0.21675 -0.59241 0.99688 -1.60445
-0.48846 0.01089 -0.20204 0.39985 0.70554
0.79281 1.05788 0.10959 1.20699 0.79164
0.34953 0.35724 -0.50034 -0.18109 -1.04952
1.33511 -0.87864 0.9118 -1.33936 -1.54343
-0.33051 0.15525 1.45849 -0.12188 0.36875
0.26297 0.81883 0.76605 1.48138 -0.45204
-0.97276 0.81481 0.85519 0.5421 -0.36345
-0.59361 -0.06936 1.90973 -0.35152 1.36421
-0.76176 1.04781 1.17736 -0.17157 0.50335
-0.87643 2.26031 2.37589 1.69153 0.67116
0.85898 1.40027 1.8901 1.09195 -1.37171
-0.09583 0.2873 2.67295 -0.09174 -1.7435
-1.41372 -0.01795 1.00156 -0.50938 1.46861
-1.95204 1.02382 -0.01435 -0.78462 0.27633
-0.81917 -0.50341 0.25357 -1.51766 -0.54614
-0.63388 0.41219 0.76854 -0.32424 -0.24853
-0.24285 0.63425 -1.12805 0.86761 -0.10811
-1.25761 -0.93595 1.5042 1.11005 1.68332
-0.19197 -0.6266 0.9608 -1.26234 -0.02006
1.41397 -1.58814 -0.06375 0.10729 -0.41444
0.83623 0.13909 1.18395 0.16174 0.47488
1.48483 2.18612 0.72306 -1.60342 -0.5721
-0.37653 0.84702 1.05864 -0.31909 0.75378
-0.87951 1.17004 0.75635 -0.67039 -0.3534
0.66743 2.29907 -0.52868 -1.01455 0.0204
0.58266 1.24051 0.26551 0.83543 1.90611
2.33288 3.1441 -0.29869 1.10609 -2.25757
1.04011 1.95326 0.21164 1.55973 -2.00979
-0.84812 2.01284 1.89984 -1.56412 -1.7279
-0.07599 1.97782 0.77775 -0.90323 -0.83694
-0.1509 -0.05104 0.02818 0.86696 0.80126
0.4927 -0.7765 1.29092 0.88305 -0.68645
1.64876 -2.1753 -0.28209 0.47659 0.50778
-0.71009 0.00642 1.20065 -0.64491 1.72352
-1.27091 -3.37093 0.98233 0.53529 -0.20065
-1.30334 -2.20536 0.44791 -0.18337 0.44049
-1.44166 -2.0471 0.34167 -0.28082 0.86994
-0.11964 -2.71889 1.3263 -0.31235 0.272
1.48577 -2.26865 1.03397 -1.44264 1.36477
-0.28022 -2.1297 1.40388 -1.68882 1.45294
0.12009 -3.2561 0.07797 -1.44785 1.15889
-0.7818 0.87565 -1.03146 -0.69435 1.21396
-1.54078 1.01975 0.33885 -0.77822 0.84297
1.06691 0.91476 -2.60493 -0.16927 -0.02799
0.10976 -0.10463 0.30778 0.39856 -0.84831
-1.13799 -0.84634 0.95176 0.84305 -0.91035
0.87249 -0.5104 0.34489 2.45676 -0.10453
0.39091 0.00428 2.36581 0.01124 -0.11024
0.16627 -2.38265 -0.09317 -0.00424 0.46172
-0.99453 0.07452 -0.74394 -0.35823 1.07321
-1.58141 -2.01763 0.89784 -0.96558 0.06817
-0.91887 -2.12833 -0.36411 -0.34353 0.13052
-1.38808 -2.39079 2.31964 1.85508 0.90019
-0.54575 -0.86017 1.01781 1.11017 0.75941
-0.83242 1.87994 0.6424 -0.88306 1.47427
0.01142 1.00941 -0.49244 0.47582 0.48115
-0.46021 1.2939 1.03451 -0.82858 0.14433
-0.03352 -0.27091 -0.32018 -0.58106 -1.75875
1.12695 0.78877 0.8309 0.32118 -1.99199
-0.97403 2.65632 0.58701 -0.35025 -0.32616
0.9686 3.22449 -1.85876 -0.08526 -1.71616
-1.5773 2.16062 -0.22114 -0.76576 0.54148
0.85965 0.13002 -0.97639 0.79487 -1.18416
-1.174 0.53534 -0.61771 0.74209 -0.65847
-0.59494 -0.04481 -0.46488 0.71698 -0.67908
0.392 0.29725 0.19224 -0.04836 -0.58026
-0.77688 -1.02178 -0.473 0.07198 0.08123
-0.91452 -0.02473 -0.91284 3.05724 1.4405
1.16302 0.042 -0.25015 0.99933 -0.95673
-1.1575 0.03775 -0.74667 -0.25532 -0.82214
-0.88065 0.52991 0.88663 -0.94858 0.57568
0.5882 0.41901 1.0113 -0.20984 0.57664
-0.58999 1.14188 2.09029 -0.01277 0.7215
-0.98584 2.58299 1.50734 2.03715 0.89096
1.08328 3.44071 -0.76615 0.17216 0.14455
1.03118 1.17723 1.67296 0.65473 1.43503
-0.93343 0.79243 -0.43837 -1.75289 -0.38666
-0.72812 0.84131 0.24127 -0.86114 0.79389
0.5604 2.56921 -0.11447 0.76205 0.10513
1.07661 5.1633 0.70022 -0.02305 -0.76023
-1.093 2.49127 -0.27448 0.98235 0.11896
0.19512 1.38652 -0.57834 0.34441 -0.61894
-0.65861 -1.11816 -1.19912 0.90853 -0.65732
1.6192 -0.52854 -0.81239 -0.23676 1.16558
0.76345 -0.12441 -0.93546 0.42175 0.44488
1.19327 -0.44889 -0.33528 0.54073 0.80662
-0.55813 -1.07011 1.76029 1.17642 0.62135
2.66395 0.14643 1.28045 0.02503 1.00317
0.52183 0.78238 0.87345 -0.53199 0.74308
0.42652 1.29043 3.10087 -0.65556 2.49458
0.50243 1.92414 1.823 -0.43293 0.53281
0.69323 2.26383 -1.31274 -1.74856 2.46397
-1.04278 0.36352 -0.47991 0.61666 0.01852
-2.03964 2.66596 -1.76225 0.88584 0.73778
0.99215 1.16092 -1.09092 -0.84746 0.43181
0.53189 0.84627 -1.14152 -0.1339 0.87
-0.94914 0.36088 1.17135 0.63853 -0.18368
-1.37961 0.92203 -0.14019 1.80081 -1.46077
-0.21378 -0.8746 2.12884 1.32484 -1.19078
-0.48878 0.40781 3.39826 0.45774 -0.15561
0.99074 1.36083 0.30836 2.00592 0.77191
1.12533 0.69312 -1.33122 -0.17987 0.24946
1.13856 2.48819 -2.06035 0.47956 0.43232
0.12747 2.30746 -0.58515 -0.0358 -1.08093
-0.085 1.95895 -0.69553 -1.32257 -1.45232
0.49779 2.6735 -0.80702 -0.21253 -2.6292
-0.4858 1.29406 -0.04491 -0.55324 0.81665
-0.66034 1.61191 -0.11019 0.10474 -0.3571
-0.21894 0.09186 0.37893 0.35323 0.47463
-0.3941 0.7952 0.61466 2.20982 1.81037
1.26934 -1.50652 1.27401 -1.47731 -0.22425
1.16394 -1.62903 0.68975 -1.68174 1.00657
0.10783 -0.48391 1.64858 -0.53462 -0.52348
0.80131 -0.56622 1.1272 -1.10886 -1.75257
2.67113 1.13157 0.4765 -1.21934 2.42925
