0.44986 1.04129 13.01024 1.69417 4.42383
0.64114 0.85546 14.47905 1.10236 4.48978
-0.08588 0.74532 16.06087 2.822 4.30882
0.04496 1.41101 15.31417 4.45693 2.97494
-0.69311 1.90245 14.56582 1.29946 3.09251
-1.16461 0.61304 13.99511 1.83211 2.6462
-1.29119 -0.17556 15.02168 0.6577 1.97624
-1.25831 -0.87652 14.61236 0.27495 2.02039
-0.07301 -0.00882 13.25428 0.61317 2.58357
0.41783 2.00861 11.84508 0.66699 2.06959
1.34755 0.58565 11.35781 -2.02916 2.14321
-0.54276 1.83704 9.74062 -1.03793 1.89274
-1.21186 1.01007 9.1324 0.88015 1.67896
-1.78081 2.09483 6.48929 0.64866 0.46156
-0.96968 -1.28078 4.89926 0.59996 1.51766
-0.62464 -0.2956 4.84478 1.42443 0.73183
-1.296 0.52329 3.03458 -1.04865 1.5452
0.25254 0.73764 4.91063 -0.8232 1.58566
1.38928 0.59415 5.07316 0.02893 1.9513
1.64653 0.63124 5.14809 4.387 3.64608
0.4666 1.50026 5.20229 3.57936 1.78901
0.95197 -0.69882 4.06182 1.60304 1.64386
-0.36506 -0.88767 4.43796 1.78999 2.47873
-0.6748 0.42192 5.92551 1.06839 2.18007
-0.35252 1.17275 5.70312 1.85359 1.94698
-0.22436 0.77068 4.39653 2.7059 1.97978
1.17484 -0.67115 5.32186 1.46946 1.16034
1.52531 -0.51157 6.894 0.60287 1.88791
2.03637 -0.52924 7.24927 1.2361 0.958
1.353 2.1309 7.79508 0.57316 1.7424
0.72049 0.74985 8.93771 0.67674 2.38324
0.19488 0.68298 7.57961 1.85123 3.35805
0.2726 -0.84602 6.71938 1.95713 3.62839
-0.0196 0.67745 6.92722 1.76634 2.6057
0.45845 2.66174 8.04746 1.33318 1.94884
0.9327 -1.01234 7.8556 0.61665 0.39562
1.28805 1.00132 7.27964 -0.14539 2.26452
-0.42819 -0.1575 6.65528 2.63481 3.08488
-0.17176 1.45114 5.86107 -0.27909 3.41531
-0.16683 2.09783 4.8743 2.21443 3.20607
-0.2083 0.74218 5.2072 2.43652 2.93417
0.67047 1.9119 4.87508 1.2311 2.38137
1.04603 0.65615 6.23211 1.38699 2.14455
0.76358 -0.06547 8.08903 1.8309 2.62177
1.37957 1.12156 7.03936 2.93621 0.74107
-0.1578 1.44951 6.47032 0.5364 0.61524
0.40282 0.75459 6.09976 -0.45901 0.82241
0.75709 -1.50407 4.66892 -0.36842 -0.40281
-0.5533 -0.16277 3.35173 0.50776 -1.08882
-1.03644 0.20218 2.63476 -0.26084 -0.54883
-0.27485 -1.4553 1.92062 -0.95305 -1.54382
0.53558 0.58947 1.76557 -1.37479 -2.48139
0.10864 1.83071 1.74147 1.89664 -2.01649
-0.22649 0.00627 2.76185 1.01732 -2.36552
0.98125 0.76611 2.47309 2.77668 -1.45529
0.7642 0.02466 4.38162 -0.3745 0.97717
1.02064 -2.05492 4.21207 0.32542 -0.07839
1.5736 1.29378 4.59816 -0.42702 -0.82184
3.17018 -0.34323 6.44946 0.07124 0.06408
2.18269 -0.07311 6.23985 -1.21289 1.38637
3.70973 -0.21683 7.00121 -1.36491 1.8433
2.63861 1.04706 6.80824 0.82665 3.88287
1.50096 -0.85603 8.25792 1.32746 3.81246
2.16212 1.73015 7.39724 1.82282 3.29029
1.66888 0.58203 10.46807 2.72713 2.20602
0.71278 1.30819 11.28584 2.21033 2.46579
1.80781 0.42623 11.63962 1.09773 2.97044
0.31428 1.2227 11.7651 1.67523 1.53096
1.38633 1.90225 13.0175 2.65747 0.40016
0.65967 1.05519 13.51815 2.64459 3.37538
1.91559 0.59085 11.9589 3.53352 -1.0272
0.7397 2.7459 11.12039 2.43314 -0.83568
-0.92618 0.48288 12.06528 2.04331 -2.75649
1.1817 1.57056 11.69114 1.05736 -3.18903
2.0471 0.67586 10.13071 1.57224 -3.91937
1.02035 0.78949 10.7492 1.28931 -3.76608
0.20372 -0.21367 12.05879 3.2183 -2.4059
-0.50356 1.67933 13.39216 1.38761 -2.01879
0.78959 -0.77281 13.22642 2.90538 0.48456
0.83267 -0.20018 13.11721 0.34461 -0.4184
-0.05929 0.18819 12.22385 -0.80515 -1.14831
-1.18729 -0.8545 11.29613 -1.56412 -1.88671
-1.27004 -1.43316 12.38419 1.30207 0.18988
-2.1048 0.68576 11.96559 0.39159 -0.40578
-2.72991 -2.44445 12.09838 -0.35594 0.4956
-1.88898 -0.9986 10.50673 -0.7259 1.65401
-3.27982 -0.4458 9.99845 0.60315 1.65279
-2.41739 -0.33331 7.7606 1.04947 3.51451
-1.90654 3.00265 6.91537 2.01086 3.59181
-1.79382 1.75019 6.80345 2.85863 4.95003
-1.52798 1.66141 9.50556 2.77344 5.18909
-3.8531 2.94702 9.5868 4.01305 5.77858
-4.59008 2.31767 10.58807 3.88101 6.59913
-4.14895 3.45171 11.44373 3.22338 4.08959
-2.86902 -0.69268 12.44737 2.94506 5.725
-2.51094 1.92235 13.14182 1.16535 5.94104
-2.25929 1.89309 13.93604 2.60642 4.86769
-1.79036 1.20128 13.25755 0.44433 3.09289
-3.14937 -0.36292 11.9729 1.05562 1.60256
-1.92691 2.90808 11.71838 -0.01056 0.65589
-1.92023 1.56637 10.86652 -1.28842 0.1226
-2.81868 1.11824 12.22455 0.82258 0.75978
-3.45029 -0.78457 12.42035 1.52588 1.24577
-1.37342 0.91454 10.89212 0.6612 3.86274
-1.33466 0.40995 10.76973 1.85418 2.66501
-0.8477 0.00013 11.20086 1.01768 2.38389
-1.8522 0.04688 12.37425 -0.05863 2.8356
-3.01025 1.51614 14.13924 2.60837 3.30381
-3.00474 0.91368 13.71619 4.48262 3.48859
-3.46867 1.54206 13.86288 3.23713 5.50322
-2.53709 2.63798 14.33276 2.33172 6.79663
-2.08123 -0.26148 14.75072 -0.96663 5.47818
-1.64011 1.30568 15.86808 1.02227 7.14261
-1.69438 0.5878 14.57872 2.83815 5.14015
0.25399 2.62715 16.03043 3.73686 5.7453
1.3884 1.34453 15.25996 3.16885 5.85856
-0.81715 2.79025 14.28563 2.64234 5.51061
-1.97406 -0.04267 15.45748 1.61914 4.06337
-0.98218 1.46206 15.31219 3.28719 3.42184
-2.07283 4.26618 14.9095 3.46814 3.67911
-2.64648 2.39326 15.34556 2.53942 3.03469
-2.14316 2.26928 16.75791 1.61187 3.54295
-0.38721 -0.24695 16.32759 3.33055 2.71848
-0.4015 2.26333 16.28297 3.45479 1.2082
-0.37079 1.0763 16.5266 0.75997 0.98722
-1.26139 2.21319 16.1554 -1.04851 0.60941
-1.08795 -0.01476 14.2139 1.55119 1.63472
-1.47107 0.72183 12.08572 0.34014 0.12546
1.24689 2.1348 12.0618 0.87988 0.72388
0.53249 0.07823 12.8388 -0.42483 0.67241
-0.33865 0.00575 12.73605 -1.74794 -0.95041
-0.66691 -0.58225 12.46871 -0.23483 -0.81465
-1.54131 1.26637 9.87954 1.01179 0.44199
-2.40708 1.4391 8.58942 1.52956 0.79033
-0.40423 0.52287 8.46089 0.76563 0.17174
-1.6496 -0.38145 10.38829 0.21553 0.34804
-0.61632 0.01064 10.02629 -1.81775 1.47883
-2.54266 0.84383 7.38969 -1.74492 0.61193
-1.7928 0.26061 7.44364 -0.81947 -0.1794
-3.51417 0.13862 6.59312 -1.28375 0.23939
-3.53216 0.73491 5.39421 -0.33309 2.44607
-4.51995 0.59743 2.69023 0.70516 2.83516
-3.22502 0.81959 2.43105 1.09922 2.81951
-3.41015 -0.24496 3.04446 1.89571 4.16493
-3.76568 1.74942 2.35454 3.12374 5.02415
-4.19678 2.3002 2.44194 3.28839 6.27148
-1.6993 1.73735 5.93644 4.67691 5.73661
-0.96719 1.98025 7.33823 3.61313 5.75549
-0.51737 2.69211 9.64695 1.72944 4.12673
-2.22365 1.26417 12.1157 2.85253 3.22404
-2.48529 1.90065 12.62555 3.23585 3.45537
-0.96255 2.56845 12.9431 4.34514 2.99613
0.02505 2.94993 13.61824 3.38657 2.13382
-0.65524 3.49402 14.65847 1.40624 0.60813
-0.83344 2.15542 14.92237 1.2447 1.58006
0.30033 1.07083 13.76282 1.42182 1.86983
1.42147 0.32298 13.81209 -0.54667 1.58869
0.82217 0.33819 11.63807 -0.5803 0.79377
1.79027 -0.24068 12.11685 2.09952 -0.21788
3.32341 0.40328 10.44215 1.44509 0.02876
3.56471 0.78346 8.94858 -0.29413 1.25838
3.88421 0.76057 8.55992 0.69401 3.37969
3.20572 1.04497 8.71359 1.31078 4.65443
4.58188 -2.20087 8.1537 2.68787 3.81412
1.89381 0.98162 9.16691 2.32403 5.64775
0.97871 1.85468 9.92047 2.7341 5.80119
1.26803 3.0393 10.64738 2.97016 5.31711
1.82121 1.57598 9.04192 3.10469 3.67247
2.14667 -0.54891 8.64961 2.9467 4.01653
2.34318 3.45936 9.45726 3.02256 3.81331
2.59749 2.92101 9.8899 4.10973 2.18226
1.51499 3.08765 10.33552 2.51417 3.39942
1.35487 1.47429 12.80022 3.20247 2.73548
1.86761 1.9203 12.2713 2.25161 1.74547
1.22511 1.70825 11.22762 2.53783 3.14098
1.09165 2.55634 10.33955 1.01925 3.50729
0.72126 0.35766 10.13836 2.33667 2.47051
0.41025 4.0456 9.08313 2.14966 2.57296
0.39195 0.70405 10.51911 0.54793 2.33887
0.83817 0.77186 10.42499 -0.93247 2.02703
2.40217 0.90394 9.64133 1.251 2.11526
2.89 2.0684 8.54775 0.3926 2.26363
2.07534 1.88761 8.54667 0.71485 3.71658
1.2815 0.69764 7.33842 1.29345 2.26681
1.26713 -0.42204 8.76795 -0.40419 2.95483
0.67598 1.35372 10.82963 2.09665 3.22974
1.11582 0.66933 10.62619 2.35353 2.95908
-0.35176 2.44083 11.0882 2.73543 1.76651
-0.04712 2.40446 10.31493 1.58023 -0.01332
0.89548 0.00728 11.57747 0.44661 1.96959
0.45082 0.77713 12.56133 0.01806 2.77441
1.40331 0.6745 11.12522 1.22695 3.97145
0.80443 2.29443 11.5991 0.30257 0.79398
1.49595 1.19359 12.67505 0.10768 2.28661
2.43041 0.94796 12.71548 1.24196 0.66555
1.56716 1.37121 11.55105 0.81607 0.0145
1.17913 2.64892 12.08698 -0.21576 1.07987
2.46676 0.87926 8.94148 -0.8313 -0.73434
2.43939 0.06701 7.71597 -0.23787 0.18189
2.4029 -1.09772 6.63341 0.1399 0.78591
1.08658 -0.45233 4.22816 1.38684 2.42509
0.50686 1.05637 5.54754 2.40859 3.2728
0.48338 2.05947 4.27557 1.77534 0.94641
-0.84014 0.7398 4.68434 1.28193 1.2154
0.08053 1.63746 4.69445 0.32545 0.19865
-0.93203 1.05613 4.4189 -0.05639 -0.76872
-0.23524 -0.7407 6.37454 1.71122 0.29934
-0.10936 1.19457 5.11125 0.68417 0.72245
0.67091 -0.63735 4.32441 0.34563 0.0172
0.52535 0.64761 5.02628 0.94841 -0.39923
-0.69493 0.67301 3.25809 0.40215 1.05286
-0.58734 -0.5232 5.09684 1.20648 1.72451
-0.80966 0.38371 5.38255 0.89596 1.05416
-1.43979 0.60333 5.22492 0.82003 1.64389
-1.46599 1.40654 6.3954 0.75177 -0.03581
-1.48185 2.09996 6.73645 0.72554 -0.29767
-1.05875 1.32733 5.90187 -0.95653 0.99939
-2.01513 -0.15567 4.17302 -1.0575 1.74375
-1.46189 0.849 4.38475 -0.28021 1.29238
-1.7929 0.46737 3.96292 0.64576 -0.21444
0.3714 -1.30277 4.13093 0.07458 0.29693
1.12744 2.08241 5.45554 0.66209 0.45146
1.11501 0.2937 6.25328 1.52684 -1.05403
1.24016 1.45422 6.512 -0.34595 -0.93565
0.80003 -0.92793 5.081 -0.41825 0.27648
-0.72638 0.6083 5.5364 0.04579 -0.50733
-1.76981 -1.08406 3.94497 -0.50646 -0.50643
-2.79905 -1.02352 3.1678 0.61548 -0.56274
-2.68493 2.03915 3.09474 1.24136 0.43705
-4.48716 -1.23232 0.88971 1.88547 -0.07615
-4.57243 2.00661 -0.04391 0.25664 0.49269
-3.72695 0.03227 0.64567 -0.01963 1.26581
-3.66336 -1.23133 0.22195 1.70393 0.24893
-2.74829 0.25386 1.37273 0.52397 0.91503
-2.73922 -0.42704 3.91207 -0.50402 2.89333
-0.15294 0.43775 4.58922 2.83463 2.78576
0.08602 0.60475 3.34797 3.43036 2.9313
-0.78292 1.00008 5.89455 3.68522 4.73183
-1.43328 1.94912 4.51003 5.61239 5.8015
-2.23558 4.09919 5.19746 2.54906 4.33553
-1.76464 1.82557 8.18224 1.85026 3.09901
-0.42635 0.47171 9.07938 1.39042 2.43908
-0.20045 0.08235 10.50811 1.12937 1.9005
2.02963 2.49755 10.24507 0.15302 0.7898
1.84752 -0.22047 8.91567 -0.78451 1.17368
1.47515 -0.65727 8.48855 -0.75627 2.42539
1.52188 1.23714 7.08858 -0.0861 2.81252
0.45053 -0.463 8.30603 3.14708 2.60697
1.02145 3.08417 8.7283 1.48214 3.19677
1.18287 1.18701 8.58863 0.40078 3.62098
1.40747 0.82594 9.70307 0.71542 2.59828
1.07901 0.07377 9.94188 2.71307 2.55632
1.17323 1.63868 10.19179 1.17335 3.24183
2.05447 0.86964 10.34546 3.16225 1.58599
2.06979 4.55631 10.26048 2.75661 5.21863
1.30182 -0.5952 12.74899 2.84959 4.92695
1.25538 1.75359 11.49352 3.41173 4.15737
1.76648 2.21354 10.73378 1.86017 5.13629
1.97699 1.79859 12.26768 4.47619 4.66244
0.92168 2.65242 12.13331 2.25504 4.80243
2.05758 0.08791 12.25585 2.2634 4.70574
1.25758 2.51095 12.76075 2.37167 4.3244
1.90168 2.20041 12.04929 3.33981 3.76412
3.52417 3.46341 11.8265 3.03383 4.07973
3.36764 0.31279 11.6815 2.23848 4.53329
2.05659 1.48603 10.12099 4.05302 6.34069
1.46726 2.89861 11.48782 2.84936 5.96001
1.36707 0.12701 10.58035 1.01421 4.70514
0.72369 0.92978 11.72386 1.0345 3.7917
-1.78709 2.18197 12.88776 1.28428 1.92772
0.60058 3.12311 14.08714 0.83125 0.63781
2.04473 1.33992 14.27632 0.04595 -0.15662
2.35271 0.73935 14.39659 0.0995 1.34041
2.14099 -1.11062 13.24788 -1.25966 1.54514
1.45961 1.41326 11.66414 -0.69106 2.14792
1.03797 0.36372 11.80168 -0.71142 1.17883
1.71654 2.16716 11.05362 -1.3103 2.48941
1.65228 0.79056 11.01135 0.24381 3.22404
0.91828 -1.45135 10.14032 2.30117 3.50012
1.72365 2.40325 7.78005 3.26076 3.43406
0.90827 0.87866 7.8341 2.45322 1.10089
0.85469 0.63858 8.72398 1.82349 1.02162
0.17841 0.8291 8.36114 1.35149 -0.56643
-0.77011 1.78966 7.60153 1.0861 0.74135
0.04833 1.72173 6.55309 -0.23344 1.97214
-0.20791 0.43683 6.65863 -0.34457 -0.11511
0.7032 0.11847 6.8032 -1.53407 0.58609
2.89542 0.8334 7.47008 1.45949 -0.4893
3.33448 2.49302 5.579 -0.84286 -0.48807
3.62536 -0.67553 4.76412 0.2791 2.44159
2.86596 0.46162 5.41567 1.86347 4.58497
3.50815 1.28947 4.09124 3.2712 5.22796
4.1048 1.66887 3.08894 2.46988 5.19057
4.45612 1.76725 3.46526 1.46157 5.37739
2.83002 1.19627 4.65757 0.07221 6.933
2.49382 1.80153 4.87462 2.36583 6.30183
1.38495 3.52498 6.65002 2.55825 5.06555
2.12217 3.00436 6.16082 3.15057 3.56818
1.3768 1.83562 6.14481 2.22476 5.71792
1.18999 3.17746 5.53082 3.32624 5.73315
