1.0872 3.08165 4.51147 3.15629 1.38261
1.33639 0.85463 3.14826 2.83813 1.14161
0.46983 0.33877 2.10763 3.14975 0.80264
1.36436 1.54274 2.36536 2.5805 1.78997
0.88914 1.96783 3.1397 3.2332 -0.82603
2.50775 3.00036 2.38985 3.28001 -1.0053
2.63784 2.64921 1.31276 2.87391 1.97481
3.22569 3.15558 0.81703 4.06043 -0.84541
3.80698 3.99869 1.76002 2.35966 0.0285
2.44581 4.83213 1.51805 2.4774 -0.60457
3.40914 6.68766 2.1152 2.25214 -0.18243
3.88726 5.93105 1.14925 3.29262 -1.21329
4.26718 4.42514 3.00767 2.62919 -0.56584
3.52218 4.49924 3.7991 2.34524 -0.11262
2.54135 5.64385 3.98185 2.55041 -0.01737
2.92733 6.76128 3.77345 4.29188 0.59604
2.69287 4.34869 3.96442 3.38184 0.47846
3.26233 3.63146 4.47566 3.4129 1.49584
4.68798 4.36255 4.64449 5.13287 1.21892
5.99912 5.43114 4.09887 3.44421 -0.2838
5.58151 4.79399 4.127 5.4951 -0.98765
5.24465 5.05034 3.76105 2.87386 -0.16526
5.00907 5.99898 2.72292 2.39961 1.04817
4.83421 5.75917 2.97932 3.60989 0.71373
4.27113 6.49822 3.21279 2.81281 -0.7602
3.17365 5.47137 4.04875 3.30029 -0.27213
2.63138 4.78388 4.27233 2.57881 -0.50205
4.33831 5.78002 3.72645 3.31053 -0.72664
4.30946 4.42341 1.52039 4.49748 -0.29589
3.45281 4.43598 2.14542 3.72616 0.90519
4.85074 4.88869 3.05821 3.14295 2.52348
5.50089 4.45627 2.7041 2.73509 0.35092
5.37293 7.63096 2.59773 0.71468 1.64893
5.26179 6.4268 1.81982 0.83253 1.64671
5.19852 5.59943 2.61261 3.35849 -0.39422
6.14862 5.19244 3.19384 3.26544 -0.04591
3.80985 5.3206 4.99979 4.3318 -0.36898
1.86198 6.25674 4.19715 0.93761 -0.95757
1.16051 6.24824 4.45884 3.05636 -1.57902
1.13722 5.24587 1.53762 3.45976 -0.57973
2.04888 4.69583 0.01894 3.46088 -0.96157
3.13806 1.46086 -0.24365 1.5882 -0.81405
3.42689 2.4613 -0.65609 4.81108 -1.45163
3.76474 3.8359 0.49183 3.91364 -1.74207
4.03143 6.30705 0.11438 2.40006 -0.06622
4.20855 6.15133 0.38211 2.12511 0.02075
2.08381 6.32486 0.74408 0.19964 1.01744
5.11077 6.53191 0.50199 -0.56271 0.83197
5.03325 6.06349 0.82459 0.54809 0.80677
2.50532 5.06217 1.21131 -0.16633 -0.04766
1.98089 5.68792 1.57352 0.12978 2.05453
2.43126 4.0548 3.28804 -0.14728 -0.18288
2.29822 4.38312 2.24116 1.26655 -0.48888
-1.17578 3.83695 1.34863 1.34939 -0.70954
-3.23447 2.90161 3.03241 1.22689 -1.74439
-3.18114 0.40537 3.12418 1.35891 -0.91867
-2.25934 1.20102 4.36475 2.8839 0.06192
-2.14031 1.53501 5.16987 1.56967 -1.03505
-1.8866 1.91418 4.38746 2.8974 -1.86575
-0.658 1.50812 4.11817 3.14841 -2.97877
0.17225 1.12429 4.74038 4.72513 -2.34842
0.87937 1.00607 4.64311 4.51978 -2.03535
1.51148 1.30061 5.30874 4.05989 -1.45924
0.42554 1.71507 5.34151 4.69947 1.47251
2.27977 3.25581 4.21478 5.15071 2.21684
2.35435 0.57719 3.1637 3.87644 -0.03977
1.54381 0.21789 3.1715 4.81693 0.61885
3.57253 2.1284 1.46418 5.45224 1.15158
3.78153 3.53269 -1.543 4.43977 1.34713
5.10645 5.55433 -2.226 3.19994 -1.13132
4.36597 6.80116 -1.50734 1.95331 -0.22288
5.48175 7.37568 -0.38542 2.70563 -0.01398
6.20329 7.60138 1.89874 2.58889 1.36353
5.94667 6.40734 2.98198 4.24091 1.17557
6.41504 5.74994 3.89517 0.56821 1.41464
6.50568 4.36957 2.39539 0.53747 -0.63377
6.05658 4.27886 4.0323 1.63346 -1.59982
6.19199 4.32012 4.4037 1.22285 0.11126
5.10532 4.41274 3.0186 1.35177 1.55454
4.69092 7.09705 3.55874 3.83997 2.03628
3.58907 6.08753 1.57059 3.29284 1.34278
3.32744 6.34727 0.26828 4.36617 1.13972
3.09896 5.1984 1.52281 4.32646 -0.39943
3.05295 4.97618 2.62927 4.91665 -1.72999
2.57671 5.72372 0.06925 3.75804 -1.53775
1.56466 6.46553 -0.32781 2.80564 -0.7151
2.41253 4.01669 -1.58392 0.90467 -0.1072
3.22325 2.68968 -0.60976 1.01399 1.3065
4.37011 3.14446 -1.4177 -0.00593 0.3283
4.78322 2.32873 0.92971 -0.11827 0.74784
3.76087 3.12 2.93456 0.95428 -0.10353
3.0756 5.27316 3.33764 0.73237 0.57653
2.64206 5.30397 3.24665 -0.60415 -0.99673
-0.00702 2.85264 4.58363 0.8154 0.60232
1.91363 1.93226 3.65948 0.88557 -0.00658
4.20576 1.95804 2.33696 3.13384 1.20117
3.02078 0.76184 2.45953 4.36741 0.20029
2.41295 2.37957 3.62781 4.0836 -0.13025
-0.53357 3.56287 2.71007 3.03269 0.3074
1.8457 3.46175 5.37909 3.4512 0.47566
1.29356 2.3008 5.62147 4.36264 -0.2943
1.78541 2.66322 5.35553 4.94185 0.01901
2.81614 1.04349 4.38206 4.70346 -0.78495
1.80228 2.10582 5.59217 3.94522 0.39158
3.14934 3.43204 6.21628 2.30612 -1.18624
3.38503 3.73262 6.69911 2.62713 -0.17352
3.03989 4.90359 4.30582 1.68174 -0.30632
4.00442 5.77756 4.18322 1.95757 0.98841
3.47622 3.52715 3.76682 1.41371 0.71383
2.44191 2.99157 2.89209 2.23999 -1.68375
1.4088 2.8228 3.5178 2.08011 -0.83807
0.92647 1.75521 3.06032 2.38412 -0.27053
1.70683 1.58536 3.27923 2.34974 0.98815
4.10638 1.93717 1.04355 2.0277 -0.33319
5.36033 1.19031 0.41821 3.08534 0.76256
6.00961 2.03174 0.57723 1.59935 -0.26087
5.48169 2.3516 0.11436 1.25692 -0.48028
1.98136 3.0581 1.03818 1.11793 0.16488
3.23463 2.93907 -0.90535 0.2103 0.59483
2.01549 2.55895 -1.85126 0.22516 1.25392
1.12976 4.46739 -0.4493 0.60493 0.37178
1.25929 4.57324 0.70526 0.08269 -0.09545
-0.76168 3.00783 0.2795 -1.33398 1.64042
-2.41706 2.38326 1.55265 -0.53284 1.68007
-1.00836 3.16933 0.64972 -0.61889 0.43123
1.254 3.21879 -0.61445 -1.03878 -0.12658
1.14436 2.04099 -1.96803 1.41833 0.38116
2.34025 1.30192 -1.40184 0.85113 0.46491
1.49822 2.22667 -0.22585 0.6019 0.17517
2.17756 0.84098 -1.00602 -1.11543 -1.85043
1.956 1.31586 0.19004 1.34665 -1.1646
0.37043 2.47074 0.29007 1.67372 -0.50735
-0.53549 1.6817 0.13699 1.8257 0.37753
-1.54922 1.13662 -0.95304 -0.35987 -0.86141
-0.76842 0.37727 1.0866 1.45745 -0.0193
-0.99034 0.63926 1.28758 0.53298 -0.26441
-0.81206 0.81777 1.904 0.7793 2.87932
0.96307 0.33594 0.86955 0.54627 2.48345
2.64379 0.99314 0.65315 1.072 -0.89252
3.17805 1.24661 0.93911 1.73073 0.32959
3.78223 0.94582 0.41 2.33212 0.56342
3.45099 2.66568 -0.11422 2.56265 -0.99968
2.59292 2.49983 0.66044 3.16613 1.19931
1.17235 2.77181 0.39144 1.28581 2.12926
1.91614 4.35076 -0.65797 0.54633 2.49407
1.40795 4.78264 -1.37466 -0.348 0.7522
1.59963 3.15993 -2.9193 -0.62611 2.22609
1.37021 2.3879 -2.67447 0.42125 0.69468
0.68278 0.80553 -4.68582 -0.48252 -2.28055
-1.60408 2.37245 -4.16644 0.52787 1.00095
-3.18177 -0.49312 -4.87893 1.01996 -0.36362
-3.90506 -1.59684 -3.29567 1.70206 -0.50438
-3.15435 1.28244 -2.52151 2.48752 2.06125
-1.48215 2.0566 -3.20958 1.3797 -0.21722
-0.10144 2.81619 -1.90179 2.52029 -1.09212
2.22642 1.83077 -2.60781 2.90824 -1.84066
1.22497 0.62428 -1.66509 0.67646 -0.24267
-0.25199 3.76512 -1.22187 0.51445 1.63238
1.13065 3.81912 0.74962 0.26887 0.8758
2.03654 2.32654 0.74314 0.81889 -0.00984
1.97145 1.1195 0.22582 1.37897 -0.869
0.84552 0.78347 0.009 -0.28577 2.1688
0.40316 1.75395 0.66244 0.45128 0.58838
0.44514 1.59126 -0.47159 -1.10409 0.40433
1.23028 0.93049 -0.65455 -0.87907 -0.87067
0.5209 -0.56374 -0.59963 0.08805 0.6396
0.78208 1.59707 -0.69565 -0.32599 -0.5405
-0.01601 0.653 -1.53905 0.73224 -0.28016
-0.97717 1.83044 -1.4483 -0.27709 -1.41501
-1.37456 1.04115 -1.84834 -0.04319 -1.02754
0.26204 0.61809 -1.434 1.73953 -2.20979
-1.73011 0.50493 -3.38397 0.34876 -1.03615
-1.10619 -0.21171 -2.56938 1.2646 -0.53431
-0.4358 -1.27483 -2.85658 2.50891 1.17597
1.2009 0.5624 -2.5584 1.29268 1.68419
1.48766 -0.42684 -2.61177 2.80821 1.52098
2.82163 -0.0293 -2.04636 3.33385 0.24928
1.6939 2.03645 -3.68275 2.67002 -2.32302
2.37337 3.21337 -1.69515 1.67188 0.06031
2.13907 3.08757 -1.12222 1.64089 0.73665
2.01584 4.69649 -1.1745 2.94864 -0.95703
1.3303 4.00234 -0.84188 3.20507 0.70908
1.38182 2.51745 -2.28691 2.29953 0.2775
1.18023 3.77302 -1.60034 2.16277 -1.06136
2.30164 2.30823 -0.94464 2.62367 -0.69997
1.80954 0.53846 -0.7961 2.55022 -0.82532
2.11835 2.16128 -1.90708 3.22132 -0.29112
1.70702 2.28772 -2.92061 -0.39469 -0.55121
3.25981 2.78484 -2.90393 -1.26771 0.34577
3.39923 2.09335 -1.91889 -0.06246 1.36126
4.18891 2.99166 1.25676 2.09081 -0.39793
3.95514 3.39945 0.3887 3.69584 0.79482
3.47352 3.12782 0.22523 2.81501 -0.35797
3.09845 3.35359 0.69256 3.21529 -1.39686
2.57896 4.30165 0.23204 0.70156 0.76584
3.83179 5.39376 2.06793 -0.32961 -0.42612
4.62188 3.33418 1.04597 0.42525 1.11621
6.02074 4.67658 0.9157 0.96601 0.36725
5.1587 6.07078 1.40082 0.56777 -1.06204
3.87573 4.99661 1.45086 1.20728 2.31631
5.68515 5.21644 -0.38087 0.23284 1.67858
6.60685 5.21903 0.5823 -0.37088 0.88793
6.99275 5.69052 0.64053 0.01849 -0.98726
4.58134 4.44567 -1.59529 -0.03658 -0.50703
5.16774 2.88961 -0.92008 0.07334 -0.24969
3.44486 4.05493 -2.96025 -0.37217 -0.24293
3.24857 2.6326 -3.17645 0.32287 -0.52933
1.81822 3.80344 -4.71107 0.42219 -1.24813
1.09031 4.13043 -5.85595 1.86233 0.36932
-0.20171 2.02674 -4.28677 2.42009 0.61145
-1.00336 2.44989 -1.66407 2.47708 -1.26108
-0.1371 1.50807 -1.1769 4.0213 -1.67295
1.5143 1.37949 -0.46921 2.18569 -1.60528
-0.23741 2.58506 0.9468 3.37727 -2.42961
1.28208 1.49589 1.11577 0.78027 -0.57012
1.61124 -1.44313 1.41343 -0.42541 0.37778
1.42841 -0.30695 1.40772 -0.63146 0.41426
2.95197 -1.07484 -0.43327 -1.06658 -0.11429
2.49593 0.24225 -1.21021 -1.49424 1.09416
-0.56013 2.34779 -1.30231 0.67149 -0.01343
-1.76134 1.28695 -0.30361 0.78562 0.35239
-1.26752 2.41964 1.67927 2.12447 -0.32359
-1.73298 0.94599 1.82346 0.7456 -0.91363
0.06508 1.58591 1.38807 1.26046 0.38509
-0.3952 0.73461 1.40438 1.01066 0.59949
-1.16088 1.95337 -0.34021 -0.15495 -0.27882
-1.00949 2.67886 -1.93127 -0.30155 0.22232
0.15925 0.74918 -3.45813 2.64023 0.44447
1.39601 3.20169 -2.73581 2.55167 0.85566
1.63257 0.89788 -2.74048 0.91371 0.39213
1.4442 2.35963 -2.84187 0.228 0.36605
-0.18719 3.23184 -2.31728 1.9697 -0.80713
0.38358 0.56929 -1.88513 2.95824 1.10622
1.62559 0.39057 -0.2553 2.94932 2.08359
2.08616 -1.29195 -1.28486 1.74252 0.21154
3.59849 -0.31573 0.55382 1.18548 2.8553
4.78389 2.91619 0.1798 0.94927 0.69193
4.09065 2.61615 0.23876 1.39258 1.32617
4.64448 4.07846 1.35464 2.44395 -0.12517
3.3111 4.7657 2.53206 2.85654 1.75524
4.77157 4.60055 3.44487 1.42508 1.98836
3.32457 6.03705 4.17843 0.49473 -0.69814
3.33921 5.69833 3.21426 -0.25639 0.64689
2.4227 5.70017 2.90312 2.5769 -0.57403
1.9488 3.69211 2.29283 3.66525 0.15947
1.31181 1.71643 4.34892 2.53217 0.08548
1.79619 -0.3525 2.16794 2.6866 -1.97473
1.93677 2.01269 0.54535 0.98543 -0.28408
1.75917 2.56002 -0.39654 2.20571 1.14661
0.24702 3.18405 0.12889 2.9187 0.85591
1.53502 2.72811 -2.10569 2.02281 -0.09418
2.11767 -0.02702 -1.67619 3.30441 -0.09194
2.13919 -0.67692 -1.57228 2.76685 -0.10927
2.78142 2.15563 -1.91612 3.06659 -0.2351
3.2288 2.34032 -1.44222 2.5146 1.59365
2.47767 1.94279 -1.95216 2.02601 0.29046
2.55033 3.28778 -1.74855 1.90659 0.54678
2.80522 3.73535 -1.22072 2.09864 -0.00538
3.22355 3.08501 -0.56362 2.95136 -0.14726
3.98778 4.42651 0.33235 2.74595 0.0786
5.27335 3.64467 1.38548 1.40551 0.75518
3.58325 3.03975 1.01875 1.05095 1.93404
4.92442 4.71884 1.5304 0.71965 0.28909
3.82234 5.47792 1.36764 -0.3638 -0.35145
3.06549 6.67284 1.81734 -0.55887 -0.35504
1.10676 6.1833 0.01693 0.41907 0.11539
1.90451 7.05518 -1.93436 0.46489 -0.03117
1.86215 4.67681 -3.46705 0.29347 -0.17573
1.45396 2.71513 -3.23409 1.39475 -0.56298
0.78859 2.27791 -2.6994 1.03854 0.8159
0.20132 2.06741 -1.61031 -0.36609 0.9238
1.9209 1.22876 -1.21013 -1.01987 0.97777
3.98202 -0.28423 -0.79668 0.06806 0.72293
2.40936 0.53168 -0.82784 2.34858 0.00243
0.96594 1.81381 -0.09315 2.27506 -0.09135
-0.55039 2.51838 0.51321 0.32962 0.45062
-0.04255 1.02427 0.63778 0.30233 0.1508
2.61812 0.70728 -0.09341 1.19752 -0.53016
2.3519 0.95879 0.13241 1.9565 0.24522
1.90604 0.36953 1.66855 2.65613 0.57651
0.19652 2.49462 0.47061 2.74784 0.40574
0.76645 3.37197 1.23151 0.78627 -0.72671
1.49723 3.36695 0.18531 1.03882 -0.14757
1.9052 2.77659 -2.03158 2.30112 0.42794
1.99379 3.29967 -1.98492 2.13171 -1.15583
2.76519 3.68497 -2.90042 0.57077 -0.71092
0.98303 3.15857 -1.3359 -0.67286 -0.9396
1.52662 3.44958 -0.3036 1.16918 -0.3424
2.31573 3.13251 -0.45503 -0.04666 0.68257
2.53418 2.09425 2.31323 0.80995 0.32255
2.46451 2.27727 2.46715 0.49574 0.07758
0.64197 2.42325 3.73322 0.51845 1.37566
0.768 -0.43925 3.24618 1.27319 -0.23358
1.9347 -0.18466 4.92385 1.15511 -0.30669
1.1391 0.42018 2.48739 -0.24681 -0.53191
2.43712 -0.64723 3.26992 0.98606 -0.5757
2.48148 -0.58383 1.47745 3.18548 0.11068
0.47624 2.23369 3.83365 2.74815 0.45189
-0.92723 2.64643 3.64206 2.77797 0.81047
-1.24687 3.39556 3.05481 1.35766 -0.72405
