0.96976 3.34252 2.60314 0.50416 2.47587
0.87213 4.53525 2.14731 -1.19845 2.92342
1.66036 4.35862 2.21554 -0.46979 3.55797
-0.24906 3.49787 3.20403 0.26732 5.54072
2.43517 2.10232 3.13408 0.46844 4.33356
1.88507 2.55536 3.43451 1.09735 4.86839
0.90361 4.46948 3.29041 1.34094 6.24459
1.08664 6.63272 3.21125 1.79758 5.7007
0.84749 7.41724 1.49333 -0.36206 5.90728
0.85233 7.43851 2.16402 -0.10847 4.4922
-0.20094 7.14774 2.12239 -0.08882 5.20333
0.75996 7.31193 0.89129 -0.8497 5.86205
1.76623 5.93212 1.53778 -0.80602 4.67188
1.55409 5.12033 1.38445 -1.20054 3.16976
2.99498 4.73104 2.32194 0.59362 4.39963
1.05517 4.55208 1.27825 0.29013 6.36577
2.05717 5.06688 -0.00511 -0.55508 6.95439
2.79708 4.90958 -1.44911 -0.17566 5.54331
1.06689 4.331 -2.50268 1.22024 5.18586
1.53895 4.7249 -0.60483 -0.5785 4.98704
1.5179 4.72606 -1.91923 1.27771 4.60751
1.6051 4.60655 -1.27086 0.95132 4.49591
1.16901 4.07006 0.08505 -0.52602 3.18275
-0.95038 4.56262 -0.96819 -1.14062 2.90932
0.72074 4.25669 2.34023 -0.46724 2.36826
-0.19268 3.19991 2.71133 -1.15717 2.39059
-0.11549 2.07626 2.44226 -0.93163 0.81215
-0.0197 2.0131 3.12989 1.25062 1.56701
0.624 3.6128 1.33571 -0.2973 1.35314
2.71671 3.55567 1.65058 0.3604 1.34559
1.23677 3.07139 2.57152 -2.41526 0.40499
-0.29886 3.08204 1.15372 -1.66735 1.0673
1.98429 3.47211 1.15661 1.0969 2.20132
2.12959 4.72533 -0.25131 -0.75871 4.25517
-1.56047 4.37142 -1.30945 -0.59459 2.93255
0.17855 3.41249 -1.57437 1.3713 3.2145
1.75128 3.60309 -1.43805 0.2905 2.46226
0.72275 4.05208 -1.42188 1.31745 3.19216
1.45012 3.64054 -1.28611 -0.82099 3.63263
1.09745 3.32618 -0.96552 -0.41601 3.59849
0.27789 2.30121 -0.65869 -1.20708 3.70306
-0.44193 1.39105 0.18626 -0.14361 5.1784
-0.5702 0.87227 0.34702 1.03857 3.99447
0.88626 1.84199 1.23947 -0.04291 3.45825
0.54573 2.79202 1.65499 -0.83911 4.62275
0.28003 3.53464 0.3733 -1.21934 5.1853
-0.39664 5.07896 1.42096 -0.38426 3.94031
-0.51901 4.73347 -0.22931 2.00381 3.73644
1.57856 5.19304 -1.46244 -0.54469 3.50052
0.28312 5.11758 -1.26059 1.06337 2.57257
1.68091 4.3904 -2.12792 0.13255 2.98781
0.13144 4.32371 -0.67081 -1.28668 3.07784
1.38453 5.55878 -1.97746 0.84951 2.76443
1.0071 6.02724 -1.52114 1.53609 1.49852
0.30748 6.96604 -0.90064 0.42213 3.47082
1.27491 5.75523 -0.42973 0.36851 2.98099
1.63575 4.87454 -1.76878 -0.06619 3.28896
3.85163 4.80998 -2.98878 -0.30344 3.69181
1.88208 5.59493 -4.57987 1.40524 4.05834
1.98145 4.28576 -3.43625 -1.19447 2.6672
-0.49753 4.9339 -1.28787 0.55417 1.82114
-0.00201 6.47933 -0.3848 0.49332 1.50175
1.99815 7.26509 -1.96244 1.38659 1.2209
1.61555 5.75626 0.73978 -1.66565 2.29169
1.17962 5.81764 -0.09623 -0.0762 2.89097
2.63962 5.83962 0.51591 0.00832 2.10845
3.70807 5.54099 -1.32174 -0.29434 1.47534
1.06134 3.59885 -1.70005 0.17525 3.03842
3.25433 3.15627 0.10529 -0.60847 4.14709
1.90412 3.29674 0.38899 -2.20737 3.02611
1.29546 3.96382 1.34381 1.04163 2.25329
1.03032 3.64941 1.65147 1.40142 3.19719
0.53075 3.77482 1.32716 0.73209 3.49219
1.46693 5.32321 1.56658 -0.81533 4.97593
0.58006 5.96703 -1.63215 0.49985 4.42155
1.20592 4.58952 -0.19672 0.80896 4.5816
0.07818 6.01623 -0.58633 -0.35171 4.95126
0.83035 6.81457 0.13413 0.617 6.4173
0.56181 4.90649 0.28005 -0.00479 5.02444
2.35535 6.40018 0.83247 1.91936 5.36794
1.40399 5.57467 0.18434 -0.19637 6.04238
2.77713 4.72668 1.75652 0.89373 5.65323
2.6023 3.8247 0.87161 -1.86775 4.78489
-0.63318 5.65142 0.2297 0.09663 7.57599
1.81177 5.11319 0.1821 0.94759 8.18928
1.4247 2.15983 0.3822 2.67718 6.32124
2.67112 2.07433 -0.85555 3.09819 5.98289
2.98355 0.6462 -0.72458 1.00469 6.4826
2.58883 0.81878 -0.99651 0.59185 6.15919
0.85487 -0.15895 -3.50049 1.17385 5.14261
2.7962 -1.19424 -4.15343 0.75139 5.60812
1.22831 0.12741 -2.84797 0.4478 6.51543
1.40866 1.00218 -2.31573 -3.2797 5.09748
-0.88284 2.42476 -3.56581 -0.40949 3.92984
0.51183 3.9853 -1.93872 1.03011 4.09715
0.34914 4.42946 -2.0471 -0.254 1.93726
-0.73915 5.55362 -1.36943 -0.50539 2.15171
-2.10831 5.86412 -0.99041 0.48142 2.76732
0.38737 8.30623 -2.00776 0.30748 4.75701
1.71134 8.49724 -1.13302 -1.06392 5.82604
-0.14022 9.19745 -0.36213 0.04382 4.80705
1.82927 9.58343 0.48531 0.32815 5.52769
2.67656 9.35026 0.75808 0.13086 4.60673
2.82474 8.66394 0.8016 0.26136 4.49116
2.49781 8.45219 1.66019 -1.03984 5.22571
1.85607 6.4407 2.76289 -0.09574 4.17741
2.01586 6.09529 2.91936 1.7631 3.78058
0.79875 3.11662 1.74529 0.60861 2.69505
0.6641 4.83084 0.00748 -0.51947 3.30702
0.60266 6.10379 1.86241 -0.23575 3.09102
0.84474 7.67838 2.33881 0.62258 2.20066
0.67141 6.2728 1.63345 0.88593 2.85673
3.35542 6.15564 -0.175 1.99173 2.44377
2.89217 7.11476 0.04894 0.33751 2.10711
1.29858 7.76283 0.70638 -0.67153 4.61635
0.4412 6.37027 0.07039 -1.3693 4.18383
2.90046 5.72069 0.63917 0.31024 3.8979
2.73163 4.91711 -0.08866 -0.40711 3.74327
2.45405 6.03236 -0.50781 -0.75932 3.33655
2.24976 5.75216 -0.28958 -0.95508 2.68512
0.48251 4.4418 1.42509 -0.04592 2.9951
1.27245 3.71027 0.30034 1.80607 2.47567
1.39282 3.66608 -1.00437 -0.95374 1.71103
1.15095 5.35155 -0.50044 -1.01412 1.24012
-0.16814 5.18718 1.11581 -0.27669 1.18748
0.42518 6.40755 0.90815 -0.20052 1.22843
0.24973 5.38472 2.28656 0.245 0.49726
2.37073 6.32215 0.96186 1.1808 -0.22631
1.18745 5.3559 1.61785 0.59868 -1.12181
2.06036 5.70463 1.73156 0.62353 0.01675
1.79156 6.07728 0.6464 1.14009 -1.52547
2.14911 5.91613 0.23643 0.24015 -1.15357
0.35869 7.82682 -0.08751 0.32407 -1.30002
-0.3697 5.75398 0.40129 1.42838 -2.10504
2.44689 5.53094 0.89215 1.04374 -3.88794
2.60735 5.77834 0.35769 1.09808 -1.8486
2.53668 5.71777 1.78861 1.44482 -2.65437
2.24368 5.23001 1.13282 0.5439 -1.39293
1.95584 4.51783 -0.25033 0.50904 0.71837
1.75933 3.64186 1.1691 0.56018 1.32413
1.23919 4.27598 1.39328 0.43365 1.56795
0.40218 5.38066 2.39131 -1.35374 0.94257
-0.91245 3.72277 0.88685 0.30448 1.70591
2.0396 3.97729 0.53335 -1.50531 2.23501
0.87625 3.04879 2.14294 -0.77927 1.41101
0.75035 2.88708 0.17183 -0.46208 1.46089
-0.1523 1.79401 1.0808 -1.0109 -0.35432
1.71525 0.42442 0.1818 -0.47002 0.2316
0.8624 1.28309 -0.2154 0.49546 0.30812
2.16425 3.2096 -1.57051 0.45074 -0.57861
0.13867 2.23163 -0.81386 1.4451 -0.99349
0.90117 2.87236 -2.49351 1.06579 -0.10941
-0.17418 3.84635 -2.53072 -2.03029 -1.6275
-0.27019 3.28371 -1.73442 0.2125 2.41753
2.68079 3.48994 -0.18955 1.12994 2.44367
3.17275 3.01239 -1.19133 -0.56803 3.27127
1.16084 4.31227 -0.61837 -0.00207 1.83561
0.08149 3.43021 -0.55906 0.49612 2.22309
0.26784 1.56936 1.6612 -2.06969 3.61726
-0.62173 -0.18658 1.38687 -2.31024 4.17062
3.12738 -0.40891 2.42641 0.94693 4.68069
1.03132 1.0511 3.3315 2.72811 4.45404
0.94044 2.01935 2.5385 0.07339 2.60243
-0.59426 2.5601 1.85315 1.15579 3.41996
0.99606 3.98618 2.77899 0.42735 3.96376
0.32736 4.01596 3.22778 -0.18228 2.94312
-1.38941 2.93844 2.12332 -0.16057 4.08565
-1.04792 4.13461 2.33571 0.11933 3.23734
1.58968 6.9798 1.64453 -1.12918 4.43604
1.30577 6.85541 1.58417 0.59179 3.78838
1.23704 7.88416 1.84966 1.94168 5.00998
0.684 6.42169 0.27573 1.92448 5.05845
3.84362 6.21642 0.03886 1.22508 4.52266
2.31033 5.95815 0.27307 0.85149 3.10417
2.20989 4.20592 0.11262 -1.42113 6.01539
1.08972 4.9568 -0.35485 -0.80488 6.07888
1.17257 5.83534 0.09247 0.38181 4.85906
2.55181 4.27905 0.14529 1.81536 4.35839
1.15955 3.4955 -0.03826 0.63506 3.66147
-0.23963 3.65216 -0.25653 1.08184 4.05598
0.75296 2.04571 1.46596 -0.20729 4.48627
0.47478 1.3898 1.0888 -1.54924 2.9807
2.1971 0.05929 0.84398 -0.85266 4.7763
1.43923 1.73925 2.33977 -2.35355 5.22551
-0.11474 1.29065 0.83224 -0.26582 2.06777
-0.0212 1.48642 0.46892 0.28477 3.23949
-0.60226 2.03994 0.39409 0.34568 2.2357
1.87189 1.28362 -0.69915 0.42166 1.21171
0.77823 1.36395 -1.67597 0.06578 0.62497
-0.13473 1.38974 -1.52605 -0.11614 0.67521
0.89242 0.81066 -2.02889 0.99923 -0.91483
0.38211 0.64665 -3.50332 -0.19833 -0.42836
1.56367 0.7015 -2.63576 1.53811 -1.80525
1.36576 1.20673 -2.97891 -0.27366 -0.37868
0.08272 2.64472 -3.20368 0.20128 1.15361
1.01823 4.53065 -1.83163 -0.52244 1.51106
-1.01206 4.76133 -0.74451 -0.77476 1.23469
1.27212 5.61744 -0.01951 -0.42778 2.80554
-1.58969 4.31475 0.20896 0.92398 2.69492
-0.7246 4.77966 0.68137 0.75782 2.79197
-0.97667 4.07351 1.5782 -0.27935 3.6203
0.2398 3.74822 1.66955 -0.04095 1.78805
0.71558 4.59582 0.70402 1.61691 0.65247
1.03113 3.59574 0.28851 2.54887 1.60331
-0.86222 1.23422 1.92139 -0.32192 2.40557
1.06074 3.31355 1.44006 0.86882 1.51257
0.53935 2.42621 1.19189 -0.9033 0.60352
-0.0954 2.64984 0.11649 0.02819 0.94766
0.13243 3.74043 -1.24502 0.95711 1.37484
1.91214 3.63694 -1.82306 1.38306 1.55395
0.36082 4.33043 0.30859 0.42449 0.8471
0.86819 5.04561 0.28514 0.66628 1.76517
0.31192 6.33973 0.29504 1.1623 2.91169
0.59242 4.91749 0.92568 -1.22193 2.61168
2.27769 4.86996 1.04195 -2.34561 1.78095
0.52733 3.45882 1.32573 0.29024 2.99554
0.88546 3.23722 0.6448 0.16604 4.08018
2.64145 4.22413 1.0177 -0.27581 4.44779
1.42715 2.78808 2.66501 0.62233 5.27097
0.05082 3.10177 0.49423 1.41942 4.59441
1.31569 1.13934 1.63141 2.19469 1.91298
0.77152 2.8619 1.28795 -0.43682 1.98988
0.17937 2.95157 0.39479 -1.30265 1.90881
0.90913 2.24976 1.51091 0.51094 2.80706
1.29962 2.44833 1.74594 0.1012 1.92053
1.44272 2.29512 1.78902 -0.86605 2.48945
1.70746 2.99505 1.07604 -0.97329 1.68945
-0.9128 3.83502 0.47585 -0.8972 1.87002
-1.25867 2.8931 1.68618 -2.76767 2.58054
-0.05561 3.67102 0.64249 -0.92812 1.06786
0.46698 3.08912 -0.67387 1.67329 0.66448
-0.59175 4.27273 0.22155 0.47559 0.57247
0.40459 3.16263 -1.95502 -0.48445 -0.4474
-1.35116 2.72874 -1.76113 -0.42969 -0.39107
0.40382 2.20824 -1.98779 -0.59484 1.27114
0.10942 3.57107 -1.23477 0.06886 1.88638
0.16854 3.56369 -2.06057 -2.82135 4.14545
1.1169 3.85006 -1.45459 -0.31118 4.30278
1.52683 6.51568 -1.60042 -0.63607 3.93574
1.8575 6.79526 -2.82219 0.98033 5.96061
1.75447 7.00399 -3.79183 -0.50334 4.43192
0.8508 7.56858 -2.76794 0.0188 4.57807
1.09763 7.11178 -4.50393 -2.03258 5.6475
1.38749 6.42703 -4.08273 -1.62318 3.64864
0.92989 5.17028 -2.66206 1.37201 3.68989
2.70325 8.49561 -3.24096 0.63528 4.40795
2.5018 8.6487 -3.84277 0.20505 3.70591
0.98197 9.0811 -3.1714 -1.25276 3.3807
2.35712 8.35596 -1.23587 -0.452 4.71641
2.10233 7.59098 0.32761 0.05564 5.25082
2.48657 9.1914 -1.46097 0.90856 6.89036
2.75107 8.92046 -2.25772 0.49125 5.76031
1.69221 7.54053 -3.61069 -1.11554 5.12013
1.91615 6.47272 -2.08291 1.35864 4.29159
2.06973 7.78411 -2.04216 -0.14963 4.27661
0.6427 7.68264 -3.20633 -0.25814 4.47224
1.9751 5.95137 -1.43476 -2.94068 3.7244
1.7482 6.10459 0.43611 0.24791 3.87957
2.50682 7.85514 -0.2389 -1.17496 4.83738
1.56495 7.83358 -1.10443 -1.6794 5.22012
1.19373 7.56829 -0.95006 -0.36244 5.79492
2.55987 5.40408 -0.49746 -1.22668 5.29436
2.40637 6.93569 -1.6892 -0.34691 5.83495
2.43079 5.69131 0.35425 1.68318 6.02702
2.45571 5.42946 1.23192 -0.3597 7.07303
3.33587 5.25498 0.2299 -0.88748 4.94519
3.13313 4.09973 -0.09125 -0.04255 4.2668
0.81606 4.14586 -0.38487 -0.65291 4.45794
0.67008 4.94027 -0.09401 -1.30024 5.29386
0.71381 2.82709 -0.37386 0.17489 4.97031
1.00581 3.10556 0.01578 -1.16669 4.13924
-0.16313 1.61761 2.11494 0.27041 4.3924
0.21952 1.80746 -0.70577 -0.44541 2.30376
-0.28263 2.9767 -0.80482 1.25273 1.05008
2.15518 3.66985 1.11724 0.57381 -1.0527
-0.35368 2.77765 0.96545 -0.49256 0.2919
-0.42363 1.9502 0.37916 -0.08831 2.2912
-0.30987 1.8633 1.23287 -0.42097 4.15748
1.41341 2.0302 1.05653 0.70519 3.30042
-0.43366 2.80011 1.96953 1.6342 3.43814
2.37517 1.80246 0.77666 0.67961 2.37139
0.79875 1.04016 1.69938 -1.33393 0.6999
0.93802 0.69531 2.43461 1.44164 0.92637
0.95051 -0.27915 3.86479 -0.47628 2.88023
0.5512 1.32177 4.82645 0.96474 4.83261
1.68618 0.8067 4.27877 1.39654 5.17836
2.4048 1.72317 5.24406 -0.44383 4.44666
-0.44359 3.08716 2.51173 -1.70398 4.5911
-1.15764 4.05669 2.85612 -0.78593 4.08388
0.02873 4.64974 2.78716 0.54931 4.74165
1.81621 4.54323 3.89999 0.50229 3.9407
0.43069 5.32841 4.56421 0.63659 4.16394
-0.00969 6.70311 3.21928 0.67712 2.34011
0.79521 7.76928 3.11686 0.16321 1.08919
1.13851 7.41949 2.82265 -0.41982 -0.72795
0.63708 8.1617 2.7669 -0.02524 -0.28834
3.19947 7.90629 1.9458 -0.82313 1.88331
0.7692 6.85763 2.8498 0.83739 2.28081
2.44276 6.51773 3.06957 1.86409 2.40846
4.28954 8.27225 2.14726 -0.54926 2.79004
