-0.45566 0.6249 0.60431 0.75988 4.2726
1.03786 1.08238 2.16655 0.19238 4.64462
-0.39631 -0.19054 2.22037 2.36029 3.39734
0.84785 0.38088 -0.68082 2.03214 3.67577
-0.07675 -0.95039 -0.1134 2.70286 2.83049
-0.27094 -0.23771 0.52472 -0.17998 3.41246
-2.49884 1.14684 0.5203 1.52755 1.76671
-0.87217 0.68225 0.77749 1.97765 1.70073
2.30262 0.60043 0.96842 2.84327 0.10324
0.93627 2.95555 3.57484 2.4712 1.37902
0.78809 2.48037 1.84065 0.31682 2.51766
0.56595 -0.58385 0.61593 1.56688 4.12586
1.29147 0.12169 1.54697 0.32565 3.03425
0.4651 -1.3256 0.47802 -1.34988 4.50215
1.09163 1.11906 1.0865 -0.70069 4.89639
1.3614 -1.98877 -0.50299 -1.44986 3.96572
1.021 -0.67216 0.0286 -0.84973 3.77529
0.77218 -0.06743 0.17183 0.6218 3.37796
0.46623 -1.46443 0.87784 2.75146 3.54257
0.18931 -1.67574 -0.39258 1.72492 2.94928
0.18895 0.51129 0.47745 1.97994 4.49065
-1.09724 0.8137 2.09004 1.63687 4.15614
1.11376 0.69203 2.11687 1.15512 3.58286
0.39667 0.2429 1.44452 1.85944 5.27725
-0.27146 1.29507 1.57826 1.70463 5.1423
-1.62578 0.24651 0.20663 2.38212 4.18143
-0.38898 -0.25988 -1.04293 1.80902 5.66995
-0.66881 0.69197 0.12769 1.78135 2.80264
-1.82673 -0.03782 0.36707 1.70683 4.47271
-1.60713 -1.0762 0.25631 2.71118 5.52495
-0.40427 1.10649 0.85263 0.9823 6.40936
0.02672 0.06284 3.19709 1.32092 7.70484
0.92099 1.78084 3.62077 2.34904 9.2292
0.6158 0.33553 2.39856 0.91674 8.60251
0.13852 -0.01247 2.58611 0.74339 8.74331
-0.23304 -2.67807 2.33388 -0.0072 7.14814
0.72477 -1.48806 1.27147 0.21509 6.88124
2.2599 1.1553 0.20848 1.21912 6.59445
1.37505 -0.29454 0.74914 2.20085 7.67994
-0.47615 0.52832 -0.09993 2.29474 6.60245
-1.51399 -2.41192 -1.51384 2.47234 6.89849
-1.61246 -1.1414 -0.48493 0.61142 6.4322
-0.862 0.6053 2.32364 0.2842 5.39712
-0.41323 1.00789 3.65246 2.36088 6.23775
0.80686 -0.61273 2.45102 3.08968 5.40705
1.25058 0.13612 2.64791 2.59618 5.59229
2.40674 -1.57483 3.58514 3.8142 6.54447
-0.14981 -1.48269 3.66245 4.04106 4.70551
-0.77355 0.22377 2.44691 0.77865 4.69757
-1.13969 -0.25324 1.34653 0.64127 5.35283
-0.32112 -0.58083 1.69444 2.53536 6.08153
1.36317 -1.21969 1.67594 2.47792 5.70621
2.13075 0.41489 0.84292 1.81149 5.41171
2.16039 -0.74573 0.29905 -0.54219 4.60957
1.37773 -1.19912 -0.23102 -0.01383 4.18365
-0.48343 -0.75237 0.86862 1.31021 3.42286
-0.13016 -0.19427 -0.38363 1.19942 1.42334
-0.84839 -1.50306 0.60004 1.58004 -0.0071
-1.68913 0.77308 -0.37784 1.20667 0.37178
-1.14733 0.63597 1.07989 0.87739 0.70664
-2.40767 -0.99892 -0.60489 -0.88904 -1.43075
1.15357 0.25019 0.30353 -0.83316 -0.90405
-0.19271 0.46279 -1.93045 0.24771 -1.07628
-0.27494 -0.63168 -2.5459 -0.10914 -1.53295
-0.45664 -0.41312 -2.37423 0.66574 0.29155
-0.49465 -0.99617 -1.13858 0.47916 0.20101
-0.35347 1.28726 0.29827 -1.73789 0.25128
1.01888 -1.71344 1.89659 -1.0106 1.10352
1.23036 -2.2436 2.44876 -1.34949 1.18287
0.67093 0.31225 1.08197 -1.02075 1.89095
-0.3874 1.08259 1.69047 1.40491 3.5157
-0.88253 -0.05854 0.40742 -0.15564 4.9631
-0.29381 -0.61398 -0.42078 1.15146 5.20789
-0.66825 -1.60364 -0.99318 0.69197 4.31224
1.66905 -1.43575 -1.72634 0.75151 4.07905
0.20363 0.10147 -0.62244 1.59539 4.14327
0.70996 0.69829 0.11266 3.37553 3.74344
1.03357 -0.08453 0.08891 3.7365 3.1936
0.78076 0.16852 0.98701 2.17828 3.3282
0.43886 1.8375 1.20693 1.53626 5.04963
-0.70495 1.66442 3.18463 1.3453 5.32076
0.61645 -1.35117 2.39995 0.28965 6.31428
-0.00264 0.0749 0.57829 0.32792 7.0335
-0.91651 0.02497 0.57647 -0.80186 6.96549
-0.13471 -0.13489 1.2555 1.18477 7.57167
-0.55852 2.23885 1.34432 1.70135 5.91908
-0.88827 0.05905 1.05596 2.41283 5.02001
-0.73399 -1.31653 2.21257 2.21227 5.16284
-0.69272 -0.94198 3.96575 0.81251 4.45552
-1.00367 -0.31353 5.3556 1.27414 5.71347
-0.09268 -0.67105 3.36171 3.02589 6.06631
0.19822 0.56206 0.46472 1.75453 5.5778
-1.52573 -1.44594 2.31049 0.42527 6.13777
-1.71321 -2.06424 2.73307 -0.20968 6.49047
-0.44308 0.61472 0.74352 1.94436 7.45949
0.10949 0.48375 -0.1388 3.41903 5.10269
0.61733 1.58249 -0.83823 2.95945 6.01005
1.52805 -0.56188 -1.38205 1.44489 3.99295
-0.32859 -0.13607 0.29947 0.95752 4.5792
-0.53142 0.24358 -1.46538 1.27854 5.03411
0.90246 1.05289 0.74625 2.33638 3.71612
0.21707 -0.49951 0.08759 0.31252 4.06817
-1.22468 0.43726 0.39282 1.70452 2.46241
-0.32337 0.74043 1.64002 0.69447 1.2097
1.01671 -0.46049 -0.32239 1.15111 2.57873
-1.00439 -0.17951 -1.62856 0.4082 2.12625
0.61756 -0.17388 -0.42353 0.78561 2.23391
-0.65765 -0.19362 -0.17141 0.47504 2.00252
0.46777 -1.2816 -0.41097 0.7554 1.07927
-0.7542 -0.30733 0.88608 0.64171 -0.22413
1.01325 0.80769 1.30793 2.12191 0.88679
-0.72545 2.41232 0.50697 2.82892 -0.87828
-1.30005 2.36154 0.16405 0.85661 -1.99059
0.07099 0.66019 -0.06007 0.27624 -1.4293
-0.10173 0.15661 0.57012 -0.21519 0.31931
-0.5792 -1.8218 1.0326 0.70227 0.5079
-0.6348 0.06816 -0.04486 -0.47141 0.54831
1.13729 0.32921 0.04664 -0.76339 -0.22324
-0.69333 -0.07366 0.6913 0.04248 -0.52456
-0.85809 -0.04774 -0.62027 -1.10152 -1.26617
-0.80412 1.70204 2.06257 -0.28623 -0.17716
-0.39364 -2.26932 1.57933 -0.96056 0.41593
-0.34854 -1.42016 0.86535 -1.4793 0.333
0.92149 -0.0119 0.27029 -0.75413 1.04241
2.62397 0.02165 0.75883 -0.96398 0.55792
-1.07916 -0.87907 -2.86676 1.05505 1.26734
1.11131 0.61497 -1.14962 -0.97596 1.46772
-0.48956 -0.19431 -1.76239 -0.282 1.58566
-0.36146 1.4897 -0.91413 -0.25308 0.1623
1.74901 0.46955 -0.27803 -0.44079 -3.3748
-0.31562 -0.97232 -2.11312 -0.64507 -3.99942
-0.58962 -0.83996 -1.43996 0.02635 -2.02048
-0.17957 0.58669 -1.12738 1.80974 -0.41284
-0.83525 -0.2466 -1.45223 -0.22753 0.20554
-1.28816 -0.70377 0.06455 0.25327 1.37778
0.80853 -2.53199 1.31123 -2.42558 2.00355
-0.71604 -0.76119 0.16155 -3.03194 3.54785
0.19519 -0.52409 0.77286 -2.51082 3.15086
-0.75982 0.84984 0.16954 -1.91112 2.21369
0.96164 -0.55637 -1.68111 1.59834 1.87225
-0.66837 -0.06174 -1.7166 -0.26647 1.45218
-0.97937 1.21858 -2.30404 0.3198 1.70651
-1.41724 -1.69219 -0.34747 2.30025 2.25603
0.74021 -0.39289 -0.19567 0.94146 3.29242
1.12018 -1.08211 0.70368 0.56962 2.72639
1.20293 -1.27299 1.78882 0.99107 1.72379
1.89733 -0.95738 -0.70866 0.89498 1.61113
2.09287 -0.01619 -2.60416 0.49853 2.87195
1.26169 -0.3679 0.79841 1.06991 0.48675
1.34485 0.06376 0.7845 0.01609 -0.04681
1.05907 1.02714 0.61276 2.4431 -0.6572
0.1767 -0.63606 0.95224 1.63733 0.01787
0.36861 -0.35796 1.06172 0.6314 0.18788
-0.33731 1.07187 1.88856 1.26641 0.34125
1.05161 -1.53814 3.21149 0.3092 1.02358
0.6424 -0.09959 2.62253 -0.3645 3.36588
0.77933 0.67535 -0.13108 -0.6646 6.03305
0.35841 1.32222 -1.84821 -0.15141 5.32496
-1.08889 -0.14906 -0.97045 0.04788 5.18576
-1.26455 -0.667 -0.39612 -0.47418 3.97062
-3.36099 0.24597 -1.05858 -0.37408 4.31803
-2.45883 0.40895 -1.49644 2.64254 4.77552
0.26814 0.31057 -0.17184 3.04424 3.62886
-0.63209 0.00449 -1.63665 1.85314 3.64713
-1.014 -1.53898 -0.57307 1.46474 3.7237
-0.32209 -1.22237 -1.84409 1.44835 4.45532
-0.00235 0.10827 -0.57161 1.51688 2.70464
-1.13615 -0.7725 -1.28715 1.35395 4.09761
-0.89713 0.38521 0.30628 1.14887 5.66108
-0.94411 -0.13466 1.79518 1.222 6.07166
-2.939 -0.55312 1.85273 0.29995 7.23253
-3.09387 0.79159 0.68778 0.83905 9.30095
-1.00179 0.77666 0.63733 1.06857 9.82652
0.095 0.68805 -0.366 2.39071 9.19719
3.0755 -0.16583 1.25384 1.47914 9.26175
0.61513 -0.24592 -0.39306 2.48553 10.46674
0.3859 -0.53486 0.14058 1.33928 6.53551
0.95857 0.20041 1.67436 0.98501 4.80324
1.62977 0.6069 0.99398 4.32312 4.68085
1.2292 0.6945 1.79684 2.09925 4.79459
-0.07105 0.19139 1.11863 3.39356 4.61101
1.00949 0.47302 0.04576 2.29591 5.79558
1.30929 -0.3958 0.67395 3.14735 3.73869
2.31773 1.47369 2.00924 2.1555 3.38511
0.21778 -0.73553 -0.15083 2.07557 4.45755
0.435 -1.48334 -0.3431 2.79772 4.15571
-2.07585 0.79076 2.33239 2.78984 3.02685
-2.77612 1.98852 1.99711 2.03254 3.94729
-0.25178 2.22651 2.26501 2.41869 4.2246
-0.31189 -1.38423 0.65664 1.87006 4.05952
-0.59274 -1.85664 0.56798 2.55506 3.96772
0.55693 1.33459 1.78765 1.25634 1.96129
1.48267 1.8959 1.05391 1.629 3.75248
0.31241 1.3623 1.18105 2.0432 4.08789
-0.49222 0.65892 0.4799 1.61461 3.13081
-0.86254 -0.40028 2.30174 1.75482 3.72796
-1.24504 -0.40198 2.4428 1.43726 3.537
-0.97062 0.6919 -0.81933 -0.46774 4.64141
0.0099 -0.3104 0.10501 1.71735 3.14965
-2.0372 -1.17617 -0.20802 1.57295 1.96576
-1.21165 -0.36868 -1.46657 2.87614 2.65515
0.86054 0.90517 0.43246 0.3938 1.8991
0.44044 0.11228 1.14479 0.64761 2.99269
2.2228 -0.41077 1.51964 0.60978 1.11828
0.2667 -0.81002 1.62347 0.93221 3.41587
0.45666 1.95067 2.42964 0.47634 3.81108
-0.3593 -0.98896 3.05908 3.07148 4.28104
-0.27244 -1.38313 2.38284 2.28314 5.0327
1.48127 -0.97903 3.10889 0.55408 4.81871
1.68133 0.67884 0.92527 1.61964 5.33536
0.22594 -0.89849 2.02668 2.57273 5.61654
-0.84064 -0.24343 2.08946 2.65884 6.32223
-1.17657 0.05858 0.86398 2.83483 4.52538
-1.2225 -0.91491 1.79692 1.56471 4.10437
0.43969 0.43177 2.42705 1.13503 4.78044
-0.91589 1.39332 -0.88708 1.79961 4.09873
0.49122 0.51487 -0.97455 3.24944 3.15767
0.82017 -0.51524 -1.40129 3.9536 2.69849
0.38149 -1.34615 -2.28877 2.30359 2.60383
0.34112 -1.4254 0.78814 0.7343 -0.36175
1.23569 -2.73483 2.62194 0.08629 0.61248
0.57715 0.51672 0.01555 1.07361 1.03926
-0.47244 -0.66949 -0.74355 0.0095 0.18983
-0.69098 -0.75904 -0.90801 -1.5712 -0.2565
0.2706 1.67037 -1.18571 -1.04596 -1.55388
0.91032 0.41824 -1.51324 -1.11 -2.77883
0.36247 1.31743 -0.1603 0.81804 -2.68935
-1.75287 0.75374 0.45673 0.97856 -1.77569
-0.51402 0.97509 0.69992 -1.86951 -1.31159
-0.94457 0.40075 1.10659 -2.17893 -0.57673
-2.64976 -0.29594 0.26993 -2.3347 -0.60504
-1.76035 -0.99986 0.05451 -1.04655 0.13631
-0.22901 -1.12666 -0.05656 -0.53874 -0.34675
-0.25204 0.24279 -1.0095 0.32086 -0.60433
0.02966 -0.46247 0.36014 0.23964 0.74073
0.03574 0.22331 -1.20086 0.56686 0.82491
-1.04904 -0.52501 0.07857 -0.29703 2.76294
-0.2961 -0.05073 -1.57019 -0.04979 3.17531
-0.01385 0.31718 -1.84266 0.54679 3.35009
-1.22743 1.4726 -0.4757 0.98145 4.09159
-1.79651 -1.12037 0.0057 1.18101 3.0344
-1.95466 -0.81598 -1.47176 -0.39869 4.04765
-0.78418 1.73932 -0.93044 0.07768 2.49276
-0.01305 1.588 -0.74383 1.30408 1.99988
-0.43867 -0.26365 -1.46241 1.05806 2.16872
0.75394 0.3667 -2.80482 1.248 2.6329
1.29953 0.23907 -1.20358 1.61388 3.516
1.54034 0.21129 -0.38037 0.37001 1.48233
1.3921 -0.90658 1.15882 -0.53817 1.27656
1.15314 -1.05028 1.49991 -0.86353 4.52351
-0.99459 -0.72688 1.44954 1.45229 4.74938
-0.15123 0.21806 0.71471 2.15273 5.79159
-0.54267 -0.60868 0.50664 0.07686 4.30922
-0.87863 -1.7653 -0.03491 -1.49285 3.10527
-1.09119 0.12434 0.03307 0.07867 2.84075
-2.05146 -0.58128 0.59292 3.25614 4.00898
-1.26556 -0.49805 -0.28956 3.88252 3.29933
-2.7094 -0.67953 -0.23147 1.86564 3.41871
-0.76587 1.2272 -0.59072 2.65136 5.28699
-3.04671 1.25427 -0.14693 1.76468 5.19944
-2.50634 0.4439 2.03607 0.74175 7.54512
-1.19768 -0.61979 0.69153 2.79411 8.324
-1.27709 -0.2671 1.43384 2.52827 7.20852
0.05867 -2.26 1.29836 2.01606 6.43856
-0.7037 1.08159 1.03167 2.34531 5.8396
-0.70455 -0.6403 -0.29199 3.43848 6.05231
0.53193 0.13904 1.07036 2.21789 6.17322
-0.58995 0.29769 1.63996 3.89453 5.26983
0.72578 -0.28606 1.96634 3.41457 6.64171
2.00746 0.67138 0.81196 2.83805 6.33025
1.76298 -0.44265 1.62681 3.341 7.40355
1.35621 1.40821 2.18006 2.07245 8.11528
-1.01426 -0.49824 2.94757 3.50977 7.74159
0.26093 0.6774 3.0226 1.82224 7.74576
-0.62117 -0.81897 1.90785 4.32496 6.64415
-0.017 0.62313 1.92753 3.499 6.71939
-1.52389 2.06751 0.86226 3.37896 6.15332
-1.64448 -0.56366 2.52008 1.97162 5.9614
-1.25645 -0.51903 4.08118 2.09235 5.58785
0.48756 -0.33263 2.94536 1.70063 6.65739
0.15677 0.72613 2.34603 3.53131 8.51205
1.41398 -0.61773 3.23897 3.153 7.99162
-0.34877 -1.25946 2.10562 3.49941 6.09444
1.87496 0.65277 2.4342 3.49249 6.75692
0.09471 2.27628 2.79542 2.83521 7.18377
-0.65669 1.02346 4.99521 3.41445 6.67681
-1.90507 -0.27874 4.94636 3.05301 7.82679
-1.86532 -0.13437 3.7885 2.36744 11.16354
1.38655 0.97044 2.75009 2.80904 13.28707
1.96807 0.05053 2.32269 2.44341 14.96797
-0.29966 0.62273 1.9738 3.888 15.2744
0.98032 -0.76609 3.10887 5.09781 14.13705
1.77239 -1.47834 2.37468 3.0885 13.89431
-0.67389 -1.34189 3.00699 4.5541 13.56369
-0.01662 1.91806 3.10672 3.82179 13.16201
1.49604 -0.1845 4.21147 6.58121 11.50924
0.02405 0.34552 1.43765 5.42288 10.78021
0.39399 1.25854 1.13117 2.6541 10.4588
-0.51771 0.96354 3.18568 2.9316 8.9252
1.36901 -0.44019 1.52187 2.61614 8.43539
