1.63864 1.91523 0.45963 0.32578 1.05304
0.14077 3.15843 1.65727 -1.27531 -0.66376
-0.25583 3.28074 2.32956 1.21654 -0.09296
-0.30009 4.04569 -0.216 0.69677 -0.08231
-0.5205 3.68656 0.0631 -0.57017 0.78668
-0.89431 1.31845 0.62759 -1.47814 -0.19988
0.70121 0.99106 -0.50058 1.23705 0.37203
0.58552 2.11737 -1.88758 1.58219 1.63607
2.10317 2.08085 -1.11454 0.87126 -1.78708
3.27127 1.62102 0.49459 1.33615 -1.73867
0.55434 2.05851 1.97075 0.80109 0.05745
-0.60486 2.54286 1.28024 0.36608 -0.17336
-0.57649 4.02428 2.58364 -1.04251 1.60075
-0.21728 4.20834 2.67127 2.30081 -0.29779
-1.93556 7.30253 1.29961 1.90159 0.6363
2.12536 6.64679 0.73028 -0.62475 -0.49494
-0.02286 5.51991 0.49521 0.55653 -1.18485
1.78185 6.19792 1.17054 -0.18977 -0.0114
1.47335 5.74105 -0.00506 0.30973 1.73001
2.07824 6.45192 0.74337 -1.03344 2.31572
0.15383 4.82888 0.7566 -1.7598 0.1839
1.02879 4.97771 1.76504 0.53164 -0.20074
0.81519 5.66421 1.61437 0.65537 0.26958
-1.19688 5.06277 2.46423 -0.21709 -1.18672
-0.75149 6.36791 2.46519 0.30552 -0.4774
-0.58937 6.60259 -0.82951 -0.6539 -0.57274
-0.6889 5.76866 0.31265 0.08316 -0.15372
-0.01485 5.16731 -0.56455 -0.84274 0.25756
0.99431 4.99776 0.77465 0.48707 -0.0189
1.23217 5.52498 0.84157 0.04676 0.44203
-0.88566 6.19178 -2.23565 1.85329 -1.94957
-0.26106 6.1233 0.86152 2.75046 -1.08652
0.22653 5.33649 -0.37936 -0.81091 1.44849
0.90471 5.81684 -0.10371 -0.03406 1.43241
0.74226 6.36232 2.10923 -1.32482 2.65507
1.60426 8.39462 1.93806 -1.81661 1.07499
0.87238 8.989 1.1716 -0.51061 0.37233
-0.41191 7.35225 -0.52502 0.7372 0.37754
-0.88958 7.81832 -0.90404 -0.41002 1.21929
-1.99135 7.89162 0.41802 0.04704 -1.68818
-1.34548 5.1923 0.27953 0.67373 0.45151
1.30121 3.67416 2.61458 1.65019 1.32507
-0.18945 4.60688 0.04042 0.92346 0.04192
0.17814 5.22464 0.73088 0.22554 0.52635
0.15501 4.92909 0.65819 0.97054 -0.09541
2.11989 4.47839 1.5699 0.19961 -0.35392
2.43506 4.39718 0.00295 1.21062 -0.08101
1.20472 3.46277 -0.99191 1.09507 -0.30071
0.24614 2.81726 -3.65985 1.49933 -0.68677
1.61079 5.43561 -3.82051 -0.59497 0.52961
0.81586 5.43276 -1.04979 0.46055 -0.22738
-1.83708 5.15539 0.01503 -0.37612 0.52441
-1.68421 6.38641 -0.29092 -0.29107 0.24494
0.93368 4.25367 1.34086 1.40805 -0.66048
3.62446 3.56617 0.38187 2.02565 0.75108
3.93519 3.51445 0.84392 1.47459 0.77805
1.83929 5.22736 2.74064 0.76671 0.82311
-0.08157 6.01543 1.58839 0.97816 -1.05017
0.01153 6.74761 0.32294 1.27628 1.41644
-1.53583 5.09615 -0.03174 -0.23483 0.587
0.20179 3.77914 1.46281 1.22654 0.9068
1.9119 3.07086 0.89013 1.24843 -0.96539
1.17258 1.77951 -0.80377 1.15967 -0.7756
1.44352 2.02292 -0.79691 -0.12187 -0.14792
0.88285 0.45645 0.06921 0.04302 0.2907
0.38592 1.50572 0.75603 1.54236 -1.00994
1.12904 -0.37599 0.26948 -1.5134 0.65188
1.66611 -0.49641 0.91286 -1.65025 -1.13979
0.66103 -0.8205 1.36754 0.4108 -2.16931
-0.04569 -3.20697 0.61736 0.78401 -0.97404
0.69547 -3.28809 1.27852 0.84055 -0.68939
1.50113 -3.67109 1.60362 1.35944 0.81481
1.42465 -4.04213 1.67692 0.8248 -1.3585
1.77016 -4.27807 1.64573 1.16628 2.10619
-0.60812 -1.93136 0.76088 -0.33044 -0.96257
0.48217 -2.2814 2.05683 0.07819 -0.3155
0.1745 -1.9744 1.56432 0.34435 0.20991
0.10369 -1.19369 -0.13984 -0.88771 0.62693
1.00453 -1.59887 -0.83822 -1.28375 -0.98204
0.43344 0.09069 0.44878 0.57702 -0.44767
0.99055 -1.04746 0.77712 1.5483 -0.98058
0.29504 -0.64648 0.43604 -1.74691 -1.80078
1.03598 -0.73898 1.29788 -1.62941 0.70523
-0.43288 1.13591 0.93279 0.56766 -1.16638
-0.50067 2.18722 1.36165 0.53239 0.47025
-0.0054 3.95327 0.61908 -0.83716 0.72842
0.63845 4.40547 -0.23684 -2.0195 -0.51261
-0.22615 3.3434 -0.87993 -0.54996 0.62067
-0.92551 1.62983 -0.16009 -0.62566 -0.34168
-0.15903 -0.24385 -0.81411 -1.09807 -0.67444
-0.7229 -1.27078 0.86919 -1.54929 -0.29136
-0.31906 -1.34722 0.25202 -0.99664 -2.27048
-0.7387 -1.89425 -0.21933 -0.42316 -0.03811
0.56192 -1.96742 0.91359 1.03467 -1.07787
-0.25748 -2.20798 0.51978 0.92848 -1.95348
-0.58847 -3.24104 0.10831 -0.69828 -0.83289
-0.85515 -2.05165 0.91809 0.62448 -0.237
0.48279 -1.9775 2.87456 0.32501 0.76811
0.40594 1.06224 1.35153 0.80291 -0.11257
-0.15694 1.27028 -0.08323 -0.61087 -0.62339
-0.74578 2.39319 1.41924 0.08205 -0.88974
-0.79118 2.59001 -0.40218 1.74604 -0.16256
2.95833 2.64227 -1.20871 -0.84316 -0.55966
2.57763 2.36126 -1.30517 -1.39887 0.96052
1.70654 2.59009 0.22833 0.97563 1.46266
1.69681 2.70386 -0.26375 0.78659 0.03023
2.29243 2.32005 1.48332 1.4968 0.29064
0.48567 2.79038 3.10298 2.38926 -0.25803
0.40659 3.32435 4.21702 2.07392 -0.53035
-0.31259 3.48342 2.58482 0.95339 -0.04241
-0.04643 4.70565 2.58028 1.96097 -0.52482
1.05241 4.93982 3.5157 0.88445 -0.09465
1.9236 4.83866 0.77242 -0.36276 -1.0805
2.5374 3.42507 0.90767 1.68075 -0.19464
1.79995 2.6855 1.67155 -0.26475 -1.20534
2.59402 3.93885 1.51947 0.40904 -1.37669
1.38871 3.06824 1.28561 1.23667 -0.92691
1.72232 3.36453 1.87954 1.07192 -1.2359
0.48855 4.66 0.69843 1.33686 -0.72449
-0.09891 3.74829 0.46187 1.37543 -1.09052
-0.2061 4.32945 1.37405 0.21674 1.12041
-0.77725 3.83011 1.494 0.72101 -0.38104
1.83674 2.33537 -0.2521 -0.57737 -0.13897
0.43172 1.88057 -0.32181 -0.12456 0.24325
-0.66315 1.07813 -0.58277 0.02075 0.94893
1.15311 1.95849 -1.9971 0.57965 -0.00504
1.3763 1.44816 -0.08402 -0.95368 -0.86242
1.76789 0.44621 -0.58311 0.16883 -0.03471
0.26279 -0.46184 1.07504 -0.83018 0.78877
0.18772 1.40409 0.02867 -0.14829 -1.44496
-0.04454 1.26237 -1.05875 -1.20907 -0.69901
-0.9707 1.714 -1.4365 0.28348 -0.03393
-0.549 1.60177 -0.19556 -1.37822 -0.22689
-0.57999 0.68127 -0.30489 0.25649 0.23167
-1.75423 1.31584 -0.39867 0.20941 -0.97958
-1.76233 1.43648 -0.00075 -0.68971 -0.87074
-1.45525 0.51632 -0.27761 1.71365 0.03014
-1.02926 1.21099 -0.29011 0.88665 0.16498
-1.61762 0.22921 1.22677 0.04737 0.46804
-1.3538 1.48648 2.96411 -0.90113 -0.81589
-1.84629 2.26362 1.68685 0.57656 -0.41633
0.419 4.18556 2.00205 2.29499 0.10476
-0.90418 4.44713 0.46786 -0.53976 0.11777
-1.46423 3.59813 0.60258 -0.28377 0.41889
-0.53766 3.15671 2.67363 1.68591 0.52284
-0.97702 3.33836 1.0956 -2.04784 -0.98585
0.12523 3.05629 0.79082 0.46247 -1.62019
1.21742 2.56769 1.62781 -0.25875 1.75975
3.27925 2.03367 -0.03939 0.15514 -0.17309
2.29815 0.62842 1.35657 0.78407 -0.68574
1.87125 -0.53717 0.43643 -0.65155 -1.19918
1.7214 -0.40558 0.57909 -2.39694 0.78517
1.95166 -1.68683 0.24286 0.67695 0.59184
0.50059 -0.29436 1.40389 1.15584 0.71358
-1.70114 -0.83461 1.69335 -0.24391 2.25196
-1.63733 -0.8218 1.55302 0.0744 -0.32191
0.21284 0.45703 1.19321 -0.21577 -0.44754
0.13973 0.77064 1.23024 -0.86037 0.71422
-1.2989 -0.52243 -1.23875 -1.11186 -0.70845
-1.5248 -0.78163 0.64384 -1.70141 -0.47275
-1.34672 0.62917 0.83402 -0.6568 0.33814
0.73205 0.15234 0.0869 -1.20357 -0.5665
1.05109 0.84408 0.75998 -0.86896 -0.19694
0.43115 0.754 0.3455 -1.90186 -0.96912
0.1919 0.70711 -0.4613 -0.34656 -0.7042
-0.28465 -0.52303 -0.22517 0.86311 0.82158
-0.0073 -1.77717 0.4276 -0.17884 1.31095
-0.69501 -0.79617 -1.08708 -1.43934 1.71413
-0.59661 -0.48061 0.03756 1.07605 1.42027
-0.9177 -0.12105 0.08292 0.84508 -0.09238
-1.62886 -0.07112 0.94749 -1.29913 -0.8129
-2.55363 -0.15986 0.32405 1.72617 -0.60234
-1.88212 -0.42016 -1.50333 -0.27909 -0.32171
-0.8785 -2.30311 -0.12715 -0.8545 0.06931
-0.9862 -2.83106 -0.04084 -0.90853 -1.07669
0.34031 -2.09989 0.81431 -0.34779 -1.58425
-0.0172 -2.3758 1.59052 -0.14441 0.60133
1.33929 -0.7335 -0.72969 -0.2791 -2.02426
0.35914 -2.29735 -0.8131 -0.35946 -0.33439
1.31203 -0.99828 -1.09739 1.22428 0.38853
1.90752 0.44056 -0.52174 1.5056 0.5313
0.88513 -0.15664 1.15313 0.65268 -2.73916
2.58802 0.32373 -0.00244 -0.17202 -1.42072
2.92811 -0.37228 2.23532 0.56239 -2.4769
-0.06191 -2.84368 1.491 -1.38769 0.20893
1.04672 -2.4364 0.02895 -1.13683 0.85056
0.97656 -1.43701 1.01021 0.51738 -1.12686
-1.147 -1.59142 0.22538 1.45058 0.04393
-0.1698 -1.07876 -0.23363 0.74576 0.01718
-0.38336 -0.92432 1.12893 -1.0913 -0.29721
-1.91084 0.12775 1.72324 -0.34469 0.68423
-1.21933 2.02729 0.01132 0.81488 0.31502
-2.06006 1.52473 0.18022 -1.81975 1.61121
-1.8228 0.72909 0.08495 0.82509 0.24781
-0.92623 -0.61846 1.7591 0.54521 -2.56618
1.44526 0.14533 0.90287 -0.44508 -0.33338
1.98427 -0.1856 -0.12101 -0.08001 -0.40696
3.22525 -1.3374 -0.93856 0.31596 -2.16441
1.68855 -1.82114 0.07205 -0.51158 0.20455
2.50235 -1.62793 1.19179 0.51332 0.04664
2.18797 -1.93953 0.28547 0.91071 -1.52442
0.83464 -0.86031 3.88924 -1.35042 -0.65654
0.43354 1.60383 1.3807 -0.49815 -1.71843
-0.35206 1.81295 1.03448 0.51815 0.18359
0.47472 1.8282 1.97321 -0.99675 0.82644
0.90402 3.11138 1.00488 -2.0331 1.70644
4.06389 2.05322 0.47311 -0.10759 1.13953
3.13723 0.89993 -0.70735 2.03118 0.12198
3.25825 2.92198 -1.90329 0.81119 1.34845
3.317 3.06514 -0.71053 -0.6397 -0.5454
2.33378 3.09476 2.31122 -0.67788 -1.20717
1.19922 3.32949 2.70996 -1.18116 0.16541
0.68576 4.6799 3.67709 -2.94518 -1.66594
2.03675 4.43639 2.47827 0.82242 0.06001
0.25779 6.77163 1.2944 0.80488 -0.25487
1.30329 7.26157 -0.83182 -0.49319 -0.77657
1.80861 7.71426 -1.10665 0.04131 1.3075
5.11222 7.24899 -0.92974 -0.65362 0.25097
4.39248 6.06716 -0.63205 1.68405 0.51371
2.68134 5.8393 -1.73339 2.02672 -0.38654
1.397 5.29357 -0.7823 -0.42816 -0.05455
2.17657 3.94763 1.32131 0.53064 1.06223
2.39357 3.55992 1.88123 -0.73987 -0.08345
1.10669 5.24671 2.38646 0.51397 -1.01999
1.87733 6.32243 1.63081 -0.60228 0.2204
2.12323 7.00558 -0.29844 -0.39195 0.18591
2.14717 6.77389 0.37626 -0.29083 -0.48959
2.81955 6.00282 0.44133 -2.26227 1.40705
3.82356 8.48199 -0.5345 0.16661 1.12801
2.86242 7.49349 1.03357 -0.39576 -1.67191
0.77743 6.88591 -0.31903 -0.00055 -1.4529
0.91545 5.55398 2.43953 -1.21818 0.33454
1.77427 5.41693 3.00552 -1.49551 -1.0813
0.6084 7.31596 2.92998 0.41858 0.75472
0.84235 7.61465 0.92305 -1.94639 0.43023
1.56729 6.87106 -1.61858 -0.46515 -0.90139
3.84541 8.36553 1.34944 1.50365 -0.27268
4.43203 6.38058 0.53483 0.24924 -1.40146
4.78873 5.18717 0.0482 0.11774 0.90873
3.95379 5.66086 -0.61065 -0.17165 0.76377
4.29202 4.78792 2.41157 -0.21008 0.94269
2.52516 6.41606 3.36753 -0.32466 0.53811
2.23183 6.68649 4.92954 -0.066 0.62247
2.622 6.80784 2.33329 0.42777 1.25648
2.66698 8.25767 3.03696 0.56176 0.63935
4.02627 9.48508 1.58601 -0.49148 0.40932
4.89311 8.54119 1.76949 0.16056 0.0918
5.77113 9.60244 2.282 1.18554 0.48737
4.02664 9.71101 1.69615 -1.26393 0.76526
4.73576 10.49009 4.05819 0.10796 0.09705
3.50648 13.30123 3.69084 2.19782 0.28742
2.31017 13.6976 2.69643 0.76817 -1.17342
1.37441 13.79741 3.2105 0.55658 0.47732
1.33467 12.50475 4.50705 -0.35882 2.35434
1.9369 13.8554 2.85218 0.20465 -0.19874
3.79326 13.31812 0.89596 0.1471 -0.1604
2.46227 11.77335 2.78148 1.68829 -0.21875
1.50695 10.59444 -0.14652 0.31562 1.54535
2.33611 7.82891 2.96352 0.26151 0.60299
2.95389 8.43355 3.4009 -2.10067 0.73299
2.67028 6.98148 3.20857 -1.51046 -1.36842
2.43367 6.42972 2.30096 -0.98125 -1.80323
2.95843 3.59614 0.75109 -1.94295 1.67937
1.38646 3.83288 2.12359 0.27846 1.26571
2.19952 4.66883 1.04014 -1.03472 -1.69134
1.85282 3.01054 1.9047 0.17487 0.68429
2.42529 1.17501 3.28302 1.66666 -2.48239
1.80447 1.48765 -0.64361 -0.31223 -0.05583
2.48105 2.09846 -0.07687 0.32325 0.32387
2.50986 1.49273 2.46434 -0.1003 0.41253
-0.52369 2.06569 4.10631 0.98409 1.82657
1.48485 3.88159 3.27667 0.15876 0.18047
0.91033 4.00566 1.42904 -0.90064 -0.80422
2.48395 5.07316 1.12461 0.92258 -0.92078
3.58755 5.26915 2.18607 -0.16668 -0.26212
4.66364 4.99699 1.76056 0.86929 2.15275
4.63242 5.01956 -1.39944 0.84313 -0.06259
1.8641 4.37548 1.18439 1.32324 1.43739
1.95332 6.1812 1.25406 0.92671 -0.98918
1.80436 5.0649 2.88585 0.58496 -2.32727
2.03403 4.70174 3.45068 0.11642 -2.37533
2.4308 5.40175 1.18746 -0.86734 -1.48259
2.57464 5.74846 0.77534 0.32342 -1.65506
-0.21407 3.3915 1.96361 -0.36821 0.34151
3.25344 4.01012 0.70251 0.54633 0.61603
4.03277 4.29861 0.42528 -0.6614 0.55359
2.74044 5.24948 0.01115 -0.33373 -0.57873
3.77978 5.46824 -0.02422 -0.18339 0.88992
2.9965 5.19147 2.81715 -0.30865 -0.24115
2.42564 5.20828 0.93956 0.74705 -1.44696
2.71645 2.9148 1.45781 0.46513 -1.88578
0.81899 1.57899 2.7316 -0.0846 0.54087
0.92566 2.05201 0.31591 -0.4434 1.57265
1.23748 2.46918 -0.08832 -0.34478 1.76973
1.77345 3.43652 0.91234 -0.08202 -0.13171
1.78833 2.69975 0.05406 0.09931 1.03598
2.46246 3.09274 1.76356 0.37777 1.20434
2.14743 3.56641 2.71931 -0.27146 0.01366
1.80905 5.50509 2.51215 -0.57783 -0.74108
2.02502 4.96263 2.69425 -0.30802 -1.08425
