-0.19878 -0.31661 -0.54183 -2.95959 4.37256
0.87732 -0.08615 -1.97109 -4.23121 4.44744
0.61879 0.34304 0.71344 -3.85625 3.10185
0.21114 -0.00223 0.3459 -3.01835 3.21002
0.01101 0.53449 -1.1902 -0.03881 -0.1864
0.818 0.94206 1.10011 0.16833 2.16784
-0.30638 -0.17829 -0.01908 -0.14191 3.6531
0.10552 0.73627 0.68888 -0.77984 2.63974
-0.69342 1.22826 -0.63022 -1.44251 2.22353
-1.33025 0.69747 0.66759 -1.95474 2.05663
-2.21985 -0.18043 0.40593 -2.8544 2.15812
-2.59886 -1.2014 0.16105 -3.69489 0.36578
-0.9954 0.07123 0.78338 -4.94433 -0.59134
-0.85609 -0.43248 0.82482 -4.11461 -0.3183
0.0322 -0.61653 0.08023 -4.44157 -0.32579
-0.70604 0.82318 -0.61321 -3.97588 0.55877
-0.52473 -0.04131 -0.64864 -3.02469 0.16673
0.93762 -0.72105 1.18358 -2.98733 1.8863
-0.39238 1.4822 -1.34484 -2.81204 2.53041
0.74725 -0.56279 0.84438 -2.81277 3.59871
0.4874 2.07621 -0.10842 -2.56667 2.12966
-0.12624 -0.89999 0.34401 -2.45123 2.14513
0.39331 -1.48097 -0.11384 -0.08372 2.23468
-1.19039 2.16875 0.57373 -0.81197 1.23845
-0.11392 -1.01956 0.86168 1.3969 2.39029
0.88357 0.75348 0.83243 0.09641 2.88085
-0.32414 -0.99875 0.46496 -0.6352 3.07293
1.06286 1.09593 1.38088 0.17972 0.58447
1.38557 1.88145 0.88292 0.37739 1.67584
0.02761 0.18009 -0.31207 0.61458 0.96949
1.18635 -0.62207 -1.10654 0.10379 0.91474
-0.34974 1.91925 1.17772 -1.63387 1.17976
0.63033 0.05189 0.91458 -1.94059 -0.30826
-0.50676 -0.6644 -1.03107 -0.86229 -0.30992
-0.22067 0.34373 1.05743 -2.59612 -0.11917
2.0647 0.01017 1.75183 -1.52075 -0.08302
1.0882 -0.45926 0.52073 -2.61326 1.05038
-0.66858 -0.053 -1.81542 -1.03635 1.55161
-1.6465 0.14782 -1.50235 -2.29577 1.56923
-0.68654 -0.69071 -0.74755 -1.37688 2.28662
-0.46811 -0.78495 -1.48054 -1.79234 -0.61523
-1.57987 0.44902 -1.49023 -2.12633 0.06116
-0.12389 -0.26885 -2.27636 -1.60882 0.61321
-1.2355 0.13245 -1.75274 -1.3465 -0.66481
-0.54896 -1.06601 -2.39044 -0.45683 0.56471
-1.38665 0.88254 -2.24032 -1.65085 0.62335
1.19162 -0.39142 -2.34604 -2.06061 -0.55043
-0.64951 -0.12145 -1.4032 -3.93656 -0.15369
-0.22174 1.70264 0.23714 -4.79542 0.22626
-0.91804 1.18721 0.49497 -4.29571 -0.49097
0.97042 -0.17717 0.49512 -3.63709 -0.36733
2.6436 -0.45645 -0.73152 -3.5534 -0.21427
0.82416 -0.54491 0.78692 -4.25162 1.15453
1.11233 1.22708 0.15957 -5.63103 1.65915
1.50063 1.04561 -0.81856 -3.24861 3.54714
0.84528 -1.67857 0.07019 -2.07739 4.40566
0.41316 0.53095 1.54503 -1.61679 4.5048
-0.75831 -0.09287 1.35827 -1.5445 3.03381
0.22641 -0.0249 1.42923 -2.9224 3.80981
-0.33749 -0.53668 -0.13371 -2.92605 3.26341
-1.92438 -0.93631 0.06056 -2.46591 3.19116
-0.33251 -1.01556 0.14728 -3.6366 2.19586
-0.12495 -0.53781 0.58116 -1.7172 2.62231
-0.82755 -0.21916 0.54316 -1.35396 0.95884
0.06728 -0.92361 0.52041 1.64715 0.86832
-1.45408 -1.35358 0.83381 1.85763 1.31403
-0.92736 -1.57003 1.17623 1.32021 0.22751
-1.57944 0.64366 -0.40347 2.16303 0.41884
-0.22498 -0.18824 -0.67892 0.78488 1.41955
-0.93132 -2.02867 -0.14664 0.61017 0.57748
-1.51043 -0.5832 -3.0406 0.40401 0.79364
-2.14978 0.50476 -1.3678 1.01134 0.23443
-2.34907 -0.41517 -0.36929 -0.22048 0.87277
-1.95772 -1.38142 -0.75558 -0.0708 1.59996
-0.54836 -2.24661 -0.15189 0.70608 0.86119
0.25712 -2.34406 -0.31172 0.49853 1.01601
0.54075 -0.13803 0.04863 0.18735 1.26349
-0.51449 0.65696 -1.15533 1.74801 3.73965
-0.9881 -1.13116 -0.97918 1.61219 0.46672
-0.37515 2.0048 -2.15589 2.24091 0.64172
-2.08075 0.22607 -1.54551 3.30428 -0.87717
-2.5058 1.04295 -0.72968 3.24314 -1.31484
-3.65637 0.94618 0.77027 1.96943 -1.55211
-3.21434 -0.12024 1.01176 0.53095 0.08211
-3.29332 -1.32747 -0.7244 0.6242 -0.02303
-0.39892 -0.55001 -1.39351 2.87984 2.13685
0.87437 -0.80378 -1.48339 2.67551 3.87059
3.41544 -0.3392 0.22562 3.95337 4.68232
2.09906 0.14695 0.02685 4.00727 2.0552
2.47043 -0.38931 -1.5047 1.51811 1.19801
2.03615 -0.86225 -0.85241 0.45703 3.1005
-1.02553 0.71223 -0.25837 0.29468 2.9049
-1.94652 -2.45865 1.00148 0.86645 0.98483
-1.74034 0.2306 2.47215 0.34378 2.2657
-2.94454 0.1471 1.54466 -0.16404 1.72083
-3.17554 -0.6665 -0.4208 0.94713 2.1609
-2.16079 1.5466 -0.77595 2.153 4.08375
-0.93556 0.25241 -0.23428 1.35701 1.58716
0.46051 -1.06326 0.64583 1.53254 2.57748
0.15312 -0.53262 2.11598 0.30421 0.2142
-1.05435 0.01842 1.22713 -0.49804 0.11165
0.69709 0.01441 0.01293 -0.00242 -0.0802
1.67389 0.91256 -0.96672 -0.38129 2.77041
2.28457 0.12607 -0.32461 0.35934 2.66675
1.42366 2.23385 -1.1829 -0.25957 1.07529
1.82256 0.34688 -0.83553 -2.05495 -0.35621
1.478 0.28823 -0.20504 -1.49505 0.56652
0.41638 0.38562 -1.07731 -1.23721 0.98634
0.30121 -1.22347 -1.20048 -1.53879 0.52175
0.77198 -0.74706 0.10421 -1.18028 0.21417
-1.2662 0.72132 -0.28707 -2.72075 -0.27679
-2.23915 -0.10128 -0.10531 -1.66306 -0.04763
-2.75105 0.0916 1.56954 -0.75703 -0.75019
-1.95278 -0.06405 -0.94405 -0.13821 0.53512
-1.34096 -1.25638 -0.91713 -0.80572 2.13192
-1.86541 -0.23061 -0.48885 -1.25035 3.34399
-0.9376 -2.67116 -1.31958 -2.61598 1.37131
0.17515 1.46142 -0.0189 -2.8898 1.91015
0.74478 0.19291 0.12966 -1.638 1.93627
0.16347 -1.95998 -1.02805 -2.4637 -0.66394
-2.00748 -1.57194 0.08341 -0.5616 -0.08658
-0.54506 0.11679 -0.46171 -1.51114 -1.38237
-0.8319 -0.10373 -1.8234 -1.24049 -0.89547
0.31581 -0.53982 -0.22241 -0.83191 -1.12935
0.20869 0.70885 0.16273 -0.43028 0.27458
0.07985 1.42773 0.5778 1.36253 -0.71812
0.79193 -0.02764 0.62201 2.14565 -0.89495
2.00609 -0.00225 0.53849 0.46756 0.31867
2.14649 -0.07489 1.34489 0.49805 1.33654
2.8829 -0.59874 1.53132 -1.20587 1.30312
0.38146 -1.70924 0.36531 0.01613 2.54596
1.55517 -0.17407 0.33457 0.31374 2.43144
-0.03288 1.13824 0.80613 -1.20678 3.57792
-1.40368 1.01268 1.8486 -1.67042 2.58085
-1.61813 1.34462 0.44934 0.12668 1.54476
-2.17237 -0.20697 1.00013 0.34885 2.25604
-2.24309 0.25461 0.4473 1.59868 1.41631
-1.52569 -0.89054 3.17525 1.51306 0.00066
-2.06329 -1.08318 -0.61699 3.50247 1.34168
-1.86384 -3.89287 -0.38807 4.49938 0.35991
0.50341 0.00627 -0.42556 5.52868 1.34865
0.57278 0.01609 -1.95917 4.8391 2.77027
0.51522 -0.89307 -0.28536 5.23234 2.6641
0.35998 -0.23053 -1.17174 3.94306 3.08428
1.14581 -2.2225 -1.06816 3.3569 3.84899
0.46429 0.09233 -0.01603 3.90405 1.77446
0.89861 -0.12396 -1.22404 3.09132 3.00208
1.12778 0.13068 -0.45385 2.68923 2.45944
1.40798 -1.86748 -0.74732 3.96728 2.97532
0.37279 0.02607 -2.32587 4.22111 3.0781
-0.07194 -0.56775 -0.87572 2.40094 2.18102
0.50297 -0.48712 -1.50868 1.46506 1.03898
1.38471 0.84146 -1.32741 1.03269 1.01854
2.06619 1.38353 -1.7556 0.19939 1.97347
1.50949 -0.25282 -2.29198 0.14305 1.6716
0.40285 -1.0612 -0.97186 -2.02531 1.97896
0.30144 0.5675 -0.22436 -1.6928 0.58336
-0.58229 -0.90605 1.28454 0.14286 -0.38388
0.05738 0.08434 1.05174 0.33181 -0.21797
0.48717 0.25077 1.03536 0.40112 0.09255
-0.89887 0.56071 3.38812 0.66193 -0.03871
-1.3606 -0.69128 1.08974 0.36996 0.9563
0.64587 1.42245 -0.11384 1.70473 0.95319
1.22089 1.86482 -0.00406 1.9381 1.624
1.50858 -1.59654 1.19352 2.5734 0.58928
1.39324 -1.69661 0.34054 1.22155 1.08808
0.22899 0.89913 -1.29217 1.22626 1.72321
-0.8541 -0.56035 -0.16165 1.25723 1.45444
-1.19949 0.67996 -0.32089 0.95549 0.8395
0.75102 1.95411 -1.46139 1.10331 2.41828
0.94923 -1.45878 0.63823 1.78185 0.38495
0.46093 -0.4188 0.3348 2.2014 0.5369
0.18018 0.3716 0.8772 1.93399 -0.9856
1.65412 0.23699 0.77883 1.52502 0.38738
3.01376 -0.44016 -0.01816 2.806 0.21574
1.30736 -0.47219 1.18074 3.13734 0.05957
2.36099 1.21037 -0.63848 2.92454 1.61566
0.20158 0.92982 -1.11408 2.78875 2.21979
-0.10605 -0.74336 -0.30059 2.95379 2.06695
0.60375 -1.15247 0.66672 3.37409 1.5295
1.14278 1.20511 -2.01462 2.28712 0.57384
1.33111 1.78519 -1.06929 1.90478 0.89021
0.69593 -1.40836 -1.93248 1.51384 2.28173
1.46364 2.02469 -1.29917 1.34964 2.15505
0.39672 -0.92796 -1.22271 0.81434 2.70904
1.35721 -0.02927 0.1642 -0.58949 1.7631
0.31336 -0.58864 -0.37788 -0.1711 0.6122
-0.16337 -2.07999 0.27719 0.53971 1.36583
0.30664 0.33605 0.26184 -2.1675 -0.39315
0.20611 1.92103 1.19192 -2.36053 -0.534
0.84023 0.0638 1.56684 -0.77293 0.53243
0.69342 0.14131 0.39635 -1.74035 0.01197
0.23555 0.94443 1.78643 -2.84922 0.21021
0.23897 -1.1817 1.67652 -1.87368 0.34223
0.47757 -0.82088 1.07708 -0.65343 0.59143
-1.72026 0.50383 0.79257 -2.30543 0.86
-2.22481 1.90494 0.21464 -1.89838 2.14327
-1.76676 -0.38995 -0.60104 -1.95041 2.43438
-0.44632 0.27922 0.86445 -1.0185 0.34686
1.23091 0.83891 2.10836 -1.3904 0.9889
2.3149 -0.65881 1.68318 -2.14786 1.88867
0.83509 -1.47397 -0.58034 -0.34284 1.66048
1.29656 -2.09266 -0.3053 0.86563 1.4856
1.98293 -0.6197 1.11226 1.03891 2.28188
-0.54518 0.52818 1.14406 1.46399 2.00076
-0.27187 1.96218 0.59623 0.70072 1.05798
-0.53173 -0.40732 -0.10884 0.5787 -1.05113
-0.45781 -0.51577 1.04171 0.43631 0.61467
-0.39884 -1.06728 1.17145 1.32805 1.45576
-0.19842 -0.19627 0.24282 1.77368 1.45465
0.99243 0.0456 0.39985 3.14895 0.9261
-0.01721 0.48861 -1.45243 2.99838 0.21022
-0.02635 -1.87708 -1.5599 3.68362 1.64435
0.7208 -1.74157 -0.39528 3.45139 2.17096
0.49212 1.12682 -0.17928 1.88881 1.86396
1.37949 0.50752 0.91021 2.33971 0.51786
0.02694 0.49546 0.60673 3.87305 1.89827
0.38422 0.35346 0.65909 5.43468 1.66742
-1.83131 0.878 -0.0291 4.95495 3.47342
2.9346 1.39813 -0.52201 5.4083 3.7371
0.46087 -0.26262 -0.41007 4.77488 2.24274
-0.78324 -1.15554 0.39456 5.97046 1.63037
0.84722 0.0396 2.38868 5.93751 2.70328
1.01798 2.18656 3.25508 6.69696 3.5114
-0.10798 1.36352 0.83102 6.81372 2.82103
-0.0722 -1.18644 -0.72691 5.15614 3.25906
-0.43292 -0.86359 0.56025 4.93698 4.83365
-1.07633 -1.20126 1.37701 4.49693 4.72974
0.03003 -0.09365 2.83783 2.26052 3.13115
1.44101 1.32237 -0.32816 1.80663 4.07458
0.82313 -0.49517 -1.63858 3.41671 4.21458
1.30182 0.22111 -1.38876 2.01971 6.08359
1.88884 -0.61686 0.29217 -0.15452 5.52878
1.48391 0.03189 0.71523 1.17616 4.00401
0.44871 0.97524 1.54937 1.48412 4.08284
-0.92648 0.03854 1.19524 1.5853 5.88229
0.37101 0.37705 1.088 1.34218 4.78384
-0.03837 0.21231 0.81314 2.01803 3.68064
-1.0992 -1.54461 -0.89668 0.67571 4.38352
-1.16155 1.25296 0.60427 -0.01674 4.02165
0.53008 -0.09113 1.05595 1.25622 3.60299
-0.50572 2.15593 0.64168 0.92715 2.23271
-0.20072 0.24604 2.06439 0.87334 2.69644
-1.06044 0.68257 -0.33943 1.41149 1.13271
-2.5733 0.13474 -2.25964 0.87294 -0.75002
-1.85692 2.78526 0.43875 1.71112 0.16566
-2.35936 -0.51877 0.52836 0.7264 0.89598
-1.28972 -0.15723 0.656 -0.15028 0.82374
-0.6369 -0.13241 -1.11818 -1.47986 0.61511
-0.17909 0.16309 0.55264 -0.91412 -0.21421
0.46234 -0.26085 -0.16395 -0.37138 -1.17041
-1.36123 -1.36439 -0.20871 0.03848 -0.84944
-0.89963 -0.86922 0.82104 0.23822 -0.10576
-0.02941 2.7385 1.06731 -1.16681 -0.04154
1.58098 -0.54083 2.47637 -0.25548 -0.4369
-0.99494 0.14467 1.02605 -1.23367 0.18698
-1.16051 -2.00141 0.02235 -0.07935 1.04208
-1.06289 2.34257 1.83023 -0.37258 4.35468
0.11373 0.97378 0.04539 -0.84071 3.35519
0.04618 -2.7547 -1.54399 0.22181 4.15124
0.81217 0.35254 -0.91508 -1.02272 1.58657
2.598 0.88076 -1.0928 0.63161 1.33795
1.83477 -1.40602 -0.08063 -1.01335 -0.67437
1.28181 0.1246 -0.42257 -1.85844 -0.81523
1.46637 -0.26047 0.70871 -1.49904 0.92465
2.6429 0.58135 1.95009 0.55879 -1.18596
1.84993 0.38639 2.01235 0.83427 -0.85207
0.47786 -0.05074 1.24287 -1.17982 -2.31387
-1.16622 0.6643 -1.32361 -0.4398 -1.41671
-2.212 1.78962 0.65391 0.57101 0.19599
-1.22988 -1.22625 -0.58417 2.24047 0.23653
0.64404 -1.37912 1.82525 1.5532 -0.49864
1.05935 -0.71446 -0.30204 -1.17438 -1.00674
-0.85969 -0.62699 0.34098 -2.09785 -0.8902
-0.83409 0.18126 -0.46965 -1.91137 0.35846
-1.80939 0.23326 -0.87512 -2.22469 1.02428
-0.68422 -0.86738 -0.38417 -0.7546 1.34002
-1.31825 -0.3883 0.8265 -1.81054 -0.05773
-0.6765 -0.69546 -0.05954 -3.00831 0.32858
1.59316 -1.15981 -1.46106 -3.33296 0.09075
0.00534 -0.67024 -0.40242 -2.28877 2.16223
0.67152 0.63535 0.38421 -1.66882 2.54938
1.85668 -1.04388 -1.73378 -1.45762 2.6263
1.47265 -1.15515 -0.44528 -0.64103 1.44997
-0.71164 0.14396 -1.14548 -0.00044 0.86318
-1.18601 0.76195 -0.84929 0.7886 0.62622
-1.28375 1.42776 -1.31385 -0.02248 1.7446
-0.41959 -1.41362 -2.48624 1.01933 0.3955
1.74821 0.29445 1.0893 0.14082 -0.92819
0.14116 -0.59119 0.95993 -0.10845 -0.90857
1.08988 -0.9456 1.52136 0.73561 -0.36129
0.62168 0.21251 -0.92961 -0.14537 -0.18996
-0.46094 -2.0802 0.0209 0.52419 -1.48134
1.51167 -0.5818 0.35365 1.09437 0.40179
1.5996 -0.76136 -0.70867 -1.03974 2.79341
0.94008 -1.07245 -0.98299 0.22194 1.44137
-0.86046 -0.71192 -2.19963 0.76935 -0.11647
-0.71328 -0.61778 -0.06382 -0.24437 -1.28223
-0.48891 -0.54532 -0.88292 -0.07764 -0.13199
-1.92276 -0.36669 -1.49677 0.39735 0.85062
