0.15376 -1.37953 3.3046 0.14003 0.55615
0.88234 -1.67136 1.91813 0.48662 -0.685
-1.88295 -1.74799 0.21413 1.88046 1.86146
-0.19482 -0.6929 -0.36837 2.85158 0.69654
-0.85535 1.2934 2.44205 2.19097 -0.51649
-0.88399 0.14938 0.4175 1.14326 -0.98274
-1.24585 -0.88683 -0.28395 4.69646 0.53198
-0.64357 0.20088 0.9129 0.80483 -0.70399
-0.81009 0.49792 -1.96846 -1.04108 -0.56236
-0.38758 2.12908 0.05114 0.33192 -1.00143
0.74195 0.00741 0.91905 1.03975 -1.43846
1.48492 -0.10836 0.83002 -0.76132 -1.62009
1.94557 1.31307 -0.75339 0.91505 -1.26708
1.68181 -0.61693 0.34294 -0.15863 0.85428
1.53709 0.28609 0.56199 1.00418 -1.22205
0.40857 -1.04746 -0.25202 0.10869 0.00205
1.30065 0.02503 -1.6265 -1.55559 0.25948
0.6296 1.7176 0.31494 -0.41416 -0.20738
0.36717 0.8265 1.05834 -0.26232 -0.3427
1.39197 1.17996 0.93966 0.45564 1.10671
0.24834 1.50682 -0.55952 1.06941 -1.67696
-0.98987 -0.21982 0.20141 2.70275 0.61689
-2.2576 1.4478 -0.31541 1.90692 1.31982
-1.77238 -0.33027 -0.35201 1.72741 0.7567
0.70605 -0.29672 0.74295 1.91901 0.04049
0.43497 -1.34085 0.27723 -0.89616 -1.09512
0.60718 -0.25967 0.32199 -0.29039 -0.61848
1.35099 0.69 -0.96918 -0.89395 0.31281
2.66808 -0.38586 0.91768 0.56766 2.7511
1.25683 -0.14016 -0.28039 2.03803 1.08296
1.88948 1.19847 -0.61943 1.98894 1.53725
1.37717 1.38269 0.03502 -0.38785 0.30004
0.81708 1.28888 0.84207 1.11581 1.32705
-0.3791 0.34334 0.51557 1.65878 -0.62758
0.19972 1.01264 0.86981 1.94331 0.70028
-1.282 0.39123 -1.28543 0.4144 2.80373
-0.69378 0.82713 -0.19263 0.01254 0.32185
0.32629 1.44854 1.16496 0.89432 0.22138
0.03341 1.64337 1.53775 0.90624 1.12769
0.92597 -0.50787 -1.30046 1.6768 -0.14633
0.68175 -0.34976 -1.41901 2.15355 -0.40993
1.09088 -0.56503 1.03465 1.15178 0.29144
0.82136 -0.69996 0.47485 -2.22492 2.11696
1.74803 -0.04744 -1.95243 -0.92369 0.30807
1.61149 0.49221 -1.75528 -0.74428 0.42904
-0.96284 -1.91113 -0.16509 -0.03073 -0.07337
0.88913 0.44819 -0.06935 0.24566 1.4275
-0.23814 0.79711 -0.39424 -1.80658 1.97711
-0.16649 0.1625 1.61436 -0.77845 0.24828
0.1903 1.77929 0.61257 0.42261 0.0722
0.06028 2.4433 0.16583 0.36506 -0.78083
-1.13364 0.64762 2.10073 0.21159 0.41389
0.21915 -0.54395 0.71496 0.5525 1.06098
-0.76407 -0.56762 1.33581 3.16232 1.21001
0.2204 1.3912 -0.00016 1.83472 -0.54958
0.64512 2.58436 0.51513 2.19374 0.87451
0.42358 2.50526 -1.03582 0.4846 -0.84504
0.70998 2.86093 -0.13771 -1.6021 -1.77839
-0.20497 1.51918 -0.421 -1.27779 0.46199
0.59895 2.51299 -0.17797 -0.0687 -1.15878
-1.28838 1.21797 0.10621 1.37374 -0.63729
-1.05614 2.7251 -0.56816 0.99091 1.11743
-0.17321 3.19404 -0.34081 0.57223 -0.16811
-1.21492 3.13701 0.97905 1.35695 0.94239
-0.5346 1.41946 -0.42478 0.00208 -0.64649
0.36934 0.34291 0.18226 -0.03839 0.25722
-0.31034 -0.4034 -0.92094 0.20321 -0.7088
1.56734 -0.44015 -0.42052 -0.6834 -0.54216
0.07066 -1.29256 -0.06043 -0.58468 0.60907
0.98305 -1.63324 -0.43634 0.17257 1.7927
1.37169 -0.36237 1.97919 1.02944 0.80266
2.40166 -0.05499 -1.56749 0.77287 -0.83422
0.50628 -0.12636 -1.18258 1.20677 -0.17279
1.43207 -0.67375 0.97752 2.07198 -0.59084
0.48745 -0.57613 0.3842 0.96184 0.3904
-0.17773 0.81382 -1.8093 2.04252 -0.51443
-0.54217 -0.42582 -1.069 2.42908 -0.51047
-0.08782 0.2659 1.03659 1.71255 0.42348
-0.8719 1.54498 0.4214 0.00684 -0.78982
0.32678 0.34893 0.99743 0.35145 1.5688
0.50219 0.91715 -0.24966 0.33808 -0.00894
-0.62174 0.6935 -0.07864 0.26078 -1.25215
-0.28543 0.92834 0.52312 1.14946 0.09294
0.25462 2.49612 -0.07937 1.40833 -1.46488
-0.73196 0.8045 -1.65811 0.88805 -0.61784
0.34922 1.07704 -0.44329 -0.51334 0.0164
-0.32684 0.46337 -0.07843 0.68277 -0.64605
1.08508 -0.23338 -1.3794 1.84404 0.20045
2.10936 0.01962 -1.60053 -0.01608 -0.2629
1.53191 1.73089 -0.60772 0.56988 -0.92149
-0.05726 -0.23911 -0.13037 2.11733 0.26448
-0.06091 1.22877 -0.13038 2.64092 1.12689
-1.00825 1.97857 1.18718 0.26775 0.97313
1.26407 2.99632 -0.83444 0.59942 0.90374
0.9406 1.82386 -0.84296 0.76935 -0.22743
2.27329 1.49246 1.67695 1.94328 0.0407
1.10545 1.65528 2.10303 0.66145 2.35819
-0.16855 0.31647 -0.73188 1.48111 -0.22552
-0.73033 1.70347 0.11054 1.71386 1.38905
-0.46764 0.97388 0.01702 -0.36916 1.63086
0.43481 0.52737 0.20182 0.25434 -3.06062
-0.42866 -0.34506 1.33706 0.68488 -2.58481
2.26764 1.74496 0.02136 1.82434 -1.03115
0.04667 1.26199 -0.71555 0.1526 -2.46982
0.40245 0.57971 -0.38419 2.49891 -0.67395
3.40741 0.75022 -0.82162 1.06611 1.72299
2.6153 0.32364 1.01911 -0.69693 1.3725
1.66324 0.74618 0.73532 1.19338 1.00887
0.52646 0.04586 -0.45245 1.85763 0.54249
0.26829 1.07397 -0.83959 1.52885 -0.96416
-0.33379 -2.05624 -1.52015 0.94683 -1.00883
1.49575 1.41762 -0.49968 1.28399 0.47803
2.92551 1.42662 -1.07721 1.41172 0.8329
1.38323 1.08738 -0.49975 1.13192 -0.63226
-0.14467 1.42795 -0.39057 3.60223 1.19432
1.1949 0.29868 -1.2336 3.29297 0.77761
1.54906 1.87821 -2.30405 2.25676 0.4221
0.83839 -0.04401 0.40323 0.67273 0.73681
0.63053 0.4467 -0.87858 1.87699 0.27855
-0.63024 -0.54425 0.21771 0.97569 0.06806
0.43283 -0.20401 0.15862 0.62147 -0.17638
-0.34729 -0.19417 -0.97127 1.59927 -0.63456
-0.78209 -0.13793 1.55129 -0.3844 -1.28156
0.59396 -0.14986 -0.37965 0.40455 1.47292
-0.74292 0.79599 0.24478 0.33165 0.67487
0.07794 0.01417 -0.99513 -0.79905 -0.15764
0.92267 1.40023 -0.17525 -1.28571 -1.61478
1.52082 -1.25564 0.38897 -2.67877 -0.87039
1.61183 -0.2792 -0.61359 0.03297 -0.29758
0.59009 0.06812 0.68215 0.47046 0.23974
-1.05666 0.66042 2.3469 0.44194 0.74128
-0.71384 -0.79018 1.68344 2.37744 0.73811
-0.6712 1.0007 0.64704 1.77349 -2.60438
-1.2079 1.63074 -0.39388 1.08799 -0.75739
0.04189 1.45681 -0.2576 1.24673 -0.76349
0.02552 0.43019 0.90164 -0.28996 0.80686
-0.17764 -0.18631 -1.5857 -1.72362 -0.581
-1.75173 1.28191 1.25404 -1.41642 -0.9782
-2.03341 1.69505 -2.36769 0.54962 0.27302
0.06153 0.55736 -0.4787 2.51909 -0.43329
-1.15984 -0.17198 1.52439 2.59008 -2.45002
-1.36862 0.67178 0.03479 1.34612 -2.43743
-0.99327 2.7661 -0.63412 0.78958 0.57564
-0.83391 1.74536 -0.43045 3.4499 -1.48749
0.115 0.33785 1.07392 1.16304 -2.071
0.7284 1.48556 1.08326 1.56918 -1.97199
2.33369 2.11892 0.63947 -0.21181 -0.26956
0.80269 1.0018 0.29697 2.19615 0.19284
-0.48333 0.71946 0.35922 2.03422 -0.39202
0.92592 0.65594 1.32912 0.4608 0.03467
-0.0197 0.05556 0.09463 2.12721 -0.33536
-0.21262 0.62982 -1.11324 1.47159 0.53946
-0.16455 1.15095 0.77809 2.09021 0.61722
-0.25066 0.13084 -0.3977 2.44033 -0.66828
-0.48513 -0.79329 -0.18509 2.05414 0.62679
-0.94532 -0.00334 0.55862 1.55082 -0.67606
1.16499 0.03016 -1.42634 0.39144 -0.57796
0.82999 -0.02779 -0.54167 1.06948 1.25158
0.99591 -0.94786 1.76985 0.66391 -1.33538
0.06975 1.01337 0.47328 1.26861 1.16003
1.94836 1.19807 -0.7514 1.07327 0.87365
0.9567 0.47097 -0.30649 1.46469 0.31799
2.15716 0.026 -0.45233 2.22411 -0.38533
-0.84671 0.2056 -1.50591 -0.05575 0.4857
0.41616 -0.74753 -0.79697 0.66152 -1.11388
1.66622 1.32525 -0.29151 -0.06837 -1.25851
0.08811 1.54712 0.23458 -0.24449 -1.1153
1.6944 1.02423 -0.5777 1.44047 0.10437
1.82648 -0.51532 0.96835 0.11549 -1.03644
1.62265 -1.4673 -0.49558 -0.10194 0.00093
0.52922 0.37972 0.10611 0.43816 0.87059
0.6466 -2.00032 0.47234 1.26648 -0.34548
-0.27466 0.43309 -0.65052 -0.54522 -1.03249
0.39017 0.90389 0.08362 -0.37474 -1.27769
0.08166 1.73155 -0.64138 0.15381 -0.59337
-1.70291 0.73014 0.19164 0.47406 -1.11353
-0.88193 0.5567 -1.96461 -1.37655 0.05727
-0.23273 -0.17675 -3.8587 1.41061 -0.97536
0.64516 -0.06749 -0.95772 0.6807 -0.8294
1.45973 0.8786 2.73028 2.58029 0.87469
1.74522 0.82561 -0.12478 0.97954 -0.48711
1.81132 1.392 0.55759 4.1651 0.1476
0.74423 1.19819 -1.82544 3.22838 0.79347
1.87216 1.50535 -1.33458 3.04235 -0.7294
0.20677 0.70662 -1.41426 2.67469 0.59329
1.52864 1.01846 -0.59873 2.19455 0.62909
1.50989 -0.26824 -0.64819 0.89224 0.56583
0.88788 0.6055 -0.89419 0.78197 1.3235
-0.62189 2.01239 1.32583 2.70765 0.38789
1.44897 0.27766 -0.01101 3.74398 2.91342
2.3285 -0.36499 1.2808 2.26662 1.9298
1.91108 1.25985 -1.20938 1.36706 -0.41458
-0.03166 -2.36179 -0.31894 2.49391 0.08778
0.41322 -2.10863 1.32364 1.13347 0.79663
-0.72019 -2.00641 1.23187 -0.19612 0.3644
-0.01523 -0.85159 0.23879 0.5169 1.17418
1.53805 -0.02431 1.81563 1.37873 -0.38022
1.07873 -0.78744 -0.1094 -0.50626 -0.67958
0.76236 0.03543 -0.77281 0.02074 -1.1749
1.60891 1.94103 0.49343 -0.31928 1.10742
-0.35467 0.23523 0.16106 -0.06235 -0.13001
0.89041 -0.49115 0.07257 0.15666 -0.50804
0.33002 -0.18488 -1.87558 0.57721 0.01294
-0.12962 -1.14527 -0.99982 0.34 0.9865
0.13215 0.18297 -0.32965 0.35778 0.66793
-0.10542 -0.72548 0.2491 -0.22462 -1.10949
0.49995 0.32772 0.57539 3.7133 -0.31033
0.69913 1.1186 -0.45276 1.63206 0.55532
-0.86313 0.20553 -1.53248 -0.05735 -0.59112
1.86592 1.33613 -0.95538 -1.45137 0.20142
1.43438 3.97314 1.59993 -0.20178 -0.49503
1.00071 3.07939 -0.54247 -0.94399 0.32489
1.51549 1.49489 -1.52794 1.11763 0.77155
0.53308 -1.39197 -1.84818 -1.15555 0.57948
0.30962 0.17237 -1.9442 -0.00276 -1.60738
-0.6526 -1.18037 -0.47122 1.10228 -0.05187
-0.35612 -2.84665 -0.09283 1.68739 1.11949
-0.38397 -2.48009 -2.40424 -0.13734 2.53162
-0.66498 -0.98829 -0.34117 -0.89184 0.86455
1.38607 0.46714 2.13514 -0.03518 0.12387
0.83716 -1.06822 -0.90644 -1.11505 -1.05912
-0.67122 -2.53458 0.60327 0.83121 0.68738
-0.23651 -1.97034 2.11171 -0.58464 0.52548
0.17654 -1.1167 0.36481 0.8185 0.36378
-1.02057 0.66445 -0.42105 0.80851 -0.09689
1.87824 1.69911 0.69821 0.24489 0.8839
0.88645 0.80617 -0.02933 -0.64417 0.5994
2.27039 1.57782 0.45114 -1.67562 0.18022
-0.13634 1.0704 -0.15765 0.07549 0.69805
-0.48453 0.87985 0.09473 0.32827 -0.37789
0.38713 -0.12682 -0.81171 -1.09623 -0.49764
0.97799 -1.81965 -1.59435 0.17585 1.26335
1.41736 -1.13065 -0.40809 -0.15016 2.54819
1.05348 -0.96153 -1.20038 0.26745 1.04369
1.10424 -0.47788 0.43061 0.46945 0.20053
2.79555 -0.12386 -0.30869 0.23368 0.0913
-0.22012 -0.95734 0.23371 -2.28774 0.02962
-0.90976 -0.14693 -0.069 0.00965 1.00505
-0.93001 2.75022 0.6177 -0.8433 1.57558
0.24728 1.29727 -1.01805 0.51724 0.27875
-0.42302 1.25801 -0.49771 2.31649 -0.57655
-0.67749 0.33776 0.92599 1.90106 -0.56033
-4.1916 -0.17773 -1.93509 1.44802 -0.17178
-2.25351 0.74346 -0.27539 0.36092 -0.62004
-0.9528 -0.15362 -0.6319 -0.24824 0.09644
-1.08986 0.12597 -0.11562 0.68223 -0.50627
-0.36713 0.58982 -0.42465 -0.20038 0.09568
0.78377 -0.19501 0.01816 1.47698 1.50909
-0.64512 -0.00192 -0.84485 -0.04866 0.99622
-1.42371 1.57369 -0.57177 -0.31143 1.0444
-0.19812 -1.54783 -2.10226 1.59223 0.72326
-0.52817 0.90947 -2.11917 1.65971 -0.81222
-0.20473 0.02052 -2.59251 2.62117 -0.11649
0.36858 0.36093 0.10187 -0.23255 0.42592
0.81622 0.86155 0.71506 1.35819 0.80745
0.2669 -0.8015 -2.1774 -0.26999 0.42378
1.23279 0.81091 0.93023 0.20365 -2.06784
1.73017 2.34098 0.1755 1.1989 0.87941
1.26671 2.24083 0.45813 1.79909 0.36361
1.27685 1.46285 -0.47801 1.91182 1.31529
-0.01273 1.72367 -0.71799 0.15632 0.3177
2.19488 1.97682 -1.65802 -1.24002 -1.30272
0.44796 2.69408 0.0868 -1.45639 0.1128
-1.27753 2.98504 1.1842 -0.48184 1.37102
-0.90932 0.98612 -0.04691 0.33657 0.39166
0.15939 0.70743 1.15002 1.82578 0.50757
-0.45533 -1.42392 0.74794 -1.19919 -0.2111
-0.37288 -1.12914 -0.36211 0.40653 0.10141
0.46772 -2.34411 0.0554 0.00947 0.57484
1.04574 -1.7935 -0.4865 -0.20262 0.57779
-0.12036 -1.91802 1.28158 0.03181 1.26976
0.39878 -0.98587 -0.61503 0.16769 0.10744
0.3255 0.68481 -1.07104 1.33326 0.08583
0.29013 0.63065 -0.5902 -0.62684 1.57169
-1.23874 0.56698 -0.22566 0.12398 0.82071
-0.79619 0.17818 -0.70813 -0.10295 0.37617
2.68396 0.1474 0.1429 2.62048 -1.18168
0.69625 -1.63518 0.06939 2.1841 0.60051
-0.85042 0.07699 0.33286 3.30062 0.30918
0.82401 -0.70347 0.81409 2.83672 0.98709
0.83048 -0.1119 2.93591 2.29516 -0.60326
0.52885 0.51901 1.78547 2.4271 0.94814
0.73577 -0.94872 1.79598 0.89953 0.91453
-0.80789 -0.48552 0.18638 1.76549 -0.05022
0.23988 -0.60887 -0.06132 -0.81419 0.5129
1.07945 -2.65012 0.99724 -1.61409 0.71618
0.93564 -1.41384 0.21636 -0.15732 0.92059
0.41353 -2.16184 -0.62198 0.40525 1.06266
-0.59111 0.02132 0.31585 0.50781 1.08184
0.28687 -1.50383 0.32622 1.09398 -0.08823
-0.46649 -0.75426 -0.3297 -0.25171 1.29141
0.14712 1.10233 -2.49777 -0.51727 1.07689
0.39416 2.33576 0.08585 -0.32478 -0.05909
0.0776 2.32603 -0.23929 0.48346 -0.61085
0.04595 1.60788 0.63326 -0.07092 -0.51092
-0.35548 0.95948 0.58286 0.4938 -1.13384
-0.69143 0.97863 -0.24121 -0.3756 -1.10025
1.15815 1.17215 0.03407 -0.04549 -2.298
1.1114 0.5799 1.43474 -2.11277 -0.52608
1.10813 1.65826 2.9681 -1.29671 -1.4563
