-1.1223 0.81301 1.2739 1.54495 2.09438
-1.20264 0.02408 2.51147 -0.14315 2.07493
-0.92589 2.13989 0.77089 0.7226 -0.96593
0.68574 3.56754 1.21574 1.38024 -0.58302
1.53827 3.21352 0.57076 1.83164 0.33262
3.45188 4.12829 1.73225 -0.18216 -0.24548
5.30628 2.13082 -0.9653 0.0737 0.25469
5.67291 2.82432 -2.32141 -2.48594 0.6676
5.85228 2.091 -1.19766 0.85123 0.44607
7.23352 0.98631 -0.87357 -1.35295 0.19754
6.83646 0.83685 -1.35092 -0.01667 0.15707
5.35626 1.48656 -1.02899 0.73665 0.31456
5.21246 -0.00065 -0.1115 1.98059 -1.63271
6.24084 -0.9319 -1.40301 -0.18458 -0.93825
5.77145 -1.26201 -0.65914 -1.08038 -1.50809
3.06922 0.74197 -0.40283 -1.78638 -1.45236
1.15626 0.85516 -1.71403 -1.24282 -1.00101
-0.66859 0.01267 -0.55842 0.15562 -1.4281
0.55585 -1.40328 -1.7703 1.24997 -2.1346
-0.97613 -1.18033 -0.35697 2.47977 -0.06094
-1.58503 -1.1485 -2.28371 -0.35214 -0.16173
-4.16017 -0.42131 -0.46833 -1.1123 0.73088
-2.56209 -1.92144 0.02246 -0.77032 -0.31533
-3.31345 -2.02952 0.1159 -1.58409 -0.04408
-2.32964 -2.21144 -0.17478 -0.5334 0.60142
-3.12937 -3.40747 0.56467 0.67712 -1.39415
-3.29016 -3.06856 1.10866 0.47309 -0.41301
-3.74195 -1.75564 0.44314 0.36803 -0.53398
-3.50411 -2.45473 -2.25115 2.09496 -1.60065
-3.399 -2.22116 -2.00073 -0.63809 -3.00236
-2.4631 -1.77468 -2.41241 -0.97595 -1.47529
-4.29446 -0.79303 -1.43994 0.34728 -0.78459
-4.56777 -1.08796 1.08823 -0.20908 -0.73217
-4.67181 -1.8847 1.00641 -0.68408 -1.47189
-6.29322 -2.21871 1.58605 0.31469 -0.80805
-4.91928 -1.5271 2.53278 -2.30424 -1.36889
-5.97429 -2.03711 0.16763 -0.96017 -0.12085
-6.4805 -1.46519 0.09544 -1.73761 0.33461
-4.38069 0.84524 -1.57854 -0.0404 0.2776
-3.78514 2.26225 1.55563 -0.53986 0.07103
-4.38346 0.852 1.53542 -2.57178 0.25933
-4.77726 0.55578 1.68207 0.65688 -1.16923
-3.122 -0.39486 1.57766 0.42374 -0.75344
-3.32201 0.95952 -0.18441 0.30436 1.37171
-4.71959 0.11572 -0.96968 -1.05752 1.41177
-4.08667 2.11713 -0.10012 -0.29151 0.37261
-3.1438 4.01188 -0.89407 -1.91475 1.66908
-4.87307 4.25154 -0.68702 -1.19251 2.40806
-3.3378 3.37195 -0.58736 0.64734 2.88307
-2.07629 5.46251 -0.21981 -1.08639 3.36705
-0.50121 3.97388 -0.02864 0.46464 3.32902
0.46071 2.81569 -0.20423 0.70421 2.69204
1.12996 3.66686 0.95761 -0.84757 -0.07938
2.9668 3.79943 1.14307 0.42492 -0.63815
4.51533 5.19112 0.36462 0.60887 -0.43416
5.79215 4.6747 0.0005 -0.12282 0.43876
7.41599 3.171 -2.39722 0.28313 0.19331
7.2885 1.22182 -1.71481 -1.76655 0.33615
6.11853 1.83602 0.37506 -0.99031 0.04996
5.03473 1.10224 -0.34735 -0.52523 -2.77258
5.06 -1.36551 -1.1255 0.37756 -0.54046
4.87877 -2.87041 0.52858 0.40503 -0.02968
4.54795 -0.62572 0.41133 3.02712 1.13516
4.23868 -1.26002 -0.79445 -0.23379 -0.40398
3.23641 -0.30901 -1.00356 0.13129 1.34276
0.84622 0.39992 -0.87768 -0.61112 2.44401
1.69579 0.35461 0.60243 0.10448 0.28162
2.51433 -0.14517 -0.24756 -0.91366 -0.81065
1.12679 -0.26311 -0.01773 -1.14027 -0.47544
1.4752 -1.04118 -0.90885 0.31476 -0.52592
3.54277 -2.75666 -0.73636 -0.40969 -1.62261
3.14688 -3.60029 -1.97952 -0.5307 0.5576
0.56905 -4.09283 -1.12662 -0.76897 0.03981
-1.08612 -4.87463 1.02824 0.36737 1.18722
-1.86155 -3.23831 0.45165 1.0587 0.24781
-2.39938 -4.48525 0.69028 0.8177 0.96317
-1.31342 -5.40992 0.15158 0.75635 -1.08828
-2.30467 -6.19374 0.14304 1.50106 0.12954
-2.85648 -4.65795 0.96697 -0.68822 1.38409
-4.4177 -2.47648 0.65392 -0.23666 1.34117
-5.68221 -3.01461 0.28625 -1.19828 1.05731
-6.44009 -3.64376 0.13025 -1.32161 1.99476
-7.73211 -3.52366 0.8375 0.39631 0.6977
-5.951 -2.34637 -0.45934 -0.30721 -0.10396
-6.72154 -0.94695 -0.76714 0.0226 -0.69054
-5.30515 -1.30497 -0.18711 0.98112 1.6378
-4.19563 -2.09486 1.16137 0.11895 -0.24162
-4.97166 -2.70089 0.61011 -0.5391 -0.50447
-4.95539 -3.22651 -1.06248 -0.39555 -0.13376
-5.43524 -2.69898 0.62493 -0.22492 -0.11233
-5.62809 -1.97529 0.484 -0.30701 0.70323
-6.85627 -1.71167 0.3723 0.21991 1.43251
-6.41816 -2.8964 -0.08978 1.28244 1.15751
-5.22505 -3.99348 -1.15188 0.08201 1.12484
-3.58471 -4.18454 -1.58398 -0.51979 1.54888
-4.49917 -2.648 -0.0306 -0.78371 1.15977
-5.23921 -2.74716 -1.89347 0.07739 2.35616
-7.37483 -2.19457 -2.45573 0.47322 3.2348
-7.45211 -2.40494 -1.53024 0.22369 2.33027
-6.01187 -1.37614 0.45558 -1.61952 1.60836
-5.67299 -2.07892 -0.89083 -0.28122 1.32281
-5.2754 -1.64609 -0.09539 0.81978 0.94121
-6.10901 -2.47335 1.25072 0.78861 1.41379
-5.05702 -1.93093 2.84743 -0.28202 0.81919
-5.22171 -3.43465 1.10314 -0.52069 0.23242
-4.68558 -2.6768 -0.80032 -1.06063 -0.12025
-4.69282 -0.72547 -0.92125 0.08473 -0.87747
-1.99749 -0.57787 0.13853 -1.07341 -1.41196
-1.46856 1.82427 -0.25326 -0.9131 0.31272
-1.20231 0.61404 0.19905 1.09772 -0.29213
0.11088 -0.29383 0.82471 -0.36368 -0.1933
-1.8733 0.24048 1.29419 0.49479 0.03098
-2.24558 2.13775 -0.21692 -0.71589 0.24064
-2.09315 3.42637 1.07467 -0.11916 0.44113
-0.96969 2.18126 0.9702 -1.76421 -0.06951
-1.40511 3.34838 -0.92657 -0.37217 -1.78387
-1.3331 3.07395 -2.02618 -1.20904 -1.24998
0.7635 1.71528 -1.53103 -1.26401 0.98826
0.39167 3.1034 -1.67666 -0.06543 2.97614
-0.12451 1.28508 0.6124 0.95637 1.75785
1.81641 0.01226 -0.68753 0.97365 1.27869
1.01374 -0.31221 -1.47425 0.85129 0.89472
-0.24415 -1.378 -0.36183 0.93738 0.28558
-0.94282 -0.71348 1.15585 1.28676 -0.57924
-0.78402 -1.62039 1.48314 0.31851 -1.19866
-1.62846 -1.62602 1.28174 0.21261 -1.60854
-0.66958 -0.28404 2.57405 -1.04913 -1.31742
-1.13955 1.59155 1.09532 -0.99838 -2.42926
-1.78569 3.33836 0.11778 -1.03663 -2.49695
-1.73657 2.71907 -1.32037 0.14146 -2.94122
-0.02146 4.34805 -0.55658 0.60047 -1.91549
1.9011 4.26364 -0.23892 -1.12807 -1.04234
3.53196 4.63079 0.84759 -0.97363 0.3396
4.59686 5.27893 -0.08937 -1.46054 0.16125
4.75369 5.42108 0.33497 -0.19777 1.28353
6.07873 5.25901 -0.52674 -1.29306 1.9503
7.84978 6.38846 1.1308 -2.081 0.24238
9.48508 4.95692 -1.47284 -0.26794 0.25916
9.40108 5.29337 -0.29946 -0.2214 1.77277
9.90466 6.64778 -0.18025 0.30671 -0.01268
10.15478 5.75119 0.5556 1.2548 -0.51793
11.113 5.20811 -0.14215 -0.27523 1.72851
10.55755 6.29015 1.46355 0.21314 0.34902
10.56545 5.71493 2.1779 0.16477 -0.25189
10.5632 4.80091 -0.95137 -0.99083 0.48875
10.72775 4.5551 -0.93936 -1.82519 1.60712
11.28941 3.78262 -0.67498 -0.11526 0.771
10.14504 2.65361 0.66602 -2.6348 0.83943
9.72334 2.08394 -0.24123 -0.68578 1.96234
8.99352 0.90824 0.08266 -0.61244 0.21139
7.97977 2.29845 -0.53484 1.97724 -1.66916
6.49844 1.6861 1.14564 -0.39279 0.67235
7.30735 2.74458 1.28085 2.28471 2.1139
8.79814 2.64457 2.92566 0.88631 0.83492
8.90878 1.30108 2.83265 -2.39959 -1.67063
8.37441 1.15804 0.67218 -1.56464 0.3054
6.83714 -0.29717 0.71629 -0.34762 -0.76173
4.94944 1.58836 -0.50768 -1.57922 0.07788
5.67577 0.91312 -1.23498 1.64153 -0.94674
6.03654 1.97609 -1.45529 -0.38219 -0.01542
6.15761 1.81134 -0.90178 0.40068 -0.56125
6.89411 1.19085 0.29949 1.15657 -1.35005
6.85263 1.60833 -0.78888 -1.71134 -0.77283
6.07035 1.02121 -1.60679 -0.78303 -1.33844
5.18254 0.28734 -0.76835 -2.03129 0.37274
4.75088 0.05888 -1.71084 -0.81521 2.29006
4.45318 1.60932 0.61453 0.42815 1.80057
4.42379 2.31587 -0.9451 0.14098 1.84074
5.13132 1.77645 1.7315 0.5821 2.06095
3.77049 1.91967 -0.4409 0.40859 0.36172
3.79428 1.95299 -1.21741 -0.26375 1.82671
4.00845 1.78417 0.74387 -0.2585 -0.25119
4.39287 2.84715 2.23085 0.948 0.29608
5.7635 2.40355 0.57264 -1.9973 0.51571
6.01375 0.75417 0.15058 0.74333 -0.30783
6.05423 0.45731 -0.84003 -1.51188 0.39304
6.17311 2.06986 -1.15462 -0.60611 -0.87609
4.80745 1.34995 -1.39759 0.13023 -2.05548
5.07143 2.1616 -1.48181 0.47987 -0.68455
4.70321 0.24909 0.22014 -1.05802 -1.52981
1.85186 0.07982 0.81958 -2.55421 -0.63744
-1.08836 -0.0019 2.92646 1.26004 -0.02585
-2.28972 -0.41033 0.89575 0.54747 -1.3352
-2.76433 0.55544 2.23195 0.87304 -0.05578
-1.28252 1.28023 1.68113 0.49672 -2.09079
-0.90497 0.77223 0.25408 0.47022 -0.36977
0.73372 1.69065 -0.2645 2.88504 -0.80215
1.4013 3.31082 -1.56268 2.0422 0.0002
0.38932 3.36769 -0.91844 0.21058 0.03648
0.24698 2.5406 -0.37538 0.64809 -0.19313
0.00493 1.92904 -0.61167 0.39259 -0.38795
1.51693 1.20708 -0.00813 0.20804 -0.01593
0.76883 1.00872 -0.77671 1.29 -0.16908
0.45621 1.28434 1.24068 -0.32438 1.23091
1.09056 0.70322 0.72091 0.8241 0.60623
1.65069 0.62407 0.63873 -0.58951 0.93437
0.45395 -2.24303 0.27915 -0.37001 1.56808
-2.13989 -2.41638 -0.2722 2.2338 -0.07319
-1.42827 -0.96533 0.46477 -0.18353 0.34325
-1.3632 -0.77143 1.2368 -0.96244 -0.4675
-1.61675 0.69427 2.47559 0.29711 -0.54512
-1.03573 2.53816 0.88647 -1.61883 2.08319
0.76205 2.6879 1.96054 -0.03212 2.04441
2.42482 0.55697 -0.2476 -0.28625 2.00599
2.87865 3.52384 -0.62249 -1.50881 0.50726
3.52328 3.03319 0.68642 -0.66536 2.86263
4.39711 2.87317 2.29003 -0.19875 1.45033
2.00914 1.86413 2.57474 0.84518 0.81822
2.2366 0.97991 -0.09374 0.32681 0.68614
1.8764 2.35323 0.71662 -0.87032 0.74609
2.24909 2.36159 0.492 1.2599 0.67808
3.77858 2.10799 0.85065 0.61487 0.88165
3.82063 2.59579 -1.81527 0.25563 -0.36628
2.69296 3.27851 -0.42595 0.52991 -1.62737
3.63486 2.68599 -0.41064 1.44377 -2.11446
3.03221 3.35113 0.36016 0.8067 -2.40638
3.21371 2.32509 -1.73474 0.12764 -2.27402
3.24205 1.49974 0.0229 0.09925 -2.75529
1.96779 1.81618 0.86837 -0.29199 -2.05339
1.7649 1.36804 -0.47554 -1.26639 -0.6426
-0.28155 -1.08122 -0.88815 -0.8021 -0.5196
0.07076 -0.96109 -0.19841 -1.24976 -0.88877
-3.79056 -1.50153 0.96522 -1.66642 -1.4722
-5.1058 -0.79648 0.82067 -2.35011 -1.2306
-5.9752 -1.93348 -0.44539 -2.13443 -0.72573
-5.29229 -2.9321 0.29623 -1.45914 0.36888
-5.87989 -1.97667 1.39583 -0.13773 0.55488
-6.61084 -2.21553 1.01412 -0.40129 -0.28468
-5.54131 -1.51972 1.38098 0.84368 1.85543
-2.98646 0.70409 2.31525 -2.61955 0.9418
-4.13096 1.30814 1.90337 -1.79655 0.58585
-5.75325 1.67367 -0.35419 0.83939 -0.14997
-4.0158 2.46428 -1.15586 1.25681 1.15418
-0.93943 1.32787 0.51798 0.53434 -0.10173
-1.66076 2.02122 0.58604 -0.37574 -0.56078
-3.06891 1.62321 0.43416 -0.17436 -1.40936
-1.33045 2.65303 0.76373 -1.53427 -0.43877
-0.79837 1.9152 0.18429 0.52905 -1.58284
0.43664 3.63215 0.32017 1.27554 -0.70065
1.45255 2.57711 0.98527 -0.82619 -0.32309
0.75501 1.87938 0.53493 0.65947 -2.53021
0.36498 1.26511 -0.25344 -0.27802 -1.57479
1.93463 -0.44528 1.02426 -1.28374 -0.50756
1.14961 -1.97344 -0.56258 -1.05057 -0.22684
0.72326 -1.58403 -0.16857 0.70219 -3.16616
-0.19073 -2.90139 -0.22485 0.48374 -1.39956
-1.44115 -3.45988 0.90491 0.78421 -0.63396
-1.50728 -3.15072 0.88981 -1.11532 0.92456
-2.97529 -3.00069 -1.0291 -0.24658 1.3706
-4.51654 -2.43237 -1.54119 2.57032 -1.01621
-4.73068 -3.38406 0.78786 0.00017 -1.4305
-3.81291 -2.38546 1.09322 0.94566 1.43346
-3.67617 -3.03639 1.14221 1.25967 1.4908
-2.97704 -2.66644 -0.01391 0.40285 0.80562
-2.73937 -1.67233 -0.62807 0.77464 1.3865
-2.56534 -3.24793 -1.49342 -0.57057 -0.32911
-0.99082 -1.78273 -0.74068 -1.06596 -0.98308
-0.62188 -1.70724 0.05522 0.08954 0.30068
-0.63289 0.79257 0.41411 -0.40813 -0.11409
-1.03723 0.29521 1.4409 0.14014 0.89571
-0.26662 0.33336 -0.07328 0.46312 1.51909
-1.62007 -0.46347 -0.51356 1.13902 -0.8518
-1.7523 -0.22424 -0.60574 -0.17206 -1.50329
-0.9773 -0.81496 -2.01182 1.37179 0.59973
-1.53056 0.46754 -0.98246 1.86172 1.13082
-0.79022 -0.03153 0.58136 -0.91142 -0.49814
-0.17532 -0.03842 0.82342 0.85383 -0.47907
-1.19822 -0.40642 -0.29743 1.71572 0.56333
0.33688 -1.01885 -0.62334 -0.76655 0.75911
2.52665 -0.0336 2.1149 -0.19783 0.75233
0.77971 0.92066 1.26184 0.33636 0.14335
1.25363 0.88529 0.09191 -0.66717 -0.39276
2.19548 0.85143 -0.40622 0.50571 -0.3133
2.64355 1.2951 0.6885 1.55331 0.0541
1.90406 2.51667 1.2128 -1.14937 0.49683
0.62314 2.86705 1.76296 1.49998 -0.85145
0.74861 2.43151 0.14787 0.41943 -1.21815
1.07159 1.15585 -0.90039 0.27666 -0.71643
0.90398 1.60813 0.20397 0.0221 0.33423
1.01702 1.43789 -2.11214 -0.90506 -1.48659
0.25662 2.33988 -0.58471 -1.39225 -1.27331
-1.02323 3.01386 -1.0689 0.99128 -1.69372
-0.68726 3.13582 -0.17781 0.22015 -0.5324
0.11483 2.92258 -1.14318 -2.61004 -1.06792
0.2665 2.16056 -0.89162 -0.52216 -0.80451
0.57166 3.32069 0.26321 -0.87575 -1.95852
0.72368 3.25939 1.95974 1.91149 0.0678
-0.72969 3.76403 1.03162 1.3359 1.02594
1.91885 2.28087 0.15933 -0.78516 0.56783
3.66106 0.75723 -0.76573 -1.17727 0.4448
2.20621 1.59225 -1.56983 0.31255 -0.1773
0.73511 2.54202 -0.21988 -0.54225 -0.12865
-0.18913 2.62517 0.06849 0.96578 1.31963
1.67393 1.31349 -1.10192 1.82279 -0.92178
2.70352 1.48366 -1.36562 0.98344 -0.44903
3.54384 0.33391 0.41003 0.33558 -1.80681
5.76958 1.46914 0.61597 -1.5367 -0.74335
3.88454 1.02342 0.04339 0.08137 -0.15482
4.0417 0.84507 0.25906 -1.2075 0.53452
3.88158 2.97892 -1.08174 1.11796 1.09368
