2.34807 0.42855 7.48534 2.77127 0.6787
4.01988 1.26459 7.97198 2.06264 0.69475
2.49906 -0.31193 5.99066 1.4773 1.44517
1.39241 0.16214 6.71581 1.17778 0.18846
2.09375 -1.55846 6.77905 0.53729 0.71372
0.88497 0.47951 6.28563 -0.02869 1.22944
2.56282 -0.73375 7.26558 0.56613 1.16994
1.60257 -0.52993 7.99751 1.07558 0.60575
1.95112 1.48027 8.18349 0.6622 0.45287
2.75507 -1.45015 7.52732 1.96936 0.5977
0.63903 -1.49022 5.79598 1.18038 -0.73312
-0.72587 0.93884 6.27662 2.05272 0.762
0.94395 0.55675 3.75862 1.57125 -0.86111
0.93602 -0.57227 2.5723 3.27759 0.91957
2.15444 -1.97924 3.09086 2.32525 0.50455
3.75613 0.67111 3.36118 1.37163 0.29726
4.70522 0.23876 2.76775 1.80068 1.42771
3.8036 -0.48777 3.11368 3.15676 -0.00879
2.35129 0.03917 3.6367 3.67481 1.1
3.50509 -1.73754 3.24063 4.19116 3.33264
5.14268 -1.17374 2.35279 3.50486 2.78545
4.53356 -0.7356 3.81445 2.45362 0.81636
3.42336 -1.70711 6.36819 3.12931 2.54529
3.52623 1.17573 6.69331 3.15291 1.30341
4.24491 0.75471 7.69163 3.22915 0.85748
3.59715 -2.26859 8.00097 3.98172 1.64913
2.58198 0.16914 7.34436 4.0891 1.74052
3.14647 -0.06489 5.35495 3.039 2.68098
1.64831 0.84535 6.54371 3.93267 0.66044
2.44824 -0.01182 6.0034 4.75599 1.71431
3.12173 -0.89255 7.05575 3.56163 2.36953
4.61003 -1.95996 6.57617 3.15148 1.54702
-0.06437 -0.1496 7.29647 3.13867 0.36069
1.08292 -1.04552 7.99569 2.2502 -0.48578
2.85323 0.87096 6.74359 4.27371 0.83813
2.84304 1.34176 8.39321 4.31272 0.6667
1.27535 1.30684 6.8782 5.57007 1.84471
0.26291 -0.91705 6.5056 2.52327 -0.99776
0.65553 -0.04349 4.58638 3.13794 0.45458
1.16894 -0.89245 4.75777 3.44472 1.25873
0.44552 -1.09219 4.49853 2.62555 2.03636
1.52533 0.02303 3.57416 3.71778 -0.33686
1.45801 -2.18382 4.03918 4.07844 -0.41807
2.3203 0.1956 4.25031 2.52067 0.11082
2.93735 -0.26164 2.13446 2.87751 -0.3868
1.66958 -0.29121 1.41916 1.42589 0.77691
1.70721 -0.58915 1.77063 1.11266 0.31446
3.01903 1.69832 0.68772 0.88652 -0.69462
0.29241 -0.41095 -1.04126 0.8927 -0.26983
-1.4402 -0.93258 -1.43433 0.64221 1.7015
-1.04346 0.25227 -1.49755 2.26739 -0.22464
-0.6741 0.24028 -0.85965 1.06424 0.06677
-0.66691 -0.18225 2.31854 0.97779 0.50409
0.45732 -0.59537 1.89534 0.89935 -1.2528
0.85949 -1.24179 2.82287 1.24958 0.13029
1.23129 -2.78326 1.67014 1.73162 -0.82181
1.98015 -1.21332 2.45493 0.44304 0.38117
1.17189 0.90034 1.9359 -0.80538 1.69728
3.33704 -0.03169 2.09044 -1.47456 0.68178
0.68283 0.33826 0.94459 0.3639 -1.11897
0.38096 -0.39128 2.31426 2.17355 0.4859
1.24648 -0.61552 2.15705 -0.51434 -0.27213
2.43596 -1.96559 0.60726 0.16077 -1.27695
2.00518 1.69586 1.27098 0.13726 1.40669
2.38452 -0.77271 0.98697 -0.85861 -1.26019
2.92064 0.07907 2.29592 -1.35795 4e-05
0.66194 0.88946 4.35862 0.83058 0.46451
1.17891 0.61969 4.03448 0.71115 0.50796
0.14414 -0.09234 2.80613 0.33475 0.29467
0.18978 1.55626 1.11274 0.34376 2.2217
3.05005 0.68588 0.09352 3.51899 1.78093
2.78276 0.75962 0.40629 3.13191 1.90265
3.01284 2.78831 2.05467 3.09784 1.38097
1.97056 0.26615 2.77893 1.94728 -0.19872
3.25551 -0.07712 3.43558 0.79627 -1.53418
2.35466 2.74655 2.96514 0.01222 1.55418
3.41929 -1.32604 4.11088 0.08912 1.33565
2.18718 0.66037 3.38993 1.62993 1.63814
2.98592 -0.62598 3.61793 4.03669 0.36791
3.74068 -0.8911 4.19167 4.06269 1.95507
3.48968 -0.00072 6.18948 2.44554 -0.25903
3.0559 -0.25282 7.71389 3.5452 0.67923
3.03849 0.56524 6.97971 2.7433 0.02338
4.71815 -1.26006 8.16999 4.82022 1.23894
2.60264 -0.39932 6.64199 4.22289 0.64674
1.55672 0.97661 5.81906 5.8254 3.76682
2.68355 0.70476 4.62911 5.85006 1.3826
2.69788 -0.75628 4.97913 8.05201 1.98591
3.76047 -1.13935 7.40243 8.1812 1.22932
4.84055 -0.87628 7.52395 7.78564 0.90073
3.97427 -1.85675 8.34657 5.38249 -0.17922
3.62854 0.06626 8.46789 3.25175 -0.7022
2.81846 0.30827 9.01313 3.82323 1.5852
0.91018 0.50062 8.23194 3.61516 0.4114
1.55912 1.38808 7.84402 3.73735 2.27071
1.12225 -0.12342 7.15865 2.39606 1.19038
0.8878 -1.65084 7.08762 4.86305 0.08542
1.11779 -0.30898 7.70989 4.37561 2.18478
1.34486 -1.56696 8.04242 3.41736 0.71162
1.39119 -0.95489 7.56274 3.75566 -0.2768
1.05592 -0.0707 6.36256 3.68992 -0.12521
3.33982 0.16847 6.08549 4.47664 0.87718
1.26715 -0.45908 7.67187 4.30306 1.28934
1.21385 0.8801 7.60095 4.26189 -0.94738
3.07579 -0.2095 6.5057 4.29356 -0.09262
5.11972 -0.42349 6.06637 3.54459 0.75677
3.2459 1.07185 4.6369 4.43997 1.8611
2.27758 -1.65998 4.30366 3.65902 1.14958
1.33403 -0.53429 5.39521 1.18376 0.5896
0.44367 1.88099 4.41403 1.341 2.35029
0.67334 1.46291 4.48503 2.1521 1.50464
0.72149 -0.3164 5.67152 3.05244 1.49627
2.81029 3.19858 6.02358 3.97681 -0.21527
4.21242 0.26973 6.78397 2.29878 -0.79938
3.81418 0.40289 7.81236 0.36655 0.50649
4.58886 -0.34666 6.61391 0.51797 -0.12641
3.71907 -1.19812 5.58011 1.83124 1.60826
4.2089 0.38278 5.13855 2.60697 2.28633
2.77239 -0.89122 4.55197 4.19097 2.78682
2.91146 0.5518 5.35691 4.35853 1.99624
3.51878 -1.01051 4.59476 4.66702 1.90372
4.04063 1.65217 4.29009 4.32352 0.63878
4.67689 -0.32188 4.61551 3.81867 2.38802
3.93457 -0.87166 5.59875 4.50227 -0.06417
5.44547 -1.35958 5.70457 3.90157 0.20455
4.27533 1.90293 6.04723 3.2317 1.85455
3.34199 -0.46461 5.64333 4.52182 1.44365
1.26571 0.06798 5.0076 5.95772 2.95792
1.87591 -0.80938 4.89448 7.23009 1.18959
0.47541 -0.68349 4.83757 7.4948 1.74187
2.36798 -0.60748 6.36261 7.38743 2.19909
2.8603 0.39723 6.99837 7.21594 -0.01143
3.54225 0.58517 6.26892 5.7957 2.2184
3.78908 1.28319 6.90487 3.68038 1.50634
2.11281 -2.18282 5.37358 2.35686 -1.22522
1.90719 3.08083 6.71992 0.44044 1.84949
5.05323 -1.14032 7.18893 1.21171 1.88029
3.85643 -0.98924 6.51847 2.71596 1.57796
2.76045 2.3698 6.17138 3.36394 2.03072
3.93759 0.15881 5.16303 2.1374 2.67243
3.33765 0.75606 4.47961 2.0076 0.48334
4.77468 -0.24176 6.36199 3.92012 2.79648
2.75646 0.64342 7.28825 4.36108 1.16175
3.41471 -0.21366 6.24754 4.5711 1.57501
3.75132 -0.49519 5.9053 5.49336 2.34605
3.05056 0.25281 6.46952 4.6385 1.53614
2.40805 -0.42845 6.33866 5.60524 1.1959
3.86742 0.74689 8.77696 3.85598 -0.54711
4.82814 -0.55267 7.96986 3.03799 2.61798
4.32834 -0.66896 5.7753 4.16389 0.03643
4.5106 -0.24698 7.69436 4.15224 -1.17885
3.31563 -0.49207 6.62677 5.11742 0.73806
1.57497 -0.08702 6.43142 6.05513 1.89171
2.38293 0.62191 6.54729 6.58007 1.07742
1.56553 0.09327 6.78557 8.13011 1.47297
1.32022 0.1201 5.87747 5.2439 2.59223
2.1601 0.53613 3.59032 3.49524 2.24751
2.67203 0.7688 4.72136 3.39674 0.02152
4.64677 -0.49797 5.74237 4.31266 -0.20851
3.85696 1.68501 6.54195 4.51093 0.96915
3.58201 -0.06637 5.34823 4.20593 0.69571
3.13547 0.52922 5.76052 4.7315 1.83472
2.65892 1.55697 6.31151 3.43282 2.68322
3.56094 0.12333 5.4839 4.42782 -0.66442
5.46297 -0.65951 4.58412 5.55226 0.84201
3.10596 0.588 4.89682 6.54067 2.01817
3.11388 -1.69682 4.36719 6.72162 3.01905
1.9644 -1.25846 3.90342 6.17308 1.75658
1.66541 -0.52658 3.77244 5.27267 1.66346
2.53931 -1.95815 7.32303 6.20958 0.44026
3.54041 -0.28809 7.10587 6.95516 0.85312
3.44577 -0.02422 7.40503 7.25526 1.15805
3.08696 0.41083 5.6452 4.79416 1.34718
2.91608 -0.34599 4.69797 4.39071 0.40151
4.05715 -2.9405 5.74388 3.9909 -0.71287
1.2701 -1.09417 6.49271 4.39868 0.26273
4.35746 0.46486 5.46989 4.3433 1.86498
2.03482 0.19346 3.74275 5.71261 1.11517
0.81353 0.08778 4.17666 4.25324 0.89197
1.55812 -0.21823 6.48936 3.36417 1.19141
3.02067 1.58527 5.05163 3.40235 -0.03787
4.53217 2.28286 3.62214 2.67233 -0.40102
3.71174 1.09505 2.26542 2.5862 1.7455
1.81729 -1.68062 2.38731 1.96264 -0.66983
3.13264 1.8983 2.30795 1.98569 0.21491
3.25282 -1.20908 2.19028 2.44872 0.37883
3.48961 0.21484 0.55282 3.26317 4.69463
1.03897 0.11524 -1.0057 6.08153 2.76793
0.79186 0.83999 -0.6498 5.02681 -0.37383
0.25178 -0.66186 -0.76336 4.75136 1.86072
1.77976 0.79014 -0.88799 2.34921 1.17143
2.36768 -0.88856 -1.00512 2.5357 2.08336
1.94342 -0.55259 -0.16102 1.8835 1.21583
2.55781 0.37843 -0.7361 1.5855 0.17933
1.6423 -0.06023 0.4981 2.77876 -0.64181
0.89405 -0.21831 1.38623 2.32952 1.01597
-0.31437 -0.34109 2.65862 4.78621 1.52283
-0.39888 -1.59899 1.23598 2.15187 -0.65353
0.78129 -0.8705 3.12641 2.38009 2.31053
1.78828 0.35511 2.77609 1.72663 -0.37642
1.19249 0.13537 2.07729 1.86004 -0.60338
0.67429 -0.13184 1.75268 0.54671 -0.33939
1.98499 -0.29442 1.5112 -0.56863 -0.45001
3.95033 -0.22781 2.58298 0.01128 -0.55109
0.44858 0.1254 1.883 -0.13595 0.70105
1.00807 -0.75997 0.99914 -1.66153 -0.03438
1.16727 -0.08327 1.15462 -0.61506 0.20972
2.91848 -0.35728 -1.00825 -1.98548 1.99133
2.5114 0.03134 -1.97857 -0.40599 1.77543
0.48247 2.62928 -0.13532 -0.54722 -0.89816
-2.27845 -0.42171 3.45079 1.35815 0.0549
-0.71087 -1.86179 3.55995 2.18281 0.20395
0.93281 -1.53094 2.23638 2.54018 1.09279
0.44867 -1.3208 1.45545 2.65397 2.71944
1.01434 -0.5335 2.81735 2.62444 -1.36857
2.27281 -0.48652 1.84598 1.62097 -1.78492
1.80122 -1.55623 1.96472 -0.39161 -0.27343
2.10892 1.16553 1.96856 0.27206 -0.08277
2.88387 -2.10359 4.17874 0.44807 0.85168
0.07314 -1.94879 4.82311 0.49513 0.45813
1.98531 0.64533 3.2053 0.31457 2.53469
3.6148 -0.32864 2.76092 0.43803 -1.29338
3.14608 0.70947 4.24778 1.40326 1.6826
4.57264 -0.50844 4.64763 1.32419 0.37552
4.99673 0.26988 4.81073 2.84883 0.20375
4.96219 0.35338 5.54285 1.14018 0.44298
4.19027 0.64501 5.38082 1.26924 1.85109
3.35366 0.32269 5.99872 3.25675 3.45814
4.29804 -0.24311 5.24857 3.21249 1.11045
4.38129 -0.7447 6.10783 4.05171 2.97607
2.90428 1.24802 5.98746 5.19979 3.30081
4.45159 1.18601 5.09755 5.92403 2.43924
3.99104 -0.47355 5.78422 4.42929 1.44377
5.43363 -0.63702 6.28217 3.28501 1.2586
4.34895 -0.78315 7.60984 4.03198 0.8998
5.18069 -0.01563 8.2745 3.0112 3.04832
4.19221 -1.52655 8.08738 3.13231 2.25234
3.58539 0.11533 7.02965 1.13576 4.00683
2.96304 -0.88173 7.60185 2.47569 2.11784
3.25729 -0.95587 5.69174 3.84587 2.71906
3.92055 -0.88698 6.25836 3.45895 -0.88974
4.03147 -0.3583 6.20707 3.35117 3.52055
4.52744 -0.06436 6.71912 2.94649 0.4862
3.64663 -0.95407 6.84727 3.65789 2.39822
3.13884 1.88644 7.45644 4.50128 1.95685
3.56202 0.49589 6.22499 4.46017 0.91587
1.98033 -0.43531 7.46155 3.71842 1.87843
4.72827 -1.14726 8.03165 2.74234 1.48238
2.41877 1.49112 6.49414 3.07533 1.68826
4.5535 -0.32696 6.17449 3.13074 1.30406
3.68573 -0.17807 6.46451 2.36549 2.2014
3.28402 0.75201 6.33846 4.71145 1.06106
2.05156 -0.38469 7.44296 4.06587 2.16873
2.23446 0.18901 6.88339 4.74774 -0.17582
2.39531 -0.9932 5.39683 4.84904 1.4724
3.29497 1.02307 6.41868 5.75486 1.17212
2.4695 -0.43376 4.54593 5.24835 0.40531
1.73981 0.15415 3.35605 1.32835 2.05369
2.29309 -0.08926 3.12691 2.59065 -0.08852
1.2135 -0.92881 3.23638 3.20385 1.63371
1.5864 0.19523 3.2132 2.63569 2.04076
3.06846 1.16756 4.62538 1.48717 0.8846
1.28083 -0.67191 4.67542 2.83885 0.1594
2.1886 1.25966 4.16477 2.38549 1.64331
3.27888 0.38095 2.35919 2.47728 0.01154
3.23602 -1.43776 2.72312 0.41368 1.05513
4.4049 -0.12647 3.93322 1.84855 0.75974
4.5822 -0.32517 2.97943 2.29836 -1.21139
2.35422 -0.69115 2.99332 3.02755 1.49162
2.52264 -2.2726 4.47655 4.12032 0.6627
3.14424 1.47129 4.45428 3.73574 0.22214
1.6453 -0.47845 3.2613 3.33434 2.56692
2.99902 0.53037 3.00087 3.63855 2.7024
3.83147 -0.47857 3.56186 3.95263 1.20554
4.46531 0.8422 2.87685 4.15815 2.97405
3.09501 -0.46573 1.73075 5.11963 -0.21604
5.70429 -1.3038 1.51442 4.15545 0.3682
2.90444 0.37915 3.12322 3.91939 2.36138
5.49416 1.30071 2.65123 4.00712 1.01412
2.59653 0.49365 3.16818 2.18747 5.36617
0.43238 0.46412 3.85258 3.02951 0.99796
2.42178 1.68265 2.95627 4.06572 0.48112
2.31545 -1.44409 3.61492 4.51473 2.44033
3.16682 1.3018 2.91843 6.13619 2.40576
3.07716 -0.11303 4.03805 5.85778 2.3001
4.20116 0.95476 2.72619 5.44315 -0.01888
6.59834 0.28806 4.57589 4.15011 -1.27598
5.85903 -0.37789 7.06688 3.71048 -0.23977
5.88662 0.36552 6.98726 2.65394 2.78888
3.29969 -1.78717 6.7162 4.53513 2.37317
3.72489 -0.8957 6.66414 3.87725 1.87947
1.65693 -1.54514 7.44942 5.03262 0.61291
1.54644 0.27818 9.26322 5.86444 0.97198
2.28259 1.21987 10.5595 5.09452 1.21389
3.27184 -0.73705 8.36405 4.21961 1.49741
3.3007 -0.07347 10.5728 6.7047 1.75024
1.99319 -2.17153 7.99805 5.50946 1.02628
1.91201 1.32975 7.75684 5.7323 0.97474
1.08825 -2.26407 7.58463 5.41364 0.26793
1.1407 0.3573 7.08822 3.68604 1.505
