-0.96981 1.82778 -1.44606 -2.53874 2.92768
-0.32257 1.49547 -0.1164 -0.22535 2.76032
-1.79511 0.32898 -0.38743 -0.90282 2.53661
-1.74588 -0.07653 -0.42952 0.73734 1.04131
-0.06678 -1.45209 -0.17524 -0.45368 2.23743
-0.34924 1.25127 0.35622 -0.1581 3.35164
2.46996 -0.56437 0.07618 0.00418 2.12859
-1.24184 1.63798 1.4374 -0.65868 1.62421
-0.06564 1.5514 -0.67832 -1.15601 1.64248
0.36267 2.37356 -1.93171 0.56892 0.73725
-0.0847 0.8895 -0.5325 0.31338 -0.78905
-1.23762 1.26082 -1.28828 0.53634 -1.03406
1.07495 1.96037 -0.09643 1.01254 -0.35585
-1.54456 -0.08211 0.75562 0.9297 1.20418
-0.36204 -0.16829 -0.53491 -0.43782 0.76959
0.95213 1.37199 0.30538 0.38033 0.02556
0.16518 -1.2891 0.14876 1.63914 -0.97331
-0.41877 -0.66501 -1.39095 1.4894 1.02921
-0.01626 -0.64957 0.01668 1.18865 0.74595
-1.36861 0.69974 -0.48382 0.97165 0.30673
-1.34197 1.02267 -0.12472 -0.11929 0.79984
0.11969 -0.90963 2.61391 0.19846 1.42602
0.79037 0.06983 1.82388 -0.58935 2.1282
-0.95001 -2.23923 -2.14138 2.64056 2.19577
0.14645 -0.26504 0.34813 0.70538 -0.12725
0.1646 0.32004 -0.21338 -0.96493 -0.25958
-1.09941 -1.39336 0.81781 0.45134 -0.08995
0.95222 1.00288 -0.85558 0.25308 1.58731
0.29636 -0.78765 1.13962 0.72336 2.22258
0.17398 -0.89528 -0.34027 0.60073 1.31186
0.99591 0.21072 1.06582 2.24628 2.26909
0.6487 -0.43444 0.63989 0.23226 2.27075
-0.14942 1.04104 0.83052 -0.23139 3.32072
-1.54339 0.34475 -0.33693 -1.25726 1.58479
1.59095 0.49427 0.30368 -0.40746 0.82471
1.02327 0.90756 0.2839 -0.0028 -0.60249
1.55608 -0.35332 -0.93676 1.63236 -0.01529
-0.00465 0.02301 -0.28584 0.26327 -0.60188
-0.22122 0.27407 -0.38916 0.6896 -0.80325
-0.11225 1.31505 -1.25505 1.65041 -1.34599
1.39343 1.79806 -1.12557 1.34936 -0.8463
1.06573 -1.11975 -0.33073 1.85757 -2.37602
-1.29367 -0.27985 -0.0115 0.75187 -3.78908
-0.67068 0.63813 -0.25072 0.28621 -1.97901
-2.46452 -1.60754 -0.77062 -0.0286 -3.19685
-1.42964 0.01052 0.06364 1.03917 -2.35574
1.55595 0.51228 -1.18156 1.64702 -0.8913
-0.60786 -0.21597 -0.47523 1.40957 -1.42722
-0.31727 -0.0192 -0.45499 1.98666 -2.45737
-2.04815 0.93548 1.28088 1.46232 -0.96437
-0.55739 -0.8523 1.50613 1.20485 -1.65123
-1.43146 -1.46997 0.41018 1.05731 -0.77727
-0.94675 1.0359 -0.70969 0.68424 -0.57453
1.14322 -0.42563 -0.05092 2.135 0.58296
1.63415 0.72965 0.04405 0.66239 0.23397
0.6757 -0.08081 -0.79615 -0.28855 0.84425
0.5504 0.10491 -0.04676 -0.29181 1.78271
1.08171 0.07539 0.04738 -0.78416 1.76979
0.68133 1.33348 -0.24079 -1.89735 0.98845
-0.78945 2.36664 -0.21039 -0.17331 0.31401
-1.24631 -1.61831 0.19901 -0.88013 -0.23433
0.04862 0.58156 -2.74276 -1.41318 -0.04791
-0.7868 0.67105 0.70968 -2.58851 -0.83064
1.81809 1.14002 -0.13457 -1.54767 0.62812
-0.11641 -1.04064 -0.71049 -0.86781 1.91564
-1.3027 0.22012 0.45675 0.59905 2.14021
0.43187 -0.30109 0.29613 0.8921 2.63304
-0.31106 1.37405 1.86355 0.3014 0.98042
-0.1267 3.13722 0.01444 -0.5608 0.7354
-0.38231 -0.27743 1.78746 0.45808 2.28753
1.36395 1.31524 -0.23914 1.53451 0.97475
0.92739 0.52081 -0.15671 -0.45904 0.29824
1.42589 0.91121 -0.61426 1.72706 0.07027
-0.5517 0.2614 -0.23768 0.02922 0.88914
0.34096 -0.94561 -1.19049 0.05513 0.47598
0.01382 -0.91501 0.67336 -0.89733 0.14073
0.82152 -1.23762 1.38596 1.6985 -0.51508
-0.83319 1.07066 1.97724 1.51322 -0.32799
-0.73819 -0.64643 0.67126 1.39669 1.95298
0.28675 0.07518 -0.27727 1.10282 1.51129
0.01393 1.00531 -0.74229 -0.109 -0.07168
0.56449 1.15408 0.20608 -0.55327 -0.91379
-0.42437 2.19347 -0.69538 2.27781 -0.79777
1.21809 -0.6042 -0.91748 1.42633 -1.5919
-0.96144 -0.53069 -1.33355 1.7483 -0.16816
0.7617 -0.20679 -2.58891 0.55121 -0.89657
-1.14201 0.85088 -0.14558 -0.09677 -1.21287
1.15223 -0.77302 1.31433 0.06563 -1.24608
0.00909 -0.67654 1.29703 -0.02161 0.03005
-0.02351 0.7381 -0.95062 -0.31218 -1.3478
-0.20111 1.29416 0.15763 0.98773 -1.30132
1.16214 -0.11404 1.20334 1.04461 -1.39802
0.34007 0.21641 0.07146 1.95783 -1.70403
0.7293 1.84721 0.41618 2.07998 -0.90625
-0.84713 -0.43589 1.25165 0.7045 -1.69592
-0.34624 0.88245 1.95892 -0.12817 -1.73738
-1.37779 0.1709 1.14522 1.32813 -1.31815
0.30879 0.6918 1.87514 1.08706 -2.63014
-0.00582 0.76141 2.03651 1.46783 -4.10101
-0.3358 1.65821 1.53786 0.24447 -5.14113
0.31352 -0.25968 -0.77876 -0.81882 -6.12227
1.22163 0.17307 -0.9644 0.30927 -5.69219
1.07688 -1.89595 -0.93351 0.88362 -5.15505
0.09446 -0.05942 1.21165 0.07601 -4.494
-0.4696 -0.40935 1.93456 -1.36739 -4.13353
-0.22013 -1.70681 -1.39883 0.67712 -3.1965
-1.87185 -0.07603 0.22242 0.3242 -3.85073
-0.16512 -1.34217 -0.5441 1.74146 -5.11058
1.3883 -0.94009 -0.70474 0.33461 -6.04836
-1.80356 -0.97562 -0.34161 -0.44591 -4.3553
-0.00754 -0.45725 -1.06595 -0.50791 -4.63063
-1.49943 0.51755 1.60199 0.64011 -4.78191
0.13489 -1.34976 0.6635 0.30908 -2.9434
-0.42729 -1.3068 1.77354 0.51949 -0.85319
-0.97089 -0.25985 -1.86531 1.15206 -2.61444
1.49062 -2.12308 0.43813 0.57929 0.39486
0.4295 -0.14981 1.24677 -0.01729 -0.06994
-1.01545 -0.82347 0.81766 1.67624 0.13283
0.66235 0.98389 -0.16757 -0.88492 0.40572
-0.78156 0.38179 -0.22461 1.13216 -1.29088
0.01903 -1.10215 0.70809 0.14976 -0.90613
-1.97388 0.82785 0.21296 -0.72429 -3.67782
-1.45892 0.33614 1.63049 -0.56111 -3.00457
0.3933 1.80334 1.76303 0.38872 -4.08239
-0.17307 -0.34512 0.96573 1.28244 -1.65731
-0.17668 -0.41094 -0.5166 -0.40753 -1.94577
0.05782 -0.19227 1.10128 1.38219 -1.62461
-0.2092 0.63078 -1.40231 2.22103 -2.56573
0.26061 -0.71447 1.11853 0.8767 -0.67675
-0.30097 -2.29446 -0.10673 0.29931 -2.50554
-0.73301 0.59188 0.53083 0.04649 -1.01797
-0.9409 -0.44225 0.01458 2.31472 0.95375
0.71558 -0.14932 -0.99091 1.28789 -0.77416
0.45383 0.76732 0.72985 1.28722 -1.01143
-0.46613 1.17805 -0.77073 1.5013 0.66566
-0.06814 -0.78223 -0.06854 0.17558 2.43462
1.86522 -0.95946 1.25919 -0.56017 1.80395
-0.71743 0.96422 1.99886 1.04246 0.65248
0.79845 1.39802 0.75075 1.54494 0.09795
0.67089 0.27488 -0.09941 1.45849 2.80711
1.98107 1.25728 -0.10527 0.40303 2.58589
1.14457 1.71905 0.09974 0.02405 3.2205
1.57121 1.39776 -0.86393 -0.33075 4.14254
0.15578 -0.25737 0.93098 0.13248 3.95069
2.85083 1.34626 -0.13482 0.76971 4.81843
-1.21234 1.33947 -0.8638 -1.37141 5.78864
1.17042 1.69651 -2.11358 0.81685 6.47493
-1.40086 0.35422 -0.34125 1.62551 6.06835
0.07332 -0.53333 1.33051 1.52078 5.28965
0.77628 1.83353 -0.01442 0.44981 4.96405
0.97301 0.8586 0.30311 0.72946 2.85797
0.5593 -0.25039 -0.82845 1.71074 1.73938
0.30158 2.15353 0.61496 -0.1063 1.50523
-1.12507 1.22372 2.07785 0.59418 1.80677
-0.13551 1.27702 1.15441 0.06505 1.95621
-1.22372 1.13248 1.31589 1.14395 2.2688
1.30807 0.29935 -1.45461 0.47652 0.42834
-1.15646 1.26228 1.23578 -2.03687 1.27302
-0.86861 -0.62854 0.31144 -1.78016 1.79245
-0.15725 0.12178 0.26129 -0.65623 1.78015
-0.73303 1.06333 -0.50543 0.78049 1.75265
-0.79178 -0.04851 -1.02073 0.7283 2.42099
-0.35945 0.72177 -0.48712 -0.76687 2.35036
0.58041 -0.63967 -0.24402 -0.05281 1.92876
-0.84784 -0.42747 -0.89372 0.8581 2.53935
-0.08981 1.06154 0.93435 -1.30503 1.34087
-0.01174 0.09611 -1.94369 0.74894 0.40147
-2.26644 -0.42639 0.29099 0.49542 0.02045
1.2654 0.84664 -0.02321 -0.95564 -0.97851
0.90201 0.77256 1.06651 -0.23198 -0.77173
0.69715 0.93945 -0.40669 -0.70506 2.29827
0.76096 0.14847 0.49011 1.83097 2.49866
-0.73947 0.05895 0.00665 1.99541 1.77198
1.15152 -0.94404 0.32562 2.13029 2.42502
3.04767 0.77646 2.014 -0.36983 1.639
-2.42575 -1.91284 -0.84418 -0.17172 1.21182
-0.60421 1.04863 -0.93002 0.37923 0.98606
0.4804 0.1532 1.06523 1.26833 0.4981
1.48218 -1.74132 2.67691 -0.33379 3.01208
-0.30508 1.38169 1.8999 0.07172 1.8025
-0.05305 1.95596 0.48178 0.62667 1.39189
0.09278 1.77431 -0.40491 0.3775 1.91643
0.06222 0.94388 -0.28933 -1.12899 0.60708
-0.62601 0.38669 -0.15803 -1.70469 -0.2543
2.08691 1.12418 -0.77329 -2.61096 -1.32348
0.33548 -0.04858 0.90468 0.01734 -2.16536
0.95152 -1.00949 -0.35368 0.92849 -3.9589
-1.37386 -0.69573 -0.34623 1.1518 -2.50696
0.95102 1.24653 -0.73919 -1.00273 -2.6993
1.36758 -1.11805 0.25594 -0.95622 -1.55623
-0.21084 -2.87979 1.03195 0.52625 0.13465
0.97973 -1.54149 -0.52353 1.69562 0.66721
-0.38382 -0.07946 0.41883 0.96097 2.31605
0.06748 0.58711 0.44395 3.09398 1.40454
0.75643 2.35753 -0.84553 0.69663 2.07768
-0.19041 0.2208 -1.39608 -1.55862 1.93242
-1.49992 -0.05023 1.93721 0.37567 1.50716
-1.96949 -1.19141 -0.4388 0.20553 2.19524
0.53931 1.43638 -1.01778 1.11637 0.49498
-0.02315 0.46945 -0.65576 0.77782 -0.32732
0.2068 3.01967 -1.15904 1.14554 0.36124
-0.19128 1.07115 -0.17218 2.15493 0.97176
0.42936 0.00231 0.72878 0.06336 1.05041
0.64084 -0.91557 0.45931 1.40261 0.3492
-0.52389 0.58873 1.0573 0.65906 -1.31818
0.13789 0.48424 -0.02563 1.10367 -1.76682
-0.91263 0.35948 -1.02158 0.33409 -2.34284
0.65048 0.2974 -0.04602 -0.96165 -3.75058
0.2861 -0.14593 -0.67776 0.76236 -2.95323
0.41104 -1.08921 -0.31107 0.32803 -2.7179
1.54819 -0.99427 -0.20156 1.22333 -2.59688
0.93652 -2.08741 0.07016 0.76348 -3.90683
-0.3599 -1.32974 1.57604 1.46826 -3.09502
0.6135 -0.75686 0.6592 0.17758 -3.65515
0.47482 -1.91097 -0.59327 0.28809 -3.78218
-0.2456 2.25237 -2.12451 1.09296 -4.53369
0.15349 0.35025 -0.65363 0.84845 -4.5877
0.01052 1.01755 -0.1127 0.47299 -5.66034
0.4964 -0.55949 -0.43976 0.71662 -5.30143
-0.49633 -2.84813 -0.02807 0.64498 -3.93819
-0.38575 -0.12341 0.29367 0.78586 -4.37282
-0.7443 -1.81142 1.97447 -0.79501 -3.27585
-0.09001 -2.73553 -0.14222 0.97729 -1.64864
-1.12815 -1.14174 -1.08908 -1.20715 -2.89805
0.92142 0.8465 -0.74295 -0.02658 -2.51836
0.61337 0.51646 -1.1885 -0.1907 -0.72452
-0.15347 -0.23472 0.12705 1.15504 -0.95857
-1.06039 -1.25536 1.19686 0.32377 0.75086
-0.25237 -1.78478 -0.12004 0.41826 1.53421
-1.48975 -2.43323 1.49829 2.28129 0.84188
1.30949 -0.90333 -0.00303 0.95302 1.47425
-0.62554 0.5395 0.17978 2.06891 0.51142
-0.18033 -0.791 -0.93912 0.82439 0.80873
0.30749 1.35627 -0.42065 0.26325 2.86638
1.30078 0.99243 -0.07924 -1.1012 2.54249
0.96162 1.20881 0.94437 0.38979 3.64767
0.6046 1.27262 -2.73878 0.58182 2.46794
2.34215 -0.59963 -0.08416 2.60465 3.84961
0.767 -0.78075 1.4527 1.71597 3.14044
-0.70907 1.00577 -0.6327 1.98029 2.96268
-0.5265 2.09916 -0.71236 1.74519 2.86507
-0.46938 -1.14729 -0.58493 0.78446 3.57339
1.45018 1.63355 -0.99809 0.21129 1.51904
-0.12831 0.50834 -2.08505 0.44648 -0.18763
0.62206 0.70164 -0.34199 -0.27227 -0.2509
-0.48436 -0.22365 0.81951 0.51073 -0.81083
0.02677 -0.7887 -0.54732 -1.92268 0.2485
0.66232 0.19453 0.18611 -3.19486 1.2187
1.84805 -0.71938 1.01616 -0.928 2.14051
-0.04197 0.09309 0.0417 -0.06221 1.12415
0.21158 -0.03985 2.16844 -0.85974 -0.34946
1.02961 -0.31618 0.08898 -1.31894 -0.90402
0.02816 -0.47982 -2.57099 -0.08221 0.87585
-0.16329 1.56408 0.29286 -0.80056 0.69308
-1.0795 -0.78775 0.13828 -0.48804 0.85634
-0.20036 0.41372 0.71067 -0.27785 1.31444
-0.00299 1.15713 -0.27408 0.41932 -0.8497
0.51686 1.11145 -0.42298 0.84837 -0.50523
-0.09018 1.2028 -2.72193 1.1713 -1.55251
1.14546 -0.78116 -1.87137 0.72689 0.30656
0.81735 -0.07168 -0.72047 -0.70647 -0.77265
-2.11907 2.91691 -1.48942 0.24919 -1.28436
-1.31201 -0.44999 0.55799 -1.00167 0.81454
-0.56359 -0.60734 0.55967 1.79886 -0.08975
0.16315 0.72266 -0.98674 0.70537 0.50431
0.38734 0.86507 1.43381 -1.23166 1.79627
0.27146 -0.39206 1.93191 -1.30552 1.23889
0.32567 -1.39688 -1.04844 0.20651 0.6723
-0.04827 0.28925 0.92967 -2.60489 1.4424
-2.17328 0.12513 -0.16884 0.11806 -0.2845
0.52389 -1.04547 1.01337 1.26902 -1.35459
0.33769 1.01439 0.54767 0.80064 -2.46508
0.33643 -0.70644 1.04428 0.78311 -2.24632
-1.5633 0.02231 -0.84187 1.88086 -1.28084
0.4449 -1.31528 0.75726 2.93598 0.33863
1.57693 -0.04971 1.03207 1.31011 2.73105
0.18026 -0.43509 0.34108 0.60306 2.5432
-0.16695 -1.97946 0.87072 1.355 1.15376
0.30627 0.74035 -1.7855 2.02862 1.06141
3.40897 1.21327 -1.18121 1.4252 0.39371
0.21098 1.37443 -0.24565 0.75394 0.40638
0.34358 0.92505 -0.70034 0.47403 0.20694
-1.13909 -0.40345 -0.76811 0.40268 1.16999
-0.98049 -0.1286 0.28067 0.70935 0.99574
0.73701 3.79498 -0.67824 0.7319 0.36854
1.00686 -0.75083 -1.5684 2.15805 2.00162
1.2963 0.51117 -2.25228 0.34383 4.16645
-0.05925 1.19589 0.24743 0.00111 3.07915
-1.62345 -0.21489 0.12078 0.49676 1.65011
-0.24204 0.49832 1.81036 0.26375 -0.38214
0.34938 0.77392 -0.82496 0.68163 -1.99239
0.57476 -0.18318 -0.36896 0.19845 0.63378
0.3324 -1.44459 0.67246 0.3217 0.69655
1.32117 -0.77989 -0.43026 -0.36112 0.05635
-0.6019 1.29122 -0.75587 -0.36714 -1.25246
0.11038 1.89133 1.18972 0.80314 -1.24027
-0.24702 -0.81337 -0.37347 0.21836 -1.05041
0.93757 1.14195 -0.95645 -2.02645 -1.71639
0.5573 1.45643 0.68066 -1.93377 -2.29944
2.17179 -0.47427 0.75941 -0.0275 -2.76217
