-3.64043 0.10197 0.59432 1.3989 -0.31695
-3.57134 1.78711 2.49742 0.33441 -1.3893
-2.1712 -0.52316 2.60533 0.22649 -0.07717
-1.27713 -0.74534 2.16514 0.27562 -0.35373
-1.17509 0.2914 2.29156 0.15435 1.11275
0.23328 0.00938 3.19663 1.70138 0.85671
-0.75798 -0.77766 1.25043 1.98284 1.62637
-0.5318 -0.45724 0.33554 1.47005 0.27949
-0.05088 0.98826 2.93738 0.81405 1.79002
-1.92143 1.41289 0.86368 2.14902 0.8451
-0.87492 1.27863 0.57715 0.3193 1.80131
-0.88998 -1.42295 0.97552 1.64045 -0.319
-2.80099 -2.13955 2.95684 0.7289 1.24842
-2.54483 0.1822 2.06752 0.19945 -0.80466
-0.84798 -1.10983 2.30892 0.58136 1.56926
1.54799 -1.6099 0.99873 -0.30211 -0.51548
1.58995 -1.46643 -0.32202 0.91603 0.81295
1.58168 0.91696 -0.65478 1.77656 1.76105
1.00381 0.71414 -0.03933 2.27454 2.29664
1.14392 0.60199 -1.66599 1.83178 1.1607
0.60834 -0.62345 -1.27836 -0.22765 -0.70129
-0.58519 -1.40287 -1.35259 0.33725 -1.41604
-0.19526 0.36497 -0.45355 1.75153 0.23458
1.59327 0.20258 0.14202 0.45708 0.61525
1.52276 0.45617 -0.3651 0.53553 -1.10289
1.36755 0.37751 0.59057 0.36862 -0.4469
1.53138 0.2262 2.13457 0.17537 -0.04047
1.45356 0.26596 1.82001 -0.04311 -0.28799
1.28856 -1.25969 -0.39408 -0.45221 -0.444
1.77069 0.3691 0.3077 0.95994 0.29006
0.92919 -0.90106 0.88679 2.51529 0.05593
-0.04445 -1.06571 0.47344 0.71395 2.39364
-2.57256 -1.02472 1.81853 1.13512 0.34033
-2.91392 0.50189 1.98214 0.55216 -0.66034
-2.61533 -1.71914 0.12276 1.31538 -0.35797
-3.19333 -1.30525 -0.7414 1.10378 1.2889
-2.41918 -0.21749 -2.4657 1.4849 -0.57426
0.06492 -1.35646 -2.25411 -0.58911 1.00266
1.19023 -0.85206 -1.81262 -2.69438 0.9258
1.55807 -0.9922 -2.46045 -1.56415 0.66842
0.49409 -1.80306 -4.49906 -0.33582 0.40057
-1.18416 -1.42979 -4.43842 0.973 0.0548
-2.03038 1.4658 -2.89406 0.4052 0.74358
-2.30455 0.84215 -2.64524 2.8051 1.03242
-2.44365 -1.87596 -1.20674 2.94417 1.99739
-1.37805 -0.04514 -1.42733 2.83807 2.3202
0.41272 0.23941 -1.94339 1.49206 -0.42042
1.74143 1.30562 -0.38757 1.06109 1.37571
1.82221 1.46653 -2.06814 0.44145 0.19292
2.06613 2.7791 -1.43766 -0.11285 -0.22285
1.97049 2.2112 -1.63131 -0.53667 -0.12421
3.48792 2.1946 -1.74393 2.11447 1.59379
2.62642 1.38684 -1.04407 2.2945 0.34706
4.4216 0.42566 -0.45037 1.3604 0.72465
3.38807 -0.16127 -3.09769 0.19271 -0.28909
4.18235 -0.49155 -1.98563 2.358 -0.48736
2.12589 1.89986 -0.80421 3.03176 0.53898
1.69931 1.94126 0.04173 3.65374 -0.94412
0.17308 2.62084 1.25753 3.9021 0.27296
-0.66514 2.3508 -0.49922 4.6021 1.94752
-1.16612 2.68978 -0.33199 4.42603 -0.2003
-2.53878 2.83931 -0.93086 3.73161 -0.41659
-2.2791 5.19714 -0.16005 0.88016 -1.53083
-2.61561 4.78577 -1.5714 -0.05128 0.70534
-1.33161 4.84059 -0.74309 0.00603 -0.92876
-1.03236 4.23807 -0.01476 -0.74785 -0.63099
0.64113 1.90327 -0.13762 0.84208 0.13122
0.25543 0.90154 0.40385 1.4418 -0.48639
0.11875 0.56599 -0.92059 0.50247 -0.95172
0.93582 0.08055 -1.01875 0.30112 0.29653
-1.38578 0.66226 -0.88848 0.15157 -0.94735
0.73494 0.2495 -1.01241 -0.11248 2.06244
-0.31699 1.03095 0.09163 0.26379 1.7181
-1.57906 1.51893 -0.49173 0.70878 0.53214
-2.59216 0.82489 0.52728 1.89355 0.48852
-3.15112 -0.01798 1.60879 1.4329 2.30457
-1.87561 1.25412 1.35011 1.59401 -1.27444
-1.60528 0.94264 1.1344 0.29306 0.14196
-1.13111 1.0661 0.8472 -1.51549 1.46387
-1.06576 1.38486 0.80239 -0.32087 0.50118
-1.69069 1.31103 1.26849 -0.17003 0.10317
-1.54029 1.12859 0.98798 0.59423 0.97952
-0.38515 -0.31142 -0.64174 -0.69663 -0.79503
1.7968 0.62525 -0.25545 -0.38048 -0.41755
1.21088 -0.65318 -0.41472 -0.0219 0.60844
1.59445 -0.75085 0.8212 -0.21014 1.10068
-0.1793 -0.31482 -0.23274 0.51019 -1.69699
0.79827 0.20011 -0.32977 0.29472 -0.12986
0.25182 -0.96678 -0.71865 -0.12054 0.14103
1.05733 -1.59153 -2.12405 1.32894 -1.00921
1.87899 -1.7299 -2.8327 0.954 -1.03568
0.32783 -2.17194 -3.25825 -0.54993 0.38816
-0.11364 -1.65162 -2.82355 0.12033 0.96113
-0.40609 -1.46962 -3.09323 3.43301 0.44225
-0.79767 -1.53127 -2.35916 1.88485 0.97621
-0.84717 0.40948 -1.17961 2.16818 0.64801
-1.41354 0.11505 -2.15664 1.67329 -0.50185
-0.13807 1.78395 -0.61041 1.30394 1.3226
-0.9038 0.93071 -0.87917 0.08824 0.50243
1.08122 2.34681 -0.18188 -0.54647 -0.50842
1.42936 2.08263 -0.55365 -0.69658 0.13073
0.49457 0.40712 -1.07716 0.0446 -2.06178
0.46965 0.11612 -0.20315 -1.30903 0.5348
1.72819 -0.12151 -1.08344 -1.10077 -0.00936
1.97436 1.52849 0.46822 1.0954 -0.61356
-0.31396 0.35797 1.74063 -0.27992 -1.3628
-1.36702 1.329 2.67387 -0.82812 -0.56591
-1.08407 -0.90775 0.71203 -0.09345 0.21661
-0.66888 0.24644 0.19385 0.34653 -0.74403
1.01608 -0.16644 0.3664 1.18287 -0.05198
-0.58544 0.12676 -0.34775 1.23796 1.92041
-0.06543 0.39655 0.19587 0.09474 2.05445
-0.18713 -0.16563 0.63805 0.95845 -0.41106
1.94695 1.31572 -0.05966 0.31163 0.51157
0.31602 1.29528 0.13427 0.02199 -0.24134
0.80974 0.29579 -0.20626 1.80248 -0.77154
1.77763 0.58227 0.58383 1.47968 -0.37317
0.72793 0.96932 -0.21758 1.15817 0.58555
0.72708 -0.7528 0.53702 -0.62015 1.16797
0.82597 1.07837 -0.44602 -0.74292 0.82816
1.0098 1.86843 -1.28599 0.26694 -0.70343
0.9098 1.04364 -1.49705 0.54906 1.19348
1.75944 0.94785 1.01471 0.44058 2.78601
2.66197 1.70937 3.34557 -0.43002 0.12141
2.79214 1.86086 2.21824 1.22975 0.18157
1.95892 1.06955 1.64723 1.35255 1.52489
1.44654 2.14466 0.5723 2.74199 0.03908
2.50165 1.47006 0.15776 2.17874 1.72439
-0.46598 -0.22098 0.05742 1.89658 -1.34493
0.06313 0.1006 0.88111 1.62175 0.16443
-1.97435 -0.27602 2.4012 0.27806 0.42877
-1.39115 -0.70161 1.10603 0.93805 1.20334
-0.97607 1.97844 0.44141 2.41174 0.11595
-0.23611 1.62093 -1.06042 2.217 1.95835
-0.42994 -0.28217 0.19041 -0.23499 0.97226
0.7181 1.61803 1.05514 -1.62444 0.95575
-0.48932 -0.1679 1.6447 0.48461 0.10028
-0.03497 2.09194 1.35679 2.29249 0.70932
0.04405 0.84583 0.23935 0.24748 1.08128
1.83416 1.25448 0.95413 0.80294 0.88572
1.08778 1.50511 0.68849 -0.39272 -0.72778
0.29179 1.94493 -0.40391 0.53566 0.26241
-0.849 1.42344 -0.88018 1.2263 0.36925
-0.46978 0.49119 0.16713 0.1719 0.41622
0.59885 -0.03068 -0.1726 0.26568 0.10286
0.25712 -0.33915 -1.15262 -0.07251 -0.42587
1.75182 -0.25649 -1.74023 0.35972 -0.63778
3.76718 1.36385 -1.32239 -0.62701 -1.33062
4.49869 1.63343 -1.07677 -0.31892 -0.18407
5.72974 0.31859 -0.66633 0.08262 0.19289
4.67448 0.99268 -1.55419 1.01295 1.61759
3.92776 -0.27826 -1.92022 1.07196 1.95607
2.47237 0.33114 -0.51471 0.05607 0.81309
3.60834 -0.41935 1.6074 0.48878 -1.50208
4.39065 0.39542 1.88048 3.2243 -0.57429
3.06437 -0.11333 1.6326 3.41352 0.36292
2.04517 0.48361 1.3625 2.99011 0.08823
2.05536 0.38015 -0.13959 2.31947 -1.9364
-0.29498 1.11698 -1.65309 2.81297 -0.18452
-0.98117 2.22779 1.16722 0.89996 0.70513
-1.61139 2.61025 1.18659 1.06372 -0.89124
-0.4913 2.40746 1.18069 0.80446 -1.24965
0.81353 4.71085 0.57626 2.39199 1.05084
-1.76594 3.39845 -1.48227 1.79557 -0.73512
-1.99275 1.606 -2.31523 -0.75896 1.07901
0.04094 1.71651 -2.43405 -2.39495 0.30557
1.15067 3.78414 -1.93826 0.59252 0.09812
0.23974 2.28926 -2.44188 -0.30507 -0.99961
0.26765 1.22673 -0.5028 -1.52156 0.36139
-0.23272 2.73513 -0.27077 0.05018 0.08121
0.04591 1.40101 0.20136 0.94572 0.30294
-0.28516 -0.53943 0.48347 3.05326 0.04037
0.00245 0.54897 0.31348 2.54569 -0.54766
0.37626 -1.00159 0.7291 4.08282 -0.57377
-0.69382 -0.8154 0.05726 1.90221 0.06401
-0.395 1.45154 -0.76991 0.9596 -0.18096
0.31315 0.18259 -1.0931 1.02125 1.19081
0.92172 1.56401 -0.50013 0.64396 0.243
1.27335 1.53583 0.69948 0.16531 0.29485
0.19326 0.89016 1.04618 -0.95487 -0.16385
-0.03961 -0.87968 0.69247 -1.71364 -1.50327
1.58297 -2.30098 0.79124 -0.09632 -1.42338
1.007 -1.4805 -0.49766 -0.72781 -0.38674
1.74676 -2.5123 -3.42794 -0.42872 0.63019
1.71461 -1.54114 -1.08833 0.8363 -0.73151
0.65489 -0.3916 -0.75914 -1.30366 1.4202
1.50518 -0.37159 -1.18386 1.43709 -0.92949
0.34323 -1.01493 -0.9755 2.03327 2.03669
-0.99241 -1.69429 -1.56814 0.46049 -0.75913
-0.54317 0.40732 -1.60919 1.33366 0.81211
1.3419 -0.2606 -0.64576 0.4689 0.43328
-0.2951 1.76961 -0.16418 0.73369 -0.32916
-0.40874 0.42016 -0.60357 1.52126 2.21535
1.41055 0.53994 -0.63632 0.27411 0.14373
1.77554 -0.60357 -1.40148 1.80823 0.73872
-0.98134 -1.29556 -2.88847 0.45728 -0.4788
-0.31471 -0.45803 -1.70557 1.20251 0.44257
1.16976 -2.16633 -2.39344 0.77263 1.02174
1.70026 -2.21308 -3.48713 1.24493 0.03479
1.10715 -1.03796 -2.93328 -2.54984 3.60569
1.75711 -0.33153 -2.88495 -0.82477 0.11334
3.33924 -1.10307 -2.07046 -0.7237 1.01015
3.39506 -0.84585 -1.63803 1.04892 -0.11725
2.93034 -0.71135 -1.86997 2.20448 1.71288
2.44882 -0.74118 -1.01542 1.27782 0.94877
0.91952 0.27695 0.73154 0.93832 1.93816
1.65323 -0.6309 -0.26431 1.17754 -0.67592
2.74758 1.15306 0.37857 0.57013 1.5605
1.67135 -0.15625 1.31158 0.47043 0.33243
1.0322 2.08548 1.93344 0.09226 -0.80413
1.84645 0.53113 1.81983 -1.66721 2.04313
1.75994 -0.12205 2.14454 2.74593 1.28175
1.18579 0.54995 1.95153 1.71152 0.52749
0.31834 -0.38128 1.67895 0.71653 1.04154
0.95956 -0.86094 0.81885 1.56659 0.43563
-0.00839 -0.20245 1.56999 2.54755 -0.1579
0.68854 0.39581 0.49929 0.88475 1.6565
1.37059 0.39407 0.6489 -0.29525 0.26358
0.87895 1.5306 0.32731 0.84878 0.47069
-0.17837 1.82947 1.47293 2.39485 -0.71377
-1.73157 3.04129 1.44391 0.2704 0.54391
-1.6835 2.09619 0.10051 -0.2446 1.19965
-1.44904 1.21989 0.64651 1.8602 -0.01388
-0.47175 0.25908 0.95517 2.41423 0.94764
-2.57565 1.70417 1.05197 0.26369 -1.51005
-3.45158 2.82586 1.79566 0.22281 -0.45422
-4.05441 1.60769 1.55886 0.16024 1.03639
-4.0184 2.82733 1.53593 -1.61035 -0.40263
-3.66961 2.89055 0.95998 -0.78552 -0.05478
-3.41428 0.01308 0.52934 -0.88666 -0.33381
-3.18727 0.05957 -1.80786 0.0384 2.01736
-1.44678 -0.35211 -1.01878 -2.35688 -0.00021
-2.90433 -0.04306 -1.18987 -3.96385 0.12406
-3.08272 -0.09956 -2.07644 -2.21932 -1.1482
-2.98776 -1.50634 -0.57337 -2.82564 1.67003
-2.13379 0.95695 -0.6533 -0.16961 2.88933
-2.48245 0.52724 -0.00264 -1.31199 -0.98548
-1.3975 0.62523 -0.52229 -2.62557 0.54214
-0.61415 0.75306 -0.57701 -3.03383 -0.09155
-1.94768 0.76028 -2.15581 -2.66212 -0.40693
0.20463 -0.63801 -1.12144 -1.37126 0.91486
-0.13191 1.08296 -0.19579 -1.22554 0.2568
-0.0467 0.44276 -1.86768 -0.12869 -0.35966
-1.35537 1.93665 0.44956 1.10651 0.70125
-2.21723 1.75123 -2.02848 1.25042 1.19635
-0.13274 1.80769 -2.45884 1.43148 1.46393
0.19022 -0.45287 -4.19974 1.37465 -0.04308
1.95826 0.04648 -2.15743 1.3615 0.52766
-0.15382 1.8212 -0.12958 0.34784 0.49407
-1.13573 1.65254 -0.62067 0.82976 -1.29124
-0.35836 0.91429 -0.78355 0.26589 0.72848
0.28588 0.98582 -1.46759 2.28719 0.76686
0.75305 0.40576 -1.19859 1.57919 -0.85124
1.4888 0.51967 -0.57281 -1.26225 0.93817
-0.1301 1.59339 -0.33956 0.61233 0.51089
0.472 1.5775 0.42319 -0.1982 2.05054
-0.03643 1.71371 1.00236 0.85427 -0.6105
0.65149 0.25463 -0.67013 -1.25517 0.93109
-0.46429 -0.65124 -0.04313 0.02153 1.29493
-0.16617 1.08563 0.33603 -1.21574 1.06702
-0.8625 0.64567 -1.69294 -0.91519 -0.32846
-2.73611 -0.14394 -1.55557 -1.07211 -2.16014
-2.21227 0.53401 -2.77146 -0.42957 0.6202
-2.7081 -0.03718 -2.33762 -0.20367 1.53753
0.61183 -1.16465 -0.44148 0.69448 0.18358
1.60149 0.88852 0.36672 0.54584 -2.6291
0.56151 0.67197 1.01492 0.7412 1.36231
0.02002 -0.37405 0.17221 -0.38679 1.84431
-0.02916 1.76289 1.37156 0.80654 0.87488
1.50512 1.15667 -0.39357 1.30582 -0.61801
-0.24719 0.04824 -2.66623 0.26956 -0.78838
-0.89839 0.21978 -1.05492 -2.08523 0.71702
-0.89738 -0.59213 -1.68097 -0.75275 1.16472
-0.52151 0.33859 -0.9604 1.25347 -0.86692
-0.17072 -0.89575 0.52236 1.33791 2.10806
-1.14658 -0.69781 0.91522 1.1347 -0.27759
-1.05559 -0.02808 0.67204 -0.74697 -1.33369
-1.04423 -0.93135 -0.32463 1.64443 -1.41588
-1.68075 1.92547 -1.62812 0.09017 -0.13185
-2.03785 1.42546 -0.69583 0.49686 0.1785
-0.66082 0.88651 -0.28711 1.36247 0.10055
0.57565 0.15712 1.29397 1.73298 -0.50944
-0.41222 -0.63633 -0.4264 1.34904 0.92705
-0.41621 0.28692 -0.51047 0.08193 -1.28161
-0.67198 1.10742 0.27316 0.25371 -1.31527
-1.1165 2.04716 -0.63033 0.99453 0.10284
-1.8749 0.41662 1.19289 1.18106 0.60006
-2.994 -0.55825 3.74144 -0.57029 0.51267
-1.45368 -1.16001 1.98141 -0.17126 1.09645
-2.71826 2.48435 2.70265 -0.86888 -0.07956
-2.22616 0.82657 3.3802 0.97325 -0.52681
-3.5434 -0.83555 2.75338 2.44167 2.22619
-3.62666 -0.92757 1.12671 1.24732 -0.45458
-2.48613 -0.58321 1.09976 1.02706 -0.20571
-3.68125 0.39445 2.20274 0.53532 0.42675
-3.38752 1.26282 0.07245 0.12608 0.58542
-1.14097 0.59471 0.38598 -0.25942 1.58883
-0.23931 3.85267 -1.05632 -1.33629 0.0013
-0.46199 1.88068 -0.45707 -1.58436 0.60622
0.24297 0.48629 -0.01168 -0.62822 0.60903
