0.87975 0.70036 0.38788 -1.38695 2.46859
0.52149 1.12083 -0.95361 -0.05699 0.95156
-0.03248 0.65838 0.28083 2.04137 0.77126
0.80051 0.52054 0.91342 0.11944 1.27242
-0.68783 0.92457 -1.78137 -0.51844 -0.83093
1.08713 -0.11633 1.02793 -0.33347 -0.43249
-1.08326 0.87703 1.11721 -0.89699 0.76385
-0.50166 -0.88371 0.12543 0.90834 -0.65219
-0.78991 0.04548 0.02742 0.72401 -0.96851
-0.2014 -0.67368 -2.0116 0.28026 -0.05485
-1.57473 0.27778 1.25179 1.82187 0.68368
0.67988 0.50767 0.29144 -0.6806 0.02929
-0.22521 -0.73179 0.76218 2.16467 1.31667
0.27566 0.75596 0.5352 0.06381 0.62281
-1.42907 0.18168 0.39611 0.09662 2.45346
1.12154 -0.58014 -0.2318 -0.82071 0.51521
0.83304 1.66317 -0.35604 0.08671 -0.07832
-0.65314 2.42919 0.02204 0.25741 0.76156
1.33432 0.70622 1.52363 0.7719 0.23131
-0.39723 0.15149 -0.44205 -2.05595 1.49062
-0.19616 -0.56544 -0.98473 0.48167 0.09982
0.56044 0.33397 0.8422 -0.24736 0.59444
-1.62067 1.37207 -0.12666 -0.69685 1.43454
0.15666 0.34239 0.2944 -0.07075 -0.00759
-0.09817 -0.44016 0.25706 -1.09328 -0.80786
0.27166 0.75754 -1.13371 0.09191 0.81972
-1.59479 -1.52278 -0.16279 -0.52841 -0.09486
-2.26163 -0.66211 0.73587 0.62016 -0.4648
-0.71233 0.1146 -1.03669 -0.46058 -0.80799
-1.35193 0.82444 0.17558 2.5279 0.73019
-1.81004 1.09236 -0.50688 -0.07674 -0.69929
-0.59395 -0.97648 0.85867 -0.18914 0.12444
1.1314 -1.66759 0.51057 -2.24246 1.01854
1.13545 0.57465 1.45616 -0.46731 1.06929
0.75347 0.12625 1.85666 0.51753 -1.58421
-0.49777 0.31319 -1.475 0.30977 2.89448
0.52907 1.17838 0.15843 0.78207 -0.55368
-0.11128 -1.52895 -0.67516 0.20247 -0.13624
0.1326 2.94028 0.34632 -0.86797 1.32721
-0.58392 -0.34453 -0.6845 -1.61786 1.14697
0.4149 -0.52726 -0.72999 -0.42877 0.07552
0.18996 0.0297 -0.72699 0.29853 0.47753
-0.02414 0.25868 0.13913 1.25349 -0.06958
-1.13042 -0.58154 0.76471 0.05545 0.96659
0.20605 0.75772 0.99669 -0.51674 0.24591
2.42482 0.64611 -0.59209 -1.08871 -0.00979
1.60065 -1.28747 0.45888 1.37918 -0.11574
-1.22821 0.42557 0.05417 0.42041 0.28953
1.20037 -0.24148 -0.84614 -0.53028 1.5199
0.20212 0.16009 -0.01761 0.59674 -1.89216
-0.73381 1.84086 -1.83378 -1.20381 0.01369
-1.24862 1.90071 -0.68591 -1.02854 0.3604
-0.19391 -1.62025 -0.65984 -1.15354 0.80865
-0.18504 0.2058 0.57584 -1.05978 -0.38312
-0.7581 1.95694 -0.02623 1.60332 0.70628
0.5305 -1.59639 1.11432 -0.47429 -0.98304
0.18329 2.09841 -1.71444 -2.13826 -0.8547
-2.4623 0.09268 1.19614 -1.07797 -0.43909
-1.4928 -0.40918 -0.26158 -1.3834 -0.2325
-0.13996 -1.58843 0.25716 -1.18302 -0.6384
1.39466 -0.40016 0.08567 -0.17933 2.42493
-0.92245 -0.42792 0.82825 0.55373 1.38383
-0.31366 -0.45674 1.18238 1.15598 1.37309
-0.17902 0.4414 -0.70652 -0.31755 0.2176
0.21452 -0.21982 -1.31908 0.41727 2.20457
0.21086 -0.89305 -1.12082 0.08841 -0.21155
1.88908 1.87075 -0.92092 -1.99412 0.12247
0.23239 -0.35701 -1.25912 0.49853 -0.65592
-0.53634 -0.6578 0.60286 -0.33137 0.32926
-0.49149 -0.40775 0.12293 0.37584 0.16947
-0.95584 0.34004 -1.04362 0.30153 0.07954
0.03603 -0.31895 1.17937 -0.15524 1.81158
0.58482 -0.80892 -0.79533 0.20246 0.22678
-0.60158 0.71308 1.04969 -1.46183 0.17897
-1.47383 -1.08624 -1.78707 -0.07349 0.91925
0.10213 -0.27701 0.55622 0.50526 -0.80808
-0.54897 0.38835 -0.15768 0.24379 1.05051
-1.40114 -1.15441 1.33079 -0.13842 0.07274
0.32558 -1.49433 -0.89782 0.3533 -0.76638
0.98815 -0.69673 -1.03422 -0.01042 2.18875
-0.92632 0.42383 -0.93782 0.47985 1.76705
0.46956 0.07431 -0.29568 -0.975 -1.13517
1.49121 1.95197 -0.47589 -0.01547 3.04487
0.51298 2.62681 -0.18354 0.68999 -0.71428
0.61429 -1.32501 1.43696 2.16786 -0.72171
-0.74054 1.26436 -0.5887 0.29329 -1.70969
-1.25686 0.32444 -0.3833 1.66303 0.25991
-0.15279 -2.4617 -0.0661 1.51285 0.21735
1.05834 1.04468 -1.466 0.47733 0.78066
1.06271 -0.99672 -0.2495 -1.21461 0.97994
1.75824 -0.69884 1.3038 0.04149 0.17258
1.37823 -0.58956 -1.44685 0.2652 0.5137
0.73933 2.21221 -0.3682 0.26791 -1.95201
-0.18636 1.16375 -0.18076 0.17597 -0.12123
-0.63734 1.60771 -0.15332 -0.2169 0.52478
0.46977 -1.17719 -0.67749 -2.30891 1.80446
1.09018 1.17015 0.28147 -0.0088 0.22558
0.77389 1.83375 -1.0747 1.18311 0.91308
-0.87575 -0.51148 1.14449 0.00356 -0.23443
0.43777 -1.48839 -0.70953 0.60867 1.32888
0.59457 1.25279 -0.17035 -0.1441 -0.01438
-1.24986 -1.48543 0.91393 0.66228 2.401
-1.07246 0.00211 0.71421 -0.25326 -1.82981
0.05289 1.01129 2.80363 -1.3611 1.14614
0.11047 0.10379 -1.26496 -1.31291 0.37846
-1.54563 -0.51623 0.25297 0.03553 1.37305
-1.10901 2.16594 -1.07965 0.55444 -0.80458
-2.03019 0.65211 -0.93114 0.5707 -0.53876
-0.1673 0.63339 -1.40027 1.07873 -0.95487
-1.04786 -0.91326 0.29917 -0.79844 -0.96006
-0.16676 -0.753 -0.59489 0.20044 0.41249
0.59207 -1.18616 0.5587 -0.96845 0.72982
-0.56815 -0.25485 0.27209 -1.96754 0.18391
-1.10676 -0.99902 -1.08704 -0.28216 0.19995
-0.88071 -0.04991 -1.08935 -0.97316 0.44351
-0.08435 -0.75552 0.57554 -0.62789 0.3217
-0.37203 1.04985 -0.01171 -0.82086 -0.80026
0.63778 -0.15759 -0.22339 0.428 0.5218
-1.5366 2.12156 1.30631 0.14981 -1.27104
1.28239 -0.49791 0.43743 0.65468 0.72788
0.20708 -0.51176 1.0842 0.07162 1.10306
0.50682 0.41702 0.10736 -0.94945 0.81089
0.7638 0.00915 -1.29768 0.86801 1.8777
-1.03501 -1.05906 -0.49235 -1.69396 -0.87524
-0.55731 0.04755 -0.89808 0.36149 -0.7507
0.57018 1.01151 -1.02897 -0.69774 0.3469
-0.91346 0.20977 -1.16052 2.03279 -0.21152
-0.59943 -0.59685 0.23007 -0.98032 -0.88906
-0.72835 0.74702 0.27535 0.2043 0.55643
-1.43498 -0.93525 0.5571 1.14458 2.98678
0.22406 -1.62464 -0.36998 0.1136 -0.08961
-1.25828 1.01526 -1.59087 2.33062 0.54548
-0.82837 -0.81549 1.33025 -1.34897 0.29651
-1.1178 0.72617 -0.90464 -0.98801 0.15865
0.36551 1.1592 -0.92019 -2.52757 0.57629
0.38998 -0.27889 -0.77929 -0.17533 2.13488
-0.29826 -1.10158 1.6939 -1.44188 0.03557
-1.18343 1.04884 2.48229 0.33416 -0.21484
-0.38481 -0.53623 -0.47663 0.35279 -1.50919
-0.73523 -0.54523 -1.05417 0.89193 0.25117
0.53196 0.98516 -0.0294 0.1625 -0.58861
-0.98284 0.83764 1.31842 -0.1243 0.77707
0.93753 -0.48854 -0.51997 -0.20061 -0.45514
1.44465 0.43302 -1.35409 0.01528 1.50579
-1.8062 0.37446 1.79321 -1.16553 0.20687
-3.56876 -0.73197 1.5479 -0.49299 0.93682
-0.63706 -0.36035 -0.96445 -1.45404 -3.16158
-0.60242 0.69785 -0.95637 -0.29066 1.25365
-0.70763 0.55479 0.49606 0.30003 -0.19118
0.16108 -0.89986 0.64381 -0.19331 1.49859
1.98227 0.9454 1.4863 -0.78519 1.42089
1.74957 0.24907 0.2413 1.76717 0.74292
0.89194 1.73518 0.82454 -1.45062 0.33446
0.96078 -0.45454 -0.30276 -1.35258 2.60176
0.9533 -1.78559 -0.07639 -0.7514 -0.22992
1.10754 -0.50701 0.17279 -0.77202 -0.16857
0.57204 1.54473 -1.13203 0.14243 0.97434
-0.08026 0.30679 -0.27735 0.7847 0.51403
0.2906 0.86524 -0.15236 -0.32786 -1.41902
-0.68428 0.14937 1.36025 1.96914 -0.11037
-0.40953 2.24744 1.37435 -1.65638 -0.77591
0.57053 3.64175 -0.4536 -1.2304 0.99138
0.13721 -0.6202 -2.52979 0.22008 0.27921
0.05148 -0.7227 0.59405 0.14524 -0.26469
1.47631 -2.16778 -0.92795 -1.02003 1.85635
1.40961 0.20733 -0.36258 1.0075 -1.62945
0.93445 -1.67993 1.48545 0.88304 1.06661
1.33384 0.3664 0.77587 2.18608 -0.71195
0.45563 -0.68031 -1.27118 0.91771 1.5464
0.45547 0.26526 0.70501 1.25613 -0.38645
1.04708 -0.50363 0.6195 -1.23599 0.91993
2.08547 -0.18402 0.84056 1.17844 2.53253
1.09013 -1.14598 -0.46812 0.11611 0.92093
-0.9024 0.69236 0.18758 1.29015 1.01096
-0.00218 0.66727 -1.0653 1.93664 -0.41072
1.80312 1.26065 0.58861 -1.13944 0.83546
2.5707 0.39842 -1.00494 2.26596 0.297
2.97432 0.03385 3.50287 0.62486 0.22527
-0.40297 0.20786 0.45699 0.61395 0.64419
-1.80905 0.75245 0.28332 0.27583 0.75718
0.92779 1.0922 0.55225 0.82084 -0.43478
-0.12472 0.81078 -1.82771 -0.79662 2.38752
-1.80428 -1.30679 -0.03902 -0.03804 -0.82012
1.3103 0.74851 0.51415 2.16858 0.48706
0.61016 1.50105 -0.693 -0.90057 -0.25398
0.09338 0.93917 -0.59699 -0.45133 0.52591
0.24695 -0.91254 0.78712 -0.79986 1.05782
-0.12607 -0.75456 -0.29899 -2.85985 1.61196
-1.27596 0.29679 1.8414 -1.28736 0.19729
-2.58746 0.84365 -1.79529 -0.50716 0.48581
-1.39122 -0.02154 0.62376 0.02169 -0.72631
0.13999 -1.6271 -1.84607 -0.30058 -0.19277
1.07376 -2.23343 -1.58472 -0.48296 0.46099
3.2827 -0.33544 -0.63165 1.71677 2.20166
3.85941 -0.08284 2.10551 -0.45185 -1.98391
1.03926 -1.59878 -0.0142 0.75863 0.75103
-0.62444 1.22814 1.38258 0.20908 1.15186
-0.00184 -1.40334 0.87107 -0.8771 -0.18943
-0.19861 -0.36617 1.65666 -0.62432 1.30543
-0.33555 0.39983 0.68111 -1.04663 0.18511
0.0462 -0.08735 0.57516 -0.5147 1.27766
1.58031 0.42478 1.00171 -1.12187 1.4433
1.47913 -0.13774 1.18303 -1.15398 -0.67774
-0.75062 0.41941 0.27396 0.9734 0.01895
1.49306 -0.21535 -0.54032 -1.95838 -1.03474
0.25672 -1.01185 1.05913 1.899 1.39812
0.06979 -1.66441 -0.25196 0.64653 -2.06327
-2.82868 -1.06 -2.25567 -0.07704 1.07979
0.46624 0.70146 -0.36265 -0.35676 -0.66775
-0.17644 -0.5659 1.0171 -1.13525 0.07872
-0.62531 0.20079 1.29245 -0.27477 -0.88929
0.88975 -0.9216 -0.06647 0.37721 -0.32115
-0.02645 -0.84496 -1.09316 -1.55868 0.75428
-0.89765 0.74947 -0.37099 0.38128 0.63299
1.20577 -0.31071 -0.77643 -0.72734 1.15403
-0.16884 1.24513 0.38076 -0.40232 0.26247
-0.44022 -1.06052 -0.52897 0.93683 -0.45955
-1.49984 0.70833 -0.16499 -1.72862 -0.14653
-0.30095 0.78093 -1.06055 -0.67477 -1.13874
2.15929 -0.69686 -0.27503 -0.13496 1.26846
-1.09464 0.14684 0.6757 1.04442 1.15068
0.2341 1.17236 -0.65766 0.51792 -0.55391
-0.0968 -0.17533 0.09717 0.22319 -0.95428
1.06957 0.31695 -0.65875 -0.90108 0.12865
-0.53407 -0.1895 0.49411 0.51966 1.15802
-0.51462 -0.22231 0.1966 0.03979 -0.87397
-0.21605 0.01182 0.17506 -1.22085 1.14681
0.19744 0.58942 1.30387 -0.34642 -1.60598
-0.87682 0.43453 -1.08046 -0.28046 0.29022
0.31369 1.68561 1.05824 -0.54874 -0.21348
1.40557 -2.02188 1.54531 -0.16673 0.70763
1.13774 2.00733 -1.23064 -0.65562 0.41368
0.18379 -0.48388 -0.46471 0.34847 -1.0471
-0.51906 1.69246 -0.52662 -0.34113 0.50162
1.42723 1.72567 -0.21518 1.47976 0.76419
1.0221 0.38496 -0.47325 -0.26805 -1.09786
-0.52101 -0.4618 -0.08612 -2.144 -0.65464
-0.35774 0.26511 -0.09262 -0.11977 -1.62596
0.73591 0.0452 -1.38465 0.8125 0.14215
0.28079 -0.19619 -0.11339 -0.37581 1.04056
-1.08112 -1.10554 -0.77726 -1.07101 0.16853
1.40679 -0.35137 0.4664 -1.19783 -0.78989
-0.30243 1.16788 -0.12584 -0.19382 0.60527
1.04718 0.08208 -0.95688 -1.58397 1.81934
-0.14419 0.14299 -0.48215 -0.54145 0.4744
-0.03269 1.19223 0.5788 -1.12145 1.07202
0.05668 1.06091 -1.17792 -0.60961 0.15172
0.36093 0.11775 -1.25605 0.33523 1.63349
0.46687 -0.73962 -0.24369 -0.72884 2.2056
1.17728 -0.95587 -1.50235 -0.04106 1.33819
0.9013 -0.80804 0.66931 0.19058 -0.59459
0.30795 -0.33953 -1.75163 1.57386 0.52858
-0.27554 2.60424 1.34322 -1.83743 1.31475
-0.51365 0.36397 0.55527 -1.18046 -0.99834
0.74736 -0.45242 -2.29778 0.70837 1.32763
-1.36331 -0.07667 0.41046 1.33663 -0.02399
-0.38526 0.71705 0.51597 -0.7236 -0.35851
0.46536 1.04436 0.59195 0.45622 0.62099
1.62054 1.72377 -0.64992 0.79303 0.37313
0.5561 0.59609 -0.94941 0.16277 -0.07608
0.12063 -1.74694 -0.03679 -0.70301 -0.90982
0.39235 1.09819 -2.01239 -0.95302 0.24867
-0.37761 0.13733 -0.3078 -0.26203 0.80835
-0.50088 -1.06209 1.17886 -0.38623 -0.33482
0.37096 -0.25853 -1.64876 0.29303 1.67655
0.33695 1.42049 0.12131 0.56674 0.42924
1.11453 -0.04405 0.91302 0.53414 -0.18581
0.31211 1.90307 0.43383 -0.89279 -0.20601
0.23831 -0.2895 -0.3854 -1.15674 0.30359
-0.79329 -0.05225 0.8476 0.02875 0.40057
-1.26317 0.24194 0.62494 0.97161 -0.12732
-1.64822 0.665 -1.07356 0.79532 0.85903
-0.21937 -1.18513 -2.30256 -1.07291 0.77503
-1.24558 -0.86009 -0.89087 0.84558 0.98221
2.26587 2.05479 -0.22916 -2.54179 -1.60661
1.04096 0.40148 0.24007 0.53103 0.41052
0.17984 1.84042 0.08931 1.48567 1.49926
-1.21884 -1.16259 0.19603 0.69306 0.78358
1.22779 -0.68956 0.17646 0.48088 -1.39411
-0.63316 -0.77119 -0.2696 -0.60787 1.37742
-0.46712 -0.78392 0.17577 0.34727 0.58696
0.59295 0.6616 -0.59006 0.1134 1.05628
0.58844 0.33553 -0.35845 -0.76538 -0.56969
1.10491 0.17901 1.43881 1.66922 0.30157
0.21709 0.21742 1.51115 -0.09339 0.26697
0.99021 -0.39388 1.44588 -1.05674 -0.21174
0.12904 -1.68161 0.30773 0.74763 2.11551
0.55635 -0.17209 0.12922 -1.02566 -0.80246
0.5012 -1.42998 0.99323 -1.44406 1.87757
1.16712 0.91962 -1.35348 -0.37404 3.2135
0.84965 -1.02528 0.41429 0.01814 -0.01093
0.24055 -0.96627 2.06512 -1.20528 -0.94348
-0.5406 -2.53089 -1.48231 0.39926 0.23009
-0.83979 -0.81987 1.85778 0.81794 -0.35458
0.81222 -1.25814 1.43982 -1.32326 -3.08538
-1.75292 -0.95851 0.25708 -1.9531 0.11957
-0.97184 -1.00668 -1.96802 -0.53334 0.34813
-0.69857 -0.77883 -0.66832 1.92912 0.36771
-1.24497 0.14725 -0.98373 0.07333 -0.29076
0.03719 -0.41498 -0.60563 -0.35531 -0.31252
