2.07774 2.49223 -1.99578 0.04812 2.44371
2.98453 -0.91579 -1.26235 1.35839 2.408
2.7201 1.4503 -0.28904 -0.71481 0.80147
3.00763 1.38185 -2.0085 -1.24066 2.93287
1.79714 2.22981 -1.23094 0.50961 2.32525
1.08994 0.7869 -0.49473 0.86262 0.46801
2.39282 -0.46154 0.41393 0.23546 1.99604
3.29749 0.68601 0.05228 0.74778 1.45107
2.5092 0.48106 1.33897 0.10401 1.56673
0.387 -0.2528 1.40309 0.82252 2.32106
0.46634 -0.33292 0.77276 -0.4272 1.72794
1.68634 -1.04262 0.96627 -2.06583 1.39189
0.49799 1.02721 0.87848 -0.34201 1.11661
-1.43353 0.27436 1.84099 0.38334 2.29303
-0.61049 0.04131 0.91372 -0.96342 2.96276
-0.97474 -1.1102 1.95842 -1.30811 2.32208
-0.06381 1.0377 1.14632 0.06011 2.17176
-1.76846 -0.39137 2.239 0.36776 -1.39888
-2.63171 -1.94723 2.15017 0.8846 -1.42523
0.14274 -1.96634 2.95148 -0.23325 -3.83828
-0.14658 -0.71936 1.51933 0.05906 -2.03791
1.92021 1.54142 1.36566 -0.04722 -1.00634
2.43183 0.29756 2.54353 3.96007 0.67884
0.51332 -0.0426 2.38426 -0.47863 1.53673
0.55208 -0.82291 0.34045 -0.67148 0.29003
0.11259 0.45191 -0.27284 -2.40498 0.08824
-0.98394 1.8831 1.30664 0.45768 1.45312
-2.73858 0.75239 1.39968 1.75846 1.29006
-2.27175 -0.17247 0.49869 -0.84558 -0.95616
-0.50207 -0.51236 -0.69854 1.13395 -1.81997
0.11996 -0.78065 -0.85605 -1.59539 0.37274
2.10604 -0.56255 -1.87202 -0.84083 1.96657
-0.7175 1.01422 -1.33658 0.5747 0.71351
-1.24531 0.82351 -1.55426 0.72328 0.84141
-1.55878 -0.24851 -1.05011 -0.99475 1.39783
-0.84275 0.33598 -1.12534 -1.21766 0.69419
-0.95432 0.84523 -0.97346 1.09024 0.74867
-0.39871 1.05512 -0.47365 1.29012 -0.36736
0.91727 0.15251 0.34758 1.82811 -2.88828
1.39198 -0.05891 -1.48211 0.88558 -1.19097
1.65283 1.66102 -1.96701 1.23678 0.0691
1.56063 1.88568 -1.58861 -0.91407 1.13035
3.22497 2.3304 0.56527 -0.5689 1.18813
0.76468 2.81351 -1.60933 0.37093 2.05449
0.1458 0.45071 -0.62562 -0.54171 2.89831
0.56739 0.36603 0.94636 1.47601 1.97733
-0.27284 0.04033 0.08222 2.1711 3.38161
0.38134 0.07452 1.03021 -0.09464 3.88723
0.28942 -0.13923 2.06578 -0.58197 2.89508
1.64342 -0.29636 1.18476 -0.86917 2.64506
1.68271 0.92251 0.34293 -0.65172 3.52593
2.4739 1.51831 -1.38419 0.62819 3.79326
1.35345 -0.3218 -0.59268 1.45448 3.50036
3.35978 -0.85786 -1.72572 0.37275 0.58229
3.48619 1.40712 0.55906 0.16512 -0.72163
3.39192 -0.85157 0.74034 -0.3053 0.8729
3.60751 1.58384 2.35968 -1.10609 1.49882
4.80771 0.602 1.12769 -0.99908 -0.56685
4.42405 0.08103 -0.86518 -0.449 0.30085
0.9527 1.4476 -1.88601 0.27955 1.93264
1.33639 1.19334 -0.03688 1.36544 2.42257
2.56494 -1.22202 0.83346 -0.94726 1.35372
2.76771 -0.13811 1.43488 -2.03867 -0.05033
1.28838 1.51979 2.23333 -0.83218 -0.17467
1.13448 0.41483 0.67114 -1.96494 1.23028
1.6659 -1.36972 0.68969 -0.73025 -0.11929
1.248 -1.33386 -0.11245 0.97596 1.30339
0.50091 -0.26467 -0.4486 -0.45978 0.53014
-0.05316 0.58787 -0.91292 -1.26942 -0.45779
0.68516 2.19958 1.1563 0.27332 0.23463
0.0276 0.3361 2.04011 1.19467 -1.13581
1.97103 -0.19081 1.64846 1.51005 0.70102
2.81615 1.19352 1.26518 1.59887 0.80761
2.83908 0.22676 1.79188 -0.29301 0.90416
3.17836 -0.64593 0.90755 -1.17938 1.56851
4.07993 -0.90763 1.18578 -0.76005 1.26055
3.66966 0.2249 0.00161 0.04197 0.98407
2.256 0.79546 0.73189 0.60991 1.43076
1.57042 0.90096 1.21058 -0.33282 3.4843
4.18186 -0.32268 0.03293 -0.19887 3.46484
5.39139 1.72789 -1.87295 -1.43121 3.84227
4.77025 0.888 -0.87538 0.29665 4.16641
4.69543 0.64112 -0.80137 0.80647 2.23907
5.0643 0.37574 1.19968 0.00284 3.09928
4.5441 0.32723 1.18127 4.19737 0.76453
4.06137 3.42249 1.05418 -0.08975 0.44057
4.62526 1.84601 -0.54859 0.60939 0.8705
3.65647 2.29321 -1.3977 0.59823 -0.00244
5.33699 -0.33484 -0.03296 1.49756 1.0335
5.0647 2.2783 1.90112 -0.04021 1.41388
6.16172 1.42485 1.09393 0.2991 0.58152
5.51979 2.33758 2.32138 0.81404 0.02291
5.5824 2.61433 1.18984 1.793 -0.75613
6.16642 2.4563 2.37748 -0.02747 -0.48253
5.03699 2.88471 1.48295 0.39753 -0.45342
4.1703 1.05529 -0.33137 1.70951 -0.68132
1.99124 2.80769 0.03816 0.22501 1.22731
2.52883 2.0505 -0.52356 0.0577 0.97957
3.06932 -0.66279 0.44889 0.75868 -0.34785
1.81313 1.12739 -0.20453 0.49053 -1.14215
1.19284 -0.10747 0.15962 -0.62271 -1.37021
0.09644 1.23355 0.6342 0.70732 -1.18745
0.80658 -0.99475 0.03622 0.27557 -0.51841
0.19893 -0.02959 -1.44982 -0.91913 0.18168
-0.86011 0.46048 -1.32025 0.14157 -0.00123
-0.42232 0.70364 -1.53764 -0.13301 -0.91736
0.42074 0.80254 -0.10713 -0.54867 -1.00273
0.28657 0.76275 -0.96731 0.61322 -0.08447
-0.72689 -0.50357 0.62507 -2.24193 -1.07854
-0.14229 0.67369 1.65164 0.60132 -0.61702
0.63047 -0.32367 1.82858 0.90278 -1.30539
0.81166 -0.67266 1.66589 -0.11036 0.24692
0.14002 -0.30908 1.76031 0.67301 1.4378
-1.98855 -2.26257 0.84175 -0.20042 2.98791
-0.58748 -1.62042 0.09148 1.62197 2.65728
-0.36081 0.81125 2.16787 -1.64035 1.9459
0.9293 -1.96689 0.63523 -0.00342 0.35333
2.01052 1.74347 1.81391 0.17219 0.04647
2.05148 0.3525 1.79096 1.78331 1.54601
1.46919 -0.1787 1.4591 -1.18948 0.74566
0.22847 -0.11075 0.82128 0.48163 1.23715
-0.16622 -0.11354 0.04858 0.02436 2.53324
-0.51542 -0.10207 0.26552 0.54384 0.66691
1.07198 0.61628 0.33652 0.48348 1.49086
0.8716 -1.37892 0.18281 -0.45694 1.34878
-0.55115 -0.07327 0.04718 -1.52347 2.14869
-0.02109 -0.73723 -0.91075 1.0314 1.07205
0.34233 -0.09679 -2.64695 -1.03397 -0.1462
1.40591 0.32288 -0.7884 -1.17483 0.60898
2.32537 0.89973 -0.96172 -0.92164 -1.17875
0.68645 2.05157 -1.56241 -0.43153 0.95715
2.12755 1.83649 -2.74241 0.18458 0.49642
1.62465 0.7167 -1.61084 -0.32022 0.08103
1.3606 1.6556 1.00774 -0.55451 2.20975
0.23657 1.50608 0.2036 1.46624 2.53285
-0.21707 0.53338 0.41004 -1.09008 1.49966
0.54036 0.1685 2.21149 -0.81849 1.52508
-1.19483 -0.17034 0.29489 0.29125 1.786
0.20548 -2.36686 0.3698 -0.07149 1.70631
-0.32643 -0.35395 -0.15815 -0.48631 3.23312
1.00079 -0.97389 1.09574 0.18326 3.53371
1.6445 -1.80533 1.35835 -3.05982 2.42889
1.60326 -0.60695 1.75936 0.31796 4.7009
2.72056 -0.16129 1.88011 -1.37673 2.0889
2.8712 1.80844 2.05006 -0.68744 2.40705
0.99817 1.44419 2.57542 0.5864 1.76243
0.69622 0.98871 1.74311 1.66198 1.85952
2.18971 0.20688 1.50141 1.92407 3.52496
2.0801 -0.09857 3.08951 0.27047 4.29913
2.06426 0.77408 1.29014 -0.92109 3.75312
1.70793 0.11339 0.1928 1.1435 3.03876
1.08957 0.32605 1.30752 1.14954 3.83242
1.64742 1.09541 1.32388 1.63457 3.57488
1.72287 -0.48763 1.69378 -1.47126 4.07371
2.22541 -0.58683 1.05014 -0.35749 5.29036
2.69672 1.03552 2.00655 1.4293 5.93333
3.73483 0.42138 3.02383 -1.81618 4.75668
2.56207 1.60253 2.72835 -0.54195 3.32597
0.88282 -0.49799 1.65056 1.06618 3.06125
1.48742 0.30578 1.29215 0.08702 3.97645
2.39627 1.32183 1.15458 0.8021 4.9329
4.39468 1.36653 1.12388 2.39338 3.65961
6.00929 0.30083 -0.00055 0.69223 3.94429
4.94909 -0.22389 1.07811 -0.43447 2.98864
4.28074 -0.62024 -2.14953 0.0852 2.69404
5.5401 0.02726 -2.62919 -0.22666 1.70383
5.60051 2.05278 -2.35016 -1.69661 1.26212
7.32116 2.22461 -0.2635 0.07444 1.45384
5.68482 2.33801 0.74856 -1.21655 2.42517
5.96422 2.08616 1.55667 -0.89483 2.52206
5.77836 2.75264 1.13533 1.34637 2.63469
5.05387 1.64848 0.81784 1.80035 4.75576
4.20822 -0.81481 -0.23079 -1.48687 3.91729
4.33888 -0.86572 -0.77865 -1.39788 5.20509
4.65072 1.49483 -0.25949 -0.50509 5.02364
4.6397 1.31398 -0.42497 0.88865 4.6106
6.09729 0.93933 -0.18263 1.01609 3.02524
5.68025 1.87994 -0.9413 0.56057 3.28802
5.77676 3.02354 -1.09972 1.48602 1.73696
4.15448 1.52359 0.01253 1.09485 -1.04776
3.92006 -0.32036 1.23502 0.118 -2.32684
4.18463 0.23623 0.26276 -0.43109 -2.90535
2.54482 0.41476 -0.20979 -0.37116 -1.75875
1.29228 -2.22189 -0.2183 1.29361 -0.84702
-0.32506 -0.39591 0.75848 0.15704 -1.19976
-0.39749 -1.05622 0.38854 0.10336 -2.01853
0.15292 -2.1528 -1.33249 0.18126 -3.38438
-1.10616 -1.10258 -1.76497 0.30681 -2.08362
-1.62522 -0.34576 0.95268 0.36249 -2.47987
0.0619 -1.54279 0.05775 0.75557 -1.0074
-0.07635 -0.75599 -0.4355 -1.04599 -0.50735
0.68441 -1.31203 -0.09517 1.11417 -0.13459
-0.79949 -1.3981 0.41125 0.30148 -0.14187
-3.0028 -0.84954 -0.57255 0.14517 1.07418
-2.03376 -1.97609 -1.38222 -0.33906 -1.0623
-0.5931 0.44906 -0.19759 -0.11462 -0.19435
-1.18782 0.04127 -0.10027 -0.22792 0.13306
-1.94156 0.09145 0.57755 0.60121 0.09643
-1.45195 -2.1542 2.06681 0.3373 0.45206
-2.05483 -2.26501 0.2432 0.43954 -0.47138
-0.41066 -0.93308 -0.44637 2.03881 1.85307
-0.78666 -1.05126 0.27889 -1.02372 1.93964
-0.04011 0.37238 -0.63691 -0.05999 3.30686
0.5139 0.13887 -1.02816 0.37455 1.36111
0.15287 0.72832 0.93667 -1.14646 0.60214
-1.44567 -0.30539 0.57098 -0.54173 1.4062
0.56501 -1.17977 -0.01473 -0.10826 1.02296
1.98988 1.26845 -0.21331 1.0354 0.58503
-0.19243 -0.06714 -0.26906 -1.20788 2.54812
-0.47438 0.04633 -0.29105 -0.72619 1.23649
0.9217 -0.71236 0.20551 0.0982 0.30471
1.46293 0.49725 -0.92529 -0.1489 -0.26455
2.24265 1.84698 -2.43761 -0.96218 -0.95691
2.15772 1.47403 -1.43801 1.72056 -0.58639
1.73369 2.30239 -0.64167 0.05345 -0.2943
1.77694 1.82241 -0.39627 -0.62041 -0.73857
1.07034 0.64509 -0.95325 0.74932 -1.40605
0.54141 0.24302 -0.49432 -0.91628 -1.32836
0.85912 -0.34364 -1.39909 -0.2618 -2.3782
-0.66967 0.37731 -1.20806 -0.99743 -1.12566
-2.27537 0.83235 -1.19577 -2.07099 -1.32341
-3.29711 0.96644 0.90219 1.04231 -0.55011
-2.36125 0.18625 0.62449 -0.1252 -0.59111
-2.06285 -0.63352 0.13091 1.10271 0.79307
-2.88028 -0.2195 0.06478 -1.29116 0.01516
-2.87475 -2.33884 0.16564 0.72073 -1.72045
-3.08466 -1.8348 0.12288 -0.83377 -0.51051
-1.52554 -0.39444 -2.16614 -0.53988 0.95599
-1.82773 0.85995 -2.89398 -1.11188 1.54663
-2.52444 -0.78742 -0.41931 -0.67802 0.26139
-3.65208 -1.12783 -2.08147 -0.75543 0.53495
-1.29775 -0.64979 -3.30633 -0.65543 1.43919
-1.91542 -0.66693 -3.5658 -1.93695 0.45156
-2.24741 -0.47892 -2.90771 0.26573 -1.71617
-1.99596 -0.80132 -2.46802 0.64818 0.71995
-1.73735 -0.71005 -2.67887 -0.34034 1.25209
-2.93833 -0.29979 -4.13696 -0.79089 2.27618
-2.52109 -0.52544 -3.51169 -1.04194 2.41559
-2.63804 -1.44691 -3.90113 -0.3765 3.5903
-2.85003 -1.24467 -2.71376 -0.07934 5.53075
-0.53735 -0.30296 -1.34076 -0.72261 5.50794
0.04187 -0.43951 -2.30808 -0.02542 6.3627
-0.27114 -1.28606 -1.62446 -0.42929 5.32762
2.5226 0.16025 -1.21544 0.06877 4.7186
2.5133 0.23813 -0.95131 0.0257 3.11513
4.52569 1.63839 -0.53987 0.75203 4.28738
4.36176 1.99112 -0.25279 1.50425 4.12898
6.86441 1.68165 0.6821 1.87592 2.88057
7.41398 2.05186 2.07716 1.52076 1.72932
8.0706 0.33831 2.02569 -0.65333 3.18693
5.57146 -0.40639 2.19635 0.53368 2.16733
4.49474 2.21245 1.69498 -0.87172 1.73257
2.51225 0.89982 2.39704 -0.86646 2.93601
2.02133 0.25094 1.29091 0.67212 3.08264
2.25904 -1.24762 0.72529 0.45591 2.465
4.76503 -2.56907 0.5834 -0.3643 1.56725
4.89968 1.64847 -0.10241 -2.93377 1.57908
4.43436 2.09121 0.46276 -0.06862 0.87444
3.20427 0.54802 0.23407 2.68966 1.77087
4.47807 1.11231 1.99826 1.15216 2.6004
5.56911 0.36685 1.14995 -0.61551 0.34392
4.03929 0.15265 1.5227 -0.38475 -0.43441
3.56707 2.02969 0.08128 -0.68896 0.04542
2.33357 0.70547 -0.11175 -0.77132 1.82944
1.49175 1.47991 1.27442 0.75451 0.64664
1.82807 -0.66977 -0.77323 -1.36278 1.12115
0.55267 2.856 -1.53396 -0.52098 -0.55222
-1.83661 1.30282 -1.22971 1.08642 -0.21769
-1.56508 -1.35403 -2.48114 -1.28217 0.20843
0.15054 -2.49168 -2.37289 -0.62817 0.66017
0.22613 -1.95345 -2.81433 -0.30364 0.05501
0.28325 -2.22741 -2.72974 0.09736 2.43809
-0.42608 -1.69386 -2.83872 0.58766 1.5507
-0.35167 1.08134 -2.95665 -0.39768 2.5994
0.69315 0.13528 -1.37929 0.28558 2.03201
0.13232 -0.84887 -1.06206 -0.35795 1.96145
0.6125 -0.10698 -0.22232 -0.34802 2.00833
0.45921 0.32156 -0.04688 -1.34975 2.39553
-1.10072 1.69629 -0.8268 0.70679 3.55068
-0.95739 -0.48268 -1.24681 0.04849 1.71956
0.05366 0.28734 -1.32192 0.74518 2.12335
0.31968 0.28736 -1.80746 -0.07286 0.35331
-0.27935 1.16496 -1.03616 -0.46625 0.98366
0.91039 0.47649 0.15344 1.6059 1.05114
-0.2172 0.51307 1.56165 -0.78113 1.01136
0.28795 0.02918 0.85972 0.44897 1.31071
-0.2165 -0.89858 1.35797 -1.12732 2.55064
1.04098 -0.74998 1.05978 -0.10427 2.65107
-1.25643 0.6078 1.91062 -0.53307 1.78479
-0.5414 -0.20033 1.12632 -0.24893 0.90825
-1.55251 0.17151 0.7405 -1.20575 1.47081
-1.47014 -0.36323 0.02015 -1.10271 0.69519
0.32411 0.62548 0.15437 -0.78975 2.58474
1.69433 0.6228 0.10792 -0.90075 2.32916
1.7886 1.21587 -0.14559 -1.54781 2.38842
2.35204 0.05726 0.67359 -1.08994 2.04371
1.05157 -1.29213 1.90431 0.66812 1.19455
0.74121 0.51175 1.90733 0.42408 0.27249
-0.87704 -0.4644 2.63805 0.702 0.46011
-1.09761 -1.15177 2.45362 -0.79991 1.0613
