-0.37062 3.26698 -1.18936 1.13589 -0.84721
-0.22148 1.59069 1.01493 -0.11699 -0.84546
1.24394 1.74348 0.17595 -0.75298 1.06997
2.11168 2.94397 -0.57953 0.79265 0.25355
0.25508 2.77307 0.0773 1.00924 -0.33212
1.27751 0.82507 0.79758 0.33458 0.1421
1.34157 -0.23396 -0.10686 -0.4189 -1.20364
0.37761 0.95045 -0.68343 -1.48664 0.40222
2.67138 2.13491 -1.93866 -1.78359 -0.10443
1.82331 0.88207 -2.35607 0.14237 -0.23276
1.03255 1.13539 -1.9691 1.19495 -0.73661
0.6119 2.02131 -0.2657 0.38168 0.60994
2.00415 4.12569 -1.31124 -0.62552 1.71872
1.71953 4.63793 -0.61948 1.84706 0.56442
0.79087 2.86079 0.68133 0.85627 1.90494
1.47613 5.0072 -0.35767 0.56953 1.83679
0.18328 5.77696 0.12524 1.74261 -0.8714
-0.15397 4.83276 -0.1145 2.94765 -0.68163
-0.96265 4.22332 -0.31047 2.30052 1.17869
-0.46216 5.41993 -0.04671 0.97596 2.36514
-0.51836 4.43386 -0.25259 -0.07434 0.21777
-1.49102 2.83697 0.97388 1.99376 -1.01049
-0.57925 1.99103 -0.97783 3.44419 -0.13179
-1.68905 2.91815 -1.1486 1.89975 0.44549
0.44799 2.08323 0.30292 1.02076 -0.71307
-0.78347 -0.156 -1.00922 -0.88402 2.78716
0.41988 0.81159 -0.54178 1.89479 2.525
0.58315 1.87394 -2.19982 1.52468 1.58751
1.78135 1.7713 -2.34032 0.48124 -0.97005
0.32899 3.42503 -2.55817 -1.09743 -0.98678
1.99965 3.21643 -1.88465 -0.00262 -0.11406
2.09808 2.99616 -0.03253 0.90152 -0.45281
2.97098 4.77908 0.74794 0.52485 0.04032
4.16578 6.56436 -0.10973 1.36146 -0.79733
1.98218 5.96758 0.7491 2.24817 -0.52903
0.5187 5.51237 0.48182 2.30186 1.81212
0.655 5.33793 -0.24187 1.69994 -0.96187
1.49699 5.20561 0.59223 1.9656 1.08941
1.18824 5.27315 -0.37787 2.54059 -0.37011
2.84665 6.12038 1.43561 2.54388 -0.20509
1.48895 5.44309 0.0844 1.08257 -0.48303
1.5466 4.85602 -1.96544 1.13124 0.14054
1.35901 4.04694 1.60715 1.23656 -0.08194
1.07655 4.23377 1.41894 1.73487 -0.4291
3.50144 3.43838 0.69778 1.73101 0.33365
3.01805 2.83076 0.47484 2.49437 -0.03164
3.10175 4.96859 0.4593 1.83093 -0.95613
1.32396 5.58779 0.32301 1.4785 0.16907
-0.97084 4.64874 -0.1424 1.69518 -0.65051
-1.43846 5.51836 0.70029 2.60003 1.0659
1.59395 6.27459 -0.21096 3.0582 0.36595
0.91358 3.2294 -1.10459 4.35235 -1.83835
0.36448 4.00218 0.49863 3.21354 -0.16315
-0.31461 5.25137 -0.9144 2.34779 -1.11105
0.35307 4.60559 -1.35442 2.34009 -0.85832
2.23268 5.33493 -2.28194 1.91666 0.55298
0.41404 6.7446 -2.01306 2.71462 0.36263
-0.23896 7.07668 -1.0359 2.70379 0.12504
-0.39332 6.37459 -1.37591 1.23154 0.04958
1.78483 7.05255 0.56087 -0.72685 1.04012
1.5446 5.85227 -0.84099 -1.8642 0.13559
3.17645 5.20443 -0.89252 -1.71826 -0.58606
2.11702 5.09583 -1.31584 0.555 1.1818
-0.66931 5.78943 0.54941 -0.66037 1.19033
-1.08732 3.12626 1.82114 0.39836 0.58718
-0.37246 3.94223 1.57371 1.39356 0.59592
1.7033 4.57617 -0.07774 0.9971 -1.30509
3.84334 2.92579 -1.84556 3.32243 -1.27634
2.47004 3.14324 0.07839 2.74842 -0.91209
0.82752 2.89303 -1.98661 2.11436 -1.03082
1.33207 4.00611 -1.00779 1.19663 0.29108
0.72311 4.16607 -0.30349 2.354 -0.03994
0.50028 6.5888 1.71795 3.92268 0.66424
1.83941 8.5024 1.10434 2.82456 0.90607
3.09306 7.89494 1.48292 1.12895 1.31285
0.70541 6.32493 1.15903 -0.2629 0.27593
0.81928 6.00436 0.61284 -0.56428 -1.84307
-0.44067 7.85367 0.211 1.12686 -0.20153
-0.67148 6.3711 1.67877 1.14606 -0.49401
-0.2836 4.31331 1.06491 2.54977 0.20776
-0.36238 3.84088 -0.14658 0.53567 1.07321
1.0883 1.23084 -0.00941 1.32345 -1.48629
1.3548 2.21205 0.69664 1.3896 1.07881
1.64044 -0.09992 0.28387 -1.03326 0.19589
1.19803 0.31923 -0.14688 -1.89942 -0.16774
1.49531 1.77338 0.46976 -1.43533 2.66634
-0.74875 1.90657 -0.57725 0.19677 1.8782
-1.61432 1.56182 0.39842 0.48307 1.62716
-1.51124 3.64241 0.15723 2.33726 1.64917
-0.80594 5.44126 -0.3569 1.44074 1.05456
0.42924 4.73918 2.0537 1.35123 -2.03557
1.83951 4.58453 1.99764 0.01474 -1.21137
-0.85789 5.43579 -1.38008 0.65724 -1.73462
0.05158 5.73578 -0.47856 0.9327 0.37963
2.79898 6.24189 -0.6324 1.07229 0.50275
2.38959 5.38128 0.19831 0.46455 0.71937
0.12184 3.4927 1.21959 2.43225 -0.66616
0.55471 2.83984 0.20035 -0.24077 1.01775
0.98125 2.97424 -0.38744 -1.06385 0.69443
0.76126 3.64017 -0.66192 1.41486 -0.28409
-0.02571 4.11351 -0.84283 2.77958 1.32901
-0.00568 4.44126 -0.6954 1.0486 0.72007
0.02037 4.57592 0.43179 0.91405 -0.57434
-0.42461 4.75803 3.12634 1.14066 0.99085
0.87242 4.10256 1.63241 1.58158 2.19321
0.80804 3.17763 2.0523 0.08038 1.54491
2.53953 2.77158 1.24604 -0.78439 0.64811
3.4215 1.92572 -0.36926 -0.77361 -0.09374
1.95 1.30987 0.26584 -1.36608 1.28817
1.74549 0.86793 -0.81315 -0.02989 0.84845
2.70537 3.20896 0.73308 2.83703 0.40659
1.34907 1.45642 -0.23182 2.36121 1.61515
2.63875 1.62682 -0.03584 2.13644 -1.33913
1.95504 2.02602 -0.32797 3.03657 -0.45162
1.26912 2.34096 -1.07077 2.51297 0.58434
0.75057 2.09219 0.23919 2.41678 -0.82533
1.15548 3.05944 -1.2697 1.87186 1.40471
0.58863 3.96449 -0.98158 2.57952 1.14778
-1.37518 4.51739 0.95635 1.87894 1.32956
-1.57629 6.43182 1.47588 1.7378 -1.235
-0.82315 2.91526 0.59222 1.18474 -0.8144
-0.58454 3.03715 0.17137 0.6875 -0.19303
-1.26222 4.57518 0.33322 0.27665 0.89155
-0.72509 3.11527 0.62335 0.18982 0.96072
-0.9284 3.02606 0.49305 1.76163 1.06001
-0.21825 3.14213 -0.98946 1.95684 2.10293
1.44447 2.00626 -1.87038 0.56507 0.9917
0.24303 2.79067 -0.92144 2.6545 0.70239
-0.8758 2.70238 0.32957 1.66109 -1.005
1.20282 3.33451 -1.6956 3.96675 0.8542
-0.77568 4.6243 -1.07743 1.83677 1.3151
-1.00587 4.17721 -1.72218 1.30891 0.81383
1.00631 4.87146 -0.37486 0.57249 0.46583
-0.18899 3.95968 -1.22704 1.4259 -1.37553
-0.93734 5.51502 0.43484 3.26279 -0.92014
-0.14044 4.68306 0.47692 2.01007 -0.66416
0.86419 3.02234 0.14764 0.41397 -0.84633
0.52121 1.5406 -0.24454 2.05034 1.54044
0.95063 1.55299 -0.75653 0.02824 -0.59121
-0.70116 0.7251 -0.15465 0.63353 -0.73609
0.10209 1.30254 -0.42928 0.24555 1.22128
0.97618 0.25547 0.68957 1.86639 -0.25666
1.59015 1.84708 -0.42702 1.74897 0.94111
1.85466 3.09452 2.13175 0.46499 -0.51848
3.49862 3.09104 0.22693 2.27588 -0.95287
1.22114 2.28998 0.08775 -0.46639 -1.19911
1.10231 3.91404 -0.33671 1.84624 -1.4611
-0.34876 5.29338 0.63362 2.36188 1.17179
0.15352 5.30018 0.34247 1.62324 -0.05648
0.58726 7.49402 0.7911 3.39487 -0.236
-1.26047 6.11865 2.10079 1.67283 -0.91369
0.45883 7.2729 1.8769 0.38961 -0.64904
0.41535 5.54738 0.8281 1.6012 0.27488
0.19665 6.13338 -0.57059 1.17918 -3.08389
-1.16915 5.70429 2.70312 1.48361 0.03464
0.13461 6.00187 -0.27455 -0.57802 -0.76707
1.3158 4.19102 -1.05647 -0.75474 -1.41072
1.95068 4.12506 0.5279 -0.24899 -0.24049
1.23351 3.2487 -0.9693 0.8874 -1.14546
1.30469 3.67075 -0.24776 -0.76834 -1.44679
-0.71639 4.27132 0.66198 -1.22956 -1.95541
-0.03745 5.26348 -0.61915 0.28858 -1.60693
0.85857 5.31534 -0.9071 -0.73036 -1.11084
0.01992 3.45536 -0.54093 0.2882 -0.46935
0.11031 4.42486 0.54056 -0.48718 -1.75114
-0.46815 3.11626 0.85439 -2.01614 -0.86
-1.67673 1.36322 0.20686 -0.60665 -1.0729
-1.15181 0.4106 0.41214 -0.70926 -1.86759
-0.84225 3.24675 -0.23784 -0.23466 -0.45469
-1.1352 1.7502 -0.23047 -2.51203 0.12054
-0.32797 1.80072 -1.3629 -2.20488 -0.16319
-0.10148 1.86065 -1.29484 -1.23987 -0.36984
0.7477 2.59953 -1.94782 -1.22004 -0.41393
1.37316 2.33412 -2.06719 -1.95932 0.79108
0.82751 1.78057 -1.40143 -2.0571 1.0876
1.28908 3.23465 -1.50721 -1.81341 -0.50148
0.46568 2.57115 -1.64757 -1.7778 0.82887
0.84427 2.64859 -1.48526 -1.37986 1.0114
1.71495 2.45168 -2.98301 0.29147 1.37694
2.02135 3.1812 0.02368 0.41861 1.27541
2.44237 4.77191 0.48396 0.77066 -0.35384
2.18202 5.32363 0.36859 0.8532 -0.27797
0.12323 4.79915 1.08052 0.85477 -0.81764
-1.28474 3.89124 1.3022 3.28245 -1.61215
-2.06715 1.77175 0.25178 2.09645 -2.21701
-1.09464 2.56246 -0.58785 1.10443 0.15064
0.22366 2.24424 -0.33854 0.77907 0.13273
-0.80229 3.89158 -0.9377 -0.07797 -0.18809
-0.48421 4.70011 0.15872 1.94032 -0.29776
-0.61674 3.86562 0.75796 2.32233 -1.32712
0.43265 2.26292 1.93377 3.04803 0.01126
-0.23585 3.27678 -0.38482 2.24558 0.4434
1.45913 4.53947 -0.71379 1.09905 1.73906
1.557 2.94858 -0.27331 -0.03482 0.74852
2.32994 2.60793 0.07222 1.42381 -0.27633
2.26459 2.26105 1.46534 0.95957 -0.3446
1.55118 3.85417 0.96736 0.39633 1.05343
0.86291 2.50757 -1.46163 2.18207 1.46105
-0.14273 4.07178 -0.68088 2.73069 0.50672
1.26089 5.37184 -1.77325 2.38564 1.40967
0.96914 6.20256 -0.61539 3.09589 0.30301
0.48061 5.67303 1.9356 1.71272 0.20562
0.50773 4.33574 -0.29549 -0.70425 -0.40909
0.80358 3.88075 -0.70998 -0.17573 0.41559
3.29665 4.8143 0.2046 -0.43498 0.78015
2.76633 5.09415 0.84527 1.12591 1.54578
1.64882 4.85561 0.003 1.64504 0.69076
0.39642 4.62969 0.73682 0.29263 -0.73234
-0.70881 4.99192 0.60854 0.65934 -0.23262
-0.83739 6.29862 0.201 0.22951 -0.70413
0.01709 7.30962 -0.82077 -0.01469 -0.43718
0.46078 5.97301 0.77971 0.61488 -0.53702
-0.55403 5.79338 -0.81128 -0.03417 -0.70062
0.65014 4.87906 -0.05799 -2.41183 -0.80886
1.27046 4.80966 -2.16776 -1.48539 -1.75817
0.49666 3.64302 -0.50219 -1.79543 -0.22507
1.41515 2.08324 -0.57195 -1.74048 0.40302
1.46922 1.479 0.82303 -2.72072 -1.75073
1.69359 1.91689 2.35849 -2.18578 -0.37227
2.01139 2.82767 1.46156 -1.79717 -1.34929
1.93406 4.88603 0.1449 -0.4016 0.73983
2.60547 4.63994 -0.10511 -1.4398 -0.67803
2.29988 4.2198 -0.22935 -0.66948 0.3191
0.06264 3.93278 0.20612 0.75474 -0.73698
-0.83091 3.37966 1.4943 0.58628 0.93609
-1.27567 4.30858 2.54236 -0.76372 0.35125
-1.23158 5.23896 2.05987 1.13057 -0.33248
0.41196 5.51315 1.32968 0.91448 0.23627
2.06695 5.14425 0.97524 0.12533 0.5613
3.49621 4.29174 -0.18422 -0.12771 -0.75317
1.78632 4.35959 -1.20521 1.41351 -1.62306
1.59295 4.67095 1.35694 0.59948 -0.68371
1.24974 4.21593 1.33027 0.12194 -1.43828
-0.11407 5.2512 2.02648 1.74212 0.21036
1.23221 5.21266 0.84536 1.85257 -0.29219
2.11455 4.70035 1.43748 3.08569 0.56149
3.39306 5.74569 2.11609 1.50856 0.7374
3.66874 3.33658 0.32208 0.98403 -0.09145
0.74132 3.25416 0.62489 1.29383 0.86801
-0.54891 3.30967 -1.13746 1.59742 1.41805
0.07317 5.18674 -2.099 3.07488 1.03181
-0.45378 6.03677 -0.94016 3.95576 0.32405
0.57527 5.1122 -1.87669 3.74474 -0.39199
2.40339 5.41366 0.63466 3.89189 0.3774
1.13434 5.13832 0.8255 1.87126 0.55483
-0.58394 5.01965 0.30894 2.33213 0.43203
0.40546 4.93913 0.99365 0.7803 -0.13169
0.35721 5.02179 -1.11293 0.77562 -0.71297
0.64131 6.77122 0.41764 1.2765 -1.41241
0.48426 5.84958 -1.20283 0.776 -0.3172
0.73018 7.59925 -1.39533 -1.4909 0.2802
0.18535 6.0035 -1.8721 -0.11171 -0.14425
0.30897 5.22078 -0.85022 1.03624 0.97963
0.76379 4.55119 -1.10326 -0.44871 1.52642
0.4601 3.33612 -2.65814 0.38997 0.50261
1.60435 4.94772 -2.18416 2.03033 0.18972
-0.10192 3.60328 -0.4752 1.25676 0.86594
0.72257 4.21552 0.15559 -0.2407 0.83271
0.41651 3.92782 -0.79853 -0.07133 -1.86594
-0.70502 4.91511 1.25067 1.98478 -0.6544
0.00987 4.65556 0.02701 1.95938 0.73023
1.69329 3.4156 1.08776 2.78456 0.55157
2.71785 4.15238 0.13571 2.66596 -0.61408
1.89123 3.65064 0.81716 2.38659 -1.4109
1.51088 3.35855 0.28277 1.36886 -0.23973
0.17262 5.6564 -0.08485 1.02346 0.20261
0.41131 6.25766 1.70828 0.48143 0.28987
-0.73739 7.127 0.4216 -1.9148 0.02737
-0.68145 6.02068 0.10193 -2.35309 -0.818
1.45412 5.90167 1.55809 -0.76542 -0.57301
0.87584 5.56104 0.79483 -0.43296 1.12452
-0.38338 1.32974 0.86891 0.45369 -1.3228
-1.12166 2.89828 0.68813 -0.19565 1.06813
-1.23375 3.07792 -2.6919 0.69275 0.71777
0.12313 3.7586 -4.19498 2.366 -1.69852
-1.60483 2.6525 -2.27257 1.60566 -1.15277
3.09666 2.74107 -1.79494 2.27206 -1.02629
2.46334 3.33912 -2.58986 0.2013 -1.70459
3.03229 1.82946 -0.28799 0.51629 0.70893
2.55583 1.98861 -0.42489 -0.84196 0.1967
0.60273 2.85993 -1.19625 -0.51652 0.89989
0.47729 4.1531 0.01896 2.06293 0.19086
1.68428 6.31944 0.81801 2.46529 -0.64119
0.28717 5.25601 0.51322 1.37679 0.57443
0.98296 5.21852 -0.46606 1.67058 -0.24087
0.24094 4.51401 0.62059 0.74163 -1.51527
1.0663 5.78218 -0.42069 1.66635 -1.29711
-0.64729 5.51485 -0.67133 1.42093 0.26182
0.00098 5.31753 -1.05391 0.38319 0.5092
1.40903 4.86042 -0.86999 0.9849 0.1351
0.12488 4.46383 -2.27919 -0.45894 -1.2652
-0.29423 6.82659 -1.60199 0.06809 -1.76746
0.53439 6.75576 -0.53174 -1.53448 0.97268
0.26133 5.69516 -1.57765 -0.49483 -0.21736
-0.4259 5.07611 -0.95193 0.08838 0.79725
0.12571 5.19088 -0.63264 0.81426 -1.14259
1.71999 2.37772 0.37915 0.07631 -0.82917
1.14196 -0.3903 -1.67353 -0.22172 0.61212
-0.00307 2.62262 -0.96009 -0.46793 0.64686
0.28991 1.90852 -1.82944 0.00339 0.53315
