1.67955 7.04579 1.9105 0.56422 -1.9864
2.45958 7.52522 1.77466 1.49494 -2.07699
4.19572 8.16991 0.83232 1.41916 -1.66323
3.89363 8.38689 0.00967 0.67674 -2.59232
5.03961 6.49595 -0.72104 0.19346 0.19086
2.4867 4.81374 0.28136 -0.08625 0.62752
2.77822 3.98042 -1.4008 -0.81726 1.31046
2.74516 2.46334 -2.10027 -1.27156 -0.32397
0.11744 1.42298 -0.71521 -1.68784 -1.87268
0.26708 2.1259 0.19156 -1.18522 -1.0985
-1.14829 2.64326 -0.33679 0.0172 0.08146
-0.5889 1.90662 0.54037 -1.00038 -0.98248
-1.43911 3.09992 1.20428 0.12771 -0.12305
0.07035 2.61103 0.14501 1.21935 -0.06859
-0.10347 -0.04961 -0.078 -0.64162 -0.05071
0.15441 0.41483 0.85624 -0.56352 -0.35526
1.8437 -0.28615 2.36627 0.5653 0.1867
1.78105 0.69121 3.33834 0.1264 -0.07677
1.87699 1.01635 2.91518 0.15467 -1.61876
2.61122 3.61135 3.41823 1.27516 -0.33631
0.90793 5.47269 1.99466 0.81003 -0.28138
1.12277 6.1412 4.00695 2.03919 -1.86391
2.36443 7.72918 3.07817 1.83182 -1.86796
3.45308 10.58725 4.33467 1.05519 -4.22806
3.08912 10.01293 2.6578 -0.3519 -2.42567
3.57745 10.09248 1.23834 1.73186 -0.2582
4.02216 9.73165 0.47625 -0.03332 0.54374
2.33863 7.0605 1.32773 -0.22836 -0.08671
0.47217 7.42201 1.70322 0.89356 -1.12378
0.59452 7.29503 1.67321 0.27782 -1.51705
-0.42278 6.01547 2.51942 0.53627 -0.37132
1.08931 4.74031 1.98563 0.80212 0.71099
1.19637 4.00182 0.36366 0.08747 0.83236
1.43628 2.44378 0.78836 0.3804 1.59815
3.43691 2.66251 0.49527 1.33718 0.7724
0.89723 2.78863 1.59968 1.59792 -0.20809
0.2321 3.94534 -1.39057 0.87907 -0.67871
-0.72561 4.12171 -0.01357 0.86534 -0.34264
1.60034 3.85112 -0.94109 0.31518 1.59413
1.74472 2.11021 -0.61599 -0.52513 -0.96583
2.45483 2.91926 -0.61772 -0.18273 1.30793
3.17848 3.5011 -2.06529 1.12481 0.39749
2.59018 3.62623 -1.65698 -0.43613 -0.46976
0.27763 2.49763 -1.76188 -0.43125 1.15736
-1.27003 4.49529 -1.12491 -0.31231 0.93877
-2.13719 3.48917 -0.74287 0.39009 -2.51623
0.04484 3.61799 -1.5864 0.84034 0.08382
0.53289 4.10096 -0.94871 2.21176 0.74762
-0.04834 3.07888 -1.3016 0.20691 0.26163
-1.28073 2.95589 -1.06708 -0.82632 0.90461
0.2717 2.6216 -1.79795 -1.79197 1.16776
1.20242 3.19711 -4.03061 -0.37494 1.85938
0.54668 5.30534 -3.77359 -1.05565 0.88434
2.22081 6.30979 -3.09041 0.42569 -0.28296
2.70753 6.83151 -3.11852 -0.66224 0.22799
1.0149 5.60702 -3.27699 0.63803 0.00195
-0.24601 6.58133 -2.37679 1.21782 -0.08374
-0.92824 6.80227 -1.85891 0.39512 -0.04071
-0.74773 5.57324 -1.10993 0.42825 -0.42408
-2.7147 5.03507 -0.1896 -0.27143 0.19555
-0.31968 3.35028 -1.9042 -2.54454 1.13201
-1.11457 4.1475 -1.93814 -0.80754 1.6044
2.00346 3.51681 -2.4253 -0.20001 0.98572
2.02766 4.87153 -2.51384 0.72388 0.42486
0.68141 6.38768 -2.43977 1.19198 -0.47775
0.07919 8.65173 -3.05291 0.10607 -1.93798
1.44382 8.07634 -4.34883 -0.0063 -0.63636
-0.45324 8.02789 -4.68923 -1.19193 -0.13494
-0.04508 9.44424 -4.97582 -3.06009 0.56574
-1.4942 9.24707 -3.61217 -1.99593 0.5322
-1.66678 7.77156 -3.75453 -1.46252 -0.64388
-1.92011 9.44829 -3.20924 0.36902 -2.64296
-0.07826 9.87405 -2.72325 0.98933 -0.9567
-1.61467 10.78051 -0.76643 0.90679 -0.1481
-2.10278 10.35301 0.07716 0.24237 0.02362
-2.61826 8.77127 -0.69205 0.15069 -0.56219
-1.67804 8.13845 -1.32513 -2.63865 1.05413
-1.11311 7.37985 -0.284 -1.92342 -1.56852
-0.9479 7.45423 -0.31854 0.64078 0.16908
0.11842 6.48924 -1.56951 0.58107 0.45022
-0.08169 6.54425 -1.79797 -0.55657 -0.8505
-0.78121 5.36381 -0.64093 -1.63548 -2.04536
0.93928 4.48244 -0.30454 0.05474 -3.1419
1.28027 3.04437 -0.20551 -0.75991 -0.99414
0.17325 2.41482 0.16602 -0.99538 0.41682
0.97639 2.836 0.01049 0.51966 0.05411
0.50481 3.09377 -1.11884 -0.27603 -0.18453
-0.08581 4.20179 -0.35039 -1.25182 -0.19044
0.53534 2.18152 0.52615 -0.30805 -0.28755
1.3654 1.07411 -0.09266 0.17936 -0.60969
0.35742 0.31318 -1.02708 1.60777 -0.01098
0.32977 1.90632 -1.95895 -0.27302 -0.38365
-0.3826 1.10158 -2.28961 -0.99267 1.30586
-1.11553 2.15223 -3.56468 -0.01595 0.28993
-1.99159 2.85702 -2.88695 0.5232 -0.935
-1.5316 3.82482 -2.78475 0.05937 -0.63992
-0.31431 3.84458 -3.87485 -0.16464 0.35506
1.10336 4.86866 -4.30257 -0.34701 0.37679
0.60243 5.8893 -3.39434 -1.65296 0.99758
1.51419 7.5081 -2.74896 -1.64964 0.70066
0.93396 7.79227 -3.4219 -1.797 -1.39682
-0.95954 7.18212 -3.76528 -0.09843 -1.87306
-0.04509 7.91841 -3.61321 -0.87635 -1.81517
-0.13923 6.2191 -3.71756 -3.2921 -1.27031
-0.79269 6.58211 -1.8842 -2.78559 -0.08169
-0.76379 7.24692 -1.15254 -2.45223 -0.43314
-0.79406 6.34319 -1.48623 -2.56118 -0.31198
-0.83187 3.67016 -0.37024 -2.25659 0.88898
-0.72105 1.88511 -1.41432 -0.84479 -0.6757
0.45533 1.45483 -2.07797 -0.44254 0.07057
-0.5248 3.82148 -0.06967 -0.46307 0.61975
-0.88463 5.17749 0.04022 -0.3713 -0.82162
-0.72135 4.16291 0.46853 -0.01072 1.13928
-1.42182 4.51607 2.54088 0.09023 0.36532
-1.90831 2.91561 2.2502 0.36763 0.25519
-0.47569 2.8891 2.54419 -0.41602 1.97286
1.52592 4.06512 2.12391 1.06587 1.9652
2.81632 4.00419 2.51604 1.03086 -0.71837
2.91199 4.53404 1.55875 0.27058 -0.3575
2.2389 3.75764 2.64471 0.7473 -1.211
0.67728 4.98136 4.78699 1.4717 0.39262
0.12921 6.3012 4.62743 1.32989 0.14438
0.37663 7.83022 3.02711 -0.16595 0.23236
0.56088 7.52134 3.52863 2.27098 0.28855
1.29281 8.44729 4.04229 1.15633 -1.35177
1.80426 10.34188 4.20562 1.07525 -0.7468
1.80971 10.85985 4.33293 1.14732 0.84717
3.53237 12.25757 4.57584 0.01551 1.27391
3.55675 12.83032 2.98942 1.79749 0.6939
4.39762 12.77653 3.38329 -0.67952 2.01765
3.13187 12.30254 2.25697 2.41712 -0.37557
3.05263 12.27356 4.3325 1.76689 -1.99434
3.37906 10.4191 3.1319 -1.53789 -0.68965
2.93939 9.39702 3.81107 0.05138 -0.01221
3.2573 10.15047 4.85486 0.44121 -1.10027
2.31975 12.98903 2.70971 -0.34819 1.77904
2.03353 13.23735 0.4833 0.70783 1.19333
2.29647 12.42427 1.57705 0.39903 -0.31245
1.28775 11.68196 1.50375 3.33032 0.28557
-0.02981 11.95407 1.78715 2.28998 -0.97313
2.3531 12.90669 1.95389 2.23581 1.15274
2.48759 11.32005 0.68878 -0.02527 -0.61685
3.24604 10.87174 0.26175 -0.01126 -0.42534
2.09348 9.54599 -0.29545 -1.031 -0.03425
2.12407 9.32295 -0.86676 -0.08299 -0.30938
1.56792 8.57091 -2.4023 0.14852 -0.22799
0.85254 8.9603 -3.70018 -1.13002 1.35121
4.03474 9.23665 -3.68712 -0.07461 -2.1527
2.88183 11.82514 -4.73725 0.84902 -2.0423
1.7633 11.90361 -5.06596 -1.31395 -0.22198
-0.32808 12.68272 -4.26946 0.04268 -1.05686
-1.8505 15.0917 -3.62995 0.4146 -0.2807
-0.79069 15.89447 -4.64279 -3.12191 1.26678
-1.33059 17.03142 -4.79052 -0.84841 0.77169
-1.82832 16.22266 -4.46068 -0.82982 0.68165
-1.34329 15.9781 -4.01046 -1.86295 -0.85994
-2.22962 14.14211 -1.34334 -1.81831 1.71562
-0.56999 13.18316 -1.39567 0.17867 0.98723
0.7958 12.13723 -1.31068 -1.34833 0.1537
-0.75848 8.99818 -3.43615 -2.34354 0.45102
-1.04225 8.60689 -3.3374 -0.26546 1.73348
-0.23069 10.08642 -2.78856 0.07063 2.95581
2.45246 9.37736 -2.42612 1.12485 1.86973
1.71089 9.01827 -3.52832 0.46024 1.50928
1.25119 10.39863 -3.98513 -1.23776 -1.63322
1.62175 11.52655 -4.46765 0.01708 -1.33409
-0.51374 11.97201 -4.1084 -0.34272 -0.64475
-1.90108 11.06622 -2.41414 -0.40131 0.26012
-2.59414 11.90798 -0.59574 -2.016 0.90209
-3.39532 11.0051 -0.32492 -1.1183 -0.11088
-1.27249 8.85933 1.65561 -2.10051 -0.04912
-3.11872 8.39835 1.41144 0.04097 -1.30977
-3.41444 6.58848 1.9504 -1.27268 -1.07298
-2.46344 6.98749 1.77367 0.26264 -1.02477
-1.10952 8.50371 1.61643 -1.17284 -0.32304
-0.05399 7.61378 1.93747 -1.04735 0.62048
0.56872 8.53224 1.82703 1.85854 0.46792
1.41073 11.22495 1.02234 1.83466 0.55745
1.36874 9.74069 -0.1148 -1.00471 0.03151
1.81189 10.09304 0.14023 0.7886 1.26633
2.10544 9.94352 0.35613 0.07846 1.8051
0.9615 9.26453 0.7757 1.36105 -0.01268
2.05091 6.57663 1.15199 0.46111 -1.5459
1.86292 8.47335 0.84004 -0.66184 1.53513
0.63389 6.71147 0.5848 0.09644 0.71431
0.9245 5.8607 0.88325 -1.11327 -2.07872
1.38183 6.06647 0.08553 0.84504 0.54467
-0.80404 5.29601 1.16884 0.39329 0.07421
-0.61032 5.13156 1.18474 -0.16224 0.76703
0.30468 6.0175 0.41757 1.71441 -1.07907
1.09745 5.26043 0.19151 0.22999 0.59934
1.01663 4.85473 -0.09298 0.60908 -0.01642
0.08023 4.24756 -0.58009 -0.3095 -1.0023
1.38581 4.59464 0.96519 -0.41506 -1.57083
0.74357 2.91924 0.51863 0.42306 -0.34314
-0.81145 2.05861 -1.54285 1.15442 -0.36171
0.03448 1.09169 -2.30557 -0.58452 -2.03264
0.69921 0.8621 -1.72903 -0.29538 -1.07317
1.35739 2.16367 -2.59563 0.92384 -1.4092
2.61161 3.22261 -3.55893 -0.07927 -2.05857
1.25641 4.42567 -4.04872 0.29079 -2.38388
-0.0929 5.44812 -3.51547 -1.36968 -1.7749
-0.23361 7.06801 -2.5232 -1.32177 -2.59959
2.0825 6.12219 -4.20704 -2.32445 -0.87744
-0.83108 7.64101 -3.54137 -0.64643 0.13268
-1.05314 7.36744 -4.40486 -2.39004 -0.18576
-0.53339 8.16778 -3.85609 -1.72818 -0.48677
-1.19997 6.62278 -4.75282 -2.98691 1.2412
-1.55668 7.8605 -5.64778 -1.15205 2.03377
-0.5641 8.34916 -5.58223 -1.36227 2.26594
-0.70169 10.24701 -4.74235 -1.66385 0.06175
-1.49848 12.2005 -4.90185 -1.65814 -0.56163
-1.7221 11.97271 -4.3762 -2.08668 1.36384
-1.99094 11.65082 -3.75098 -1.09287 -0.34454
-1.4609 11.32968 -3.96406 -0.61801 0.04507
-1.9888 11.59855 -4.13142 -0.22856 1.1277
-2.16274 10.05664 -3.86223 0.47574 0.06018
-1.33481 9.94166 -2.77332 -0.9955 -1.26719
-0.57747 10.3636 -0.47514 -1.06488 -2.58976
0.17402 9.92656 -2.81082 -0.39725 -1.65163
1.25643 9.87299 -2.43427 -0.79678 -2.15877
0.07451 11.3245 -1.25247 -0.22674 0.1382
-1.3456 10.6287 -1.3402 1.13428 -0.03662
-1.13637 10.36005 -2.68712 0.68075 -2.25603
-0.1818 12.09735 -1.89401 -2.03526 -1.35871
-1.23329 11.04233 -2.23873 -2.07268 -1.65184
-0.59946 10.45277 -3.0096 -1.26194 -0.45716
-0.04299 9.10036 -3.05642 1.13104 1.2538
0.2848 9.15628 -1.06795 -0.47209 0.92453
0.89686 7.39107 -1.54913 -0.5436 -1.2199
0.8559 5.81403 -1.30099 -1.85844 -0.21155
-1.31044 5.02084 -2.00392 -0.61058 -0.13885
-2.16881 3.88898 -0.39663 0.39124 0.93817
-1.82985 5.2168 -0.44426 0.31001 -0.85753
-0.74427 5.09404 -2.26633 1.86023 0.95667
-1.17854 4.52059 -1.79458 -0.3517 -0.46426
-0.767 5.27633 -2.70507 -0.00685 -0.74699
-0.34021 4.90787 -1.80048 -0.06546 -0.95682
-0.76079 4.23419 -0.918 -2.19159 -0.55069
-0.14278 3.96244 -1.97544 -0.53705 -1.50637
-1.36932 2.52585 -1.65447 -0.00894 -0.62712
-0.80008 3.76619 -1.23591 0.29318 1.45477
1.39448 4.33532 -2.53031 0.03592 0.50917
-0.89539 3.14184 -2.73596 -1.251 -1.22046
-0.50926 2.5059 -2.36083 1.88072 0.57705
0.49604 2.97092 -3.48533 -1.45195 0.42215
-0.87987 4.64755 -1.59178 -0.08029 0.99446
-1.22855 6.51963 -0.67862 -0.59413 0.24521
-1.91674 5.46793 -1.10135 -1.68831 -0.29601
-1.37639 5.92863 -1.36244 1.5069 0.28825
-0.89278 5.87592 -0.76791 -1.03139 -1.08196
-3.12166 5.33677 -0.68285 -0.31584 -1.90936
-2.54532 5.33105 -1.50124 0.98578 -0.48251
-2.47655 5.17282 -0.57298 -0.33206 0.0194
-2.27081 5.28067 -0.36202 0.74773 -0.89426
-1.86586 3.59828 -0.35859 -0.0733 -0.96004
-1.11382 3.17626 -1.48961 -0.7508 -0.8148
0.80169 2.50465 -0.92773 0.92354 0.26331
-0.19806 1.11185 -1.73791 -0.10004 0.3688
-0.44807 2.50205 -0.85383 0.99845 0.59308
-1.3651 2.37315 0.20099 1.36545 1.75787
-2.98255 0.71893 1.37684 -0.43169 0.82724
-3.02534 1.67757 1.24997 -0.41718 -0.98559
-1.47353 0.22977 1.5982 0.06932 -2.41694
-1.4902 2.33759 1.87233 -0.93634 -0.80076
-1.74938 3.14853 0.40484 -0.64435 0.1088
-2.31437 2.84358 -0.3566 1.2184 -2.18417
-0.08249 3.69013 -2.02261 0.40395 -2.20826
0.92723 5.13699 -1.64251 0.88857 0.06122
0.88494 4.17333 -3.15091 0.29819 -0.82231
-0.14284 6.56483 -2.14108 -0.58864 0.65895
-1.24859 5.94534 -1.4902 -1.17271 1.37892
0.07948 5.45901 0.48589 -0.22064 1.30812
-1.04063 5.36242 0.98743 -0.75853 0.59708
-1.53348 6.73193 0.81724 -0.05027 0.74979
-1.35216 6.62297 -0.46921 -0.14298 0.45106
0.70992 6.43576 -1.23425 0.01807 -0.77033
1.46599 4.0661 -0.8867 0.64918 1.13792
0.10503 4.54088 -1.65991 -0.23344 -0.26972
-0.53621 5.9412 -2.92675 0.35176 0.07037
-0.09129 5.29494 -4.4399 -1.05879 0.9609
0.43385 4.90873 -5.07886 0.23288 1.62401
0.24032 4.29605 -6.28463 1.73658 -0.71397
0.03316 3.2677 -3.72877 -0.11054 -0.03387
-1.80753 3.26553 -1.82675 0.28901 0.54354
-4.28523 4.7992 -1.09187 -1.73137 0.71062
-5.99645 3.85801 -0.43829 -2.50712 -0.1783
-3.29022 5.15659 -0.853 -1.18609 2.35313
-2.58668 5.15812 -0.52497 -0.28225 1.17805
-2.09626 3.74165 -1.40752 -0.03988 0.81878
1.95512 2.49363 -1.86874 0.49401 1.02358
1.10714 3.1757 -1.5298 -1.5327 0.81015
0.15122 3.73179 -1.56531 -1.15728 2.26273
0.29858 3.39955 -2.81207 -0.44716 0.4075
-0.69228 4.35369 -2.05766 -0.88252 0.37616
-1.14391 4.43564 -3.32793 -0.69915 0.4165
0.67135 5.399 -3.9849 -1.95976 -1.05794
0.33156 4.0275 -3.28416 -1.69448 -1.60575
-0.48405 4.00713 -1.71967 -0.96431 0.70129
-1.30611 4.04975 -2.8043 -1.21482 1.22119
