-0.12513 0.03962 1.27388 0.96879 0.21232
0.16813 -0.33953 -0.43196 -0.17484 -0.8139
0.42359 -1.25165 1.38673 -0.72942 -0.7105
-0.81948 0.9965 1.08687 -0.5392 0.86217
-1.28298 -1.13648 1.06458 -0.92956 0.09598
-1.25947 0.09597 0.44964 -1.30202 -0.63736
-1.28122 0.5066 -0.45376 -1.37952 -0.93809
-2.22194 0.38876 -1.58814 -1.35105 -1.68505
-1.57416 0.56243 0.62017 -0.23647 -0.55101
-0.82916 0.7602 0.37049 -2.18823 -0.48234
-0.91187 -0.86023 0.18008 -0.8329 0.88561
-0.58477 -0.54221 -0.93081 0.03728 0.06373
-1.17972 0.07316 0.69682 -0.39943 3.57011
2.34718 2.61139 -0.87546 -0.91457 3.74032
3.64797 0.75123 -2.10485 0.53909 3.89975
4.34653 -0.11755 1.0471 0.61093 3.19178
1.85541 -1.94952 0.34876 1.58809 3.93121
1.57927 1.22069 1.34377 1.30394 2.90868
2.42658 1.41094 0.36869 1.39256 1.77187
1.02276 0.49871 -0.57009 1.47135 1.97656
0.78537 1.59797 -1.26219 1.32851 2.37031
0.21002 2.7709 -1.2748 1.46133 2.65909
-0.0453 1.90471 1.73865 3.20341 1.7938
2.36555 2.22613 2.0594 2.08437 1.52473
1.16063 2.65661 -0.31749 2.15195 -0.04714
0.30964 1.81812 1.39414 1.70468 1.3949
1.03688 1.41743 0.23548 1.27313 -0.06933
0.24977 0.30904 -0.17057 1.87106 0.79285
0.10255 1.75805 0.83894 1.36055 0.95631
-1.75681 0.98197 0.96388 1.91051 1.389
-2.06881 2.53358 0.49097 1.40005 0.90011
-1.01657 1.98124 -0.62214 0.65444 -1.11025
-1.07286 -0.74079 -2.01743 0.81431 -0.65093
-0.64396 1.26943 -0.03764 1.0397 -0.8321
0.50256 1.9839 -1.27454 -0.71595 -0.9093
0.22761 0.75237 -0.45973 -0.91037 1.0265
0.64135 0.564 -1.12422 -0.66873 1.25111
-0.14643 0.2117 0.65027 0.93051 0.67117
-0.5468 0.37398 -0.38147 -0.82459 -0.21435
-1.99071 0.31946 -0.67719 -0.49967 -0.64384
-4.26505 0.43107 0.54104 0.61897 -0.62912
-3.5132 0.50337 0.37961 0.56553 -0.82798
-2.15425 -0.1782 1.15279 0.32023 -1.87468
-2.1173 -0.5239 -1.48405 2.04822 -1.02669
-1.33192 -0.43729 -0.71607 -0.36071 -1.08431
-2.85758 -0.81625 0.37084 -1.9616 -2.14571
-2.19162 1.68983 0.63005 -1.01275 -3.04853
-1.86802 1.21881 0.51613 0.59203 -3.23895
-2.43675 2.97516 -0.2026 0.14128 -4.26842
-2.0066 1.94582 1.01338 -1.91442 -3.88845
-1.43418 1.63805 -0.13217 -1.71299 -2.71878
-1.15309 -0.00589 -0.04319 -2.26691 -1.09977
-0.6935 -0.26586 0.72409 -2.93805 -2.32483
2.31545 -0.4028 1.18146 -3.49939 -0.72514
1.71136 -0.68204 0.87616 -2.93267 0.50059
2.02135 -3.45986 1.13189 -0.5169 -0.37373
-0.39741 1.24997 -0.30079 -0.76376 -0.32445
0.60088 0.00115 -1.94675 -0.72405 -2.00789
1.05552 0.56256 0.36207 1.64642 -0.80577
1.20611 0.40757 -0.51701 0.78161 -0.63986
-0.66296 1.04025 -0.9865 1.28208 1.85075
0.20774 0.17262 1.43139 0.57405 -0.4987
-0.37276 0.77381 -0.84176 -0.25885 -0.80119
-0.70597 0.86915 -1.12757 -0.20672 -1.18613
-0.75582 0.72851 -1.94019 0.06766 -1.01765
0.54795 0.10719 0.89349 0.26724 -0.59491
1.06239 0.37738 -1.57498 0.62028 -0.86234
1.29441 -0.91473 -1.0342 0.21861 -0.5365
2.12728 -1.03483 0.69755 0.79206 0.08892
0.53916 0.84742 0.267 -0.86027 -0.69324
0.78757 0.77526 -0.18666 -1.85365 -0.06493
2.6558 2.54198 -0.71138 -0.65742 0.93406
2.03155 1.93763 0.06457 -0.11123 1.61614
2.48078 1.95654 -0.85228 -1.34203 1.95406
3.08935 2.32767 -0.59496 -0.99649 1.67163
1.96982 0.84638 0.26459 0.02503 3.3184
-0.76859 0.12991 0.91812 -0.58022 3.48575
-1.80993 -0.4245 0.25915 -1.00505 2.6738
-3.56269 1.23693 0.77687 0.75678 2.55193
-2.88472 2.88613 0.98738 0.82984 0.87409
-1.77689 1.47647 1.72494 2.09822 -1.08473
-1.71685 1.12645 0.16597 3.63848 -2.15451
-2.35602 0.67464 -0.76495 2.28701 -0.92897
-2.95021 0.43584 0.95307 2.22695 -2.39983
-1.95801 4.01444 0.09133 1.5931 -1.86774
-3.57398 2.44075 0.76079 -0.4766 -3.05904
-2.44647 0.89999 1.59154 0.31909 -4.55624
-2.4285 1.57305 0.67373 0.09018 -4.41455
-1.85412 1.15908 0.62984 1.04312 -2.75995
-0.34867 1.31886 0.62366 -0.1835 -3.96548
-0.38759 3.97778 0.31524 -2.7436 -3.34837
0.91445 2.53633 0.46368 -1.45746 -2.65413
1.03808 1.89398 -0.6208 -3.1634 -0.38035
-0.19787 1.67079 0.58217 -3.24501 0.59547
1.10996 -0.962 1.31274 -2.68219 -0.05678
1.68225 -0.02187 -0.31538 -0.97671 -0.03465
3.57259 -0.88929 -0.17265 0.02022 0.52315
3.11687 -1.1941 1.32859 0.32581 1.4915
1.67243 -2.06811 -0.10663 1.44596 1.67736
1.28893 0.23917 -0.47337 1.57224 2.48336
0.46963 0.42132 -1.18235 -0.14892 1.76854
-0.44922 3.19537 -1.39278 -0.19726 1.81264
0.87119 2.22343 -1.8457 0.4271 1.52278
-0.55639 2.81837 1.65618 1.78843 1.87972
-1.8571 1.26881 0.54606 1.48258 1.38413
-1.39683 -0.38285 0.70966 2.32991 1.47959
-0.00346 1.27466 2.49979 2.78564 0.00734
0.74897 1.40637 2.29657 3.21893 -0.23472
2.59623 1.18042 0.92483 2.38205 -0.45204
1.72816 1.29424 0.36182 0.82535 -1.36852
0.56628 0.67883 1.54556 -1.40126 1.02265
1.11193 -0.17728 -0.68835 -2.3927 1.54564
2.02897 -0.97963 -0.32497 -0.9025 0.57669
0.33373 1.25988 -1.22748 -1.35808 0.75642
-1.20317 0.85333 0.50804 -0.69501 -0.24881
-1.65834 -0.79664 -0.92289 -1.43729 -2.26435
-1.07502 -1.07059 0.11281 -0.77195 -3.37168
-2.12727 -1.12061 1.01995 -0.21696 -3.03037
-1.46967 -1.14421 0.62637 -1.5561 -2.48223
-0.62453 -0.90301 1.03767 -1.95663 -3.04106
0.32866 -0.95929 1.21745 -0.52676 -2.80869
1.14189 -1.5594 0.24046 -2.30851 -3.46192
3.41774 -0.22612 2.72715 -0.63699 -2.15369
1.05434 -0.55859 -0.59165 -0.40286 -4.01473
-0.62382 -2.10153 -1.38158 -0.52294 -2.57854
-0.05009 -0.24895 -1.15163 -2.37353 -1.61173
0.76418 -0.55002 -1.148 -1.15466 -1.90824
1.08324 1.17809 -0.36813 -1.75655 -1.12057
0.57727 1.55095 0.4535 -1.98341 -0.36889
-1.30145 -0.89249 0.11526 -1.98152 1.06532
-0.89077 -0.58349 1.80442 -2.83948 1.1359
-0.55107 -1.83846 -1.82691 -2.65916 1.25836
0.05489 0.27406 0.20131 -2.60642 -0.26665
-0.43119 -1.29142 -0.68158 -2.68563 0.33886
-0.20941 -2.2299 -0.11523 -0.22877 0.16158
-0.0042 -0.05749 -0.99436 -0.39827 2.95711
-0.36501 -0.41018 0.59477 -0.6687 1.33383
-1.03814 0.0318 -2.81985 -0.64113 -1.24814
-0.53444 -0.8319 -1.16409 -0.25186 -1.03354
-0.14455 -0.93787 -0.79529 1.48693 -2.32161
-1.28916 0.92236 -0.081 -0.80117 -1.7845
-1.17621 0.77925 0.07384 -1.16218 -2.40509
0.4277 -1.09131 0.62567 0.35634 -2.14225
-0.98076 -1.17115 1.42036 -0.53592 -1.41751
0.32925 -2.59762 -1.36513 -1.19048 -0.98274
1.26926 -0.07287 -0.89281 -1.88294 -0.85914
2.36504 -0.30294 0.84648 -0.47634 -2.44136
2.94932 -0.20502 1.73851 -0.4711 -2.53129
3.15462 -1.19667 -2.22124 -0.8485 -0.92767
1.91918 -1.58101 -1.73966 -0.553 0.40917
2.39094 -0.32839 0.63959 -0.14745 1.33091
0.11931 -0.41281 0.85147 -1.17845 1.48311
-0.39433 1.18748 -0.29092 -0.48373 0.65775
-0.57263 -0.37112 1.33894 -1.87333 1.44562
-1.85262 1.31582 -0.54871 -0.09393 -0.85742
-1.35331 2.31393 0.55227 1.45884 -2.0041
-0.53301 2.83717 0.80019 0.16348 -1.81545
-0.45732 2.93133 1.35249 0.83766 -1.87689
0.32492 1.42482 1.13232 0.85923 -0.29332
0.10326 0.29297 1.24417 -1.138 0.95916
1.32968 -0.39078 1.70943 -1.16308 0.1224
1.84428 -1.01106 1.88415 -1.89966 0.65555
2.17002 1.96831 1.08082 -2.43554 0.40803
2.98419 0.68338 -0.26434 -2.28751 1.78106
4.26199 0.87145 0.15041 0.17387 2.66415
2.70479 0.82963 -0.74246 0.72308 2.69169
0.36239 0.41637 0.87722 0.5126 4.55156
0.45452 1.83444 -0.1038 0.52438 2.79175
0.53934 2.27702 1.69619 -0.78665 2.88478
0.58214 3.62339 -0.39244 -0.90222 2.37897
-1.6485 1.33799 1.94278 2.24413 0.00308
-1.37038 0.55036 1.76727 2.03315 -1.05232
0.16534 0.28354 0.1377 2.39632 -1.2203
0.48669 1.24813 1.01226 1.17268 -2.71417
0.26283 0.29864 -2.05137 0.51644 -1.71406
0.60044 0.16555 -0.84121 0.89694 -0.27968
1.02292 1.12244 0.43301 -0.77614 -0.43803
0.52998 0.31724 2.05056 -0.24026 -0.08108
0.0786 1.50193 -0.14114 -1.47543 0.69118
-0.02032 -0.09383 0.91752 -0.14869 1.35166
0.86071 0.08417 0.38786 2.37752 1.27771
0.6606 1.67918 0.31185 2.53128 0.7832
1.98187 1.06676 -1.83139 2.52817 0.13531
2.51084 1.38712 -1.7229 1.08535 0.13399
2.4873 1.46511 0.81012 -0.60303 0.9553
2.14023 0.75905 -1.68065 0.4928 0.70887
2.31908 1.00688 -1.12974 -0.81723 -0.29099
2.24764 1.42261 0.51915 0.24753 0.79594
1.52352 2.35146 1.069 0.77915 1.26334
1.57399 1.29514 -0.73066 1.13892 -0.23892
3.31139 2.16273 0.41091 1.30322 -0.66433
2.01376 2.49124 0.2787 0.99821 1.37558
3.10638 2.20384 -0.85484 0.95903 1.70206
2.84449 1.0847 2.16122 0.88054 2.85423
2.16475 0.73698 0.65792 1.23983 3.05189
1.0487 1.21701 0.14827 0.2647 3.09221
-0.04968 2.90989 0.22482 0.94381 2.46181
0.13809 2.6906 1.13926 0.58626 0.11808
1.11542 -0.1425 -0.11726 1.43056 -0.65727
1.4956 0.77283 0.66573 2.13203 -1.6237
0.42962 0.87188 0.40475 2.1831 -1.63592
-0.11148 0.54923 0.78564 0.6059 0.11565
2.29615 2.54853 -0.28565 0.78146 -0.46651
1.89413 1.84047 -0.66223 0.12113 1.52571
2.07263 1.68008 -1.9437 -0.51966 1.71649
0.50389 -0.36654 1.77926 0.40632 2.87188
0.47134 0.62577 -0.25769 -0.12764 3.39751
0.87067 0.33769 0.65698 0.96265 2.42908
0.18333 0.74077 0.18351 0.32872 3.80208
-0.86903 1.63045 -0.3729 0.19097 3.368
-1.3719 -0.14089 0.14863 2.94566 1.70661
-1.16492 0.63627 0.4461 2.34148 2.39336
-2.12146 -0.74164 -0.3653 1.61864 1.73202
-1.35567 -1.03859 0.16912 1.28209 1.30344
-1.30332 0.04834 -0.71806 1.25881 0.92076
-0.30082 0.96616 -0.02787 0.0493 -1.23836
0.24263 0.10619 0.93691 1.39038 -1.28328
1.54506 0.18708 -0.06062 1.70335 -0.19591
0.88892 1.58076 -1.50819 0.21515 0.54971
1.22098 1.18725 0.4105 0.47117 1.09632
-1.84168 0.82029 0.56167 -0.04893 0.03661
-0.52711 -0.313 0.39578 1.3329 -1.33971
-1.17625 1.19843 -1.15895 1.07826 -0.0465
-1.47605 -0.33685 -1.13792 1.5105 -0.2985
0.55887 -0.17147 -1.18524 0.23677 -1.07967
0.35578 0.75002 -0.40233 -0.63284 -0.31475
1.31707 0.57043 -0.66814 0.31179 -1.67415
1.09143 0.22489 -1.24159 0.37193 -0.86442
2.14973 0.21835 -0.96521 0.31984 -0.46047
1.81984 0.78548 -0.49485 0.69055 0.62524
3.51887 -0.99753 1.61453 -0.20836 0.56132
3.87791 1.75827 0.3323 -0.52442 -0.22383
3.85789 -0.55175 2.28854 -0.4194 0.45362
2.77789 1.25931 2.42585 0.13722 1.57915
1.46766 1.0038 -0.27885 0.08291 1.35126
1.76757 -0.5791 -0.44796 1.35202 1.54217
0.51679 2.92312 0.23885 0.54152 0.58558
-0.57818 3.46901 0.89323 1.24627 1.39677
1.00732 0.73311 1.45961 -0.62916 1.04283
-0.67619 -0.37232 -1.82657 0.97466 -0.91312
-0.24935 1.17001 -0.37211 1.95166 1.12681
-0.1633 0.96516 0.95898 1.16143 0.07376
-1.17643 1.70228 0.38134 2.01478 -0.21187
0.01978 1.85622 -0.6399 0.85288 0.18622
0.56529 0.78907 1.8096 -1.10569 0.44614
0.95099 -1.43862 0.67039 -0.47672 0.30929
1.30006 -1.4523 0.50124 -1.18373 1.16232
2.21696 0.04376 1.64941 -0.35275 1.56673
1.60765 -2.76766 1.09439 -1.00352 4.08143
1.49697 -0.94845 1.15599 -0.82903 3.2922
1.30368 -2.04732 0.02372 0.49109 1.71859
0.06731 -1.51964 -1.6086 -1.36471 1.92333
0.88996 -0.07813 0.75949 0.7656 1.87941
-0.22349 0.38047 0.01362 -0.43625 1.79487
-0.28824 0.48625 1.48758 -0.91825 0.196
-2.21815 0.67836 -0.79373 -1.04587 1.57035
-2.4882 -0.61965 -0.45077 0.74818 -0.17863
-2.26199 -0.1807 0.67545 -0.63195 0.70172
-1.84834 -1.16837 0.29967 0.31176 -1.01868
-0.51975 0.96069 0.17535 -1.38358 -2.11173
-0.5312 0.21691 -1.80255 -0.45288 -0.52165
-0.80476 1.9044 -2.22374 0.48418 -0.54858
1.51086 2.05794 -1.00959 -0.70173 0.3777
1.46855 -0.03004 -0.89503 -0.09608 2.31346
1.58731 1.0992 -1.62458 0.1311 3.68698
1.34229 1.24276 -0.12384 1.27099 1.97705
2.29554 0.138 2.60389 2.14686 2.98447
1.42803 1.12597 1.5388 2.08961 2.44438
2.94631 1.05735 -0.26823 3.66658 3.59804
1.55383 -0.37252 -0.34788 3.4688 3.9271
0.57509 1.62711 -0.07468 2.95536 2.9075
1.44516 3.32757 2.90875 3.62971 1.84561
2.23577 0.24083 0.58406 5.22443 3.55182
2.11506 2.18902 -0.57 3.72225 2.49356
1.54348 4.22549 2.20254 3.26903 2.52294
2.5367 1.83569 1.48204 3.02629 1.57549
2.26595 1.73094 1.47274 1.6081 1.60383
1.55676 1.65549 1.35441 2.60126 1.99147
1.87249 1.86551 0.01869 0.83669 3.31113
2.78842 -1.00376 -0.59363 0.61762 2.83002
1.09266 0.51911 0.14876 0.08374 2.63212
0.95973 0.50262 -1.26082 -0.16538 1.45678
0.50671 0.83657 -0.71198 0.17429 2.80207
0.85405 2.28565 -0.51755 0.22009 4.38374
0.44904 2.33427 -1.95445 0.89164 1.72341
1.43592 2.67112 0.25579 0.46582 1.89749
1.54367 1.9558 -0.85721 -0.96026 2.00646
1.17128 1.90122 0.959 -0.29687 3.61641
2.44145 0.29963 1.48274 -0.17006 2.35127
3.41838 -1.73062 -1.05073 0.36595 2.51622
3.09533 -1.60228 -1.89757 0.57702 3.35525
2.07961 0.48467 -0.5131 1.65009 4.44222
4.13073 -0.16635 0.58265 2.27481 2.8319
4.10005 1.44583 -1.11148 2.36468 2.80351
4.12264 0.7712 -0.30284 0.10145 1.49837
4.21347 3.22062 -1.67911 0.52612 2.28223
2.29144 0.47154 -0.71788 -0.35773 2.64903
1.64155 1.36097 -0.47393 1.26434 1.96031
0.6875 1.77118 0.71753 -0.14184 2.74087
-0.26672 2.74797 -0.08336 -0.25841 0.90315
