1.69955 -0.35744 3.40364 1.30908 0.02905
1.58556 -0.74357 5.09699 1.20941 1.30317
0.8894 -2.41334 6.71709 0.88135 1.18263
0.73602 -1.84741 5.35938 1.48474 1.07417
1.32436 -0.93011 4.65497 1.97265 1.87339
0.2433 -1.74293 6.15341 0.0943 -1.94633
1.47367 -1.1283 6.18492 1.25222 -0.74309
1.80144 -1.84779 6.92697 0.92542 -1.18554
1.98256 -1.0021 5.73346 1.77509 0.33298
2.01673 -0.64311 5.97026 1.92707 0.65661
0.63912 -0.9283 4.91098 1.92123 0.81796
1.56652 -0.3229 4.48337 1.27786 1.30729
2.09473 1.00122 4.99928 -0.92907 0.5093
2.49979 0.59872 5.74614 -1.8612 2.25446
3.69952 0.43665 5.67858 -0.26902 2.92499
1.64838 -1.23228 4.24171 1.31206 1.13229
1.90018 -2.05887 2.74584 0.01093 -0.82579
1.73257 -0.8897 3.12601 0.30614 -0.0078
2.92057 1.0823 4.24413 0.80362 1.57532
0.62089 0.6454 2.90179 2.64113 0.25602
-0.29208 2.05769 3.75083 0.39357 0.38443
0.18514 1.67471 3.74417 0.37323 -1.16451
-0.01886 0.61085 5.52339 -0.60095 -1.26532
0.56233 1.10038 4.31574 2.51874 -2.92667
0.06619 2.2298 5.15169 -0.40769 -3.68414
-0.97197 1.84516 4.27735 -0.06189 -1.44514
-1.9877 0.34085 3.91597 0.10128 1.95241
-2.85785 -0.32509 3.19415 1.00753 1.98332
-3.38034 1.6587 2.35373 1.2642 1.31887
-0.6925 0.64353 3.74323 1.16639 1.27531
-0.93408 -0.30954 4.39952 -0.0458 0.55458
0.55437 -0.20844 3.45314 -0.4438 1.48969
1.42051 0.1686 3.17456 0.77887 1.00922
1.39096 -0.37387 2.49864 0.59226 3.22911
3.00311 -0.12474 3.38821 1.20056 2.26773
1.75912 -0.90697 1.87069 0.56227 -0.68845
2.52897 -0.90237 1.08033 0.04532 -0.15714
2.06711 -1.49596 0.96782 0.37776 -0.48532
1.82336 -1.07239 -0.33649 -0.11792 -0.71478
0.13238 -1.18099 -0.34463 1.34166 1.21063
0.32163 -3.02383 -1.21237 -0.65067 1.47397
-0.04993 -2.61415 -0.99176 0.91047 -0.42519
0.07319 -1.17498 1.21581 0.17425 -0.53879
0.58839 -0.16426 -0.09635 0.53766 0.12055
1.36028 -0.98682 0.58546 1.38733 0.8401
-0.33124 0.04435 1.70814 0.18278 -0.14913
-0.69854 0.15294 -0.68488 -1.34531 0.30672
-0.10237 0.38031 -0.06421 -1.02674 0.0744
0.31363 -0.26318 -0.76889 1.95571 -0.70377
-0.6563 -1.29341 -2.24031 0.09797 -0.73429
1.77758 -1.6395 -3.22392 -0.71046 0.37731
3.2753 -0.87924 -1.02916 -1.40158 1.09906
2.47974 0.592 -1.61449 -0.06459 -0.04604
2.15512 1.43298 -1.84606 0.16002 1.82471
2.8148 2.9205 -1.64366 -1.20489 1.03161
2.24444 2.02327 -2.07346 1.03141 -0.77868
2.08526 1.86731 -1.46136 -0.6205 -2.32492
1.1064 2.20057 -0.70341 1.1191 -1.64033
1.35498 0.52764 -0.11803 -1.6465 0.23498
0.44325 0.2089 -0.02495 0.70131 -1.24387
0.58381 0.39395 -1.44137 -1.3358 -1.45887
-0.647 0.79394 -1.73477 -0.33774 -0.8715
-1.62197 -1.25258 -1.29498 0.87619 -1.08549
-3.08743 0.22948 -0.77764 -2.2541 -0.423
-1.56019 -0.63316 -1.48902 0.08379 -1.43068
-2.29231 -1.11083 -1.08392 -0.43902 -1.32683
-2.76835 -0.99106 -1.56095 -1.19846 -1.37606
-2.20426 -0.55249 -1.89142 -0.93006 -0.83983
-2.64111 -1.07131 -2.41762 0.1331 0.25717
-1.5461 -0.78164 -3.33357 0.73632 -1.88942
-0.93728 -2.11609 -3.43965 -0.86639 -1.00564
1.79008 -3.42105 -4.02496 -1.32842 -0.33231
0.30154 -3.19986 -3.50137 -1.57331 -0.9521
-1.82146 -2.90927 -3.00845 -0.01119 -1.62367
-1.58298 -5.41566 -2.50383 -0.98036 -0.99912
-1.15279 -5.22742 -1.07061 -0.56462 0.04883
-1.87674 -4.19303 -1.6098 -2.01274 0.30313
-0.52337 -2.77354 0.52976 0.99535 -1.3663
0.3861 -3.36122 1.6297 0.92449 -0.91979
-0.60695 -1.42604 3.20479 1.69372 -1.81971
0.95123 0.05458 4.37974 1.16337 1.1032
1.12681 1.19525 4.7475 -0.7202 -0.60312
-0.12719 2.3685 4.89873 0.07279 0.70294
-0.00193 1.02289 4.76661 -0.08027 1.1911
-0.16959 0.06129 4.32369 -0.16959 1.75322
-0.09388 0.06803 5.62397 0.92132 0.205
1.47395 0.28499 4.82907 2.40012 -0.34561
1.49568 -1.5318 4.46955 0.86709 -0.90034
1.2609 -0.92171 3.99916 1.55806 0.40375
1.00453 -0.02907 5.0967 0.00482 -0.46232
0.16586 0.50946 5.35972 -0.11273 0.80241
-0.49485 -0.67136 6.4479 0.21946 2.06046
-0.04712 -0.85311 4.36447 1.65341 0.77698
-0.28183 0.90896 3.63545 -0.31192 -0.17185
0.23474 0.68808 2.82511 1.43356 1.5981
0.03654 -0.20941 2.94969 2.27451 -0.25461
0.74595 0.96059 2.63056 0.17673 -1.47081
1.88341 -1.45374 2.64509 1.71836 -0.84006
0.98569 -1.87972 1.01555 0.87287 -0.93664
2.3544 -0.42136 1.37348 1.17924 -0.02687
3.46542 0.44314 1.98886 1.30759 0.37765
4.15574 1.76431 2.10674 -0.55146 -1.13668
3.71503 0.89263 4.34112 1.73822 -0.21256
2.27748 -0.87634 4.03651 -1.62188 1.57711
-0.74072 -3.10492 3.87626 0.39795 1.5598
-2.59579 -4.66823 3.16566 1.436 0.24514
-1.65856 -3.98109 3.74581 1.44965 0.65532
-0.5516 -2.06269 2.82215 -0.37824 1.50578
-1.1751 -1.92165 3.01031 0.83294 1.18503
-0.76387 -0.56896 4.85124 0.15318 -0.12654
0.52108 -0.5624 5.34638 0.93241 1.63181
1.81568 0.55608 5.99378 2.25592 3.05155
1.11904 -0.50067 6.81031 2.10274 2.1772
0.26495 0.22085 6.65078 1.09073 1.81111
0.46929 1.27114 8.22741 0.86343 0.0506
-0.55083 1.41231 8.42306 2.49991 -0.99196
0.8451 0.00204 7.54724 3.12521 -1.61988
0.7919 0.28369 5.82489 1.07324 -0.73088
0.22835 0.75464 7.1108 1.98281 0.14658
-0.03921 0.81812 8.06096 1.19171 2.13762
1.2564 1.02625 8.1451 1.37864 -0.2371
0.19295 -0.78876 7.47395 1.30111 1.61202
0.454 -1.51608 7.74106 2.23058 -0.13483
0.21617 -3.07543 7.91858 1.33515 -0.99134
-0.42236 -4.19177 7.41893 2.11921 -0.42741
0.87771 -3.41808 5.08266 2.34232 0.59854
-1.0991 -3.4647 5.28093 2.56776 0.94536
-0.66799 -3.74177 6.31023 0.68656 1.17814
-1.52439 -3.43173 8.01834 0.95953 -0.04944
-1.13431 -3.13057 11.86472 3.26667 0.35251
0.61851 -3.12228 12.07982 2.85826 -1.94071
-0.61669 -1.41525 11.35212 2.69256 -0.29476
-2.291 -2.01689 10.39397 2.98713 0.40926
-1.24583 -0.68043 11.46739 2.23862 2.17233
-1.39657 -0.44018 12.95136 1.76401 0.85922
-0.13075 -0.69994 11.78398 2.28914 0.98103
0.35884 -1.40889 10.91115 2.20239 0.43993
-0.92051 -1.00825 11.41498 2.6207 1.50895
-1.13405 0.23727 11.2378 3.31724 1.27227
-2.16949 -1.14884 11.66946 0.86795 0.3885
-0.74891 -2.42636 10.9657 2.43879 1.74428
-0.08732 -2.11788 12.9824 2.35274 1.95414
1.68242 -1.96432 11.65677 3.81618 -0.33431
1.71146 0.12788 10.5655 1.01031 -1.89621
1.86026 -0.73202 12.15047 2.03517 -0.34495
1.09273 -0.57887 12.92577 0.71141 0.20881
0.87074 0.8162 12.43142 3.97014 1.4752
-1.81397 1.21656 12.33419 3.65787 2.15484
-0.90959 2.15721 11.89171 3.42124 -0.057
-2.3191 1.79929 11.20424 2.28544 0.39412
-2.77631 0.21013 10.63052 1.38284 2.10226
-1.69636 0.42014 11.14604 2.56069 1.12954
-2.66273 1.0507 10.56658 2.40137 -0.24339
-2.07532 -0.73386 9.88905 1.23231 1.0505
-4.41651 -1.55148 10.46185 2.00008 1.4762
-2.70174 -2.91953 9.11343 3.086 -0.33017
-3.27175 -0.46697 8.66877 -0.00105 2.01685
-2.73705 -1.40956 9.60973 0.84141 0.669
-3.05629 -1.88733 9.0337 3.78694 1.98694
-1.34408 -1.73373 9.25199 0.34831 1.31524
-2.00335 -2.07774 8.23087 0.15925 1.20458
-1.17555 -0.91458 7.06489 2.34567 2.39126
0.24823 -0.25704 7.67357 3.39754 0.35129
0.61853 0.49219 5.44051 0.96734 -0.29812
0.94772 -0.90239 6.0266 1.88495 0.926
-1.43262 -1.47999 5.72569 1.35995 -1.40635
0.29673 -0.69379 5.5274 1.87362 1.75959
-0.26147 -0.50661 5.61732 2.19066 1.00876
-0.26565 1.20536 3.85213 1.28109 0.31138
-1.0121 1.90949 4.75906 0.69194 0.93386
0.62891 0.01534 3.29454 1.8202 -1.07267
0.08878 0.41885 3.26268 1.12224 1.16816
-0.75117 -0.27011 2.77623 2.04926 1.81968
0.17157 -0.92223 4.32623 -0.78088 0.87293
0.0087 -0.25687 5.24021 0.26216 0.19624
1.10161 -1.1559 4.9514 0.09213 0.53426
0.17824 -0.63277 5.04177 -0.35387 0.20292
0.04182 -1.26858 3.6281 1.98561 1.09687
0.37822 -0.40904 3.38829 1.27446 0.96893
2.41434 -1.05542 2.36804 1.10387 0.05525
1.89834 -0.81702 2.78599 -0.17274 0.66001
2.54627 1.39931 1.60694 0.16372 0.39039
4.00224 2.01747 0.8586 -0.4273 0.22514
2.91738 0.75977 0.21468 1.10445 0.12639
1.81679 2.1791 -0.72808 0.54666 0.00786
2.43475 2.33696 -0.74954 -1.07417 -1.43121
1.17118 2.98002 -0.14504 0.34132 0.21212
0.35356 2.47818 0.15138 0.19276 2.10011
-0.67769 3.84794 -1.23029 0.83116 0.03106
-1.74234 2.81253 -0.31744 -0.71051 -0.75827
-1.73726 3.92103 1.79765 -1.06957 -1.67665
-1.73844 4.5909 3.32549 -0.21372 -0.83621
-1.13579 2.93262 3.91565 0.86177 -1.26518
-1.85641 2.81869 3.66497 0.26665 -1.78906
-3.41412 3.18518 5.30904 1.05742 -2.41858
-4.99783 1.26367 7.77707 0.1664 -0.59367
-5.57179 0.34424 7.76862 2.80584 -0.41873
-6.45735 1.59145 8.88956 -0.02069 0.37963
-4.17879 2.35417 8.41889 1.84988 0.2507
-3.49835 -0.4231 7.80311 1.80056 0.84419
-1.94236 -1.37125 7.82024 0.25818 0.58232
-1.90138 -0.52318 7.46376 1.5241 1.31863
-1.44692 -2.19109 7.48103 2.00947 1.45904
0.15563 0.9734 6.59074 1.46121 0.46162
-0.12039 0.22684 7.13715 -0.03937 0.20108
-0.39171 1.11647 4.88003 1.29913 0.48921
-0.59116 -0.65389 6.55603 -0.38446 1.8095
-1.44969 -0.00016 7.0675 2.08085 -0.92514
0.79082 -0.55854 6.22133 0.25916 0.16686
-0.06279 0.13356 3.14475 1.22607 -1.31948
-1.59843 0.11812 4.49966 1.00504 -0.05077
0.19245 -0.68983 4.07868 1.49971 0.15984
-1.45056 -0.88849 3.70901 0.32298 2.81529
-2.50421 0.96323 4.23803 1.08681 2.19879
-0.69172 0.8157 4.93147 0.20323 1.99591
-0.18028 1.01228 4.33346 0.22542 -0.73696
0.97219 1.43472 3.07778 1.90588 -0.05151
2.43669 2.97697 3.23922 0.90898 0.19249
1.81246 0.74669 4.7286 1.02115 0.17498
0.25134 0.51884 2.90485 1.35565 0.03861
-0.76264 1.57244 6.09742 0.58961 0.57008
0.02165 0.76982 7.03469 1.04819 0.31918
1.08249 0.82077 5.63059 0.8963 -0.07508
1.1136 1.75031 5.54033 0.62185 -0.7767
1.80824 1.91137 5.86662 1.87265 -1.52249
1.44572 1.46709 6.34299 1.46034 -0.59353
0.86339 0.22758 5.41015 2.80256 0.85119
-0.42904 0.86096 5.44048 -0.30289 2.18745
1.15967 2.5468 6.86415 0.61719 -0.02962
1.46175 2.6002 7.99913 2.38243 0.61386
0.93919 2.66675 10.84563 0.1454 0.5464
1.48341 2.56681 8.38302 1.20783 -1.24311
1.47113 3.58566 8.80001 1.41371 1.27435
0.51801 3.21402 9.89854 -0.4616 0.45769
-0.1388 4.8925 10.32759 2.60524 1.54312
0.60595 3.28537 10.85988 1.73593 0.75336
-0.73801 2.79935 12.09569 1.83232 2.16268
1.13782 1.98424 13.32068 3.11211 2.80531
-0.27019 0.27853 13.07118 3.28368 1.96444
0.10686 -1.94891 13.08544 2.44436 0.99827
0.76308 -2.42243 14.01781 3.67824 1.65412
1.35501 -1.93156 14.25645 4.1483 1.52685
0.86733 -0.89398 12.96423 2.6951 0.75831
-0.39525 -0.09977 12.6093 3.6011 2.65475
0.03987 -0.85049 12.38406 3.62417 2.3981
0.90178 -0.75703 11.32576 2.04347 1.09504
2.82324 -2.48044 12.77124 2.2084 2.02995
3.79002 -1.77592 10.78813 2.62728 -0.1455
2.72495 -1.13684 9.54482 1.01407 -0.59845
-0.34024 -0.40106 9.80193 4.36763 1.85194
1.31647 0.14772 9.93093 2.76605 -0.71469
-1.42698 1.12236 10.20489 1.53092 -1.06319
-1.68622 1.97637 10.37638 0.59937 0.79843
-1.71113 0.83144 9.84143 1.53815 0.08289
-2.60496 -2.2474 9.01124 2.63562 -0.03533
-1.53527 -2.32163 7.59835 0.22349 0.55731
-0.10017 -1.31445 7.4154 3.41009 -0.98042
-0.1005 -0.35595 8.98433 2.07152 0.19414
0.18524 1.19218 7.67483 0.34391 0.52369
-0.25523 0.22126 7.96321 2.35074 1.17808
-0.96076 0.26482 7.83214 0.45266 0.54381
-0.93833 0.52315 6.72696 -0.04109 0.22349
-0.93928 -1.19326 7.54312 0.95523 1.92287
-0.41084 -3.75925 7.59256 -0.43567 0.6601
-0.31534 -2.83033 7.9283 2.63312 0.12261
-0.39744 -2.16251 7.98483 3.06581 0.8989
-1.35275 -1.26051 6.79585 2.62625 -1.09349
-0.213 -1.57785 6.53181 1.80519 0.70794
0.65709 -1.77191 8.1637 0.8569 0.92259
-0.6373 -3.01198 9.73985 0.7105 2.90342
-1.4112 -1.53786 10.75067 1.26495 1.0582
-1.96638 -2.4463 10.70418 2.47376 0.14909
-0.29988 -1.97997 9.17543 4.62944 -1.61699
0.86 -1.56833 8.76583 2.05222 1.02756
0.40665 -2.25437 9.08339 2.21384 -1.618
-0.80485 -1.99603 8.83648 1.94439 0.5017
0.22635 -1.73055 8.70658 0.71397 -0.35972
-0.00898 -2.18763 8.96738 2.91599 1.05805
-0.64888 -2.09902 6.74818 2.66928 0.59663
-1.02955 -1.50067 6.44451 1.28965 -0.9174
-0.61942 -1.31455 6.95061 2.70536 0.75617
-2.17173 -2.65471 7.36694 0.15453 0.55082
-2.58548 -0.30831 7.66601 0.95503 -0.31658
-2.22056 1.08447 7.34813 -0.00371 1.07835
-3.79211 1.94262 6.84999 0.28175 0.54443
-3.48595 3.71129 5.7611 2.45686 -0.51449
-4.02288 2.17495 3.97351 2.08468 0.64533
-3.35101 0.53751 3.83868 0.67655 0.57888
-3.58648 -0.08996 4.1393 3.04227 2.57248
-1.77091 -1.39001 3.69499 0.78586 0.67385
-0.73807 -0.95059 5.8918 1.47996 -0.31516
-0.73366 -0.88272 5.18923 1.70089 -1.13092
0.40043 -1.21545 4.52229 0.08066 -0.75607
-1.24444 -0.60197 5.05238 -0.09691 -0.11233
-1.40011 -1.14027 4.58133 0.86466 0.98489
-0.25061 -2.04668 3.81421 1.67381 0.57159
0.71404 -1.69553 4.25622 -1.5766 2.86114
1.14101 -1.62254 4.51005 1.10921 2.51373
0.74552 -1.59033 6.00617 1.68014 2.60501
1.77507 -0.29213 6.13082 0.01785 0.77281
