0.62518 0.37335 -2.03677 -0.50084 1.15834
2.13176 -0.15223 -1.58498 -0.77836 2.74261
-0.42261 -0.75322 -2.27835 0.06252 4.31937
-1.02826 -0.32334 -1.98039 -1.65885 4.62085
-1.86594 0.9952 -1.44736 0.21062 3.86952
-1.63553 -0.6472 -2.07997 -2.12008 2.33369
-2.20565 0.1424 -0.71143 -1.61979 2.2932
-2.7122 -1.47358 -1.54522 -1.14799 3.3448
-0.20029 -1.30738 -2.44827 0.44861 1.67382
2.40482 0.32084 -2.4145 0.09131 3.31305
1.37374 1.40393 -1.29028 1.15346 2.59563
2.55295 1.20388 -1.40414 2.52231 1.64874
1.58648 0.74883 -0.77691 0.35983 1.14893
1.18513 0.23786 1.68663 -1.16589 3.11872
0.57582 1.40718 1.94272 0.22436 1.23206
-0.02952 0.33919 1.72427 -0.70138 1.11134
0.25094 -1.7875 2.19084 -0.68111 -0.44068
2.4897 -1.19542 2.76041 -0.5648 -1.01151
1.55935 1.00267 0.46291 -0.31578 -2.17767
0.92364 0.621 0.26061 -0.43187 -2.40731
1.45976 -0.60278 1.39756 -1.01875 -3.18924
2.3824 -2.52068 -0.52605 -0.86755 -1.2316
3.00856 -1.13507 0.43923 -0.06373 1.64731
3.63173 -0.64663 0.42897 0.64599 3.01391
0.90906 -0.35761 0.40588 -1.1555 2.09067
1.68624 -1.04348 0.06162 -0.93379 -0.20329
1.56722 -0.63208 0.13183 -0.58882 -1.59357
-0.14054 1.68651 0.90089 -0.30637 0.35274
-0.82514 0.28518 -0.48288 -1.07022 -0.35523
1.67471 1.31027 -0.55016 0.02556 -0.25933
1.6174 0.15173 -1.41351 0.08165 -1.07319
-0.82556 -0.42423 -0.48848 0.03677 -2.64634
-1.31058 -0.3928 -0.86243 1.44221 -2.25043
0.67574 0.54734 -0.12842 -1.54199 -1.66767
-0.57982 0.07298 1.1643 -0.23526 -1.7901
-0.4342 0.67731 0.43033 1.14762 -0.01732
0.64548 1.58096 0.34302 0.69454 -0.52599
1.52811 -0.75655 0.24799 -0.00329 -1.17399
1.42142 -0.04067 2.1736 -0.16063 -1.47171
1.49751 0.3936 2.52999 0.46316 0.02677
0.90128 -0.0292 3.38685 -0.52054 -1.21795
0.2646 -0.57326 3.46526 0.25142 0.42024
1.57454 -1.11296 1.8179 -0.21082 0.17977
1.75081 0.49752 0.82752 -0.21627 -0.80286
1.57019 0.80967 -0.03687 -1.1512 -1.60126
2.41835 1.10989 0.03802 0.07391 -2.2728
1.63606 0.51166 0.05661 -1.05618 -2.27309
0.10197 0.90199 1.33858 -0.39542 -2.29816
0.21921 1.50831 0.63562 1.5266 -1.28802
0.04029 -1.21091 0.27957 0.57509 -0.1609
0.5579 0.09064 0.99638 -0.14861 0.17546
0.06231 0.04518 1.08369 -1.44758 0.20225
0.20115 -0.02563 2.89262 -1.03525 0.39088
1.26479 -0.44606 2.26236 -0.15902 -0.50973
0.16815 -0.87615 0.96723 0.3099 0.82303
0.68742 -0.99917 -0.73185 0.09104 1.05648
-0.24655 0.29653 -0.89273 0.14169 0.62117
0.91154 -0.05999 -0.8871 0.21815 0.26906
1.00946 -0.64527 -0.47317 -0.47307 -1.07491
-0.26274 0.70403 -2.01847 -0.28974 -0.47037
-0.69115 -0.13121 -4.7065 0.51054 0.62157
-0.78905 0.80986 -3.92416 0.829 -1.63791
-0.87918 1.32578 -2.90274 1.36302 -0.6425
-2.03511 2.35126 -3.47469 0.99748 0.72552
1.14199 -1.08678 -3.64026 1.60893 0.66539
-2.46093 -0.07025 -3.63465 -1.01314 2.33305
-1.22447 0.12147 -3.93263 -2.08106 1.63277
-1.07633 -2.48207 -2.19683 0.71759 1.33047
1.77138 1.17613 -3.0264 -0.13541 0.44448
0.50733 0.13611 -1.84796 0.97278 1.72997
-0.19417 1.40756 -1.4648 -0.60118 -0.90723
-2.1429 -0.75768 -2.94591 -0.27854 0.45533
-2.34414 -1.72685 -0.496 -0.92447 0.56806
-1.36009 -0.90561 1.14018 -0.47368 0.3175
-0.47897 -0.34994 -0.03909 -0.32196 -0.59389
-1.75881 0.39252 0.50084 1.58367 -1.10028
-0.49215 1.13427 0.0284 -1.14674 -0.51347
-0.90162 -0.02457 -0.84694 0.76413 -0.83593
-0.4078 1.78251 -1.92482 -1.41733 0.31895
-0.81921 0.59629 -2.04776 -0.95873 0.22365
-0.01958 -0.04316 -1.79622 1.31438 -0.01421
1.48934 0.03355 -1.31545 -0.18528 -1.13157
1.58249 0.08366 -1.85228 0.44944 -0.43077
1.06963 0.21841 -3.23103 0.81581 1.50818
-0.08043 -0.36965 -2.28257 -1.24378 1.98997
0.59326 -0.91614 -0.44863 1.35947 1.74154
0.75335 0.57248 -0.09362 0.19147 -0.479
0.59555 -0.37611 -0.84226 -0.65024 0.18833
0.08366 -0.16808 -1.15547 0.73859 -0.3555
0.19975 1.61994 -0.7885 -0.80302 -0.74264
-0.22226 0.06037 -1.25527 0.29031 -2.26071
-0.91914 1.93689 -2.33494 -0.21581 -2.63749
0.41927 -0.53224 -0.69624 0.12567 -2.15893
0.41327 1.90943 0.15803 -0.32113 -1.1378
1.08968 -0.38557 -0.58528 0.03351 0.82459
1.60887 -0.10865 -0.87074 -1.49593 0.36436
0.04812 0.79621 0.17876 -1.1561 1.26216
-0.1508 0.57726 -0.84072 -0.70741 1.27043
-1.03894 -0.54524 -0.78135 -0.82453 0.59561
-1.16995 -0.42724 -2.7065 -1.06328 1.09012
-2.47079 -1.83677 -4.04377 0.98616 0.22921
-1.01335 1.81763 -2.74751 0.57701 0.92262
-0.5324 0.02356 -1.6977 1.46171 -1.03402
1.29349 -1.35683 -0.96778 1.97406 -1.2535
2.4276 -0.04528 -0.51684 0.6554 0.69929
3.14878 0.23552 -0.21215 -0.01385 0.63533
0.37596 0.52274 -0.7418 0.08454 0.52695
-1.05018 -0.21292 -1.76268 0.21169 -0.11015
-0.63147 0.40805 -0.31591 0.02683 0.94464
-0.60117 -0.37347 -0.24386 0.27083 0.12672
-0.106 -0.67984 1.55761 -0.06363 -0.67451
1.46554 -0.69725 1.78513 0.15864 -1.02182
1.92712 -2.21122 1.79973 0.46906 -1.23221
1.15419 -0.75052 1.79239 -0.92543 -0.77246
0.47251 -0.76785 0.5402 -2.07906 0.12107
-0.0166 0.4562 -0.10148 -0.76428 -1.74535
0.94416 -0.6008 -0.62129 -0.23247 -2.13087
0.59093 -0.47242 0.78888 -0.32448 -1.43225
-0.56217 0.11136 0.79171 -0.43378 -1.8237
-0.94236 0.3331 0.85394 -1.07134 -2.84702
-0.50027 1.96164 1.0887 -0.67939 -1.62091
1.41969 0.83855 0.60102 -0.06747 -2.04883
2.9724 -1.92229 0.69332 -0.8026 -1.85406
3.59011 -1.98841 1.58975 0.9907 -1.58059
3.01909 0.31639 2.07266 0.34014 -1.64257
3.1761 1.1112 2.50116 -0.02353 -2.48645
2.15236 -0.49653 2.03231 0.39243 -1.45534
1.21053 0.10486 2.64051 -0.78891 -1.44822
-0.18482 -1.4252 3.16733 0.06521 -1.67825
0.63618 0.67738 2.46772 0.08576 -1.46258
2.06686 1.0848 1.57132 -1.15999 -0.19085
2.17355 -0.70934 1.82809 1.5155 -0.86967
1.95074 -1.95125 4.2192 -1.58647 -2.07828
2.427 0.25644 3.08127 1.65783 -0.11626
1.99292 1.41862 1.58391 -0.6892 1.38692
0.30101 0.4958 2.6855 0.01731 -0.52307
2.47161 0.65999 0.02161 -0.51473 0.40564
2.33257 -1.0346 0.07581 1.48844 0.64694
2.63597 -0.60063 1.18599 0.27888 0.58427
1.84684 -0.56065 1.42038 1.90606 -0.81461
1.11979 0.43291 1.59684 0.1017 -2.15568
-0.33526 -0.42653 1.56257 0.2446 -0.87075
-1.78145 -0.00815 1.50819 0.50552 -1.82034
0.87184 -0.97012 2.20422 0.1643 -1.69362
2.01308 -0.46939 2.19897 -1.03561 0.07943
0.57607 -0.05092 2.27287 -0.12764 0.0742
1.45706 0.49387 2.19698 -0.37774 -1.75811
0.96519 -0.43446 2.53526 1.34307 -2.21979
1.82261 2.02372 2.47288 -0.25335 -1.74238
2.84143 0.89766 1.65517 0.48071 -1.71108
2.66937 -0.35327 1.10353 -0.20249 -2.6645
1.80978 -2.24538 1.67041 1.31693 -3.47556
4.50624 -0.0804 2.28325 -0.1177 -3.56949
3.83368 0.35488 1.92065 -2.05599 -2.78241
2.35563 1.47834 0.45161 0.55439 -4.65144
2.04673 0.84265 0.65312 -1.02416 -4.66345
2.08491 -0.69728 2.16207 1.47461 -4.33324
2.71132 0.10598 0.8304 1.12276 -3.64883
3.15619 0.01135 2.24562 -0.16509 -4.18824
1.76619 -1.19087 0.78616 -2.87371 -3.96051
1.28861 -3.14707 0.36152 0.85271 -2.90794
1.57001 -1.0341 -0.33022 -0.71745 -3.67043
0.42437 -1.42613 -0.41562 1.21025 -1.63003
1.53488 -0.8475 -0.2918 -0.13181 -2.60003
0.79855 -1.60051 1.20782 -0.38058 -1.47524
0.20769 -2.00107 -0.26171 -0.59188 -2.33849
2.10892 -0.60275 0.68234 0.90027 -2.59235
0.93395 -0.44533 0.96678 0.95549 -3.30922
1.57995 -0.0019 0.15994 0.74801 -4.22648
1.0273 0.71922 1.45542 0.63818 -2.53578
1.12073 1.18083 1.47351 -0.06532 -2.92127
1.87743 -0.80231 2.52104 0.54648 -1.19931
1.95693 0.10142 2.22342 -0.34983 -0.00409
1.42326 -0.70587 1.91284 0.42665 -0.92167
1.25752 -0.41419 -0.10697 0.61159 -2.15518
0.99872 -2.12758 -0.17291 0.65374 -2.36922
2.43793 -1.32998 0.50038 0.6575 -2.17862
1.89211 -1.52553 -0.09212 -0.53577 -3.04741
1.22358 -1.24114 -1.10409 -1.12128 -2.28567
0.89552 -0.01364 -1.26087 0.26887 -2.31003
1.58705 -1.51369 -0.01839 1.13953 -1.31953
1.4777 0.49926 -0.98025 -0.03011 -3.02179
1.80518 -0.33887 -0.25978 -0.06555 -3.25959
0.76184 -0.65872 0.01882 0.81653 -1.57171
1.84117 -0.07851 -0.967 -0.39268 -2.04402
0.24278 0.16374 -2.77931 0.57719 -2.72488
-0.85727 0.25649 -1.34276 0.44317 -3.22868
-2.92746 0.15918 -0.60013 0.6712 -3.54554
-0.90121 0.38174 -0.44235 1.35953 -3.05481
0.50163 0.37302 -1.82558 1.54538 -4.01742
0.50369 -1.62333 -3.02849 -0.59449 -2.41494
0.5494 0.8433 -2.23211 0.1112 -0.46563
0.21976 -1.81219 -1.85657 -1.04405 1.48724
-0.67989 1.0039 -0.66334 -0.07678 1.03294
-0.30447 1.40618 -0.93604 -1.00471 0.30117
-1.75594 1.24223 -0.21667 -2.92877 0.60992
-2.04753 0.30657 0.31582 -0.81189 0.41459
-2.99684 -1.57514 -1.30487 0.16089 -1.12935
-0.86577 -0.9291 -0.49767 -0.28856 -0.08119
1.1992 -0.58746 0.881 0.66948 2.34148
1.6702 -0.96873 -0.13002 0.86526 0.16721
2.12081 0.95026 -1.17554 2.38361 0.49237
2.62297 0.28213 -1.10361 -1.53905 0.10243
0.65737 0.93608 1.55803 -2.53191 -1.20807
-0.37611 0.85583 0.18486 -0.98385 -0.23837
-1.81927 0.53947 -0.90663 -1.38488 1.23315
-1.58178 1.33396 -1.34198 -0.71316 -0.04103
-1.40434 1.90697 -1.11331 -0.47918 -0.0002
-0.97783 0.04023 -2.58582 -0.35362 -1.70948
-1.17615 1.06324 -1.03713 -0.91678 -1.21513
-2.36379 0.85762 -1.77392 0.66138 -0.69203
-0.51741 -0.95484 -1.45221 2.27775 -0.23598
-1.04364 -0.98978 -0.51463 -1.05533 2.04548
0.23 -1.79734 -0.60148 0.03155 1.27808
0.37392 -0.64742 -0.40203 -1.1122 0.14391
0.60049 0.08201 0.50209 0.17308 -0.9331
-1.11736 0.14912 -1.30924 -1.05309 -1.61917
-0.65621 0.59326 -1.43343 -0.62069 -0.76512
1.60877 0.55499 -1.27097 -0.32057 -0.20841
0.12333 0.98403 -1.77888 0.6257 -0.69326
-2.13612 0.66801 -3.00312 -1.06709 -0.58033
-2.01748 0.44921 -2.3257 0.82499 0.3884
-0.03575 -0.37596 -2.26213 1.82799 1.41368
-0.88721 1.67089 -3.91631 0.31307 0.80799
-1.05075 -0.41524 -2.38021 -0.67182 -0.20565
-2.53572 -0.15463 -0.75895 -2.30347 0.3394
-3.67962 1.55934 -2.72801 -0.84226 -0.14258
-1.14018 1.58256 -2.20983 -0.39215 -2.23717
-0.3219 0.79961 -2.16666 0.77122 -1.27321
-1.33621 0.06145 -2.25858 0.97298 0.1446
-0.31637 -0.00263 -2.07619 -1.17567 0.31627
-0.15222 -0.60083 -1.43996 -2.49932 -0.46494
-3.15889 1.67536 -0.61054 -1.13323 -0.87125
-1.79871 0.78413 -0.97809 -0.30487 -1.49997
-2.2482 1.5266 -3.38695 0.81452 -0.80608
-0.32307 -0.1718 -3.68362 -1.43425 -0.76338
-1.1346 -0.41129 -2.76313 -1.8628 -0.41163
-1.44956 -1.16115 -3.03063 -0.28602 1.38186
-1.89996 -0.96187 -1.95395 -1.48351 -0.19339
-2.48979 -2.38038 -2.26617 -1.5529 -1.35725
-0.5338 -1.06555 -1.92619 -1.03085 -3.13712
-1.1885 -0.1892 -1.35755 -1.2395 -2.70039
-0.91119 -0.54652 -1.68956 -1.90046 -2.91702
-0.38535 1.10535 -1.56779 -0.12177 -2.39939
0.12216 -0.56405 -1.02205 -0.77755 -2.09242
0.16997 0.75519 0.48645 -0.11431 -2.37978
0.80819 -0.88889 -0.60261 -0.41208 -0.67702
1.56958 0.69881 0.60595 0.16581 -1.09505
-0.19913 1.21047 -0.1693 0.23141 0.205
-0.44817 0.72523 -1.22475 -1.07511 1.90169
-1.11356 0.04892 0.00458 -0.93537 3.25298
-1.18457 -1.83526 -1.005 1.47068 4.0108
-1.08898 -1.59685 -1.0357 -1.2331 3.31937
0.05756 0.64556 -0.96391 -0.65695 2.96489
-0.34157 0.96879 -0.5333 -2.40817 2.88185
-0.43048 1.8014 -0.7876 0.33275 0.29784
-0.13349 0.25892 -1.09017 -1.92355 0.11132
-1.85662 -0.69904 -3.10516 -0.365 0.34906
-2.47724 0.03302 -2.6481 -0.69976 1.02592
-1.26818 0.70937 -2.88699 0.14043 -0.2395
-0.75475 0.14141 -3.29394 0.50629 -1.19229
-0.18902 0.80319 -1.51803 -0.14491 -1.47107
0.13953 0.88334 -1.28844 -1.48744 0.10564
-0.77954 1.11227 0.17941 -0.28622 1.01572
0.66327 -1.73998 -0.5244 0.67715 0.39133
1.18724 0.49491 -1.2369 -0.4739 1.23037
2.29997 -0.98041 -2.3372 -1.2227 1.1479
1.69353 0.31785 -2.13285 0.51618 0.05932
-0.2762 0.32463 -1.1156 -0.05866 0.03088
1.82082 -0.20493 -1.6237 -1.55731 1.43505
0.25451 -0.91812 -2.06656 0.51812 1.11825
-1.00605 -0.63469 -1.28729 -0.6276 0.51729
-0.68789 0.00218 -1.06019 0.94631 1.91514
-1.79432 0.45604 -1.27686 1.25331 0.83785
-0.30746 -0.05134 -1.78867 -1.41262 1.61033
0.01083 -0.39178 -0.79 -0.27647 1.41605
-0.47071 0.86386 -2.34389 -0.91179 2.91099
0.85484 -0.01633 -1.62762 -0.83743 3.55242
-1.47207 0.8249 -1.58624 0.27653 2.55687
0.63279 -0.30011 -3.27542 0.06353 2.04998
1.37879 -0.56761 -3.05616 1.04682 1.69836
0.65251 -0.17368 -1.5463 -0.32319 -0.8349
0.27144 -0.36573 -0.30545 -0.37942 -0.3372
-0.13241 -0.54676 0.62845 0.2667 0.87729
0.09502 -0.93755 0.18166 -1.14299 1.22508
0.85836 1.04303 -0.35649 -0.60209 0.29525
1.48934 0.57611 0.18172 2.07518 0.75812
4.11811 2.94443 0.70151 -0.14738 1.29302
4.63524 -0.88172 1.1121 -0.17579 2.18304
3.98509 -1.59704 -0.18431 -0.63651 1.79475
3.53736 0.07666 0.31077 -0.89611 2.01711
1.43574 0.35978 -0.28211 -1.55657 2.97798
1.13235 0.93276 -0.27751 -1.6857 3.47846
1.73755 -0.06358 0.33899 -0.87363 0.45161
1.35128 -1.06972 -0.16282 0.65593 1.44206
1.49864 -1.76875 -1.91756 -0.24952 2.09375
1.92877 -2.20186 -0.55967 -0.36496 2.94116
0.61438 -0.23785 -0.58497 0.12766 2.57733
-0.0485 -2.33278 -0.01998 -0.58939 0.54795
1.29055 -1.44269 1.62299 -0.63576 -0.05187
