0.71597 1.02236 0.89249 2.3697 -0.45666
-1.05877 1.77789 0.85343 -0.39363 -0.51714
-2.43291 2.7869 -1.15039 -1.67042 -1.32434
-0.48518 1.68975 0.98641 1.96783 -1.03406
0.32296 1.11647 0.97715 -1.54796 -0.44353
-2.01003 0.09349 -1.36758 -0.15595 -0.74988
0.58897 0.31523 -1.4811 0.32247 0.7432
-0.45191 0.14615 -3.22422 1.4935 -2.04783
0.27431 -0.55799 -2.32986 1.00776 -0.99515
1.09475 0.17187 -0.26287 0.22099 -0.71214
-0.92535 -1.17205 0.34471 -2.93831 0.36805
2.45326 0.1137 -0.27493 1.58889 0.44118
0.51698 -0.51762 2.22215 -0.23062 1.4805
1.12987 -0.1923 1.65889 3.01537 -0.41865
2.42048 -0.53519 2.00758 0.41459 0.45634
-0.138 0.65952 -0.72791 1.34048 -0.23527
0.66246 0.9657 0.60836 -0.37305 -0.65157
-1.6986 0.47473 1.01905 0.41433 0.27628
-0.71416 -2.74565 -1.6829 -0.32376 0.86174
1.09746 -0.2015 0.81703 1.63633 -0.88498
-0.55273 0.11925 0.17885 1.05177 -0.43557
1.54203 0.26383 1.13328 0.83422 0.09605
0.2381 -0.5982 -0.77507 1.82726 -1.65243
1.61781 1.57615 0.24744 0.82101 0.55033
1.12634 1.69897 0.15017 -1.46359 -0.2443
0.87206 2.18684 -0.10188 -0.74006 1.87756
-0.28515 2.03462 -0.11088 1.76912 0.04518
-0.35093 0.32881 -1.39788 2.01582 -0.68893
0.12702 -0.72515 -0.63068 -0.14761 -3.17323
-0.25047 1.40709 -0.02943 0.92285 -0.76331
0.52002 0.18236 -0.17918 -1.52065 0.3409
0.51863 0.99059 0.39215 -0.36392 -1.30954
0.91235 0.61007 1.27803 -0.07273 0.18332
1.29841 0.0984 1.26202 -0.6731 -2.94231
-0.07579 0.69982 -1.45851 0.82208 -0.18517
2.30218 1.44604 -0.82326 1.26879 -0.28581
0.72986 1.84507 0.42839 -1.38975 0.26522
1.81814 2.5026 -1.63458 0.48593 -0.21203
0.73587 2.26492 -1.84086 -1.25951 -1.04612
0.65004 1.72997 -0.21933 0.67134 -1.11437
1.32132 1.05832 -0.59901 -0.29401 0.15397
0.00492 -0.63543 -0.69646 1.3228 -1.09627
0.32527 0.91486 0.89365 1.74594 1.17866
1.14756 0.39497 -1.31901 -0.85678 1.20801
0.60482 1.07295 -1.07727 1.25451 0.32295
-0.71513 1.37324 2.50062 1.4829 -0.70664
-0.23552 -0.96462 2.44219 0.54416 0.34419
-1.52504 -0.02857 2.2194 1.75138 0.13991
-2.03234 -0.02227 0.45365 1.91286 0.57129
-0.57058 -1.07492 0.3183 1.12832 0.48839
1.10232 0.18263 1.13096 2.11814 1.67746
-0.10953 1.04085 1.67465 1.23351 2.80225
-0.79175 0.45869 2.69743 3.22876 1.83887
0.7725 -1.64362 1.84288 2.36512 -0.06431
0.02585 1.46831 1.15184 2.24977 -0.81675
-0.12052 5.11103 0.75265 0.46967 0.27801
2.99666 4.00579 1.46789 1.15589 0.276
0.61459 3.62173 0.52123 0.37086 1.14865
-0.06856 1.77302 1.63915 -0.46024 -1.38664
-0.80487 0.93963 -0.79065 0.62641 -0.53328
-0.15165 1.77358 -0.02175 0.18988 -0.21562
-0.13084 1.30145 0.632 3.43076 0.78239
1.16442 -0.62503 0.72245 1.26182 0.69755
-0.43242 0.32636 1.88011 0.21248 -0.16311
0.72684 1.19846 -0.87235 0.63045 -0.89301
-1.0356 1.54201 -0.04542 1.68643 0.78914
1.60962 1.30003 1.36871 1.63065 -0.13117
1.80607 1.4723 -2.31426 -1.17735 -0.02828
1.68914 -0.0906 -0.81368 -0.11402 -0.7286
0.72337 0.88874 0.03039 1.16663 0.93264
1.04312 0.92435 0.65056 0.78232 -0.72542
-1.17514 0.64354 0.31672 0.62862 -0.15143
-1.41532 1.5247 -0.42836 0.83802 -0.37987
-0.27925 0.61922 -0.78706 -0.08582 -0.87572
-0.6639 0.4924 -0.51095 1.03153 -1.0583
-1.18712 0.51632 0.37936 0.98067 1.7785
-0.34439 1.75755 -0.75567 0.72272 -0.29315
0.43253 0.94724 0.8183 -0.56772 0.08713
-0.72394 1.07379 -1.14241 0.39983 -1.74414
0.96906 -0.1534 -0.26841 1.352 -0.66918
2.25191 2.00856 -0.38144 -0.27788 -0.14552
-0.05621 1.55379 0.20191 -0.99188 2.02443
0.02248 1.95243 0.78097 0.62585 -2.11171
-0.97748 1.78884 -0.13881 -0.41154 0.56592
0.49191 -1.35186 0.70367 0.55335 -0.92497
0.65228 0.17086 1.64515 1.59334 -1.21759
0.65206 0.20402 2.19292 0.72338 -0.3885
1.2431 0.99149 0.3166 -0.84831 0.30417
-0.09396 -0.02705 0.58996 0.06997 0.89056
-0.27717 -1.02385 0.65633 2.2844 0.47666
0.02548 -1.07412 0.91184 -0.26873 -0.23401
-0.36795 -0.80949 1.92471 0.13402 0.2159
-0.99636 0.78532 0.05911 -0.13634 -1.59407
-0.28322 -0.80964 -0.22433 0.79662 -1.97966
0.99665 0.39372 1.10708 0.44508 -0.11365
0.61783 1.30932 0.85732 -0.36201 -0.87303
-0.14454 1.41462 -0.40621 2.29963 0.01487
-1.3137 0.52362 0.28001 1.91079 1.4116
0.54331 -0.72367 0.60708 1.9172 -1.71778
-0.49325 0.98702 -0.44515 3.19854 -0.54773
1.52636 1.86945 0.27195 -0.40936 0.02151
0.60062 0.73312 -0.00145 -0.59201 1.05473
0.96025 1.12255 -2.41567 0.59356 -2.78347
1.77955 1.29956 0.22973 1.75255 -0.4983
-0.73615 0.03089 1.16424 0.54548 0.51164
-0.22309 0.83544 2.28084 0.52102 -0.13657
-0.45708 0.69654 3.15356 0.05706 -0.35687
1.45602 -0.0371 1.30334 0.71621 0.34987
-0.63283 -0.77689 0.18445 1.06431 0.65485
0.38808 -1.06882 -1.60159 -0.37669 -0.14159
0.80191 -0.77869 -1.15881 -0.37912 -1.53584
0.05696 -0.28587 -1.61775 0.87433 1.15554
-0.64568 0.41765 -1.43868 -1.17222 0.552
0.30602 0.63088 -1.90681 0.0044 -0.97473
1.99614 0.6604 0.32957 -0.77421 -1.2408
0.36876 0.54766 -0.10265 -0.38807 -0.3968
-1.07451 0.5078 0.86191 -0.1704 -1.03774
-0.38134 -0.74342 1.14488 0.72721 -1.08857
-0.42428 2.02138 2.67683 -0.07432 -0.72399
-0.08728 1.06743 0.78002 2.10857 -2.31651
-0.67954 -1.43116 2.54183 1.05898 -0.29827
0.94186 -2.23388 2.5081 0.64614 1.21095
0.08749 -2.5001 1.63788 -0.42455 -0.59448
-0.14998 -1.025 2.00656 1.9715 0.56611
2.50106 -1.0365 3.37427 1.18283 0.9027
0.24443 0.65181 2.07213 1.11887 1.89798
-0.52897 0.73517 1.4941 1.69777 0.26976
-1.20127 -1.35237 2.84868 1.04941 0.80196
-0.1732 -0.3059 2.31326 2.09255 0.61668
-1.35657 0.17369 1.33795 0.29855 0.67802
2.21154 -0.80396 -0.4218 0.43632 1.01494
1.72732 -0.35625 -1.78402 0.944 0.83179
-0.80114 -0.92491 0.4634 0.59275 -0.53924
-1.06196 -1.4986 0.20295 0.35398 -0.46732
-0.75424 -0.36725 -0.74991 0.02773 -0.34676
-2.13713 -0.72834 -0.49189 -0.74778 -0.08268
-0.1512 -1.18192 -0.13293 -1.45021 0.1594
-1.47745 -1.66222 -1.48842 0.05787 0.17677
-1.76169 0.23036 -1.03064 -0.30048 0.42631
-1.74047 1.35505 -1.00851 -0.38721 -0.42764
-1.44281 0.16754 -2.02136 -0.01345 0.05115
0.10649 -0.96945 0.17893 -1.60843 -0.5219
-1.02261 0.97862 -0.00919 0.03683 0.27732
2.20154 1.28311 -1.9645 -0.27985 0.3477
0.84268 0.46527 -0.46008 0.04752 1.30396
0.5489 0.20181 1.30571 0.33668 1.04636
-0.16546 -0.55854 0.23177 0.79021 -0.0597
-0.38511 -0.94287 0.93381 0.97899 0.373
0.03804 0.22559 1.25421 -2.39771 1.39129
0.81412 -0.484 -0.28642 -0.9406 -1.05308
1.40571 -1.12669 -3.46655 0.7828 0.03765
0.73786 -0.87683 -1.01602 0.31569 1.71833
-0.68413 0.1257 -0.98142 0.73857 2.61015
-1.85148 1.89057 -1.67211 -0.75518 0.25376
-0.75771 1.40559 -1.2893 1.72 -0.3892
1.00423 1.39539 0.7899 0.64063 0.02084
0.38277 1.38674 -0.34534 1.66382 -2.35453
1.2229 0.23644 -0.54176 0.40827 -1.0816
0.30985 0.89689 0.91664 2.49198 -0.33643
0.12197 0.21104 2.09286 1.21479 0.04119
-1.04759 0.10724 2.9605 -0.23625 0.88738
1.16396 0.26228 1.09713 -0.24781 -0.8032
0.5317 0.6488 -0.7137 -0.42302 0.06136
1.3613 0.24233 -1.15276 0.19985 -0.03108
1.35228 0.76939 0.57421 0.47986 -1.03625
1.40983 1.01525 0.673 -1.23387 -0.37346
1.35443 0.93371 0.37442 -1.46391 -0.06772
0.0817 1.36092 -1.51068 -0.60046 -0.51443
-1.8211 0.54584 -0.0082 1.74624 -1.50478
2.29995 -0.90029 1.52007 1.36511 -1.14753
0.67328 -1.12404 1.43735 -0.20691 -0.45341
0.78572 -1.31671 -0.99597 0.55861 -0.74397
0.60662 0.14463 -0.09218 0.40165 -0.57119
0.44735 3.79916 0.14115 0.90821 -0.1783
0.20358 0.26806 2.17538 -0.77134 -0.12431
1.22943 -0.21791 2.25143 0.63867 -0.01612
0.02514 1.87488 2.24323 0.31964 -1.96024
0.21057 0.44332 1.34421 2.96882 -1.76874
1.28871 -0.26873 -0.48788 2.35688 -1.48718
1.17345 -0.09639 0.87872 -0.24233 0.93947
1.6984 1.33742 0.834 2.3918 1.57256
2.17908 1.28461 0.18541 0.50334 -0.00483
-0.09178 1.68184 0.07324 -0.52477 -0.44717
0.67708 -0.55344 -0.4664 -0.51873 0.75044
0.41048 -0.6006 -1.37642 -0.02594 -1.79714
0.8089 -1.94751 -2.04883 0.05125 0.133
0.4669 -1.31297 -0.12515 1.29182 0.34579
1.01406 -0.28084 -0.48435 0.62872 -1.31076
0.80502 -1.0897 0.36347 -1.1008 1.02704
-0.04812 -0.55728 0.09907 -0.20251 0.99479
0.83945 -0.33541 0.5488 1.38842 0.57359
-0.99084 0.12104 0.43063 -0.61056 1.4331
-1.38465 -0.34048 1.94757 0.52839 -0.96305
0.03349 -0.04453 1.84437 0.28263 -0.58932
0.98664 -1.40293 1.25702 1.47438 -0.3749
0.77202 -0.80794 0.09311 1.97354 0.33853
0.89406 -1.78986 0.55777 -0.20764 -1.2127
-0.32994 -2.6048 -0.68933 -0.60459 1.24707
-0.3286 -0.84356 2.37012 0.04766 -0.11277
-1.43012 1.46136 0.4042 0.05414 0.55473
0.12397 3.23365 -1.0817 1.68165 0.13626
-2.62447 1.76913 -0.72819 1.55189 0.5008
-0.0109 0.41187 -1.18105 -1.13179 1.08702
0.25648 -0.34937 -0.69876 0.25925 -0.04672
1.7074 -0.27329 -2.12124 1.84375 -0.19189
-0.70262 1.51799 0.35574 0.53791 0.63051
-0.70861 1.62829 1.45867 0.34344 -0.13507
0.44705 0.26598 1.75416 -1.40608 -0.36291
0.00502 0.36042 -0.08704 -0.62263 1.18709
0.26255 -0.87573 -0.27368 0.41413 0.06732
1.48931 0.76655 2.55783 0.97406 -0.35482
1.76788 -0.48205 1.11145 -0.75153 0.22098
-0.49027 1.38154 -0.03166 0.55268 -0.35067
1.04583 0.93066 -1.30872 2.18605 0.23379
0.16911 1.18532 -0.36374 1.25933 2.04559
2.19322 0.46538 0.13111 -0.14596 1.19405
0.02658 0.75099 1.99756 1.18086 0.20715
1.33956 -0.02034 1.69749 -0.11341 1.3043
-0.05669 -0.78355 0.3471 1.31665 -0.05234
0.09527 0.45802 -2.0895 1.58475 0.29698
-0.27502 -0.27249 0.58889 0.5143 1.00948
1.40986 0.01899 3.74751 0.00332 1.51132
0.76094 -0.96304 1.22823 1.02791 1.48708
-0.25936 -0.58228 1.3671 -1.11238 -1.09662
0.20708 -1.04359 1.58257 0.25803 -0.18378
-0.01966 2.12774 1.68164 -0.94539 1.01953
0.25024 3.1445 -0.43112 3.18858 -0.49378
-1.53773 1.72745 2.25366 0.62364 0.59125
-2.49954 3.35043 -1.26708 0.45772 -0.29867
0.17037 2.61033 -0.7736 2.26992 2.16278
-1.01975 0.9026 -0.24402 2.63561 -0.22939
0.36826 -0.20169 1.39007 -0.79691 2.14063
0.61238 1.08821 0.26143 2.26093 -0.00567
0.33752 2.25244 0.57169 -0.01155 0.60198
0.52418 1.28189 2.34909 1.82124 0.56199
0.21051 0.43451 1.52666 0.24075 0.39798
0.2438 1.09349 0.39217 0.80595 -0.06337
2.13037 2.87746 2.41767 2.76125 0.28897
0.39743 1.52545 0.5498 0.15058 0.75173
1.66567 1.84258 -1.0265 2.05604 -0.6344
2.01013 5.13412 -0.23628 0.783 -2.31962
1.85051 3.7672 -0.16161 3.17231 -1.19282
-0.00972 2.59352 0.65601 0.75125 -0.54677
-0.85592 1.86531 2.87945 1.27963 -0.74242
0.15497 1.2731 0.97426 2.8846 0.50789
1.49403 3.03188 -0.86792 2.24186 -0.17613
1.32492 1.86925 1.16362 1.87964 0.39851
-1.40465 1.77614 1.45756 0.49986 -0.92859
1.65532 -0.18738 1.02563 -1.10482 0.21953
-1.57746 -0.68153 0.24275 2.79097 -0.72746
0.69513 -1.34175 1.20551 1.08972 0.4628
0.91024 -0.96462 2.35566 -0.79077 -1.27187
-0.05631 -0.55554 0.56456 0.56514 -1.15505
-0.76351 0.51241 -0.87598 0.38031 0.60161
-0.2296 0.33619 -2.21662 0.19911 -0.88522
-0.04902 1.26943 -1.74959 1.19832 -1.7798
0.69479 1.73284 -1.03921 0.33352 -0.52598
-0.82437 2.3644 0.45038 -1.11116 1.14102
0.71394 0.12527 1.403 -0.94135 0.07515
0.78294 0.04675 0.28018 -0.524 0.61401
-0.91283 0.28945 -0.32269 -0.15355 -0.98986
-0.74094 2.06852 1.01485 0.58789 -0.14948
-1.31072 3.76982 1.61139 0.1883 1.46647
1.44379 4.68388 1.18391 1.4605 0.59394
0.47138 2.12818 1.60911 0.98867 -0.28744
1.95531 0.92104 1.41776 1.05367 0.42578
-0.08843 0.75564 1.96497 2.28274 1.7421
0.48691 0.46256 1.49823 3.58659 0.96176
-1.17564 0.28428 3.0859 2.33435 -1.07058
-0.64335 0.88088 1.04525 1.20104 -0.58518
-0.49092 0.66994 1.34496 0.1112 -1.54311
-0.09545 1.61447 0.41322 2.26801 -0.29667
-0.04962 0.98747 -0.4494 0.03968 0.26301
1.01121 -1.20756 0.19976 0.13913 -1.21326
-0.16882 -2.61207 -0.00895 -0.89481 0.40898
-0.99832 -1.77116 -0.2397 0.8065 0.57221
-1.9757 -1.12729 -0.63761 -0.40567 1.26955
-0.54307 -2.83514 1.11805 0.88209 0.47785
0.48985 -3.27301 0.71313 0.73654 -0.83825
-0.01783 -2.24869 0.1962 0.48865 -0.57487
0.27013 0.77709 2.26341 -0.03114 -0.16827
-0.71493 -0.23019 3.42097 0.65868 -1.6814
-1.37355 0.81705 3.02192 2.97368 -0.14292
0.81696 1.68325 3.78643 0.2073 1.86669
0.99012 -0.48884 0.81013 -0.30956 -0.87467
0.55407 0.91449 1.11979 0.12298 0.56663
0.0994 1.27107 0.20551 2.76904 -0.08395
-1.38891 0.55634 1.11034 0.44066 -1.11332
-1.69394 0.44668 2.48105 -0.01578 0.79856
-1.68163 -2.29962 1.08515 1.69594 0.06096
-0.04106 -0.38579 0.92852 1.06007 0.81722
0.72033 0.81804 2.23871 1.30923 0.58363
0.65315 0.56571 -1.02881 -0.41341 0.79013
0.12563 0.38127 -0.93135 -0.53928 -0.10284
0.95406 0.6866 -1.75445 -0.57614 -0.51176
-1.01756 0.62538 -1.03539 0.52874 -0.41889
0.56836 0.17618 -1.54337 -0.3086 0.04526
0.56322 1.61639 1.03852 -0.65851 -1.2218
-0.67038 0.1285 0.40389 0.95169 -2.45579
0.37968 -0.7435 -0.55815 -0.43201 1.1539
