1.75772 -0.40282 7.66415 1.07203 0.61426
2.07317 -1.26045 7.58257 1.37108 2.01959
-0.12935 0.41095 7.15079 0.81755 2.43093
0.98546 0.16067 5.84523 0.58734 3.03421
1.36297 -0.33735 5.93457 0.97186 0.82386
-0.76398 0.54775 5.61957 1.47138 1.52845
2.59003 -0.20373 4.3222 2.49642 1.62903
3.39902 0.14461 3.31127 2.23864 1.25655
1.03107 -0.38386 2.28711 1.4563 1.60109
1.79328 -0.73889 1.74669 0.99322 0.58956
1.73242 2.79089 2.07398 0.21853 1.09024
0.60995 -0.02185 0.97323 -0.42091 1.75393
2.22387 -0.4001 2.74017 -1.0309 1.13454
0.2724 0.37953 3.37759 0.02713 -1.256
0.09638 -0.13292 2.42344 0.31856 -0.34328
2.44545 2.02582 2.77757 -0.45105 0.55297
0.94535 1.31129 2.25784 0.16299 -1.07877
0.43885 0.79047 2.65884 -1.57376 -2.27648
2.78582 -0.08793 1.66919 -0.6628 -2.6964
2.92999 2.0485 0.94496 -1.22183 -1.11996
1.09802 -0.09227 2.15766 0.63668 -1.15052
2.09208 -0.75981 1.78452 -0.88718 -1.35883
-0.59829 0.16846 1.73694 0.066 -4.43827
3.06148 -0.99369 1.8237 -1.24824 -2.38717
-1.01334 -0.30708 3.49266 0.04062 -2.48444
2.70189 1.16794 2.59277 -0.6411 -3.15428
2.06452 -2.21707 0.59364 2.15674 -1.75395
1.7735 -0.2764 -1.02683 1.40624 -0.36467
1.49377 2.14173 1.14801 1.03113 0.47993
1.57064 -1.00203 1.69227 0.26722 1.01463
0.02731 -2.19984 0.98917 0.9132 1.51983
1.21077 -0.4283 1.45116 -0.80691 2.33666
-0.55981 -1.79573 2.88285 -1.38014 2.54126
1.49227 0.7713 1.70437 0.7179 0.66818
2.78753 0.13321 2.20041 1.42562 0.15496
0.12378 0.39649 1.94852 3.24253 -1.56016
2.21618 -2.0569 1.57242 3.42692 -0.80814
-0.9381 -1.01981 2.75679 1.64929 -0.08836
-0.48117 0.10504 2.8438 0.10234 0.68279
1.80343 -0.49309 3.3416 -0.32682 -0.2381
-0.43512 1.09334 3.68292 -1.13094 1.31038
3.76286 -1.21666 5.3032 -1.22815 1.89976
0.6201 0.76269 2.76484 -1.13024 0.52852
0.57 0.45074 3.53816 -0.36247 1.42126
1.73576 0.18445 2.51539 1.96568 -0.2657
1.19074 1.91021 2.93432 2.1716 1.53592
-0.2696 1.03668 2.86928 2.88746 0.45283
-0.53071 -0.36097 1.15115 2.41752 0.60365
2.48545 -0.04655 2.34093 3.86442 1.25834
1.11329 0.56796 3.47818 2.52589 2.15933
0.78664 0.48451 6.28572 0.80643 2.28138
2.28243 0.19063 7.62339 -0.77868 0.30906
2.74083 -2.2056 7.81595 -1.07265 -0.6036
0.88737 -1.53733 8.08564 -0.10943 1.32008
1.84685 -0.13391 6.4957 -0.04698 0.93031
0.40856 0.47864 6.4231 -0.58703 1.23713
2.42235 -0.47319 3.92194 1.53131 0.2067
1.95931 -0.03137 4.29417 1.61061 0.73283
1.86295 0.92561 3.57681 1.43502 2.18419
0.39143 -0.25602 4.14418 3.05057 1.05355
1.28763 1.23466 3.4903 1.57511 2.00142
2.06983 0.41285 3.80347 0.78319 2.13046
3.03936 1.5659 4.68272 0.65256 2.11482
0.79024 -1.31979 7.56414 0.83351 2.24026
2.09519 -0.31596 7.65161 0.84569 1.14089
2.16304 -1.53289 6.40935 2.53343 1.601
0.8489 -1.03481 5.35717 3.94174 0.95746
2.01641 -1.03922 4.87041 2.90829 1.01632
2.83832 0.22587 4.46065 1.50675 0.43212
3.75015 1.58391 5.65759 0.20712 1.04173
0.80797 -0.62081 7.15445 -0.90958 1.57696
1.41143 -0.72853 6.70409 -0.65863 1.88477
0.14578 -0.61481 4.11364 1.04427 1.52978
0.74451 1.26496 2.56852 -0.57899 2.07039
1.45222 -0.16832 3.99668 -0.91551 1.96366
0.11516 -1.13762 4.57744 0.68587 1.43779
0.76715 0.8793 4.60698 -0.71051 -0.61159
1.06253 -0.53807 5.16379 1.05011 -1.33455
1.76478 0.82841 3.58222 0.78559 1.77071
2.15114 -0.38713 1.82325 -0.0775 1.14097
0.08784 0.8619 3.14229 1.83886 0.87841
0.1074 -0.20411 4.17923 2.18789 1.01952
0.75683 0.21508 4.07354 2.42215 1.05388
2.96957 0.31805 3.58077 1.73847 1.51015
1.68275 -0.85325 3.25796 1.18129 2.36691
2.0892 0.94992 5.21818 -0.35758 1.35038
2.81797 -0.18112 6.15516 0.48866 1.41115
1.3723 -0.33364 6.90476 1.9553 2.96759
1.23427 1.28266 7.54568 2.8812 2.13385
1.90897 0.43826 7.5769 3.01409 -0.05015
0.79498 0.46414 5.8696 4.06022 0.21217
1.1362 1.48458 6.36305 1.97657 2.16843
0.34234 -0.67948 7.89421 1.25875 3.41577
0.92313 0.50026 9.19865 0.96751 3.20529
2.07211 -0.79115 10.17579 0.82956 2.87481
-0.69418 0.17509 8.89821 0.90256 2.74783
-0.27841 -0.03826 9.19187 2.8349 0.72917
-0.15537 -0.17869 8.16874 3.27668 0.82788
-0.10107 1.29012 7.95295 2.77209 0.80054
1.02069 -0.03945 6.5157 2.86111 1.92051
1.44845 0.08287 5.18262 2.24889 1.80506
1.20098 0.75421 6.29596 2.47068 1.18682
1.87019 -0.26372 7.25553 0.60034 2.64452
0.53995 -0.37009 5.92193 0.90896 2.15287
1.28591 0.53364 7.72883 2.51023 2.81206
2.48522 -1.21623 7.2962 2.01164 1.67924
0.50475 0.54729 7.02604 2.01696 2.63725
-0.34498 -0.74458 6.83718 3.36119 4.33841
2.52362 -0.51511 6.85784 2.30926 5.21269
-0.88455 0.78846 5.71031 0.81758 4.25933
-0.43216 0.53934 7.01362 2.5518 2.64035
2.87281 -0.12822 6.34952 3.04817 2.60862
2.09816 -2.41331 6.64154 2.87342 2.87891
0.86431 -0.33666 7.67394 3.23574 1.36225
0.36865 -1.30307 7.99457 2.81333 1.45889
0.91714 0.72978 6.97078 2.63104 3.18762
0.27802 0.91588 7.05907 2.98408 3.61615
1.22926 0.46448 7.72345 3.0491 2.89518
-1.74717 0.25311 8.33441 2.96801 2.51213
0.49825 -2.5304 5.64383 3.51029 2.77803
-0.01923 -0.43579 5.91631 5.52624 3.84501
2.57428 -0.09027 5.38978 4.77712 4.80932
1.226 0.67073 4.34733 1.83898 3.08361
0.42751 1.06739 5.72165 1.88098 3.78135
2.4456 -0.41131 5.20747 4.39081 2.26335
2.11932 0.76808 6.13132 3.65559 1.45095
1.08362 0.65703 4.3328 3.94036 2.58219
-0.4949 1.23518 2.90869 4.02897 3.08082
0.9103 -3.17779 3.76336 4.63629 4.03036
-0.33289 0.18167 6.55908 2.79777 5.18379
1.13336 -0.50757 9.59692 2.50566 3.56318
1.60829 0.37415 10.41391 3.72565 2.99375
1.21849 0.3741 10.56197 4.56252 1.5037
1.25618 0.25774 12.98876 4.87261 2.12464
1.49236 -0.29916 13.55792 4.96353 1.75586
2.46442 -0.9261 14.25501 4.55685 4.92278
1.02699 -0.77259 14.86573 2.25642 3.3447
0.39377 -0.9273 14.41214 2.98758 4.10866
-0.61203 -1.09554 14.57319 3.72467 2.93285
0.42063 -0.87697 13.86472 3.01437 0.99962
-0.55472 -0.74043 12.69018 3.53427 1.40238
-1.00018 -0.82394 13.3471 3.1047 1.98565
0.35726 -1.085 13.89773 1.53134 2.96925
0.23622 0.99361 12.79911 2.03525 3.77366
1.89612 0.17531 12.59134 0.20127 1.74113
-0.70677 0.83888 12.88315 0.65022 1.92809
-0.71489 -0.18668 10.89123 0.16547 0.03917
0.15461 -0.24095 9.59215 1.61403 0.48391
1.0788 0.33284 9.5906 2.44821 1.58308
0.88006 1.72514 8.08954 1.83778 2.91807
-0.68509 0.7214 6.68272 3.0377 2.74756
-0.73623 0.65982 6.44778 0.19705 4.6202
0.39959 0.88733 6.39863 1.30378 2.86936
0.49656 0.87956 6.44505 2.91736 0.90276
2.11441 -0.95643 6.51051 2.59178 1.8862
0.59712 -0.20246 6.47494 1.09235 1.33069
1.21018 -1.59219 7.98187 2.27303 -1.40731
1.34298 -0.58762 8.76162 -0.60187 1.51333
0.17582 0.98641 10.0272 1.35855 0.25732
-0.3835 -0.4478 11.38453 1.20059 -0.33803
0.92462 0.17193 12.26101 3.07657 -0.19026
0.85295 1.6476 12.49505 2.7201 0.91642
0.93013 2.88182 11.52698 1.01699 -1.46411
0.46461 -1.07417 11.39657 1.12354 -0.46638
-0.37539 0.87192 12.28104 -0.19931 -0.1116
-0.26613 -0.43345 9.79547 -0.38195 1.44213
-1.3658 0.5839 9.35403 -0.61852 -0.472
2.15613 0.74491 7.46924 0.64599 0.44901
0.21543 0.13331 6.14338 0.4293 0.55773
0.14632 0.60459 4.89937 1.23164 1.4771
2.69033 1.0264 3.43746 1.03801 1.73489
0.60309 -0.58623 5.0566 0.76539 3.25614
1.87097 -0.0346 4.51248 1.40283 1.89194
2.30273 -0.25127 4.47961 0.62348 1.04618
2.58004 0.26934 5.53837 -0.91721 -0.54835
0.64072 0.41373 3.20081 2.6772 2.06087
1.59032 1.49309 2.44671 1.54687 1.69286
1.05151 -1.39606 1.03678 0.71115 0.56045
0.20178 0.80983 0.39587 0.73079 0.7112
0.77702 -0.5924 1.14949 0.97577 1.57902
-2.25088 1.24629 1.21007 0.89367 2.61872
0.5587 -0.06339 1.7032 0.30819 1.89445
-0.28589 0.05558 2.6434 0.17522 0.86095
0.22186 0.02121 2.30876 1.06197 2.73518
-0.26408 -0.40395 2.13464 2.25518 1.86667
1.30585 0.6337 1.46084 1.22091 1.22161
1.2629 0.97307 2.1142 -0.00401 0.70639
-1.50191 -0.66149 2.23292 2.28927 1.04312
0.6007 -0.00458 1.85343 0.6726 -0.33956
0.09703 -0.79987 1.93195 0.09791 0.05326
1.12938 -1.67371 1.00213 -0.2462 -1.28107
0.48803 -0.98525 0.3913 1.04888 -0.45102
-0.61116 -1.23875 2.8096 1.15625 -0.06948
-0.66564 0.92402 2.94188 -0.51817 -0.34198
2.94816 -0.51496 2.1713 -0.53355 -0.35585
3.24423 2.03126 1.92284 -0.48795 -0.91918
0.41991 -2.21738 1.70509 0.29466 0.06057
0.36884 0.13854 2.29093 0.90097 0.69944
0.23774 -1.94448 2.41029 0.22819 0.4786
0.76773 1.32241 1.6108 -0.05902 0.58059
1.19951 0.00699 2.17853 -2.14421 1.47528
1.0707 0.80872 3.17326 -0.50455 0.94918
2.881 0.73437 3.57644 0.24374 -0.029
2.51541 1.94127 4.05954 1.32457 -3.02787
1.61443 -0.19905 4.42188 0.77678 -2.9721
2.33133 -0.21489 3.98073 0.44711 -2.25295
2.93982 0.05025 2.13231 -0.33475 -0.26187
2.44977 0.40104 1.50924 0.70591 -0.0519
0.9091 0.69436 1.63057 0.43341 1.22375
-0.38006 0.01962 1.07847 1.38429 2.47039
-0.09832 1.73343 0.91891 -0.50621 2.4521
0.02336 1.11769 -0.07009 -0.56287 1.0262
-0.34812 0.69743 -0.06473 -0.28133 0.63256
-0.06795 -0.10294 1.75322 2.34063 0.26215
1.40121 -1.19825 1.08143 3.34181 -0.65582
-0.94055 -1.22087 2.30491 2.39429 -2.12429
0.90472 0.28224 3.82901 1.44189 -0.08697
1.63708 0.20268 3.90715 1.17118 1.16818
0.50217 1.04289 2.69517 0.47455 0.23928
1.40074 1.62073 1.82828 1.98473 2.13049
0.61424 0.5498 1.48781 2.25812 0.80563
1.19257 -0.51076 3.18591 3.09955 2.39446
-0.73494 -1.24895 3.88875 1.7775 0.18493
2.50217 -2.33526 4.78548 2.06601 0.54192
1.34018 0.54123 6.5179 0.34036 0.26417
1.29066 0.61889 6.35301 2.53794 1.46571
0.94018 -0.54759 5.46943 0.14748 1.2933
0.85547 1.36251 6.44006 1.18097 1.83238
0.35298 -0.43722 4.35772 0.11509 1.21719
1.85742 0.50792 5.33134 0.46215 2.4268
0.85471 -0.01488 5.31778 0.86118 3.80508
0.79316 -0.18485 4.11996 1.39857 1.22542
0.96209 0.22943 6.30966 -0.91903 1.36495
2.94457 2.75004 6.56102 0.3679 1.26191
0.53223 -0.63629 6.71632 1.38345 2.10755
2.2023 0.56798 7.33805 2.16956 -0.04537
1.43902 0.72181 7.04784 0.98429 0.47218
1.28348 0.50854 6.78605 1.07664 1.81799
-0.13389 0.4287 6.32771 1.34167 3.52114
-0.15595 -0.54664 5.01371 0.22321 3.35417
2.44665 -0.11382 3.6596 0.54168 3.39153
1.80533 -1.26757 3.04054 1.02613 2.95708
0.40033 0.03021 4.34201 2.77571 2.86703
1.18184 -1.24363 1.92609 4.19964 3.00027
2.57651 -1.8717 1.71061 3.89296 2.41233
0.57619 -0.16351 1.78192 2.99104 3.47991
-1.33628 -0.48523 1.77095 1.84135 2.86655
1.07546 -0.51255 2.8643 1.00165 1.88249
-0.98319 1.15017 4.9426 2.51134 2.35953
0.91798 -0.15171 6.05728 2.25979 1.90832
1.65456 -1.13164 6.29507 1.2163 1.54889
2.79907 0.55588 5.38939 3.3331 2.05272
1.13858 0.56146 7.24475 3.18286 1.24605
0.32727 0.50401 6.94897 1.00134 2.39988
0.79739 -0.02551 6.35703 1.89298 2.33159
0.32384 0.53376 9.40272 0.42733 3.4314
-0.46372 0.32327 10.43133 0.82358 1.87396
-0.33078 0.1563 9.91694 1.74098 1.3389
0.43792 1.49499 8.72476 0.90165 1.55741
0.24308 1.79776 7.06739 1.80301 2.52296
0.83547 0.61769 6.77245 1.95694 1.89918
0.33082 0.56522 4.51277 2.00366 -0.44451
0.51035 -1.32408 5.11926 1.1385 -0.06715
1.99056 1.56882 3.95373 1.15253 0.36981
2.13049 0.25563 5.50179 1.97192 -0.58445
1.49621 -0.66115 6.57662 0.6461 0.10315
1.46585 0.41924 6.12865 -0.21741 1.08041
0.77218 0.29214 6.04273 0.77782 1.78719
3.04828 -0.02159 7.19467 -1.12575 0.93484
0.37975 0.31685 5.44478 0.68854 0.54829
1.71008 1.2667 4.67687 0.57103 -1.05458
2.5195 -1.4002 5.93223 0.98968 -2.13
0.33792 -0.47218 6.87948 -0.51428 -1.42883
0.10577 -0.62436 6.16108 0.40318 -0.86891
1.28284 1.61605 3.35907 0.77943 3.02691
0.71087 -0.77153 3.01455 1.53529 2.90916
0.61354 -1.66153 2.30412 -0.82954 3.54111
-1.13994 -1.03042 2.99664 -0.23817 0.92201
-0.06136 0.73233 1.86486 2.24084 -0.16601
1.39389 -0.89449 1.37763 2.77619 -1.65429
0.65129 0.76483 1.29816 4.31825 -0.58603
-0.87485 0.12292 1.03824 2.77292 -0.61978
0.5994 0.30402 2.42704 2.81548 1.32488
-0.14444 -0.83435 4.28377 1.96512 1.44039
0.14666 1.22925 5.37171 -0.36332 0.539
3.17093 0.26113 5.90434 -1.04209 0.07228
1.60005 -1.65799 7.72173 0.67971 0.33081
3.79726 0.41227 8.36948 1.26039 1.57338
2.07952 -2.06804 6.45793 0.90803 0.71955
2.44139 1.665 5.72395 0.79792 1.45849
1.86003 0.99901 5.32154 2.11502 -0.01235
1.72144 -0.09937 6.93652 1.7093 -0.18566
1.00478 1.08858 6.53744 1.35623 1.18175
3.02086 0.56621 4.02808 0.39253 1.91331
-0.91437 0.04355 4.74316 0.46196 1.14921
-0.29364 -0.21861 3.84487 1.82639 2.01093
1.69526 -0.25838 2.9473 1.00126 2.77965
2.70424 0.17404 2.65646 1.47327 1.98752
1.73005 -0.48062 3.71342 0.57735 -0.81647
1.39951 -1.24676 4.5177 1.05385 -0.01552
