-1.50595 0.5082 -0.38391 -1.55471 5.58006
-1.13934 0.74632 0.04465 -1.85467 3.68523
0.18631 1.00922 0.42567 0.15667 5.25747
1.59455 0.61523 -0.58802 0.51516 4.88287
1.09631 -1.60755 -0.62826 1.74248 5.61119
0.21733 0.0841 -1.19215 0.00611 4.13798
-0.16137 0.09767 -1.15373 -0.32291 4.65854
0.37206 0.34035 -1.30648 -0.8956 4.69262
1.40889 0.03563 -1.28877 -1.57759 4.62353
-1.23098 -0.56496 -0.4932 -0.36242 5.48452
-1.95448 -2.40069 -2.14025 -2.23547 4.91049
-1.6786 -1.59149 -2.33469 -0.67367 5.40571
0.68257 -1.60404 -3.0117 1.00006 7.47217
0.30594 -2.5168 -3.66932 0.19712 8.0367
0.55154 0.19035 -3.04373 1.73686 7.5446
-0.89205 -0.46579 -3.82902 1.34569 7.62103
-0.28153 -0.10098 -4.67307 0.49053 8.83369
-2.00182 -0.80118 -3.00049 1.50737 9.57321
0.07452 0.82019 -2.09373 0.46802 11.29466
0.02649 -0.75471 -2.60659 -0.51579 10.23705
-0.82762 -2.01625 -3.07282 1.2742 9.00096
-1.62235 -2.09847 -2.92983 1.88329 10.63388
0.95691 -1.49706 -3.19044 -0.16797 10.36136
0.50862 -3.54881 -2.14626 -1.13397 10.14688
0.7783 -0.62223 -1.15404 -0.72031 12.34169
-0.69695 -0.89283 -0.12299 -0.12524 13.49981
-0.06848 -1.19097 0.11286 0.83422 13.29571
0.68552 -1.6961 -2.9727 -0.39514 13.55326
-0.93562 -2.12358 -1.14319 -0.53112 14.37934
-0.00496 -1.16125 -1.38663 -1.7277 13.00745
-0.82171 -0.60609 -1.2255 0.59662 12.76304
-1.81206 -0.07086 -0.63195 0.17178 11.20565
-0.45435 0.09182 -1.13159 -0.65685 10.62216
-0.76405 -1.32141 -1.02303 -0.99175 11.04729
-0.25534 -1.5356 -0.326 -0.50287 9.42437
1.20273 -0.58339 -1.15185 -0.50989 8.68823
0.93569 -2.36329 -0.04915 -0.75631 8.38777
1.87338 -1.99862 0.02578 -0.72153 7.97028
-0.2883 -0.36987 -1.14803 0.01106 8.40857
-1.16422 -0.85982 -0.36574 0.3326 8.56682
2.13808 1.47853 0.58617 0.56029 8.43667
-0.62366 0.38421 1.67835 -1.8923 7.13711
1.55643 0.92881 0.32909 0.02008 7.61811
0.01848 -0.76211 -0.70719 1.94518 8.92977
-0.54368 -0.9305 -0.27897 1.12591 7.95804
-0.04046 -0.32887 0.70244 1.12231 8.03819
0.51246 0.02584 1.90209 -1.50494 8.22426
1.25588 -0.49811 2.10949 -1.68209 7.87603
-0.3465 -2.0875 0.49371 -0.29352 7.85111
0.29182 -1.58631 1.41168 -0.55422 7.12339
1.13012 -1.86946 2.06505 -1.65016 6.3688
-0.75449 -0.28958 1.50462 -0.53823 8.23847
0.31564 -0.16179 1.42791 0.02075 8.71608
1.96044 0.33094 1.46742 -2.13854 8.26512
-1.20886 -0.41626 1.53005 0.17334 9.03724
-1.28413 0.41333 1.66694 0.88671 8.32974
-0.29171 0.28893 -0.21024 -2.46665 6.97243
-2.40595 -0.05291 0.63162 0.7489 7.39263
0.03125 0.23972 0.28975 1.0371 6.35045
-0.19448 -0.79028 -1.38555 -1.1063 5.08167
-0.00727 0.2588 -1.14303 0.09971 6.65727
-1.5599 -0.61622 -0.0849 -0.70544 7.05611
1.00088 -0.44842 1.1198 -0.89464 5.47037
1.86657 0.15119 -0.45506 -0.31 4.28437
-0.70426 0.29571 0.66369 0.52896 3.35803
0.2953 0.73801 -1.23452 1.31316 3.34612
-0.62817 0.89408 -0.88191 -1.78907 3.57236
-1.22124 0.45976 -0.87293 1.1517 4.75274
0.70451 0.5438 -0.21444 1.87536 5.05448
-1.70895 1.29402 -0.09819 -0.292 5.63108
0.08183 1.49011 -0.28085 -1.28306 5.39676
-0.41743 0.27637 1.03226 -0.56249 4.97472
-0.93308 0.47165 2.50163 0.04893 5.61585
0.42311 0.38767 3.60003 -1.50538 5.84655
-0.14071 -1.28423 2.54786 -0.34612 6.10095
-0.62885 0.20059 1.87213 1.00573 6.12164
-0.74129 -0.42772 1.73261 -0.24546 5.07283
0.7094 -1.09644 -0.04268 -1.59792 7.43395
0.78245 -0.13703 -0.90331 -0.63394 9.61509
0.74393 0.11661 -1.62029 0.29246 9.49427
1.12395 0.65217 -0.92165 1.96349 8.96409
-0.45031 -1.42573 -0.45383 -0.26002 10.15138
1.25941 0.17113 -1.32137 0.26716 8.94385
-1.18189 -0.783 0.82918 -0.31942 8.64144
0.55158 -0.61421 0.95767 -0.02107 8.9362
0.93878 -2.37829 -0.06791 -0.28766 8.59069
-0.31561 -1.47461 0.64054 0.03023 8.39213
-0.57074 -0.2705 0.41785 -1.81061 7.45309
0.50106 -0.60013 -1.34708 0.65898 7.33756
-0.37247 -1.11715 -0.97698 -0.05929 7.45426
0.76378 0.27951 -1.91571 0.08601 7.63845
0.10864 -1.53635 -1.10951 1.40035 9.15126
0.83896 -1.88271 -0.66693 0.08895 11.84506
-0.08962 -2.35156 0.48429 -0.77402 10.10235
-1.37476 -0.21376 1.44816 -0.86394 10.58095
1.11917 -0.03138 3.10826 -0.34605 12.52063
0.60949 -0.83578 1.3921 0.40096 10.35993
-0.82959 1.11636 1.02965 1.74048 9.50654
0.36468 0.44152 0.24706 -0.45244 7.70257
0.56247 0.96134 0.82217 -0.07086 7.10428
-0.85608 1.5196 0.52333 0.27658 9.18151
-0.6488 1.82441 -0.68764 0.01698 9.27229
-0.41558 -0.06589 -0.67578 0.14404 9.09075
-1.23824 -0.9809 -0.89153 1.33251 8.53481
0.69307 -0.12594 -2.32303 -0.26662 8.35838
0.2359 0.75505 -1.20845 1.94792 8.48125
0.86499 0.48325 -0.06387 0.73015 8.37525
-0.19609 0.46835 -0.75202 -0.85694 7.86748
0.74667 0.7964 -2.0866 0.70446 8.69361
-0.45325 0.19149 -2.42814 0.78057 10.02241
0.36454 -0.55488 -3.07606 1.54924 10.25941
-0.67439 -0.07186 -2.3216 -0.59295 9.92703
-1.40468 -1.42798 -3.46424 0.31026 9.54849
-0.92824 -3.97057 -4.11449 -0.76122 10.92621
-0.73189 -2.2152 -3.8051 0.25971 11.85201
0.3605 -1.83635 -4.38268 0.50116 12.53566
-1.28947 -3.05013 -3.63199 1.79329 11.38865
-0.31502 -2.05927 -3.31609 -0.87604 10.81268
-0.68231 -1.09336 0.08991 -2.25608 12.18353
-0.31705 0.87888 0.56297 0.04028 13.7503
-1.16183 -0.55773 -0.50033 0.43344 12.36513
-0.81351 1.06097 -0.98677 -0.04208 13.51263
1.46237 1.28003 -0.44927 0.92778 14.72933
-2.20083 2.08027 -1.48836 1.52539 14.88753
-1.2988 0.75773 -0.84296 0.47954 13.90499
-1.98853 -0.57588 -0.29495 -0.7008 12.72493
-0.5892 -0.77971 -2.03306 -0.38133 13.60868
1.02622 -0.91853 -3.42759 -1.02256 12.37021
0.18842 -0.86843 -1.72883 1.15433 12.51243
-0.87082 0.46668 -1.91449 0.06564 10.48622
-0.33387 -0.20785 -0.43596 0.57811 9.28619
0.44406 -0.77838 -0.64682 -1.12361 8.87221
1.00945 0.16428 1.45247 -0.27404 9.27755
-0.20614 0.61226 2.3614 -0.49352 8.34663
0.04299 -0.38048 1.45382 0.94159 5.9208
0.87067 -0.68143 0.51752 0.08259 6.23774
0.38227 -2.36579 -0.97079 -0.08426 2.61347
0.38877 -0.82032 -0.89477 1.06693 1.03364
-2.44763 1.55394 -1.06466 0.93047 3.06384
0.23209 0.1811 -1.79449 0.1301 4.02595
0.12504 1.54177 -1.53931 0.97304 4.05838
-1.23372 1.74184 -1.48925 0.45465 4.46841
0.35166 -0.20259 -1.62486 0.46023 4.60533
-3.35808 -1.26969 -1.19464 1.22398 4.25588
-0.19179 -0.93723 -3.33769 -2.25942 5.38314
0.01527 -0.5149 -2.26686 -1.69472 5.38474
-0.36063 -0.36711 -1.8924 -0.02243 6.22958
1.27573 0.66864 -1.11395 0.14749 5.78098
-0.68353 0.40837 -0.47933 -0.55135 7.92585
-0.36392 0.05781 -0.01627 -0.30155 10.08838
0.18059 -1.39834 -0.21448 2.32053 10.2228
-0.03787 -0.72068 -1.39116 0.57051 11.28743
-0.83482 -1.37853 -0.98391 0.66425 10.11236
-0.55045 -0.9286 -1.16512 1.9373 10.18818
-0.87539 -0.948 0.34751 -0.76562 11.55253
0.25339 -0.13224 0.85141 -0.62724 8.93589
0.02428 -1.10938 0.37474 0.80997 8.52501
-0.03894 -0.71218 0.54362 0.73575 9.30002
-1.33671 0.05777 -0.55074 -0.08488 7.78534
-1.05007 -1.18636 -0.16331 -0.09934 6.29876
-1.61689 0.52221 -1.82511 0.57301 7.497
0.24001 0.01191 -3.27837 0.30296 5.7986
-1.97236 0.66016 -4.37443 -1.19445 8.37232
0.0368 -0.33071 -2.26022 -0.02624 9.16231
-0.71892 0.26093 -2.3896 0.29693 9.71704
-2.21872 -0.02543 -2.09504 -0.80567 9.07604
0.63505 0.17803 -3.23945 2.11114 9.76427
-0.74584 -0.46404 -3.38089 -0.33959 10.50773
0.24691 -0.07573 -3.87972 1.25538 10.53073
-0.4868 0.07848 -2.53729 0.67235 10.40943
-1.18161 1.91645 -0.75603 -1.64185 11.96283
-0.51096 4.29359 -0.38342 0.21482 9.82565
0.34279 2.95961 -0.92479 -0.32284 12.18075
1.78482 2.6281 -1.31572 0.46133 13.07479
1.50623 0.91388 0.09487 -0.45012 14.37711
1.00533 0.97405 0.4057 -0.60757 13.90823
-0.92551 0.79974 1.19394 0.44164 13.30574
0.19161 1.75937 -0.16197 1.03912 11.5303
0.83619 0.79727 0.25935 -1.37782 11.04708
1.17802 -0.60332 0.34399 -2.12385 9.12597
0.45358 -0.37815 0.2108 -1.0285 7.07945
0.83672 1.83619 0.05749 0.71748 7.37654
0.85638 0.95996 -0.66678 -1.87702 6.2235
-0.14021 0.59654 -1.1065 -1.59567 6.99359
-0.21346 -0.30994 -0.22266 -1.68587 7.1928
0.04643 -1.42974 1.09874 0.63038 8.20085
-0.80264 -2.62038 0.91701 -0.16636 6.9886
-0.21946 -1.344 0.9611 -0.64524 8.3309
-0.60202 0.02793 1.54083 -0.48616 7.64134
0.63954 0.4751 1.16933 0.91621 7.55125
1.47349 0.95023 0.9318 -1.95881 7.98467
0.53489 2.91263 0.64561 -1.71566 7.65391
-0.73021 2.34989 -0.33643 2.12815 6.66892
1.25371 2.45001 -0.46075 2.086 8.38541
0.86229 2.7604 -0.85493 0.16058 7.04076
-0.86533 2.94631 -2.3298 0.48632 7.47216
0.61144 4.29903 -0.76365 1.88205 9.12243
0.30851 0.55748 0.22807 0.63229 10.30977
0.95846 0.46468 -0.59358 0.84939 10.28602
-0.577 0.57543 -0.90695 0.98946 7.99651
-1.87959 0.5624 -1.50306 0.90426 7.16448
-1.63055 1.5609 -0.00356 0.72165 7.7098
-0.41792 -0.02797 0.95571 -0.28258 5.76346
-2.24099 1.82249 1.54828 -0.62735 5.03476
-0.74011 0.12177 1.18986 -3.01822 4.14228
2.21719 0.98274 1.92565 -1.6633 5.01479
0.4073 2.42767 1.86315 -0.00076 4.41086
0.3148 2.42487 2.45654 0.0011 4.71558
-0.99867 1.6696 2.31701 -1.4285 6.85777
1.04149 1.49545 3.13576 -0.73638 10.02926
-0.3925 -0.57853 1.61004 -0.6181 9.70502
0.38899 -0.94696 1.04958 0.25056 9.69585
0.40523 -1.69195 1.08906 0.30784 10.25504
0.08318 0.97656 0.486 0.18624 9.67529
-1.45558 -1.12282 -0.81271 -0.81702 11.32782
0.15928 0.43199 -1.39421 -0.57659 11.84274
-0.36049 -0.4214 -2.22454 0.51692 11.09844
-1.30757 1.19358 -1.24698 1.86154 8.30467
-0.78179 0.73968 -0.81532 0.5267 7.75626
-1.11481 -0.19321 -1.29256 1.44016 9.60707
-0.60007 -0.89772 -0.68481 -0.43689 8.54769
-0.388 -1.38115 1.00708 0.57381 9.87946
1.08948 0.17564 1.26661 0.77671 11.15623
-0.73954 -1.31419 1.7303 3.09789 9.4994
-0.05972 -1.21495 0.01731 2.31139 8.68719
0.09452 -1.2917 -1.21889 -0.0728 6.65959
-0.12849 -2.90991 -2.72355 -0.16166 6.68298
1.23095 -1.27254 -0.91095 2.88812 7.02992
-1.84926 -2.11849 0.12243 0.89714 7.67058
-1.22688 -2.12208 0.2809 0.37919 8.05533
-1.43358 -3.16898 0.35192 0.65678 8.19617
-0.28777 -2.13813 -0.01538 -0.89476 10.34787
-0.03344 -2.3524 2.61759 0.92767 10.62732
-0.229 -2.73213 2.32334 1.44189 8.35423
1.62991 -1.07706 1.34997 0.26698 8.2324
1.06583 1.00961 -0.0478 -0.68574 8.61801
0.94923 1.56533 -0.11812 -0.53909 7.86689
3.545 1.19424 -0.08491 0.35799 10.37405
-1.10215 0.27085 -1.5129 0.06465 10.4714
-0.19931 -0.21515 -2.07326 -0.02859 9.64744
0.92646 1.14982 -3.45049 0.40625 9.07229
-0.54317 1.67449 -1.4239 0.54985 10.11431
-0.26802 0.68657 -1.09355 -0.13106 8.97664
-0.57484 0.6321 0.35375 -0.08565 9.24902
-0.94463 3.06055 -0.1664 0.26411 9.39361
0.19917 0.67742 0.52358 1.59789 9.43637
-1.17478 1.90786 3.01385 -0.39792 10.23517
0.70157 2.84008 1.31146 0.58841 9.08381
1.78242 1.89597 1.45433 -0.66206 9.45926
-0.65255 0.15324 1.51174 0.064 11.34511
-0.18079 0.51519 0.86135 -0.49746 10.38245
0.17257 -0.14474 1.53386 0.12278 10.61283
1.0141 -1.01507 1.38596 1.255 9.30591
-1.06211 0.52177 0.19701 -1.34702 10.41615
-1.02882 0.22356 -0.63837 1.41445 9.54528
2.0342 0.21691 0.25211 0.37775 7.98408
1.21988 0.41799 2.05758 1.01076 8.27831
-0.75028 1.07361 0.851 -0.83733 8.9795
1.31436 0.4205 -0.36282 -1.61663 9.96458
-1.49076 -0.5189 0.59155 -2.36824 9.11245
0.74016 -0.30324 1.02375 -0.20826 9.46491
1.90598 0.66711 0.06892 1.95291 9.7693
0.40383 0.32696 -0.57678 1.00126 9.66844
-0.65257 1.1456 0.92895 0.47738 9.47652
-0.33479 -1.02737 -1.68447 -0.37309 8.74144
0.42409 -0.62259 -1.69398 -0.53681 6.59941
0.47381 -0.8173 -1.63042 -1.9343 5.55529
0.50916 -2.68302 -1.2593 -0.41798 4.95148
0.2765 -3.32296 -1.95579 -1.38013 3.78068
-2.6719 -1.82292 -2.09809 -1.01274 3.58803
-1.51082 -1.67912 -1.81751 0.57458 3.06783
-0.18903 0.35047 -1.54843 0.58438 2.11212
0.16642 -1.69146 -1.52028 -0.39682 0.48214
-0.00972 1.56515 -0.95777 1.30688 1.97615
-1.37419 2.7291 -0.11316 0.59123 3.58752
-0.0695 -0.008 1.25919 0.09181 3.95665
-0.38151 -0.92028 0.89725 0.14675 4.35545
-0.98785 -1.37349 -0.37836 0.1414 5.79849
1.24246 -1.18898 -0.91349 1.33185 5.03416
-0.59642 -2.29932 -1.27196 1.70979 5.64124
-0.20454 -1.36258 -0.18834 2.27092 5.69873
0.33622 -0.32052 -1.40328 -0.33758 5.85988
1.03747 -1.35353 -1.22388 2.02364 5.63845
-0.20693 -0.55005 -0.75244 0.08343 6.48699
-0.87766 -0.18409 -2.64991 0.10917 7.45004
-0.77131 -0.42429 -0.90527 -0.18584 7.01209
-0.36891 0.3764 -0.02157 1.11534 7.2342
0.74668 0.53813 0.32537 2.09391 7.58408
-0.32347 0.04911 0.65161 1.63066 6.981
-1.7902 0.67626 1.38813 -0.21779 8.168
-1.50986 2.31825 2.86393 -0.58421 8.15036
-0.54016 0.58564 3.77565 0.87698 7.26337
-0.48292 0.4639 3.26126 -0.49869 7.76307
0.53978 0.37416 4.13336 -0.39426 8.18089
-0.24755 -0.33393 4.11477 -0.13051 9.21359
0.86632 0.68571 3.85556 0.80998 9.18958
1.12425 2.47321 2.59644 0.49525 12.13379
2.29523 0.49565 3.54844 0.3419 11.06459
1.36864 2.76123 4.32694 -1.84684 13.63305
0.76231 -0.14324 4.99809 0.24224 15.06496
