0.92864 8.03844 1.27247 8.90128 1.55996
1.80119 8.51452 1.75732 7.63715 3.20267
3.41575 6.8135 4.32992 9.3324 1.24874
2.89961 7.16203 2.56241 8.96276 0.1764
3.56466 7.64509 3.13727 7.48271 1.81865
2.96039 9.04866 2.02936 8.56045 -0.13798
3.12473 8.99011 3.83811 8.47573 -0.11959
2.87967 9.12682 3.04562 9.88728 1.44162
4.00261 9.28597 0.17885 9.2508 1.97941
2.67746 8.25259 3.07497 8.8624 1.9283
1.7317 8.72291 4.11342 8.52997 1.52623
2.72807 7.32172 3.49918 9.701 0.97549
2.79025 6.85526 1.4457 9.31397 0.5757
2.00491 5.04753 1.54218 9.77744 1.10631
3.09056 3.49468 2.88412 10.74064 1.30238
3.33525 2.55241 3.48611 12.43695 0.99816
4.63645 4.04359 3.55574 10.09827 -1.78471
3.70663 5.84759 2.6246 10.23053 -1.21712
4.22221 5.74826 4.7179 11.05551 -0.12283
3.84416 6.9837 2.76466 10.86618 -0.51377
4.0204 7.20775 3.42844 13.04176 2.17024
5.00885 6.60236 2.80935 14.25339 0.81371
3.9296 6.49468 3.18415 14.5762 0.10269
3.86612 6.85618 1.02827 14.91225 1.24645
2.91583 6.38068 1.58468 13.62832 0.75002
3.28837 4.32665 1.61141 13.75137 -0.09711
4.19004 2.84245 2.44246 15.19034 0.28241
5.18439 3.10817 1.59683 14.90253 0.62343
4.39526 2.54953 2.78069 14.79049 0.58643
6.08459 3.55239 2.99283 15.73577 0.03378
4.99266 3.60251 0.76866 13.54718 0.48198
3.3551 4.19358 1.79908 14.77622 -0.77093
3.99855 3.80312 1.19794 16.23788 2.18995
4.89826 3.19237 0.5627 15.9302 0.71855
4.77993 5.99994 1.47465 15.9134 1.18372
3.5209 4.47608 0.91011 14.11548 -0.38412
5.67392 3.51514 1.56057 14.89707 0.97382
6.06433 4.62466 1.49451 14.06901 0.51553
5.42322 4.89822 1.4665 14.45973 1.99258
4.38143 4.42454 1.93109 13.99817 2.66836
3.57191 4.34385 1.47748 15.48658 1.06428
3.50052 3.95543 0.54401 15.09099 0.76458
6.16617 3.05989 0.96845 15.27 -0.70919
6.0398 2.72176 2.19684 14.76544 0.01269
4.83512 3.71763 3.92978 17.19846 1.0525
5.05836 4.27514 2.73731 16.7239 0.61535
6.60364 5.68924 2.23745 18.06556 0.07148
5.80213 6.77058 1.24639 17.33199 2.39212
5.46498 5.72209 -0.32337 17.83667 0.42582
6.65719 3.44838 -0.83392 16.69059 1.80394
7.30239 1.5859 -0.25676 15.22379 -0.23192
5.4398 1.8035 -0.0099 13.95443 -0.1292
4.88412 1.1529 1.46943 13.93602 -0.60131
5.67536 1.92246 1.23044 15.05705 0.20638
5.72365 2.03142 0.45875 15.43159 0.26848
7.23352 0.76593 0.22716 15.31007 0.55541
6.13398 1.09441 0.57352 13.04987 0.4501
5.11082 -0.66182 1.0434 12.55259 0.34946
4.79133 0.12396 2.72156 12.7844 0.02944
5.22659 0.51743 1.36644 11.65491 0.41742
6.25488 0.26268 1.96515 13.87834 1.67861
4.37074 0.04371 1.45102 15.66897 -0.03551
5.70717 0.30955 1.31755 12.28431 0.77886
3.35022 1.90243 -0.83358 12.15896 -0.75539
3.93576 1.46815 -1.06105 14.34789 0.09256
3.89737 1.72029 -1.48269 14.7676 -0.06655
5.98551 0.12782 -0.88855 14.21388 -0.79378
6.0738 0.3189 -1.11763 14.65081 -1.35285
6.53452 1.5903 -0.87012 15.56416 -2.87665
5.21047 3.20486 -0.33668 14.72028 -2.69271
4.30058 2.42499 -1.30578 16.12183 -0.18342
5.4603 4.29594 -0.3962 15.82972 0.43712
4.28399 3.94357 -0.47359 14.68456 0.9294
6.09165 3.64581 1.27617 14.46217 0.20688
6.76478 4.63809 1.06984 15.24708 0.01906
6.42259 4.34842 -0.03095 15.45896 -2.23481
7.68137 2.70463 0.76803 17.03962 -0.44528
5.01067 1.50405 -0.3118 16.56589 0.15396
5.30557 0.3878 0.97292 17.51863 1.22778
5.18378 2.2445 0.29136 15.59763 1.74085
4.95364 1.58431 0.1131 14.55795 0.80826
4.7611 2.86181 -0.8696 15.17892 1.22805
6.63539 1.45803 -0.09621 16.07358 0.50766
6.33374 0.6222 0.06862 14.40129 -1.12037
5.67455 1.79119 1.26881 14.95453 -1.00531
6.15492 3.34457 2.63554 14.06435 -0.61269
3.30416 2.90852 2.4788 13.82266 1.83175
6.80275 3.33193 1.4737 13.82177 0.66884
5.69828 1.76777 -0.30137 13.91398 1.16423
6.60735 0.60245 0.58701 13.82605 0.4011
6.04924 1.22009 1.12502 13.32249 -1.43197
3.88182 1.77943 1.88136 14.73418 -0.74936
5.06725 1.4563 0.50994 13.60198 0.75202
5.91108 -0.0739 -0.87517 13.67267 1.16024
5.90637 -0.19747 -1.54977 12.73556 -0.07991
5.33332 -1.17422 -2.58352 11.93134 0.45726
6.60689 0.036 -1.81366 12.29036 -0.81621
3.32955 1.15102 0.15431 11.90177 -2.74132
2.36567 1.48369 0.99371 10.24574 -1.72457
3.36507 -0.58761 1.82315 11.73556 0.16755
2.28379 0.54459 1.093 9.48951 -0.52581
2.56158 1.41646 -1.06459 8.19123 -1.54217
2.52359 0.96071 0.57852 7.81727 -0.36124
3.74295 1.4782 1.46509 7.62458 0.75946
1.89923 0.08899 2.0055 7.89081 1.53323
0.45551 -1.07762 1.92042 7.76625 0.09576
1.39108 -0.02543 2.53353 10.14989 0.17819
3.40821 0.78509 2.43283 9.55071 0.88933
2.67508 2.22774 1.89548 10.66184 0.35454
1.84616 2.05803 1.22429 9.60205 1.86895
3.89443 1.67105 -0.1268 9.19386 0.77802
2.50531 1.75888 -0.25345 10.37412 0.96155
2.83606 1.036 -1.97629 8.74697 0.98901
5.44681 2.95097 -0.36071 9.4661 0.95099
4.7698 2.75364 0.81097 8.38087 0.72465
3.04369 2.54932 1.59777 8.87831 0.42451
3.24384 3.40919 0.84858 11.64251 -0.53876
3.42818 2.89341 2.12431 12.47487 -0.24872
1.94523 3.05802 1.95148 12.31581 -0.2085
2.15594 3.46706 2.68533 12.55693 0.09137
3.69763 4.18442 4.66294 11.70661 -0.0836
3.39732 4.02571 4.64065 10.1097 0.74223
3.75043 5.27315 4.06745 9.28687 0.04203
4.0209 6.63332 2.73098 11.41976 -0.03201
2.85524 8.49053 0.85558 10.46645 1.72729
4.08116 6.40071 -0.0378 10.88653 -0.2929
3.53132 5.75877 0.51825 9.61988 0.08167
2.81919 6.78822 1.09902 8.99198 -1.32168
3.87375 5.81983 0.29671 9.66547 -1.04482
4.0853 4.36153 2.59464 11.52027 -0.77363
4.40915 4.62507 -0.14803 10.29977 0.80581
3.87651 4.01626 -1.41452 9.86874 -0.8668
1.21681 2.6166 -2.193 8.79609 -0.68981
1.01844 2.06337 -2.57393 8.99024 0.6508
1.40431 3.3578 -2.31147 11.1224 -0.47072
3.29406 2.34503 -1.53522 10.60687 -1.03441
2.76467 3.9062 -1.38393 10.48825 -1.92802
2.79205 4.33061 -1.38121 9.93118 -2.24438
3.86166 4.12605 0.52159 10.82494 -1.9076
5.05521 3.60919 0.19605 12.33064 -1.41951
3.16244 2.05959 -0.66806 13.54285 -1.27767
4.11089 1.47496 -1.15822 13.14628 0.06472
5.25585 2.0215 0.18503 11.08872 1.64229
4.80527 1.98072 -0.21831 11.47956 1.02484
4.28847 3.33157 0.0297 12.33741 1.13604
5.48476 2.69652 0.0212 12.90664 -0.70799
3.72114 0.97067 -1.18788 13.53957 0.64442
5.94543 1.58779 -2.06494 13.46935 1.34453
3.24289 1.93409 -1.05507 13.53986 1.41769
3.78136 -0.72016 -0.26403 14.21806 -0.09226
2.64621 0.36925 -0.78098 15.64166 -0.54333
4.60317 1.07976 -0.18865 15.32631 1.39443
5.60942 2.16839 -0.55248 15.75503 -0.97308
2.79451 0.59454 0.01334 15.06895 -0.68674
3.7662 -0.31819 -0.2915 15.50455 0.68585
3.28109 0.05427 -0.29622 15.01526 1.67515
4.01765 -1.1003 -1.5174 14.31831 -0.88239
4.39376 -1.86019 -0.47871 13.62424 0.64304
4.71489 -2.62219 0.32569 13.61581 0.1616
5.34882 -1.19101 0.9286 12.87688 0.22876
4.14613 -2.62791 0.30706 13.07524 2.63066
6.03117 -3.36053 1.63048 13.45307 0.0202
2.99742 -1.55287 1.75961 14.18135 -0.98782
4.25885 -1.41278 1.08468 14.16761 -2.37853
2.61509 -0.24513 0.48671 15.61464 -0.25711
2.84445 -0.35423 0.88053 16.17159 -0.12081
4.38031 -0.51845 -0.57514 17.06542 -0.8255
4.08914 -0.84146 0.93913 17.91177 1.11794
3.188 -0.20498 1.31652 15.87955 0.71038
4.49066 0.89901 2.80271 16.60383 0.5278
4.14164 1.70824 2.2631 16.44843 0.13901
6.07445 2.23668 2.85852 15.78867 -1.25138
6.15793 2.79835 0.71331 17.05829 0.13291
6.56028 3.93769 -0.00824 15.22614 2.04005
7.01188 3.58829 -1.69545 14.10778 0.0233
5.97328 2.86233 -1.76132 13.08119 -0.05074
7.05032 4.08924 -0.68206 12.28989 -0.19321
6.02036 3.25919 -1.32382 11.69143 -0.81009
4.78196 4.00043 1.95936 11.96372 -0.55808
4.68003 2.72328 -0.57174 10.8303 -1.1253
3.48628 3.12802 -0.58325 11.00122 -1.94871
4.42878 1.79329 0.14253 10.69565 0.24185
4.76302 1.35529 0.89009 11.34265 -0.60831
4.2499 1.77605 1.49673 11.87125 1.28961
4.08919 0.98607 2.8573 14.55133 -1.13849
2.16793 0.42332 1.61647 14.32002 1.45446
4.33039 -1.15896 1.52403 13.74927 1.11174
2.47358 0.20118 2.9357 14.77439 0.5433
3.41433 0.84453 1.73618 16.10002 -1.92949
5.6382 -0.76297 0.5223 17.30037 0.09097
5.2991 -1.60973 0.61388 17.20141 1.07809
4.74858 -1.11253 1.4651 15.13919 1.64426
4.05112 1.05699 0.33771 14.19721 1.63891
3.65731 2.22871 1.21431 16.46282 0.1206
5.04495 1.27044 -0.20154 16.1375 -0.23471
6.78079 1.91725 0.71288 14.03834 0.3059
6.38546 1.9688 1.41452 13.61166 0.38483
4.79888 2.02486 2.38807 13.66266 0.71628
7.51905 4.24281 -0.38032 13.40032 1.7201
6.31926 4.37903 0.30654 14.8601 1.94238
5.66459 4.63832 -0.66679 15.0654 1.65451
4.584 3.19927 -0.69628 14.22943 1.52632
3.63771 2.04632 -0.70525 15.94878 0.16994
3.22782 1.82736 0.54964 15.33449 1.36838
3.6979 -0.91073 0.8372 15.97193 -0.32464
5.77186 0.4522 0.04305 14.61407 0.08481
5.29134 1.2706 -1.97336 14.15548 0.91104
5.4434 0.7944 -4.16404 14.27128 0.96185
5.98283 0.47352 -2.07406 14.29436 0.0941
3.80367 2.16242 -1.53492 14.76877 -0.4231
6.17675 0.12032 -1.33639 15.47034 -0.53017
3.36992 0.16787 -1.17852 15.4471 -2.07288
1.78492 -0.21996 -0.38752 17.74438 -0.5818
3.38345 -0.23974 0.02718 17.40228 -2.16705
4.62027 -1.28844 1.43042 18.00598 -0.95877
6.81804 -1.16872 0.1835 16.24305 0.0399
8.50588 -0.42183 -0.99176 16.76198 -0.15328
5.54409 0.13251 -0.43085 16.96006 1.19266
7.04106 0.25893 2.09888 16.76264 0.73208
6.1972 1.82474 1.59912 16.28474 -0.09602
5.18927 2.53357 0.46158 16.76644 2.98632
4.94123 1.52299 0.11799 15.82706 3.51265
3.77566 2.09515 0.22239 15.07524 -0.08342
5.34609 3.06379 0.10271 14.70309 1.09468
5.75881 1.68878 0.70661 14.82944 -1.43494
5.00714 2.22505 2.82253 14.64346 -1.28961
5.88691 3.01328 5.21586 15.86778 -0.46541
5.51142 3.97744 1.78711 15.94404 -0.84506
4.62598 5.63002 2.62203 16.1178 0.72634
6.09649 7.16363 2.92069 16.14018 0.50364
6.86127 8.12993 4.06659 17.57289 -0.3086
7.03502 9.46273 3.95549 18.03235 1.27817
4.89384 10.12728 2.36421 18.28182 1.38978
6.96306 9.09622 0.87809 16.869 1.51583
5.76813 6.08019 0.67147 18.37882 1.49313
5.28502 5.21793 2.49123 18.24039 1.80492
4.36641 4.66128 3.74469 16.55018 -0.16272
5.38746 4.92897 4.11691 16.80827 0.951
6.33003 6.05583 5.5024 15.67064 1.77162
6.01837 5.86955 5.22649 17.25083 1.59477
5.67207 8.34602 2.77443 17.43034 0.75383
6.8984 8.21999 2.85692 17.00979 1.14425
6.84854 7.1713 2.78741 17.25913 0.49708
5.77361 6.50673 3.76267 16.05115 -0.02782
6.20343 6.08814 3.53195 15.29932 1.9508
7.69036 7.84703 3.33389 16.18074 1.71738
6.99167 6.03965 3.89412 16.56532 0.54329
7.41764 7.8173 2.66736 17.74259 2.05009
6.70426 7.18716 2.2914 15.02018 2.0743
4.60259 6.93678 2.5032 16.68288 2.34317
5.65788 5.66369 2.85473 16.2268 3.07191
7.85654 3.63736 2.40364 15.5316 2.22136
6.54085 3.91283 5.40346 16.32743 2.11447
4.00701 3.84411 4.51342 16.26163 0.15481
3.94441 4.80714 5.15312 15.94784 1.48548
5.50625 4.59862 5.69576 15.17725 1.51222
6.27923 5.33833 4.52892 16.16481 2.04127
6.44561 8.03947 3.25537 16.88251 2.64597
6.54287 8.97052 2.20732 16.81695 1.71385
4.49083 7.72039 2.78482 17.0912 -0.61802
4.38844 7.99597 2.79036 16.54457 -0.57338
5.62072 7.37961 1.80125 14.13219 1.54851
4.98793 6.08365 1.17289 15.03591 0.93676
4.59064 6.07849 -0.46153 12.49937 0.77694
4.76638 5.31056 -0.07522 13.32932 1.02865
6.15132 3.19341 -0.12381 12.32375 -0.01364
4.26049 0.07852 0.85821 11.29125 1.50397
5.10043 0.65046 1.31849 13.1477 1.39782
3.18747 1.48592 1.42954 12.2385 0.53366
3.91876 2.95882 0.53239 12.51529 0.22922
3.12797 2.46851 1.53592 11.40274 -0.15815
4.20526 3.15435 2.86833 10.98372 0.9383
3.60782 3.32718 3.84843 10.94654 -0.29776
2.49701 3.44919 3.20266 11.70502 0.36705
2.75043 4.23099 0.87589 12.78214 1.97933
3.83363 5.41894 0.7782 14.7688 0.08696
3.82449 3.37091 0.8141 14.49622 0.27769
2.05616 2.15574 -0.01346 14.01997 -0.06698
2.78182 0.30867 1.72137 14.36404 0.51921
3.64058 -0.59017 1.62977 14.31691 0.07415
4.0637 -0.08785 2.00426 14.00873 0.7121
3.26507 1.28799 1.46585 14.42417 0.01016
3.41097 2.1044 0.94244 13.70978 0.85224
3.39047 2.16712 0.88311 15.48723 -1.0805
0.86088 2.05056 0.42609 16.24017 -0.42257
3.71017 2.89966 0.28262 16.40221 1.99942
2.72228 1.98022 -0.54188 14.46825 1.21479
3.31635 2.82014 0.02416 15.02157 -0.8827
3.87489 2.60326 0.59578 15.24348 0.21916
3.41319 2.93278 1.66072 13.763 -0.17047
5.37919 3.36907 3.11649 13.76809 -0.16911
4.1147 4.81663 1.86351 14.22027 0.53574
6.35468 4.80008 1.55237 14.37875 1.63095
7.03275 5.87389 -0.2569 14.03491 1.44836
4.10266 4.53295 0.1799 13.91716 0.92222
3.72849 4.71741 0.23416 12.01571 -0.29889
4.8453 2.912 -0.55971 10.82129 -1.18771
5.79533 2.82168 0.24339 11.15281 0.59053
3.68792 2.23907 1.47751 11.35902 -0.1331
5.5783 1.34245 0.79352 11.07661 -0.45464
