2.27611 2.26808 1.00289 1.76906 1.08733
-1.59265 2.14834 -0.43937 1.65578 0.54666
-0.89182 0.91472 -1.47453 2.27472 0.34553
0.09487 0.97173 -0.08919 3.38222 1.24093
-1.85014 1.46606 1.23311 3.79402 2.56192
1.72675 1.62871 0.31082 3.51832 2.21556
-0.81627 2.26378 -0.38758 2.46174 0.97436
-0.55546 2.64243 2.26533 0.70215 2.45055
0.24453 2.12235 -0.20927 1.35185 1.73937
0.45143 2.23565 -3.90569 3.29935 1.09043
-0.11604 3.26308 0.04861 3.7915 -1.31131
-3.03231 4.21062 -0.22373 3.49931 -1.54735
0.8117 1.05309 -0.49185 3.09331 0.67572
0.90136 1.26574 -0.30827 1.97609 2.46084
-0.13195 2.859 2.02077 1.8614 3.54674
0.68213 1.63575 0.43593 3.07453 3.64295
-0.74765 1.0583 0.85182 1.72396 1.8312
-1.36469 2.56174 1.37465 1.06256 1.6874
-0.49689 3.33915 -0.04677 1.1706 3.88214
-0.74065 2.34488 -0.64087 0.8943 3.89173
0.39314 1.70567 1.05645 0.56774 3.64561
0.49379 -0.75765 -1.11447 3.07992 1.39088
0.28824 2.14376 0.603 3.0114 0.73954
-1.83318 2.33856 0.02668 2.3882 0.31289
1.03119 0.91582 0.67451 2.74503 0.92435
-0.56533 2.94804 -1.49823 2.19001 3.59785
0.23057 3.10034 0.46257 0.70022 2.72542
-0.61871 0.73967 2.15978 1.26349 0.76299
1.37358 0.11379 1.07647 1.09122 0.67916
-0.17299 0.61454 0.33377 0.50344 0.97109
1.089 2.5168 0.42745 0.17652 3.56665
0.19773 0.53341 0.82107 -0.78852 1.1535
-1.39437 -0.73892 0.48119 0.71909 -0.21461
-1.1567 -0.67441 0.14005 -0.029 0.007
-0.06354 1.29348 0.38159 0.20282 0.3995
-0.47329 0.87562 0.48525 -0.03896 -0.16239
2.3022 0.48154 1.60946 -0.55939 1.33708
-2.46965 -0.74832 0.50864 0.61167 0.41809
1.42965 -0.6565 -0.49866 0.87527 0.76836
0.47447 -0.48221 -1.17569 1.87138 0.55453
-1.19429 -0.34416 0.04023 0.66281 0.01173
-1.28625 2.39177 2.46892 1.93089 -1.27026
0.59819 0.16948 -0.19599 2.82761 -0.6093
-1.00048 2.04576 0.52495 2.28465 -0.33665
-1.03665 2.71897 -1.63879 2.10864 -0.32586
1.13137 2.03223 -0.50841 2.69575 0.71596
-1.54358 1.29385 0.32244 3.15851 0.77755
-2.3228 1.44855 0.72632 3.2214 2.14819
1.05599 1.1284 2.13074 2.45734 2.24003
-1.23858 1.33032 2.51824 3.6989 1.32493
-0.64129 1.35631 1.23283 3.47272 1.53179
-0.11322 2.95451 0.23455 4.21072 2.09298
-1.22001 2.72283 -0.75731 4.83413 3.08491
-1.11865 4.17314 2.22026 5.37076 4.24274
-0.08963 2.81413 0.92682 3.06156 3.68967
0.70789 1.04388 -0.97578 2.81207 3.43729
-0.31837 2.57942 0.47833 2.94163 3.87931
-0.25554 1.75412 0.35709 3.13331 5.15948
-0.81495 3.78047 0.61021 2.42533 3.94447
-0.36383 3.31851 0.72304 -0.00377 6.41036
-0.21769 3.04756 0.56197 0.79933 5.31248
-0.84285 1.09504 -1.13743 -1.27087 4.2922
-0.22814 1.7097 -1.08413 -0.35731 2.10422
-0.59768 0.55812 1.9997 -1.09606 3.22186
-0.4109 2.62248 -0.16735 -0.39158 0.43965
1.07524 4.53958 0.43799 -1.27479 -0.2653
-0.85152 0.49326 0.66893 -1.42503 -0.66646
-0.59085 -0.52236 0.02325 -1.28162 -2.1123
0.16506 2.6328 -0.68118 -1.80924 -0.86993
-0.84971 0.11856 1.52982 -3.04727 -1.10006
0.8748 1.74474 -0.01762 -2.21004 -0.98529
0.79074 1.47016 0.54904 -1.46179 -1.35077
-0.64257 0.77053 0.90822 -0.66633 1.25925
-0.56008 -1.89146 0.84435 -0.94981 1.77276
0.50155 -0.17568 -1.13679 0.89814 2.06407
-1.15672 -0.04605 1.11539 2.95506 0.93016
1.06729 0.43968 1.49929 1.93615 0.07099
1.10351 0.82793 -0.39717 -0.25886 -0.87275
1.78719 -0.48023 -0.14072 -0.96407 0.10247
0.39026 1.97027 -1.01177 -1.47818 -0.29097
1.23042 1.00802 -0.16058 -0.38462 -1.7286
-0.61748 0.58064 -0.43166 -1.07023 -1.72744
-0.70361 -0.84225 0.89906 -0.88696 0.46158
1.08501 -0.95424 1.29936 -1.8491 0.25089
0.8297 0.25306 0.91257 -0.69453 -0.71599
0.80324 0.30832 0.14749 1.15785 -1.27304
0.72987 -1.11228 2.66608 2.07977 -1.25355
-1.37875 1.08354 0.35165 3.61909 -2.48333
-2.02177 2.10131 -1.91644 3.19454 -3.32247
0.55561 1.3727 -0.37633 2.68914 -3.09052
-1.23412 0.70215 -0.50029 3.39806 -1.22077
-1.78562 1.19168 -0.27374 3.24728 0.21972
-3.17293 0.08862 -0.44328 2.60293 1.71828
-0.00676 0.63622 0.05732 3.76366 2.64176
-0.44267 0.31575 0.39163 3.38529 2.385
1.25444 1.98498 -0.4765 4.02841 2.66498
-0.49657 2.87472 0.21903 3.55362 4.5526
-0.48326 2.9173 -0.53486 1.90577 4.71073
-0.64283 3.7795 -1.60875 1.91208 3.74134
1.31436 3.43354 -1.43047 1.12834 5.81531
-1.43902 3.68092 -1.13947 0.01641 2.58659
-1.54335 1.59103 0.44542 -0.33295 2.31038
-1.11183 1.31457 0.03959 -0.89568 1.28702
1.1199 0.42686 0.37895 0.9424 1.86131
-1.72975 1.18042 2.38649 1.45617 0.70691
-0.96758 1.13387 1.3707 1.02334 0.09862
-1.12596 0.54848 0.00319 0.99955 0.97291
0.06101 1.3847 -0.96064 0.98109 -0.77232
0.81426 1.52576 0.18755 -0.19015 0.83407
0.72495 -0.62674 -0.69804 -1.01408 0.88941
-2.19634 -0.28753 0.20037 -0.84817 0.45113
-1.06121 -1.50637 1.14597 -2.08208 0.35872
-0.81625 0.15216 1.88151 -1.67037 0.20808
-0.95669 2.26857 1.04206 -2.7667 -0.02424
-2.12668 0.63174 -0.33179 -3.5058 0.59321
-0.38725 1.65462 -1.34057 -3.10376 2.35587
0.27157 0.33938 0.36767 -3.11521 1.08591
0.21094 -1.40159 0.30869 -0.83268 1.42892
-0.46386 0.05912 -0.87062 -1.94404 2.99425
-1.7466 1.61025 1.2233 -0.3817 4.74884
-1.2606 -1.57811 -0.10312 0.27385 3.11716
-1.41367 -0.75034 0.85963 -1.78314 1.98569
0.72766 0.91556 -1.858 -1.46943 2.09333
-0.95607 1.4995 -0.51758 -0.82015 0.45655
-0.9214 3.03256 0.77354 -0.74962 -0.76622
-0.14472 0.88785 -2.33291 0.65207 -1.95208
-0.39756 1.07248 -0.31179 1.69339 0.01112
2.44982 1.43644 0.5769 0.49956 -1.03691
0.78687 -0.58212 0.52416 1.29674 -1.57101
-1.48502 -0.04119 -0.7829 2.11587 0.79689
0.87298 -0.30243 -0.59314 1.5217 -1.94735
0.18556 0.45312 0.68768 1.94169 0.37922
0.54033 0.98687 0.87856 -0.03352 1.3968
0.13048 0.45115 -1.28818 1.12146 1.64417
-0.42719 -0.10025 0.50734 1.36593 3.648
1.35189 0.25752 0.12832 1.72187 1.39536
-0.20156 0.54319 0.84074 0.65579 -0.16482
0.41744 -0.2365 1.14885 1.48677 -0.69542
1.43559 0.02996 1.80969 2.08662 1.31404
0.00038 0.59521 1.29743 2.23216 1.3969
-2.64465 1.76741 -0.03538 0.87646 0.37379
-1.60561 -2.24128 -0.84337 2.80493 1.13571
0.82375 -1.49446 0.75683 3.14883 0.75983
-0.36552 1.78227 0.63348 2.00001 0.32286
1.70276 2.40098 1.31209 1.31823 2.149
-0.12215 2.49231 0.21326 0.92683 3.85213
-0.5002 3.91811 0.80465 1.18994 3.37009
1.03125 1.51293 -0.58565 -0.63384 3.83785
2.71711 1.17141 0.59207 0.43391 2.85852
-1.95341 0.44751 -0.90636 -0.38189 2.83129
0.02759 1.31784 -0.73707 -0.46537 2.12624
-2.46605 0.38987 0.26133 -0.19493 0.97963
0.62643 0.34775 -0.42767 1.15456 -0.54727
-0.04201 1.984 0.25042 2.16413 0.29823
0.21789 1.25846 0.26662 2.70941 -1.27541
-2.20671 0.84534 1.14411 2.81694 -0.25067
0.16946 1.64694 2.3834 2.64467 1.21794
0.13684 0.35637 0.31684 3.13103 2.65831
0.9738 1.45864 0.65747 2.44248 1.34236
-1.08253 0.3281 0.39785 2.04695 1.01972
0.43568 1.0775 0.13548 2.32391 2.17571
-0.81721 -0.047 -0.14123 3.09089 1.44338
0.55974 2.20803 -0.05769 3.34427 3.46092
1.14269 1.90643 1.81141 2.67213 2.05478
-0.68369 2.12624 2.11001 4.03239 3.58863
-1.21155 3.79821 1.29416 2.52416 3.22966
-1.76698 2.09649 -0.64253 3.86447 2.57819
-1.63456 2.17294 0.55306 4.14794 1.66389
-0.20985 2.19614 -0.79459 2.02031 1.71208
-0.65844 -0.8409 -0.96622 3.50489 2.66716
0.22556 2.53065 0.22471 1.05972 2.9716
1.00974 2.93203 -1.60725 1.17115 1.93129
-0.40464 2.14023 0.51185 1.5817 3.96091
-1.79036 1.14566 -1.14776 0.814 2.10953
1.53978 1.93732 -0.31509 -0.10076 2.13624
-0.64677 -0.41131 0.53894 -0.96875 0.9043
-0.57935 0.432 -2.10615 -0.59829 1.66696
-0.33633 0.36458 -2.0514 -0.50958 0.73506
0.1308 0.42956 -0.92433 0.63195 1.03426
0.87571 0.80287 0.693 -0.29603 1.01851
0.33849 1.63518 0.18855 0.23848 1.0497
0.18194 1.61644 -0.24419 1.39192 0.14093
1.49517 0.24864 -0.76596 0.63347 -0.43745
0.59206 2.17357 0.86663 0.99707 -0.59108
-0.12243 1.94651 1.3696 -0.56819 0.03463
0.1635 2.56523 -0.0266 -0.66808 0.88527
0.86985 0.74174 0.31545 -0.01543 0.47458
-2.25856 0.71329 -0.04979 0.71286 1.73399
0.04472 0.87268 0.28877 0.11776 0.98825
-0.59783 0.34761 -0.76679 -0.5294 -0.88278
-1.81696 0.62386 -1.18072 -1.42274 -0.0753
-0.92038 1.32614 0.35732 0.15255 0.49998
-0.27464 1.0735 0.04854 -1.55014 0.4489
-0.53403 -0.2521 -0.63824 -0.85095 0.89501
0.62389 -1.41652 -0.03645 -1.486 1.72284
-0.40489 -1.23691 -0.00469 -0.80601 1.42011
1.84709 -0.00787 0.06997 -1.29341 2.73978
-1.04623 -1.09764 -0.89759 -1.84739 2.59032
-2.36104 -0.19595 -1.38707 -2.5499 0.65402
-0.70287 0.72727 -0.43075 -3.47934 1.42755
-0.76338 1.3394 -0.68302 -1.37269 0.1351
-0.91278 1.85414 -1.726 -0.34688 -0.86193
-2.27948 1.72782 -0.40692 0.96496 0.50445
-1.36976 1.08555 -0.45943 -1.20478 -0.42567
1.27007 -0.69152 2.66359 -0.44008 0.50301
1.47777 0.35031 2.15355 -1.50626 -1.76087
-1.10122 -0.32908 1.50868 1.51731 -0.80499
-1.51938 0.03896 0.77861 2.2653 0.66198
1.79238 -0.75215 0.05588 1.58344 1.08887
0.55759 0.53848 -1.58779 1.0528 1.07406
-0.49022 -0.82339 0.36062 0.66326 -0.12799
0.36023 -1.10525 0.88441 0.35823 1.6082
-1.51366 -1.62146 1.32365 1.14545 1.85366
-1.13374 -0.74582 2.22932 2.63083 0.63786
1.11805 1.33459 0.58867 4.20399 0.06033
0.84433 2.31808 0.33972 2.38434 -0.34829
0.4183 1.69253 -1.82304 1.1014 0.51622
-0.7115 2.31169 -1.46149 1.69304 -0.28877
-0.91981 2.90768 -0.15693 0.80674 1.79414
-0.97102 1.80023 0.03083 1.33276 1.76321
-0.92374 1.21721 0.51966 -0.84142 0.23219
-1.46655 2.28916 0.69986 -0.28176 1.0756
-0.11797 1.06014 -0.13859 -1.65265 1.45231
-0.07757 2.3139 -0.36974 -0.93691 1.57533
-0.29831 1.8431 1.48338 0.24715 1.01327
-0.12544 -0.2614 1.97102 0.83064 2.36519
-0.16731 0.37065 1.3087 1.9546 2.42644
-0.11891 0.14773 -0.14515 2.22203 2.25532
-0.70404 1.81366 1.66899 2.10291 2.74681
-1.91956 3.77457 0.68224 1.44239 4.11278
-0.40681 2.76818 0.8444 1.04746 3.60944
0.35876 2.64421 -0.52119 1.46513 2.01052
-2.17507 2.22589 -0.15111 0.44409 1.09435
0.23341 2.1531 -2.11043 0.82639 1.81542
0.206 2.3996 1.37219 0.01305 1.33658
-0.6687 1.89989 2.96765 -1.46368 -0.25901
-0.38539 -0.29842 1.71739 -1.02925 -0.21719
0.18186 -0.91356 -0.03944 -1.15326 -0.26713
-1.1959 0.38207 2.01664 -1.15136 1.02831
-0.80674 0.35662 2.68942 0.44469 1.14515
-0.46619 -0.59895 2.30817 1.38682 0.5511
1.1912 1.25005 -1.01596 0.02155 1.10668
0.49848 0.99033 -1.3626 -1.43068 1.55696
1.04099 1.11976 -1.5708 -1.25577 2.29374
-1.85953 0.829 0.73045 -0.8589 1.56236
-0.44069 1.47046 -1.64265 -1.15631 2.64522
-0.88122 0.44778 -0.43751 -1.07355 -0.38318
1.10898 0.84795 0.04947 -1.67768 -0.07389
-0.00796 1.77376 -0.76261 -1.85994 0.64408
1.31332 3.12998 -0.84611 -0.41047 0.81737
-0.27288 3.70064 -1.35536 0.23341 0.70535
0.52045 1.06816 1.59602 0.96956 1.13017
-0.84057 0.96309 -1.47733 1.837 0.58849
1.24938 1.73005 0.25808 2.09198 -0.95152
-1.1066 3.00515 -1.23638 2.79048 -0.39838
0.95456 2.08986 -0.54089 1.48456 1.05367
-1.84579 2.6121 1.60735 2.83723 0.86691
-1.39875 1.04488 -0.19751 2.82975 0.50401
0.41779 1.62469 2.25003 2.07848 2.06039
1.35606 0.65385 3.17029 1.67633 2.03268
-1.79324 -0.32631 0.42566 1.04906 1.46172
-0.08885 0.85035 -0.20161 0.6999 0.07429
-0.3595 1.30066 1.11091 0.61717 -0.17699
-0.16189 1.80121 1.79331 -0.02432 0.3336
-0.17795 0.39441 -0.40755 2.54524 0.46125
0.32496 0.45011 0.69817 3.02488 0.87341
1.2784 1.21044 0.13435 1.70538 0.38593
-0.93644 0.80253 0.37006 1.32145 2.38199
1.56023 -0.95231 -1.92766 -0.75053 1.09742
-1.14035 0.93943 -1.06294 -0.49274 0.48383
0.57168 -0.97849 0.87892 -0.57988 0.00023
0.02971 -0.23136 0.36355 -0.2935 1.06755
0.90643 0.88541 0.65231 -1.28316 -0.4759
-1.42892 2.39142 -0.66274 -2.28231 1.37794
-1.69777 3.4854 1.15073 -1.40319 -0.59886
-1.31791 2.59123 -0.22401 0.04691 -0.47914
-0.34233 1.8011 -0.1417 2.03891 0.57182
-0.72906 1.77622 -0.3871 3.20931 0.46922
-1.76096 2.64981 1.50035 3.79979 0.25752
-0.2627 0.47697 2.02722 2.87721 2.28736
-0.34344 1.19446 2.47874 3.19482 2.29955
-0.07624 1.08474 1.43945 2.43121 1.06232
0.94378 0.52772 0.24025 1.89255 0.23463
0.70275 3.3178 0.72139 1.91292 1.36768
-2.10204 3.38336 0.70478 1.81022 2.21448
-0.89622 1.55645 0.47643 0.66807 1.09711
0.78854 1.70817 0.81455 1.68331 2.57116
-1.05505 0.70145 -1.0893 1.93378 4.46196
-2.22956 -0.1558 1.22003 2.14235 3.50179
0.14785 2.73425 1.14326 0.97752 1.77166
0.49499 3.45188 1.55641 1.21127 2.70037
-0.07576 1.18527 -0.03604 0.29124 2.94916
0.4674 1.00459 1.06384 -0.00118 0.91035
1.43557 0.33871 -0.29201 0.90556 0.18549
-2.96028 0.54241 0.13652 0.06978 0.6804
1.44127 1.20534 -0.82206 0.21348 -0.66828
-1.2394 0.86931 0.46059 1.28039 -1.0667
-0.94255 -1.09187 0.46453 1.23044 0.2641
1.17639 -0.98724 1.52324 3.06091 -0.60646
-1.2488 1.00049 -0.12212 3.67668 0.30957
