0.14308 -0.33724 0.50969 1.15718 -2.26755
-0.48324 -0.01629 1.15136 0.59181 -1.18981
0.31409 -2.01977 0.94321 1.66361 -1.91475
-1.68731 0.60451 0.46556 2.6567 -0.20077
0.66233 1.08854 0.32838 1.48453 -1.29244
0.84514 -1.06967 -0.36385 0.92218 -0.37589
-0.54142 0.72526 -0.78137 1.47513 0.67223
-1.22161 -0.11817 1.2854 0.47853 0.58356
-1.13806 1.68412 -2.23787 0.5554 -1.91742
-2.15039 1.33423 1.17314 0.80139 -1.26569
-3.23785 1.15811 -0.5242 1.46365 -0.87837
-1.56413 1.56226 1.06365 0.86523 -0.28822
-0.1175 0.42675 -0.48137 1.47831 -0.48992
-2.23137 -1.63023 0.58409 -0.02465 -0.29035
-0.25964 -1.23213 -2.16955 -0.23358 -0.27849
-0.84722 -1.39892 -0.16509 -0.92012 0.6097
0.6687 0.16455 0.97719 -2.32847 1.2586
-0.11917 -1.07311 -0.45299 -0.75519 1.49879
0.37833 -0.9824 0.46445 1.08859 1.11697
-1.66218 -0.56678 2.37688 0.71024 1.07866
-1.28937 -0.60765 -2.20312 1.00433 1.41069
-2.89593 1.09728 -1.21758 0.70585 1.09386
-0.10725 2.35535 1.19061 0.70244 2.26309
-1.88415 2.1861 1.36018 -0.67367 3.09328
-0.98811 0.85168 0.32989 -0.76479 2.91807
1.64345 0.54822 0.81214 -1.99909 2.91278
0.14976 0.48508 1.28318 -0.01881 2.0225
-1.29549 0.90325 1.04235 2.21767 2.95716
-0.32756 0.18447 0.77081 2.08765 1.96308
-1.463 0.77239 0.54382 0.77627 2.26754
-0.41031 1.4641 2.94954 -1.28435 2.8802
-2.09661 0.2114 2.33602 0.05165 3.3047
-3.43005 0.84463 -0.14858 1.15313 2.36626
-2.56828 -0.59112 -0.51222 1.73723 1.33259
-1.43857 1.90065 -0.23397 1.33557 0.48172
0.63673 1.74778 -0.86194 1.25555 0.71957
1.56017 1.56664 -0.29191 0.52584 0.73834
2.84395 0.56542 0.99684 0.65478 0.73267
3.08653 0.93289 0.19283 -0.69382 0.26894
2.67751 -0.06407 0.25171 -1.46765 -0.04858
1.32029 -1.01851 -0.72063 -1.27838 -0.22854
-0.37437 -1.57419 -0.58522 0.90559 -0.91074
-0.72838 -0.55703 -1.50353 0.82968 -0.15122
-0.63958 0.08894 0.00953 0.9445 0.78931
1.88029 0.33342 1.5721 2.49116 -0.37679
1.31121 2.2359 -0.86743 0.06619 0.6883
0.25928 0.9034 -1.32688 -0.03581 -1.2736
2.40732 2.78991 -0.94019 0.15033 -2.09979
2.34313 2.5449 -0.97689 1.0799 -2.90832
1.16909 3.01515 -0.17281 -0.68981 -2.29419
-1.61893 1.3258 -2.09773 -0.53624 -2.60835
-0.15842 1.33023 -2.09899 -2.267 -3.12789
-0.66511 0.57544 -2.02202 -0.2166 -3.69257
-0.25723 1.56816 0.56045 0.94927 -1.00698
0.3303 -0.11701 -0.26448 -1.10852 -0.9502
-0.02474 1.11287 -1.05451 -1.54681 -0.43795
-0.52171 -1.106 -0.69429 -0.79506 -0.39744
-0.75064 0.89823 -0.39058 0.24348 -0.02576
-3.20055 -0.45986 -0.89266 -1.48679 -1.00549
-1.35369 0.6407 -0.79306 0.56321 -1.49941
-0.53956 -0.63318 -0.23085 0.30826 0.04462
-0.29015 0.73425 1.37975 0.08134 -0.84808
0.75832 -1.51624 -0.40618 0.37874 -0.61052
1.7945 -1.20194 -0.641 0.71748 -1.0242
0.78781 1.09459 1.32596 0.53004 -1.4557
0.57561 -0.05337 -0.54536 -0.09904 -1.85937
1.37655 2.17345 -0.37318 -0.91609 -2.69629
2.88046 2.36873 -2.35285 -0.5701 -1.61359
2.02698 3.20218 -1.48882 -1.22544 -2.12467
-0.23746 1.00003 0.93006 0.58333 -3.14462
1.10072 1.12535 -0.93448 1.39227 -3.12898
0.14728 0.94839 -0.45076 1.10335 -1.1905
0.05883 1.82428 -0.30781 -0.85441 2.06623
0.20066 -0.03549 1.2524 -0.97154 3.68089
0.70292 0.03624 0.82273 -2.46145 2.48602
0.19707 0.25619 0.70237 -1.34078 2.19304
-0.65954 1.89562 0.51734 -0.91165 2.18234
-0.67726 0.56948 -0.07356 -3.03537 2.39892
0.14714 0.38878 0.37842 0.55935 2.69138
-0.73071 0.38816 1.14036 1.10193 1.58685
-0.55715 -0.86537 -0.52579 0.76414 0.28022
0.67346 -0.02497 -0.87025 -0.83156 2.68141
0.96733 -0.31716 1.13863 -1.3517 3.29439
1.06951 1.96915 0.06516 -0.62799 2.93129
-0.03383 1.46361 2.58983 -2.3396 3.86153
0.80685 1.89073 1.37559 -1.27223 3.91771
0.90191 2.36941 0.99694 -0.89097 3.39326
1.50723 2.00458 1.27547 -0.54508 3.28984
0.32248 2.68112 -0.32545 -0.46347 2.09025
-2.15277 3.79498 -0.03558 0.32799 1.53898
-1.37033 2.6063 -0.12167 2.10835 1.92049
-0.57095 0.22948 -0.25939 2.15203 -0.73015
0.25107 2.04969 0.09338 -0.83585 0.50007
1.47352 0.82047 -0.05867 1.29418 1.77649
1.23239 1.17714 0.95813 1.25037 3.23335
0.93243 1.36474 -0.63042 1.06771 2.06419
-0.83409 1.34059 0.58167 -0.08001 1.56869
2.1893 0.4352 0.69656 -0.117 1.90183
0.72953 -0.82435 1.35396 1.13865 3.0044
-1.27481 -0.32053 1.42717 1.81261 3.00981
0.92998 0.55742 0.26983 -0.4815 3.45222
0.93956 1.08457 1.21425 -0.13527 5.02581
1.41547 -0.18358 1.57487 0.62973 5.12676
-0.68983 -0.33735 1.00114 0.5377 2.78606
-0.3244 0.76657 1.9917 0.17188 1.5848
0.69552 -0.15476 -0.57388 0.27436 2.65977
1.97181 1.07976 0.38101 2.21531 1.34705
0.65756 1.42788 -0.67656 -0.07398 0.31936
-1.41397 2.45438 -0.46611 0.4381 1.40969
-0.38523 0.9452 -0.51036 2.20676 1.32452
-0.16733 1.59328 0.50568 1.38861 2.11843
1.72514 2.36679 0.01091 1.21357 0.51101
1.39746 2.60619 0.44545 0.19577 0.31441
1.86014 0.44949 0.51522 -0.53523 -0.19462
2.66093 -0.1107 2.08663 -3.20682 -1.5607
-0.41372 1.38038 -1.13893 -1.22431 -1.02453
-0.70887 2.4167 -1.43754 0.5023 0.82868
-1.25151 1.36206 0.59606 1.83246 -0.69694
-0.41119 1.46289 -1.14241 0.73841 1.23935
0.16932 0.14637 -0.53848 -0.8782 0.4723
1.3742 0.26624 -0.00698 0.14058 1.83538
-0.651 -0.2269 1.14591 -0.14538 1.42724
-1.2028 -0.61106 0.17225 -0.41362 1.94158
0.33331 -2.7614 -0.78558 0.7933 1.44989
-0.57403 -2.9485 0.34934 0.1569 -0.84708
0.6109 -3.60602 -0.87385 1.31833 -1.7746
-0.24098 -1.53416 1.14575 0.52493 -0.483
0.88468 -0.91057 0.68416 0.62649 1.16273
0.39975 -0.39081 0.79899 1.28693 -0.50697
1.16741 -1.59864 -0.77177 0.1332 0.63709
0.59019 -2.58189 -1.37685 1.07355 1.02258
0.64255 0.14958 -0.67441 0.50319 1.63328
0.52385 -0.581 -0.23477 2.10841 0.25993
-0.54803 1.45565 -0.68796 2.55552 -0.0618
-0.16692 0.51947 -0.18031 0.31691 0.86558
0.43534 -0.1391 0.63354 -0.01061 0.56249
0.66532 0.3208 0.31796 0.38513 -0.43868
0.03505 2.43349 -1.002 -0.9111 1.49597
-0.38468 1.54687 0.85871 0.45296 0.46813
0.85407 1.36939 -1.07621 -0.2969 1.08164
1.10681 -0.12795 0.13104 0.09935 1.84664
-1.42941 -1.033 1.28709 1.18896 2.27333
-0.51849 -1.01248 0.86344 1.27836 2.29728
0.06993 -0.05957 1.79287 1.16117 2.79009
-0.36963 1.41745 -0.3799 0.63672 2.37306
-1.36086 1.23959 0.40693 1.18 2.92499
0.80982 1.25333 -0.66041 -0.29958 1.60675
0.78408 -0.79993 0.78667 -0.83496 2.02256
1.95411 0.56663 -0.63509 0.67506 -0.27055
1.71362 -0.04995 1.97933 0.87989 0.8073
0.28966 2.07227 1.46895 1.09086 1.55264
0.73356 2.05941 -0.64614 -0.92265 1.1838
-0.15538 0.88056 1.24295 0.34378 2.87915
-0.02428 -0.64592 0.46963 0.76444 1.58724
-0.6183 -2.774 -1.54734 0.23465 0.49828
-0.02109 -3.12105 1.96943 -0.23015 -0.17673
1.08525 -0.94585 1.16613 -0.93596 1.51417
0.3447 -0.37631 0.66465 -0.51549 1.87854
0.34426 3.11596 0.36194 1.56575 -0.15355
0.61339 2.0282 -0.3882 -1.04528 -1.01673
-0.97977 3.53996 0.65895 0.9408 -1.47092
-0.78417 3.68546 -0.33346 -0.03557 -2.12285
-2.48159 2.07392 -1.31216 -0.78868 -0.10814
-1.19176 1.4663 0.14 0.31964 0.32259
0.04212 1.24713 -0.72105 -0.29753 0.18389
0.8409 1.46074 0.35405 -0.6339 1.77163
-0.52201 -0.99214 -0.99788 -1.95075 2.78003
1.46103 0.27604 0.60905 -0.4584 3.30522
1.14415 -0.36496 1.94152 -0.16424 3.424
0.98022 0.53007 0.89024 0.98999 3.61464
0.09223 -1.41208 0.87398 0.02939 4.91996
0.50805 -1.55462 0.19817 0.06834 3.68392
2.15428 -1.90945 -0.15224 0.42013 3.88192
1.89188 0.45761 1.84055 -0.22318 2.58625
-0.17149 1.3277 2.41152 0.18401 2.30736
1.16465 -0.3167 0.71338 1.32283 1.93066
0.6241 0.38394 0.55396 1.15189 0.63828
0.13667 0.59674 -0.66293 1.23915 -0.33683
0.97796 1.28239 -1.45883 -0.08301 0.76722
-0.1096 1.34662 0.86995 -0.76702 -0.02664
0.05641 -0.37634 -0.12819 -0.64063 0.17109
-0.9283 0.04162 0.95258 -0.64838 -0.4128
-0.96921 -1.02785 1.06015 -1.60773 0.1106
-0.38519 -1.0126 0.48878 1.05465 1.22076
0.08633 -0.78572 1.52991 0.85465 1.53891
-2.49289 1.52347 0.19698 0.31651 2.33987
0.10512 0.02244 -0.64777 2.86869 1.98426
-0.1575 1.08265 1.72752 0.53591 1.51937
-1.20897 0.7178 1.06287 -0.26534 1.64404
-0.6763 1.0605 0.1167 1.3953 0.74161
0.07141 1.48694 -0.25402 -0.06762 1.26356
0.35941 1.31213 0.07911 0.43602 1.60623
-1.08308 0.46172 1.86089 0.46689 2.19502
0.73809 -1.60842 1.713 -0.29435 3.17197
1.19645 -1.47356 0.16838 -1.22356 4.79314
0.66565 0.28674 0.66283 0.21256 5.17112
0.86725 -0.71042 1.63754 0.43785 3.55725
-0.00565 0.64612 0.28046 -0.95286 2.33683
2.14185 2.12746 3.05642 0.12875 3.11896
0.12701 1.06767 -1.48211 1.13268 3.17192
-0.21706 0.21499 1.26495 1.18053 2.89706
-0.41336 -0.21821 -0.85485 0.89613 2.63976
1.01718 -0.94314 0.37813 -1.19458 3.15613
1.68343 -2.16077 1.50393 0.54002 2.24313
0.15864 -1.44518 0.27022 0.12063 2.89601
0.8167 -1.61045 0.18222 1.30553 3.16165
-0.1032 0.82368 1.48022 -0.5846 0.93929
0.05106 -0.33161 0.46268 0.3578 0.33817
1.2632 -0.21222 -0.73391 1.80311 0.08762
0.94108 -1.13246 0.06611 1.39856 -0.06491
-0.39062 0.4397 -0.28311 0.07904 -0.65072
0.07144 -0.75249 -0.67466 1.55396 -0.23047
-1.47071 -0.22538 -0.47394 1.65346 -0.77207
-1.20363 1.38346 -0.15035 -0.12003 -0.98497
1.4814 2.25518 1.67102 -0.47234 -0.16072
1.46985 1.84826 -0.04194 -0.4537 1.05772
0.02371 0.49985 1.10595 0.15118 -1.21417
-2.02925 -1.08236 -0.18263 0.42664 -1.54188
-0.36922 -2.06781 -2.9864 -0.94458 -1.44444
-0.31834 -1.71732 -2.10166 -0.42128 -0.4887
0.07752 -0.54277 -0.50359 -1.37736 -0.89214
-1.55491 -0.80171 0.11567 0.26816 -0.59152
0.79181 -1.42856 0.78248 0.79919 -0.90285
0.67265 0.80691 1.69783 0.62306 -0.72235
0.47227 1.24564 -0.08408 1.32689 -0.60357
1.52274 2.03344 0.11935 2.99151 0.44127
-0.64465 1.17653 0.68578 1.54558 0.84151
0.84715 -0.29828 -1.52876 1.50675 1.25326
0.89207 -0.03309 0.21169 -0.01349 -0.46388
0.78446 -0.40992 0.73026 1.01692 -0.27503
1.58192 -0.30547 -1.9835 0.08336 -0.13108
0.97701 -1.95104 1.4507 -0.63262 2.18429
-0.51018 -1.07187 -1.80888 0.46208 2.6764
-0.77329 -1.01854 -0.15494 0.58028 3.58976
-0.00121 -1.63999 -0.40834 0.56632 2.83106
-0.79054 -0.86593 0.61529 0.47097 1.18413
-1.90321 -0.99171 0.85354 0.79122 -0.32448
-1.21891 -1.69468 -1.12282 -0.78032 0.28131
-0.75238 -3.29435 -0.04527 0.75517 1.61998
1.97817 -0.78949 -0.01194 0.85136 1.69593
1.35752 -0.97333 -0.51747 1.53507 0.76233
0.76026 1.51824 1.73845 0.51751 2.17737
0.59099 0.30964 2.42353 0.31724 1.92522
1.00812 0.80946 -0.8425 1.18878 0.40083
-1.22361 -0.0088 0.19517 0.651 0.61428
-1.36306 -0.06731 -0.31935 -0.88759 1.40258
-0.9961 0.13404 2.16988 0.33035 2.10447
-0.69164 0.1457 -1.06211 -0.57001 -0.28468
0.69399 0.1623 -0.28985 1.42423 -0.08283
-0.41705 0.5022 0.2037 0.34184 -0.75654
-0.47266 1.29697 -0.00061 1.56411 -0.73336
-0.48918 1.1845 -0.26122 0.61084 0.49939
-0.09464 1.64295 0.33554 -0.83129 -0.09568
0.17581 1.87633 -0.10773 -0.82165 -0.56134
-0.0109 1.35965 -0.75793 -2.175 0.5543
-0.35083 1.79254 0.31941 -2.74603 0.93644
-0.77586 2.64766 -0.4571 -0.30828 0.59084
-1.0415 2.50251 0.31752 0.45698 1.54107
-0.5207 1.09758 -0.06945 0.18454 1.35853
-1.29698 1.38822 -0.08512 -1.6497 2.72311
0.38936 2.21179 1.6543 -1.45532 5.14417
1.51956 2.65632 1.41046 0.13577 3.86078
0.2733 1.55037 2.17954 1.00263 5.27538
0.89268 0.8707 1.5949 0.60371 3.4602
-1.38707 -0.65234 1.57067 1.62068 3.37838
-1.4062 0.46574 0.19903 1.02568 2.48613
-1.38594 -0.55259 0.01388 0.46225 2.72887
-0.39292 -0.97795 2.22126 -0.15628 2.91179
0.9677 -0.75285 -0.6355 -0.27128 2.96209
-0.21337 1.15885 1.3794 0.9646 4.0254
0.14352 -0.45543 0.99473 -0.04992 6.18229
-1.237 0.57935 -0.47633 1.54105 6.81272
-1.21019 1.31601 1.89444 1.3176 5.4438
-1.20679 0.35828 -0.67942 0.71363 4.24961
-0.71889 2.60893 1.4088 2.01747 3.74555
-0.50356 2.64478 1.30144 1.89007 3.4158
-1.10537 1.87911 0.40149 0.70449 4.2978
1.15025 2.88947 -0.61843 1.65193 2.84049
1.19522 3.73864 2.16839 0.31285 0.86096
1.89788 1.5226 1.22595 0.79794 1.25582
2.37049 0.2579 -0.04425 1.02208 1.0658
2.25375 0.33737 -0.23313 0.79691 0.5701
1.37114 -1.16045 -0.20393 2.05463 0.55613
0.28509 0.81331 -0.69977 -0.18958 1.52232
-0.67291 0.82523 0.96659 -2.04846 0.95176
-0.08097 2.42754 0.43139 -0.4183 -0.85287
0.99485 0.79612 -0.36938 -0.00111 0.68569
0.21685 0.01802 -0.11153 -1.06308 -0.10022
-1.83972 0.37803 0.49949 -0.08739 0.33115
-0.03486 -0.66074 -1.68963 1.37347 -0.09734
-0.40523 -0.39471 1.59918 0.4893 -0.68799
-1.46654 -0.66121 -0.45774 -0.40008 -0.74118
-1.33174 -0.64287 -1.4407 -0.76951 -0.72019
0.27807 0.13154 -0.36437 0.6483 -1.78027
-0.59967 -1.2569 1.40952 0.06168 -1.44901
-0.37648 0.5576 -0.61408 0.67191 -0.16705
0.75417 -0.28928 0.50281 -0.57075 -1.18503
1.3913 0.12096 0.32907 1.01726 -1.16918
2.82378 0.06614 0.12774 -0.43296 -1.1903
-0.17089 1.16854 0.53236 0.84047 -0.57246
