-0.45021 -0.75312 9.70663 -0.23108 13.81735
-0.65552 0.49047 7.77815 0.13815 13.09056
-1.61005 0.01562 6.70878 0.76441 12.59391
-1.25543 0.66142 6.40344 1.63522 13.22131
-2.1925 1.57732 8.33355 3.85863 14.77925
-1.97246 1.33151 8.03276 3.71805 15.03878
-0.8703 3.34165 7.95214 4.04456 13.89787
-0.64296 2.29855 8.06591 4.06472 15.05742
0.71733 2.4013 6.61051 3.08671 14.83147
1.27004 2.51869 5.79897 1.63657 16.3416
1.41181 2.90936 7.65606 -0.14353 16.89524
-0.1254 2.80824 8.69495 -1.9523 18.06522
-0.01372 2.46277 8.74935 -3.26408 18.70404
-1.22782 2.25118 12.11468 -2.23877 20.22285
-1.24601 2.16428 12.52862 -1.41938 17.79779
-0.07246 2.41911 11.0448 -0.49908 18.53791
0.43018 0.45123 11.26178 -0.05204 18.63193
0.69323 0.17291 9.7771 -2.72469 20.75878
0.41785 2.02803 8.7783 -2.71908 23.12934
0.11671 4.19514 8.20276 -0.77913 23.42766
1.55508 3.50912 7.05597 0.03701 21.82967
2.79285 1.73724 8.32996 1.07757 21.00141
4.21053 1.38937 10.97865 0.96148 22.0499
4.20443 0.24212 11.47272 -1.19486 22.68671
5.62133 1.89703 9.68638 -0.24874 22.14782
1.94754 1.95247 8.92577 -1.86669 22.27657
2.44042 -0.27323 7.34029 -0.53596 21.9764
2.78367 1.0172 6.64559 0.20435 22.39515
4.31495 0.26392 6.76062 -0.25033 23.09281
2.819 1.36644 5.76591 -0.55822 21.97497
0.34447 1.89701 6.29237 -0.7122 20.2268
-0.53484 0.7858 4.95358 -1.39196 20.14669
-1.0265 1.46161 4.58205 1.3372 17.95594
1.51831 2.21004 6.85508 1.75337 17.73358
-0.44036 2.03784 5.61273 1.89452 16.7483
0.87268 1.61354 5.21082 1.85054 15.82162
-0.05781 2.61317 5.42801 0.34604 15.7841
-1.69842 1.96045 3.20462 -0.33975 14.64951
-0.65598 1.19613 3.3766 -0.45492 12.97886
0.28144 -0.42327 3.53369 -0.27479 11.75046
0.68895 1.92545 5.04644 -0.41729 11.5532
0.28746 0.86526 5.81799 -1.02491 10.00597
1.75209 2.21646 4.03 -1.73141 9.13188
2.39207 0.90921 3.06261 -1.03844 8.71466
2.68764 0.90425 4.77999 -1.37934 9.11688
2.93864 0.77107 4.2276 -2.21377 9.69039
1.54898 1.391 5.40447 -0.83883 10.86821
0.79211 0.97674 5.62047 0.17461 11.19272
1.30144 -0.01514 4.65923 1.35377 11.4945
1.45573 -0.18077 5.02887 0.46853 11.81985
1.97767 1.93941 4.25085 0.166 12.65035
1.79425 1.19124 2.4363 1.36535 13.01593
2.27764 1.58061 2.39193 1.43359 13.23824
1.83535 1.34229 2.86494 1.10832 12.88036
1.70481 0.9539 3.09441 0.57281 12.13087
2.23002 2.30737 5.14172 1.3151 12.8671
1.93122 0.50619 5.8567 1.45815 14.37871
0.99535 1.71195 7.48234 -0.73073 13.1793
0.59325 2.19105 7.5831 -2.46287 10.94912
-0.16199 -0.94221 7.37408 -2.31046 9.81004
-1.72893 0.96756 10.27016 -0.65662 11.15719
-3.48306 1.43836 10.63301 -1.54777 14.00077
-0.89664 -0.63767 12.42501 -1.06933 15.27956
1.0691 1.57841 10.05312 -1.97441 15.47869
0.90918 1.77581 8.85351 -2.10785 12.99789
0.02829 1.63714 6.83817 -3.57279 13.6385
-0.01352 1.1704 6.29708 -3.57226 14.88218
-1.65469 3.30998 6.54611 -3.22942 16.88132
-1.16933 4.1696 8.55988 -2.54817 15.84753
-3.90323 2.63051 9.67328 -1.57197 16.09132
-3.11634 4.21322 9.60816 -2.33124 15.79005
-2.26865 1.82496 10.47352 -2.63541 14.66833
-1.54477 1.46673 12.42815 -1.96492 14.4315
-1.71499 1.44199 13.78822 -1.10454 15.71302
-0.68238 0.9891 11.83122 0.78089 17.24034
-0.61218 -0.06288 8.87141 0.052 17.47235
-1.48465 2.26981 8.59756 -0.74077 15.86215
-2.03034 0.87791 7.19223 0.01591 17.4125
-2.61442 1.03678 6.64301 -0.13913 18.35195
-1.40038 -0.65104 7.64612 0.85864 16.97089
-0.92542 -0.35334 6.16235 -0.07333 16.47268
0.12108 0.60573 6.75824 -2.86282 15.89997
0.71485 1.60906 6.68922 -0.61129 14.49681
1.68672 1.01685 6.21851 0.88543 15.70147
2.02767 2.4176 7.08002 -0.98135 17.13795
2.03646 -0.13352 7.21995 -0.94636 19.17847
1.2563 0.03757 8.20026 -2.24555 18.09559
2.54923 -1.13132 9.43452 -2.93574 18.23995
2.25228 2.24522 8.69006 -3.96928 16.90805
0.81612 0.69431 7.57883 -2.43699 16.63806
0.08812 2.43432 7.10273 -4.49383 17.15842
2.27526 3.87496 8.66227 -3.84904 16.09996
0.76268 1.49465 7.50134 -4.18216 16.94635
1.3562 3.11096 9.08403 -3.04803 16.83241
1.00362 1.75784 10.04426 -2.29094 18.13455
2.2752 2.27395 11.18686 -2.16944 16.96344
2.63223 0.80944 12.06537 -2.32416 16.63683
3.67553 2.39328 11.39371 -1.11502 15.98721
3.50382 1.45791 10.69345 -0.65791 16.71731
3.2618 1.60304 10.88777 0.41975 18.34134
2.55642 0.29129 8.78455 0.6124 19.18298
2.71257 0.75756 7.18485 2.4735 20.84345
1.52664 1.33563 8.63115 1.94621 21.77456
1.57481 2.47756 7.66149 0.68756 20.77698
2.3895 2.61014 4.37496 -0.34587 21.38691
3.88827 2.71148 5.66206 -0.56136 22.07152
1.77652 1.40119 6.55363 -1.60364 20.80592
3.00908 2.4948 7.36971 1.29625 22.13473
3.86351 1.82589 8.90632 2.34738 23.1755
3.18674 0.80019 9.15983 1.7192 22.67463
1.9134 3.86028 10.11112 1.37632 23.32732
2.67752 2.41859 10.29008 1.24547 22.67133
2.54536 1.44322 8.30692 2.5043 22.06
2.94022 1.43094 9.86746 1.77971 23.7092
1.90648 1.9005 8.31654 1.90264 21.38667
0.43829 2.63627 8.15856 2.15943 22.5276
1.38731 1.56885 8.28443 2.62596 22.86775
2.33688 2.33696 7.11056 0.77461 24.59636
1.40823 2.21747 8.45009 -1.68577 25.39076
1.68104 1.85181 6.8403 -1.14107 24.29838
0.70117 1.18249 8.41104 -2.11847 23.60346
-1.07812 3.45596 9.03577 -2.40404 23.1101
-0.81963 0.98368 7.91981 -2.75078 22.2036
-1.57236 1.38024 7.69193 -2.5192 20.67479
-1.49503 1.69985 6.78429 -2.59769 19.16101
-1.57342 1.53065 7.14931 -0.82941 18.03263
-0.96177 0.9845 6.40369 1.58547 16.92516
-1.32256 2.70237 6.2852 1.41558 17.25624
-1.70199 2.67178 7.3207 1.02482 17.17894
-2.39378 2.11572 7.75995 -0.56533 16.91912
-3.07252 0.74335 8.9202 -0.11295 18.46311
-1.61103 1.2218 7.98335 0.46284 16.4586
-0.46144 0.17984 7.9348 0.32729 16.05777
-0.44828 0.66393 8.30912 2.57857 17.06539
-0.83743 0.79019 8.44797 2.98654 16.82514
-1.18841 2.15221 6.35479 4.41623 16.90412
0.67191 3.21157 6.8381 2.87461 16.32664
0.12352 3.11345 5.77471 0.97364 17.51428
1.27578 3.38126 6.29427 0.76596 19.895
0.88391 1.87857 6.61099 -0.20879 20.48227
1.27913 2.08323 8.20372 -0.00591 19.34951
0.90267 0.81963 8.90248 0.66182 19.81176
2.31418 1.30605 8.79477 0.12775 19.26275
1.47081 0.98002 10.60463 -0.08171 18.93646
0.84583 1.52988 9.56754 0.43756 15.58275
0.8691 0.18606 7.25302 -0.29998 13.69019
0.73203 1.96527 4.89696 0.55429 13.49408
0.40918 1.09329 4.92111 1.0385 13.67995
0.95529 0.63646 3.39922 1.55565 13.3122
0.27391 0.5661 3.71535 1.3594 14.87903
1.23567 1.11319 2.81428 0.48874 12.97002
1.83184 1.59612 3.7155 -1.06345 11.72846
1.9696 0.62759 4.64209 -1.96978 14.08412
2.0199 0.64678 3.26392 -0.53311 13.35592
1.87514 2.26813 5.03197 -1.51521 12.81131
1.70045 0.90206 2.64588 -1.85648 11.11623
0.17992 0.778 2.77393 -1.9851 11.03765
-0.69281 1.7378 2.47377 -1.3735 9.30599
-0.77468 2.41963 1.1677 -0.52851 8.04083
-1.22664 0.51721 1.47656 -1.08397 8.62356
-1.18279 0.42732 3.62968 -1.26899 9.3963
-0.95302 0.94355 2.96192 0.14763 9.40274
0.49465 0.80663 3.31629 -0.47537 7.54378
2.22049 1.84875 2.88832 -0.8189 6.79471
2.77994 0.51601 2.56309 0.00524 6.58819
2.84139 1.08416 2.22119 1.68463 6.63755
3.0884 3.46026 2.87034 0.47822 6.46803
1.13509 2.19566 2.50248 1.35914 7.93196
2.79268 1.69119 1.42601 1.41747 6.86432
1.45189 2.30036 5.33274 -0.09118 7.43863
0.21106 2.9565 6.44021 -0.48174 8.77386
0.90644 2.77519 6.15901 -1.78149 10.44392
2.06446 2.47482 6.91103 -0.90913 11.41588
1.11453 1.88276 8.28397 -0.88236 9.39681
-0.43491 -0.39047 9.76006 -1.08079 8.69659
-1.8852 -0.4968 10.71047 -0.46757 9.89059
-0.92083 0.35837 9.93855 -0.60281 10.87305
-1.39923 0.77778 10.7295 -0.52762 10.31988
0.49909 0.65243 12.09079 -0.33477 11.99382
2.16812 0.09419 11.85268 0.08199 13.15613
1.31274 1.95072 10.16995 1.40559 12.96905
0.92831 0.70762 10.02165 1.61058 14.09863
2.18031 1.52048 10.62111 2.62735 15.20699
2.41301 2.5825 9.21987 1.92895 16.81293
1.49118 2.67873 6.05541 1.25474 18.6276
0.35958 1.26352 6.31321 3.04606 19.49789
-0.2896 0.12475 5.96548 2.31755 20.56608
-2.33801 1.21875 6.66315 1.90921 19.98944
1.66164 3.24904 6.17614 2.04497 18.38173
1.02337 3.14976 6.80647 1.71381 16.52051
2.31185 1.42268 7.37877 -0.2559 15.10739
2.12894 2.29429 9.51603 0.86513 16.78663
0.33555 1.22644 9.01069 -0.54747 15.16304
0.59868 1.57445 9.22249 -0.98053 14.93397
0.26822 0.84877 9.47304 -0.72189 14.0525
1.20974 0.25964 10.05874 0.29782 13.65942
-0.67832 -0.47643 10.4099 0.11605 14.3033
0.3313 -0.47903 8.60007 0.41706 14.10544
0.20971 -0.4527 7.57151 -0.31765 11.73219
-1.05098 0.4234 5.95841 0.13892 13.36553
-0.18672 0.73541 5.27238 0.96823 15.00702
-1.26417 1.33926 3.03892 0.42385 15.80043
-2.28763 1.28383 2.86126 -0.08112 15.03893
-2.78715 1.02959 1.22505 -0.12215 14.06659
-3.24614 0.88 1.05178 0.36208 12.47042
-1.71445 1.55129 2.38572 0.27224 11.34798
0.12349 2.26384 2.706 -0.04956 10.13387
1.11026 0.30632 3.31189 0.71502 10.34415
0.22614 0.4409 2.75034 1.14928 9.64042
1.83256 1.13513 3.46517 -0.14964 8.41058
-0.42787 2.16316 1.35739 1.84523 8.2468
0.74723 -0.38129 0.91438 0.63101 8.19128
1.29444 1.83989 -0.91525 0.94844 8.01833
1.0818 2.63139 0.1842 0.20614 10.06573
1.37753 1.1431 0.59025 -0.83765 9.89879
-0.03955 0.62234 -0.75862 -2.47527 9.72789
0.44527 2.15692 -0.92357 0.35382 9.28302
0.28612 1.04916 0.01709 -0.30238 7.1513
0.38744 0.98841 -0.17944 -0.1432 6.00976
-0.22147 1.19735 0.56223 1.48239 6.32028
-1.79358 -0.08721 0.15579 0.81908 4.43611
-1.02037 1.24446 -0.37253 2.02294 3.83793
-1.32138 1.72992 -0.53955 -0.68104 2.9745
-3.6652 1.64427 -0.40974 -1.32152 2.77904
-4.75759 1.7287 1.08649 -2.15562 1.91195
-4.44673 2.95046 1.76074 -2.508 0.83604
-2.92451 1.10138 3.95645 -1.68797 0.21006
-3.95132 2.40264 3.51629 -1.27083 -0.9284
-3.51867 1.01822 4.814 0.08781 -1.74355
-2.96773 0.16069 5.88317 -0.54096 -1.56846
-2.06063 1.09726 5.69554 1.56866 -2.64221
-1.89542 0.80497 6.56681 1.27805 -2.3149
-0.67284 1.734 4.9681 1.24905 -4.04513
-0.53632 2.85684 5.05253 0.51521 -1.61426
-0.02907 1.24232 5.31575 0.62533 0.08018
-1.48078 1.81755 4.56256 -0.25759 0.57796
-0.89095 2.35658 4.92935 -1.63093 0.78543
-2.35364 -0.14187 4.24301 -1.94898 -0.53767
-2.01977 0.16905 5.72416 -1.74001 0.07951
-3.56056 0.88803 6.66019 -1.4077 0.63422
-3.81748 -1.39081 5.24483 -1.86985 2.77539
-3.69431 0.85177 4.72833 -2.26237 1.00489
-5.91269 0.84261 6.87882 -0.12113 1.9317
-4.89099 1.09132 5.3484 0.85692 2.65147
-3.84948 2.28997 4.58273 -0.3885 3.66611
-3.176 -0.12488 4.98879 1.00967 4.52649
-4.12301 2.01168 4.32226 -0.68412 4.15051
-3.93023 1.68844 4.3554 -0.85677 3.17019
-2.97733 2.31951 3.57188 -1.73464 2.75552
-2.47643 1.35572 3.01862 -1.8399 2.98975
-2.44301 4.05449 3.88286 -2.04387 4.26902
-3.09499 3.30332 5.66236 -1.96549 3.34446
-2.86407 1.85651 5.12608 -2.80847 1.29536
-2.05455 3.25517 4.76828 -2.06399 1.66511
-0.61755 2.99882 7.23399 -0.16737 0.33858
-1.26661 1.39597 8.02836 0.08594 1.38979
-2.63949 -1.08736 9.42855 1.78672 -0.06799
-1.92188 0.30679 11.06635 2.66441 -0.32401
-0.58882 0.32512 11.45609 -0.1994 0.59891
-1.2851 1.18387 12.59349 0.74167 2.34466
-0.86425 0.82887 10.99849 1.00778 3.53678
1.33025 -1.01023 10.62252 0.18552 3.6171
-0.88126 -0.05836 10.44001 -1.25025 6.14309
-1.91746 4.0811 9.55784 -1.48422 7.51442
-2.23194 3.07345 8.71683 0.75422 9.07608
-2.19792 1.55943 7.21482 -1.75378 10.56
-0.39976 1.80488 7.15071 -2.82417 12.2242
-2.13278 1.31791 9.83614 -2.69432 11.9338
0.04363 0.78833 9.28709 -3.2776 12.57924
-0.61181 1.79891 9.23247 -3.05613 13.28687
0.85008 1.47165 8.04699 -4.18701 11.84235
1.36345 1.02698 6.27024 -2.77792 12.43313
1.07929 3.4765 5.09781 -1.45989 13.18609
-0.04911 1.25573 7.28538 -0.00698 12.41721
-0.59831 1.72544 5.58441 0.91424 11.91054
0.60243 2.64489 6.24052 0.99092 12.09521
0.62661 0.76018 6.22488 0.28789 13.22778
0.21396 0.92825 7.18004 0.19657 11.85782
0.17082 2.8489 7.70975 -1.12296 11.46277
0.73792 -0.73393 7.69837 0.45159 11.31369
1.08502 0.37811 7.35243 1.10304 13.15263
0.46382 1.08089 8.49307 -0.05671 13.48898
0.62863 0.78232 7.68291 0.54378 14.85222
0.87831 1.11465 6.45121 0.25243 13.54775
0.11084 1.32678 5.56553 -0.45569 13.34773
1.40755 3.34997 4.85511 -1.82631 13.94676
2.10359 0.636 5.13164 -1.14343 17.10118
1.40985 0.34378 5.57566 -2.17113 18.06513
2.16634 1.54934 7.73469 -2.10151 17.40022
3.37973 2.69409 7.70245 -2.50565 18.16172
1.87854 1.73968 6.39388 -1.53211 18.19249
0.48786 1.14772 6.74805 -0.13647 18.57963
0.8673 1.58055 5.53803 0.40995 18.5599
0.25325 2.56584 5.30327 2.68319 19.38339
1.09863 1.61255 4.54519 3.38709 19.65709
1.31616 1.22696 4.22854 3.09099 19.6166
-0.02163 3.51348 5.23026 2.01695 18.95579
-0.80092 4.22323 3.57982 -0.26731 17.48855
-2.19254 0.19481 3.5143 0.46983 13.61283
-2.13221 0.8807 5.37996 0.21421 13.13127
