3.04945 10.8401 3.09104 0.65748 -0.35264
2.06631 14.13528 3.33769 -0.1753 0.57433
2.12453 14.032 1.91737 -0.59829 0.30635
-0.00322 14.7173 1.64134 1.48899 0.8156
1.03302 14.0019 3.45954 0.80063 0.12307
0.88099 14.74543 2.92909 1.39741 0.02775
1.64139 13.52281 3.26225 0.56808 0.70999
1.48793 13.45441 2.06289 0.78988 -1.17325
0.89857 13.83375 0.95879 2.26424 0.34767
-1.40505 13.53125 -0.69239 2.27741 -0.46024
-1.08412 12.95072 0.45112 1.06142 1.63281
-1.6834 12.78802 0.11562 -0.03076 1.56349
-1.59471 13.06611 0.31661 -0.68692 -0.3502
-2.54754 11.10524 0.19508 1.73637 0.81696
-2.04612 9.12306 -0.85943 1.76866 -1.65061
-0.71528 7.84757 1.25303 0.19507 -0.25716
-1.76987 6.67664 2.07378 -0.80063 -0.40202
-0.45837 6.54174 2.14759 0.14477 0.53009
-1.20224 7.65777 3.00272 -0.47528 0.10435
-1.2814 6.75602 3.73252 0.28977 0.10654
-1.26958 8.2653 0.78627 1.96328 0.3599
-2.07673 6.33009 1.81447 1.23442 0.08562
-3.67661 6.26481 1.70482 1.8828 -1.38514
-2.80216 7.88024 4.3322 0.89016 1.89506
-1.91593 8.31803 2.90775 1.47637 0.06276
-0.74201 7.02373 1.79023 -0.49948 0.40089
-1.05846 8.24939 2.56963 -0.29191 1.49404
-2.18903 9.37908 2.68448 0.1404 -0.94076
-1.83125 11.02897 2.69074 1.2112 0.2426
-2.71572 10.66535 2.21793 0.54312 0.75101
-3.75652 10.46913 2.0613 -0.09313 -0.86343
-3.20458 10.30919 1.28206 0.5773 1.59272
-2.93687 10.88105 1.56584 -0.2265 -0.46167
-2.66563 9.87499 0.98688 0.12462 0.20383
-3.34748 12.27291 2.3677 -0.09619 1.95099
-2.14822 10.79323 3.52833 1.54989 -1.1155
-1.7831 10.27317 3.20777 3.08409 2.37561
-1.44668 8.544 0.76605 0.07779 -0.49867
-0.71968 9.16913 1.55708 -0.57791 -1.02059
-2.13167 9.46551 1.42784 0.03229 -0.72912
-1.97625 8.90756 4.17009 0.94933 0.60818
-1.20784 7.9634 0.78175 2.77824 0.22985
0.32938 9.10775 2.34815 2.27516 -0.17952
-1.86113 9.72903 2.09102 2.37712 0.27772
-2.31053 9.55151 2.96103 2.69074 -1.36988
-0.7467 8.64989 2.01354 1.78835 -0.74063
-1.8819 7.15428 0.73398 0.52933 -0.52006
-1.89502 6.77139 2.23699 -0.80705 -0.803
-1.9844 7.08131 2.53324 -1.15481 0.23607
0.56525 7.67983 2.25134 -0.38635 -1.03244
0.52739 8.42886 3.07832 -0.67117 -0.32696
0.02442 7.95767 3.45343 -0.14606 -0.41783
-1.23622 8.64324 1.85773 -1.05823 -1.37634
-0.39181 7.4926 0.86524 0.89998 0.12282
0.02366 8.04135 0.29996 0.30244 -0.96503
-0.1409 8.36204 2.10972 0.39533 1.47259
-1.67087 7.77023 0.42238 0.64184 -1.2968
-2.72215 7.67426 0.60888 0.32 -0.37516
-2.21808 6.35379 1.56572 0.63158 -0.96788
-0.76873 8.05424 0.22819 -0.18174 -1.21823
1.46018 7.50847 3.23184 0.67718 0.39875
-1.30042 7.92577 3.00098 0.9653 1.01849
-1.23688 8.61921 2.79605 0.56693 0.88791
-1.43862 8.68359 3.47221 2.62048 0.17992
-0.55922 8.90274 1.96481 2.18223 1.32089
-0.46689 9.23138 2.23291 2.96485 0.89373
0.19682 9.75661 1.81385 2.84982 1.42376
-0.77271 8.732 1.01321 0.18601 -0.26711
-0.13837 7.90023 0.83629 -2.23952 -1.69157
-0.30972 7.53671 0.89262 -0.28042 -0.73582
0.31939 7.01411 -0.81989 0.302 1.07541
1.13991 6.18536 1.37711 1.04055 1.07463
1.27095 6.97261 0.71517 1.98821 0.27595
0.69701 7.06839 2.87181 1.37811 0.05108
0.93874 5.52155 4.6445 2.19003 -0.40018
-0.2621 6.60409 2.08831 2.65136 0.00057
-1.25854 6.23247 2.3064 1.75251 1.23169
-1.39789 4.48033 1.60532 2.59917 -0.80643
-1.47087 6.14873 1.95673 3.43821 0.59393
-0.8464 6.11593 4.18863 3.16276 1.50051
0.40732 6.07726 3.28296 2.37631 0.86039
0.21709 5.54153 2.43895 2.31572 0.04211
0.58389 4.56743 2.63276 0.77599 0.31919
0.57973 5.91984 3.65022 1.59613 -0.03867
-0.79252 7.18926 2.14115 1.89226 -0.1862
-1.08067 6.6252 2.1046 1.49242 1.75748
-1.03276 4.69226 2.31221 2.37621 -1.2171
-1.97637 6.19824 3.49535 0.14719 -0.19971
-2.33143 6.41449 4.02976 2.55146 0.91657
-1.51077 5.92779 2.67878 3.26534 1.23015
-0.32739 6.3965 4.10188 2.29872 0.40546
-0.62722 6.03911 4.53619 1.69392 1.67328
0.76524 7.53375 4.69578 1.80793 1.05005
-0.5697 8.53084 3.18104 1.36543 -1.20816
-1.45363 9.28666 3.21523 1.9273 0.37561
-1.07839 10.38772 1.51764 2.28819 0.31103
-0.17102 9.61161 1.61282 1.8922 2.16532
0.00646 11.04178 3.39007 3.29262 1.13622
0.25698 11.58348 2.78025 2.90653 -0.36954
0.28843 10.29593 0.93472 2.12826 1.81389
0.28938 7.18421 0.81005 0.28297 -0.35669
1.69979 8.69478 -1.35203 -1.07825 -0.51167
2.20138 9.63325 0.88785 -1.68236 0.56612
2.26653 9.87537 2.14487 -0.66373 0.44422
0.42751 9.2106 2.20598 0.53413 -0.35635
1.53398 8.49685 1.52649 1.54016 -0.34842
1.10582 7.25815 2.34808 1.49336 -1.65979
2.58144 8.50792 1.66209 0.16795 -0.29965
3.4344 7.6587 1.71924 1.56539 -0.53521
2.73766 8.58616 2.83489 1.42608 1.27163
2.99238 9.02053 2.79009 2.43833 -0.66706
1.81812 10.19692 2.70808 3.17242 -1.15057
2.68747 10.31767 2.88618 3.15071 0.40931
2.11983 8.51841 3.7245 2.94919 0.8077
1.20638 9.12895 1.76336 2.50042 -0.72757
-0.40553 9.52916 3.51162 1.45593 -2.11859
0.58944 9.98356 2.27356 0.70957 0.52705
0.30805 9.48842 1.76277 -0.20669 1.39619
2.42211 8.83906 1.77337 1.52554 1.82844
2.02714 9.28014 -0.53778 1.06992 1.28954
0.80557 11.24726 0.3324 0.35986 -0.06352
-0.20788 9.60805 1.67937 0.35405 0.03725
-0.07681 8.94024 0.20407 2.3302 1.83884
-0.19187 8.66214 1.11268 1.2712 -0.59766
-2.12678 6.65647 -0.42819 0.31422 0.55977
-2.33557 7.02861 -0.01837 -1.21019 -0.20426
-1.35862 6.32363 1.09171 -0.28242 0.65191
-1.81727 5.64179 2.37461 0.11374 -1.06825
-1.1903 4.19024 3.01454 2.1901 -0.10996
-0.00688 5.87996 2.78138 -0.12602 -0.1565
0.18106 5.54525 3.44046 1.28245 0.74161
2.30922 4.58319 3.06062 1.6436 0.56862
1.0398 5.75631 1.83773 1.92999 -0.09233
1.41228 5.99589 1.6627 1.88479 0.31592
1.334 8.1045 2.70808 0.62725 -0.24959
2.31607 7.06581 1.61496 0.91748 0.10254
0.43599 7.46722 1.3956 1.64784 -0.1118
1.00217 5.32824 0.00069 0.81574 -0.89933
2.03684 6.02031 0.57024 0.57985 -0.43522
-0.52677 6.63498 3.47801 -0.00078 0.1511
0.84815 6.73736 2.55644 -0.20239 0.5795
2.84133 6.01703 3.66154 -0.22907 -0.54521
1.34227 6.23875 2.3855 1.45595 1.49898
1.71878 7.81335 5.17573 1.05738 0.88113
1.00926 7.5459 4.10115 2.81589 0.97722
0.52357 8.16542 3.22147 3.28167 -0.43899
-0.96487 7.59379 4.60114 4.71123 -0.0498
0.98664 6.81816 2.82672 4.25951 0.37272
1.81766 9.17393 1.44345 2.51455 0.51308
1.58748 8.98084 1.77924 2.15072 0.60829
3.24954 8.04036 -0.1049 2.33717 -0.43053
0.87591 7.6676 2.81722 2.80888 -1.13958
-1.14976 7.8084 2.81358 2.94393 1.50061
0.07081 9.23563 3.05339 2.39851 -0.69823
0.98203 9.21238 1.184 1.33384 -1.14325
-0.61925 7.47252 2.15335 2.25146 -1.09644
-0.42266 5.94766 0.57965 0.74216 1.26785
0.61852 7.96159 2.8102 0.35466 0.11828
-0.17683 6.17388 1.91579 2.48736 0.32036
-0.9311 6.85166 2.48152 2.54868 -0.91379
-1.02996 7.10025 2.52949 -0.2708 0.62846
-0.08835 8.49342 2.00018 0.9448 -1.37161
1.20017 8.94505 1.79601 -0.03304 -0.03383
-0.61019 9.55074 1.27141 1.12379 -0.09196
-0.17253 9.77898 1.85455 0.99976 -0.40537
1.41104 9.3918 1.83987 1.4117 -0.184
-0.66035 8.25637 2.95102 -0.21569 -1.89555
-1.9262 5.14898 2.24394 -1.78199 0.23686
-0.68103 5.15908 1.47298 -0.9452 -0.09204
-1.75184 7.37142 0.86066 0.83703 -0.33421
-0.50669 8.50724 2.17575 0.42287 -1.20743
2.14746 8.03011 1.489 0.31586 -0.43265
2.72227 7.70445 0.91029 0.46601 -2.07892
1.58488 6.19819 0.59521 0.12305 -0.48929
0.0602 7.16193 1.47706 0.68025 -1.49068
-1.24208 6.13399 3.61024 0.35799 0.17445
-1.70269 6.86963 1.42798 2.46576 -1.36442
-1.24766 5.87759 0.94584 0.30696 1.48246
-0.58851 5.07818 3.38059 0.054 3.08997
0.62829 6.78442 3.8538 1.01759 -0.40774
2.3439 7.32565 4.21998 2.11834 -2.05563
1.68801 4.92557 1.86455 1.55431 -0.44819
1.09002 6.00176 2.85897 0.87175 -1.02184
1.25393 6.31568 2.44594 0.9209 -0.20692
0.97838 7.46252 3.02783 0.22853 0.14984
-1.76918 7.27997 2.47285 0.19804 0.29477
-1.93476 7.97034 0.78153 0.37075 -0.53278
-2.8536 7.14772 0.34643 1.5626 -0.03991
-0.55905 5.61993 1.72805 1.40931 -0.64342
-1.97615 4.7168 1.5964 2.13313 0.28372
-2.44028 3.53594 1.71699 3.09582 -0.80453
-0.39346 4.75082 2.04472 2.04818 -1.67146
-1.43256 5.54255 3.89579 1.66961 0.05567
-2.55093 4.10944 5.81807 1.95227 -0.13539
-1.65843 4.89966 2.94892 0.77141 0.60976
-2.49299 5.65666 3.25209 -0.65829 0.3832
-3.29066 6.24464 3.61331 1.11128 -0.93333
-2.91908 6.42622 3.95736 2.34843 -0.06712
-0.84736 6.35709 4.98849 2.67465 0.88682
0.26163 6.94897 4.54743 2.77327 0.75783
1.1936 8.18326 3.16296 2.67619 -0.17658
0.13768 7.66603 4.07059 4.48499 1.79657
0.91957 11.31579 1.30563 4.75347 -0.0008
0.34801 12.59114 0.42103 0.80636 -1.22055
0.13153 12.46094 3.31026 0.03919 -0.61232
0.10949 11.62502 1.46715 1.2343 -1.21986
0.84268 10.72485 0.89065 1.44747 -0.74748
1.63272 6.67786 -0.56064 2.75787 0.335
3.15025 7.42781 -0.75271 2.78367 -0.18468
1.82516 6.85661 1.97773 1.60734 0.46807
0.09783 5.18089 1.96512 0.68729 0.69947
1.01216 2.88836 3.29608 0.02461 -0.99281
2.12795 2.21692 3.30582 0.16888 -0.55777
-0.27836 4.13842 3.28796 0.0613 0.213
0.06585 3.07249 3.81616 1.0856 -0.92152
0.33239 5.43609 2.98875 2.07044 -0.81634
-0.66528 7.8557 2.11856 2.36617 0.04297
-0.37174 7.92372 2.799 3.21149 0.08774
-1.10373 8.15774 3.13676 1.04018 -0.25127
-1.35043 7.47907 2.69614 0.34414 -1.74327
-1.56176 7.3004 2.77309 -2.33148 0.50133
-2.64828 6.83891 1.73001 -0.36667 -0.24272
-2.62414 8.04091 1.29758 -1.2606 -0.82875
-2.39984 7.8783 1.77226 -0.93225 -1.17335
-0.54945 9.26428 0.78947 0.65996 -1.38988
-0.78652 7.5189 3.89268 0.70603 1.77829
-1.28051 7.69451 1.06497 0.4469 0.83133
-0.87291 6.62941 1.07439 1.11772 -2.17318
-0.08845 5.93239 0.74455 0.96627 -0.9781
-0.27263 5.02519 1.24603 0.57788 -0.77525
0.63208 4.36077 2.16297 0.00071 0.23869
0.3713 3.98976 2.74148 1.81057 0.10954
1.17173 5.3334 2.32986 1.10058 -0.82773
0.6734 3.91853 3.21167 0.70751 -1.05608
1.13861 3.99153 2.09207 1.81692 -0.63183
0.72602 5.19385 3.28276 1.36785 -0.04744
0.1278 5.39821 2.52957 2.07893 -0.29913
-0.46372 6.19093 1.49094 0.9971 1.82607
-0.25661 5.21024 2.41442 0.73766 1.262
0.51826 5.80859 1.51523 -0.61213 -0.00594
-1.45889 6.73697 2.46474 0.64231 0.69157
-2.55336 7.86584 3.14075 0.48915 1.68083
-2.50319 7.07864 3.11239 2.01567 1.2218
-0.62493 7.60207 2.61148 0.63384 -0.88423
-0.94328 9.59916 2.90163 -0.34881 -1.33598
0.26935 11.61103 3.45384 0.45244 -0.52504
-1.09132 10.60769 3.58503 1.81214 1.15084
-0.44409 11.25218 2.1414 3.92604 -0.77443
0.6611 11.43225 0.24612 2.34656 -2.12264
1.25835 12.07873 1.78684 1.09104 0.77743
0.88859 11.4563 0.59344 1.21872 -0.0048
1.47212 10.06298 0.16695 0.42156 -0.18982
0.97039 8.79349 1.3856 -0.40851 -1.37377
-0.40646 7.63204 0.01559 -2.79067 -0.04626
-0.36034 7.71883 0.65308 -1.52462 0.64923
-0.75579 8.10511 1.92822 -1.37643 0.52694
-1.89368 8.65066 2.10058 -0.4573 0.2161
-2.86294 5.96679 0.74025 -2.02104 2.4674
-2.20602 5.31019 0.56117 -2.01463 -0.69114
-2.64953 3.3475 2.86 -0.22997 -0.09958
-0.76664 4.56777 3.73717 1.4366 -0.1609
-0.73182 6.42177 5.73519 -0.27818 0.44452
0.41091 8.00983 6.29128 1.68257 -1.10894
0.12356 11.27947 3.86167 0.79542 -0.61249
-0.0817 10.97971 2.275 1.37535 -0.49995
-0.36039 10.74236 1.37466 1.32086 1.04045
0.88833 11.63923 1.5524 2.0647 1.47938
-0.0235 12.74652 0.06286 0.16166 -0.08214
-0.22659 11.51399 1.54865 1.42622 -0.71132
-0.54021 10.5997 2.63407 2.83365 -0.08933
-2.12516 9.3383 1.99603 1.64353 0.50127
-3.03528 6.45603 1.888 2.73092 1.93301
-1.49783 6.80408 0.4571 2.8533 0.30721
-0.33628 8.46817 1.89429 3.60319 -1.77124
-2.17699 8.38443 1.4564 1.35177 0.56147
-1.93815 8.24932 1.51907 1.59782 0.26269
-1.34775 6.97727 2.13513 1.59321 0.98853
0.16932 6.65477 2.71431 1.33652 0.04213
-0.34364 5.41299 2.8171 0.43846 0.22496
-1.05203 5.04462 4.56317 2.02323 0.47142
-1.40365 6.63959 2.99111 2.30474 0.13706
0.29066 7.03088 1.30188 2.13463 1.01544
-1.13614 8.81588 2.63947 1.58276 1.85371
-1.46036 8.67262 2.0394 1.24945 1.95736
0.81157 9.74138 2.88086 0.85694 -0.40736
-0.88391 7.6319 2.55516 0.62183 -1.18313
-0.56513 7.26097 1.77879 -0.13167 0.73459
-0.95769 6.27649 2.33415 0.38427 -0.72258
-0.89276 6.70605 1.05154 -0.95317 1.54642
0.29489 6.49489 0.32592 1.33743 0.81832
-1.362 6.61541 1.38257 0.52587 -0.81794
-1.93531 7.10403 3.04389 0.96557 2.08704
-1.92413 6.87191 2.55354 1.59998 1.02641
0.16306 4.74913 3.3974 1.07957 0.38672
-1.21147 5.86033 4.67275 1.07363 1.04999
-2.38733 5.57362 5.25653 1.60393 -0.78747
-0.97993 7.18455 3.90027 1.49127 -0.51193
0.51974 7.7499 5.3117 1.44582 1.67486
0.86863 8.16627 3.91785 3.21873 -0.69397
-0.11918 8.54442 3.53221 1.48954 -0.50811
