1.92735 0.12224 2.55693 -0.16808 -1.10351
0.49747 1.4716 3.76509 -0.57738 0.49663
1.15971 0.42792 3.87747 -1.34271 -1.2528
1.04856 0.22088 4.40572 -0.3379 -0.03917
0.5475 -0.04695 3.61559 0.15446 1.02383
1.03272 1.22849 3.95986 -2.06692 1.22275
2.01849 -0.01512 3.18368 0.57623 1.15819
1.00263 -0.31978 3.41996 1.8321 -0.98488
0.21944 0.48584 3.97125 -0.49494 -0.71371
-0.60124 -1.424 3.22448 0.74635 -1.19162
-0.22953 0.02841 2.56833 -0.82349 -1.22285
0.35854 -0.15849 1.67145 0.69207 -2.62611
0.05928 -1.30923 2.93197 -0.90429 -2.40977
1.00591 -1.01412 2.83789 -0.24258 -2.695
1.28147 0.44566 2.7692 0.72256 -3.52537
0.54805 -0.15905 2.69207 -2.26128 -3.90991
0.53046 0.20416 3.98935 0.40385 -4.31727
1.5208 1.77498 5.55185 -0.13323 -3.23689
2.46637 1.5502 5.78306 -2.9258 -4.4863
0.7378 0.68931 5.47072 0.47711 -2.88797
2.79675 2.39632 4.97703 -0.07261 -1.58541
4.43091 0.09811 6.03377 0.01722 -2.58626
2.69857 -0.72033 5.30338 0.12972 -2.93393
2.07711 1.35993 4.88878 0.82906 -2.43314
4.34524 -0.44126 4.82831 0.69411 -3.11723
5.53299 1.14152 4.94063 0.69451 -3.48662
4.94351 1.41906 6.14097 -0.22584 -3.44624
4.98355 -0.46932 4.92932 0.52102 -1.5845
4.50624 1.03806 4.48634 -0.6215 -2.27337
2.94732 0.76913 5.56335 -0.58297 -2.95834
2.14408 0.3756 5.08477 0.36236 -1.84378
0.56994 1.29454 2.73203 -0.7 -0.75599
1.51102 2.64707 5.08688 -0.91969 -1.18767
1.13065 0.48659 4.61695 0.85491 -1.15778
1.22287 1.80018 4.23817 -1.32327 1.02286
2.73628 0.42966 3.52983 0.54498 0.93902
3.10646 -0.09079 4.19437 1.75433 0.84272
2.09335 2.22697 2.30129 0.47474 1.81717
0.96066 1.31762 4.17699 -0.90849 2.07643
2.48931 0.70432 1.75935 0.00479 3.05859
3.23084 -1.39212 1.78125 -0.834 2.64356
0.85249 0.09793 2.07874 1.33627 2.88898
1.35912 0.65169 3.17314 0.08252 3.47073
1.67558 2.37004 5.48852 -0.186 4.18534
1.21745 0.10614 5.75768 -0.5902 3.97038
2.45626 2.26823 6.64719 -0.83667 3.6514
2.25769 -0.2367 5.99545 -0.64401 4.3438
1.65744 -0.48977 7.07625 1.75219 2.78364
2.92501 -0.28075 7.22982 -0.0644 1.90288
2.82942 1.03272 7.29378 -1.32572 2.52164
2.96172 0.2717 7.97141 2.14662 2.75453
3.50521 0.14688 6.22246 0.66457 1.39686
1.25323 -0.69844 5.89177 0.23488 0.94272
0.57978 0.14873 6.45055 0.6064 1.00419
3.03672 1.85982 5.8058 1.23411 2.82822
3.67849 0.84287 5.6266 -0.45584 1.26634
3.22964 2.85197 3.9824 -0.4582 0.53402
2.12414 0.08939 5.0157 0.29806 0.60455
3.3868 -0.34561 4.5152 -0.51536 -0.85206
1.65648 1.62989 3.86356 -0.0517 -0.4912
3.74944 1.46931 4.64716 0.4148 -0.49984
2.34525 0.94056 3.70254 -0.16404 -1.23554
2.3963 0.84643 4.33716 -1.91573 -2.56293
0.94544 0.82749 3.4774 -0.37052 -3.94665
-0.22964 0.21964 2.31868 0.53538 -5.0796
1.40921 3.32613 2.04895 0.087 -4.01363
0.90382 0.3484 1.79994 0.8988 -3.95986
0.63268 2.47184 4.33036 0.48345 -4.06714
0.48313 0.72547 4.68924 -0.1634 -4.01569
1.70223 -0.04928 6.31649 2.1292 -3.68328
2.35197 0.18775 6.76315 -1.64602 -3.3783
3.00591 0.89912 6.74551 0.62828 -2.68146
2.84634 -2.27932 6.35785 0.89247 -2.71976
4.08539 1.0412 6.46431 2.20976 -3.07271
2.17556 2.12681 5.22482 0.34652 -2.71591
3.26165 0.68986 5.45713 1.29543 -2.25254
2.83593 0.80913 4.29786 -1.5171 -2.4569
1.76364 -1.11741 5.01441 -0.56584 -1.85453
0.93016 1.93309 6.0863 1.60803 -1.8478
0.71773 1.05211 5.21817 1.08688 -1.60355
1.60843 2.7197 3.55749 0.29156 -4.10676
2.90853 0.1197 2.66835 2.16389 -3.75874
2.69414 -1.83699 3.362 -0.76917 -3.55456
2.58814 2.3213 3.93461 -0.68961 -3.92742
2.37303 0.75697 2.46726 -1.74699 -3.69833
2.39569 0.93868 4.09103 0.30714 -2.51497
2.69044 -0.26704 3.65434 -1.94618 -1.96216
0.91607 0.4025 4.91369 1.27002 -1.19558
2.36758 0.77301 4.18419 0.73684 -1.37283
3.5205 0.22945 3.50528 -0.76579 -2.63971
2.80501 1.3608 2.80191 -0.6321 -0.51541
3.159 1.12408 2.77331 -1.99159 0.49265
1.78888 0.38172 4.78241 -0.15679 0.13031
1.73531 0.24465 4.39692 1.83847 0.3124
1.76155 0.42162 3.01349 1.95549 -2.21414
2.94395 -0.50939 2.37909 2.63761 -0.75911
2.60354 2.70515 2.50975 -1.27662 -0.56844
3.21439 0.79364 1.99486 -1.15141 -1.02928
4.5907 0.45171 3.2411 -1.21231 -1.14502
3.99785 0.41757 1.78339 1.44447 -1.73346
3.25119 3.00291 0.78549 -2.65418 -2.72242
1.64699 1.88903 0.99697 -0.77923 -0.86377
0.86859 1.60699 1.86707 0.40897 0.8338
2.58456 1.61328 1.94914 -1.13503 1.93338
2.09848 -0.4149 3.46311 1.14082 1.97257
1.18513 1.84201 2.85345 0.84364 2.75345
1.64631 1.46937 1.9183 0.57734 1.69852
1.23756 0.55279 4.49444 0.3447 2.17347
2.93538 0.048 4.43923 -0.58408 3.14665
1.67804 1.87381 4.7777 -1.17885 2.4011
2.31717 -1.77913 5.88297 0.5122 3.66521
2.62987 1.04634 5.77066 -1.57893 3.54587
0.80058 1.69431 5.22146 -0.87618 2.05914
0.89337 0.90584 6.81122 0.5271 2.05403
0.83742 1.97149 6.73285 -0.13522 0.37565
0.63653 1.88706 6.1715 1.05174 1.68862
1.13282 1.94067 5.64435 -1.22155 1.58849
1.81453 0.55901 6.32386 -0.30288 2.25459
1.97513 1.04564 6.22541 0.96991 2.07325
1.83477 -0.35518 6.57871 1.16602 1.56848
3.05785 -0.92606 7.62732 0.46465 2.21642
4.43753 1.25178 8.60712 -1.18837 1.9066
4.53958 1.33645 8.63568 0.40889 0.72965
3.87635 1.93852 9.65615 0.97807 1.30191
4.75152 1.25641 7.94095 -0.38699 2.05781
3.88337 0.97793 6.84052 0.82008 1.47953
2.37074 1.68075 6.06661 0.25472 1.71345
3.37171 1.36085 6.09949 -0.27642 1.73734
4.20352 0.10677 5.09302 0.70756 2.21814
4.83202 0.89033 4.98965 0.83494 2.2933
4.11893 1.25667 5.51687 0.17398 2.27625
4.38733 1.56371 5.16382 0.35652 1.79607
2.74775 1.83205 5.55563 -0.41066 0.47508
1.93616 0.98557 4.74287 1.2926 0.06046
3.59442 0.5834 3.88632 -0.83863 -0.73676
2.16306 1.68755 3.70631 -1.58767 -1.76303
1.40689 1.76718 2.88424 -0.69032 -1.48905
2.07048 1.96925 2.11091 -0.88726 -3.62936
2.596 0.70325 1.84702 0.32131 -4.92432
1.73376 -1.09895 2.14772 1.00232 -5.81449
2.94093 1.26405 2.71172 1.34106 -6.01713
2.04097 0.82775 3.42831 -1.16216 -6.61151
1.98167 1.26179 1.88024 -0.08572 -6.11592
0.35206 -0.08848 1.16268 0.01262 -6.3727
0.76235 0.83124 3.2624 -1.25454 -7.64236
2.35882 2.39364 2.33745 -2.30122 -7.29369
-0.38423 0.33232 3.28826 -0.00576 -6.42217
2.1628 2.16375 2.45891 2.44019 -6.98992
1.3233 -0.66667 2.84482 -0.18884 -7.68804
0.18881 1.24449 3.02677 -1.73671 -7.36674
0.75776 -0.21341 3.93064 -0.72384 -6.32589
1.04071 -0.60092 4.60512 -0.51194 -7.0177
3.67638 1.0453 6.30195 0.22781 -5.55253
3.12963 -0.52888 6.58866 1.67374 -6.79845
1.2518 1.90115 5.60839 0.11202 -7.28292
1.92946 0.48025 4.00243 -1.99729 -7.89541
0.42179 1.18664 4.84532 -0.46871 -5.74172
1.28512 0.14542 2.34162 1.47253 -6.47072
0.23429 1.93661 2.56853 -2.66884 -7.38103
1.3681 1.05344 3.47242 -0.10073 -6.78383
0.58421 0.97299 4.57691 -0.80946 -5.55129
-0.09904 0.58801 2.56756 -0.68274 -5.27139
0.1322 0.21442 1.57774 -2.15974 -3.21202
-0.48203 -0.08568 1.17657 -0.47863 -2.36782
0.28478 0.29955 3.62059 0.46169 -3.05353
2.55704 0.96388 5.57735 -1.18093 -4.51812
3.6464 -0.06137 5.02654 -0.00868 -5.03712
2.88988 1.35144 3.16948 -0.53652 -4.36629
2.98049 -0.57895 5.21613 -0.63194 -4.68979
1.6522 -1.92183 4.85952 -0.46201 -4.71811
2.77429 -0.16999 5.71228 1.20563 -5.45707
3.16491 1.76997 6.74425 -1.27271 -4.5376
3.22984 0.99555 7.63574 0.00043 -3.05133
3.64805 1.90526 6.79822 0.04112 -2.08128
3.46582 1.75227 6.81021 -0.58466 -1.63622
2.58505 1.88577 6.05866 0.20524 -1.88733
3.31038 0.59824 4.42839 0.64052 -1.11986
2.60073 -0.38125 5.39575 -1.26421 -0.78965
3.1954 2.44153 5.99735 -0.97431 -0.3277
1.67836 0.53756 5.75842 1.98902 -0.43448
2.74375 1.29041 3.79186 -0.51771 1.19447
2.89998 1.81305 2.76097 -1.71247 0.28576
2.88175 2.74876 2.91362 -0.85124 0.30332
3.29781 2.31642 3.67614 0.30962 1.05157
2.81875 -0.3719 3.26233 0.40998 1.88573
2.39493 1.02961 3.19597 1.03979 3.0903
2.18319 -0.45948 4.20788 0.19128 3.31529
1.22493 0.14473 4.35307 -1.23812 3.75272
1.13032 -0.13431 5.50831 -0.15937 3.75347
2.07979 -0.05354 6.68736 -0.52892 4.69704
2.93513 2.25796 6.10765 -1.86446 3.5498
2.7922 0.86935 6.58747 -0.84469 4.63419
3.27447 -0.40501 6.64025 -0.75918 2.56384
3.36104 -1.41317 7.50944 -0.2259 0.42849
3.52966 -1.44259 8.04345 1.51714 -0.16547
3.33081 0.82253 6.70147 0.01837 0.41715
3.63844 1.38702 5.30237 0.31109 1.49845
3.36373 0.17942 5.31599 -0.1522 1.8052
2.03062 1.08803 3.72977 1.07315 2.19527
0.99086 2.15488 5.46053 -0.92681 1.55227
1.36113 1.48295 4.71425 -0.02912 0.60519
3.51596 0.70386 6.79698 0.2028 -0.08529
3.18009 0.77694 8.33962 1.2361 0.61493
3.75553 -0.2197 7.23268 1.26513 0.23066
3.07279 -0.09473 6.19077 0.29523 2.24257
3.08898 -0.20247 5.30954 -0.33737 1.82141
2.77266 0.54518 5.27816 1.07934 -0.93506
2.75687 0.76682 5.39084 0.14058 -0.07247
4.33934 0.53774 3.91377 -0.85511 -0.66651
2.86538 0.73281 3.46961 -0.64558 -1.17754
2.75334 0.46291 2.44277 0.74396 -1.87738
2.82453 1.13536 1.74296 -0.81727 -3.6447
2.28559 -0.37679 0.26953 0.50697 -2.29289
0.57009 0.03465 0.43626 -1.19001 -2.23412
1.46549 -0.61447 1.87381 -0.67672 -3.21567
0.74709 1.30162 2.96138 0.39986 -2.81097
0.30379 0.75964 3.81162 -1.3187 -2.27844
1.13035 0.9403 3.54217 -1.22061 -2.25206
1.32607 0.72134 4.7013 1.935 -0.9564
1.73932 0.67494 5.58132 -0.23693 -2.10037
3.47905 -0.29791 5.95689 0.4597 -1.21463
2.78084 1.65254 6.1785 0.78323 -2.72941
2.81758 0.70579 4.26726 -0.11841 -1.81748
3.83724 0.2725 5.89325 0.06958 -0.80467
4.66916 0.02631 2.99884 -1.36746 -0.06574
4.74882 0.16508 4.22051 0.41154 -1.03
3.93822 0.13005 3.42603 -0.68458 1.11054
3.70288 1.04799 3.46843 -1.89529 1.76106
1.34512 -0.65663 1.8369 1.57314 0.74208
1.19994 1.61027 2.0555 -0.81801 0.91507
1.29042 -0.12132 2.04361 -0.22441 0.73413
2.60206 -0.68202 2.55539 0.18698 1.10089
4.11069 1.87833 3.05459 -0.71012 0.52919
2.96553 -1.24097 4.02649 -1.19782 -0.87322
2.44793 -1.31796 3.42333 -0.63747 1.22985
0.84689 0.47095 2.84452 0.52482 0.62312
1.13212 -0.18311 2.34599 -1.2517 0.07074
2.88239 2.91049 2.29338 -0.17131 0.30637
1.77618 0.92886 1.87107 -0.92524 -0.79586
0.34378 -0.66754 1.66338 -1.46025 -0.47025
0.58333 -0.87089 0.90708 -2.05164 -0.48122
-0.5243 0.76727 1.08427 0.58798 -0.62048
0.39912 1.95523 0.07874 -1.70521 0.90066
-0.23626 3.11456 -0.40696 -0.88164 0.4357
-1.77441 -1.83306 0.86326 -1.48092 -0.51839
-2.72319 0.87696 2.23251 0.82469 0.08677
-0.36925 -0.09491 1.79536 0.92641 0.68158
-0.00762 -0.6987 1.94936 -1.46757 1.20357
-0.08707 -0.53393 0.87082 0.11887 1.74474
-1.14392 0.19595 2.17795 0.03212 2.27046
1.43638 -0.99057 3.64269 -0.63411 0.79198
2.14558 2.16396 3.95909 -1.42842 0.76199
0.02286 1.43994 3.63339 1.20751 0.99968
1.63363 0.43457 3.32471 0.42571 0.05498
0.41454 -0.64587 1.52117 -0.10852 -0.2735
0.27933 0.68374 1.6409 0.39833 -1.28988
0.42824 1.02803 2.29769 0.32969 -1.8991
0.18696 -0.64546 1.26041 -0.51439 0.99113
-0.28085 -0.25183 1.83437 -1.55638 1.1451
0.50837 -0.42152 4.06981 0.89224 -0.85435
1.14355 -1.81748 3.80448 -0.06912 -0.25595
0.67245 0.16298 2.41922 0.84926 1.12412
1.68181 -1.01952 2.24463 -0.16381 1.75137
-0.59944 0.32623 3.58725 0.15409 2.96218
0.55431 -0.40779 2.17048 -0.76493 2.65247
-0.08687 -0.06808 1.11342 -1.59635 2.07534
-0.65568 1.13195 3.05625 -1.06422 2.27187
0.24218 -0.23662 4.311 0.61999 1.43548
0.37908 0.31981 3.45778 -1.1922 1.34762
1.37979 0.45614 1.06463 -0.35548 0.96174
3.12621 -0.71158 2.30423 0.19096 0.01814
3.29299 -0.1075 3.22659 -0.15691 -1.06126
1.05634 1.63471 2.65404 0.56224 -1.64185
-0.40059 -0.92382 2.47425 1.91987 -1.81161
-0.45997 -0.25723 0.57917 0.49572 -1.35219
0.08999 -0.41865 0.37998 -0.00421 0.51584
1.78187 1.05161 2.24864 -0.27725 -0.43664
0.40378 0.79157 -0.49199 0.66768 -0.1397
0.58394 1.03835 -0.47933 0.62443 -1.03018
-0.5169 -1.47346 0.00673 1.26933 -1.11703
-0.62715 -0.57715 -2.32221 -0.73192 -1.27443
0.09157 1.19723 -1.21658 -0.0529 -0.64059
0.06303 -0.46427 -2.5437 0.18236 0.60877
0.43242 0.0229 -1.45295 -0.51907 -0.34989
-0.62568 1.12568 0.57877 -1.51728 -0.68183
-0.07539 1.10287 0.40325 -0.6919 -0.02837
-0.33726 0.81622 -0.74095 -0.03548 1.09291
-0.04504 -1.26011 0.39607 -0.07236 0.75656
0.33379 0.58502 0.25553 0.17126 2.18104
0.6111 -0.14345 0.10726 0.99939 2.12587
1.37675 0.9433 -0.60077 -0.32366 2.87002
1.06649 -0.59564 0.33502 0.62659 2.14707
3.44838 1.23402 0.38409 1.84542 0.99451
3.18498 1.62721 2.07698 -2.34792 -0.3162
2.5261 -0.1964 3.26029 0.25447 -0.72301
2.48748 -0.61357 2.58394 0.70297 0.07282
2.03051 0.45726 2.70117 -0.20712 -0.13571
2.19647 1.66753 2.68852 -0.05825 1.33052
2.11224 1.07865 2.26566 -0.41187 2.71753
0.98589 0.3139 2.59267 -0.36159 3.26662
