-0.78395 -1.10557 1.58869 -1.20576 4.25243
1.01833 -0.92003 2.38313 1.13509 1.91659
1.37751 1.14613 3.09028 1.10459 1.3693
-1.2403 1.15058 3.37924 -0.87621 1.27595
-0.58475 -1.40598 4.00307 0.07257 1.4844
-0.38132 0.5907 1.91939 -0.44333 0.13422
-0.46009 -0.06522 2.00279 1.64853 1.79369
-1.58477 -2.98357 3.06773 0.10024 2.33223
-0.78144 -2.81374 4.20278 0.52245 0.54933
-0.43883 -0.42465 3.15459 1.57077 -0.2274
-1.52211 0.93861 3.37981 1.17425 1.69038
1.16176 0.64117 3.15145 0.57358 1.8242
-0.53676 -0.34738 2.98755 0.31845 4.70917
0.33058 -1.47145 4.26672 -0.22269 2.68411
-0.69551 0.60148 3.57525 1.02302 1.24103
0.1821 0.96538 2.59631 0.47031 1.14378
-0.52996 -0.36082 3.02485 1.47269 2.42064
-0.48632 -1.14227 0.47626 1.29107 2.26251
-0.68904 -1.91547 2.70345 1.01641 2.76842
0.65905 -1.10338 3.15623 -1.19223 0.47604
0.7887 -0.37499 2.69092 0.31251 2.63729
-1.52132 0.3704 1.81969 -0.18496 1.83312
1.64843 0.46681 2.24091 0.86288 1.82944
2.18598 2.94129 3.33384 1.27912 0.11127
-0.45409 -0.25735 2.48297 1.17165 0.33167
-1.52428 1.43646 1.12451 0.82926 0.43043
0.12419 1.93919 1.13578 0.39677 0.79809
-1.59344 1.00537 -0.57305 0.08535 3.84462
-0.52018 2.40219 -1.07116 0.40844 2.23732
1.53869 0.40814 -0.08035 1.01048 1.95996
0.27262 1.57148 1.31051 -1.48065 2.63494
-0.30187 -0.60606 1.94948 0.5857 -1.90753
1.00553 1.43251 0.28965 -1.25446 -0.97452
-0.23567 -0.10071 0.22605 2.12331 1.00311
1.22159 -1.16252 1.11001 2.74294 2.2067
0.66481 0.37601 1.41787 0.72348 1.35735
0.97723 -0.53548 1.51205 -2.4448 0.43845
-1.10226 -1.3468 1.22542 -0.53764 1.47512
0.31637 1.9522 2.56071 2.03943 -1.57109
-0.47868 0.40837 1.84637 1.43103 -1.28773
0.2525 1.11061 1.85928 -0.36449 0.58718
1.24068 0.10399 1.89929 0.93709 0.01332
-1.44255 0.28282 -0.42787 0.00403 1.45954
0.47757 0.38273 -1.54682 -1.99565 1.21111
-0.31905 -0.69786 -1.40118 -1.28925 0.37765
-0.26306 0.34853 -2.97392 0.05457 0.04268
-0.33315 -0.83312 -2.43753 1.29216 -0.4272
0.45794 0.03042 -2.51886 0.13576 -0.42995
-0.44238 0.64771 -2.39063 0.55267 0.71592
1.14872 0.42749 -2.80864 -0.87739 -0.12589
0.66844 0.16082 -2.03092 0.07155 0.99338
-3.71564 -1.25741 -1.97291 -0.76273 0.07896
-0.97897 0.56592 -3.04022 0.37476 2.13804
1.19937 1.65926 -1.94577 1.59563 2.06952
-1.71764 -0.13839 -3.01334 -1.46424 0.41511
-0.50819 -0.72444 -1.38638 2.56227 1.1117
1.34963 -1.70217 -2.16339 -1.56388 2.42614
-2.06998 1.04842 -1.374 0.26598 1.64971
-1.37243 -0.0983 0.21509 1.35589 3.14021
2.04854 -0.41741 3.20701 1.04018 2.33179
-0.07539 0.82278 1.95446 1.25416 2.3674
-1.74086 0.51438 2.28251 0.48796 0.86142
-2.22611 0.16792 -0.00715 -2.15794 -0.94665
3.1261 -0.7869 0.79662 0.1809 0.44326
1.60705 -0.31899 0.68539 0.58242 0.49545
0.19827 -1.26054 -0.66582 1.2169 0.5896
-0.61553 2.09681 -0.44068 0.84115 0.63841
0.86994 -0.86422 0.05448 1.0326 0.24063
0.58209 -0.10741 -0.76579 1.27347 0.71367
1.46569 -1.51416 0.5787 0.59022 -0.24273
0.68992 0.24959 -1.4752 -0.00473 -1.59812
-0.27407 0.72321 -2.21409 0.90405 -1.28828
1.46581 -0.77568 -1.59046 -0.83906 -0.65122
0.4751 1.3816 -0.81843 -0.64791 1.18078
-0.32691 1.7258 -1.97246 0.72842 0.60688
-0.71838 0.05492 -1.71027 0.85738 0.19351
0.26898 1.07602 -2.86361 1.22576 0.76239
-0.20417 -0.86864 -3.93084 1.96102 1.52154
0.59679 -0.62208 -4.08112 1.54538 1.23154
-1.05346 -2.23567 -4.09281 2.23951 0.97878
-0.0757 -0.76913 -2.70914 -1.06753 1.10859
-0.70605 0.17145 -2.38584 -0.53164 2.63075
0.09871 0.19353 -0.84006 0.35166 3.22734
-0.97798 -0.8594 -0.32023 0.00214 1.98223
0.69533 -1.78322 -0.05405 0.47559 2.19336
-0.11241 1.28694 -0.52928 1.25697 2.57245
0.97831 2.60264 1.88306 0.28918 0.82376
1.69986 -0.02185 1.44862 0.10752 0.70948
0.44148 -0.18795 1.18991 -0.87431 1.29508
1.44289 -2.04855 2.88219 -1.65615 1.78287
0.75232 -2.36865 -0.1624 1.20754 0.29478
0.70585 0.6796 0.79493 -0.70273 1.28648
-1.46897 -0.82012 -0.15289 -0.5821 -0.34321
0.28057 0.76515 -0.43489 1.72464 1.04556
0.40752 1.84669 0.39841 -0.23593 -0.10834
-0.69461 1.10926 1.12971 -0.71619 -0.83246
-0.44238 -1.13138 -0.20736 1.63493 -0.4737
1.27955 0.94434 -0.17334 -0.51529 0.2168
-1.48122 1.13951 1.68221 1.05466 2.93257
-0.08951 -1.52958 1.96658 0.76628 3.2459
-1.78637 0.27513 0.46343 2.14348 1.42144
1.15013 0.80452 0.56093 0.12482 -0.38927
1.32985 -0.23106 0.06199 0.70796 -1.05701
-0.75 -0.39603 -2.17808 -0.61884 0.52047
0.3349 0.75565 1.32452 -0.31084 1.85406
0.07259 0.66426 0.40027 0.26133 1.79769
-1.11544 1.18371 -0.04093 1.10459 2.26323
1.21493 -0.15151 0.7397 0.95858 2.24485
-0.53837 0.10484 1.44417 0.73773 0.91454
0.71048 1.95202 0.55328 -0.92877 -0.16452
-0.32062 0.15857 0.99119 0.66803 0.30135
-0.22563 -0.63961 1.3945 -0.26479 0.53555
0.0632 -0.01079 2.15094 1.70384 -1.11458
0.47015 -0.37556 1.61219 -0.42366 0.86738
-1.48665 0.59929 2.00156 1.07624 2.81442
-0.63883 -0.66634 3.99922 -0.2878 -0.85594
0.91457 -1.195 2.30687 -0.30403 -0.00453
0.84048 0.75474 2.58665 1.91867 2.00652
0.19555 -0.41836 5.82046 1.06557 1.50628
0.42677 -0.93582 4.9487 -1.418 2.6037
-1.50621 -0.95459 5.06784 -0.78853 2.13268
0.08626 -0.92873 4.04987 -0.02342 3.44308
-0.1691 -1.08606 3.8424 0.93288 2.05598
0.2055 0.25634 3.74385 0.2288 1.95852
1.43097 -1.35688 2.63378 0.77354 1.18027
-0.61331 0.50408 1.67878 -0.35285 3.8853
-0.1644 0.6863 1.48134 0.44781 2.55232
-0.40875 -0.69524 1.33158 -0.33675 2.91379
-0.58496 -0.21473 1.29406 1.55937 3.91302
-0.54224 0.08496 2.12273 0.3043 1.27817
0.56068 0.1152 1.79074 0.3008 0.14237
0.85563 -0.52289 0.24812 -0.8549 0.28263
1.23758 -0.71566 -0.16817 -0.6205 0.70056
0.56419 -0.25718 -1.06126 -1.68466 1.8371
-0.49958 -1.47606 0.99498 0.73239 0.80292
-0.27398 0.81216 1.57118 -1.40833 0.1175
1.88533 1.4636 -0.56856 -0.77864 -0.41409
1.38014 1.18341 -1.21035 1.04584 -1.32374
-1.01552 1.32504 -1.13266 0.33093 -0.1052
0.74335 1.75079 -0.44888 -0.22123 1.03904
1.88925 1.39718 0.19255 0.97839 0.75453
0.60563 0.67589 0.56148 -0.19362 0.83822
-0.82618 -0.65898 -0.07819 -0.15215 0.18662
1.03939 -0.99023 0.80008 2.61629 0.70529
0.09224 0.90864 1.33239 -0.14124 1.42911
-1.67826 1.04857 3.13963 0.26808 -1.00118
-0.90985 0.76213 2.88422 0.01692 1.0118
-0.32836 -1.80875 6.25297 0.68923 1.1177
-0.02075 2.45466 5.13244 1.16907 0.86324
-0.27233 -0.09951 5.08437 -0.26115 1.90994
1.53881 1.45358 6.23803 0.75057 1.7878
0.23631 0.99547 5.4963 -0.82314 2.15818
-1.33406 -0.88703 5.55023 0.62433 3.33931
-0.46465 -0.09427 5.38601 0.53172 5.35658
0.38396 -0.42298 4.82603 2.35799 2.73002
0.46357 -0.063 6.20832 -1.37604 2.37902
-0.64422 -0.1342 6.15768 0.71271 1.3396
0.41432 -0.78547 5.15413 -0.85572 2.21342
-0.94527 0.41664 6.24038 -0.17912 2.649
1.58689 -0.73711 7.87411 -1.51403 1.81856
-0.26014 -1.47545 7.0027 0.56754 2.06548
-0.25509 0.45571 6.25556 0.0749 4.37143
0.24226 -0.5809 4.22426 0.75039 2.65845
-1.27685 -0.33033 3.61391 -0.21884 1.11608
-0.12132 0.07372 3.1471 -2.05692 1.20066
2.38191 0.29036 2.19684 0.44415 0.13434
0.07876 2.06975 4.21096 0.09835 2.9786
0.64889 -1.50642 4.13143 -0.1751 3.80296
-0.40082 1.26215 4.19599 2.57035 2.49609
0.68379 0.97842 4.21217 1.83623 -0.24139
-0.14607 -0.77061 5.30688 0.35559 1.58049
-2.09209 1.17272 5.04372 0.90052 1.78648
-1.50831 0.08222 6.75889 1.39406 2.79713
0.97038 2.51945 6.88717 -1.07757 2.62418
-1.17776 0.78146 6.3172 0.55735 2.50275
1.24705 -2.17068 5.47723 0.62067 2.49634
-1.01477 1.13098 4.40096 2.17823 0.02984
0.69981 0.62485 3.80895 3.15694 -0.75703
-0.35005 0.71947 3.15832 -1.18287 1.35094
2.31447 1.55255 4.60671 1.11105 1.85026
-0.56541 -0.73008 3.19159 -0.32232 2.55957
0.71352 -0.299 3.89183 0.7915 1.56948
-0.20672 2.4864 2.47224 2.65599 2.88875
-0.79881 0.88155 3.70566 1.86905 2.54634
0.85828 0.1521 3.00297 1.27641 2.16215
0.24671 1.14863 2.34561 0.1272 0.76097
-1.71266 -2.00643 1.47857 1.33965 1.11412
1.01736 1.03382 0.76578 -0.93523 2.45793
-0.79029 0.88091 0.27506 -0.71165 -0.77718
0.14246 0.84799 -0.58563 -1.98565 1.00909
-2.05794 1.30809 -1.38217 -0.06276 0.15631
0.78421 -0.55544 -0.26046 -0.1359 -0.91141
0.5922 0.32806 -1.16023 -0.25772 1.49252
-3.10513 0.356 -0.42222 1.33503 1.41971
-1.30237 0.54511 -1.51114 -0.09871 2.60114
-0.15603 -0.41677 -2.77298 -0.66947 -0.25303
-0.69487 -0.94359 -3.72576 -1.04398 -1.01743
-1.14084 -2.73575 -2.03174 1.35533 -0.58183
-0.12453 -0.86604 0.16947 1.6055 -1.51803
-1.694 -0.85727 0.60105 1.0598 -0.30479
1.10676 -1.57637 0.13024 -0.29713 0.42886
-1.14896 -0.64857 1.26807 -0.51455 -0.11852
0.33255 0.3766 1.17625 0.29729 0.26658
-0.80233 -0.80645 0.74418 0.54802 -0.2353
0.10997 0.49704 -0.99422 -0.81577 -0.81619
0.09079 -1.51718 -1.80826 -0.68739 -1.69823
-1.1688 0.04538 -1.65866 -0.64467 -0.69707
0.71639 -0.11611 -2.20806 1.57662 0.92816
1.82354 -1.22535 -2.1216 0.25118 0.92069
0.21958 0.35297 -0.9528 1.49411 2.88083
-1.99099 -0.71401 1.22441 1.77706 2.01553
-1.3059 0.39041 2.17906 -1.60412 0.88719
0.86408 -0.82068 1.98292 -1.84645 0.70512
-0.84528 -1.23749 3.46748 -0.59038 2.33461
-0.5816 0.54269 5.61958 0.50909 2.95075
0.40685 -1.5482 5.62827 0.45739 2.39208
0.88525 -0.18207 4.55734 0.02619 1.67963
-0.14648 -1.24436 5.11277 -0.73388 1.3125
2.65271 0.39761 4.06148 -0.85561 1.15142
-1.41028 0.56568 2.9065 -0.66174 1.48337
-1.55681 -0.54382 2.45226 1.5264 2.64626
-0.85276 0.14643 1.47754 0.77238 4.08162
-0.37092 -0.24569 1.49896 1.07208 1.73007
-0.47244 -0.75701 1.15483 1.16127 3.85733
-1.4798 -1.40434 2.92115 0.49691 3.24413
0.4745 0.63132 4.94033 -0.49785 1.94029
1.17564 0.14059 4.70323 0.63152 2.08067
-1.10282 -1.30474 4.00044 1.10157 0.66883
-0.6467 -1.13768 4.17782 -0.17614 0.66224
-0.00143 -1.24272 3.53324 1.11397 1.66812
-0.59943 2.56383 1.95753 0.11279 3.1613
0.82554 0.00811 2.43015 -1.07358 2.90288
0.0601 -1.64234 1.42432 -2.09843 3.02059
-0.32955 -0.49653 1.15167 0.12649 3.48839
-0.31012 0.19661 3.38379 -0.52498 1.56513
1.47026 0.75369 3.67732 1.44923 2.58255
1.26498 -0.94264 3.45984 -0.19542 0.84417
-1.03298 0.72352 1.50858 -0.05235 0.77809
2.09714 0.86133 1.63187 -1.31242 2.60886
-1.51702 0.20829 1.51641 0.8579 2.34652
-1.46806 1.12637 1.31997 3.2586 4.62566
0.22902 0.94553 3.83468 2.05007 2.48519
-0.54163 0.57034 4.30495 0.06403 0.75031
0.37273 0.44031 3.20061 -0.4349 1.69127
-1.43639 -0.66613 2.96179 1.59798 -0.51845
-0.66281 -0.72737 3.27744 0.4344 1.49312
1.11077 -1.21657 4.37158 0.89941 1.12682
-0.12594 -1.49193 3.96623 -0.19403 2.64024
-0.13014 -0.93219 3.83922 0.42728 1.66424
3.66036 -2.94071 2.82298 -0.55651 1.06735
-0.15738 1.09484 3.46231 -1.19441 3.38582
-0.42552 0.25147 3.22298 -1.83937 1.8063
-0.83201 0.15208 4.11898 -0.08783 4.90726
-1.35424 1.4645 5.43766 0.88438 2.99123
0.14263 0.81208 5.42187 0.72693 1.46864
0.30082 0.25555 4.7433 1.09028 1.60623
-0.16278 -0.20927 5.18306 1.03702 0.70422
-1.27318 -0.89141 6.54707 -0.63064 1.08546
-0.93535 -0.10644 6.96086 -1.28552 1.50575
1.15361 1.30911 6.15018 -0.88019 2.33674
-0.24987 0.34377 5.39187 -0.11864 1.7923
-0.57886 -0.2536 6.75578 1.42738 2.92109
0.66262 -0.21187 5.6618 0.37612 3.62787
1.17085 -0.52835 4.15269 0.29256 2.23756
-0.79478 -1.54185 4.03166 0.05074 3.17961
-1.48065 -1.37061 4.45784 -0.62115 1.59981
0.94786 -0.92115 5.54346 0.24125 2.95218
2.59876 2.53772 5.66665 0.14794 3.24876
0.13865 1.68134 5.31194 0.43455 3.14838
0.45189 2.51657 4.59992 0.92519 2.8555
-0.16554 0.74322 4.70997 0.59234 1.40421
0.02291 -0.63729 3.13896 1.25503 2.82728
-1.01603 -0.21684 3.98611 -0.41405 -0.06793
-0.02078 0.30954 4.35792 0.40093 1.49406
0.37645 0.24819 5.58749 0.84648 2.15726
0.95095 0.00214 4.2096 -0.35633 2.34678
1.83171 -0.12611 4.34629 2.92992 2.32546
1.52912 0.14658 5.14927 1.4168 0.91653
0.18447 0.92673 6.67428 -1.10652 1.51127
-0.99557 1.03748 5.27445 0.07525 3.76591
0.79529 -0.5345 6.08098 -0.21595 4.72188
-0.22953 0.87612 5.50483 -0.29142 5.42116
0.83124 0.49231 5.74604 -0.69224 3.61106
-0.39322 -1.76345 5.4444 1.31079 2.48614
-0.80214 -0.11032 5.86186 0.3689 2.76369
-1.13445 -1.24372 6.83285 -0.02044 1.70164
0.88205 -0.52535 5.75702 -0.98833 3.59575
-2.04509 -0.68659 6.74209 -0.25344 0.97938
-1.61407 -0.29068 8.17219 0.26693 3.59563
0.83198 0.86565 9.21549 -0.43346 5.11355
-1.10363 0.22545 7.64491 -0.47465 3.17337
-1.21232 -1.06455 6.31294 -1.98485 3.60712
0.63275 -0.74829 4.954 -0.75161 0.42122
-0.93289 -1.28679 3.571 0.03976 0.60964
-0.96421 -1.78154 3.01287 -0.26 0.43337
-0.33997 -1.10365 2.28271 2.25353 2.49671
0.31153 0.14752 2.79436 -0.30903 2.81875
-0.09106 2.04653 3.25575 0.02661 3.10362
-0.83775 -0.12316 3.72927 -0.30243 1.22396
1.67703 1.10444 4.46255 0.05967 3.0326
