-0.08216 1.91723 -3.50052 1.5014 -0.41676
-0.68277 0.38048 -3.87836 0.78778 -0.96006
-1.58913 -0.0868 -2.80254 -0.22095 -1.6909
0.75459 -1.28749 -1.10459 0.46567 0.62493
-0.56385 -1.3411 -0.39252 1.28154 0.43792
-0.83592 -2.28913 1.48179 -0.14131 -0.85121
-0.32618 -3.39767 -0.30981 -0.34184 0.68109
0.58809 1.15866 -1.80176 -0.96157 -1.3998
-0.62763 0.17126 -0.52451 2.31993 -1.00344
1.34724 -1.00679 -2.50304 1.28838 -0.47586
0.05327 1.24204 -2.7852 0.94197 -0.27179
0.0505 1.30297 -4.04292 0.28605 0.18668
-0.6988 0.66186 -1.94004 -0.68307 0.52272
-1.0141 -0.21911 -3.54487 0.86715 0.44537
-0.50534 -0.69426 -3.21366 0.41822 0.39157
-0.22125 -1.07577 -3.64111 1.0992 1.72738
2.59493 -1.55387 -3.79832 0.03334 0.52549
-0.82776 -1.26688 -2.51467 0.0008 0.76769
0.6277 -1.97222 -1.97903 -0.17742 0.59631
0.7388 -1.28234 -2.85699 -0.00987 0.183
0.72099 0.54582 -3.44309 0.97249 1.46958
0.45299 -0.46252 -2.27985 0.14664 0.81303
0.49159 0.16585 -3.87412 0.85347 1.66785
0.98145 -1.08171 -2.36879 0.96249 1.67027
-1.22931 -0.36711 0.40135 0.80119 -1.18161
0.21138 -0.95736 0.10266 1.49216 -0.87358
-0.68019 -2.47102 -0.28172 0.574 -1.67941
0.48731 -0.64085 -0.27861 2.16655 -1.04579
0.4455 0.72939 -0.39127 0.02667 -0.39137
0.76503 -0.32333 -1.51457 0.63784 -0.56715
-0.00911 -0.49375 -1.00412 1.20233 0.5351
-0.14472 -2.18871 -0.91544 -0.36301 1.31218
0.20405 -1.05961 -1.13012 -1.14071 0.84982
0.67763 -0.63243 -0.69047 -2.15784 0.20223
0.63311 -0.11415 -0.51242 -1.98359 0.29359
-0.68244 -0.28671 1.19033 0.72868 0.0373
-0.28847 -0.44664 -0.67832 0.98051 0.70735
-1.97968 0.26244 0.5105 1.22106 0.64147
-0.03361 -0.75216 0.01245 -0.40008 0.23432
0.77257 1.2705 -0.54346 -0.92436 1.54567
1.17382 0.20364 0.6675 0.00045 1.27006
-0.57337 -0.20078 -1.511 -1.13526 0.89471
0.015 0.37312 -1.69558 1.01708 0.87191
0.55495 0.20844 0.76369 -0.79787 0.35991
-1.03264 -0.91712 1.56207 0.66432 1.9116
-0.23665 0.64745 1.26387 1.98558 -1.26338
0.09701 2.10449 2.74664 -0.01394 -0.85928
0.28332 0.81021 1.25361 -0.94556 -1.55477
-0.58593 0.70834 1.50303 0.18795 -1.74059
-0.42612 0.56166 2.5929 0.38342 -1.01378
1.02112 0.2181 3.51439 1.55806 -0.89044
0.48423 0.64718 3.76027 -1.45417 -0.76131
-0.25202 -0.82974 2.71951 -0.2116 -0.33874
1.40702 -1.28777 1.64497 0.46287 1.42167
0.68806 -0.18721 2.12003 1.19133 1.17993
-0.09544 1.09786 0.56265 0.35087 1.06298
-0.66306 0.69523 0.34381 -0.75188 2.21067
-1.32471 1.2558 -0.0005 1.92622 2.48089
1.15584 -0.20418 -0.64231 0.76864 1.54786
-0.95203 0.56141 -1.58671 -0.20587 1.00843
-1.67096 2.24454 0.66263 0.93011 0.64128
0.69749 0.17791 1.90939 -1.25573 0.0265
-0.62534 1.77703 3.93406 0.22272 0.74978
0.0401 -1.06089 3.75532 0.54305 0.20055
-0.82853 -0.07277 3.54728 0.00637 0.20364
-0.0546 -0.283 3.83274 -0.20355 -0.1369
0.43711 0.36301 4.56936 0.64194 -0.43568
-0.44734 0.15613 4.05562 -0.03529 -1.78537
0.72609 0.17212 5.01693 -1.13446 -1.57394
0.89048 1.77688 6.34243 -0.91188 -1.42483
-0.0192 1.21754 5.25422 0.71713 -0.9698
-1.82846 0.14662 3.94906 0.98355 -1.83846
-2.35479 2.41027 2.80622 -0.69112 -3.60871
1.43028 2.02323 2.83047 1.82978 -2.07597
2.37092 2.15071 2.90124 1.36915 -2.50706
1.29188 0.75321 3.45047 0.70286 -1.95202
2.11326 0.69839 4.27945 -0.87965 -0.91783
-1.74227 2.09412 2.50648 2.23126 -0.1135
1.29975 1.11728 4.13301 0.87687 -0.55031
-1.23885 2.25272 3.50908 -0.42515 0.97533
0.62049 0.49014 2.98711 -0.79475 -0.47263
-0.32821 1.37858 3.86279 0.56049 1.56337
-0.12682 1.69025 2.75141 0.39711 2.49834
-1.0502 1.72271 2.30427 1.70794 1.60185
0.40141 0.51183 1.98789 2.70383 1.46055
0.20705 0.8796 1.37787 -0.08903 0.59941
0.02566 2.4074 1.07507 1.95099 1.64339
0.10993 1.10247 1.12801 0.92107 0.83757
-0.72866 0.13061 1.80924 -1.29512 0.97346
-0.40686 -1.46549 1.50508 -0.63926 -1.50649
1.09763 -0.61916 4.27968 -0.19275 0.19261
2.44811 1.12017 3.57633 1.18546 -0.60894
0.63503 1.2588 5.12635 0.33432 -0.28486
0.84417 1.95969 4.56745 -0.1954 -0.92575
0.74068 2.31399 4.0682 -0.20875 0.25494
1.01535 0.95665 4.33581 0.28233 0.12147
0.53354 0.55852 4.00105 0.50306 1.77351
0.38329 0.45118 3.91312 2.7157 1.06559
1.67493 -1.08686 2.40724 1.35146 1.31813
-2.12662 -1.22469 1.12998 -0.75553 2.45246
1.32212 -1.07562 2.39345 -1.20593 1.07245
0.38345 -0.83016 1.57483 -0.46798 -0.9257
1.96368 0.46508 -1.05311 -0.81519 0.51067
-1.28267 0.87094 -1.88842 2.4281 1.21578
0.84826 0.19573 -1.58002 2.31355 0.56395
1.25694 0.40137 -2.96348 -0.32851 -0.45838
-0.68806 1.73321 -1.59646 -1.2024 0.76857
0.41608 -0.33712 -0.59271 0.38332 -0.98886
-1.3805 -0.22074 -0.92023 2.0857 -0.91074
-1.20751 -0.01396 -1.26449 -0.16571 -0.20008
0.61723 -0.61288 -0.0503 -0.3433 -0.52408
0.10551 0.04964 1.6477 -0.62419 -0.81142
-1.76312 0.11063 1.07307 -0.93527 0.36508
0.16928 -0.19004 1.4677 -0.03521 -0.95903
0.19816 -0.48558 -1.01865 -0.58174 -0.28512
-0.71982 0.71969 -0.93472 -0.88235 -0.22082
0.50545 0.60007 -0.51399 -0.33732 0.04155
-0.73214 0.33221 -0.55433 1.23603 0.29002
-0.36041 0.88398 -1.17824 -1.33991 2.13608
-1.01654 1.12766 -1.21911 -0.54957 1.59659
-0.29116 -0.21872 -1.95872 -0.72775 1.89372
-1.02734 0.59737 -1.01786 -0.25278 0.30761
-0.84126 -2.01123 0.72785 -0.3567 1.17921
-0.60824 -0.47376 1.56265 0.33478 0.64847
0.48086 -3.49861 2.44116 0.27601 -0.82437
0.25541 -2.04692 1.39169 -1.646 -1.29287
1.78263 1.65869 -0.546 0.50316 0.40826
-0.26125 -0.10705 -0.19812 0.09608 -0.88127
-0.14186 -0.26506 -0.14983 2.3801 -0.82154
-0.15479 -1.96618 -1.3229 0.76819 -0.9149
-0.62641 0.05812 -0.98311 -0.29803 -0.48622
-1.19866 -0.68148 -2.73968 1.29815 -1.60652
-0.77623 -0.46393 -2.80042 0.34448 -0.45743
1.74387 -0.49289 -3.95022 0.0526 -0.53582
-0.09752 0.17364 -3.24417 -1.41322 0.30368
-0.49316 0.6479 -1.83446 -0.2851 -0.36431
0.19029 -0.92316 -1.60216 1.08766 -1.31735
0.4643 0.20516 -0.97996 0.07405 0.70936
-0.15758 -1.24974 0.84053 -1.54621 1.5966
1.66093 -0.99177 -0.15888 -0.13596 1.03117
-1.39316 -0.30802 -1.30906 -0.30762 0.95091
-0.32022 -2.38507 -0.46726 -0.98194 0.29945
1.00009 -0.22999 -1.29511 0.63082 -0.21021
-0.74681 0.92526 -4.41254 0.54686 -0.79525
1.78464 1.61542 -5.01945 0.35735 -0.59058
-0.40549 -0.3071 -3.90767 1.54595 -1.14976
-0.02444 -0.31286 -3.38895 0.23838 -0.81982
0.34051 -2.49063 -1.59579 -0.24257 0.55853
-0.73145 0.38308 0.68828 0.88033 -0.31796
1.02594 -2.47919 0.3493 0.24879 -0.8235
0.33655 -0.42259 -0.18332 -1.83777 -1.06285
-0.70534 0.56135 -0.24035 0.64484 -0.20778
0.25062 1.05682 -0.13316 0.15431 -0.89847
-1.9813 0.60742 -0.92241 0.69733 -0.87413
0.40786 -0.42671 -0.73774 -0.79098 -0.37199
0.43875 1.43368 -1.14946 0.4982 -2.65677
-1.05302 0.24482 -0.28064 0.55218 -0.14848
-1.60503 -1.50384 -0.69294 -0.54808 0.63226
0.577 0.63072 -0.7063 -0.00643 0.00034
-0.09296 1.08704 -1.39671 -0.49623 -0.35677
0.6607 -0.98816 -1.40906 1.91777 -2.91214
-2.55855 0.52149 -2.50984 -0.34745 -2.65927
-0.02453 -1.97368 -1.01095 -0.54049 -1.86555
1.08524 -1.0289 0.17987 1.24803 -3.56998
-0.68379 -1.33713 1.95656 -0.04157 -1.4402
0.01148 0.29491 1.57547 1.29108 -1.62116
-2.33527 -0.04266 -0.28871 1.06557 0.2972
-2.16961 0.10098 0.75044 -1.30813 1.25262
3.10664 -2.15524 -0.31217 -0.2504 0.21206
-0.90381 1.67476 -0.29847 -1.06288 0.56346
0.72132 -1.00477 0.18083 -1.75403 1.14651
0.81371 0.2295 2.18438 -1.76299 0.66724
0.03668 0.65548 -0.51705 -1.54415 0.30508
-0.11936 0.51024 -0.77915 -0.1566 0.03824
-1.6667 1.07531 -1.5058 0.40854 1.43364
-1.2309 0.20612 -1.91988 -1.47619 1.49385
0.42466 -0.66473 -1.97956 -1.51604 1.26939
0.37236 -2.44367 -2.14468 -2.02809 1.86196
0.38383 -0.88912 -2.46035 0.4652 1.60233
-0.68342 -2.00179 -4.33983 1.20389 -0.50263
-0.41518 0.09983 -4.79421 1.32818 -0.50307
-0.82195 -0.46858 -4.6474 0.76415 -0.94267
0.01223 0.07266 -3.17393 -0.85582 -1.08277
-0.26666 -2.27383 -3.87617 -0.56522 -0.1186
0.54176 -0.53033 -2.04432 0.4098 -0.44927
0.85203 -0.08506 -1.32326 0.58789 -0.35938
0.98481 0.04586 -2.11408 -0.54438 1.16982
1.18948 -0.06426 -2.64951 -0.49049 -0.62539
-0.90385 1.09437 -2.16983 0.58885 -0.29836
-0.22073 -1.11177 -3.78057 -0.1029 -0.12141
-1.03175 -0.95893 -4.81951 0.96261 0.33507
0.36076 -2.14037 -4.39441 1.05928 0.35691
0.54139 -1.67772 -2.57893 0.2063 0.53223
-0.04964 -1.32834 -5.30773 0.17966 1.36652
-0.27628 -2.35547 -4.64002 -1.79547 0.65439
-0.21608 -0.96655 -5.13158 1.06432 -0.66533
1.0926 0.16785 -6.85052 -0.28637 0.81409
-0.13531 -1.99902 -6.37478 -1.94711 0.36574
-0.10431 -1.11721 -4.36632 -0.3498 0.14609
0.62061 -0.41232 -2.78832 -0.41165 -0.29942
0.08337 -2.01602 -2.76576 -1.24035 1.05186
0.90848 -2.22071 -2.67233 -0.94735 -0.25345
-0.51209 0.25386 -4.1456 0.06255 -0.18235
0.037 0.37231 -3.83306 -0.81125 0.24364
0.71085 -1.64199 -3.588 1.47654 0.79296
0.11122 0.01716 -2.34515 0.18407 2.05769
-0.78 -1.79979 -1.67515 -0.34873 0.30944
0.09645 -1.43264 -0.72129 0.78873 -2.05852
0.78939 -1.91007 0.01097 0.54027 -1.1726
-0.63456 1.10206 -2.31733 -0.53935 0.01769
-2.31572 -2.51125 -1.73369 -0.11485 0.92516
0.22424 -2.15757 -1.445 -1.04093 0.5679
-0.33414 -1.58794 -2.46454 0.19611 0.50993
-0.88066 -0.03703 -2.03656 0.40127 0.78514
0.42695 -0.35998 -2.4565 -0.7991 1.43548
1.80497 -2.03836 -1.67865 -1.33145 -0.51776
0.67864 -0.74382 -2.50316 1.47519 0.93761
-0.98352 -0.15656 -1.99181 -0.96228 2.26085
-0.90732 -0.23547 -2.94988 0.18772 1.21599
-1.49943 0.05201 -2.34813 1.38045 0.71388
-1.09768 -1.34783 -2.2184 0.39184 -0.11867
-0.65932 0.64949 -1.72223 0.27103 0.45871
-1.37853 -1.83588 -0.82145 0.10848 -1.24773
-0.49535 -1.41394 -0.78804 -2.13768 -0.36004
-0.73121 -0.52797 -0.77992 0.82909 1.05101
-0.10552 -1.09876 -2.00033 -0.91712 2.10103
-0.64853 -0.898 -1.94011 0.27807 0.53378
-1.3652 -0.85833 -1.13182 0.13864 -1.12855
-0.75519 -0.73844 0.29319 0.25915 -1.17649
1.47845 0.33728 -2.16491 0.98228 0.11891
-0.71631 0.90479 -0.37395 0.02655 -0.4657
-0.57956 0.57284 0.02437 0.21788 0.7022
-0.84133 -0.22014 -0.19788 0.53674 0.2367
-1.17583 -1.19692 -1.96429 0.59013 0.17576
0.93148 -0.2913 -1.39476 1.81537 -0.18398
-1.05991 -1.32549 -0.32016 -2.26562 1.03701
-1.62634 -0.36891 2.58672 0.85953 -1.40466
0.16392 -0.93123 1.3365 0.0103 -3.34358
0.30189 0.44699 1.80575 -0.80237 -1.88018
0.56916 -0.08567 1.51862 -0.08651 -0.05688
-0.74122 0.26591 1.3366 -2.05378 -0.26272
2.1251 0.34042 0.76124 -0.5365 -0.27383
0.61269 -0.5398 1.02423 -1.00716 -0.81456
2.14165 1.47386 1.15975 -0.33504 -1.06764
0.81739 0.72465 2.48193 1.12841 0.08542
1.3285 -0.29929 3.04077 0.25084 1.11396
-0.35721 0.64533 2.11307 1.39666 0.70807
1.16578 0.92623 1.88297 1.21583 1.15547
0.97367 2.67274 1.91334 0.19944 1.79549
-1.01913 2.32999 1.61136 0.05543 1.36815
1.91759 0.27416 1.49591 -0.17767 0.78631
-0.84414 -0.43743 0.95386 0.41428 2.51796
0.38849 -0.76912 0.67009 1.05553 0.96179
-1.64178 0.39097 1.80436 -0.1911 -1.48864
0.61379 1.60416 -0.1095 1.13279 0.04827
-0.91344 -0.87603 0.01465 -0.26374 -0.11788
-0.59052 0.38434 -0.00179 0.3874 -0.50273
0.40082 0.78316 -1.20566 -1.03934 0.01898
0.45613 -0.17633 -0.63442 2.38781 0.07237
-0.54401 0.18112 -3.15784 0.82047 -0.43491
1.63652 0.72941 -3.16536 -1.1626 -1.92312
-0.57921 0.09487 -2.06796 -0.57395 -0.80085
-2.09677 0.45995 -4.11278 -1.7489 -0.67968
0.31952 -0.8732 -3.20549 -0.9321 -0.07082
-0.39668 0.15434 -1.53275 -0.10271 1.24372
-0.80857 0.86689 -3.13433 2.48231 0.18781
0.07594 -0.55548 -1.56688 -0.75643 0.16085
0.37392 1.61542 -1.33478 -0.69179 0.9489
0.52821 -1.05146 -0.95402 0.05228 1.38232
-0.72979 0.6881 -1.20072 0.30901 1.13961
-0.44188 -0.56634 -0.66331 -1.05827 1.45526
0.31538 -1.99914 -0.036 -0.13933 0.89837
-1.33947 -0.32295 -0.46508 -0.41885 1.24971
0.64378 -0.72927 0.36711 0.14004 0.96988
-1.4419 0.74294 -0.30157 -0.3368 2.03575
1.78711 0.44654 1.39948 0.01191 1.13969
-0.25446 1.16107 1.67643 -0.56088 0.0937
1.28307 -0.41438 0.702 -0.13217 0.50693
0.35437 -0.18897 2.87655 0.64903 -0.85742
0.14234 0.66089 1.41305 1.01104 0.9272
0.93543 0.9522 1.84819 2.30738 1.42726
-2.43779 0.1271 3.643 1.72421 2.68567
1.23019 -0.23353 2.254 -0.86942 2.69353
-0.4461 2.08954 1.80268 -1.10066 1.56485
0.08681 2.98833 2.8417 -1.19884 0.78127
0.56199 3.22901 3.27665 1.6474 1.86744
1.51583 0.30416 3.48833 -0.40094 1.61829
0.68642 -1.0898 3.39097 0.00064 2.45082
-0.38495 0.15958 1.70205 1.08811 2.21341
1.07568 0.63409 1.23316 1.64889 2.53667
-0.80055 2.40802 -0.23661 1.19172 4.59659
0.00537 2.04959 -1.1282 0.33494 2.48237
-0.18515 1.71894 -1.5339 -1.17856 2.47027
0.60344 0.63553 -2.91268 -1.00325 2.05208
1.26482 1.17009 -2.05197 0.90865 0.74019
0.43811 -0.64566 -0.62422 0.17628 0.47221
-0.5275 -0.67957 -0.22617 -0.1937 0.59982
-0.347 -0.78172 0.80493 0.32773 -0.27929
-0.40984 1.18457 1.64696 0.47986 0.83837
-0.5431 0.23719 1.08816 1.19789 2.10567
