1.47949 -1.10441 -0.84567 -0.47911 -0.33628
0.66951 -0.30545 -1.59861 1.50355 -0.37587
0.80602 0.84798 -1.86462 1.05455 0.41044
-0.75074 1.26263 -1.49583 -2.0934 -0.60703
-0.50278 0.49023 0.05219 -1.24288 -1.37672
1.07698 0.71335 -0.30046 0.20945 0.33369
-0.38402 -1.54113 0.94128 -0.37834 -0.87046
1.53227 0.0734 -0.13009 -0.41343 0.46716
0.47149 0.48133 0.31644 -0.12424 0.7011
0.36489 -1.30799 -0.16082 -0.47224 0.33866
0.91211 -0.74392 1.02388 0.36069 0.49673
1.14056 0.5963 0.60908 -0.24993 0.58995
0.26188 1.97502 0.13765 1.23148 -0.51648
1.24029 0.90069 -0.029 0.9864 -0.08175
1.94966 1.3524 -0.75338 -0.45452 0.28716
0.731 -0.6582 0.85619 0.26003 1.00317
2.00704 1.37661 -0.42339 0.8981 1.05524
1.34557 0.24255 -0.33123 -0.43529 0.02997
1.12468 0.14025 -0.06388 0.29837 0.63067
0.03156 0.67966 0.14295 0.73859 -1.11014
0.45466 0.18321 -0.9533 -1.7827 -0.56362
0.9656 0.56373 -2.33948 0.93029 -0.5009
0.49457 -0.06052 -2.05622 0.18767 1.63248
1.13811 0.60934 1.24002 0.66198 1.29649
1.8336 0.8436 -0.02112 -0.86269 0.23287
2.77726 -0.03592 2.03721 1.92777 0.80213
1.47874 -0.37701 1.56152 1.40448 1.37256
0.87281 0.6785 3.2301 1.19793 0.61365
0.31165 1.20453 2.83573 -0.15625 1.60261
0.62696 1.03458 1.85815 -0.56148 0.68911
2.06425 -0.08669 0.77724 1.10752 0.60012
0.18582 0.94179 1.51689 0.25415 0.34911
1.13507 -0.18488 1.77462 1.51906 -0.17684
1.17555 1.14245 0.25117 0.54772 0.89012
2.64337 -0.43176 0.5837 -0.86085 1.94353
1.05481 1.13188 -0.38062 -0.84014 2.57014
-0.10843 0.07004 -0.07168 1.08052 -0.25568
-0.13863 0.40007 0.78745 -0.18904 -0.74895
-0.79245 2.17739 2.10756 0.5727 -0.18151
-0.73644 2.07145 0.37532 0.63637 -1.47953
0.34579 -0.60262 0.37195 -0.60786 -1.86461
0.84328 -0.70942 1.02538 1.01507 -1.27934
-0.47012 1.87217 0.13645 -0.05052 0.70917
-0.66229 1.9539 1.46899 0.01506 -0.07399
0.39888 2.23456 0.94433 1.2152 -0.71305
1.38858 0.09166 -0.64923 -0.35254 -1.73137
0.83348 0.8192 -0.24384 -0.03979 1.29178
0.66064 0.36241 1.3433 -1.22802 0.88214
0.64211 -1.21616 0.17498 -1.4969 -1.51418
-1.53915 -0.92233 -0.15035 0.12786 -1.91475
-1.19587 -0.65524 0.57361 2.08977 -1.11839
-0.60473 -0.18816 1.38023 1.76401 -0.54222
-0.9727 2.59912 0.7041 0.50747 -1.30683
-2.06289 0.69783 -0.69534 0.3039 -1.10256
-0.33934 -0.84004 -0.62744 0.94154 -2.09715
-0.3278 0.71727 0.33795 1.32828 0.58437
-2.57473 -0.00706 0.40098 -0.06942 2.71621
-1.14187 -0.70768 1.43158 0.33386 0.62236
-1.23145 -1.35127 1.40805 1.55297 0.57419
-2.25703 0.15573 0.72785 0.61552 -1.91307
-1.87588 2.46627 1.07168 1.51937 -1.11308
-1.61749 0.98513 2.32954 1.17446 -1.97275
-0.24775 0.53995 2.75748 0.36555 -1.17101
1.42631 -0.08413 2.46352 -1.39535 -1.09659
0.31585 -0.66539 1.15393 -1.83194 0.29144
1.85545 -2.27783 0.06981 -1.07675 -0.52953
-0.20151 -1.01408 -1.32013 -1.71222 -2.69049
0.39 0.15983 -1.26644 -0.72709 -2.41132
0.98364 0.27206 -0.44942 1.08576 -2.47063
0.19344 -0.7438 -1.02182 -1.27225 -1.55442
-1.33143 -1.57852 -1.59203 -0.27839 -0.4215
0.55516 -1.25333 -1.41351 0.55365 -0.81538
0.99061 0.69307 -1.31391 -1.32168 -1.74732
2.29931 -1.86785 -2.12329 0.00228 -1.94032
2.11814 0.3458 -2.81926 0.93358 -1.74617
0.05473 -1.13284 -1.6189 0.17022 -2.62485
-0.48164 -1.83382 -0.68786 1.55102 -3.55221
0.39008 -0.57452 0.33527 -0.24838 -1.9283
-0.64335 -0.27705 -0.76861 -3.17834 -2.11277
-1.25366 1.4019 -0.2936 -2.25839 -4.49771
-0.67275 0.50294 0.15665 1.45441 -2.9915
-0.27857 0.99191 0.17521 -0.64255 -2.42152
-0.18733 1.58351 0.44799 -1.81214 -2.14549
0.22155 0.1718 -0.13275 -1.4853 -2.28583
-1.52744 -0.06338 -0.12761 -1.41849 -1.46224
-0.7543 -2.23392 0.61414 0.31945 -0.13082
-1.44958 -2.47387 -0.69023 -0.3689 -1.17871
-0.76807 0.31233 -0.76597 0.73045 0.49634
-1.27181 1.08087 -0.561 -0.72647 0.29928
-0.58029 -0.68691 0.31164 -2.74734 -0.67804
-1.15554 -1.09302 0.42334 -0.18671 -0.21899
-1.38746 -0.01082 -1.02017 0.7956 -1.10332
0.68181 -0.94437 -0.35318 0.59033 -0.58248
0.38409 -0.30962 0.59818 0.04802 -0.33676
-0.19585 0.28667 -0.20345 -1.54965 0.77835
-1.04132 2.33537 -0.50696 -0.82245 0.17631
1.18332 -0.68999 -0.3432 -0.5215 0.47929
-0.74976 -0.06202 -1.12483 0.74267 1.09786
-0.49526 -1.96966 -1.73033 0.07205 -0.81621
1.15254 -1.89592 -3.0722 -1.67114 -0.01531
-0.06682 -0.85112 -3.87852 -0.08978 1.55285
-0.5237 0.7923 -2.37424 -1.76594 1.27256
-0.34551 -2.04108 0.15623 -0.04656 1.86649
0.53628 0.51737 -0.76051 1.11194 0.36155
-0.55563 0.98687 0.68389 -0.94789 2.11192
-1.22096 1.26942 0.47857 -0.46636 0.20785
0.35594 -1.40042 0.42966 0.54634 -0.48405
-1.15548 0.07266 0.79691 0.3206 -1.73499
0.45096 2.50477 1.84548 -1.63601 -0.56165
-1.02349 1.84559 1.44365 0.40121 -0.62476
2.8779 0.77805 0.80697 0.00453 -0.22474
0.13435 0.15829 0.55553 0.41215 0.07619
2.46411 1.83394 -0.08317 1.57258 0.52727
1.99633 1.7683 1.55706 0.42505 1.187
2.35306 0.56838 -1.13058 0.70044 0.85932
2.35693 1.65667 -0.95927 -0.36174 0.22733
0.85273 -0.01259 -0.03663 -0.3325 2.29384
-0.33489 0.81897 -0.9479 -0.18908 1.82441
-0.45291 0.97037 0.05763 -0.51408 0.88656
0.69126 0.23401 -0.49243 0.84555 1.13333
-1.87903 0.44991 -0.09183 0.31631 3.03889
0.07591 0.47165 -0.89784 -0.42016 0.52854
-0.7577 0.95553 -0.13839 -0.87703 -0.9253
0.00209 1.81423 0.29378 0.02808 0.24406
0.71237 0.89747 1.7028 -1.14933 -0.23668
-1.10275 0.34597 0.19761 -0.36519 -0.48408
0.16795 -0.34278 0.82251 2.41124 1.68319
-1.68407 -0.7517 2.67654 0.93373 2.75283
0.49042 1.78521 1.6526 2.21962 0.33033
-0.06685 0.26136 1.79133 2.18089 0.77464
0.33474 1.2628 2.63839 2.17992 1.46944
0.44836 1.39025 2.33731 0.0954 1.45938
-0.0906 -0.22143 0.85632 0.01729 1.23777
0.05873 -1.4863 1.33339 2.25218 0.68009
1.01798 0.10367 -0.24421 1.9323 2.51948
-1.47279 -0.48699 0.47638 0.95286 0.05703
-0.79572 0.57316 0.43318 -0.11072 -1.092
0.15393 0.91765 2.12248 0.80168 0.37091
-0.69286 0.70602 2.03992 0.75526 0.13036
0.25936 -0.04712 1.45129 -0.25502 2.47352
0.25183 0.39646 2.10126 1.34082 0.10072
-0.03858 0.70552 1.25683 -0.73238 -0.20252
1.54147 1.43485 0.72721 -1.65069 -0.6373
1.02069 -0.72127 -1.10868 -0.05506 0.49366
-1.70784 0.17765 -1.31913 -0.29653 0.7256
-1.43255 -1.0185 -2.45502 -0.50733 -1.53213
0.03049 -0.09781 -1.80141 -1.09455 -1.28642
1.98362 1.03621 -0.99388 -0.75066 -1.17917
0.25801 -0.14082 -1.31561 -0.42521 -0.12585
0.99263 -1.02085 -1.77627 0.52385 -0.00826
0.0227 -1.97973 -3.92194 0.37609 -0.43615
0.38453 -0.46337 -1.27507 -1.15181 0.67234
-1.91202 0.31597 1.0287 -0.99987 -0.34731
-2.56023 1.16149 1.79306 0.06341 1.11045
-1.20286 1.46356 0.72206 -0.62373 0.82042
-0.18187 0.17818 1.23295 -0.6933 -1.01863
-1.60454 -0.08666 -0.1932 0.97198 -1.11106
-0.31283 0.52446 -0.08961 -0.34006 -1.55079
-1.02581 1.17286 1.44181 -0.17546 -1.11701
1.36486 -1.66489 -1.35359 -0.938 -1.46387
1.26159 -0.32775 -1.9504 -0.86023 -1.63023
1.05179 -0.58275 -1.96248 -0.1105 0.18501
0.76289 0.27064 -1.8859 -1.53491 2.59586
-0.05441 -1.26404 -1.05386 0.14189 2.83712
-0.09913 0.98123 0.82889 2.07704 1.33495
0.51413 2.44845 1.16167 -1.00599 0.91115
-1.10546 1.83221 0.6713 1.6663 -0.01572
-0.52319 -0.48878 1.25384 0.41399 2.23753
1.05061 -0.38811 0.17129 -0.52988 1.41794
-0.46972 0.24262 0.22137 0.08661 2.06012
-0.81219 1.49904 -0.51772 -0.81506 2.4206
-0.57706 1.35721 -0.2401 -1.00597 0.67392
0.43292 -1.30316 0.10377 -1.56541 0.97167
-0.7208 -0.42185 0.72626 0.65148 1.32676
-0.45018 -0.55761 0.98853 0.1636 1.43676
-0.19934 0.30534 -0.02681 1.02228 -1.19442
0.9645 -1.55225 0.66517 -0.20428 -2.19851
-0.16316 1.15425 0.1508 0.09076 -0.33839
1.07964 1.44122 -0.2827 -0.42198 -0.62736
1.21314 1.97881 -0.964 0.44697 -1.29344
0.67053 -0.83968 -1.06675 -1.22058 -1.81273
-0.51046 0.01059 -2.11983 1.07517 -1.37862
0.77501 1.24482 -2.96036 -1.4084 -2.00732
-0.49146 0.60669 -0.67477 -1.72095 -1.5673
-2.12658 -1.53705 0.91819 1.92312 -2.08642
-1.43395 1.38739 1.66395 -0.41182 -1.65597
-0.56942 -0.20485 2.36282 0.02247 -0.63406
-0.64327 -1.71972 -0.04771 -0.19268 0.22236
0.21386 0.47845 -0.42057 -0.89595 0.33455
-1.04535 -0.37296 0.95379 -0.15431 0.85729
-0.06541 0.63658 -0.00847 0.28899 1.79175
-0.94021 -1.44552 0.32442 0.67545 0.79478
-0.59427 -0.92038 -0.22083 1.68003 0.32966
-0.50913 0.4878 0.75324 1.15751 -0.21507
1.43459 0.24407 -0.6143 0.43674 0.48809
1.28781 -1.84288 -1.76594 -0.92908 -0.50836
-0.68745 -1.69872 -1.83522 1.35278 -0.98092
-0.74631 -1.19412 -1.23515 0.32771 -1.23101
-1.09606 0.1829 -1.39598 0.21956 1.08029
0.6274 -1.15812 0.75455 1.20124 -1.00287
1.68204 1.16873 -0.94256 0.70062 -2.11363
0.50267 -0.69795 -1.25616 0.7783 -1.52449
1.36765 0.07887 -0.78854 -0.35545 -3.17343
-0.24578 -2.11147 -0.37264 -1.96037 -2.89283
0.15225 -0.60699 -0.03936 -1.51077 -0.79412
0.1889 1.92883 -0.55366 -1.42192 -0.52244
0.59065 0.64721 -0.13493 -0.88852 -0.84082
1.47537 0.88014 -1.01377 0.12478 -1.13524
2.32472 -0.62753 -2.2818 0.14194 1.52445
0.85897 -1.99449 -0.19951 -0.20038 3.46109
1.25326 -0.75068 -0.3807 0.1531 2.04952
0.85411 1.43815 -0.92897 -0.17723 0.42988
-0.85268 -0.45563 0.32987 1.02765 -1.03649
-0.304 1.2806 -0.06728 0.56472 -1.16143
0.34847 -1.3971 1.20087 -0.80635 -0.30116
0.24177 0.95292 0.23153 -0.07816 0.3093
2.19179 0.62571 0.89848 0.83076 0.12044
1.24641 -0.80178 1.54923 0.429 -0.3537
-0.01936 -0.89723 -0.15443 -0.45631 0.14534
-1.414 0.27526 -0.19641 -0.97401 -0.00309
-0.36645 -0.20728 -0.14165 -0.03501 -0.7169
0.35377 0.44512 -0.26023 0.61076 0.20588
0.56901 -0.26936 -0.10092 -1.09927 1.66176
-2.53215 0.12771 -0.28869 0.4049 1.11392
-1.27719 -0.29079 -0.91094 -1.25047 0.26306
-0.73638 -0.96014 -0.18696 0.22142 1.71427
0.05112 -1.64706 0.91739 0.19824 2.52371
-1.14425 2.44532 -1.26921 0.87504 3.09601
-2.19827 -2.28764 -0.90759 1.4537 0.41353
-2.21698 0.0911 -1.97938 1.85529 -0.18875
-1.84104 -0.31525 -0.35029 2.13451 0.88525
-2.12956 0.28503 -0.11716 0.49613 1.6664
-0.92203 0.2438 -0.99969 0.31184 0.38572
-0.14935 -2.17532 -1.26479 2.33087 -0.90696
-0.30479 -0.90197 -2.4897 1.46306 -0.81349
-0.66674 -1.24249 -0.54473 0.0276 -0.49827
-0.14352 0.80523 -0.58791 0.63145 -2.79855
-0.55099 0.02063 0.34979 0.48704 -2.92316
0.73009 -0.65488 1.05749 0.99283 -0.7569
1.97369 1.31517 1.04398 -0.04001 0.2731
0.40628 -0.65185 0.27233 -0.78849 -1.27466
1.45871 0.32574 0.28813 2.58236 -2.94091
0.48637 -0.83284 0.67389 1.08342 -1.12205
-0.59349 0.11441 0.87037 -0.51759 -0.3207
-0.17625 -0.5829 -1.68312 -1.50024 0.02999
0.19746 -0.84921 -1.61938 -1.22218 -0.81917
-0.96463 -1.10391 -1.05526 -2.16756 -0.34302
1.82321 0.31536 -1.11538 -0.63484 0.74479
0.08354 -0.636 0.60821 -1.08182 -1.84812
0.43987 1.94056 0.75581 0.32516 0.1408
0.07359 -1.57206 2.2585 -0.95186 -0.40467
1.11207 -0.97796 -1.60937 -0.53169 -0.97354
-1.00777 0.20429 -0.36076 -0.52833 2.57751
-1.66319 0.98265 1.72981 1.05573 -0.33021
-2.87711 -0.4074 -0.16786 -1.78294 -0.2824
-2.85126 0.98446 -0.34454 -0.7813 -0.99566
-2.85843 1.185 -0.43886 1.08499 -0.59608
-1.80821 0.8622 -0.03861 -0.90055 -0.10587
-1.28657 0.02339 -0.4425 -2.60548 -0.40631
0.01443 -1.23085 1.69434 -0.83368 -0.30356
1.16895 -0.19013 1.3262 0.19377 1.04673
0.33214 -1.16042 1.13428 -0.20043 1.03262
-0.40612 -0.99018 -0.53278 0.35698 0.70952
0.71345 -0.00448 -0.91871 0.64877 0.3772
1.04568 -0.81532 -1.71001 0.5372 0.90683
1.15602 -0.41531 -2.68025 0.05802 -1.53498
1.98867 -1.19749 -2.25906 0.63969 0.2696
0.07303 1.97274 0.39783 0.67716 0.69254
-1.57435 1.78727 0.63178 -1.07295 0.53773
0.436 2.20116 0.51829 0.36698 0.95392
0.62772 0.29145 0.24287 0.15429 -0.99787
-1.47406 0.53812 -0.63734 -1.13821 -0.8352
-0.20869 -1.10901 -0.59434 -0.87392 -1.28084
-0.2425 -1.01929 -0.70615 -0.39226 -0.3475
0.85144 -0.68087 -1.22755 2.13205 -0.78391
0.17309 0.2662 -1.58412 0.37281 -1.29812
2.4115 -1.13168 -1.17644 -0.42668 -1.09239
0.45836 -1.78608 -0.83736 -0.52244 -1.63849
-0.91935 0.65313 -1.51549 -0.36733 -0.3181
-1.22761 -0.07303 -0.28627 -0.37718 0.24667
-1.14875 0.36986 -1.15799 -0.48347 -0.67144
-1.7634 -0.35837 -0.10143 -0.01886 -0.6012
-0.2692 0.6384 -0.42718 0.89793 -1.03065
0.25264 -0.59641 2.00039 -0.31857 -0.74497
-1.84087 -0.24265 -0.03209 1.05161 0.49963
-0.89308 -1.49535 1.52844 -0.52949 0.89343
-1.27335 -0.15999 0.17869 -0.77165 0.51482
-0.13581 0.30276 0.67498 -0.15945 0.27271
0.29652 0.61153 -0.40989 -0.58901 -1.33806
-1.04502 0.92212 -0.75407 1.52738 -0.60962
0.82345 -0.78111 -0.56871 1.8229 -0.69216
0.31993 -0.52952 -0.21884 0.14528 0.69128
2.59939 1.50098 0.61257 -0.29724 0.22694
2.25489 -1.47675 -0.52485 0.90291 2.07425
-0.92374 -1.17852 1.45881 0.73406 0.99232
0.29023 1.31515 0.37389 1.10568 0.81055
-0.82988 -1.18874 -0.62846 -1.97546 -1.75152
0.5771 -2.23285 -0.81301 0.9066 -0.91343
0.60215 -0.84286 -1.98517 1.11433 0.33011
0.5792 0.35659 -1.15246 -0.03998 0.50786
