1.49283 2.69019 3.63311 -0.5956 -0.40703
1.0358 2.07337 3.90235 -0.45753 1.43071
1.9966 0.64831 6.53705 0.02228 0.84617
3.21875 2.64772 5.40593 1.05959 2.39975
3.26664 0.55808 6.28047 -0.96389 2.1934
3.5862 -0.76584 7.65417 0.77698 1.84118
2.40009 0.37521 8.4681 0.81924 2.1753
3.25838 0.73136 9.25164 -0.62745 0.67364
5.33198 1.61106 7.91125 -0.11928 0.47433
4.68893 2.71061 6.28224 0.1074 -0.06897
6.14248 1.61007 7.07557 0.25625 -0.73098
7.8306 1.98541 6.44692 1.62274 -0.60593
8.58244 3.99334 5.22264 -0.94182 0.99121
8.68359 2.64147 6.55137 1.14406 1.67664
8.34986 1.59391 4.62336 -1.23906 1.25161
6.65103 1.32933 3.4182 -0.63287 1.51051
4.72586 0.90264 2.79074 -0.20362 2.12949
5.50666 1.23592 4.81376 0.32365 -0.06814
4.88791 0.02231 3.63122 -0.37667 0.13623
6.06609 -0.55735 5.17209 0.09928 -1.4862
6.3172 0.50594 5.23941 -0.67811 -0.10304
4.84635 0.43733 5.32298 -0.08602 0.42128
5.50859 0.44165 4.49522 0.22267 -0.08981
5.51899 1.78998 4.61139 0.76212 -0.34709
6.67775 2.51043 3.98544 0.69153 0.14751
6.74792 2.77287 3.58371 0.02574 -2.0059
9.11984 1.959 3.32802 1.38159 -1.37278
6.73989 1.49206 3.51984 0.66674 -0.47315
7.10261 2.28723 4.62248 0.15713 -1.09936
6.02129 4.15009 3.79768 -0.53008 -0.57051
6.41702 4.26 5.07302 -1.73008 0.97883
7.07127 4.35848 3.70829 0.24829 0.62187
5.95768 2.39229 4.28645 1.42399 0.68327
5.32009 1.26417 4.63542 -0.32154 1.13708
4.28943 1.81679 4.89001 -0.06574 0.33405
5.45668 1.35667 5.571 0.26411 1.47685
6.30766 0.16399 6.6956 1.33264 1.34773
6.83732 2.60538 6.12275 0.98547 0.60171
4.67946 0.98835 6.18378 -1.24126 0.73045
3.84678 1.22716 6.00597 0.74066 0.89211
2.44056 2.62268 5.03951 0.8557 2.05271
4.62208 2.69334 5.04506 -0.6783 1.7794
4.6094 3.09914 5.20314 -0.06403 -0.02711
6.04613 3.31363 7.19975 1.40867 0.64322
6.16669 1.18932 8.17736 1.49215 -0.31948
6.39161 2.03557 7.5933 1.23202 0.56453
6.18326 2.02672 7.44078 -0.27721 0.64178
6.51856 1.36225 7.96373 -0.73627 0.58637
7.60253 0.52208 8.81904 -0.32498 -1.29721
7.30911 0.5369 8.70402 0.673 0.32055
6.82885 3.92453 8.69564 0.43431 -0.51978
7.70219 3.70079 7.84046 0.41919 0.47318
5.76361 1.2193 8.21786 -1.50009 0.44851
7.9997 2.45407 9.38714 0.15752 1.81135
9.18608 2.13629 8.26242 -0.4315 2.95597
8.66635 2.08398 7.41692 -0.74184 1.21955
8.49256 2.53023 6.47007 1.34232 -0.6465
8.59538 3.03429 4.90716 1.93784 0.51412
9.8489 2.59001 4.75841 1.63353 2.26864
9.14648 2.35284 3.63597 -1.27237 2.07932
8.86091 1.77759 2.30795 -1.07044 -0.48592
7.81936 3.48188 2.16907 -0.65647 -0.61384
7.50866 2.4004 3.0375 -1.02678 -1.1072
6.15192 3.22757 1.37953 0.5952 0.49843
5.7884 0.1385 3.92133 -1.47604 0.03869
5.26534 2.61326 6.45901 -1.69136 0.7605
4.786 2.95506 6.42563 -1.11613 -0.13649
4.10719 2.34662 7.06132 0.50214 0.85972
3.65426 0.92935 5.20211 -0.95404 -0.05465
1.89581 2.28408 6.51235 0.75844 0.81127
2.35614 3.91217 7.20917 0.65027 0.62073
2.66683 1.63519 6.51723 1.31582 0.95085
2.84805 1.3987 6.82567 2.04599 1.77475
3.63409 1.68452 8.3797 -0.3229 0.16008
4.83113 0.72926 6.47609 0.60028 -0.2481
6.4034 2.96204 5.7289 1.74743 -0.05167
6.55324 1.20737 7.25458 2.68809 0.58439
7.30004 2.56786 6.4393 0.46761 0.12931
6.04149 4.12016 5.30509 -0.18562 0.23966
6.4119 2.95259 4.75332 0.88323 1.9847
6.68095 3.2174 4.99653 -0.35453 -0.9895
6.45953 1.87231 5.48451 0.61623 0.02415
7.36158 1.98762 5.53912 -0.86309 0.14767
6.74405 3.45179 6.90851 0.20297 3.26434
5.89123 2.96258 6.30767 -1.17978 0.44087
5.79909 2.91619 5.55431 -0.27995 -0.6052
5.3645 1.95202 6.38732 0.15818 -0.91986
7.12055 0.88402 6.61618 0.00139 -0.35209
7.51356 2.3807 7.10081 -1.39341 0.34101
7.94054 3.74381 5.88216 -0.74928 1.23696
8.76639 2.39494 5.01501 0.40193 -0.35236
8.72106 2.15412 4.84859 0.86168 2.328
7.31822 1.6305 3.89646 0.90089 1.62388
7.20091 1.28845 2.35064 0.37147 0.00655
8.61909 1.23715 3.98868 0.28604 1.18498
6.20906 1.21059 3.84807 -0.64623 0.70643
5.79087 1.77421 3.9553 0.17152 -0.4222
5.00653 1.60289 2.13682 0.90604 2.88554
5.47184 0.16171 3.4624 0.39103 1.79113
5.20503 1.02257 4.60877 0.42002 -0.17287
3.55111 2.41054 4.86094 1.50243 0.28144
3.43619 4.19011 7.13559 1.41097 0.42789
2.82701 3.0142 5.47704 -0.41998 2.43812
3.85923 1.6581 4.95173 -1.16226 2.2814
5.53219 1.9885 5.55304 -1.11183 -0.56353
4.86274 0.264 7.5965 -0.56172 -0.37014
2.86973 1.32334 8.03371 2.1406 -2.1913
5.02862 2.05197 7.71526 -2.32561 0.35929
3.15699 1.02968 6.55073 0.98866 0.0233
3.61458 2.13944 6.158 0.96356 0.26683
5.02607 4.11843 5.29327 -0.06482 -0.54345
5.74692 3.33489 5.04384 -1.07306 -1.05622
6.12578 -0.18696 5.15133 -0.32914 0.46127
6.44931 1.18755 5.10037 0.5673 0.71402
7.5683 4.95631 4.72958 -0.12682 1.55768
7.14906 2.31499 5.40357 1.12339 0.92711
6.12255 3.28848 6.04664 -2.9565 0.26302
4.0439 0.75293 5.55302 -0.16459 1.78474
5.12927 1.48825 7.77862 -0.99315 0.50087
4.63671 1.76063 6.91051 -0.47515 0.70784
4.39522 2.57009 7.50358 -1.78223 0.8421
6.10132 3.17853 7.16537 0.79366 -0.67898
6.49729 1.04877 7.53313 1.16415 0.10755
6.77973 3.83858 7.39006 1.3543 -0.46405
6.39528 0.96291 7.21979 -0.96163 1.51466
6.51341 2.016 5.33673 -0.11036 1.17671
5.89566 1.91022 6.94513 -0.05609 1.04016
5.6955 3.0831 4.33973 -0.90104 2.09035
6.87516 1.03544 5.48684 0.16596 0.9471
6.21201 2.92458 6.05799 -0.94556 0.77623
5.81583 1.19523 6.03071 -1.94207 1.55731
5.82608 1.9279 6.49401 0.47599 -0.93945
4.53967 3.13689 6.42066 0.78876 2.67583
5.27564 3.81087 5.97431 -0.42585 1.34809
5.93785 2.19652 5.39218 -0.36743 1.74993
6.66921 3.44748 6.25824 -1.99537 2.12429
7.29969 2.43929 8.24975 0.71484 1.72353
8.28808 2.84345 8.22815 1.2941 3.05105
7.65628 2.69731 8.62348 0.59906 2.50417
7.53647 3.65397 7.52813 1.86369 0.81462
5.89271 3.12127 7.64334 0.0392 1.48405
7.66728 1.05399 8.06628 2.78005 1.531
8.80403 0.73715 8.24004 1.40504 -1.07248
8.51272 0.91571 8.37536 -0.78503 0.79402
8.03882 1.95701 8.79548 0.93028 -0.33061
9.15934 1.84006 6.24555 1.94485 0.75868
7.61193 3.42903 7.42982 -1.21306 0.6668
7.54479 3.5073 6.04928 1.53196 0.35771
7.42951 1.33105 6.18369 1.15977 0.31727
6.68476 2.15208 6.09197 0.16569 1.81686
7.1125 1.66896 6.0931 0.37547 1.58977
5.54204 3.54963 6.4612 -0.25846 0.30617
6.58828 3.61964 3.81981 -0.15032 1.10898
7.65987 2.35177 5.05084 -0.05308 0.71142
8.02837 3.35061 4.00957 1.15944 -0.37677
6.50301 0.39197 1.58171 0.69914 0.57029
4.91087 1.35034 2.28911 -0.39886 -0.7581
5.22182 1.70484 1.53784 0.84913 2.76322
6.14382 1.36716 2.6096 0.55447 2.05155
5.51556 2.55335 4.24545 2.58859 0.86052
4.51482 3.05932 7.20714 -0.32 1.50945
4.37089 4.21316 8.70985 1.75342 1.2404
6.20815 0.91987 7.98721 -0.28219 -1.55445
4.70966 2.19344 7.77208 -0.18869 -0.76952
5.31162 2.74742 5.84287 0.12343 1.22736
4.30339 4.43365 5.53528 0.4801 1.22401
5.75222 1.90067 6.8385 -0.26737 0.75241
6.37441 3.39184 6.95373 -1.26025 -0.51529
7.15235 1.693 8.36031 0.34685 0.10661
6.16529 1.01649 7.26628 0.9974 1.0496
6.52808 2.11458 4.69506 -0.15006 0.91978
6.45461 3.71687 5.02309 0.34649 0.76132
7.78469 2.99853 6.27628 0.34137 -0.14962
7.59887 2.90936 7.95479 1.50761 1.695
8.00731 2.21971 8.59101 0.09029 2.19594
6.95006 1.01776 6.57372 -1.46158 2.15771
7.91312 1.5746 6.023 -0.19686 0.8303
8.36812 0.65585 6.1106 0.68639 2.70476
7.05824 2.16268 5.37829 -1.04261 -0.20528
7.40382 1.72922 2.66252 -0.71294 -0.54836
8.78858 0.72486 3.21305 -0.75334 1.5919
9.45204 -0.30673 6.19402 -0.166 1.83673
9.87394 0.54173 4.78146 0.58899 -0.64528
9.09602 1.32658 4.17021 -0.86117 0.4134
7.02771 1.04656 5.12333 -0.4332 0.49687
5.58173 -0.87953 3.29806 1.37045 0.51848
4.20472 0.8524 3.25888 -0.18956 1.27371
4.12019 0.81544 3.06043 0.79543 0.13299
3.70495 1.83762 4.88848 -0.94057 -0.44723
4.50999 3.53725 5.70257 -0.05214 -0.77485
6.59127 3.8319 4.87872 0.0669 -0.47703
6.74626 2.56632 5.70355 -0.15945 -1.46877
4.47217 3.30321 6.78238 0.5874 -0.01061
3.25211 3.44741 7.70621 0.75471 0.80643
3.77469 3.45656 7.94413 -0.16214 0.98294
2.99011 0.79394 9.19944 1.98224 -0.28273
4.647 2.6369 8.33027 1.41558 0.44726
4.66351 -0.12894 7.02481 1.43771 1.36533
3.99398 0.81133 8.6386 -1.14222 2.21811
5.56214 2.8659 9.87467 -0.3766 1.1343
7.74192 2.24192 8.53698 -0.20892 1.25965
7.18611 2.61674 9.36753 0.76795 0.17674
4.2951 3.23827 6.28691 -0.01414 0.18247
5.54929 1.55464 7.15926 -1.1199 1.26182
5.67622 1.15855 7.20482 -0.89693 0.90154
5.76893 -0.40246 5.61782 -0.82627 1.43957
6.48834 1.66599 5.78572 -1.37874 0.24679
5.6526 3.08607 4.85628 0.59797 1.25412
5.91759 4.27016 5.71408 -1.49999 -0.01211
6.41098 2.00872 5.69763 1.47599 -0.82193
6.54371 2.85719 5.30019 1.16951 -3.08844
6.85142 4.53651 5.88793 2.15505 0.54272
6.00637 3.44419 7.5606 1.24157 1.58752
4.09621 2.38026 9.15042 1.73799 0.5285
4.81471 3.25052 9.65697 0.5007 2.38878
5.49984 1.12512 9.48863 -0.04701 2.05119
5.02606 1.36367 9.01037 -0.22836 0.89083
4.12154 1.80067 8.29304 -0.87063 -0.01158
3.75195 2.20782 7.4661 1.66365 -1.54357
6.10919 2.87425 9.45519 1.28077 -1.75957
8.00941 2.92513 9.16544 1.32946 0.58838
7.31533 2.86788 8.36722 -0.46702 0.00912
8.09602 2.37628 7.80178 -0.70234 1.34159
8.98035 2.03524 6.06698 -2.50394 0.27116
8.22686 3.23716 4.54691 0.05953 1.88144
7.32304 5.0957 3.91438 0.86722 0.72688
7.43622 3.77014 3.60971 2.22709 1.33536
6.93467 1.76276 4.48336 0.28664 1.82026
7.84275 1.7803 2.8455 -0.19964 3.02358
8.0132 2.08951 2.36403 0.01027 1.51672
4.92355 2.36711 3.98432 0.05796 0.62168
4.81225 2.92379 4.52175 0.01008 0.11572
6.15705 1.78887 5.06073 -0.08386 1.56727
5.74017 2.60336 5.13996 1.23287 2.42441
3.48185 3.028 5.69959 0.23149 1.25519
3.68756 3.46234 6.12897 -0.70972 1.82377
4.38743 4.09274 5.35517 -0.21704 2.96846
4.04095 2.67841 5.91153 2.08764 1.81451
4.87314 2.39266 5.01307 -1.19325 0.38216
4.93775 1.94374 4.81319 -0.12339 0.04346
4.28079 2.01233 6.35979 0.45943 0.66882
5.52705 1.40926 7.42963 1.63751 0.96911
7.46492 0.62061 8.02327 -0.41286 0.21359
7.81938 2.39003 8.44629 0.59238 1.64712
5.97235 3.21023 8.39938 1.02859 0.87402
6.81262 2.50016 8.01536 0.44941 -0.12319
8.02131 3.92161 6.97368 -0.15791 -0.15822
6.69978 0.11373 7.88419 -1.39571 2.56306
7.77708 1.42615 5.65593 -1.07848 2.81549
7.09596 0.15991 5.45183 2.03443 1.86619
6.8749 1.44825 5.63493 1.43994 -0.96954
7.35433 3.10966 5.28279 0.87387 -0.20544
8.31555 2.07141 5.59357 2.14583 -1.5309
8.26964 0.52333 3.92442 -0.50011 -1.98124
5.95752 2.33066 4.58848 0.38421 0.98575
5.90126 1.45594 1.61432 -0.72853 0.11841
5.43769 1.71594 2.12822 -0.83685 2.12703
6.06403 1.06375 3.59544 1.01324 1.48993
5.73109 3.11697 3.68683 -0.62491 0.43164
6.22082 3.88646 3.93512 -1.02667 1.26301
5.77243 4.74604 4.04344 0.52748 2.38846
2.98312 4.39764 5.45856 1.53935 2.0001
4.22558 5.28418 4.38196 0.1369 1.95154
4.34858 3.52983 2.66977 1.50969 1.98503
5.338 3.51611 3.86065 1.12882 1.69182
4.93394 2.1716 2.75151 1.36509 1.9522
5.59371 3.54814 4.73258 1.0807 1.80284
6.31226 2.4264 5.59411 0.84345 1.29417
3.7378 4.54207 5.37981 -0.89914 0.0051
4.32684 4.43465 7.12129 -1.69409 1.40036
3.06147 2.85446 4.25116 -1.37449 1.28559
2.88896 4.72084 5.18981 1.2419 0.22552
4.28009 4.51158 6.4992 0.77146 -0.05103
5.78877 3.461 7.16033 1.09411 -0.35
6.12124 4.07332 9.28281 0.77933 1.17596
5.94788 2.15593 9.6271 -0.52787 0.20267
5.57647 2.03973 9.61145 -1.02273 1.89499
7.63527 1.10654 9.49259 0.78802 3.43288
8.26635 2.66062 9.49995 -1.21773 1.04583
7.51981 4.06879 6.93297 -1.61718 0.56972
6.67194 3.70496 5.6255 0.35358 1.46235
6.44831 1.55612 6.59456 1.16045 1.74176
7.93389 1.11961 7.07238 -0.80178 0.89434
7.60635 1.43008 8.0247 -0.23459 0.8066
5.7453 1.77449 7.22319 0.01924 0.75067
5.80831 1.09347 6.52224 0.53392 0.64737
6.44499 0.76175 7.55364 1.053 -0.16754
7.24961 2.4257 7.3866 -0.08311 1.43517
6.21483 0.71668 7.60741 -0.09892 0.64787
6.45709 0.27918 7.55064 -0.35308 -0.4411
7.21164 2.54152 6.32366 -0.4605 -0.09745
7.93659 1.80796 6.44387 0.43117 -0.95913
8.54303 3.34543 7.7233 -0.52879 0.29606
7.13384 4.01061 6.77239 -1.76751 1.93733
9.80952 -0.04975 4.67042 1.43686 2.12971
10.19152 1.23152 4.70743 -0.12471 2.73137
10.64097 0.28481 4.77376 0.47989 0.58879
11.36629 0.92412 3.92124 -0.75325 0.92065
10.78324 0.89227 5.18703 -1.59145 -0.697
8.91897 0.37615 4.99921 -0.73197 -0.81592
