1.79644 0.07695 0.31016 -1.21348 0.92793
2.12258 0.35394 -0.2934 -1.06979 3.05939
2.54893 -0.42724 -1.36054 -0.57857 0.48757
1.52878 -1.073 -0.70139 -0.28782 -0.10198
0.08109 0.24002 1.2059 2.01434 0.08845
-1.21649 -0.3361 -0.75406 0.85108 -0.06255
0.1987 -1.65658 -1.79452 2.24594 -1.02048
0.23089 -1.16937 0.9881 2.29849 -0.06217
1.13354 -1.42193 2.62535 2.53531 0.18015
-1.69626 -0.95541 1.04162 2.29426 -0.93787
-1.43901 1.22187 -0.52134 1.43863 -0.79691
-0.1487 0.1941 0.10084 2.6071 -1.18428
-1.6788 1.02741 0.92326 -0.02289 -0.55279
-1.75112 1.95991 1.51587 -1.21607 -1.93363
-1.01923 -0.38558 0.72694 -0.60228 -0.94324
0.56257 -1.39309 0.59369 -0.9175 -2.56276
0.82206 -2.3141 0.72368 0.89577 0.18927
1.85378 -0.29317 0.80714 1.46167 0.27268
3.24076 -0.3268 -0.09888 -0.10195 1.01686
0.1009 0.43772 -0.69164 -0.85926 1.55033
0.62105 0.6007 -2.16737 1.40834 2.02341
0.91936 2.80109 -2.13732 0.66434 1.66077
0.57387 3.51676 -2.295 -0.2614 2.22859
-1.35251 2.86065 -0.72619 -1.7042 3.72002
-0.46288 3.53168 0.95993 -1.97095 5.3459
-0.579 2.92112 0.53942 -2.82654 5.82492
2.82213 0.84704 0.27431 -0.64514 5.57551
3.59406 1.96153 0.86341 0.24757 4.70711
4.07954 0.25646 -0.19935 2.21143 4.59041
3.68165 -0.80798 -0.91701 2.26087 5.75849
4.41445 2.08403 -0.333 0.98239 3.75923
1.30516 1.30555 0.34107 0.5271 2.94109
1.37256 0.02482 0.73759 0.84702 3.01239
1.88985 0.83958 -1.13368 1.6235 2.35537
2.90816 2.53737 -0.0094 1.99597 2.54118
3.02958 2.06566 0.21494 2.69858 2.61161
2.39489 -0.48167 -0.40158 3.22938 2.26362
1.18612 0.4737 0.51941 1.22222 2.39689
-1.58088 1.80715 0.93767 1.45986 1.98151
0.54685 0.37723 -0.73017 -1.19851 2.51263
2.77259 -0.01373 -1.04219 0.79505 3.68754
3.24529 1.04772 -0.5904 -0.33976 2.38317
2.2604 0.86797 0.15303 0.16458 3.99502
1.89058 -0.03911 0.15592 1.11487 3.17348
2.65768 0.76394 -0.20684 -0.32203 3.58505
1.22386 1.49388 -0.99239 -1.06315 4.57325
0.84303 0.79829 1.45406 0.8484 5.37932
2.68117 1.44949 -1.94904 1.61203 4.44371
1.67065 0.04288 1.00573 1.68918 4.96286
0.66227 -0.34681 -1.29948 0.34299 6.27234
1.87684 0.95828 0.13675 -0.19895 6.01748
2.77201 1.63993 1.75536 -0.93506 5.86113
3.15918 2.56693 -0.80867 -1.0532 5.28404
2.68246 1.65138 0.9166 -2.12608 5.6829
1.77462 1.41551 -0.81632 -0.89965 5.93362
2.0619 0.94453 -0.39754 -2.83438 7.80566
4.00818 0.53977 -0.40384 -0.65826 7.16622
2.65312 0.29341 1.34202 0.59543 6.79672
2.2284 1.53125 0.4118 0.28727 4.80886
2.63479 2.19613 1.20563 -0.31297 3.56977
1.28771 3.05491 -1.07377 0.2261 1.94973
1.9336 1.8189 0.46704 0.7886 1.94387
1.56347 1.73537 -0.19625 2.30085 1.72303
2.39322 -0.01997 0.6743 1.04227 -0.47199
0.89067 -0.9939 2.1152 1.13063 -0.40629
1.50489 1.19298 0.45734 1.60108 -0.09642
0.4401 2.19348 0.05471 0.36149 -0.93633
-0.51858 0.99304 -0.32232 2.7935 -1.73382
0.93856 -0.23821 -0.0334 1.77624 0.31816
1.22265 1.30598 -1.19722 2.44163 0.74134
0.55045 -0.21516 -0.59559 2.66763 1.07557
1.62734 1.13073 0.46689 1.06898 0.66764
-0.28488 1.0696 -1.03506 0.24038 1.36287
0.99701 1.80333 -0.31156 1.3645 1.10114
0.96524 1.09207 -1.02251 -0.53175 0.30927
-1.1458 2.7436 -0.15273 -0.82693 0.10588
-1.29381 3.01031 -0.19978 0.05269 1.16206
2.36435 3.09577 1.56029 -0.26455 0.78448
1.58558 1.19068 0.51084 0.54702 0.94322
-0.41613 1.10259 0.42718 1.38151 -1.81896
1.22643 -0.83093 0.31115 2.7238 -1.62987
1.56274 0.08979 -1.1079 0.6796 -2.11514
2.41639 0.78398 0.90191 -0.49678 -1.72456
-0.0636 1.41813 0.81061 -0.2126 -0.67453
1.64576 1.34179 -1.22359 -0.73126 -0.73661
1.45727 1.70972 1.06823 0.24372 -1.06392
-0.2953 1.42416 0.71091 -0.49069 -2.57307
-0.83308 1.53407 -1.92908 0.79556 -0.56621
1.25357 1.66355 0.419 -1.03626 -1.35796
3.18706 1.94861 0.08107 0.87025 -1.36018
0.49014 0.89821 -0.34755 -0.59619 -2.17642
2.19563 1.91175 -0.0758 -1.15242 -2.41148
3.60856 1.28339 -0.33105 0.71885 -4.4252
1.7085 0.66834 -1.25439 0.52409 -3.84057
1.60941 0.36997 -0.93881 0.31144 -3.93797
1.99568 0.69087 0.2278 0.2488 -2.63834
1.08086 2.64621 -0.98887 -0.5964 -0.31263
0.80722 1.48908 -1.44321 -1.22413 0.74203
1.25849 2.03881 -0.6976 -0.58674 0.79957
2.50096 1.86114 -1.07869 -1.55605 1.3624
1.53332 2.85274 -1.29567 -1.98574 0.66882
1.15376 2.4271 -1.4848 -1.67472 -0.33012
2.71156 1.79765 -0.70399 -3.84672 0.19405
0.66143 1.95927 1.0867 -3.96648 0.50969
0.1407 0.11802 -0.21369 -2.04319 -0.02426
-0.03603 -0.52629 1.41692 -2.74227 -1.72828
0.13762 1.23212 2.55893 -2.52847 0.56293
0.82869 0.61046 0.45487 -2.87329 1.11397
0.92268 -0.86109 -0.30009 -2.7766 0.95913
0.16196 -0.33558 -1.78389 -2.56682 0.90441
0.595 -0.10842 -1.05692 -1.50591 0.4335
-0.002 -1.07392 -0.56517 -2.94167 0.73861
-1.5295 0.88444 0.27396 -1.86622 0.65728
-0.73375 -0.58516 -0.46665 -1.93291 1.14758
1.46317 0.66428 0.01828 -1.86731 -0.40578
1.79314 0.00395 0.8199 0.76314 1.28586
0.93278 -1.27142 0.60218 1.13908 0.13347
-2.35401 -0.70919 0.30151 0.92626 -0.51623
-0.26266 -0.96295 0.30213 1.43264 -0.58829
0.83109 -0.32127 -0.02027 0.12806 0.507
0.39188 1.7811 -0.03878 0.13154 2.17276
0.58916 1.25776 -0.1174 -0.28251 1.33927
1.08299 1.0804 -0.91106 -0.30612 1.95545
1.53152 1.14506 -0.32082 -0.12691 1.6719
-0.31522 0.49403 -1.87497 -0.68987 1.07466
1.89574 -0.49027 0.11951 1.10936 2.20548
2.33628 -1.46829 -0.70334 -0.50413 0.76367
2.05335 -1.29578 -2.28609 0.80634 1.11144
-1.00246 -1.20599 1.35594 -0.62972 2.1259
0.1292 -0.97089 -2.57357 -1.25885 1.98389
2.69514 -0.64952 -0.00702 -1.71757 0.90294
0.39243 -0.37253 -0.83895 -1.13518 0.91161
-1.65105 0.34336 -0.12777 -0.40003 2.05119
0.3847 -0.55303 -0.24624 1.27834 2.11993
1.32179 0.41855 -1.4235 -0.14385 2.45599
2.2011 1.12565 -0.02345 0.36901 3.07663
2.47063 -0.63684 0.24479 0.7657 1.19751
0.80112 1.4792 1.05244 1.64619 2.09846
1.06499 0.37466 -0.18871 0.09122 2.15711
0.89629 -0.1222 0.87422 -0.40693 2.55508
1.608 1.0672 -0.63111 -0.25794 1.97469
-0.2371 0.39735 1.50641 1.21511 0.20157
1.21584 0.0968 0.18124 1.97225 1.10525
1.77672 1.05965 1.93303 1.52489 -0.83247
0.72339 -1.98771 0.86227 1.29499 -1.13247
0.73155 -1.33067 0.63814 1.04996 -2.04958
2.16723 1.54238 -0.1341 -0.06324 -1.63452
3.86599 1.10404 -0.21474 0.65629 -3.19132
2.05358 1.80933 0.1647 0.70763 -3.6674
0.62217 3.51851 -1.34101 -0.20269 -3.17771
1.05934 2.25927 -0.28697 0.70376 -0.83178
1.52191 1.60275 0.1855 1.05387 0.0643
-0.09325 0.19886 0.0927 2.03325 0.58048
1.47743 0.74415 -1.20696 1.10009 1.60733
0.42037 1.24622 -1.73173 -1.08851 1.36939
2.22879 1.08618 0.58669 -0.21124 0.20094
0.79485 0.60428 0.27519 0.84321 0.45663
0.81914 1.73176 1.78783 1.60891 1.61613
0.1369 1.78438 -1.80537 1.61348 1.3769
0.79985 2.18271 -1.13842 2.02416 -0.09929
1.16653 0.24512 -1.32047 2.05451 -2.19948
0.71901 -0.26062 -1.12124 0.66021 -1.36868
0.60012 -0.72328 -1.29423 0.81233 -0.12696
-0.06485 0.2131 1.63095 2.54469 -0.63856
0.5298 0.42017 -0.30462 1.18886 -1.31651
-0.12242 0.21703 0.14958 1.8747 -2.03235
0.55451 0.72713 1.34605 2.1622 -2.01511
0.80381 0.05128 0.22228 0.68581 -2.11515
1.44899 -0.35359 -1.08607 0.44108 -1.05805
2.39384 0.29444 0.29372 2.52843 0.55538
1.20141 -0.46462 1.73394 1.26957 0.83793
-0.69284 -1.48583 0.69832 1.09435 0.15549
-1.04703 -1.84809 0.58241 -0.26007 -1.07895
0.25542 -0.57969 -0.98302 1.07971 -1.27385
-0.16508 0.22933 -0.68017 1.5766 -1.97205
-1.06692 -1.24538 0.19996 -1.53132 -2.38693
-1.31884 -1.74993 0.36344 -1.74566 -2.07732
0.73476 1.46722 -0.09807 -1.41584 -1.81278
1.96273 1.27825 -0.73011 0.10457 -0.55344
1.02237 0.18956 0.15167 -0.32204 -0.66299
1.54203 -1.65765 0.77925 1.72515 1.3034
1.16169 -1.766 -2.44677 1.26906 0.48645
0.24594 -1.12527 -1.97041 0.38374 1.12381
-0.44034 -0.76167 -1.22225 0.86407 0.32179
0.64524 0.05118 1.43156 1.06266 -0.75485
0.29052 0.0483 0.71921 0.23359 -2.59708
0.2872 -0.44751 -1.00243 -1.05156 -2.31243
1.38155 -1.35701 -0.94369 -1.14852 -1.72487
0.93924 0.56385 0.45538 0.15829 -1.18225
0.3929 1.86422 1.20144 -0.58558 -2.42722
0.27488 2.1696 2.13145 0.38059 0.09758
0.06781 2.36697 0.52985 0.01464 0.03735
-0.16151 2.33397 0.44688 1.89625 -1.14423
1.50944 1.26976 0.10537 0.70308 -0.62774
1.02888 1.36818 1.52885 3.2132 -1.83655
-0.51158 1.72488 1.0881 3.6821 -0.73323
1.5702 0.68241 1.22935 2.38118 -1.33571
0.4273 -0.14113 2.81051 0.54805 -0.70576
1.95644 0.4666 1.49704 -0.60482 1.30782
0.7898 0.2361 -0.16395 -0.20186 -0.39481
1.85049 0.72303 0.76851 1.52823 0.17135
2.5671 0.74271 -1.60432 0.28147 -1.00373
1.84108 0.81807 -0.18427 0.655 -2.2149
0.32839 1.1444 -0.58322 0.42945 -2.07424
0.91456 0.28397 -0.13228 -0.56397 -3.78434
1.12437 -0.97399 -1.20372 -0.34078 -3.54824
2.48698 1.07246 -0.62515 -1.1481 -2.28136
0.64069 -0.45918 0.65918 -1.17234 -1.31729
0.61662 -0.25664 0.69945 0.59843 -3.69828
0.06023 1.11694 0.51629 0.95475 -3.0435
-0.14402 1.64539 -0.33078 0.8759 -3.01947
1.44399 0.39248 0.41646 1.9823 -3.32687
3.03115 0.54375 -0.25221 1.70807 -1.81686
2.66136 -0.69388 -0.65387 3.24054 -2.29483
4.44366 0.52571 -1.92194 2.65441 -1.41112
3.53923 0.87831 -0.3626 1.91954 -2.1617
2.14741 0.0552 0.59289 1.75421 -1.05026
0.54178 0.18228 -0.95294 1.53198 -0.867
-1.0309 1.43018 0.6081 2.66954 0.03359
-1.4266 1.98317 0.39259 1.46959 2.14903
0.13284 0.6195 0.55664 0.27048 2.20638
-0.97466 1.52352 -1.11222 0.04403 3.00427
0.23569 0.08932 1.35017 -0.53675 2.03184
1.42755 1.66523 -0.5848 -0.5374 0.44349
0.62865 0.44638 -0.00704 -0.42677 -1.36871
0.58441 0.71677 2.68556 -0.08896 0.36845
0.66359 0.95606 -0.51907 0.01076 0.62362
-0.54164 1.82161 1.58246 -0.32541 -0.2068
1.70931 3.07871 0.14117 0.83036 0.13211
0.65022 0.95598 -0.47165 -0.63838 0.70707
0.99841 -0.88928 -1.21218 0.15513 0.8574
0.40597 -1.67053 -0.26874 -0.24473 2.73202
1.82353 0.31045 -1.40197 1.0224 3.14469
2.10633 -0.3355 -0.01628 -1.31931 0.43562
0.23572 0.8243 -0.32517 -0.18323 -0.22839
1.72062 -0.43982 0.43781 0.81558 0.02349
-1.8063 1.78646 -1.51177 1.06846 -0.41345
0.60578 2.27908 -0.77786 1.14021 0.53665
-1.10452 0.85753 0.93077 1.1422 0.07373
-0.77654 1.1347 0.22166 -0.46382 0.28895
-0.3744 0.52692 0.05206 0.34513 1.00106
0.68888 0.93933 1.43061 1.12305 1.72877
1.85449 0.49583 0.07193 1.32477 1.26935
0.43266 1.48118 0.2307 1.2392 1.54219
0.06292 2.10308 -1.00395 0.35606 2.78132
0.94718 1.43628 -0.16242 0.21948 4.06664
3.49875 0.40284 0.52142 0.41206 4.35873
2.82972 1.7692 -0.56311 1.25395 4.34131
2.38398 1.08023 -1.11549 0.28009 3.91561
2.49317 -0.31495 -0.82377 -0.25131 3.01525
1.15479 0.55155 -0.54671 1.35165 4.87325
1.46729 2.21256 -0.24649 0.88996 4.64884
0.26768 -0.49186 0.7447 -0.09004 4.12662
2.89411 0.12727 -0.14762 -0.27592 4.42508
2.63626 0.22138 -0.10088 -0.19875 3.7268
1.92652 2.35371 0.46904 0.76273 3.70551
4.26975 0.46938 0.71315 0.37149 2.69146
2.4806 -1.10878 0.12083 1.09599 3.75554
2.25092 0.60432 -0.90035 -0.18584 4.08913
2.82502 1.38872 -0.23819 1.30302 4.17279
0.81663 1.93802 -0.84306 1.63367 3.26186
1.58164 2.65564 0.61474 0.43705 1.536
0.873 -0.22002 -0.23028 -0.30471 0.94121
0.6874 0.07649 -0.83599 0.84318 1.34248
0.76667 -0.62299 0.67511 0.89173 1.14049
1.5396 -1.03025 0.59812 0.32263 -0.76895
0.84951 -0.38335 -0.95904 -1.9388 -1.80762
2.13671 1.05132 0.66453 0.15227 -1.76135
2.84065 2.07171 -0.62632 -0.1406 -3.51032
2.9466 1.69094 -2.08767 -0.75726 -1.91866
2.19417 1.92767 -1.25992 0.04537 -2.2972
0.40594 2.49075 0.5402 -0.50719 -2.00898
2.22634 2.8508 0.08078 -2.10965 -2.01463
0.26828 2.30007 -0.35202 -1.16082 -0.24204
1.01713 2.47172 -0.6611 -0.04585 -2.84276
0.74258 1.30501 -1.22509 0.53626 -4.01478
1.10304 1.3714 -1.54231 0.36513 -5.00245
1.76026 -1.56472 0.30757 -0.10683 -3.35098
2.49521 -2.60103 -0.19501 -1.50298 -3.26919
1.28821 -0.30497 -0.42478 -1.15871 -4.872
2.61604 -1.05743 0.09566 -1.24192 -6.74672
0.69138 -1.67661 -2.75322 -2.59942 -6.50551
1.23272 0.19609 0.4674 -1.24399 -7.8212
1.09301 0.14953 -0.88359 -0.09669 -6.40451
-0.18767 1.36506 -0.83911 -1.16375 -6.34628
0.43992 0.36176 -1.33143 -1.8234 -4.21933
2.28741 -1.00299 -1.3082 0.23888 -2.32515
0.36106 -0.48825 0.36039 0.00722 -0.1135
1.21885 -1.65319 0.2932 1.88264 1.00168
-0.94597 0.0716 0.23376 1.84905 1.60435
-1.07427 1.47921 0.66397 1.12882 2.22085
-2.0457 -0.12235 0.17725 -2.65436 0.69675
-3.09457 1.18621 1.85391 -2.59599 -1.06152
0.68591 -2.11649 0.13773 -0.97676 -1.50702
1.47864 -2.75522 0.37812 -1.18921 -0.13657
0.71466 -3.60813 -0.83413 0.29747 -0.87128
1.15352 -3.80503 1.9332 -0.59337 -0.72401
0.77236 -0.35074 1.36905 0.90943 -1.79325
2.26028 0.52949 -0.78935 -1.556 -1.19508
1.19169 1.25552 -0.4817 0.68492 -1.3259
