1.39379 1.29662 0.10767 -0.79114 0.23533
0.44633 0.38591 2.23122 -1.64737 -0.17291
2.63417 0.97567 0.48034 0.71637 -0.99514
1.54761 -1.31935 -1.06925 -1.15953 0.07045
1.80713 3.19112 1.18457 0.43162 -0.5831
1.35657 0.12122 0.12061 -0.04072 -0.07548
-1.21573 -0.08756 -1.55956 -0.56151 1.70348
0.63984 -0.97056 -0.19181 -1.16637 0.03591
-0.98306 -0.0455 -2.67942 -0.17303 1.61635
-1.90531 -0.02897 -0.61305 1.48042 1.16057
0.10784 -1.58104 0.52068 0.34024 -0.8214
-0.51536 1.35431 0.12995 0.27056 -1.46649
-0.26057 0.53219 -1.69952 -1.79011 -1.23548
-1.17726 -0.49913 -0.06298 -2.41865 -1.75064
-2.47284 -0.83042 -0.59557 -0.25292 -0.36458
-1.0159 -0.36439 0.31918 -0.96043 0.37477
0.40639 -0.55073 -0.95177 -1.241 0.14491
-0.49732 0.25841 0.25911 -1.50162 -0.1749
-1.75118 0.41098 0.92701 -1.10512 0.56779
0.04759 -0.0017 -1.04438 -4.54467 0.26289
0.71747 1.359 -0.8018 -3.18707 1.37432
-0.94955 -0.39911 -0.38465 -1.71805 0.68733
0.96556 0.26359 -1.6237 -0.72582 2.1222
0.63129 0.949 0.02456 -1.04985 2.72041
0.88963 -0.00504 -0.96146 -1.27414 1.57137
-0.49472 -0.05182 0.67525 -2.02848 -1.44639
0.29794 0.8784 -0.70106 -1.69188 -1.6189
1.12055 0.34391 -0.27949 -0.71783 0.40494
1.25503 0.1416 0.72796 0.14544 -0.84139
0.78631 1.71133 0.30962 0.57799 0.6177
-0.3024 0.65461 -1.99689 1.08372 1.32032
0.90272 0.10433 0.16872 2.90836 1.54233
0.19181 1.21821 -1.14749 1.97632 1.44539
0.29971 -0.43578 -1.36473 1.89861 -0.61851
-0.27113 -0.33567 -0.70493 1.82797 -0.45971
0.52138 0.17815 0.37503 0.19712 -0.11264
1.92458 1.4961 0.48072 -0.01322 0.59643
-0.55594 -0.18867 0.58382 -0.93122 -0.05322
0.11425 1.79885 0.31891 -1.57573 -1.04229
0.10891 0.92723 -1.29731 -1.3134 -0.6355
0.47859 -1.37917 -1.64243 -2.298 0.99969
2.41067 1.35043 0.11031 -1.04431 -0.23778
3.48949 0.56805 -1.11018 -0.88393 -1.2154
1.24912 -0.42369 -1.05938 1.0745 -0.0229
1.61163 -1.30447 -2.07275 1.46439 -0.92352
-0.90402 0.44275 -0.5546 -0.77961 1.4917
0.09952 -1.30905 0.54493 0.73154 2.18207
-1.24452 -0.53972 0.3388 0.92694 0.4458
-1.03699 -0.82104 0.0289 0.13942 -0.5596
-0.03847 -0.14119 1.72882 1.75382 2.76541
0.04652 0.56388 -0.47263 1.71703 3.21822
-0.03054 -1.19516 -0.69408 -0.58456 1.87288
-0.40626 -0.08914 1.09178 -1.57481 1.06708
1.81544 0.16708 1.36759 -1.51824 0.78873
1.83357 -0.85454 -1.03703 -1.5257 -0.26903
2.24632 -0.10534 0.82155 -1.84503 0.64432
0.24431 0.00477 1.20293 -2.18331 0.80979
-1.34718 0.06573 0.27037 -3.86599 -1.36624
-1.89183 0.6219 -0.36378 -4.16207 -1.6475
-0.79193 -0.70712 -0.65687 -3.94079 1.40381
-0.01254 -0.57723 0.58482 -1.92693 2.04366
0.50512 -0.25915 0.86118 -1.02532 1.40175
0.6482 2.22583 1.75271 -0.36399 1.4956
1.74915 1.11948 0.61711 -0.54363 0.07133
1.424 1.88962 1.39515 0.62513 0.36
1.31849 2.66903 1.28515 0.31667 1.20233
1.4457 -0.81351 0.32277 -0.83158 -0.39738
1.70814 -0.26177 -0.94762 -0.69532 0.53776
2.71527 0.89231 -0.3254 -0.76341 0.109
1.60516 -0.8813 2.10928 -1.01744 1.91117
0.77047 0.27501 1.0005 1.17479 1.05756
-1.96775 1.01696 -0.84077 0.75775 1.22777
0.59205 -1.74066 -1.49166 1.25007 1.04939
0.4192 -1.08866 -1.53267 -1.70978 0.46324
0.93527 0.51187 -0.82671 -0.92004 2.22074
0.62416 0.50941 1.37671 -0.43519 1.82522
0.81953 1.60301 -0.80125 0.23776 1.7793
0.12069 1.00207 0.591 -1.01825 2.14352
-0.09868 0.94025 -1.2277 0.9562 1.2659
1.28851 0.80647 -0.23523 0.01362 0.59461
0.08422 1.36489 0.76107 1.2188 -1.51749
-0.77394 0.4002 1.62941 -0.61185 -1.94793
1.99521 -1.18996 0.80424 -1.18629 0.40528
1.88457 -0.85618 -0.27144 -0.80908 -0.24893
1.74884 -1.55139 -1.03657 -0.74082 0.86673
0.80135 -1.1894 -0.72425 -0.45789 0.11741
0.92817 0.10356 0.93546 -0.30484 0.55535
-0.6279 1.8544 -1.23414 0.49313 1.05872
0.32926 0.92166 0.06927 0.5154 3.07029
1.59777 -1.27027 -0.5471 0.80837 1.6291
1.3578 0.07487 0.71682 1.09168 2.52734
0.72843 -0.34238 -1.3152 2.31356 1.33244
1.80961 -0.17255 -1.09226 2.19136 -0.08544
0.69324 1.39561 -0.48033 -0.10531 -0.6701
1.5842 -1.32756 -1.35377 0.1569 0.41252
2.47745 -0.0648 -0.50706 0.61733 0.80272
0.92662 1.36507 0.0435 0.38998 -0.85909
0.45961 -0.49395 -0.87282 1.04295 -0.52902
-0.86049 -0.81551 -0.94433 0.23312 0.23178
1.71134 -0.22854 -0.23706 1.37925 0.94229
-0.05125 2.74808 0.73235 -0.06222 -0.37328
0.19991 0.3101 -0.1211 1.09538 -0.07846
-0.62196 0.93515 1.06379 -1.20627 1.09525
-0.9643 -1.99126 0.33666 -1.08536 -0.61826
-0.59449 -1.25348 0.25858 -1.76669 1.9303
-0.85621 0.2757 -0.80983 -0.81528 1.23685
2.17709 0.06985 -1.70394 -1.26021 1.02573
1.76483 0.84959 -1.62982 -1.27884 0.62835
2.79342 1.1578 -1.23097 0.00847 -0.58646
0.7768 -1.51075 -0.2628 -0.36628 -1.28784
-0.08462 1.81289 -0.43373 1.73752 -1.56539
0.00803 1.63794 -1.51576 1.34208 0.02444
0.70783 -0.50935 -0.30055 2.44506 0.80605
-0.18728 0.55257 -0.04157 0.35268 0.60218
-1.56853 1.34714 0.17406 -0.44584 0.44365
-1.07901 0.19505 -0.14124 -0.92757 1.70581
1.36141 2.4291 0.41389 -0.87932 1.04838
1.09895 1.31998 -1.33117 -1.15094 1.68005
1.7476 0.40365 0.01385 -2.08552 -2.17451
2.37915 0.30563 -1.60922 -0.27081 0.5808
3.51775 0.32406 0.6154 1.12488 2.35605
2.03175 -0.6906 0.83649 2.27591 0.97079
1.17598 1.09946 -0.02098 0.20037 2.55093
2.33106 1.81938 -0.3874 1.27992 0.49773
2.61781 -0.05633 1.08233 4.01078 1.37459
1.6108 0.76477 -0.52374 3.35714 -1.06083
2.41384 0.92485 0.08035 3.66116 -1.98663
0.15789 1.11573 -0.30845 2.95985 -2.24764
2.20585 -0.62519 -1.7178 1.38617 0.23788
0.50429 1.63307 -0.58204 1.66962 0.36655
-2.56959 1.75463 1.14767 1.31946 -0.2663
-2.17986 0.26879 0.93729 2.30874 -1.12747
-0.6693 1.66206 0.14159 0.49056 1.40902
-0.61387 -0.66217 -0.36494 0.05566 -0.49684
0.79185 0.20863 0.93463 -0.97698 -0.57457
-0.36464 -0.38008 0.21966 -1.55453 1.11525
1.56337 -0.11185 -0.48223 -0.69406 -0.49835
1.68264 -0.17396 -1.56229 -0.8662 -0.80298
1.75714 -0.78316 -2.7287 -1.98867 0.02597
2.32002 0.33313 0.90882 -1.38932 0.68249
0.16491 0.2954 -0.77191 -2.18673 1.06922
0.55228 -0.03963 1.80964 -1.53158 2.46928
0.65647 -0.76138 1.67982 -0.87125 2.88541
1.90169 1.18578 1.51677 -0.21289 1.56414
1.76242 1.05402 1.02361 -0.2937 0.20563
3.0493 -0.82579 -0.96412 0.22264 -0.06963
1.81667 1.73801 1.78857 -0.49637 -1.42584
1.2631 -0.10954 -1.31141 1.3343 -1.65044
1.16869 0.57094 -0.64889 0.82807 -0.77083
0.05258 -1.50532 -0.04274 0.53805 0.99404
-0.35748 -1.51368 1.21399 1.63023 2.47147
-1.07393 0.8947 0.89244 1.66988 0.79969
0.09426 0.65765 0.80808 0.00158 2.30851
0.06892 -0.6757 -1.25129 -1.23639 1.89726
1.5763 -1.08303 0.55157 -1.96779 -0.28529
1.42723 0.01613 0.81145 -2.67279 0.76601
0.93955 -0.17153 0.83294 -2.11901 -0.67694
-0.00647 -0.87007 -0.23419 -1.98377 0.07014
0.45347 1.80085 -0.52547 -0.99537 1.32203
0.58331 0.70544 -0.67437 -1.45026 -0.80209
-0.11425 -0.15106 -0.48956 -0.72841 -0.40611
0.7507 1.45584 0.01322 -0.65601 -2.00485
0.684 -0.1249 0.71877 -0.08389 -1.88624
1.34961 -0.00157 -1.1692 -0.24559 -1.24786
-1.39814 3.19008 1.38732 -0.33922 -3.10343
0.21075 -0.18777 0.84778 0.16431 -0.73917
-0.54622 -0.27365 -0.48799 0.89146 -1.92407
-0.52401 0.89177 0.11255 1.24792 -1.63136
-0.20792 -0.78841 1.74946 0.0436 -0.73133
0.98969 0.9502 1.06757 0.70429 0.27131
0.54789 0.00555 -0.43032 -0.22764 0.31287
1.80684 0.92678 -0.14802 -1.5918 -0.24865
-0.0271 -0.5843 -0.99227 -0.51185 0.6766
1.61244 -0.97521 0.48589 -0.06763 -1.23878
1.44735 0.40069 -1.80712 -0.13905 -0.86941
0.79144 -0.76351 0.6562 0.82189 0.40316
0.54311 -0.27063 -0.86357 0.56574 -0.34679
1.39525 -1.09981 -0.30184 3.02135 -0.17647
0.85929 -1.35578 -0.31555 1.98283 -0.11485
-0.71417 1.22135 0.51643 1.47681 0.93001
-1.39711 -0.23785 -0.86253 -0.41814 -0.25553
-0.56024 1.83597 -0.92101 -0.29626 -2.02782
-0.13492 0.70079 1.35499 -0.15823 -1.19769
-1.57799 0.46844 0.42215 -0.35979 0.00367
-0.78676 -0.84634 1.19197 -1.68746 -0.40604
0.01484 0.08697 2.74791 -1.40679 -0.13184
1.7741 -0.98615 0.4489 -1.0998 -0.32501
1.50087 -1.69874 0.80511 0.19262 -0.21384
-0.94627 1.34094 0.20478 0.83073 -1.68693
-0.56018 -0.26931 1.57539 1.01646 -1.26415
1.57928 1.69789 -0.4543 2.11625 0.38248
0.45054 -0.23389 0.48847 0.35816 2.511
-1.08673 -0.60497 2.13731 0.97169 3.01576
0.16636 -1.30426 1.2325 1.72098 0.10298
0.64375 -0.23483 -0.47998 -0.55814 0.61589
0.59034 -0.0644 -0.36506 -1.34955 0.48382
-0.18342 -0.06637 -0.30592 -2.30473 1.2422
0.10284 0.31271 -0.34885 -4.27818 1.91059
0.15676 0.47467 -0.15889 -3.8855 -2.57125
0.2123 0.21098 1.86598 -3.32103 -2.66178
2.31279 -0.07245 1.44455 -2.85079 -0.46251
1.62807 1.36699 -0.09054 -3.95813 0.7193
-0.76572 1.10218 1.285 -1.72489 1.06569
-0.21177 2.69231 0.10082 -0.93641 0.79037
0.75196 2.20417 0.78769 -0.31041 1.69875
-0.85673 2.64893 0.05804 -1.09739 2.88418
0.7914 1.04341 -0.01648 0.76567 0.78581
-0.02237 1.06377 -0.13557 0.35012 1.86615
0.44422 -0.35358 -0.79597 -0.98289 0.88412
2.01226 -0.33619 0.39797 -0.08909 0.80913
1.71412 1.09233 0.09738 -0.36945 -0.5297
-0.4575 -0.2353 -0.61181 -0.81359 1.19797
-0.98029 0.03347 0.62907 1.05098 0.83313
-0.71205 -0.30024 0.54828 0.65532 0.99676
0.11849 -0.90703 -0.81976 -0.27155 2.71453
2.42978 -1.71238 -0.65466 -1.88991 1.82893
1.01814 -0.12592 0.02671 -2.37233 2.33841
0.8376 2.33142 0.01243 -0.63688 3.20547
0.58902 0.38036 0.13507 -0.60028 0.78303
0.98657 0.71158 1.94348 0.54575 2.5762
0.04807 0.88684 1.34619 2.10546 2.3393
2.78435 2.23211 1.61494 4.58904 1.06494
2.63593 1.52285 0.68848 3.01161 0.61473
2.76611 1.16757 0.77778 2.06736 0.43829
1.37288 -0.7347 0.53744 1.66349 1.13306
1.06447 1.51067 -0.80975 1.40337 2.9844
2.26112 1.36344 -1.24982 1.52739 1.39106
1.02617 0.08524 -1.20762 2.76692 2.52323
-0.1902 0.08462 -0.12333 3.17342 2.73369
-1.0139 -0.15648 0.77379 3.7561 1.55669
-0.51248 0.86369 -0.27487 2.63369 1.2702
0.70821 0.97559 -0.50312 1.25674 0.73531
1.92958 -0.08184 -0.66379 -0.27629 0.84778
3.80975 0.55043 -0.37393 0.35131 1.32394
1.35727 2.04101 -0.015 0.12659 -0.42593
1.07314 2.25992 1.32179 1.59762 1.09014
1.5721 1.27142 0.37577 0.89677 0.71994
1.34985 -0.63362 1.87778 -0.82669 0.73197
1.97414 0.31916 -0.79212 -0.1609 1.15906
0.4569 0.14945 -0.14968 -0.03725 3.28257
0.36839 1.54125 -0.6288 0.73192 3.39312
0.31455 1.82941 -1.31261 -0.11107 1.39141
0.30508 1.25355 0.17854 -1.1086 1.74234
0.70626 0.01402 -0.29754 -1.09081 1.32848
0.43178 1.17753 1.88539 -1.10131 1.33724
1.78677 1.24154 2.50568 -1.33783 0.61335
2.01846 0.73948 0.60265 -0.90561 1.47686
2.7967 0.07754 -0.25833 0.14979 1.15261
2.23587 1.1275 0.31143 2.3163 -1.37813
0.85784 0.4387 2.09431 2.57698 -0.38947
0.73876 0.0468 -1.32204 1.52608 0.86557
0.91681 1.81748 -1.57819 1.99207 1.37025
1.36228 -0.19824 -0.61722 3.52498 2.97703
0.99607 1.33603 0.23304 2.73736 0.82994
1.00158 1.67841 0.29058 1.86626 1.28662
-0.18456 -0.15278 1.42007 2.06788 2.81704
1.26292 0.58084 1.83866 1.0899 2.28477
2.36964 0.66881 -1.09158 0.62255 0.75576
2.16967 1.32711 0.40269 -0.1294 1.90657
-0.09228 -0.44333 0.42899 -0.12991 1.46234
-0.60097 0.4473 1.59878 0.69695 0.34893
-0.31235 -0.0947 0.81001 2.04803 0.38313
-0.75796 -1.8493 0.12727 2.42784 1.24893
0.76594 -0.44544 0.06601 2.08895 2.16627
-0.57048 0.89136 0.22888 -0.08685 2.64075
0.7426 0.99401 -0.19892 -0.78113 2.03601
-0.32313 0.26558 0.92522 0.29482 -0.28798
1.33314 -1.53048 0.06579 1.03635 -0.40379
-1.21892 0.54581 -0.15356 -0.16933 0.48724
0.85371 -0.79751 0.97183 -0.58387 -0.43654
1.4285 1.13373 0.08313 -1.80147 1.95136
0.87333 -0.63721 -1.40989 0.03874 1.49934
0.01726 -0.12764 0.00207 0.45017 1.71278
0.89723 0.32583 0.71844 0.97891 1.64145
1.19634 -0.43198 -1.49279 1.61038 1.10401
0.53238 -0.45998 0.33605 2.4439 0.08682
-0.21397 0.06197 -1.46469 1.17041 -0.70881
0.20376 -0.14163 -0.27311 1.55509 0.55558
-0.0207 0.61063 0.85174 0.24222 -0.11871
-1.31591 0.78916 0.42623 1.82601 0.05594
-0.95454 1.48971 0.3374 -0.16628 -0.49151
0.96396 0.60898 -0.36379 -0.53795 -0.60669
-1.10645 2.40916 -0.01999 -0.90384 -0.35677
0.13868 -0.46976 -0.18313 -1.96225 0.27564
-0.27128 2.27865 2.33543 -2.1465 -0.81246
2.16901 0.79401 -0.28167 -1.68675 1.08112
0.97444 -0.45077 -2.94065 -0.69427 1.43355
1.19578 1.0133 -0.40388 -0.09249 1.0685
0.5804 0.40102 -0.98134 0.66359 0.02178
0.08412 -0.16169 0.79722 0.05825 1.02317
0.05392 1.74747 0.92784 0.06926 -0.30692
-1.14381 -0.58217 0.0228 -1.01683 -0.37205
-0.58512 1.20542 -0.45372 -1.57535 -0.22889
1.04758 1.3124 2.39868 -0.1124 -0.68513
0.34341 -1.0897 0.4753 -0.89133 -1.20272
-0.02563 1.47483 1.1282 -0.78546 1.17494
0.17635 1.01652 0.19313 0.03503 1.39593
1.0459 -1.5829 1.1855 0.84522 1.16497
1.69227 0.43995 -1.84181 -1.15547 -0.17996
0.02689 -0.01576 2.08204 -0.13673 1.3788
