-0.10952 -3.25241 1.09932 -0.05854 -0.75227
-0.2526 -1.63401 1.74552 -0.00379 1.35175
0.23233 -0.29938 1.33292 -1.6766 -0.8689
0.09618 1.53186 -0.5558 -0.87878 -1.21265
0.94178 1.01797 -0.13483 0.15171 0.02143
0.24682 1.38767 -1.21602 -0.83296 0.95501
-2.14978 1.86937 1.03448 1.50256 0.75015
-0.91779 1.35634 1.55435 -0.23332 -0.5568
0.65567 1.28165 0.26658 0.7467 0.01752
0.68447 -1.1385 1.6625 0.89901 2.16166
0.31729 -0.08384 2.00794 0.16417 0.39682
0.26144 1.66425 0.02334 0.01478 0.74879
0.62027 0.73568 -1.67 -0.71826 -0.89612
0.38909 -0.65203 0.46032 -1.41112 0.49441
2.42708 0.73766 3.07763 -0.3519 -1.23285
1.42794 1.77858 1.24408 0.48575 -0.96486
1.09177 -0.75459 0.83054 2.83305 0.16365
0.30285 -1.2083 -0.49653 0.81557 -1.09294
1.68487 0.86151 0.14015 2.24476 0.68488
-0.74929 0.27688 1.19935 1.89593 0.94129
-0.57599 0.35902 0.09643 0.53862 1.39364
-1.14725 0.44725 2.29721 1.74175 -0.92848
0.06815 0.41848 0.10854 1.27315 0.68179
-1.84398 0.47349 -0.71101 -0.14057 1.62818
-0.31977 0.19318 0.60461 -0.35302 -1.13661
0.06496 -0.1394 0.24057 -1.08565 0.27344
1.34064 0.00052 0.7342 -2.12564 -1.56834
-0.60231 0.30035 -0.07643 -1.3531 -1.09694
1.12987 1.27116 0.32566 0.59959 0.08412
-0.13767 1.17668 -0.83145 1.47721 0.3671
1.35237 0.644 -1.38307 -0.35886 0.21745
0.06882 0.82319 0.69752 0.56646 0.89726
0.07253 2.13267 0.82308 0.3529 -0.52833
-0.67533 -0.85286 1.35233 1.0406 -0.26581
0.51458 -0.24706 1.59431 -2.45032 0.17859
1.15249 -0.47557 -0.62394 -1.82741 0.76229
-0.9813 -0.42509 -0.65052 -1.51969 -1.68773
-0.32386 0.35464 -1.99608 -0.07502 0.80304
-0.22157 0.24392 0.0499 0.88728 1.7702
0.63742 1.73958 0.07196 1.30243 1.12999
0.42104 1.05353 0.23992 0.14416 1.61161
-0.58259 -0.19192 1.54277 -1.37506 -0.6808
0.30501 0.75011 -0.03196 0.24913 -0.84292
-0.1298 0.55697 -0.04992 -1.00196 0.21702
1.62205 -1.08223 0.7378 1.03101 -0.20997
-0.10512 -0.26715 1.44354 1.03861 -1.28628
-0.01424 0.86765 -0.40442 1.44977 0.43194
1.64198 -0.13554 1.19697 -0.53087 -0.04293
0.38169 -0.46799 0.06033 -0.14056 0.05887
-0.91866 -0.2471 1.37344 0.87918 -0.3459
2.07654 0.05868 2.10351 -1.04152 0.89109
-1.96605 0.13783 1.42717 -1.58009 0.2078
-0.64707 -0.59606 0.85974 -0.0537 1.03534
1.6781 -2.1921 1.52366 -1.10476 1.19229
-0.48833 -2.03227 1.48364 0.94214 0.32269
1.22904 0.28524 0.8832 -0.0557 -0.01258
-0.07469 0.33546 -1.81252 1.00795 -0.41385
0.91416 -0.05023 -1.54099 -1.12453 -0.21059
1.07061 0.42997 0.72747 -0.10004 0.74998
0.59884 0.24997 -0.84466 -0.4116 0.6536
1.41501 -0.52046 -0.77635 -1.37529 -0.34133
2.23714 1.08422 0.48188 -0.8371 -1.14995
2.87481 1.64114 -0.71392 -0.05199 -0.97135
0.13998 0.34225 0.68627 -0.98388 -0.77303
0.82118 -1.5581 1.88499 0.36594 -1.24177
0.36386 -0.51088 1.74608 1.74666 -0.75693
-0.25443 -2.03929 0.39132 0.76512 -0.54162
-0.20121 -0.81837 2.36171 0.10041 -0.95617
-0.18125 -0.9849 -0.06115 0.96878 0.15543
0.54865 -0.74136 -0.51719 -1.93544 -0.46475
1.11161 0.38646 0.46946 -0.64437 -0.46221
1.28454 0.34778 2.219 -0.90509 1.8105
1.51259 -0.20247 1.66231 0.11625 -1.64415
-1.22541 1.07538 0.88711 -1.45843 -0.00839
1.87811 1.57392 -0.10663 -1.76349 0.8518
1.18508 0.58967 -0.71117 0.84651 0.62034
1.1446 -1.01865 0.63933 -0.57922 -0.94309
2.13249 0.24515 -1.05309 -1.39235 -0.42819
2.11509 0.69234 -0.68385 -1.37671 0.80457
-0.36351 0.95106 -0.67291 0.27231 0.84896
1.38785 0.53754 -0.35504 -0.51284 0.71176
-0.27454 2.23854 0.31962 -0.94717 -0.95918
0.70759 1.01526 0.5121 -0.4514 -0.46518
0.48075 0.66727 0.87134 -0.33552 0.54481
1.29672 2.10517 0.84553 1.06772 -0.94703
1.2102 1.73389 0.27545 1.73179 0.45103
-0.32261 -0.31025 0.94787 1.24587 0.77934
-0.3905 1.728 0.68365 0.98429 0.1367
1.03803 1.97858 0.22677 0.8552 0.5198
-0.70715 0.85033 0.17978 0.74777 1.20962
0.47519 -0.3425 -0.0507 2.27242 0.87219
-0.1556 0.75728 0.70204 2.33873 -0.8921
-0.16963 -0.14663 -1.13653 0.76059 -0.55581
0.10894 1.4023 0.51436 1.05494 0.86439
-0.77453 2.09119 1.39453 1.26332 0.86311
-1.74401 3.18637 0.17277 0.84 -0.58087
0.15769 1.45836 0.60806 -0.66561 0.87538
-1.26903 -0.27256 -0.33865 1.77767 -0.8322
-2.04146 0.21358 0.84242 1.31252 -0.54195
-0.11214 1.22341 1.03759 -1.60161 2.00895
1.7091 -0.6093 -0.06329 0.08248 1.94072
-0.09381 -0.89014 -0.02664 0.52898 -0.37381
-1.00051 0.39492 0.6942 -0.0412 -0.51658
-0.82415 0.92147 -0.77561 -0.12774 -0.40188
0.12153 -0.63926 2.00656 0.32321 -0.44465
-1.52171 -1.41781 0.32607 -0.3643 0.64446
-0.07324 -1.121 0.36949 -1.83162 -0.35521
0.60966 -1.86907 0.35847 -1.16027 0.23593
0.47551 -3.07899 -0.18868 0.07917 0.11864
-0.33361 -1.47576 1.2096 0.31451 0.51077
2.27537 -1.74682 -1.40768 0.83515 0.12011
0.5028 -0.44373 0.34897 2.34027 0.69452
0.00377 -1.9494 -0.57264 1.9655 -0.31296
1.90606 -0.636 -0.27159 -1.17087 0.52572
0.79103 -0.67932 -1.14532 -1.51309 -0.38928
-0.97986 -0.28606 -1.50198 -1.00076 1.06455
-0.11242 -0.88478 -0.71584 1.19978 -0.30666
1.24358 0.65185 -0.66376 0.97444 -0.05953
0.30325 -1.55242 -1.94264 1.82887 0.75413
1.88031 0.11614 0.2957 0.64722 2.66334
0.60833 -1.01762 -0.68958 -0.53044 -0.61904
2.04449 0.26569 -0.36872 0.34811 -0.74605
1.27859 -0.08101 -0.68217 -0.48794 0.59408
1.28964 1.70135 -1.29066 0.95703 0.93524
-0.03446 4.4248 0.95454 2.26606 1.04048
1.7198 2.47593 0.79998 0.26923 1.18272
1.04966 0.12464 -0.9712 -0.15121 0.41397
-0.44902 -0.49138 -0.36058 0.78445 -0.08038
-0.87493 -2.04584 1.00441 -0.72456 2.164
0.13642 1.86867 0.84509 -0.70585 0.47545
0.43251 0.54439 0.94929 -0.12722 1.0588
0.45565 1.8859 1.39303 -0.5061 -0.067
-0.3738 1.614 -0.65145 0.71381 1.33282
-1.18996 0.13002 -1.4193 0.03818 -0.88411
-0.63513 -0.06378 0.41158 1.88028 1.30153
-0.52501 -1.31061 0.36547 1.63405 0.49737
-1.33738 -1.8497 0.99715 2.55193 1.78285
1.62329 -0.56017 0.89886 1.99039 0.62022
1.27985 -2.27819 0.47196 0.63062 2.09009
-0.30381 0.08767 -0.80035 0.83411 -0.11597
0.02291 1.53931 0.81064 1.37259 -0.72535
0.52324 2.15681 -0.14299 -0.65867 1.49699
1.40632 2.43952 0.22865 0.255 -0.02236
0.09325 2.45321 1.16367 0.36413 0.50117
0.47714 2.86446 1.10605 -0.46127 -0.02796
-0.10232 1.83299 1.00036 0.83214 0.601
1.24944 0.05255 1.72494 -0.63028 -0.94825
0.00674 0.01 1.9829 -0.10226 -1.5057
1.18413 1.43801 0.66277 -0.22862 1.78277
0.73592 0.13378 -0.30749 1.52304 0.65875
0.37792 0.26451 -1.69331 1.67064 -0.30321
0.18766 1.30031 0.44555 2.62478 -0.42259
0.46841 1.21275 1.05695 -1.06915 0.67154
-0.05409 0.36129 -0.72733 0.23212 0.76346
-0.04621 -0.87095 -1.40391 2.15757 -1.75231
0.48101 -1.16834 -0.75531 -0.21153 -0.82618
1.52956 0.29042 0.31635 -0.90556 0.99056
1.23682 -1.88058 -0.40295 -0.23537 0.93643
0.7542 -3.52637 1.03049 0.84941 -2.37384
1.81516 -1.81808 1.5933 0.4156 -1.7079
0.95345 -1.0611 2.52217 1.15186 -0.26625
1.33291 -0.85165 2.38322 -0.13278 1.64688
1.45129 0.14081 1.89226 -1.26479 -0.85082
-0.77243 -0.17404 1.29823 -0.5797 4.07145
-0.50626 0.67172 0.28645 -0.3797 -1.34945
-0.37933 0.98048 -0.12602 -0.25663 0.33491
0.49862 2.17221 -0.82701 -1.43322 0.8542
1.2659 1.89301 0.39358 -0.54544 2.0568
-0.76967 0.54575 1.22783 -0.1295 1.80401
-0.32097 0.69908 0.64172 0.28513 0.475
-0.35836 0.20732 0.28334 -0.19659 0.24871
1.02437 1.58604 1.17441 -0.06324 1.5911
-0.11797 1.22521 2.12249 -1.55068 1.33081
0.27239 0.52324 1.11268 -2.26556 -0.50875
0.40349 -0.91215 0.92706 -0.104 0.26906
0.74878 -2.61215 -0.28888 0.35638 -0.24531
-1.2269 -1.90098 0.65543 -1.0372 1.97868
-0.41564 -1.8156 -0.70541 0.72515 0.47853
0.1084 -0.62652 0.24082 0.13759 -0.80446
0.59294 0.35682 -0.4656 -1.19822 -0.87786
-0.22897 0.61621 0.09676 -1.94542 0.10925
0.02427 0.41282 1.85983 0.16358 0.52306
-0.11241 -0.79573 0.5845 -0.83686 2.10087
2.32477 -0.74206 1.05965 -0.5512 -0.66484
-0.01616 0.56902 3.04555 0.29586 0.4373
1.93238 1.0349 1.04543 -0.669 1.22525
1.09785 0.41912 1.34682 0.74168 -0.23366
-0.41166 1.93262 1.26189 1.52654 -0.37211
3.09987 2.57001 0.98877 0.00417 0.06727
1.10191 0.57473 1.26342 0.31138 0.86898
0.85465 0.83941 0.21246 0.79816 1.26946
-0.13462 2.24415 1.34607 -0.36695 -0.43309
0.53383 2.93908 1.53699 -1.45487 0.72504
0.10866 2.62375 2.61179 -1.77299 0.23821
0.48404 -0.00198 0.35693 -2.13659 0.63398
1.76029 0.4009 0.80014 -2.37457 0.07925
-0.39001 0.51321 0.26325 -2.66276 1.49147
1.16533 -0.91716 -0.61422 -1.88269 1.71781
-0.7961 -0.14667 0.18671 -0.7163 1.42511
-0.05353 0.1086 -0.35018 0.47061 0.69255
-0.6013 -0.5514 -0.5967 -0.72621 0.71112
0.10395 1.41564 0.36872 -2.15525 1.06166
-1.62876 1.70553 1.79135 -0.46767 0.62885
-1.12606 1.66824 1.87903 0.61726 -1.24216
-1.10037 -0.23549 -0.15801 -0.82385 -0.96288
1.76399 -1.58473 -0.41969 -1.94699 -0.81717
1.53459 -0.6422 -1.42233 -1.93362 -1.15059
0.80603 1.33789 -0.93312 -0.63965 -1.07596
1.66156 0.13199 -0.16584 -0.94111 2.91511
-0.22571 -0.2049 0.00448 -1.53233 0.1791
-0.16981 0.78006 1.02126 -0.07157 -0.61197
0.32069 -0.2508 0.96207 -0.50913 -1.75863
0.04506 -1.29484 2.51298 -0.55069 0.63963
1.3492 -1.90867 3.00861 0.04949 -0.2087
-1.72873 0.49934 0.56662 0.28114 1.17922
-1.34785 1.42875 -1.21764 -0.50903 -1.20792
0.70139 0.75467 0.33857 -0.52681 0.45987
2.35115 -0.59933 -0.74506 -1.65708 -1.01497
-0.97921 -1.50903 0.45334 0.49466 1.31566
2.60406 -0.82314 0.81234 1.05526 -0.16784
-1.13346 0.99526 1.38672 0.11517 -0.94403
0.16394 1.49815 -0.75079 0.21202 0.05524
-0.55387 0.63079 1.13333 0.18846 0.50963
-1.25279 -0.86186 2.09285 -0.3087 -1.18936
2.04064 0.23561 2.27431 -0.48266 1.02564
-0.49173 0.31083 1.71866 -0.86413 0.58626
-2.05235 0.26796 0.31983 -0.76017 -0.64643
0.16791 0.22025 0.53858 1.49514 -0.94679
0.13237 -1.32248 -0.13449 0.3599 1.1048
1.14518 -1.09893 1.0527 1.11213 -1.07068
-0.65434 -1.81623 0.47777 0.18142 -0.11437
-0.15388 -1.3286 -0.58968 0.08873 -1.39682
0.98982 -1.14646 0.33269 0.42481 -0.00823
-0.43678 -0.55797 -0.02913 -1.30995 2.36329
-0.02736 -0.21507 0.41191 0.72813 1.18304
-0.18131 1.90921 -0.054 -0.92042 -0.98606
0.3408 1.21989 -2.03902 -0.27754 1.98263
-0.20833 0.37199 -1.99682 0.30609 -0.34123
-1.30597 -0.30316 0.26688 1.1909 0.57708
1.40637 0.48437 0.25844 -0.10545 2.12061
2.51566 0.25166 0.10429 -0.80144 2.7861
1.58218 0.24544 2.30287 0.31904 1.50663
0.88958 -0.59802 0.65664 0.73722 -1.72981
-0.06252 0.47848 0.8341 2.001 0.3189
-0.44927 1.35418 2.14358 -1.01509 -0.6693
1.047 0.15005 3.06903 -1.80494 -0.72498
0.33337 0.55397 2.23127 -1.81588 -0.63068
-0.50677 -0.00591 2.12898 0.37077 -0.93402
2.62629 0.78573 0.54793 -0.46743 -0.85947
1.50649 1.45077 -0.72275 0.36221 1.0334
1.99361 1.83637 1.08365 -1.00062 1.04992
1.10851 2.02757 1.98085 -2.27056 -0.48353
0.94016 1.01533 -0.39421 -1.64971 0.59794
0.05732 0.86981 0.00908 -0.74897 -1.64755
0.81072 -0.92289 -1.47856 0.04358 1.96025
0.53911 -0.60478 2.2907 1.02656 0.02683
-0.27062 -1.3064 1.61496 0.82954 -1.06278
2.45428 0.06525 2.19867 0.83692 -0.12159
0.24888 -0.15902 1.95464 -0.02009 0.64823
2.92528 -1.38436 0.10159 -1.92171 1.06921
1.79891 -1.44394 0.99906 -1.09211 -0.21767
0.45645 0.31997 -0.46663 -0.92655 0.77825
-0.61346 -0.38748 0.0072 -0.90015 -0.35585
-0.04476 0.27187 0.25064 -1.99095 -0.15032
0.57655 1.34179 1.0224 -0.49077 -1.30059
-0.00252 1.88845 1.95482 -0.3826 0.31407
-0.17073 0.79518 1.45275 0.79879 -0.22772
0.06921 1.8592 1.31368 1.53049 0.77601
-1.35915 2.70082 0.63247 0.37441 -0.04511
1.80894 2.75202 -0.55426 2.16974 -0.14834
1.77684 1.98572 0.26094 0.37637 -0.06324
1.93168 2.6623 -0.53413 -0.52841 1.0452
-0.48273 1.8863 0.10465 0.826 -0.09442
-1.09164 -0.15984 -0.39973 1.09662 -0.9651
1.82519 -0.3221 -0.2596 -0.20087 2.42409
-0.61479 1.20049 0.62803 0.14651 0.97182
-0.39919 -0.44168 1.39296 0.7007 3.35307
-0.60973 -0.04635 0.93815 -0.12173 1.82646
-0.73176 1.56057 1.1289 1.60536 2.45545
-0.5252 1.68302 3.24853 2.27223 -0.68744
0.40724 0.35782 1.26017 1.50101 1.43017
0.17887 1.77606 0.36284 1.45472 -0.57569
0.53666 2.2077 0.78343 0.6662 0.32352
0.48444 0.93885 1.68827 1.6104 0.68709
0.29555 2.39628 0.76582 0.35332 1.26725
-0.0171 2.55705 0.43451 -0.14881 1.03173
1.57123 1.01362 -0.12708 1.08395 0.1185
-0.52666 -2.04305 0.29024 2.22265 0.64841
-0.48734 0.85953 0.92628 1.27587 0.89991
0.43213 1.34318 0.95532 -1.5082 1.1605
0.28907 2.6921 0.32109 0.22539 1.54139
0.37893 2.77556 1.4641 0.25502 1.49211
-0.58699 1.97642 2.04553 -0.07137 0.05612
-0.61196 2.96202 1.55202 0.14978 -0.17356
0.47675 0.84757 -0.9772 0.49369 1.21644
0.85244 1.18473 -0.73071 -1.4587 2.53449
0.44647 -0.14598 0.30333 0.00481 0.51159
0.23881 -0.15765 -1.70392 -0.83427 0.03236
0.88288 0.11924 -1.62877 -0.40441 1.3413
-0.96121 0.50897 -0.12759 -1.2352 0.72354
