1.54068 -1.36491 3.06012 0.39646 1.00382
1.55923 -0.66451 1.7767 -0.68387 2.48531
0.03543 -0.13518 0.9791 -0.0162 3.23232
0.27694 -0.04068 0.21051 0.00408 2.17765
0.22198 -0.56662 2.30949 0.72803 1.14118
1.58412 -1.54218 2.59084 0.43117 1.10238
1.18206 0.50449 1.68724 -0.00142 2.87275
0.71011 1.3518 0.17665 -2.55655 2.47249
0.35916 -0.03581 -0.22545 -1.69847 1.48738
2.68287 1.43509 0.27439 0.30033 1.187
0.67162 0.37326 2.47436 -1.32295 1.32163
1.09772 0.89021 1.69701 0.70943 1.89454
0.46327 0.7556 2.03101 0.41911 2.1202
1.22063 -0.79836 2.39843 -0.98786 2.48481
-0.13765 1.03688 2.77986 0.29613 1.24892
-0.82728 0.3097 1.90103 0.01095 2.02247
0.95149 1.37712 0.77537 0.84982 -0.15451
0.2195 -0.39643 0.50925 0.6136 -0.05898
-1.24576 -1.29653 0.95504 -0.57012 0.65695
-0.09343 -0.20956 0.81311 -1.57791 -0.34823
-0.79466 -0.10815 1.68613 3.26242 2.60283
-0.19293 1.38137 -0.3212 -0.56626 2.34137
1.51373 0.95095 0.00238 -0.7592 2.28905
0.58697 0.75748 2.59868 -0.882 1.34817
-0.29608 -0.49359 0.23631 1.63124 2.83287
1.73034 2.1399 1.61685 1.55124 2.90411
-0.98932 0.28114 0.78771 0.12972 1.2938
1.19478 1.1342 2.04146 2.28664 3.49199
-1.44521 1.91653 2.12113 0.43109 1.42494
0.41314 -0.7652 1.05828 0.63936 1.78654
0.96708 2.841 2.25756 -2.24514 0.70795
0.57463 0.28059 2.30767 0.65263 -0.01108
1.05622 0.91518 1.84578 -0.52728 1.45444
2.18339 -0.20805 0.2336 -1.59394 1.42122
-0.17534 -1.78031 -0.48024 -0.07835 1.01467
-0.37726 1.26693 -0.28264 1.38657 0.34381
-1.23322 0.95975 1.24381 0.98037 0.49257
-0.23626 0.30735 1.57004 0.50083 0.84427
-0.2298 -0.17979 3.57916 -0.51146 0.50115
2.59628 -0.25289 -0.03838 -0.52024 3.39191
-1.14388 0.11087 -0.96509 0.02909 3.07853
0.41103 0.07566 -1.24737 0.99566 3.13402
2.36303 -1.18047 1.50827 -0.47565 1.95198
1.53898 0.57278 1.72347 -0.19427 1.3462
1.47548 0.57448 4.45283 0.49121 1.78412
1.13977 1.42429 1.22484 0.29502 -1.42352
2.6565 -1.12974 2.58011 1.07651 1.10323
0.98084 -0.79092 4.15886 -0.4442 0.41548
0.05085 -0.21719 0.92554 -0.18241 0.92951
1.74228 0.57572 1.23545 -1.98147 0.70703
-0.06368 0.37145 0.09449 1.25193 1.59053
1.6446 0.42314 0.75263 0.5506 3.45741
0.39596 1.06815 -0.95188 -1.0904 3.27026
0.15075 0.94508 -0.5182 0.06813 1.54833
0.99048 -0.89728 -0.04422 0.47022 0.40268
1.38808 0.55522 0.52305 0.15842 0.71188
0.39098 0.22669 1.73803 1.09121 0.22847
1.62168 0.54882 -0.49405 -0.40499 0.77459
-0.90724 -0.32676 1.91433 -0.55289 0.42958
-0.33524 0.04824 0.24323 1.15082 1.40409
0.24265 0.5728 0.18221 0.17075 2.33684
-0.08424 -0.84631 1.91321 0.12676 3.42892
0.60976 -1.1429 3.2873 -1.35755 2.7643
0.3083 0.34505 2.5424 0.34301 3.49022
3.40772 0.30266 2.47407 0.29983 3.48136
0.38574 0.10092 2.33918 0.18087 3.74068
2.6985 -0.65467 4.01524 0.35802 2.89803
0.25518 -1.06481 4.35511 -0.74896 2.04257
2.70603 -0.53521 2.07151 -0.19851 2.02074
1.36044 -1.06416 4.36404 -1.53254 3.42028
0.94361 -0.13494 4.64061 0.42038 1.33511
0.90799 1.00596 5.86748 1.21711 2.41692
1.93203 -1.35634 4.72451 0.44636 1.24189
-0.11726 -0.61755 2.54777 -0.21614 0.98373
0.87498 1.75732 1.5877 1.26204 2.06677
0.38141 -0.40842 2.24889 0.76578 1.34399
0.03969 -1.92785 0.07954 -0.50724 1.97883
-0.86942 0.51817 0.36635 -1.35531 5.09543
0.48384 -0.69844 -0.67741 0.11902 4.42916
1.23748 0.04331 1.2315 1.08058 3.04522
2.65172 -1.15102 2.26699 0.04735 1.50038
2.16612 -0.18605 3.51163 -0.79212 -0.32439
0.75332 0.82927 0.83469 0.52549 -0.82369
0.05095 2.26082 0.7703 -0.10582 0.45066
0.72051 1.48489 0.21003 0.37091 -0.82607
-0.42523 -0.58537 1.14884 0.96402 0.42227
-0.61113 -0.35499 0.3507 -2.76819 -0.07633
-0.54545 1.09394 0.56322 -1.86381 1.71296
0.01809 0.22743 -0.41159 -0.3208 -0.28928
-2.88035 0.08551 0.50629 0.43706 -2.40991
0.94199 0.64042 1.38699 0.91014 0.58168
-0.52706 0.14874 1.29288 -0.27807 1.61998
-1.24563 0.0604 1.22565 0.14955 0.18961
0.2774 1.22211 -0.23222 0.59608 0.9085
1.44219 -0.4849 1.18193 -0.71809 2.53436
-1.33569 0.90791 0.28774 -1.43175 2.87965
-0.70418 0.42317 -0.38196 -1.16253 3.07929
1.85491 -0.01513 0.73812 0.70812 1.39482
-0.6345 -0.8623 0.55192 -0.12394 0.73962
2.00991 -0.67451 1.76644 -0.86843 -0.48045
-1.60547 -0.03882 0.28416 -0.22393 1.21345
2.19316 1.09869 0.34186 0.18553 -1.38264
0.91278 0.60012 0.68355 0.46126 -0.24317
0.12488 1.28724 1.40067 0.19154 -0.86891
-0.49154 0.37752 1.00257 -2.25671 -0.0347
-0.78041 1.65561 0.11212 -0.97295 -0.49032
-0.39151 -0.08285 1.89871 0.46522 0.10164
-0.88835 -0.08861 2.02327 1.27684 1.65826
-1.4283 -1.39748 1.94377 1.16565 1.51296
0.35031 0.42056 1.966 0.34975 1.63238
1.44069 1.196 1.32318 -0.80893 3.07088
0.40546 0.52585 2.13728 -0.28922 3.98678
-1.03569 -1.1238 1.41697 -0.07639 3.11255
1.1478 -1.00661 2.32173 -0.28088 3.73675
0.94803 -0.40012 2.39315 1.1768 4.28576
1.99454 0.20548 4.51256 -1.82791 2.86063
2.18864 0.12704 2.83547 -0.276 0.49373
1.46566 0.08246 3.53958 0.55786 0.39254
1.00283 0.27474 3.74574 -1.78634 2.81004
-1.0971 0.63998 0.60754 -1.15505 1.861
0.72065 0.32337 1.33579 -0.32129 1.49896
2.16066 -0.87368 3.18607 -0.54613 0.55793
1.23834 -0.87428 1.61592 1.01629 1.12807
-0.11573 0.97096 3.08175 -1.59486 0.0622
0.49782 -0.72532 0.4325 -0.96773 0.88127
0.79652 0.18201 -1.05356 0.70248 1.7353
-0.12318 -0.54753 -0.02487 1.19852 2.58382
1.01726 -0.47937 -0.09938 -0.20134 0.35219
0.44085 0.01128 0.08704 0.12787 1.93401
2.32967 0.17005 0.0262 -1.50788 1.05895
0.28589 0.81755 -0.66189 0.6607 0.43099
0.37618 -0.90812 1.25977 -1.54462 -1.08945
-0.36336 1.38185 0.2146 0.08179 -0.80693
-2.38555 -0.53548 0.10534 0.38022 -0.92626
1.07448 0.43584 1.2443 -0.41275 -2.40761
-0.95023 -0.85821 -0.50873 0.873 -0.78283
0.21835 0.34701 -0.21123 -0.24341 -0.44876
0.61776 1.10441 0.20267 -0.12654 1.53586
-0.89194 -0.71758 1.68161 0.01876 -0.50163
0.42259 -0.9957 0.75906 1.64496 -2.16979
-0.53153 0.4829 0.289 0.77215 -0.70121
-1.06614 -0.24807 1.35546 0.56951 0.06878
0.91437 -1.03274 2.00663 0.06949 -0.64806
-1.57014 0.53588 0.30591 -1.18406 1.95746
-0.34784 0.12205 -1.28335 1.91323 3.30952
-0.08108 -0.20658 -0.07439 -1.06742 3.70444
-0.17568 -0.18807 1.18897 0.48531 3.17334
1.89635 0.11833 -0.87967 0.42115 0.63862
0.88157 -0.42461 1.60115 0.19273 -0.59348
0.95951 -0.5557 3.58071 -0.13935 1.20091
-0.44896 -1.75097 1.46514 -1.91529 1.26185
-0.16092 -0.14447 0.3252 0.93914 3.23082
-1.15238 0.91755 2.82436 -0.45977 4.5541
-0.31071 1.93424 2.44997 -0.56008 4.47691
1.11807 0.19126 1.23005 0.01394 3.74436
2.304 1.31286 1.89622 0.76765 3.90793
1.59164 -0.48488 2.94001 -0.32777 4.22923
0.67205 1.55568 3.81398 0.36665 4.34649
-0.40524 1.26057 2.80691 0.77976 4.23571
2.82411 -0.16911 3.97917 2.09542 5.18585
2.09643 1.19514 4.32076 -0.01037 5.01719
1.73347 0.11927 3.75356 -0.86309 6.26731
1.15907 0.60332 4.10186 0.53101 7.00566
2.2121 -1.29171 3.88468 -0.03404 4.91087
1.09502 -1.76129 3.89973 1.77135 4.18263
1.54363 1.72538 3.297 0.68227 2.80105
0.58288 0.45536 2.98994 -1.18156 3.57765
2.01771 -1.86655 2.79521 -0.0389 4.37819
2.03152 -1.28163 2.96997 0.62854 4.6964
0.65312 -0.17658 2.34678 -0.3034 4.6882
1.48646 -2.39132 2.44638 -0.20194 3.73632
2.5092 -0.56857 2.82326 -0.39217 1.6935
0.86713 -0.53981 2.59495 1.08133 1.57013
0.87522 -1.19125 0.54301 -0.27369 1.21667
0.50842 -0.22781 0.65347 0.63377 1.33647
1.90111 -0.5425 1.12238 -1.24063 1.7768
1.24484 0.17716 3.97321 0.84884 0.14503
2.21493 0.02202 3.63962 1.52157 1.6921
-0.51346 0.42569 2.48072 -1.43738 3.4141
-1.30744 1.38838 1.30547 1.86253 2.84563
-0.17711 1.79977 3.61186 -1.18871 3.4041
1.9168 0.23376 3.18913 2.84779 2.09137
-1.09998 1.62169 3.92289 -1.80907 1.09985
3.13125 -0.31067 2.91143 2.5797 1.55449
2.77162 1.38592 3.28256 -0.96318 2.016
-0.46578 0.20867 1.39138 0.78973 2.91556
0.1381 0.89319 0.7849 0.44586 3.5849
-0.11027 -0.2403 1.56786 -0.73029 2.30321
0.81696 -0.7151 3.05545 1.47413 1.97101
0.55474 0.60372 6.18961 -1.88363 2.28785
2.09513 0.66372 1.94287 -0.44196 2.08795
2.50535 0.57837 2.20614 0.48644 2.00545
0.80058 0.12758 3.16138 -1.11886 1.43863
1.52303 -0.12581 2.22308 0.55545 2.62766
0.52565 -3.49363 1.593 0.14504 1.64954
-0.6409 0.60012 1.4666 0.50419 1.87732
-0.10168 1.21382 2.31056 0.12633 3.36524
-0.04947 0.30687 1.17165 -0.30356 1.93093
1.61613 1.10947 1.28754 -0.78962 2.72372
0.32634 -0.88466 2.73922 0.16582 2.72675
-1.01708 -0.69773 2.57618 -0.61085 1.19403
0.55889 -0.54656 2.32229 0.43552 1.47542
1.52015 -1.07763 4.03423 0.90751 1.99407
-0.63902 1.28804 2.2432 -0.153 2.48696
-0.10039 0.87197 0.6343 -0.45741 1.59931
1.51846 -0.17193 0.75016 -2.24435 1.32388
0.3268 0.62073 2.27684 1.09085 1.73626
0.30353 0.95925 0.70761 1.27378 0.28335
-0.11673 0.54057 0.71729 -0.62604 0.7933
-0.11071 0.08026 0.60791 0.74238 -1.13852
-0.65422 0.85454 1.3234 -0.32891 -3.61575
0.81706 0.17183 -0.37023 0.15526 -1.33656
-0.8714 -0.78938 -0.98263 2.09597 -0.98317
0.53265 -0.07966 -1.26423 -0.90207 -1.42209
0.20683 -0.02313 -0.02882 -1.11604 -1.02169
-0.53176 2.4198 -0.6095 0.41609 -1.21605
-0.16794 -1.75772 1.42684 0.07823 -1.41044
-0.61778 0.57953 1.54884 -0.56539 -1.75502
-0.11641 -0.27941 -0.88053 0.96824 0.89902
0.2172 0.77342 -0.68144 -0.64445 1.51461
2.05102 -0.66448 0.35526 0.06379 0.08943
-3.43412 -0.41186 -1.47355 0.13272 -2.04777
-1.32189 -1.12396 0.56008 -1.31924 -1.74519
0.66263 -0.4045 -0.07557 1.35431 0.3829
0.77638 -1.23046 1.32886 1.46218 0.02078
-0.70398 1.47603 3.79131 0.28868 1.67321
0.95066 -0.18125 1.47096 0.17534 1.64407
-1.11787 -0.69148 0.89301 -0.42902 3.12523
0.22202 -0.36171 0.0006 -1.09414 2.43744
0.42565 0.4084 3.63273 -0.06908 1.27468
1.6407 0.49606 4.29083 -1.10535 0.73729
1.18663 1.03532 1.85801 0.35363 1.72413
-0.51177 0.37064 1.31163 -0.06907 3.16222
2.17848 -0.69029 0.81884 -0.55599 1.77524
1.7328 -0.21992 0.64237 0.07738 1.09147
0.94403 -0.57613 1.74321 0.03109 2.06277
-0.99019 0.31282 2.36331 -1.06365 1.1182
1.60914 1.29526 0.31647 1.92221 2.40243
1.40655 -0.49508 0.27454 -0.82774 2.89414
1.89499 -1.30005 2.12167 0.02468 3.72943
-1.31594 0.46613 0.44092 1.3666 3.98769
1.24319 -0.62958 1.35819 -0.24055 3.84831
2.04069 -0.13848 1.73076 0.80417 2.30996
2.17254 -0.6563 3.39911 -0.91085 1.50735
0.89988 -0.33019 2.81103 -0.09614 2.03438
2.21563 -0.24545 2.95704 -0.68815 2.11259
1.5094 0.97219 0.51793 -0.50691 1.85611
0.19065 0.37901 2.43283 0.79366 3.92072
-0.42819 -0.35104 3.75193 -1.00227 2.02042
0.14193 -0.25804 2.04744 -0.62432 2.10041
0.66261 1.11417 2.20794 -1.01622 3.59723
0.51209 -0.35366 0.59898 -0.70086 3.6587
0.41611 1.10045 2.77081 -1.84427 2.77924
2.27763 0.12907 3.0387 -1.12046 3.07096
2.42927 -1.78276 1.9191 -0.88777 4.32096
3.45437 0.52057 4.03904 0.9615 3.24737
0.64429 0.40248 4.69868 -0.64701 2.97261
2.00861 0.10685 4.92116 0.06793 3.87036
1.22108 -1.19021 2.39436 -1.2624 3.48717
1.32307 1.28524 3.92838 -0.95344 2.02624
1.58974 -0.1402 4.3245 0.88033 2.53394
1.85979 0.36189 3.37895 -0.20749 1.25663
-0.43407 -0.40774 2.67054 -0.82447 3.94309
3.42266 -1.00995 1.83405 1.96269 2.62448
1.77915 0.71648 2.6318 0.84634 3.13651
0.76448 0.13163 2.18553 2.06112 2.63544
-0.09278 -0.53145 2.14752 -0.45911 3.05262
1.50697 -0.2835 3.20077 0.54441 5.30928
1.10767 0.19806 4.27893 2.27274 3.99599
1.59767 -0.0363 3.50784 0.55085 4.86146
3.6215 -0.95274 3.69778 0.89221 3.95008
-0.14703 -0.47624 3.01952 -0.23841 4.79617
2.24521 0.66337 3.7437 0.53403 4.78434
-0.00967 -0.95828 2.09822 0.9335 4.37737
0.65272 1.13816 4.56035 1.0546 2.39319
-0.11983 -0.06662 4.62437 -2.27619 1.85788
2.57675 0.60382 4.34954 0.14753 2.23747
1.69418 -1.68974 3.79804 0.19586 3.26125
-0.05464 -0.00143 3.63356 -0.66122 2.1713
0.45327 -1.2745 1.82149 -0.371 2.59435
0.47227 0.52375 3.47383 0.22243 2.31401
1.24731 0.52276 4.20005 1.27288 2.4898
-0.04031 0.91969 2.54393 0.41862 4.18943
0.48228 0.90452 2.53745 -0.27141 2.39639
1.92104 -0.08804 2.41854 -1.74987 1.41639
1.66487 0.41639 2.23462 0.18684 1.50027
0.95504 0.05606 2.76848 0.43758 1.06567
-0.26188 -1.28041 1.96881 0.32795 1.13618
0.48403 -0.33573 1.33574 -0.4195 0.45046
0.73579 0.52733 2.52067 0.90576 1.1537
0.85173 2.2847 2.12616 0.4357 -0.14841
-0.87557 -0.09494 2.24161 0.31347 0.92578
-0.84101 -0.02769 1.56911 -1.41918 1.18058
0.88429 -2.203 0.30194 -0.92541 3.58327
-0.52969 -1.21925 0.06309 0.71391 1.62866
0.74559 -6e-05 0.35353 -0.93372 1.9749
1.17947 0.67166 2.32779 -1.11308 0.91383
0.53564 1.18265 1.27798 0.42154 0.97517
1.37718 -0.55569 2.35466 -0.34936 0.58192
-1.13993 1.72879 2.72564 -0.21253 -0.27529
