-0.48848 2.46016 1.152 0.13779 2.95399
0.65221 2.26479 1.34311 0.55136 0.21667
1.29132 1.64135 0.45199 1.47517 1.60857
1.78029 0.83205 0.49839 0.47555 1.53591
0.63533 -0.57179 -1.78086 1.32389 2.52802
-0.3631 0.37976 -0.43851 0.10457 3.14831
-0.40474 1.09219 -0.53086 -0.80001 2.26713
-2.03456 0.34609 0.13879 -1.51513 2.33758
-2.05864 -1.20858 0.34135 -0.55743 1.2556
-1.17202 1.17008 -1.01973 -1.84793 0.84091
-0.62497 1.21921 -0.41082 0.71009 1.57416
-0.40782 0.43477 0.45432 -0.22315 1.94237
0.68487 -1.86977 1.07523 0.00298 2.17469
0.98418 0.81593 1.04884 -1.05585 0.82902
-0.55312 0.9106 -0.30329 -2.87302 2.51193
-0.20571 0.90293 0.20119 -1.40904 2.4512
-0.06678 1.68636 -0.2153 -0.34071 2.51747
-0.55941 0.72574 -2.00751 -1.43186 0.2774
0.49867 1.19077 -0.0924 0.21813 2.20528
2.59201 0.99046 0.70936 -1.16443 2.12409
-0.78423 0.14015 0.0736 -0.38342 1.65602
-0.1275 0.87259 -1.41388 -0.76612 1.52291
0.11207 0.98958 -0.90007 -1.00915 1.90567
-0.28791 2.12792 -0.73228 -0.01235 1.93217
-0.85158 0.08099 1.92119 1.12389 2.47217
-0.28926 1.40274 1.49415 -0.25032 3.06195
1.05835 0.9771 -0.34453 -2.26416 3.75324
1.75578 1.32178 1.38001 -2.62399 2.60128
0.67039 1.31522 0.33034 -2.45285 4.38167
0.95249 -0.92678 0.56005 -1.53309 4.31031
0.30146 2.204 0.57052 -0.84455 3.96835
-0.94609 2.17905 1.47848 -0.50084 2.67664
-2.27445 1.55756 -0.20311 -0.01379 1.69925
-4.17598 -0.3846 -1.46938 -0.3707 0.79236
-3.62111 0.95243 0.55321 -1.52172 1.11316
-2.34921 2.72918 -1.11813 0.63916 2.56101
-3.583 1.70682 1.62849 3.38743 3.63442
-1.65203 1.7199 -0.3827 3.45157 2.81304
-1.46163 1.22001 -0.14893 1.97532 1.3623
-1.07243 1.04027 1.2026 0.98262 2.90367
-1.57741 0.96846 0.61266 1.7059 2.27292
-0.96897 0.29588 -1.69716 0.65992 2.6911
-3.30802 2.21405 1.07472 -1.06371 2.87991
-1.92806 3.46985 -0.99036 -0.94264 4.12411
-2.99854 1.76994 0.90441 0.26039 2.78489
-3.77037 0.90126 -0.49409 0.61906 0.24039
-3.35505 1.60363 1.06358 -0.43567 -3.24012
-1.11286 2.1686 -0.46392 0.49072 -0.38196
-2.48642 2.13668 0.10747 1.75871 0.68554
-0.77134 1.16294 -1.02285 0.21036 1.21795
-0.08022 0.87116 -0.19517 0.29406 0.73253
1.35231 0.81114 0.01525 0.9075 1.11507
0.36517 -0.0881 -1.25841 0.05269 1.17104
0.04473 -1.59112 0.26507 0.7818 1.403
-1.23704 -0.18911 -0.40543 1.35391 0.73778
-1.23525 -0.08587 -0.05832 1.16172 -0.25101
-2.93352 0.6319 0.10795 -1.01971 0.34205
-3.72675 1.44526 0.10935 -1.00036 1.64826
-2.56974 0.02418 -2.59006 -1.65809 2.14598
-1.53898 3.24061 0.49211 -3.01028 2.11284
-3.24309 0.56236 1.27759 -1.57194 3.49051
-1.10042 2.89494 0.63147 -2.11537 3.7993
-1.56731 0.48385 -2.55297 -1.08817 3.08515
-2.37064 2.01437 1.5495 -0.36305 4.82227
-2.92781 2.22227 0.20072 -0.4985 5.04794
-2.32626 0.50118 -0.41692 0.16231 2.60009
-0.22097 0.112 0.80159 -0.87499 2.85042
1.76943 1.09565 -0.59271 -1.20884 2.82671
1.98394 -0.15318 0.07334 -3.13855 1.21666
2.49055 0.23765 -0.10835 -2.40117 2.29499
3.3041 0.90137 -0.0882 -0.84575 1.53796
2.52676 -0.85258 -0.37554 1.82902 1.84053
2.479 -0.2304 0.91505 1.453 0.71636
1.36174 3.19045 -0.63828 1.01272 3.13119
1.88478 0.24408 1.05616 -0.1511 1.71079
1.311 1.7921 -0.97634 0.80338 0.4553
0.71044 0.12733 -0.60789 0.66436 -1.92008
1.65889 -0.28283 -1.83664 1.93821 -1.85407
2.00959 -1.41431 -0.09761 1.30052 0.89339
2.94202 -1.95726 0.63899 2.35969 -0.09745
3.59008 1.69669 -0.04931 -0.05119 -0.0085
1.65831 1.46654 -0.31365 -2.04362 -0.43245
1.23861 -0.02288 1.26865 -1.0258 -1.69933
1.23033 -0.19684 -0.16493 0.49541 0.89825
0.07351 -0.12479 1.62373 -2.62112 0.409
-2.27732 0.65416 0.42371 -1.04468 0.94184
-1.94873 -0.28232 1.17511 -0.53807 0.2137
-3.19488 -1.20172 -0.22526 -0.30855 0.50352
-1.96279 0.19999 0.33375 -0.03738 0.47546
-2.43168 0.1231 3.27666 -0.53175 0.54655
-2.03445 -0.21704 -0.95245 -1.42614 2.1655
-0.60174 -1.3427 -1.29363 -1.80889 -0.23073
-0.53553 -0.53272 0.04555 -1.44889 -1.21304
-1.06528 0.31445 0.79199 0.08348 -2.08823
1.37965 0.01676 -0.46484 0.22416 0.36116
2.06681 -0.90904 0.15935 0.53227 -0.17865
-0.62058 -0.78914 -0.30605 1.69516 -1.28507
0.0201 -0.59375 1.50005 1.26906 0.30479
-0.34216 -0.57252 -0.78579 1.46106 -0.03574
1.22933 -2.10563 -2.14217 0.60213 0.23663
-0.06488 0.61304 -0.94001 0.32629 -0.78232
-0.68615 -0.46739 0.10586 1.92562 -1.87465
-1.45864 1.08379 2.63193 1.72807 -2.39165
-0.90957 -0.15261 -1.10621 1.24088 -0.71291
-1.63491 -1.15989 -1.17734 0.93685 -0.74832
0.1181 0.58126 -0.00449 -0.89127 0.81126
-0.63593 0.26966 0.03376 0.36255 2.47583
0.93675 0.39689 0.94085 -1.24909 1.87935
3.02615 0.58253 -0.49972 -0.57853 1.31995
1.88991 0.57853 -1.30006 -0.79395 2.42332
3.25338 1.09937 -1.53012 -1.02371 2.10679
2.32175 -0.40684 0.66634 0.18221 1.98231
0.08281 -0.35379 0.87189 -3.09075 0.61891
-0.37443 -0.81127 0.33352 -0.89407 2.20061
2.17472 -0.28499 1.78757 0.29651 2.23771
3.87396 0.00386 -1.92218 -1.49481 0.67529
2.44775 2.90511 -1.45089 0.2541 3.10243
2.70045 2.17436 1.18321 1.25222 1.80882
5.06067 1.20767 0.60078 1.29305 1.87754
3.21921 1.40661 0.3528 0.57278 1.58519
0.35356 -0.51656 1.35997 -0.50988 1.60687
-1.36522 0.20258 -0.4837 -0.03851 2.18793
-0.53459 1.48372 -0.79042 1.22476 2.006
-0.75514 0.34152 0.11266 0.99142 0.60404
0.16595 0.13605 -0.28777 -1.02097 0.19648
0.12574 1.02931 -1.49057 -0.7509 -1.11862
0.11139 0.18852 2.06925 0.61437 0.40641
1.47284 -0.10576 -0.07082 -0.9595 0.83686
1.20613 -0.02472 -1.15957 -0.74402 0.95436
1.83726 1.74476 -1.62698 0.41875 -0.38378
2.14135 0.57036 -0.2037 -0.12799 0.19682
0.47468 -2.26578 -0.01638 2.14856 1.14316
-0.61084 0.76245 0.56115 1.78893 1.62584
-0.48809 -0.06093 2.91136 3.80791 2.91152
-0.76901 2.0628 -2.98327 1.54597 3.90747
-0.47559 1.11172 -0.64297 -0.68947 3.74739
-0.19863 2.87156 1.36841 -0.37568 2.78037
0.89689 4.96709 -0.49634 0.32437 2.03656
0.18235 1.6076 -0.97506 0.35438 3.16679
-0.56626 0.91728 0.58541 1.34387 1.89041
-1.05799 0.9385 -0.62415 1.96133 1.80963
-0.93462 0.59641 0.49202 -0.29486 1.71417
0.84112 0.6261 -1.47343 -1.27453 2.87756
0.05771 4.28244 0.86574 -2.06377 4.36272
-1.75289 2.41877 -0.52483 0.30862 2.65921
-1.81433 0.5319 0.19077 1.50705 0.31364
-0.88861 2.30236 -0.27059 1.73945 -1.11726
-1.81122 -0.45597 0.92565 1.36028 -1.26621
-2.39169 -1.04123 -0.0207 0.21727 0.26111
-0.9052 0.5829 1.70126 -0.61422 -0.27057
-0.37492 -1.41385 -0.50278 -0.0768 0.2378
-2.62078 0.75503 0.16834 0.81287 0.97613
-1.35754 1.92745 -1.24101 -0.65388 -0.29162
-1.10529 0.68304 -1.70894 -0.78516 0.35433
-0.60271 0.43357 0.04426 -2.07308 0.8027
2.02668 -0.25188 0.4775 -0.52838 2.64169
0.69982 0.50626 -0.27643 -0.25649 2.54317
0.90505 1.73766 -0.20359 -1.85876 2.34131
-0.65303 3.17806 0.88783 -0.50429 1.91443
0.04626 1.07915 0.31052 -0.73439 -0.35106
1.17185 0.30343 1.16654 -1.43053 -0.57116
0.67903 0.0338 -1.4307 -1.59217 0.92626
1.24739 -1.08015 2.02136 -0.21877 0.94899
1.5162 0.15793 -1.4388 -0.17799 3.04446
2.09963 0.08645 -0.99151 -0.95125 2.14914
1.74129 0.3403 1.28462 -1.87608 2.40789
1.89396 1.03683 -3.2171 -1.41687 2.53145
1.21286 -0.01764 -1.65719 -2.62436 2.28537
0.44476 0.21231 -1.24369 -2.54722 0.66495
-0.60973 3.73167 -0.6133 -2.56473 0.10757
0.42989 0.67965 1.94726 -1.59365 0.32544
0.14064 -0.99217 0.75114 -0.5584 3.36768
-2.74095 -1.26136 -1.11923 -1.49906 2.68376
-2.13145 1.80491 1.76038 0.84146 -0.38099
-3.37025 0.08765 0.18571 0.19892 1.6698
-2.43209 -0.65643 0.76363 0.33459 1.72758
-1.14029 1.81352 1.57834 -0.42597 1.46623
-0.54711 0.59451 -0.46452 0.82557 1.50654
0.23318 -0.10323 -0.29179 1.31523 2.85621
-0.92982 1.24344 0.58582 0.63519 1.11956
-1.03943 -0.30546 -0.6616 -0.43584 -0.49603
0.29007 -1.02748 0.18922 -0.73448 -0.102
0.4273 0.86565 -1.27961 -0.8049 -1.26115
-0.08605 0.23755 0.98562 0.70305 0.24435
0.17586 -0.04812 -0.61239 -0.16541 3.40952
-0.1751 -0.9451 -0.6102 -0.84934 1.72694
1.31395 -0.33295 0.68348 -0.7057 1.53831
-0.73688 1.44797 -1.4404 -1.04827 1.02221
0.15504 0.43222 2.59158 -2.21713 2.77806
-1.89487 1.3518 -2.1476 -3.19266 2.45502
-2.21448 1.14565 -1.47122 -2.60281 2.15365
-1.66123 3.63882 -0.59385 -0.98496 2.27615
-1.17458 2.48562 -0.03666 0.12339 2.25932
0.52578 2.50529 -0.88321 1.27377 2.45803
0.84508 1.54602 0.20386 -1.30548 1.43087
1.53968 0.52659 2.22139 -0.71336 2.28314
1.95949 0.13005 0.73573 -0.00619 2.4572
1.71416 0.06375 -1.68689 -2.02054 2.9992
1.54707 1.27967 0.32751 -1.9397 3.44661
2.88309 -0.31661 1.36932 -0.68628 3.41176
1.88527 1.30188 1.2222 0.6099 2.93114
0.75988 -0.37684 -1.27265 0.20165 3.11296
-0.86702 0.9199 -1.44356 0.02806 3.08178
-0.94267 2.64811 -0.239 0.04304 3.13527
-0.3001 -0.66115 -0.48074 0.10681 2.45895
0.18172 0.08148 -0.99258 0.99551 1.0179
0.13455 0.87582 -1.58937 2.65039 1.6844
-0.43798 0.88755 0.02132 2.92761 1.72815
-0.34146 -1.65238 0.89107 0.30071 1.06394
-0.31425 2.20861 -0.62792 0.76734 0.30578
-0.76441 0.66479 -0.3057 -0.88152 0.11698
0.13226 0.98311 0.69933 -0.46362 0.55275
0.43226 1.50133 1.65554 -1.25252 2.33984
1.88352 1.34221 0.06049 -0.90711 2.44292
0.80036 0.81053 -0.86927 -0.46786 0.58051
-1.01166 -0.00955 0.42282 0.92562 2.99254
-1.63572 0.92186 -0.78211 0.05374 5.00904
0.43326 -0.50565 0.46499 0.20232 4.85276
0.35943 1.3442 -1.0256 0.07538 2.58392
-0.38423 1.0408 0.26684 0.99046 1.22987
-0.0612 2.13558 0.24806 0.26999 1.932
0.3898 2.40891 1.19392 -0.03227 2.53738
-0.15243 0.35961 0.33263 0.57534 2.00072
-0.52944 0.90029 1.01506 0.46913 1.82322
-0.99038 1.09866 0.34247 -0.54514 2.05139
-0.91404 0.55434 1.8425 1.66071 1.75745
0.28565 -0.55195 1.19624 1.94404 0.77888
-0.34534 0.66229 -0.90541 1.13038 0.23613
0.55599 0.09644 2.47363 0.5468 2.17464
-0.00655 0.61167 0.71998 -1.40374 3.42934
1.14889 0.02489 -0.39328 -1.37573 3.36454
-0.4647 1.94922 -3.47802 -2.05204 1.91012
-1.1985 0.99244 0.78007 -1.38428 0.59828
1.88797 0.1513 -0.0444 -0.15521 1.62177
1.68758 0.82717 -0.65726 -0.14735 2.27402
-0.17073 1.60621 -1.22172 -1.31254 2.50223
-0.25555 1.40457 0.6077 -0.31663 1.03767
2.95132 -0.69338 -1.31655 0.60653 0.58939
3.24079 0.04922 -0.40413 -0.59655 1.27505
2.84712 0.52089 0.21551 0.27015 1.04993
3.03973 0.60455 -0.32983 -0.35646 0.36699
2.15486 -0.71904 0.43526 0.69421 1.24117
1.2174 -1.13132 -0.26623 -0.72845 1.41912
1.58088 -0.90655 -0.81387 -1.15145 1.65875
1.54245 -0.57542 -0.71807 -0.49387 3.19057
-0.3287 -0.2677 -1.37383 1.38849 1.49549
1.55902 -0.72065 0.83923 1.70717 2.74112
1.40448 0.31116 -0.71826 -0.14645 3.0441
-0.05403 2.07662 -1.69507 0.21628 2.84504
-1.03114 1.00537 -0.10579 -0.08276 0.90556
-2.7011 1.66945 -0.65715 -0.88876 2.11604
-1.60701 1.94784 -0.92054 -0.15761 1.06468
-3.07194 1.12864 0.76146 0.00068 -0.31793
-3.95022 -0.07981 0.07837 -1.85048 0.03258
-2.37823 0.66311 -1.41402 -1.29237 2.13303
-2.00575 -1.04801 -0.59646 -1.40028 2.30907
-2.16408 -1.05692 -0.19827 -2.35485 2.31664
-1.7068 2.50848 -0.77455 0.62987 1.98788
-2.23427 1.3146 -1.93219 -0.77551 0.59842
-3.1675 1.06689 0.11344 -0.514 3.52102
-1.01417 0.18052 -0.52751 -0.24925 2.09021
0.32149 2.04861 -0.29132 0.64164 0.19446
0.20363 1.07998 -0.18372 -1.47809 -0.01795
0.11173 0.09065 1.13745 -1.20852 1.45861
0.59485 -1.24743 0.07807 0.03833 0.62953
-0.36215 -1.59985 -0.28537 -1.07427 -0.33049
-0.01219 -0.49453 0.27494 -1.29025 0.57726
0.75669 1.08305 0.70691 -3.35475 2.11311
1.29106 -0.19486 1.14788 -1.86082 1.25443
0.64652 -0.45525 1.49679 -2.19976 3.27794
1.06779 0.61243 0.72039 -2.05584 1.92304
1.09062 2.06428 -0.60581 -0.20003 0.57929
1.7205 0.03277 -0.09738 0.99387 -0.22353
0.48305 0.2813 0.8059 2.45804 0.41268
0.70876 -0.68101 -0.32485 1.25614 -0.96213
-1.37544 1.11301 0.80092 -0.28296 1.15604
-2.58566 -0.21526 1.39242 0.45479 1.41699
-0.87573 -0.34427 2.33951 -0.14761 2.71891
-0.70471 0.25687 -0.49493 -0.27982 3.56051
0.08526 0.0475 0.33053 -0.78305 4.1915
2.55911 1.38063 0.60707 -0.0766 3.16492
1.43424 2.79058 -1.3043 0.44813 2.42428
2.03953 1.08208 1.48773 -1.02456 2.18133
2.35793 1.56885 -0.38909 -0.42155 1.98187
2.85673 2.72521 0.48859 0.05983 2.11032
1.91259 -1.56552 -0.08439 1.51705 0.76355
2.15785 0.32208 -1.76912 -0.26884 -0.27954
1.66492 1.608 -0.10072 0.97385 -0.03718
1.1329 -1.15374 0.44666 -0.16971 -0.14155
0.0978 1.26037 -0.63201 0.39286 -0.67986
0.37609 0.28683 0.22289 -1.99453 -0.71115
0.05334 -1.8307 -0.56683 -0.32648 -1.05361
-1.20627 -0.74215 -0.51798 0.24493 0.31619
-0.23672 -1.79519 -1.22718 1.03878 0.90213
-2.23335 0.1137 2.45809 1.38575 -0.26401
-3.33293 1.01463 0.00187 1.0102 0.66591
-4.15016 0.98949 -0.12615 1.34476 -0.04836
-3.01362 0.47249 -0.32675 -0.80145 2.31875
-3.73866 0.30959 0.30346 -2.32986 -0.02081
-2.87661 0.64673 2.27649 0.63583 0.39649
