0.54768 7.73289 0.41397 1.60436 1.91571
-1.22127 7.14379 0.9256 0.08773 1.34904
-0.75115 7.22985 1.4587 1.67783 0.86382
0.19501 7.87826 2.85407 1.21959 2.81795
0.33557 8.36175 0.97743 -0.31835 1.06936
0.56031 7.93019 -0.16524 1.57266 -0.66159
-0.73101 8.1875 3.97092 1.27941 -1.36321
-2.24087 7.94733 1.33261 -0.63234 0.57166
-2.06732 6.91716 1.08195 0.81527 0.37329
-2.88285 6.25356 1.26927 -0.76409 -0.82476
-2.29697 6.06165 0.69089 -0.01016 -0.7775
-2.10802 4.30685 -0.17302 0.85926 -1.14721
-1.79141 4.95731 -0.30465 2.78257 0.24391
-1.14457 4.49018 1.16702 1.22456 -0.4973
-0.72842 2.63605 0.85769 2.06883 0.00458
0.00842 0.89528 1.70813 1.51869 0.06511
-0.04147 0.66524 3.48442 0.34275 2.59878
0.90006 1.18751 3.95886 -1.78349 -0.18781
-0.13214 1.95909 2.51112 -0.39413 0.52421
1.28975 3.30319 2.79092 0.73501 1.02701
-0.20614 4.42257 2.2986 -0.27414 -0.4657
-0.97295 6.87474 1.34518 -1.20711 -0.07636
-0.95762 7.67916 0.85871 -1.03026 -1.49707
-0.9686 8.49182 0.15024 -1.8142 -1.95438
-2.88131 8.76415 0.45347 -1.39484 0.38035
-3.77878 8.882 -0.93357 -0.15739 1.12794
-2.53124 6.45828 0.81437 0.54552 -0.42026
-1.97835 5.28377 1.20647 -0.37744 -0.82714
-1.03266 2.71011 0.57234 -0.49586 0.25574
-0.15029 2.8175 2.4829 -0.59671 -1.18766
-0.3548 1.17036 1.22234 -0.01945 -0.58268
-1.65116 1.46124 2.26533 1.66595 0.3644
0.58157 0.81137 2.92075 -0.25775 0.18034
0.79576 2.39446 2.45875 -0.76168 -0.24582
0.31897 2.16173 0.67978 -1.3267 0.49951
-1.86673 2.38622 3.32518 1.03909 1.19137
-1.111 2.50443 -0.88196 2.30731 0.22066
-0.95133 2.69494 -0.34623 2.80129 0.61241
-0.74843 2.8672 1.01274 1.24626 0.43075
-1.20807 5.46913 2.11625 -1.38776 -0.90486
-0.58145 5.06316 1.05456 -1.24584 -1.99215
1.19677 5.74986 2.28173 -0.16172 -0.07181
0.31546 6.0105 3.65739 0.91823 -0.52497
-1.25344 5.77006 2.82368 0.84428 1.20735
-0.98978 6.07898 0.08266 0.23483 -0.54184
-1.56463 4.89655 1.77422 0.27945 -0.22488
-2.79428 6.48526 3.54676 1.18094 3.08979
-2.26564 8.04843 3.49528 0.41669 1.68547
-1.558 8.61065 3.09752 3.33006 0.04196
-1.46849 9.09031 1.41943 3.33336 0.7581
-1.59325 8.54105 0.97613 2.7405 0.85238
-0.78612 10.32751 1.72236 -0.68851 0.50387
0.739 10.58468 0.43931 1.01007 0.47144
1.13609 10.85507 2.05494 0.76075 -0.40815
1.83535 10.8491 4.31258 1.58179 -0.0822
2.56748 9.38122 0.53734 1.0172 -2.29217
3.15903 7.31858 -0.66472 1.98468 -1.8459
2.33147 7.77093 0.09471 3.03148 -0.8041
3.16776 8.61431 1.45358 0.67478 -0.43018
3.21989 7.75496 0.77666 0.16405 -0.52414
3.81289 7.54614 3.50013 -0.12604 -0.14398
1.79632 5.78274 1.83495 1.63703 0.45595
1.16206 6.00188 1.52685 0.98368 1.31411
2.22344 4.18906 2.2958 0.63679 3.04498
0.77239 5.59574 1.37967 -0.41483 1.22867
1.31542 5.76871 0.9482 0.51056 -0.17849
1.68107 6.2812 1.71809 0.11479 -0.14785
1.79 7.34496 3.71669 2.17653 1.20546
1.94749 5.77373 2.06357 1.19566 0.80426
3.19182 5.74134 3.14662 1.34266 -0.52545
2.75712 5.14095 2.0992 0.25652 -0.108
1.83967 6.28522 0.87122 1.48819 0.12512
2.51585 6.86937 1.2748 3.0049 -0.13135
1.25839 7.3944 0.69841 0.13278 0.56633
1.19515 7.02018 1.76975 -0.67139 -0.17695
1.73028 6.1713 2.26467 -0.65265 0.164
1.13571 4.25191 3.73068 0.33561 0.20013
2.9368 2.34189 0.68633 0.18188 -0.26439
0.85738 5.10971 -0.09525 -0.97886 -0.81318
0.22358 6.78008 0.36171 -1.33174 -0.65497
-0.75677 7.44711 1.3667 -0.97273 -1.25074
-2.13583 7.91197 1.72 -2.10028 -0.10827
-2.81792 6.99118 0.78261 -0.2942 -0.67043
-2.44127 6.02555 2.00081 -0.49401 -1.55372
-2.05017 5.60655 1.19291 -0.86214 -0.58026
-1.65255 4.48499 2.74184 1.47752 0.6534
-0.58304 6.23317 2.76323 0.5797 1.30947
0.42241 7.53819 3.09064 -0.09326 -0.44963
1.23413 5.37727 1.46888 1.01151 -0.05633
1.28105 5.58927 2.89165 -0.27657 0.75737
0.72508 5.00003 1.37899 -0.87848 -0.77447
-1.49119 5.9028 0.61908 -0.42326 -0.77349
-0.59858 3.43316 2.75466 0.15576 -3.72849
-2.04694 3.23413 0.94539 0.39376 -4.26568
-1.38699 3.75223 2.95271 2.59359 -2.78204
-2.65005 4.5235 2.33531 2.95543 -1.30589
-3.00814 3.82624 2.2568 1.18572 -0.71981
-3.97429 3.54607 2.35145 3.51218 -1.83604
-3.43442 5.98167 4.14493 3.05956 -1.85021
-3.38191 5.62588 4.0701 2.05395 -2.74642
-1.67715 6.04986 1.96275 2.54046 -2.19515
-0.81485 4.88907 3.19374 1.91866 -2.50539
-2.1251 7.0722 4.01377 1.27343 -4.09979
-3.08081 9.13307 1.66196 1.85204 -1.63479
-3.414 9.747 2.82424 2.50244 -1.41965
-0.93321 10.3278 4.60176 2.01973 -1.88153
-1.19269 11.00032 2.39954 0.47293 2.37217
-0.1168 11.82388 1.45283 1.44362 1.59206
-0.84248 12.16305 0.47417 1.06007 0.49284
-0.45251 12.37298 3.29169 0.76236 -1.52942
-0.42534 13.61825 1.96226 -0.39913 -0.13188
0.06571 12.2946 2.19307 -0.59172 0.57435
-1.42325 11.37387 3.98971 -1.54197 -1.75003
-3.43871 13.57942 1.10939 1.08099 1.22914
-3.74373 12.87608 2.47436 0.57515 2.57549
-3.41373 11.1245 1.11187 3.39055 1.01865
-3.97424 11.51145 2.25934 2.60976 0.63123
-0.8885 9.6589 2.04036 0.42567 0.4238
-0.72622 10.48547 2.08626 -0.33582 -1.51852
-0.03664 10.32963 3.48246 0.08795 -1.16904
-0.6483 9.1948 1.37761 0.40498 0.45633
0.39524 9.85236 0.17138 -0.26648 -0.14835
1.18798 8.92118 0.40746 -0.01072 -0.90421
-0.0848 9.62182 0.04433 -1.11087 0.26933
-0.57038 8.36543 1.92759 0.90814 -0.36911
-0.33474 6.72725 -1.11025 -0.35434 -1.20144
0.63303 7.08746 0.73302 0.47973 0.68148
-1.10265 5.87675 1.00238 0.33917 0.39118
-0.43464 4.51925 2.33747 1.29715 0.723
-0.794 4.236 1.30652 0.65091 -0.31763
-1.30644 1.8608 2.25661 -0.78885 -0.77746
-2.33521 2.12897 1.59329 -0.23303 -0.6073
-2.37959 3.17516 2.53022 0.67252 -1.36774
-2.16684 2.96254 2.7202 0.37711 -0.73228
-1.31998 4.84392 1.83601 -0.30543 -0.36891
-0.86763 5.27441 2.71075 0.56983 -0.14204
-1.06468 5.79966 0.88765 1.08031 1.90367
-0.31359 4.22765 1.57941 1.09128 0.32364
-0.92262 4.02916 2.09299 0.82273 1.76459
-1.40467 4.55052 2.91156 -1.60785 2.81975
0.01618 5.22678 3.6076 -0.91881 1.01674
-0.62075 5.12174 1.21289 1.38686 0.73446
-1.38801 4.84021 -0.05481 0.59701 2.23608
-0.03134 4.75416 0.95783 0.77521 2.37859
-0.03997 5.78924 1.98993 0.38455 1.41927
0.25569 6.34621 0.46263 0.73771 1.72256
0.48541 5.8095 1.85477 2.99612 0.88049
1.32868 6.46847 1.56794 2.36128 -0.37563
2.76379 6.05868 1.78007 1.16956 0.67597
2.43291 6.51528 2.69233 0.51036 0.4994
3.59321 7.6714 1.25233 -0.68495 -0.06262
0.61888 6.57404 2.98494 -0.82592 0.24559
1.60804 7.04062 2.93362 -0.2351 0.53089
0.60173 6.56239 1.71035 0.29064 0.81273
0.14772 5.63557 2.15115 0.74964 0.56024
0.6404 5.2929 2.88111 0.6905 0.59818
0.81928 4.87532 3.39187 1.25491 0.7496
0.71588 5.19887 0.46104 -0.2734 1.09586
1.42814 6.67674 1.31854 0.35366 1.4175
3.29011 9.62335 2.65868 -0.25778 0.32569
1.4165 8.97516 1.78152 0.46107 0.53968
0.99174 7.79293 0.21833 -0.36838 0.48953
0.13776 8.12252 0.81355 0.10577 1.2334
0.58544 6.41075 1.07692 1.06321 1.07887
-0.60885 6.44632 2.09776 2.03667 1.87896
-1.07913 4.54685 0.95371 1.46943 2.93882
-0.34405 2.32259 1.36253 0.19726 -0.24838
-0.78947 1.58628 1.65355 -0.44246 -0.21012
-1.88372 1.28372 2.23437 0.4924 1.91694
-0.52946 0.67611 2.60154 1.36149 1.53353
1.2943 1.70864 2.76034 1.92381 -0.25041
1.99133 2.40404 0.95617 1.4131 -1.40076
2.44639 4.30471 -0.96651 -0.52568 -0.00125
1.60474 4.81706 0.41176 0.53563 0.17791
0.11626 4.60084 1.58403 -1.07017 -1.47405
-0.76381 5.0155 1.83157 1.01948 -1.2628
-0.73029 4.1033 2.33083 0.34899 -0.62708
-2.65562 2.21484 1.85537 -0.41341 -0.10908
-2.08677 2.44837 3.09487 0.14421 -0.27192
-1.42454 2.08826 3.03719 0.16726 -1.43056
-3.27312 3.95946 1.52895 0.1129 -2.20758
-4.03056 3.28919 2.78823 0.57315 -3.14087
-2.53526 3.74362 2.83447 1.04787 -2.92436
-2.99784 4.79485 0.65224 0.68679 -2.65205
-0.71218 4.56024 0.5755 -0.49294 -1.3622
-0.75749 4.98758 1.27132 1.48739 -1.11771
-1.49372 6.89484 2.6833 1.03277 -0.21086
-1.62364 5.18289 2.47159 -0.61008 -0.10971
-1.07116 4.42342 0.04769 -0.6445 -0.7698
-1.56201 4.44845 2.71192 -0.72159 -1.60563
-2.28718 3.82306 0.83786 -0.69517 -3.07222
-1.93167 4.447 1.49737 -0.68716 -0.64869
-2.08137 3.58783 2.24838 2.20681 0.32243
-1.53765 4.53656 2.28486 1.52325 0.81173
-1.70227 3.06588 2.35757 -0.6392 1.13471
-0.76831 2.16996 2.17485 -0.87937 1.26444
-0.36446 2.48638 5.2355 0.30028 1.28005
-1.79244 4.62337 3.55817 1.14261 3.35884
-0.32611 6.78444 4.0887 2.17971 3.03434
-0.9991 7.0519 1.64361 2.03647 1.56557
0.75371 7.87887 1.58075 3.05982 -0.70558
0.17481 7.71749 2.30725 1.3046 1.66087
-0.60549 9.96174 1.63357 0.7427 -0.76127
-0.5993 9.51648 1.77503 1.82846 1.93315
0.48016 9.09613 1.61539 1.98574 1.7703
0.43761 7.7628 1.9429 1.47149 0.29371
0.92722 7.81024 -0.23194 1.89646 0.60583
2.78476 8.62796 3.36443 1.47611 2.3258
3.37768 7.19853 1.21458 1.46015 0.14748
3.92996 5.9158 2.00286 1.30225 -0.17715
3.38793 5.03104 2.19207 0.78147 1.37585
3.08191 7.00542 1.66786 0.08552 1.09767
3.70398 6.31482 1.61436 0.21601 -1.30867
2.03413 6.94215 2.83653 0.15212 -0.69065
0.00816 6.30573 0.67216 -0.33253 -1.05735
-0.12439 8.19046 2.00531 0.37039 0.25889
0.30005 7.15978 2.02406 0.87713 -1.21439
-0.87177 8.79125 0.59864 -0.13781 0.14798
-0.08596 8.77483 2.08559 0.23349 -0.2268
1.55295 9.05896 0.91801 -0.37832 -0.015
1.09355 10.1003 2.77565 0.42288 0.93734
1.87086 7.80339 1.42207 -0.67245 0.38083
0.97608 7.7366 2.91749 -0.26664 -0.90327
2.50779 6.45375 2.13468 0.6051 -0.26252
3.23938 6.80719 0.17039 -0.16952 0.30879
3.89718 6.48051 0.88218 0.01813 0.68241
3.87638 7.89252 1.52279 -0.96908 1.22096
3.15853 8.17211 2.08073 -0.50477 0.49136
2.17115 7.53103 1.07447 0.9327 1.22382
4.06763 9.3069 0.7038 -0.7154 3.09058
3.53466 9.54759 1.61474 -0.37435 1.64778
3.21018 9.90174 1.10718 0.20669 1.16377
3.07742 9.3915 1.51382 -0.33574 1.21154
1.62279 9.00761 1.31643 -0.39341 0.5883
0.15141 9.25442 -0.45014 -0.78433 -0.72428
-0.767 10.79569 0.82207 1.18998 -1.40411
-1.41045 9.0132 -0.07724 -0.6515 -2.20977
-2.57631 7.888 1.47587 1.2898 -1.04927
-1.85327 6.80427 0.79162 1.22137 -0.80334
-2.32618 7.42822 0.38536 -0.21505 0.13032
-0.52971 6.86502 1.44031 0.92567 1.40875
0.07662 6.68459 2.11219 1.52677 -0.28063
-2.45742 6.88814 0.69571 -0.79216 -0.98577
-2.81007 4.67187 1.91778 0.43223 -2.55425
-3.93677 3.76059 1.74286 0.64717 -2.2647
-4.37785 3.55525 3.96538 -0.34612 -1.39916
-3.13907 2.21147 1.33281 0.19722 -0.75376
-3.40705 4.02002 2.31718 -0.13314 -1.1572
-2.83457 3.50186 0.58988 0.75435 -0.06121
-3.50353 5.17915 2.54018 1.5311 1.01715
-2.18783 6.03602 1.37193 2.33561 1.75454
-0.78535 6.47328 3.47694 2.50825 0.63921
-0.83223 6.32364 3.25339 1.33514 0.37867
-0.07389 6.16032 4.91834 -0.67926 -0.68415
0.36255 5.99255 2.37585 1.40875 -1.33095
0.16296 7.38877 2.16646 -0.48211 -0.47975
1.15691 7.74809 2.88328 0.56223 1.30311
2.48257 9.06016 1.32335 -0.2326 -0.01421
1.17695 10.61569 1.8901 -0.05786 0.02556
1.39377 11.78119 -0.16341 -3.11499 -0.18464
1.36286 10.54255 3.63976 -0.94822 -1.10594
2.20681 12.03805 1.00792 2.53149 -0.90713
0.75566 10.54529 0.9405 1.54954 -0.6678
0.86678 8.98209 0.81016 0.18401 -0.78895
2.1407 9.389 -1.78167 -1.19078 -0.62604
-0.29315 8.68538 1.26441 1.87219 -0.07724
-0.27768 6.5085 1.29203 -0.22585 -2.63006
-1.74807 5.93898 0.71442 -1.08906 -2.59142
-2.45657 7.39623 -1.08029 -0.6194 -2.36004
-5.78601 6.38241 0.9779 1.55417 0.18247
-4.49645 6.06648 0.77121 1.47682 0.02283
-3.95138 5.32806 1.50615 -1.78891 1.17215
-3.47457 6.53714 1.93055 0.75399 0.70354
-1.23587 8.04136 1.80327 2.55895 0.50681
-1.17328 6.18884 2.38543 0.67141 -0.33283
-1.68884 5.34297 3.95194 -0.00018 0.44471
-1.38172 7.96159 3.4081 -0.22766 -0.07126
-0.72774 10.03551 1.57327 -0.69297 0.08476
-1.21392 10.74195 1.43775 -0.22699 0.65156
-0.87918 11.38009 2.23799 0.73039 0.17715
-0.04308 13.60478 0.35119 0.52513 0.29476
1.51192 11.77361 -0.66687 -0.75321 -0.12841
2.46726 11.14093 -0.61665 -0.40631 0.51816
1.93081 10.15819 0.22419 0.39262 -1.14784
2.25299 7.93183 -0.36492 0.53011 -2.56085
2.59828 7.69934 1.617 0.3139 -2.14546
0.82458 8.19511 2.05802 3.0395 -1.22342
0.25999 10.06906 1.03398 1.31491 -0.67563
-0.4962 8.28543 -0.51377 -0.97023 -0.87925
-0.77718 7.43006 -0.47636 -0.23092 -1.86927
-2.13257 7.03823 2.04306 -0.3409 -0.6016
-3.70475 6.99582 0.43405 1.43832 -1.87657
-6.29727 6.55256 2.81679 0.55827 -2.46933
-4.56891 5.16377 2.96594 0.42287 -3.7225
-2.91813 3.98783 0.8829 1.46859 -2.12879
-2.33186 3.0848 1.91075 1.77325 -1.76646
-3.2476 2.7629 0.49522 1.68847 -1.74953
-2.14003 2.82277 0.62845 1.0644 -1.22437
-1.88421 2.52176 1.8063 0.32785 -0.03343
-1.89465 2.50586 2.16242 -0.56849 -0.47424
