-2.61994 1.16455 3.37082 15.63281 1.43031
-1.8696 2.42839 3.10964 15.65876 -0.88258
-2.06281 1.96014 1.98324 14.33696 -0.21249
-0.8198 2.06478 1.53956 15.63884 0.7994
-1.71783 2.35344 0.38391 16.68391 -2.23983
-1.37244 2.14368 1.11309 15.38237 -0.91565
-2.14608 1.83764 -0.36843 13.65026 0.02279
-2.99999 2.43567 -4.31071 12.87635 0.07958
-2.65955 1.41682 -1.98636 13.10369 1.80659
-2.98064 2.96686 -2.46119 13.84897 -0.47154
-2.721 3.02062 -1.82676 16.76516 0.1309
-0.90556 3.10725 -2.04776 16.15503 -0.26138
-1.40638 1.29587 -1.59062 16.51996 -1.59357
-0.3933 2.3449 -2.89252 17.14189 -0.65715
-1.02108 1.91623 -3.43397 17.77946 1.16084
-0.5156 2.01345 -5.2372 18.27791 1.04107
-1.20071 2.30515 -5.2182 16.40688 1.01853
1.81158 2.79123 -4.94609 14.60756 0.54258
1.65284 4.05791 -3.41105 14.45265 -2.87296
0.27993 4.18031 -2.55211 14.78542 -2.3074
-1.73011 0.66057 -2.34456 16.16152 -1.04644
-1.2909 1.93147 -0.95965 17.15768 -1.20233
-1.03211 1.3786 -0.9764 16.00825 0.6177
-0.57383 0.80109 -0.76328 15.61037 1.15231
-1.94571 0.28114 -0.555 14.71796 -1.09296
-2.8605 0.94693 -0.90048 13.5979 0.38307
-2.19144 1.21526 -0.72252 13.81839 -0.10514
-1.02645 -0.43775 -1.51524 13.17451 0.0796
1.08325 -0.94015 -1.62991 13.66851 1.28439
0.92009 0.49667 -0.91846 13.78261 1.94639
0.72132 0.59777 -1.14776 14.25184 0.3003
0.43284 -0.1596 -0.21891 12.18129 -0.87636
-0.15353 0.43789 -0.05741 11.46706 -1.42062
-0.90103 -1.42577 0.28548 11.14572 -0.7257
0.07219 -1.21629 -0.76803 8.97024 -0.84631
0.51403 0.28877 0.24295 10.18975 0.40648
-0.76797 -0.30099 0.94742 9.80552 -0.58806
-1.44129 1.02202 0.16612 7.63686 -0.13211
-1.61726 -1.30924 1.26934 7.8379 0.30449
-1.12975 -2.4529 1.8862 5.81265 -0.63791
0.45601 -1.69958 0.72222 8.18452 -1.13215
0.59792 -0.68905 -0.57048 9.76429 0.91664
0.6451 -1.4057 0.42694 9.00038 -0.99262
1.06907 -0.04845 -0.3202 9.66076 0.81716
2.87128 -0.61098 -1.18931 8.93355 -1.28308
3.17847 -0.45837 -1.33242 8.32294 0.24863
2.6483 -0.3432 -3.16095 7.43871 0.61864
2.99772 -0.0407 -2.19388 8.90019 -1.61821
0.98977 1.65912 -1.49561 10.59118 -0.45394
0.55323 1.4226 -1.69921 10.25647 -0.50092
0.94683 0.44108 -1.43887 12.01502 -0.63921
1.55954 0.41235 -0.98918 12.56502 -0.81008
0.60321 2.01491 -0.9864 11.69479 0.1161
0.41621 3.03671 -1.23581 11.7189 -0.49594
1.30957 4.16637 -1.04825 14.01701 1.4802
1.00771 2.767 -1.54376 13.33262 0.31504
0.00931 1.73025 -1.1142 13.97211 -1.24093
0.24176 -0.28611 -3.00652 13.91764 1.22389
0.9988 0.14616 -4.18412 16.04313 1.41167
1.42005 0.67135 -1.32961 15.92736 -0.04833
0.63379 0.2051 0.29951 15.73081 0.72974
0.81521 -1.51209 0.32763 15.031 -0.36845
1.11419 -1.70896 1.15382 13.67216 -0.25684
-1.04776 1.01938 2.55995 12.89889 -0.7509
-1.11608 1.07976 1.71047 13.94308 -2.04392
-0.40367 -1.29073 0.08684 13.95441 0.25739
-0.45692 -0.08974 -1.48107 11.71529 0.18087
-0.80573 0.21592 -0.45791 10.44949 1.77667
0.34053 -0.50234 -0.53967 6.83368 0.89814
-0.35179 1.01002 0.92055 6.15671 -1.0198
-0.1563 0.1532 0.8447 4.4569 0.81277
-0.04683 0.88855 0.8886 4.63346 0.7802
1.42367 1.58337 0.58998 5.07965 1.25243
3.81833 -0.04507 0.60264 6.14562 0.70781
4.95959 0.45912 0.82812 6.41722 0.92119
5.70181 -2.79782 1.70968 7.38683 -1.67627
5.61017 -1.25018 -0.64204 9.21078 0.31865
4.87686 -0.43064 -0.03495 9.84994 0.18462
4.36582 2.73904 -1.44989 11.51104 1.11813
1.3223 3.84037 -1.2562 12.48368 1.20935
1.70347 2.90033 -0.63692 13.4736 -0.25547
2.70317 0.81027 -0.27157 15.99554 -0.23814
3.50983 4.05895 0.04159 17.02932 -2.3478
2.30258 4.70403 -1.40904 15.86002 -1.05922
2.41006 1.21987 -0.39846 18.12086 1.32739
1.44839 0.42 1.32478 19.61886 -3.02896
2.24093 0.53421 2.01235 19.20895 -1.64947
1.71762 1.42335 -0.97941 19.2928 0.65932
1.40593 1.92677 -2.16753 17.89462 -0.33806
1.51321 3.46467 -2.5298 18.29856 0.53304
0.34219 3.70575 -3.34882 19.08523 2.89216
2.07727 3.46505 -2.49307 21.0467 -0.76765
1.68201 3.26426 -2.09493 22.15307 0.00284
2.15938 1.58257 -3.0545 21.26652 -1.50943
2.00591 1.91772 -0.07997 23.6882 -1.24594
2.9212 0.93889 -0.79849 19.99845 -1.36132
0.7745 1.89594 -1.41802 20.94898 -0.91939
-1.36547 1.76127 -0.9758 21.21128 -1.54423
-1.36545 1.78484 -0.35911 21.27072 0.14384
-1.70244 3.26241 0.36223 19.56787 1.40953
-2.61519 4.8791 -0.85329 19.05716 0.98628
-0.82897 2.91155 -0.05157 19.2231 -0.33427
-1.43486 1.74894 0.42441 20.12285 -0.67605
-2.19599 3.22549 -1.35923 20.49596 -0.64777
-1.09613 2.42663 -0.18463 19.35846 -0.64876
-1.47083 3.71648 0.2679 18.18616 -1.7837
-0.44831 1.36005 -1.6435 18.36164 0.18607
0.25276 -0.63079 -3.36692 19.23349 2.24985
0.37595 -0.44867 -2.19886 20.20424 0.52347
1.22411 -1.40853 -2.13804 18.77964 0.17028
-0.66966 -1.00202 -2.26872 18.52376 0.34972
0.86615 -1.07541 -2.20176 18.05437 0.04997
-0.1829 -0.46871 -0.62495 17.37957 0.52318
0.24854 0.09057 1.65097 15.77984 0.20467
1.43026 0.10948 1.88467 14.69518 0.34447
1.58007 -0.32955 1.17968 13.1226 0.70475
2.20089 -0.26293 1.64806 12.63447 1.39459
3.47045 -0.59763 1.78189 10.63805 -0.21068
2.89751 -0.02357 1.84469 11.46106 0.28259
3.10006 -0.81274 1.69712 12.26987 -1.1765
3.17764 1.99403 2.55472 13.25382 -1.05075
3.50557 2.50795 2.30187 15.04375 0.65024
3.78635 3.61059 2.21809 15.53636 -0.28884
3.72836 2.70697 1.80325 17.02324 -0.01014
3.83147 3.71377 1.70801 17.21976 -1.20407
4.50328 3.89745 0.99453 18.67373 0.89302
4.01179 3.93001 0.6244 19.48759 -1.26575
4.3809 4.63277 0.20387 20.63637 -2.17236
4.42731 4.92724 -0.25108 20.79109 -0.11808
5.69645 6.86454 -1.11345 21.15339 -0.66749
5.21327 6.01489 -1.94066 22.83984 -0.74306
4.46592 3.45944 -2.94971 23.21484 -0.89327
6.0574 1.98481 -4.077 27.20621 -0.81406
7.32517 4.11758 -2.80876 28.49139 -1.14185
7.25899 4.97745 -2.21904 29.86839 -1.80239
6.84974 3.59817 -1.56251 30.89416 -2.4905
7.85569 5.49793 -1.82499 32.54448 -0.27433
5.65429 4.67003 -2.30723 34.21277 -1.17803
3.60558 4.64664 -2.04966 33.6874 -0.72287
4.42046 4.93259 -1.6027 34.20033 0.38964
3.57891 3.45819 -2.10176 33.19179 0.36635
0.96025 1.69503 -2.04329 34.25363 -1.21203
1.30605 2.84853 -0.92822 34.23558 -1.92137
1.22889 3.73011 -2.3602 32.29535 -1.2417
-0.10519 4.72696 -3.44457 30.43328 -0.5152
-0.82251 6.20546 -3.40803 28.6211 0.68957
-0.43214 3.35862 -3.02898 27.85986 -0.38405
-1.38184 2.52452 -3.33065 28.00442 0.45997
0.74302 3.53774 -3.76993 26.72799 1.49711
0.95221 1.92894 -3.6529 27.33394 0.35997
1.49385 -0.80106 -1.4988 28.3621 1.07384
-0.03198 0.57886 0.72953 26.5965 -1.03575
1.05218 -0.37762 1.25183 26.34013 1.37596
1.23299 0.17084 2.3646 23.62654 0.45387
1.36311 0.23344 2.68186 20.65733 1.6422
-0.30248 -0.4764 3.28282 18.13335 2.20973
-0.96874 -0.10414 3.44639 17.4107 0.21886
-2.15127 -0.19344 3.16605 17.14464 -0.92898
-1.37579 -1.44933 3.19637 16.40299 0.74733
-1.10061 -0.11574 0.53228 16.91897 -0.9962
-2.77485 -0.58135 0.21094 15.4326 -0.38
-1.04381 1.51369 -0.33676 11.79218 0.2031
-1.74598 2.39723 -1.65547 9.90855 -0.24743
-0.25334 2.37774 -1.66346 11.12842 1.01965
0.62203 1.73083 -1.04583 13.11609 0.35234
0.97508 0.95349 -0.20355 15.67229 -0.92597
0.23239 0.87712 0.66508 14.28261 -1.2356
0.12901 0.71851 0.54658 14.39036 -1.35967
-0.11456 0.5611 -1.56147 13.11159 1.5284
0.81388 1.36106 -2.75379 12.80126 1.05519
0.00099 2.08088 0.10703 12.22907 -2.63971
0.10545 1.01255 -0.01264 11.08063 -0.58737
-0.43658 -0.92266 -0.67554 11.83815 -0.11477
-0.75985 -0.52082 0.5374 10.54737 -0.94461
0.43116 -0.34846 0.99101 9.0798 0.2933
-0.44073 -0.85468 0.71416 8.20783 0.84566
-0.89906 -0.46336 0.23652 8.91773 0.33638
-2.00543 0.71735 0.17064 8.21436 0.13044
-1.4274 0.5817 -0.2221 6.56329 1.48006
-2.14044 1.87315 -0.34319 7.05957 -0.25011
-2.3388 -1.77048 0.48525 8.49252 1.26936
-2.62112 -1.01387 0.27473 9.18672 1.22905
-2.21514 -0.38331 0.43859 9.58991 -0.13825
-1.74938 0.11778 1.17907 7.51635 -1.62736
-2.26776 2.18244 0.80654 9.07208 0.11298
-2.26468 2.96267 1.61811 8.5325 -0.15788
-1.71994 1.17337 2.25401 10.1883 0.19295
-2.22365 1.41045 2.71494 11.19861 -0.11104
-2.27466 2.4098 2.94946 11.32975 -0.37806
-1.45059 2.80304 0.95732 10.88409 1.87202
-2.16403 1.66783 2.53975 11.82249 0.87536
-3.77692 1.26479 2.70131 11.95263 -1.27675
-2.57952 2.68403 2.27803 13.55263 -1.18336
-3.7902 4.26737 1.4112 13.89886 0.90942
-2.9149 3.76172 0.42518 15.38313 -0.48441
-3.38866 1.21785 1.06774 15.18697 0.33679
-3.70754 1.65761 0.52182 17.90945 -0.7681
-3.18408 4.13305 -0.42523 16.06133 0.44811
-2.04819 2.26066 0.22759 15.72045 -0.00384
-1.75104 1.78293 0.3756 16.57774 0.60469
-1.69304 -0.01711 -0.80699 18.27337 -0.37996
-3.1364 1.7368 -0.10172 18.45346 0.10518
-1.57487 1.11971 2.14098 17.66623 0.46953
-1.82004 1.21287 1.46736 17.76176 -0.81505
-1.0155 1.11786 0.74999 16.26867 -1.64813
-3.45991 1.1148 1.38519 14.31616 -0.44423
-3.50386 1.0836 1.82053 14.15664 -0.41717
-3.72952 1.57617 1.56186 15.88308 0.40811
-0.8589 0.97864 1.71067 16.3489 -0.94523
-1.82714 0.4715 0.51306 16.96112 -1.13492
-2.36523 1.75565 -1.37427 17.54267 -0.02069
-2.56316 0.09259 -0.57776 19.33943 -1.16004
-2.783 1.69496 -0.58425 18.39465 -0.22041
-2.18874 0.62087 -1.71744 17.82603 0.842
-2.35779 -0.05189 -1.8954 18.68009 -0.15126
-3.44161 0.23691 -1.08273 19.77592 -0.79365
-2.45073 1.18002 -0.54068 19.36878 0.20418
-1.80401 -0.4947 -0.63163 19.63118 -0.58356
-0.90671 0.48317 -0.17098 19.46353 -0.82955
-0.20674 0.62089 0.04653 19.10343 -0.73963
-0.41791 1.52413 1.71922 16.73279 -1.11606
-0.06735 1.18292 2.12804 17.25176 0.9011
-1.12609 1.73172 1.20811 18.2517 -0.79816
-1.35064 1.49002 0.52271 17.46702 -0.41924
-1.45149 2.0497 0.61694 16.38794 -0.88782
0.53236 3.0177 1.61699 15.98575 0.30594
-0.4076 1.72243 1.1046 13.88071 0.85808
-0.29494 1.12414 1.96831 13.88096 -0.45247
0.34917 4.20742 1.20734 16.12249 0.24652
2.24914 2.58928 -0.31461 15.50922 -0.39077
0.72665 0.12102 0.91434 15.91828 -1.21047
1.75545 -1.29933 -0.34391 17.03127 1.3592
2.76122 -2.25268 -0.85385 16.23827 -0.43472
0.99764 -0.77143 1.7093 14.19659 0.5373
2.21859 -0.09124 2.21033 13.2404 0.43125
3.06903 0.36458 -0.1152 12.75135 0.58746
2.04968 0.69464 -1.35035 12.21276 -0.23732
1.98683 1.16274 -1.00104 10.40521 -0.49885
2.53827 -0.04801 -0.04286 10.21235 -0.40812
2.82625 1.37198 -0.20456 8.24004 -0.99849
3.65727 0.90758 -1.85946 9.7554 -1.09545
2.71164 2.32671 -0.24845 11.31475 0.11483
3.69 2.6695 -0.16145 13.7141 0.04438
1.14099 1.46804 1.91876 15.5637 0.17868
1.48471 2.51644 2.31637 15.95711 -0.28806
2.11124 2.1797 -0.78442 17.37256 0.37046
2.87584 3.27253 -2.08601 16.64981 0.16101
3.82369 3.98603 -1.74394 15.83397 1.00168
4.04959 3.12757 -2.34357 15.60628 2.52777
4.91024 5.42482 -0.33829 16.88545 0.11681
4.76309 5.4699 0.20467 16.88576 1.25594
3.89169 5.01287 -0.11381 18.77073 -0.4073
2.19999 4.47685 -1.74462 21.74009 0.15343
2.58862 3.76957 -3.59448 21.97567 -0.36412
1.64201 3.14627 -3.93362 24.17295 -0.01
1.95785 5.22931 -2.41998 24.77838 -1.21265
1.74579 4.3476 -3.13983 25.93114 -0.89478
2.33349 2.55728 -1.42365 29.47967 -0.26848
2.43488 1.72604 -2.16852 29.15141 -0.98472
3.5751 2.60275 -0.7986 28.46737 -0.78971
3.28908 2.17822 -0.80027 26.89883 -0.05965
2.60906 2.39751 0.28754 27.28928 -0.60076
1.81754 2.66834 -0.35244 26.50782 0.34444
0.97536 2.44623 1.38523 26.49392 0.44297
0.58261 5.06569 1.91454 25.20278 -1.23793
-0.02735 3.55438 0.97187 26.13847 -0.08275
0.69289 1.56681 0.8934 25.58002 0.14618
0.54844 1.74897 2.25725 23.75415 -1.58733
1.1111 1.74865 2.00355 23.86278 -1.22682
0.92348 -0.43842 1.24639 21.71381 -1.66563
0.33955 -0.31251 0.0962 18.4761 -1.43644
-0.88149 -1.07489 -1.35485 16.66216 -1.1442
-0.4737 -2.91929 -2.08178 14.441 -0.28628
0.20977 0.662 -2.02768 13.91614 -0.54171
1.03127 -1.3428 -3.16442 14.86421 -0.37414
1.4242 -0.89912 -2.27473 15.5598 0.34236
0.08061 -0.73716 -0.39291 14.06001 1.10378
2.05443 1.03733 0.49677 14.15135 -0.20373
1.8927 1.01096 0.90807 13.04025 0.90313
4.05756 0.33902 2.94292 12.71546 -1.27722
2.80633 0.00217 3.29676 13.66541 0.29262
2.31288 -1.9424 1.13992 15.17373 1.84968
2.71624 -2.13807 1.96946 16.03583 -0.01628
3.90017 -0.56715 3.14719 16.38672 -1.58694
4.87771 -0.75533 2.60815 17.90337 -0.60069
3.23948 1.87445 1.62162 19.90322 -0.26656
2.40748 3.52382 2.83326 20.82778 -0.43781
1.43913 4.53473 4.09728 22.37301 -0.48631
0.00408 6.02381 4.0446 22.86191 1.50151
-1.08547 5.57256 3.42962 25.89567 -0.2093
-2.80955 6.68682 4.76912 26.52289 -0.09182
-3.42586 4.98451 6.33217 28.30445 1.40242
-4.08263 4.43098 4.88383 28.62899 1.04207
-4.1912 3.57132 2.22725 29.3025 1.76816
-2.195 1.77516 1.89886 29.79642 0.14305
-1.48928 2.55178 1.54053 29.94235 -0.05735
-1.17531 5.36258 0.00205 28.27524 2.42277
-0.87582 4.69621 -1.25809 25.8944 0.18602
-1.39816 4.1595 -0.94769 25.61563 1.69824
-0.80524 3.26125 -0.55145 25.82533 1.26031
