-2.45714 3.69027 0.52259 0.82804 0.87477
-1.91091 3.16869 -0.47282 2.56719 0.97175
-0.62452 4.18187 -0.6378 4.56507 2.81011
0.04273 5.34171 -1.93694 3.235 3.89358
0.30263 5.79506 -0.33978 4.81445 4.29697
0.69275 6.36457 0.37487 6.35706 4.70911
1.40834 6.07184 -0.62601 6.1435 4.14537
0.42135 5.67554 -0.36048 8.27325 3.21825
-1.24601 3.84187 0.21697 8.90296 5.16272
-1.98118 2.94005 -1.20671 9.09417 5.04383
-1.96815 2.10097 -2.88141 10.82837 5.09607
-1.80483 0.41014 -0.81502 9.3782 6.59702
-2.06804 -0.32632 1.84172 10.26063 1.51495
-2.3286 -1.16541 0.28246 10.3741 0.42114
-2.22775 -3.36281 -0.9355 11.34586 -0.26308
-1.05002 -1.175 0.77768 9.95092 1.44096
-1.26198 -1.87091 -1.63927 10.51441 0.55637
0.27199 -4.18656 -0.66389 9.28868 2.14134
-0.67046 -5.45908 -0.43597 10.46427 1.74318
-0.26076 -4.29104 2.01798 9.09812 3.02921
0.58362 -4.69946 -0.15229 7.91704 3.10097
1.35354 -6.53535 0.12817 8.84206 2.90389
1.91261 -6.81191 -0.3125 10.89137 4.32152
3.0641 -7.43412 -0.3116 12.07551 4.19904
2.05571 -6.05301 1.09763 11.51132 1.51717
0.42247 -5.00324 -0.92479 10.16643 2.92613
1.40105 -4.82789 -0.41028 9.00053 3.17974
2.07244 -4.50283 1.8263 5.61502 1.97523
1.72465 -4.88051 -0.03022 6.73084 1.50014
2.84536 -3.38016 0.67048 7.82173 2.37466
-0.03902 -2.24662 -1.24027 7.27389 2.72693
-2.4459 -2.32735 -0.86792 8.43427 4.03887
-2.39725 -0.83976 1.009 7.94972 2.42641
-1.9475 -2.45522 0.64343 8.34356 0.82613
-1.38772 -1.09274 0.07422 8.95523 2.0071
-0.22808 -2.19996 -0.87981 10.10996 1.04547
-1.01772 -2.2591 -2.43133 9.32613 0.70441
-1.45685 -1.03193 -0.82401 11.60078 0.01283
0.61671 0.77426 0.55348 10.89196 1.61766
0.38849 0.254 1.41499 10.30067 1.42965
1.08953 0.02665 0.56135 11.30029 1.29639
-0.01538 0.00342 1.08806 9.29984 0.7069
0.86194 0.31567 0.18121 8.83098 1.55535
-0.18482 0.12255 -1.43527 6.7316 0.15212
-0.88655 0.48014 -1.12202 6.81652 2.62405
0.17351 1.08415 -0.95119 5.45198 1.50444
1.26216 2.77887 0.34299 5.32388 2.5389
1.23945 1.39318 0.12445 7.21928 4.05249
0.89203 0.08709 -0.96753 6.61465 2.3421
-0.25826 -1.30387 0.94876 5.82687 1.58927
1.16423 -1.7243 -1.50962 9.21438 0.49361
0.30831 -2.76145 -0.37207 8.5015 0.83867
-0.11005 -2.52978 -0.49401 8.89543 2.72032
-0.36882 -2.16147 2.33409 8.89605 1.92676
-0.35467 -2.69706 1.57225 7.83558 1.65483
0.06873 -2.56379 0.92757 7.59466 1.79808
2.2133 -1.95398 -1.24309 9.34573 3.01562
1.92399 -1.12189 0.72723 8.25258 3.77891
2.8152 -0.27618 1.98176 9.64456 2.28461
2.07213 0.53949 -1.10764 8.15956 1.86439
2.21052 -0.37619 -0.23929 7.77574 2.21828
2.71997 0.28732 0.21963 9.10132 0.26478
1.24957 1.04729 -0.09697 9.07126 0.88903
0.5425 0.83374 0.13303 8.37731 2.62533
-0.51992 0.61042 -1.39104 6.47796 2.29971
-1.03519 0.31027 0.53563 4.29465 1.78828
-0.17813 0.69606 -0.46669 2.74929 1.71582
-1.8501 1.13894 0.10274 2.0959 1.27469
-1.02557 0.98534 1.42672 2.12253 2.45704
-0.32706 0.97889 0.3118 0.69905 2.01189
-0.27533 0.92692 -0.52735 0.31073 -0.94813
-0.91772 -0.05713 -1.7533 2.68744 1.38055
-1.50597 0.44047 1.60738 3.43258 0.84734
-2.05625 0.56604 0.31114 3.1665 0.87949
-0.60901 0.07835 -1.58889 3.96913 1.65156
-0.86449 0.31551 0.8075 4.02493 1.96936
0.89616 -0.16278 0.55487 2.06316 -0.05664
0.89577 0.66672 0.53462 3.34574 0.77201
1.20069 -0.47526 0.32142 3.84968 1.50302
1.27997 -0.45897 0.6628 2.96148 2.83893
-0.23974 -2.25708 -0.49325 2.66533 3.07019
-0.41307 -0.61134 -0.96494 -0.87624 2.84637
0.79808 0.07321 -1.83857 -1.28449 1.68116
1.75182 0.30432 -2.21665 -3.53844 1.58897
2.4726 -0.46936 -1.83897 -3.36468 1.57717
3.14617 -1.367 -1.11384 -3.05866 0.22716
2.88588 0.35999 1.09293 0.01532 3.54588
3.57947 -0.57318 0.04725 -0.14787 2.64104
4.03222 -1.28066 -0.32637 0.76962 2.4792
3.67238 -1.27853 0.06171 -1.36359 0.29535
4.52118 -0.88162 -0.22687 -1.98937 0.13751
4.66813 -0.11088 0.94316 -0.87675 0.43349
2.93498 1.28635 -1.43382 0.25649 0.58577
2.43058 0.67326 -0.45936 0.30332 1.00373
0.46826 2.06814 -2.25174 3.58677 2.24916
0.54908 2.51847 -0.34423 3.18849 3.77394
0.15191 1.58806 -0.60701 2.84643 3.22787
0.38717 -0.35018 -1.95898 2.1786 3.97478
0.05296 -0.96196 -1.55417 3.09101 3.22984
-1.20494 -1.57941 -3.21809 5.08756 1.80029
-1.58866 -0.45576 -1.6694 4.48159 1.67587
-1.0302 -0.68559 0.23886 4.6708 1.17838
-2.20061 -0.21101 0.26405 5.64183 1.73099
-2.72733 1.92551 0.94524 5.35616 2.40095
-1.19622 2.24209 -1.16971 4.11505 1.36756
-1.59286 2.68151 1.94526 3.16902 0.59638
-1.37787 3.76035 1.55468 1.8866 2.97236
-1.01925 3.00761 0.50858 2.72747 4.9868
-2.93336 0.38924 -0.53778 4.76479 5.43311
-3.45365 -1.32444 -0.16552 6.48189 2.93215
-2.28652 0.34298 1.26647 6.28466 3.16148
-1.16029 0.05524 -0.06104 6.65084 1.59583
0.16897 0.34147 0.02117 6.75565 0.55934
-0.78053 -0.42003 0.99106 6.33233 -0.26794
-0.79827 0.14822 1.30047 7.55852 1.53792
0.4271 1.19052 0.76493 7.78646 1.82172
0.27281 0.19485 0.51422 6.36992 3.57296
1.13644 1.01413 0.95242 6.1514 2.2016
2.14842 0.36905 0.12313 5.32007 2.41146
1.51408 -0.14081 1.17955 5.29619 2.94372
0.22434 -0.20093 0.19783 3.81591 5.05848
-0.32357 0.56173 -0.03776 4.28921 3.20591
-0.97198 0.56669 0.2645 5.72807 2.25026
-1.49838 1.57313 0.98185 5.43036 2.39784
-1.53454 -0.72198 1.00511 4.85732 2.92935
-0.59017 0.12138 -2.18594 4.83735 1.24358
-1.32555 -1.25186 0.20553 5.70291 1.95886
-0.37584 -1.10205 -0.08615 5.28294 4.5392
-1.48242 -2.49592 0.67133 7.3986 3.77262
-2.79983 -0.88796 0.51444 4.95557 3.96415
-3.17482 -0.6753 -1.02359 4.64689 3.59397
-2.97451 -0.69725 2.10859 4.4054 3.50832
-3.4325 0.0494 -0.20514 2.91863 3.02818
-3.56981 0.38509 -1.38452 3.14563 4.05857
-2.12586 -0.21107 1.0018 4.85589 1.94438
-1.29173 -0.16561 0.60206 3.9661 1.13704
-1.04444 1.41528 0.53179 2.85862 3.37526
-1.03955 -1.17208 -0.61473 3.81889 3.73628
-0.1678 -0.92964 -2.13055 3.40716 3.65245
0.87506 -1.50637 1.87809 3.85725 2.48253
0.35939 -1.27439 -0.19588 4.27623 3.12828
-0.08005 -1.53337 -0.25194 4.04526 1.15982
-0.2059 -1.34998 -0.33246 3.66265 2.56939
0.67934 -1.4914 -1.86716 4.70759 4.48329
0.28411 0.20232 -1.68278 5.34418 2.84371
0.06933 -0.81081 -0.71136 5.4777 1.53567
1.33789 1.1761 -1.31513 5.29144 1.69297
1.43329 0.90396 1.29687 5.9391 3.05951
2.00293 2.07086 0.34874 3.68635 1.86253
1.66797 1.75941 1.20851 3.09903 4.45744
0.02957 1.70101 0.14046 2.98055 3.77198
0.14694 2.89152 -1.22426 3.99561 3.59528
-1.69663 3.41857 -2.07932 5.15299 3.77189
-1.47632 1.29582 -1.42824 5.48497 3.86842
-1.46384 1.74833 -1.93682 5.81863 3.57326
-0.77215 1.5118 0.07145 6.1473 1.96533
-1.05379 0.9834 -0.41525 7.99447 4.07899
-0.37651 2.50559 -1.4344 7.03794 3.11384
0.91002 2.84011 -1.57338 7.28273 3.94305
0.32129 2.12735 -0.88461 7.72235 2.95574
-0.86088 4.64447 0.48693 6.7556 3.52689
0.07141 3.13228 0.61452 8.0342 3.53201
2.0767 3.93667 0.0531 9.38863 4.05916
2.40699 5.31869 1.34022 9.8454 4.83642
3.94851 3.4316 -0.08204 13.03771 4.30742
1.95322 4.13792 -1.87954 12.79804 2.89749
1.04657 3.21325 -1.01613 14.06106 2.33126
0.30751 3.87381 -0.61949 14.88257 3.94106
0.00995 3.44967 0.51222 15.52675 3.10093
0.87616 3.03735 0.37209 16.00728 2.87232
1.02395 3.06176 0.81955 15.18702 3.21508
-0.28381 2.17344 -0.90105 16.12235 1.72428
0.05398 0.92461 -0.58116 14.25464 3.3491
-1.54935 1.73951 0.1534 13.93379 0.75239
-2.91181 0.49369 0.49739 15.0383 3.00752
-3.55874 0.0937 0.21018 15.23553 2.31346
-3.27078 -0.12789 0.47241 12.07572 2.13456
-0.77507 -1.75671 0.20153 11.06385 0.4549
-0.46175 -2.32347 1.73904 10.13696 -0.4052
-1.56537 -3.09479 2.7372 10.82531 0.45563
-1.55042 -3.52189 1.326 9.62206 1.66565
0.06793 -2.39667 -0.24058 8.6333 1.96429
-0.13836 -1.80477 0.54366 8.14281 1.85986
-0.14627 -0.08172 0.18015 8.29579 2.62547
0.08645 1.84863 -0.92048 9.49267 1.46042
0.60167 -0.11361 -0.24055 9.68336 2.35102
0.51802 -0.23889 -0.61365 11.46572 0.07744
1.10285 -0.35814 -1.55648 12.14668 1.27644
0.37826 0.57376 -1.38229 11.47714 1.03066
-2.05042 0.08261 -1.36175 10.9452 0.20289
-0.65859 1.89421 0.85647 9.46405 0.23433
2.04778 2.90612 -0.16936 8.61835 -0.69084
1.44715 3.56957 -0.03041 9.4896 0.97188
2.33842 4.62796 0.30536 8.3241 2.06834
1.02813 5.73225 0.19762 7.11758 3.22427
1.03788 7.22389 -0.31048 7.83365 3.85222
-0.27351 5.22506 -0.40326 8.20596 4.19328
0.62695 3.78158 -0.40674 7.03442 2.82023
0.27512 3.87524 1.24927 8.45402 4.48421
-0.04543 6.18433 -0.59316 7.89763 4.36008
-0.36716 7.73384 0.66421 7.69516 4.1178
0.22484 6.29717 1.61841 7.32502 3.11797
-0.46815 6.80871 0.29867 7.92197 5.2452
1.4495 5.42699 -0.00221 9.4021 3.97506
1.48938 6.13689 0.38277 9.12437 3.62166
2.77374 6.51381 -0.96336 10.02789 3.32496
3.22104 7.32445 -0.04763 9.24138 5.14008
1.47882 7.19061 -0.59747 10.44021 3.22947
1.89836 6.89766 -0.02383 11.52487 1.47121
1.1976 6.88983 0.54464 11.45128 1.14543
1.33477 4.9336 0.22825 11.47567 4.06407
1.5217 3.47677 -0.96357 11.59876 4.1998
1.35501 4.21269 0.1701 11.57286 3.58342
0.74987 3.46969 0.37702 12.45499 3.32311
4.57536 3.29159 0.5117 11.70592 1.58278
3.08136 1.32799 -1.03993 12.0238 2.52414
1.61068 2.37856 0.05557 11.63758 2.75062
1.25857 2.80681 -0.30033 11.97701 2.67092
2.67183 1.1239 -0.62186 13.70648 3.55287
1.94332 1.20569 0.4753 13.00984 2.78808
1.95386 1.17852 -1.2031 11.59199 2.09922
1.15791 -0.14796 -1.19349 11.60171 2.61142
0.85472 -2.08827 -0.12199 11.29121 0.50371
-0.16155 -1.51309 -1.04045 11.97908 3.71627
-0.04263 -1.4327 -1.76126 10.69418 3.32024
-0.78258 -1.14753 1.67088 10.04328 3.58355
-1.49088 0.08654 -1.11802 8.38035 0.21151
-2.12718 0.64454 -1.05713 7.74633 -0.07796
-1.79205 -0.3139 -1.95565 6.45542 1.24174
-2.67309 0.96225 -1.312 7.39479 0.8369
-3.15715 0.05214 -0.47775 4.60536 1.28508
-2.75797 -1.76251 1.13246 6.35514 2.59774
-1.2512 -0.00601 -1.03114 6.69422 2.33237
-0.09229 -0.33825 -1.33604 7.02634 3.67426
1.04785 -1.83247 0.05279 5.86668 2.56478
1.38021 -1.03183 -0.21631 6.82219 2.78751
1.20564 -1.91411 0.45579 5.83189 3.23254
-0.80645 -2.40448 1.63173 5.05555 3.76818
-0.8424 0.81206 0.56553 5.70197 1.97185
0.78399 0.99521 0.5486 4.99029 3.30576
-0.12978 1.00335 1.23771 6.95219 4.25175
1.09341 2.11666 0.13362 6.53639 4.05045
0.36522 2.07958 -0.2338 6.61417 3.54678
0.42511 0.18095 0.09425 4.95619 3.7324
1.11306 0.28392 -0.24735 4.92587 2.10532
1.32321 0.02616 -0.59305 5.24455 0.95694
2.07722 -0.24218 1.73973 7.0436 0.4529
2.92194 -0.71903 0.16493 6.05556 2.03791
1.75954 -0.74757 -0.35167 7.03775 2.25895
0.37287 -1.29644 -2.25057 6.90945 1.08157
0.56281 -0.76157 -0.76218 5.85497 4.64825
0.73206 -1.66708 -1.24948 5.71816 4.70196
0.89971 -1.68106 0.01123 5.33125 3.30471
1.97294 -0.71441 -1.77466 5.73494 1.96668
1.14608 -3.05301 0.57174 5.39773 1.79222
-0.2345 -2.9749 1.02298 4.55591 4.11177
1.54973 -2.57342 1.10191 6.11731 3.63356
2.6179 -1.99738 -0.51169 7.1797 2.58181
3.91758 -1.78103 0.95285 8.18379 3.61106
4.69745 -1.26138 0.26515 8.6014 3.68694
3.72201 -1.7365 0.15652 8.83118 2.24879
2.82018 -0.54144 -0.41656 10.71655 0.85309
0.37749 -0.51308 1.19985 8.24055 0.75239
-0.39449 -1.43854 2.01536 10.44824 0.55924
0.29406 -1.76114 -0.25942 9.08764 -0.18479
0.15486 0.29746 0.64549 8.29983 1.63076
-0.26479 0.95078 0.73414 7.79793 1.76571
-1.22127 -0.30775 0.2149 7.86222 1.33762
-1.12656 -0.23491 0.77771 7.32672 0.91475
-1.80759 2.07482 1.71399 6.923 0.63381
-1.29302 0.78993 1.3616 7.11877 3.16702
-1.0992 1.39882 1.24621 5.37878 2.46351
0.21188 0.77927 -0.30089 7.65445 1.98688
0.22291 -0.49357 0.38899 7.87958 1.13645
-0.3199 1.98036 -1.7303 8.16656 1.28231
-0.64014 1.42264 0.77147 6.78419 3.50932
0.05874 -0.17281 0.08841 7.44659 3.64557
-1.62086 0.38899 -0.58257 6.96655 2.22845
-1.35707 -1.1149 -0.62607 5.68048 1.05499
0.27222 -0.71917 -0.57012 5.39666 2.62276
-1.37914 -1.80796 -0.0389 4.5259 2.37376
-1.95605 -4.50582 -0.8273 4.23657 3.43749
2.04709 -3.80851 -0.66744 4.20953 5.33335
-0.17781 -3.01094 1.16334 4.22763 5.27458
1.44356 -3.84022 -0.77474 5.98126 2.64776
2.75205 -3.29303 -1.52465 5.97253 4.09273
1.50249 -0.84481 -1.42598 6.64758 4.28031
1.68127 -1.50275 -0.42277 7.10265 4.47632
1.15959 -2.58158 0.84858 7.44058 2.07896
-0.21334 -1.92112 0.49467 7.53941 2.59311
-0.29588 -0.31948 1.06609 4.73311 1.45652
-0.15638 1.18266 -1.54953 3.07226 1.15254
0.06785 0.42306 0.81802 3.72975 1.33764
0.00847 -1.08836 0.44385 5.89082 1.69704
-0.16542 -1.27533 -0.30943 5.66094 3.4973
0.51908 -2.10131 -0.55276 6.52981 3.5777
1.17017 -1.82223 -0.90939 6.15806 3.74916
-0.00032 -2.42417 -2.09306 7.7151 4.70341
1.0883 -2.6747 -0.13306 8.59358 4.00227
-0.94625 -3.55478 2.16939 8.9992 5.15796
