2.7889 2.50041 -0.52342 1.43494 -1.38613
2.73809 1.26746 0.46357 0.14321 -0.36791
4.00366 2.43614 1.22701 -0.10722 -0.41128
2.94723 0.51072 0.57366 -0.4725 -0.39688
0.85206 2.2937 -1.3138 -0.48574 -0.97307
0.32057 0.69292 -0.82564 0.41166 -1.45839
0.10922 1.02425 -0.29127 0.27836 0.11999
2.21121 -0.29677 -1.46128 1.68908 0.40641
2.55024 0.59329 1.0115 0.92765 -0.10905
2.18889 0.46381 1.10148 0.29899 -0.80443
2.33691 0.51864 -0.6457 0.21064 -0.52375
0.70907 0.31123 -0.05992 0.99489 0.005
-0.42549 0.97507 0.63894 2.76673 0.77357
-1.11287 -2.13239 -1.1746 1.67629 1.72898
-1.01238 -0.94485 -0.52447 1.15144 -0.16843
-1.7721 0.48138 -0.5612 0.42939 -0.47518
-2.4276 -0.45445 1.16832 0.04524 0.76356
-3.57634 0.7895 0.69754 2.15445 0.78972
-6.14205 1.56663 1.07049 0.59997 -0.3316
-5.60751 0.68026 -0.79528 0.32905 1.20901
-3.19404 0.19529 0.55486 -0.61582 1.31199
-2.76076 2.43968 0.10854 0.3255 1.35941
-1.64966 0.70345 1.41647 -2.60997 1.13663
-0.00635 2.4072 0.61967 -3.22644 -0.77767
0.36195 1.50409 1.28757 -2.7253 -1.19437
-0.31256 -0.50508 1.37762 -1.2245 -0.72813
1.56987 0.83966 0.04172 -1.42049 -1.6247
1.93125 0.32017 -1.22546 -1.3148 -2.11055
1.50382 1.25691 0.88654 -0.55661 -2.5181
1.02189 0.24341 0.79441 -0.88923 -1.93084
1.85354 1.62228 -0.17229 -1.03571 -0.40576
2.04222 3.08208 1.58188 0.48277 -0.2725
3.72639 2.29511 1.6598 -1.68863 -0.51639
4.27143 3.13283 0.76737 -0.58607 -0.91897
4.29408 0.0976 1.11889 -0.48775 -3.28975
5.30286 1.50866 1.17673 0.46253 -2.34971
5.88941 1.8805 0.73555 2.44863 -0.29345
4.03298 0.88994 0.23476 2.9128 0.31126
4.17341 1.25007 2.05759 1.34828 -0.5322
3.45337 2.30736 0.80095 0.83114 -0.78516
3.78371 2.2782 0.47086 3.22214 0.16433
3.13056 0.78285 -0.44008 2.05626 1.3438
3.05569 2.03604 0.45365 1.69629 2.19729
3.14362 3.72299 2.54405 2.54798 2.36312
2.77635 2.29325 2.08651 4.15714 2.26025
4.22581 2.43222 -0.33367 4.37811 1.95492
5.14538 1.05933 -0.51003 1.84623 2.20204
6.67699 3.19364 -0.27244 2.59702 2.32637
5.09405 0.79836 -0.76465 3.20426 4.31494
6.92854 2.73853 -0.5116 1.19572 2.97168
7.39629 1.93003 0.36754 1.28982 4.58731
6.74551 2.32349 1.81335 2.04971 4.1857
8.88315 2.51637 -0.11195 1.30344 4.48264
6.9693 0.52127 1.49971 0.63708 3.14365
4.09983 2.04947 0.73158 0.80841 2.5526
3.09201 0.66955 0.60804 2.57216 2.58926
3.26423 4.34589 2.43 2.58674 2.34745
1.73405 3.39232 -1.04841 3.09263 2.63104
1.2187 3.51817 0.57152 3.10736 3.23798
2.71629 2.38491 -1.2046 2.20528 3.23805
2.19486 0.17376 0.0547 2.09659 2.57505
2.3077 3.551 -1.19233 1.28735 1.67967
2.38656 1.12717 0.25236 1.19131 3.04415
1.37225 1.35888 -0.62137 1.78162 3.19715
2.7095 0.6316 -2.92101 1.5578 2.17115
4.06665 0.37461 0.28651 1.28127 2.93731
3.08457 2.2876 -0.12627 0.57756 0.31299
1.88508 3.92099 1.03571 1.35493 2.30578
2.51525 3.33769 1.22918 0.69929 2.79913
1.39567 1.09568 1.12554 0.74272 2.08676
3.0666 1.93753 2.51865 0.12738 1.52036
3.30647 0.63374 0.57444 0.09327 3.35541
3.89192 4.57618 0.97227 1.33509 5.17038
3.32659 4.40738 -1.30474 -0.87269 4.78057
2.5815 2.84627 -0.2228 1.01629 6.59576
3.76378 2.05485 -0.14153 1.70898 5.86537
1.28408 0.44087 1.24976 1.62479 3.24934
1.17282 3.06118 -0.77386 1.66704 2.78823
1.80467 1.52269 0.97512 1.59435 2.56222
1.83108 0.59461 0.27082 0.57466 2.16798
2.73074 1.77335 1.06163 -0.52476 1.82503
3.13349 1.08969 0.37586 -0.80803 1.60083
2.51017 2.69402 1.5174 0.36479 1.98021
3.01097 1.08367 0.50494 -0.55271 0.76154
4.09871 2.66231 2.23756 -0.40107 0.54598
4.64826 1.56028 -0.35212 1.79734 1.02063
4.12283 4.35461 1.5796 1.98071 1.72595
3.63369 0.92366 -0.23119 1.75911 2.60021
5.0739 1.02499 -0.6318 0.70155 2.69595
4.94034 1.94486 0.05786 0.57842 3.62586
5.65867 4.64843 0.16826 1.63161 2.40221
3.76007 2.69604 -1.45017 0.7782 3.28617
3.40282 3.62592 -0.29575 -0.06544 3.9117
2.13125 3.42927 -1.0891 2.11221 3.32955
2.95795 0.82851 0.06518 1.93046 2.97384
3.47085 2.52623 1.08825 1.38377 3.68072
3.82141 2.0302 3.30053 3.53804 4.92869
3.51619 2.50764 0.42874 2.4918 4.37804
2.06636 1.64819 0.41118 0.15791 2.02534
3.48101 2.80626 0.56285 -0.71932 0.9284
3.69986 2.737 -1.23187 0.72664 3.28222
6.21653 3.56687 -0.49509 0.11695 4.66249
6.9169 3.48512 -1.33461 0.10415 5.82681
6.84146 0.60709 1.15949 1.75579 4.81797
9.17606 0.62001 -1.09491 2.53154 4.05907
7.2121 2.18621 -0.18168 2.16088 2.40382
7.32208 2.85983 -1.37555 2.25218 2.77216
8.15393 3.57077 -0.33829 2.18119 2.6302
7.68731 0.93156 -1.46701 1.47723 0.65733
6.97072 2.11767 0.29664 3.82066 1.15275
6.70284 2.35297 -0.95891 3.88391 2.08994
5.26783 2.00991 -0.30914 1.28332 1.50763
5.08116 1.88599 0.4524 2.58434 2.06763
5.073 1.12138 0.94134 2.20823 0.19676
4.47696 2.2341 0.96351 3.1909 -0.90801
4.52259 3.37086 0.65529 2.42827 -0.59129
6.40462 -0.50135 -0.46099 3.07495 0.59696
5.51268 2.88195 -1.40215 2.2998 1.16336
6.06947 2.42876 -1.80602 2.59802 2.09682
4.20593 0.68812 -2.29716 1.51243 2.61737
3.68169 -0.29394 -1.07803 3.34993 2.07553
2.81132 -0.18594 -0.77962 1.46526 3.28664
4.04405 3.41885 0.62914 3.53438 2.10174
3.36656 3.53664 -0.52341 2.51954 1.10468
2.1447 3.99715 -0.56155 1.07234 -0.18214
2.57533 0.19179 0.50787 0.70638 -0.84886
1.80154 2.91405 1.59661 3.45417 -2.27003
3.13556 1.59287 -0.29346 2.98126 -0.44683
2.67239 -0.54059 0.42264 2.2534 -1.09031
1.22657 1.3043 -0.77653 0.4259 -0.07262
1.30039 1.26068 -0.42863 0.95124 0.07546
1.75903 0.64912 0.14654 -0.17614 1.04287
1.5739 2.23535 0.46713 0.46283 0.30311
1.58062 -1.23937 0.5536 -0.50635 0.11817
2.6749 -0.26668 1.11883 -0.71193 -1.61052
2.44501 0.46666 0.63679 -0.29718 -1.96319
1.56532 1.59865 0.818 0.8562 -1.46973
0.88587 1.85871 -1.1686 -0.12755 -1.88325
2.95491 1.32089 1.86899 -0.27348 -1.75667
0.82577 1.27327 0.5698 0.32371 -0.63902
1.65615 -0.24705 1.94677 -0.97776 -1.18252
1.03586 0.23616 0.06601 0.13391 -2.73021
1.34808 1.94918 -0.52944 1.63972 -2.87554
1.33712 0.10283 1.34532 2.91761 -3.50034
-0.52793 -0.77888 -1.08556 2.8203 -0.83098
-0.40231 0.16465 -0.26837 1.40733 0.33802
-0.74699 -0.25268 0.59264 1.12694 1.47949
0.78404 1.50622 0.30026 0.74304 2.31449
0.19181 0.45249 0.21141 0.32047 2.70621
-0.50844 2.30955 -0.91184 0.89947 3.85335
-1.30276 1.5262 0.52042 1.14299 4.95927
-0.57848 1.70687 -0.04611 1.48437 7.00642
-1.81167 1.1159 -1.0343 0.35533 5.72144
0.29243 3.31166 0.37157 0.08631 4.4439
-0.1216 1.9581 -0.60312 -1.53168 1.977
-0.69004 -0.47324 0.57159 -2.17215 1.69369
-1.02452 -0.07759 0.33749 -0.47829 1.24957
-0.50654 0.62013 0.08531 -1.52468 1.11367
-2.42621 -0.24 0.06372 -1.07496 0.56385
-2.00448 0.60433 -0.42386 1.37695 0.91935
-1.58213 0.34283 -1.4755 0.93578 0.51636
-1.7906 1.01589 0.45098 -0.8504 -0.23878
-1.36602 0.90739 -0.24813 -0.80637 0.32938
-1.33442 1.15606 -0.64344 -2.32266 0.43136
0.12871 0.22078 0.98552 -0.28725 0.94649
-0.58089 0.29255 0.5846 1.21824 1.52059
-1.76975 1.18913 0.73684 0.84579 1.99243
-3.14199 -0.92835 -0.61932 1.33677 2.43207
-1.59737 2.82887 0.52884 1.04646 3.26341
-1.46054 0.88586 0.51032 0.0989 3.62479
-0.94897 0.62543 0.2091 -0.66173 2.64533
-1.49373 1.1917 -0.88527 -1.38017 1.75434
0.54621 1.27864 0.75562 -1.52523 2.12398
2.61437 0.82352 -0.72095 -1.22969 0.22742
3.64138 1.99746 -0.66112 -0.41827 -0.77316
4.59881 3.05134 -0.11692 0.42545 -0.13219
2.50182 1.97564 1.30269 1.2069 0.38996
0.85353 2.5346 -0.32156 0.14989 -0.87158
2.38101 0.83419 0.25679 1.02819 0.1488
3.01796 -0.58193 -1.21709 1.48823 0.66073
4.19161 0.62029 0.46925 1.82055 0.24291
1.75622 0.09721 -1.95 -0.27014 0.31981
1.10459 1.31785 -0.44023 0.13557 -2.47601
3.08351 0.55011 -0.07613 0.49594 -2.42663
1.92428 1.63689 -0.07734 1.97002 -3.01222
2.96949 1.0131 -0.0441 1.87561 -2.60342
1.96787 1.98962 0.74716 0.46955 -2.83078
2.36331 1.88805 -0.22674 1.04179 -1.89235
0.18406 0.63228 0.1718 1.19462 -1.40059
-0.19413 4.46867 0.94332 -0.39767 -0.19182
0.82985 2.03993 -1.46609 2.4666 -1.09812
0.32811 -0.29676 -1.33602 3.41551 -0.63629
1.574 2.5657 -0.49598 2.2133 -1.59665
2.38283 1.2171 0.07796 1.0643 -0.89731
2.13553 0.17878 0.70522 1.75524 -0.84429
3.50912 2.45948 -0.11083 1.17211 -0.24244
3.53551 0.7668 1.41546 0.93825 -1.37837
2.34098 1.28149 0.61123 -0.08448 -1.56218
4.01911 1.51379 -0.06052 1.17304 -1.32588
4.5817 1.31622 -0.71352 2.04528 -2.04162
2.84927 1.71726 -1.90084 0.18541 -0.52147
2.43272 2.10417 0.12455 -0.48576 0.26405
3.16158 4.37552 0.31582 1.03486 -1.09698
2.08612 1.91875 1.12734 1.84214 1.08599
2.958 0.95282 -0.12351 -0.06012 3.30919
4.2087 -0.16921 -0.04384 -0.50353 2.7145
4.98926 -0.59131 0.067 1.2968 2.81893
4.72062 1.71879 2.30309 0.46129 2.18592
4.02865 3.88768 1.8697 -0.85994 1.28129
3.85967 3.32903 0.66152 0.1778 -0.726
5.8174 2.08679 -0.18161 0.21292 -1.4911
6.64936 2.01175 0.12608 0.93487 -0.55321
5.81748 1.75501 -0.63263 1.08902 -1.50094
6.08977 1.11406 0.04872 1.25221 -1.72453
4.59991 2.00561 0.35342 2.29695 -1.25344
5.99887 2.37166 -1.06738 3.77439 -0.70187
5.85277 3.47861 2.02819 4.47311 0.06459
7.56325 3.30065 0.16631 4.02629 0.31945
6.24271 1.91818 0.75377 4.25837 0.60792
7.9762 0.48075 -1.1199 1.83714 0.75383
7.71198 1.50348 0.53516 1.93128 1.90598
7.7846 1.36488 1.27149 2.25839 2.62543
7.76617 2.38882 1.57471 3.62027 2.55817
7.95898 -0.7915 1.122 3.11141 1.22133
6.18711 2.83951 -0.17596 4.30325 0.23303
5.9116 2.80271 0.05829 3.83192 0.32375
7.24117 3.84078 -1.42494 3.86985 -0.27901
5.19942 0.57753 6e-05 3.05773 -0.23254
5.57543 2.12557 -0.46279 0.94972 -2.10725
5.51941 2.39048 0.36864 2.48852 -1.4092
3.99025 -1.07218 1.79406 2.9276 -2.52512
2.73783 -0.44688 -0.97628 1.59725 -1.97085
2.85637 1.11189 -1.16018 -0.73598 -2.30481
4.14568 2.19801 -0.39312 1.11838 -1.20199
3.39336 2.06784 -0.77552 0.0493 0.32061
3.56993 1.79012 -0.63641 0.22478 0.46308
5.34489 2.66816 0.47365 2.33154 1.96386
5.09829 0.71039 -0.47421 0.27322 3.71055
4.86706 1.49287 0.01582 -0.59079 2.21132
4.97772 1.71779 -0.53171 1.48244 1.79231
5.55958 3.49811 0.37671 1.43012 2.50538
4.92274 3.8469 -0.03874 2.94362 2.53384
4.00926 2.24599 -0.71314 2.28391 3.35586
4.80878 2.66034 1.81342 1.59221 2.60302
4.23808 1.14994 -1.28845 1.77962 2.15426
3.25483 3.1068 -0.43287 2.33965 2.7214
3.05932 3.84262 -0.38604 1.63133 1.2628
3.34401 2.18898 -0.06894 1.25388 2.23344
4.84195 0.09296 -0.22798 1.41965 2.74721
5.71653 1.05651 0.87457 1.867 0.73527
5.29031 4.15903 1.58534 1.50107 0.90887
4.67298 1.55307 -0.14143 1.86475 -0.30148
5.29605 3.63635 -0.92319 2.10176 -0.34492
7.27224 1.00353 -2.26185 3.82976 0.94274
7.56498 1.63134 1.07099 0.37219 0.71199
8.3904 1.65061 0.13367 0.26939 0.93152
9.4929 0.18142 -0.78243 1.8842 -0.28777
8.64776 1.7548 0.23963 2.24099 1.13813
6.94048 -0.08346 -0.50836 2.08581 0.72653
4.98187 0.58699 1.39173 1.87639 1.32608
5.65379 1.20209 0.40225 4.00214 0.92244
5.43774 1.56578 1.51993 3.11514 0.90258
3.14401 1.78489 0.73627 0.99168 1.6461
4.03026 1.64225 -0.55625 0.21108 2.08062
3.86602 2.1541 0.07422 1.22579 2.91173
2.63797 3.32146 -0.6169 -0.44048 3.99609
2.42574 3.08294 -1.1833 -0.57266 3.15237
2.69031 0.99686 0.18357 -0.38284 4.15302
2.79542 2.20183 1.96077 -0.15593 4.05775
4.28136 4.59965 0.34176 -0.02478 3.77656
2.12616 2.00748 0.12694 2.0494 3.94662
2.61923 4.00789 0.08034 1.84047 2.6284
3.97417 2.76622 0.38358 1.59571 2.47498
4.68274 1.72546 -1.83897 0.73065 0.8695
4.79837 2.50405 -1.14166 0.29257 1.72107
6.39984 2.48115 0.80693 0.97145 0.92228
5.36043 2.92508 1.13235 2.14374 2.44631
5.1843 1.47955 0.26063 0.55548 1.94765
5.8981 0.02561 -1.47759 2.78278 0.87617
6.42693 2.31095 -1.33883 3.10886 0.92869
4.73563 1.6062 -0.90465 2.878 0.49126
3.46266 2.91234 0.04125 1.03196 1.75511
1.74541 0.06948 -1.198 1.78594 0.87061
2.15727 1.89606 -0.24859 2.72953 1.04204
2.33956 -0.15211 -0.11331 0.40704 0.69332
1.23039 1.42911 -0.68842 0.20178 -1.00405
1.52717 0.36705 1.34079 0.57145 -3.10387
-0.12258 0.61162 -1.86654 -0.02753 -0.73255
-0.494 -0.49873 -0.46239 1.68355 1.01254
-0.2568 1.21897 1.02887 -1.81577 1.02855
-2.02283 0.63661 -0.63665 1.63316 3.02159
-3.68065 -0.63707 -0.28803 -0.76718 3.82296
-4.2489 1.64401 0.79339 0.3691 4.19498
-4.705 0.63411 -0.46957 -0.9134 5.49949
-2.93745 3.77594 -0.2929 -0.40671 5.24253
-4.29244 1.44439 1.32978 1.06708 5.71378
-4.77526 1.19451 0.28532 0.2402 3.46287
-3.86421 1.74735 0.50473 0.84972 2.67869
-2.32948 2.10565 1.01134 0.38153 2.15166
-1.47762 2.31295 -1.43909 0.04877 2.38236
