0.78998 0.41505 0.48305 10.15435 0.48451
1.31916 1.36389 0.82587 11.5506 1.51876
-0.41576 0.53485 -0.02933 12.19028 -0.01983
0.56413 -0.11591 1.5372 11.31247 0.06105
1.10431 1.56843 1.219 9.16044 -0.24349
0.6501 1.39179 0.89509 9.53836 1.13982
-1.13734 -0.48578 0.45805 8.84872 -0.71532
-1.07593 0.73469 -0.24026 9.54562 -0.29626
0.7562 0.766 1.42742 9.37374 0.70563
-0.4476 1.04305 -0.09218 8.57312 -0.21572
-1.28143 -0.85315 -0.99301 9.50244 0.9413
1.49099 0.46246 1.15341 5.54783 -1.65498
0.32907 -1.44037 -0.36038 4.95068 1.06639
0.3885 0.15699 2.02886 6.51026 1.25493
-1.23628 -0.35559 1.75199 5.56105 0.13054
0.08392 0.65207 1.1889 3.52027 -1.58432
1.24822 0.57657 3.01694 5.39115 -1.66453
-0.20338 -0.55106 2.30188 4.74065 -0.44969
-1.78659 -1.69476 3.10827 5.17643 -0.59112
0.44804 0.57448 3.73442 4.93911 0.07474
0.27378 -1.48232 3.57552 6.80934 0.08055
0.69229 -1.14482 3.78251 6.74785 1.12039
-0.94811 -0.34808 4.06926 8.89158 -0.90898
-1.05626 -1.21271 1.49941 9.34851 -1.71512
-0.92049 -0.86766 1.33216 10.99905 -0.21538
-0.2281 0.38287 2.45299 11.5684 -2.38783
0.32646 1.02963 2.02221 10.08242 -1.14067
1.2438 0.10745 1.67005 9.65617 0.81477
0.8783 0.98558 1.42793 9.1829 0.39102
0.23537 1.63677 1.727 10.51407 -0.08829
-0.57961 0.72341 0.7785 12.13502 -0.86699
1.42312 0.54515 2.00401 11.30486 0.46303
0.1827 -0.97792 0.10942 9.5416 -1.21319
-0.56197 -1.88546 0.85679 10.58038 -0.48177
1.04621 0.39325 0.64467 9.43822 -0.14088
0.7644 0.31128 0.11615 9.04722 -0.58702
0.75573 -1.61277 0.43835 9.73736 1.24377
-0.01097 -1.22909 0.18708 9.32996 1.3871
0.83946 1.39189 -0.11189 10.24816 -0.53287
-0.82245 0.48067 0.61844 9.13833 -2.25987
1.24266 0.88745 1.98246 8.69913 -1.19468
0.91427 0.3685 1.39633 8.06571 0.22699
-0.80511 -0.62016 2.58375 7.49983 0.09374
1.82048 -0.17079 0.16469 7.55307 1.20099
-0.60507 0.73848 -0.51832 8.32033 -0.0323
0.84228 -0.87943 -0.51797 9.62813 1.15483
0.30756 -0.77158 1.10633 10.05902 0.38563
-0.31858 0.13354 0.51987 8.92874 3.01464
-0.14829 -0.4404 0.34533 8.6374 -0.01029
1.91387 -0.82348 -1.13915 9.17686 -0.29249
2.15862 -0.41555 -0.46432 8.68108 1.83166
1.12911 2.26654 -0.17917 8.0913 -0.96154
0.80788 0.3956 1.24402 10.5554 0.96962
-0.35486 -0.48824 1.51127 11.10997 -0.30692
-0.15288 -0.1774 2.20249 9.82214 2.19262
-1.23876 0.94025 1.01929 9.11434 2.93189
1.38968 1.2998 0.11019 8.30287 -0.3232
0.81335 0.70502 2.12334 8.64266 -0.48356
-0.04188 0.41624 1.82511 10.6295 0.7546
0.36721 -0.81298 0.57771 9.08849 1.10821
0.32039 -0.61941 -1.21494 8.28253 1.44838
1.07277 0.3256 1.16241 9.59766 1.40946
-1.5214 -0.84252 0.68276 9.48365 -0.65017
0.34888 1.68728 0.21707 8.42128 -1.11964
0.57159 0.55616 -0.4736 7.96728 -0.70416
-0.01584 -0.41131 1.18924 7.62029 -0.18554
0.92215 -0.82899 0.89333 8.24159 0.34484
0.49475 -0.25884 2.58574 9.45636 0.65741
0.35662 -0.6662 0.74884 9.02906 -0.44536
-0.62839 0.24589 0.49863 8.7943 -0.01716
-1.32252 1.36592 -1.52102 8.31186 -0.96877
-1.61553 0.09561 -1.0578 9.95716 0.22754
0.08092 -1.34351 -1.01474 8.66668 0.20789
-0.00163 1.43761 -0.78039 7.03945 0.77148
0.03799 1.61697 0.28511 5.57623 0.46781
0.43577 -0.40824 0.88577 7.31544 1.28608
1.46475 0.05065 1.45088 6.76339 -0.58118
1.94705 0.07068 2.1071 7.08278 0.55725
0.42893 0.18635 0.50155 6.40889 0.85983
-1.29272 -0.60349 1.48121 5.80645 2.48424
-1.62771 -1.06289 2.32699 5.03599 0.20951
0.49867 0.23693 2.58793 5.88434 1.12925
-1.49409 2.1504 1.88156 6.14489 -0.21467
0.60513 -0.42889 2.24399 6.70725 0.4755
0.25541 1.24536 2.55006 6.23543 -1.17669
1.17959 0.90483 2.45207 6.66745 -0.47911
0.48903 -0.05059 3.89611 7.82817 1.32236
0.31779 -0.97905 2.02033 8.28873 -1.21989
-0.72915 -0.89955 2.15781 8.51221 0.08845
0.93261 -0.35724 -0.93067 9.22658 0.36896
-0.4633 -0.3333 0.1459 9.91006 1.48819
-0.46222 -0.9247 0.02714 10.77115 0.08522
-0.11514 -1.1674 0.62653 10.58386 0.45209
-1.70793 -0.25872 0.60153 10.06435 2.1176
0.079 -1.2844 -0.76226 9.84717 0.32222
0.02388 0.09104 -0.8615 7.94578 -0.42974
-0.0161 1.46844 0.53366 5.27182 -0.92554
1.01161 1.09709 1.80619 5.43077 -0.09332
1.52331 -0.29685 3.56036 3.91167 1.89712
-1.38517 -0.51819 3.27982 2.02599 0.99283
-1.5288 0.80669 2.91613 0.90575 -1.19799
0.09046 -0.17916 1.32848 2.13137 -0.08653
0.79196 -0.47357 0.04857 1.53637 1.0944
-0.51484 1.31814 0.69386 1.82509 -0.52981
1.29964 -0.48696 1.11193 2.97134 2.60387
0.5112 -0.61164 0.09695 2.70746 -0.93652
-0.04952 1.07147 0.14367 3.03892 -0.67087
-1.2246 -0.09914 -1.36412 2.8593 -1.50326
-1.02066 0.9888 -0.80204 2.94903 0.09929
0.55519 -0.52003 2.09728 3.22504 0.12428
-0.97001 -0.24872 2.64626 2.53643 -1.21105
1.31462 0.73043 3.56576 3.16922 -0.17855
0.04499 -1.62821 2.08545 1.72782 -0.36029
0.47575 -0.8438 1.71571 3.95018 -0.13496
-0.39413 -0.10751 2.79503 4.91627 -1.02709
0.69188 0.38905 2.78138 6.70101 0.23511
-0.8793 -0.64452 3.82876 6.98343 0.55536
-1.10554 -0.27556 1.89007 7.14622 0.11094
1.77881 1.19461 0.17176 7.15272 -0.57594
1.26141 0.12223 -0.31916 7.96673 0.2081
-1.16128 1.08947 0.29843 9.69418 -0.20439
0.62607 0.59265 2.30091 10.09689 0.66952
0.54201 1.29417 0.91645 9.1351 0.539
-0.82441 -0.04412 2.96457 7.81885 0.19294
-0.9884 1.29547 1.17872 5.28676 0.32296
0.11794 -1.77036 1.34101 6.34177 -0.50915
1.05705 -2.80844 1.67642 7.81066 0.13903
1.5984 -1.38604 2.02596 9.90956 0.25313
-0.41509 -0.80021 1.96269 9.97928 -3.46956
-1.15531 -0.59082 1.36112 8.6468 0.38569
2.04525 0.12398 0.6645 8.2334 0.17704
-0.68512 2.02548 1.94652 8.1746 -0.07733
1.28638 0.55474 3.03191 8.75861 -0.20205
1.45414 0.39964 3.06923 8.68505 1.06635
0.46009 -0.62951 0.86089 6.98217 0.74856
0.33728 -1.25401 1.79162 6.87442 0.24997
0.06384 1.28618 0.54282 7.9077 0.91569
0.77002 1.12369 1.64513 10.67073 -1.22099
1.09732 0.57408 1.84561 10.61648 -0.62699
0.51882 1.34822 0.68926 11.21389 -0.01674
1.26957 1.0165 1.2646 9.73197 -2.48146
0.12055 0.74023 1.20544 9.48289 0.78765
0.73068 0.08311 1.2349 9.9223 0.11579
-0.26925 -1.27636 2.00471 8.21466 0.87543
-0.85914 -0.14848 1.53636 8.29896 2.63724
-1.04819 -0.6688 1.11383 7.14668 -0.89811
0.14318 -0.52901 1.79866 7.31579 0.14971
-0.99817 -0.77772 3.54127 6.49787 -0.42659
-0.64701 -2.14155 4.32403 5.30507 0.37273
-1.52271 -1.5606 2.91546 5.9871 0.74312
0.32312 -0.53105 2.38768 6.32048 0.60554
1.22412 -0.52685 1.81529 8.05537 -1.28601
1.21278 1.51053 2.05228 7.95355 0.15381
-0.92284 0.16341 1.28117 8.82698 0.1655
-0.78323 0.96812 2.247 7.59574 0.40547
0.22436 -0.21877 1.08405 7.37551 0.71001
0.07984 -0.05943 2.71538 7.10854 -0.28246
-0.91179 -0.92377 1.95808 7.21233 -0.12791
0.28676 1.87337 1.66264 8.14977 0.75397
0.91054 0.72119 3.51728 7.55815 0.11659
-0.32981 -0.97372 5.18984 7.37622 0.06954
0.64993 0.17413 3.76003 8.97956 2.40092
-0.46984 -0.40588 3.07632 8.05491 0.38768
0.12178 1.49291 2.25189 10.11243 0.79126
-0.48402 -0.33118 1.44342 12.00525 -0.84265
1.13923 1.40338 0.42223 10.3036 -0.97053
0.51003 1.74593 2.70117 9.57518 3.4273
1.18591 -0.47737 1.58878 10.14298 -0.3824
0.78495 -2.23393 1.70017 7.84452 2.35979
-0.54183 0.22415 2.00591 9.10391 0.22101
0.69397 -0.53511 0.98033 11.77024 1.14786
0.97393 -1.36555 -0.27831 9.93391 -0.31253
0.79285 0.17597 0.91862 9.20242 -0.2066
-0.18105 0.24921 0.9335 9.244 -0.07386
0.41027 0.45341 1.75062 7.9828 -0.75786
0.19631 2.02111 1.69457 5.17753 0.273
0.93671 -0.241 3.44021 6.68354 -0.34942
-0.0252 1.41237 2.63281 5.803 0.08719
-0.34442 -0.61598 3.65457 6.93912 -0.44391
-0.29439 -0.25463 3.53682 5.95003 -0.48312
0.47465 0.81659 3.10884 6.75839 0.24823
0.3505 1.05372 1.52573 6.91218 0.2037
-1.33375 -1.87527 1.55331 7.51568 -1.54417
-0.74237 0.14231 3.21497 8.11704 0.23631
0.17443 -0.54104 0.3344 8.53327 -1.57838
0.06125 -1.05306 2.42621 7.18438 0.27907
0.5133 -0.70241 1.45813 6.91942 -0.67674
-0.75824 -0.15325 1.74487 4.81563 0.84388
-1.22089 -1.67065 4.05275 5.11317 0.86036
-0.15506 0.02695 3.06156 6.64141 0.1219
0.09209 -0.66938 3.32806 6.83444 -1.26711
-0.42269 -0.35632 2.24597 6.97413 0.88308
-3.44286 -0.95759 2.38565 7.73714 -1.74916
0.50947 -2.17038 3.49203 8.84267 -0.12745
3.27234 0.02315 1.63992 9.74369 -0.46157
0.04272 -0.13747 0.33413 10.87543 1.82829
-0.25745 0.18842 1.82849 12.19403 -0.62932
-1.22304 0.56562 3.58112 10.75179 0.34144
-0.19132 -0.64888 1.03751 11.93935 0.78559
-1.05938 -1.42287 1.05282 9.54774 -0.79217
-0.34064 -0.62294 1.02242 12.19004 0.13579
-1.03025 -0.3353 1.49791 10.51116 1.03034
0.7358 -0.39591 0.61647 11.72932 1.87761
1.57395 -1.36724 -0.41321 10.63256 -0.93966
-0.29717 0.17085 -0.9981 10.487 -1.63687
0.09116 0.84899 0.55365 9.30253 1.62199
-0.7783 -1.20425 0.92152 11.36171 1.08664
1.8639 0.02193 1.19922 12.66282 -0.03569
-1.90418 -0.4322 0.56352 11.19094 -0.62812
-0.61805 -0.49735 -0.63005 9.67719 -0.28257
-0.99173 -0.85644 0.65048 7.46542 0.13898
-1.38046 0.27341 -0.02672 5.83491 -1.3951
0.59971 -2.43228 2.24419 6.35526 1.23741
0.16693 -0.23647 2.44241 5.57651 0.44738
-0.40572 0.94636 1.80906 5.05055 0.22735
-1.11007 0.45774 0.95481 4.89439 1.36761
-0.44841 -2.15195 3.1704 5.01812 0.58632
-1.51272 0.42817 2.98212 6.80325 -0.17379
0.08067 -1.97341 2.6133 6.89995 0.13208
-1.71425 -1.16413 3.63149 7.21523 0.42422
1.36556 -0.90852 3.48086 7.72619 1.03711
-1.35972 0.7141 3.95255 8.66038 -1.37946
0.67412 -0.67383 2.83814 9.67617 0.60738
0.78617 0.82714 2.21323 9.35895 0.82967
-1.10694 -0.12217 1.05202 9.83788 -0.60934
-0.04844 -0.89412 1.59452 10.25279 1.37061
1.83924 -1.67589 2.10842 10.61471 1.76134
-1.29048 -0.10393 2.81681 11.09239 1.97597
1.23562 -0.8858 0.81151 11.29397 -0.03379
0.53593 -0.43084 -0.91669 10.66108 0.67592
0.05604 -1.06778 -1.71128 11.45626 -0.33159
0.39206 -0.77027 0.45822 10.07394 1.77246
-0.16635 0.03148 0.30198 8.10858 -0.6952
-0.23295 -0.21942 0.92472 6.65742 -1.04315
-1.90161 -0.67298 0.31885 6.36733 0.53112
-1.62454 -0.76276 2.00149 6.53991 -0.7883
-2.05359 -1.18314 2.23838 5.08562 -0.37173
0.54546 -0.68516 2.59843 5.53718 1.37067
-0.99086 -0.68201 4.45605 2.97879 0.14234
0.8818 -0.16591 2.5699 3.46482 0.33944
-0.28248 -0.47421 2.23973 4.20283 1.51148
-1.14595 -0.37399 1.9939 4.97208 0.02891
0.12544 -0.3853 2.64104 6.36973 -0.16813
0.72182 -1.51107 2.62766 7.7273 -0.10783
-0.09072 0.49086 0.74138 7.78891 -1.45775
-0.6795 0.14263 1.17543 7.81966 -0.59775
-1.05423 0.92879 1.13346 7.57034 0.50616
0.87878 -0.3123 3.26497 8.61168 -0.40101
0.11394 1.71463 1.13213 8.54783 -0.29599
0.37026 -1.07727 2.84222 8.27564 -2.84659
-0.06009 -0.38142 2.80954 7.172 -0.62777
-1.85263 2.30773 1.04383 8.91653 3.15001
0.00514 -1.00895 2.68937 7.65874 -0.43787
1.38544 -0.53107 1.7698 7.87262 -0.8142
-0.84167 0.21876 1.84405 9.20362 -1.35144
-1.27282 -0.33111 2.41525 8.80398 -0.96799
1.35449 0.28191 1.89422 8.88848 -0.72698
-0.69693 1.8363 2.3354 9.27927 -0.63855
1.66309 1.94704 2.85242 10.16782 -1.46547
-2.61337 -0.06644 0.97794 10.33735 -0.04049
-0.23375 -0.06771 -0.72902 11.19225 1.66129
0.25064 -0.71402 0.94485 8.73623 0.97594
2.55569 -0.99278 1.03802 8.92665 2.19098
1.90957 1.44829 0.9137 7.94803 1.09598
0.04996 -0.22722 0.88188 7.79603 -0.57009
0.67948 0.33474 1.85971 6.57863 -0.68927
-2.72433 -0.02281 -0.25139 7.77545 -0.06412
1.69286 -2.68745 -0.02938 7.16278 2.12758
-0.94235 -0.0473 0.43061 7.85413 -0.67677
2.10284 -1.32328 -0.51296 8.03294 -0.20469
-0.75886 1.26384 0.34171 7.05803 0.92087
-0.83573 1.15068 1.40576 7.3602 0.2928
-1.60433 0.66182 2.35817 6.95982 0.81317
-0.31709 -1.73739 1.30656 5.70124 -0.39598
0.63808 -2.6731 2.57358 4.00282 0.0335
0.84856 -0.45829 4.07546 4.69085 0.36312
-1.06032 -0.51581 1.8373 4.8946 0.99519
-1.64879 -1.05086 0.69867 6.61261 1.14228
0.48972 0.48496 -0.68087 7.46912 -1.57949
1.3851 -0.1023 1.42455 8.83197 -0.32862
-0.50472 -0.55683 3.26301 7.26804 1.4212
1.45352 0.21008 0.97939 4.78622 -0.67714
1.01046 0.07879 2.78279 3.0898 -0.10515
0.21883 0.59247 3.97025 3.22465 -0.66798
-0.47927 -0.82454 2.10152 4.8649 1.11115
-0.14491 -0.61071 0.78215 4.67505 0.76825
-0.2469 0.56698 3.90307 6.67016 -1.18178
-1.13642 0.82285 4.78907 9.38539 -0.66981
-0.71316 0.64625 2.42967 9.93232 -0.87364
-1.67623 -0.06363 2.90263 7.85456 0.9006
-0.09577 0.62286 2.53497 8.20281 -0.21951
-1.49669 0.03082 1.55229 8.73457 0.04486
1.79123 0.52773 1.42299 8.16549 0.95182
-1.65838 -2.00415 3.31539 8.62029 -0.105
-0.39725 -2.08196 2.63807 11.45459 -0.99411
-0.02183 -0.54635 0.90181 9.96681 -1.57177
-0.18616 -0.42233 1.28314 7.20659 0.44432
-2.23137 0.03908 -0.76293 8.68981 -0.47744
0.6897 -1.18751 1.90102 10.19272 0.25543
-1.34161 -0.21398 1.6889 9.94669 -0.81631
