-0.60636 1.05993 0.28662 0.02941 1.00462
-0.81698 1.0277 -0.18197 -0.44905 -0.49086
-1.04978 -0.33039 -0.83157 1.05795 -0.82609
-0.77079 0.53444 0.35893 1.90218 2.42352
-2.74262 0.94265 -0.48702 1.23199 1.55979
-3.55009 3.21537 -0.13641 0.33762 0.73116
0.3729 1.67586 1.75478 0.45233 0.37894
1.56369 1.85094 1.01862 -0.86594 2.54688
1.17424 -0.27563 -0.43023 -1.11987 0.8187
1.59426 2.11403 0.37914 3.02426 0.71348
0.23277 0.92337 3.04108 1.50586 1.35222
-1.86225 1.12917 0.15877 0.95375 -0.69157
-1.14522 1.8159 0.15427 0.31013 2.22235
-1.65489 -0.61401 0.38843 0.70652 -0.0504
-2.2187 0.48031 -0.63565 2.13125 -0.52713
-1.1464 1.64015 0.97248 0.37017 -2.10275
-1.16146 0.15821 2.0231 -1.50909 -2.98856
-2.36266 0.80438 0.89623 0.97516 -1.39117
-2.47513 1.05056 0.03792 1.72504 0.47054
-2.33082 0.76575 1.57689 -0.85729 -0.85766
-2.52383 1.62833 -1.05269 -0.3045 -0.78687
-1.11592 1.94767 -0.53664 0.26643 -1.27028
-0.35086 2.28313 -0.34807 -0.32307 -0.1526
0.36101 -0.05608 0.22099 0.44846 -0.75261
1.69346 1.95662 -1.61539 0.50868 -0.71165
2.231 1.15439 -1.79606 1.15047 -0.69078
2.0684 0.9627 0.44861 -0.70948 -0.47521
2.10239 0.90787 -0.24864 0.33487 -0.90209
1.95357 0.3245 2.18164 1.00442 0.58519
3.33123 0.49182 0.44831 1.49886 0.83088
1.87048 1.37308 -1.17867 1.33477 -0.75415
0.09023 -0.78548 -0.43923 1.39333 -0.66472
-0.4232 0.18882 -0.18888 2.54809 -0.98371
-0.07932 0.427 -0.61578 0.93096 -0.46305
-0.0975 -0.73665 -1.38986 0.47456 -1.42272
0.05391 0.17364 0.2938 -0.8061 0.55956
-0.87898 0.82134 -0.62717 1.56088 1.46776
0.25875 -0.6044 -2.44846 2.2131 -2.21218
0.78275 -0.49165 -1.80521 0.96258 -0.70315
1.67621 0.14649 0.57334 0.00376 0.49984
2.01819 0.89517 0.95819 1.06671 -1.32807
1.11237 1.04787 -0.58186 2.93843 -0.51808
1.68563 -0.57376 -1.08327 1.81282 0.9129
0.92244 -1.31668 1.56114 -0.14826 -0.21506
0.58089 -0.50005 0.67555 0.40054 1.61151
0.56338 -1.38887 -0.30882 1.71276 -0.82271
0.06313 -0.96982 1.02088 0.17559 -0.01203
-0.72766 -1.6005 0.00898 2.0962 -0.51389
-1.53145 1.03546 1.73153 -1.42363 -0.45957
-0.33485 1.10926 0.53557 0.17302 -0.57326
1.96989 1.08224 0.55706 -0.2117 0.23497
0.92503 -0.24198 0.89595 -1.16106 -0.2425
0.8554 -0.82326 0.14605 -0.21736 -1.12402
0.85275 -0.57743 -1.46229 -0.83123 -0.97381
0.64782 0.10211 1.34407 0.12755 -0.6112
-0.32107 1.30432 -0.17682 -0.85065 -0.14294
0.95441 0.93993 -0.71902 1.66612 -0.62993
1.02607 0.79284 0.44138 1.96281 0.04661
1.11897 -0.12693 -0.83477 -1.53841 -0.61377
-0.12012 1.21476 -0.88784 -0.67623 -0.70176
-1.19345 -0.78811 -0.58239 0.91181 1.12022
-3.24079 -0.75688 -0.54676 -0.30703 -0.25136
-0.86303 -1.75595 -0.19005 1.58023 3.06269
-1.74148 1.21525 1.8225 -0.47575 1.75539
-2.14489 1.00435 0.44504 -0.21999 -1.53344
-3.22118 1.97757 0.34374 -0.28536 0.75072
-3.24408 -0.02961 0.27087 -1.0763 1.26997
-3.10637 -1.05164 0.42379 0.06759 0.94565
-1.36513 -1.09639 2.454 -0.43025 -0.15126
-0.51842 0.37503 -1.30495 0.17255 1.20852
-0.60548 0.73809 -0.21104 -2.25817 -1.09843
0.05151 -1.56234 1.03903 -0.45157 -0.22987
-2.10196 -0.97824 -1.85785 0.73208 1.28864
-1.07985 -1.7966 -1.22329 -0.13366 0.4537
-0.42483 -0.08934 0.09564 -0.30743 1.0479
0.29412 -0.36477 0.9853 -0.08092 0.83107
-0.03385 -0.60598 0.71499 -0.51578 0.80442
0.74746 -0.2083 0.69403 0.84743 0.36257
-0.9109 1.79642 -0.5309 1.02141 -0.86761
-1.45273 -0.50194 -2.25281 -0.71243 -0.8394
0.83385 0.94384 0.48393 -0.43069 -1.3302
0.33977 3.1095 -1.15504 2.19649 1.05495
0.7201 1.24845 0.67031 0.34773 2.21455
0.2581 -0.1123 -1.45935 2.57907 0.74837
-0.87673 0.21241 -0.88428 0.25311 0.17986
-1.34121 -0.37729 -0.79869 1.06394 -0.14188
-0.2718 0.80093 0.77762 -1.2784 1.23911
-0.38159 0.78548 1.22445 0.61336 2.3632
0.70716 -0.7542 -1.66041 -0.27032 0.57171
0.17483 0.42946 -0.07707 1.05667 -0.87154
-0.90762 0.82862 -2.23392 -0.5332 0.21934
-1.25687 0.06178 -0.81441 -1.21318 0.70994
-1.0155 0.72615 0.25704 1.47777 0.40085
-0.8856 1.35632 0.28228 1.35942 -0.40309
-0.79899 1.44083 1.33521 0.73968 0.56937
0.71807 1.41979 1.53647 -2.54844 1.86697
1.66244 0.7508 0.2825 -0.83316 1.2184
1.64579 0.04622 -0.70318 -0.36299 1.16921
0.96102 -1.18146 1.40958 -2.37347 0.132
0.23632 -0.01212 0.3198 3.08006 -0.28573
0.15948 1.68696 -0.32589 -1.14007 0.20306
-0.8008 0.56962 0.07024 1.22991 1.73302
-0.12351 0.73269 -0.24787 1.98549 -0.05454
0.10808 0.52141 1.94676 0.50222 1.2397
0.39995 0.39397 -0.26452 -1.11777 0.605
-0.34335 0.16781 1.29495 0.26255 -0.643
0.61433 0.93034 0.24618 0.40412 0.70426
-0.6588 0.58806 0.41954 -0.62316 0.13599
-0.88379 -0.26292 0.30754 0.31487 -0.95001
-0.19916 1.25002 -0.5894 -0.48653 -0.12053
0.87316 -0.37171 0.80157 -0.6413 -1.34774
0.07118 -0.41198 -0.78789 -1.22491 1.57866
-0.04562 -0.71746 0.50005 0.69414 0.26801
-2.87304 0.5415 -0.0679 0.96984 -1.99995
-3.80029 1.29457 -0.72899 -0.0009 -0.01677
-3.32173 1.83892 -0.09335 0.6891 -0.23687
-2.43728 -0.90647 -0.35677 0.60808 1.56087
-1.46598 -0.76902 -0.62948 -1.38653 0.87726
-2.44541 -1.11959 -1.96556 -2.03621 1.54431
-0.8903 -0.70193 1.4805 0.05131 -0.49041
-0.80781 0.71859 2.00186 -0.92729 -0.22223
-0.68444 0.34084 0.41696 -0.63921 0.89333
0.06157 0.6767 -0.15932 0.52403 -0.69821
0.5858 -0.81533 1.28212 0.25026 -1.5062
-0.34714 -0.42084 -0.02503 1.07753 0.60124
0.18493 -0.06119 -0.17506 1.66609 0.32483
-0.65118 0.44606 -0.92509 0.02744 -0.14995
-0.28299 0.77226 0.77882 0.37554 -0.12734
-1.20678 0.97947 -1.18651 -0.75602 0.3442
-1.95032 0.25338 0.69097 1.32315 1.80741
-1.46911 -0.77865 0.22112 0.13089 -0.16904
-0.18576 1.37921 2.05798 -0.26557 0.84495
0.36708 1.15052 1.59805 -2.29447 -0.26875
0.74549 0.67083 0.07556 -1.1404 0.76654
0.11116 0.30765 0.46306 -0.24817 1.99412
-0.13644 -1.07638 -1.54065 0.666 0.35303
-0.44924 0.14266 -0.44614 1.18686 0.38945
-1.33127 -1.36318 1.34943 0.07437 -0.34618
0.34108 -0.66101 -0.45976 -0.20767 1.64207
1.55406 -0.54313 0.21373 0.02926 0.08191
0.19786 -0.3674 -0.67392 0.30075 -0.57249
2.08991 -1.00403 0.96866 1.09922 -0.4565
0.56851 1.84149 2.17782 1.30485 -1.31916
0.68578 2.00328 -0.40674 -1.99495 -1.45148
0.57223 0.90793 -0.3486 0.53093 -0.86344
0.20715 -0.58707 0.68098 2.12766 -1.94696
-0.17349 0.55201 -0.65836 0.79857 -0.99826
-0.69731 0.57279 -1.9831 0.82728 -0.87176
-1.69165 -0.67218 -1.32154 0.61753 0.02227
-0.63235 0.15863 0.83004 -0.94852 -0.93561
-2.54084 0.36097 0.02427 -0.02797 -0.80914
-2.97743 0.26886 -1.12471 1.45362 -0.74921
-2.79464 -0.47869 -0.5599 1.01406 0.75213
-2.54279 -0.36852 0.23334 0.32583 0.71597
-0.55841 0.69314 -0.58257 0.49056 1.52177
0.37191 0.95231 0.85731 -1.39703 -1.69926
0.11134 1.34328 -0.51162 -1.34843 0.02687
0.8597 0.16348 -1.48207 0.3092 0.75347
-0.2363 -1.1106 1.03708 0.7529 2.13299
-0.62241 -0.66641 -0.51282 0.61216 0.37139
-1.45337 0.25817 -0.11797 1.37174 -0.38554
-0.81035 -0.00979 0.71217 0.90952 -1.17937
0.91919 1.55299 0.42647 0.72401 -0.18517
1.6129 0.66853 -0.91531 0.11078 -1.51761
2.32168 0.15283 -2.45841 0.599 1.54288
1.71856 0.06788 -1.93999 -0.12113 0.37322
2.99927 0.38779 0.15653 2.54207 0.72086
2.24225 -0.26252 0.11497 2.04116 1.17379
2.48302 -0.28229 0.21879 0.55298 0.12401
3.80174 0.18113 -0.72015 2.29796 -1.18898
3.54416 0.55234 -0.71521 0.62504 -0.51798
2.02971 0.47466 -1.36982 1.41132 0.07664
1.48204 0.17141 0.35376 -0.35827 0.05253
1.98954 -0.00642 -0.51033 1.49238 0.87733
-0.17742 -1.00242 -1.02626 -0.42497 0.22091
-1.31937 -0.04939 -0.12816 3.22441 0.61288
0.20097 0.04962 -0.15841 0.59016 -0.94708
0.11663 -0.15818 -1.15031 0.48284 0.58841
-0.60606 1.53535 0.71099 -0.39407 1.29166
-0.83137 1.17686 -0.07527 -2.89183 -0.50419
-0.56871 0.53972 0.62054 -0.04211 -0.18171
-0.59986 2.66099 -0.82564 1.38511 0.98997
0.94367 0.6811 1.47756 -0.66218 0.4179
0.22198 1.56374 1.30545 -0.79388 -0.20328
1.44447 1.64663 0.1767 -0.9708 -0.08284
-0.19078 1.71249 0.47924 0.50533 -1.39059
-1.51761 0.6884 -2.07471 2.09542 0.38563
-1.54008 0.90655 0.63689 0.95965 -1.80578
-0.83109 2.23221 0.43488 0.31527 -0.03286
0.10921 0.67924 -0.62353 0.36275 -0.58753
0.35308 1.32288 0.84898 -0.38501 0.61599
-0.36498 0.79001 0.99346 0.9586 0.87985
0.40701 0.50548 0.65417 0.01093 -1.85803
-0.46789 0.26986 -0.33117 0.2735 -0.43176
-1.11223 1.29885 0.97386 0.59208 0.50789
-1.75918 0.59742 0.41221 0.60246 0.85084
-0.92348 2.89988 -0.40172 0.69711 0.73641
0.71033 1.5384 0.27569 0.53042 0.54136
0.82349 0.95696 1.35427 1.19753 0.68096
0.80658 2.30055 0.72589 1.418 -0.50655
-0.96737 -0.69928 1.74395 0.38988 1.5211
-0.14296 0.59415 -0.86469 -0.14353 -0.75346
-0.05425 1.13617 1.49447 0.84957 -0.7864
-1.58623 -0.23036 -1.60498 0.17144 -0.73299
-2.28005 0.3548 0.41385 -0.05045 -0.67566
-0.43776 1.04139 0.19796 1.04384 -1.53548
-0.12591 0.18 -1.01387 2.67859 -0.50136
0.16348 0.14324 -1.83114 0.40119 1.59602
0.5831 -2.36371 -1.06045 -0.01329 -0.06395
0.13661 -1.8446 0.0575 0.86821 0.49782
-1.12918 -2.5301 -2.25496 0.4747 -0.77638
-1.79679 -0.25173 0.50828 0.94894 -0.92995
-1.89407 0.09485 0.59195 1.5301 -0.85259
-2.62019 -0.34126 0.44491 -0.45064 0.49928
-2.85607 -1.24918 -0.06977 -0.53076 -0.0577
-2.90548 -2.24761 1.02506 0.01674 -0.25435
-0.3695 0.00553 1.41092 -1.04601 -0.7085
-0.98305 -0.20091 1.00878 0.13742 -1.2699
-2.08017 1.2787 -2.28907 -1.4089 0.72118
-2.03347 2.78308 -0.0712 -0.08605 -0.2119
-0.74036 1.65146 -0.46395 0.9171 -0.5444
1.57908 1.96567 -0.44892 0.92614 -0.27532
1.70689 -0.33419 -1.17323 -0.361 -0.89696
1.5216 -0.76543 -1.16462 0.16243 0.25148
1.26735 -1.44598 2.55211 -0.69501 -0.31672
1.76468 -0.83983 -0.16298 0.97111 -1.37211
1.84096 -0.67315 -1.22097 0.18933 -0.08252
1.45733 -1.17347 -2.78773 -1.9234 0.32461
0.07161 0.74392 -0.51161 2.81049 0.80914
1.28453 1.4603 -0.8698 1.36705 1.34915
1.01764 1.76544 0.4238 0.0388 0.85575
2.63013 0.2628 1.30423 2.95381 -0.91793
1.78054 1.63097 0.95687 -0.14096 1.84786
1.19201 0.1155 0.20391 -0.16736 -1.22432
2.81126 0.92152 0.5192 0.33543 0.96158
2.08166 -2.59332 0.41401 0.65963 0.45335
0.6196 -0.44329 -0.09308 0.93888 0.44852
-0.12191 0.65585 -1.38652 1.06176 -0.61607
-0.24305 0.07574 -1.38782 1.49564 0.00277
-0.8951 -0.78121 0.62943 -0.14527 -0.58411
-0.58729 0.02803 1.50015 0.86126 -2.14005
0.02593 2.06706 0.18876 -0.31969 -1.90542
1.05045 1.58242 -0.78462 0.22255 -1.03891
0.377 1.85397 0.73468 2.31115 1.19125
-0.78082 1.54782 0.57148 1.39417 -2.20707
-0.35445 -0.17902 -1.2751 1.22468 -0.73555
-0.79418 0.95706 -0.61484 -0.25907 1.07556
-1.23748 -0.90028 0.85369 -0.30306 -0.60531
-1.22962 -0.90817 1.1254 0.53303 0.16207
-1.37801 -1.30994 -1.33166 -0.08472 0.95227
-1.41126 -1.63346 -0.45036 -0.08903 0.86073
-0.26574 -0.82818 -0.97472 -1.14286 0.23759
0.50996 -0.2357 0.67134 0.18419 -0.4951
1.47692 -0.54034 0.16021 0.33289 0.49753
3.29627 -0.87972 1.54229 0.06251 -0.3382
1.54467 0.47209 -0.21888 0.72106 0.00132
3.20285 0.87042 1.57408 1.37751 0.39976
3.19795 -0.56948 -0.99723 1.21894 1.85711
3.10925 0.04097 0.99709 3.34953 -2.09337
2.30321 0.64494 0.57462 0.43575 -0.48775
-0.07019 -0.90387 -0.04317 3.04566 -2.68442
0.2475 0.08834 0.21688 -0.7278 0.56176
2.06539 1.23157 -0.55733 1.56607 -0.11697
2.06223 1.94947 -0.7698 0.15012 0.75474
1.20872 -1.33554 -0.86754 1.4656 1.31876
0.64466 0.44062 -0.34289 -0.01151 -1.85561
0.62269 -0.67243 -1.20546 0.55001 -0.94468
-0.28402 2.70736 -0.01115 1.63726 -1.07071
0.10407 0.33367 0.55159 0.86578 -0.99418
0.02185 1.2403 -2.21411 -0.1705 1.88011
1.08921 -1.67144 -1.40005 -0.80269 -0.02168
1.40638 0.57559 -0.29893 0.74813 -0.53464
1.60592 0.56547 -0.33111 1.01876 0.45864
0.62783 0.07928 0.42952 1.52188 -0.93754
0.79825 1.50359 0.42529 0.98684 -0.55398
0.11379 1.20383 0.46764 2.43257 -0.50856
0.68863 -0.05871 -0.44554 0.01937 0.10543
1.09979 -1.04128 -1.2281 0.50724 1.75439
0.54683 -0.30728 -0.26891 -0.67932 -0.46356
1.82201 -0.63116 0.07607 0.53765 0.64078
1.95942 -0.0572 1.27275 1.58277 0.36854
0.12485 2.01897 -0.62398 -0.49141 -1.39391
-1.62742 1.47876 -0.69413 0.82713 -0.86492
-1.12816 0.50496 0.88098 0.61823 -1.75026
-1.35158 -0.75121 -0.26329 -0.31046 -0.14674
-1.14543 0.03398 -0.05159 -0.48657 0.57599
0.06793 -1.09914 1.65451 0.56091 -0.67597
0.00235 -0.58596 0.62491 0.61861 0.08087
0.75786 0.27882 -0.12796 -0.98352 -0.7426
-0.12848 0.4123 1.26801 -1.94115 0.20496
0.31983 0.48521 0.63751 0.04157 0.44402
0.88444 1.57746 0.12681 0.23195 0.49767
-1.03799 -0.07933 0.05574 1.34466 -0.30758
-2.14135 0.30947 1.19839 0.16064 -0.40146
-2.16465 -1.21792 1.06306 2.23788 1.32219
-1.75791 0.12115 -0.14586 -0.3979 -0.9318
-2.36869 -0.12798 -0.04526 0.59574 -1.54233
-3.18318 0.56903 -2.20418 -1.37146 0.37493
-1.56601 -0.98925 0.89486 1.08273 1.46249
0.5338 -0.85949 0.21988 -0.28795 -1.92764
