-1.78454 5.99163 2.89167 1.44693 0.05235
0.50405 5.6489 3.16825 2.27893 -0.05548
-0.56301 4.43447 -0.00734 1.52256 -1.09049
0.019 4.75425 2.54922 -0.19338 -0.21407
2.72041 4.41074 0.55526 3.27845 -1.03964
0.49918 6.51688 0.74731 2.81832 -0.29642
0.24481 7.84262 3.82797 1.36781 0.99922
-1.49497 7.51166 1.0197 1.58498 -0.42746
-0.98471 9.75782 0.53489 1.14968 0.31849
0.92944 10.75982 0.70434 1.08912 -1.10774
0.16424 10.11429 1.78439 -0.81737 -1.85352
-0.87032 8.58315 2.59222 0.65068 -0.60952
-1.39308 7.20562 -0.52524 2.16327 0.90809
-1.35454 6.51802 -0.85657 0.41087 1.11097
0.01254 6.48733 2.12232 0.04561 -1.24727
0.04193 6.72099 2.11436 0.48863 1.03494
-0.13162 7.05956 2.4737 -0.64753 1.39074
-0.71042 6.0819 -0.38727 1.87757 0.97634
0.57494 5.96382 -0.4363 1.8645 0.54783
1.11451 6.13541 2.97303 2.05598 1.00184
-0.67543 4.77248 1.59063 0.87857 1.22779
0.78534 4.62034 1.41467 0.22356 1.3265
-1.80263 4.38472 2.24732 1.7366 -0.12345
-0.0867 5.25004 2.48237 2.27395 -0.16216
-1.64952 6.60243 2.9282 1.60248 -0.95056
-0.43874 7.58048 1.44152 2.08638 -0.73441
1.25738 6.75482 1.67374 0.24944 0.50256
-0.20074 8.66043 3.7061 2.69544 3.07826
-1.73171 8.84094 1.61137 0.89169 -0.77885
-0.0417 8.21335 2.18458 -0.05038 -1.79881
0.10723 6.81773 1.49099 -1.10064 0.51002
-0.34631 7.89933 0.38688 1.80109 0.46944
-0.32347 6.19697 1.49942 0.14043 1.14572
-0.07739 5.31543 0.25928 0.31786 1.6
-0.26331 5.24393 1.97402 0.84104 1.98295
0.10713 7.01701 2.25584 1.58097 1.16319
0.373 5.62934 2.82744 2.37105 0.91053
0.47466 4.02242 2.51452 0.71693 -0.02574
2.20723 4.45089 1.59201 0.61378 -0.88982
2.65889 6.44269 1.40268 -0.59616 0.40527
0.71434 9.516 0.65015 1.10965 -0.22549
-0.55981 8.12917 0.15933 1.63713 0.79352
-0.97968 6.80327 3.17717 1.01432 -0.17452
-1.55689 5.71782 3.46721 -0.4845 -0.14321
-0.19893 6.10914 1.85685 0.6799 0.10351
-0.80358 5.54916 0.35074 2.59956 0.87888
1.13295 4.71059 1.45939 3.29239 -1.20536
1.96934 4.96744 2.03536 2.19001 -0.89126
1.994 4.81778 2.26875 2.67062 -0.75603
-0.60542 5.36591 1.15359 1.42112 -1.92933
0.08947 6.08508 4.8881 0.50554 0.34012
-0.55776 5.23825 4.06621 1.33339 -0.06781
-0.70885 6.23296 4.82759 0.59772 -0.07635
-0.15608 6.01271 2.57941 1.57487 0.43391
-1.01142 6.47103 2.45971 2.86237 0.23202
-2.63305 8.24212 1.91412 2.52316 0.21725
-0.19114 7.24655 2.27918 0.73847 0.61785
-0.9565 7.43421 1.08218 0.86085 1.57118
-1.08212 7.98603 0.80186 -1.06899 0.18795
-0.09296 10.44954 2.28341 -0.28018 1.57147
0.10352 11.72008 1.26042 1.12875 -0.90772
0.62893 10.98957 0.02546 1.40252 -0.57555
-0.10821 10.59628 1.88347 1.83752 1.06683
0.31553 10.52949 1.14494 2.15455 -0.06717
-1.91215 9.03326 1.10325 1.44603 0.41081
-0.7471 7.99908 1.15173 0.5614 -0.30169
0.94512 10.09338 0.3753 2.04248 -0.28721
-0.93356 8.75767 -0.2399 -0.04107 0.09565
-0.55807 8.52341 0.08303 0.64533 -0.17463
1.8635 8.23901 0.63559 1.58664 0.02172
1.31643 8.04451 1.5036 2.09189 -0.86275
0.70337 8.44651 1.12589 1.47594 1.57225
-1.54414 6.71073 1.25258 1.53081 0.69633
-1.91837 4.93629 1.72893 2.05716 0.38879
-0.54855 5.85168 0.4483 2.90764 1.92849
1.244 6.00689 1.38364 2.91312 1.17053
0.93953 6.31982 2.01403 1.04237 0.80109
0.63036 7.97612 3.81407 1.84142 -0.40114
0.52379 10.84993 3.4268 1.38253 -0.64214
1.19696 9.55661 2.64063 1.3252 -0.13858
2.1558 9.24819 2.6797 -0.28268 -2.74042
2.70721 8.52883 2.03853 1.32873 -0.30846
-0.59712 8.1914 0.33268 2.91838 -0.3866
-1.16483 8.26217 0.06328 1.26479 -3.07192
-0.88595 8.63979 1.72803 1.131 0.42692
0.33874 7.75316 1.33089 1.17453 0.40746
-0.22145 7.20813 0.91509 2.65395 -0.18589
0.36787 6.42493 0.14487 2.1473 1.18983
0.93375 6.2077 1.41367 0.07693 0.53428
1.26776 7.61749 0.76546 2.3853 0.28446
0.55982 8.8197 -0.5783 1.62924 -1.04287
0.05678 8.21051 2.08465 1.18197 1.65382
1.01194 6.09934 0.72406 3.19235 -0.10303
0.32011 6.69759 1.24283 2.34655 -0.57691
0.09877 7.89697 2.55687 2.02598 0.53701
1.1721 7.45972 2.51481 -0.37668 0.50718
-0.27184 8.7067 2.50697 0.44631 0.61502
0.36813 9.0401 0.02204 1.29107 0.76994
0.22762 7.84303 1.49692 1.15305 -0.35198
0.76247 7.54558 0.93765 0.83341 -1.17632
1.13619 4.45069 2.60462 2.19594 0.6188
-0.3705 3.71964 0.04975 0.76562 -0.4715
0.12504 4.58497 1.74372 1.81989 0.61132
0.72342 2.72281 0.61535 2.50595 1.14144
-0.95069 1.3615 1.83892 1.11446 1.29339
-0.01468 2.36886 2.01437 1.07946 -1.53538
0.58835 2.24995 0.88946 1.72976 -1.42496
0.72057 3.86264 1.3704 1.68483 0.02839
-0.38282 5.02745 -0.26639 0.93777 0.78685
-2.22661 3.47189 2.71421 1.51475 0.13682
3.05476 4.4007 1.61725 3.36254 -0.21743
1.61209 3.51378 2.80958 1.21745 0.03918
-0.53265 2.3292 3.1861 3.36795 1.6728
0.18539 3.36955 3.52634 0.2337 1.56274
-0.06813 5.0642 2.62797 2.65361 0.41423
-0.4035 7.85236 0.7632 3.66362 1.10772
1.31005 9.45165 1.32261 2.95134 1.98887
2.20075 8.22465 1.92847 -0.47483 2.60892
0.14165 7.55338 1.80611 0.36516 0.32333
-1.58261 7.45359 1.10869 0.02941 -1.79973
-1.21746 8.47217 -0.33765 2.44409 -0.59432
0.37952 8.00852 0.05182 1.12684 0.99168
1.81971 7.68457 -0.32877 -0.30024 -0.40343
0.70473 5.92214 1.12122 0.37015 2.26183
0.71413 5.29147 1.58976 -0.40806 1.68372
0.37181 3.8322 1.64578 1.68561 -1.2344
0.63459 4.09202 1.075 2.85025 0.07592
0.32283 1.4333 1.73872 3.47729 -0.23933
0.47558 1.56008 1.23335 1.5507 0.00097
1.43399 1.39494 2.16584 0.96489 0.90233
-0.79251 1.82336 2.16737 -0.04211 -0.87758
-1.55648 2.0665 -0.25697 0.92604 0.80513
-0.63082 2.69517 0.20153 0.48023 -0.69933
-0.15849 2.85394 1.2718 1.95864 1.12591
-0.36266 2.05437 1.927 1.72511 -0.54107
1.1417 1.10982 1.46449 0.63376 1.38777
-0.04466 1.61937 1.64696 2.27541 1.20346
-1.54662 2.63028 1.80309 1.60262 -1.53777
-0.12266 3.60908 -0.92313 -0.67765 -0.12458
1.30037 3.9007 0.20861 0.58335 0.76242
-0.99191 3.71926 -0.13619 1.90814 1.79275
-0.07844 4.7427 1.57164 0.24785 -0.84017
0.56555 3.19451 1.39275 1.77048 -1.5501
-1.84196 2.6347 4.31997 2.44443 -0.35782
-0.49079 2.40105 3.40419 2.41239 0.60187
-0.9616 3.13095 2.74911 0.39489 0.0015
0.48926 3.11367 1.35482 0.73764 1.14767
-0.11264 3.0684 1.9 2.31911 1.84236
-0.98944 3.77639 1.54561 0.85172 0.77708
0.2536 6.28478 1.33123 0.60599 0.55739
0.97556 6.24213 2.132 1.78615 1.10804
-0.42393 7.65804 1.82062 1.92978 -0.20973
-0.03734 6.08459 3.41021 2.19035 -1.8504
0.00815 6.84997 0.29677 2.46731 -0.41059
0.74857 4.94678 0.35118 2.15835 0.71207
0.96634 5.63132 0.83296 -0.38137 -0.52135
-0.53444 6.32156 0.5834 0.90594 -0.47949
-0.10857 6.02195 0.58845 1.8355 0.27569
0.36174 6.52567 1.25675 1.99976 -0.36023
0.98612 7.53139 1.89327 0.42509 0.29322
0.44784 5.90287 -0.74327 0.07975 -0.91874
-0.27449 6.16212 2.28645 0.09178 -0.75434
-0.97097 6.99006 1.31247 0.64507 -1.81012
0.40894 5.8611 1.44142 3.68089 0.21087
0.46743 4.19873 2.92506 -0.2828 0.19484
-0.0292 4.1301 1.543 2.25716 -2.06311
-1.67938 6.08122 1.71687 1.09533 0.11609
-1.89341 6.98491 3.02852 2.09972 -1.16275
-1.67096 5.89618 2.23288 0.98282 -0.98766
0.15383 7.08204 1.53032 0.12393 -0.37659
-0.80783 7.58228 1.94178 2.36803 -0.23932
-1.2617 9.04842 3.58525 0.94247 1.07306
-0.59312 8.09561 3.52158 1.24622 -0.6463
-0.41635 6.82139 0.3574 2.11138 1.98127
0.01439 6.80288 -0.023 1.11858 1.25396
-0.57782 6.40085 0.5614 0.80612 1.00134
-1.38896 3.91642 2.94052 -0.40174 -0.05151
-1.31807 3.8354 2.6802 2.67371 -0.18819
-0.6311 2.06776 3.90694 1.46039 -0.10812
-0.49015 0.62335 2.58696 2.42707 0.95509
0.22531 1.10307 2.27116 2.62539 1.12222
0.69718 3.66988 1.47659 0.05734 0.89003
0.40718 4.04129 -1.21703 -0.41303 -0.7472
-0.72495 4.70818 -0.29865 0.55087 -1.60768
-1.19764 6.94999 -0.32267 0.6273 -1.31921
-0.88742 6.00884 -0.16916 2.13843 -0.94694
-1.88176 4.62629 2.54898 1.32452 -1.71053
-0.81801 4.04963 2.5682 2.32762 -1.99285
-0.38725 3.66089 1.37183 1.72947 0.49801
0.75472 2.18371 0.98163 1.20821 -0.31119
2.20591 3.56405 2.81327 1.7922 -2.38937
-0.40349 3.80884 4.71307 1.15548 0.18786
-1.39237 4.2996 1.50898 1.95975 -0.95723
-0.83458 2.59842 0.53365 1.01876 -0.11566
-0.64435 3.14915 1.23981 1.82588 0.07161
0.60139 4.96904 0.57816 0.51553 -0.81157
0.37679 5.08577 3.04417 1.6956 0.18056
2.58538 5.5668 1.20723 3.14456 -0.9647
2.41183 6.20441 1.04141 0.38731 -0.18907
1.63698 4.5559 0.57239 0.96303 -0.5766
1.07009 4.44928 0.86815 2.1386 -0.05317
-0.49913 5.79756 2.77744 1.24452 0.06294
-0.926 6.45313 2.22931 4.46485 -0.52623
-0.98334 6.33088 4.8192 1.72828 0.03159
0.82067 6.93752 1.48662 3.80767 -1.20852
0.11129 7.15524 1.69019 1.33026 0.68779
0.30355 8.13159 2.43 1.74521 0.3861
0.16776 7.76217 1.62227 2.38284 -0.66139
-2.58285 8.27495 1.87782 0.69631 0.63613
-2.20605 8.9066 2.58823 0.93548 -1.25329
-1.32182 8.24355 -0.57357 0.1053 -0.81367
-0.33059 6.73074 2.6954 0.35457 0.77891
1.06611 5.67941 3.60421 -0.03654 0.31407
1.30896 4.33815 3.45825 3.36212 -0.33846
0.33763 3.78798 2.13144 0.47522 -0.28965
-1.71807 3.95144 3.09594 1.23181 0.16108
-1.58229 3.78957 1.83722 1.10643 0.37126
-0.72398 5.63808 2.70228 1.92079 0.18234
-1.61398 4.77193 1.1053 1.27607 0.57356
0.90777 3.66481 0.36671 3.06467 0.77959
-0.02562 5.74216 3.67109 2.64357 -1.46648
-0.42971 5.73205 1.86944 0.85289 0.99852
0.18306 4.57935 2.50848 1.74426 1.82352
0.58304 6.98314 2.24461 2.04723 1.44159
-0.37569 7.55917 1.51304 0.15349 -0.6234
0.22412 6.74841 2.70985 0.70841 0.85253
1.98733 5.60731 1.21712 1.06253 -0.27442
1.74835 4.95364 2.03085 1.42015 -0.64031
1.2758 3.45608 0.0575 3.17524 0.99725
1.40671 3.70488 1.21957 0.91136 -0.28001
-0.18762 3.60384 2.57692 1.6723 1.73695
-0.11057 3.35399 4.21285 2.53484 -0.60596
-1.02841 3.00704 1.93394 1.67295 -0.4428
-2.75251 2.61549 4.06209 2.45901 0.64186
-1.30409 3.70767 3.80364 1.75674 -0.64981
-0.61457 3.83643 2.88147 0.56454 -1.99771
0.04067 4.08723 1.61145 1.23784 -0.28355
-1.14511 5.42692 3.62291 2.22869 0.94673
-0.76518 5.8337 4.00043 2.45525 0.56864
0.3766 6.24419 1.46699 2.75303 0.43603
-0.20374 5.71671 1.36342 2.60869 1.02956
0.15473 4.66995 2.11375 0.16756 -0.77774
-1.08131 6.25831 3.26174 1.68797 -0.96226
-0.63039 6.92049 2.57561 2.0886 0.74875
-1.80762 7.34734 1.58278 0.89562 -0.46652
-0.07624 5.96333 0.74249 -1.19694 1.74191
0.62301 5.07571 0.75885 -0.89018 1.69433
0.58195 5.59218 1.62368 1.15934 -0.72611
-0.20756 4.78827 1.20077 1.36892 -0.43318
-0.0812 3.89457 0.69239 2.94611 -0.11445
0.67497 3.88535 0.60705 0.97283 -0.176
-1.73418 4.16404 2.55615 2.67453 0.12828
0.47732 4.20032 0.73276 2.10238 0.61781
-0.05679 4.74062 3.52132 2.11911 -1.4187
-1.73733 4.86344 1.26472 2.37915 0.98427
-1.50373 5.0153 2.75724 3.2046 0.16196
1.40533 6.28319 0.34676 1.29986 -0.24286
-2.78588 5.62237 1.45126 3.16457 -1.47355
-0.40569 6.45436 2.47248 2.58389 -2.01269
-1.39588 7.02013 2.98377 2.95303 0.02504
-2.06832 6.87798 3.84348 1.24409 -2.01433
-1.25183 8.07965 4.0073 0.0665 -2.31496
-2.35561 9.60102 1.4395 0.84562 -1.75822
-0.58361 10.14062 4.00179 1.29883 0.77147
0.51055 8.63963 1.30112 -0.55281 1.0868
1.27509 7.04887 0.36297 -0.05326 1.61383
-0.41979 7.12317 2.86848 1.13614 0.86086
-1.74546 6.98137 3.16224 3.65481 -0.6619
-1.25313 6.67168 1.78303 2.22046 -0.77681
-1.54703 4.57561 1.12118 2.69865 0.74377
-2.12884 5.56536 2.72706 1.6084 0.03503
-2.54335 7.27337 0.58027 0.71928 0.97274
-0.52833 8.43344 2.77459 2.15564 -0.02547
1.25604 8.48161 3.93628 0.91133 0.43477
-0.62934 7.69184 3.20969 0.62497 1.9575
2.53692 7.58855 3.08852 2.42476 -0.68222
1.01819 9.06965 -0.09651 1.74537 -0.54481
-0.03323 9.01236 0.30751 1.25105 -0.82238
0.35801 6.95734 0.85703 1.60893 2.00527
1.99315 5.95311 3.01988 -0.06417 1.92378
1.36919 5.84427 -0.04827 1.5121 2.69596
2.17999 4.53383 1.33953 1.15303 1.43207
1.03073 4.65651 1.42422 0.15506 -0.57778
-0.15064 4.76476 2.74195 1.62781 1.11095
-1.07947 4.13955 1.79793 2.49927 -1.45937
0.75676 4.64308 2.54294 1.71001 -1.08816
-0.8795 4.84987 2.45793 2.28841 -0.61735
0.16955 6.04715 0.2906 0.03778 -2.15572
-0.60934 5.34371 2.42611 1.25016 -0.81526
-0.32736 6.10562 2.27478 2.63874 1.66454
-0.40834 7.33543 1.44686 -0.23172 -0.39118
-1.22652 5.77779 2.06029 1.75229 -0.79701
1.13497 5.26234 2.76669 -0.05049 1.06895
-2.30353 6.90723 2.32381 1.97135 2.00227
0.53631 6.6251 2.21728 2.20651 0.74247
0.76567 6.60757 4.03643 0.46594 -0.65553
0.23649 6.67537 3.33679 1.33403 -0.1109
0.58966 5.90276 1.44914 1.45052 -1.53532
0.35274 5.67532 -0.68685 1.02367 0.52803
-0.06909 4.65137 1.90571 2.8273 0.19105
