0.71695 2.1725 1.71486 0.38049 -0.56051
-0.24537 -0.36107 1.79749 0.6111 0.54472
-1.1539 1.16202 1.72235 -0.54449 1.24978
1.44366 -0.09365 2.03777 -1.74132 0.95356
0.26778 -0.20359 2.60267 0.30434 -1.92087
0.02992 1.31674 1.97728 0.90978 -1.03574
0.08953 2.16202 0.59903 0.16767 -2.5703
-0.31726 2.12251 1.7415 0.52156 -1.80484
0.92372 -1.04906 0.83452 0.99345 1.41942
-0.76464 -1.0341 0.48055 -1.08994 1.68224
1.85001 -0.02033 -1.66027 -0.07965 1.58021
2.17934 -0.93837 0.00378 -0.0882 1.34848
-1.7134 0.77419 0.66527 -0.67526 1.29706
0.63641 -0.46514 2.68587 -0.45299 -0.28848
0.00047 -0.38976 3.58802 -2.7082 -1.13267
2.13748 -0.40486 3.67284 -1.19219 -2.86919
-1.50173 -0.08506 2.43526 -2.61037 -1.3987
-0.44273 0.7619 1.86432 -1.7051 -1.52064
0.46266 2.43962 1.5596 -3.33713 -0.36656
-0.24984 2.09808 0.72476 -2.49963 0.11244
-1.25966 5.09084 1.39306 -0.64856 -1.07727
1.44914 1.44833 -0.20587 -0.60226 -2.33416
0.36036 1.67414 0.14071 -1.57599 -2.32395
1.87973 2.88424 -1.09485 -0.7773 -1.54638
1.73283 1.49729 -0.96427 0.36768 -0.11764
2.33037 3.65392 0.0584 1.08528 -0.2114
0.89411 3.95861 -0.88458 1.23163 0.00547
-1.39422 1.84871 1.9847 0.91317 1.25335
2.61013 1.1189 2.29626 2.85313 1.01376
3.51133 1.83809 1.63712 2.23038 -1.19601
-0.27328 1.06042 2.3165 2.36815 -1.06412
0.52252 1.58077 1.429 2.77292 -0.52868
0.32449 1.04047 1.44605 1.61477 -1.03046
-0.14377 0.91023 1.98926 -0.09856 -0.92252
-0.71828 1.34538 0.17658 0.58019 -0.85757
-0.77892 2.70309 0.67376 0.89093 0.89504
-1.00837 0.50291 -0.37119 2.64058 -0.9831
0.13702 1.41823 -0.343 1.34623 -1.51692
1.35849 0.30302 0.43957 -0.31051 -1.12521
0.09753 0.7665 1.08609 -0.45035 -1.08699
0.05827 1.87907 1.6177 1.10012 -0.48583
-0.34562 1.77623 -0.57799 1.46839 -1.3585
0.49405 0.81475 0.30115 0.50352 -0.86123
0.22285 -1.85816 0.83191 0.96708 -0.03983
-0.44314 -0.91254 2.48304 1.6985 -0.78903
1.83829 -1.80222 1.21724 0.89159 -1.36429
0.21199 -2.89501 0.38231 2.18331 -1.20916
-0.4188 -1.16212 0.77221 1.79471 -1.97819
0.50758 -1.78375 0.30856 0.79726 -1.24058
-0.13376 -0.91592 -0.03787 2.36226 -0.23977
0.13979 0.6278 0.88428 1.92969 -0.01363
0.47912 1.16147 0.23773 1.42769 0.21697
-0.10862 0.69844 -0.14079 -0.84175 1.21879
1.80135 2.57457 0.89181 -0.42732 3.01633
-0.7339 1.85874 0.74287 1.79545 0.94779
2.09319 1.69065 0.34094 0.19941 0.38585
0.78731 2.47253 1.27446 -1.34403 0.76943
0.19793 1.28177 0.51122 -1.16288 -0.27396
1.06113 2.68925 2.21411 -1.17922 -1.00866
0.85787 1.70105 2.86647 -2.07574 -0.77556
0.46685 1.85256 3.00325 -3.53578 0.94703
1.5766 1.12657 3.38125 -1.89824 0.99003
0.17007 0.95803 3.45428 -2.56375 0.29201
1.47326 1.98203 1.26309 -1.9185 1.28633
0.56907 3.39281 1.60982 -4.4087 2.16091
2.43876 1.8657 0.4381 -4.5278 1.38696
2.30088 0.70797 0.96734 -2.82179 1.22687
0.19614 1.56152 0.90108 -2.13165 0.00146
1.67808 3.21747 -1.36138 0.53744 2.2166
-1.12178 3.65334 -1.39534 -0.66185 1.11623
-0.04718 3.24274 1.65335 -0.52613 0.64685
1.59216 1.56435 2.30376 -1.50293 1.58413
0.59507 0.33823 2.30774 -2.28349 0.90779
1.20732 2.23944 1.41784 -3.13999 1.11764
1.60616 2.34317 1.3956 -1.73659 1.01777
0.11075 2.89729 -0.03613 -0.12247 0.75924
-0.24639 3.73626 1.27823 -0.48881 1.97601
-0.84876 3.76987 2.1893 0.8632 0.15176
1.45994 2.69727 3.3308 -0.27269 0.03255
1.92944 1.30133 3.81733 -1.49929 0.15303
2.29821 3.20576 4.35893 -0.28757 -0.72957
3.39775 3.15488 4.77834 -1.0727 -1.42394
1.37182 1.64337 5.17282 1.14828 -1.23685
2.02443 1.65335 4.48774 2.16572 -1.29722
0.04611 -0.26036 3.18079 3.19607 -2.21041
-0.10226 -1.15561 3.22225 2.7356 -1.79674
-0.73336 0.17271 3.34061 2.84097 -0.78016
0.6676 -0.20278 2.54894 2.30163 -2.09901
-0.76978 1.47271 3.62937 1.10835 0.32544
-0.42791 1.18347 4.89887 2.55783 -0.5104
-0.802 2.29721 3.39734 0.86912 -3.35834
-0.29205 3.30844 3.37478 1.14466 -2.35603
0.81859 4.10548 4.05017 -0.18753 -2.18167
0.70357 2.5607 3.43566 -0.8595 -2.52828
0.92287 0.15187 2.74692 -2.92485 -1.11429
2.52035 0.41231 4.74494 -2.48789 -0.55658
0.40431 -0.43318 4.65997 -0.93798 0.55463
0.20005 0.23385 4.74618 -0.46326 0.16056
-1.61646 0.74536 3.28993 0.45263 -0.52865
0.29151 -0.35652 4.30431 1.08967 -0.20662
0.57598 -0.60988 1.63225 1.0702 2.87113
0.91939 0.46495 1.77602 1.17867 -0.71457
-0.43215 1.25688 0.3586 -0.1754 0.21704
-0.78588 1.8494 -1.4035 0.77209 0.43269
-0.79059 3.35099 -1.76709 0.84812 1.28902
0.97057 1.54255 0.15643 0.70585 0.00392
0.13692 0.48183 0.65888 3.00155 -0.76369
2.51401 -0.30915 2.24798 2.18758 0.192
-0.84266 0.62807 1.77483 2.10567 1.25036
-1.3302 0.12425 0.87306 1.6523 0.44704
-0.06874 -0.06918 2.38581 -0.09117 0.09969
1.16288 2.46522 1.313 -0.2121 0.24278
1.70126 1.94055 2.65058 -1.16481 -0.71879
0.07894 2.35304 2.20556 -0.36244 -0.81491
1.99765 1.8542 3.53259 0.85402 -0.78396
1.33727 0.19588 0.79138 -0.65746 -1.33718
-1.16923 1.24028 -0.52693 1.80708 -1.4313
-0.97046 0.48596 0.62225 2.10548 0.61823
2.22336 0.37204 0.36543 1.88307 -0.34441
-1.12025 -1.57252 0.4803 0.7317 -0.6721
0.35582 -0.05597 0.90881 1.16505 0.65113
-1.19898 1.00012 0.37645 -0.30015 -1.21754
-1.09506 -0.09708 0.04149 -0.95347 -1.39574
-0.41823 0.66647 1.40422 -1.75991 -2.44032
0.71292 1.1752 -0.14574 -2.3801 -0.62227
0.74298 -2.82672 0.62619 -1.55762 0.92612
-0.32268 -1.41588 1.18313 -1.22314 1.19621
0.18608 -2.60536 2.98783 -1.87402 1.64008
-0.04286 -1.07713 3.63638 -0.96331 2.45705
0.62598 1.77783 2.67769 -1.46982 0.69066
-0.71289 2.04239 2.27319 -1.99466 0.28733
-0.77528 2.51424 1.56303 -0.5256 -1.43553
1.43794 2.57922 1.29828 -1.20183 -1.08535
-0.14172 2.2404 0.87108 -2.51899 -0.59864
-1.28149 0.88783 2.01788 -0.81144 1.12592
-0.32389 -0.96011 2.01296 2.12099 0.32536
1.52276 -1.19611 0.71424 1.57117 -1.8732
1.34061 -0.96092 -1.18233 2.23067 0.86031
-0.59588 -0.5371 -1.1113 2.30425 -0.45837
-0.03204 0.13493 -0.49585 2.88148 -0.37692
0.25262 0.2065 0.10907 3.50079 0.59952
1.12128 2.0047 1.03702 2.25958 -0.11092
-1.37074 2.78747 1.09038 0.40565 -1.89135
0.29077 2.81462 0.64524 2.54121 0.22484
0.72429 1.22082 -0.3562 1.67415 -1.03612
1.50592 1.26778 0.36655 1.90701 -1.64141
0.19795 0.05589 0.99496 1.85672 0.69436
-0.38662 0.00315 2.09231 1.70396 -0.06038
-1.34193 0.37685 2.41621 1.5512 0.07285
-0.94676 1.32502 3.05928 0.8383 -1.04463
-0.27279 2.69303 4.36054 0.40623 1.05372
-1.71227 1.40357 4.99045 0.92498 1.87226
0.47606 2.65562 3.5284 0.14582 1.52652
1.28606 1.8956 3.44944 2.49797 1.02229
-1.16826 -1.20984 3.31222 2.13454 1.3776
2.22337 -0.40265 1.96686 1.15368 0.16497
1.30133 0.63954 1.68915 1.17486 2.08622
-0.774 2.69017 1.60431 1.37564 2.03908
1.37394 1.4509 1.86551 2.32529 2.31853
0.11031 2.39297 1.56694 1.59399 1.67762
0.10669 2.07152 0.82115 -0.00769 0.54106
0.28389 2.05387 1.13123 -0.7764 -0.72692
2.28779 3.32209 1.46514 -0.79951 -0.24173
-0.26878 3.28783 0.97153 -0.50084 -0.28701
-0.21551 3.15833 0.63778 -0.44232 -0.93965
2.98044 1.13864 -0.28059 -1.20131 -1.1565
0.75337 1.22692 -0.76506 -0.67133 -0.88932
2.34326 0.52746 -0.90182 2.64029 -0.0566
-0.91181 -1.99585 -1.06143 1.05051 -1.17737
-1.1842 -1.90806 0.30091 1.43548 -0.60977
0.6567 -1.52787 -0.11462 0.79233 -1.59528
4.34833 2.03477 -2.1904 0.31305 -2.75546
0.27502 0.13389 0.10708 1.08595 -3.35676
-1.28387 -0.15935 -0.17559 0.87493 -1.21278
0.45608 -2.07743 -0.31495 0.16212 0.67807
0.18304 -2.68696 1.60417 0.79952 0.75767
0.11977 -0.48225 1.43838 1.00526 0.15166
1.17701 1.59733 1.33965 0.24738 0.87732
0.48218 1.27779 0.50546 0.01335 1.07368
1.40263 1.47319 2.1342 0.02454 0.28638
1.25441 -0.42333 1.00298 0.4231 -0.24206
-0.56658 -0.35069 1.09333 -0.05044 0.66279
0.15559 1.15676 0.74253 0.89571 -0.69222
1.24575 1.62205 3.34619 0.5576 -0.36662
0.72801 3.16445 2.95185 2.5705 0.28453
0.93277 1.49332 4.05958 2.45092 0.99699
1.1431 -1.16646 4.51078 0.69657 2.21111
2.24458 -1.08503 2.8848 1.77002 1.81115
0.43449 -0.83454 1.57022 -0.41086 0.84782
0.53189 -1.21707 0.37119 -1.1291 1.47528
2.35748 -0.28708 -0.6456 -3.37217 0.22701
-1.46806 1.77954 0.5261 -1.84914 0.68267
-0.57628 0.8693 -0.00491 -1.1455 -0.6159
-0.21008 1.46547 -1.1167 -1.56803 -1.92944
-0.83252 1.92689 -1.19902 -1.30741 -2.0115
0.27392 1.52711 -0.8943 -0.16566 -2.71905
1.72249 0.04992 -0.03474 0.78426 -2.06891
2.80069 0.48269 -0.54895 0.09502 0.18037
1.00205 1.40161 0.30651 0.52799 1.39978
1.11387 1.0608 1.44813 1.81914 1.45029
1.09215 -0.56024 1.38235 1.17957 1.43336
0.76001 -0.53588 1.51675 1.8555 0.49794
0.58236 -0.49198 1.52147 1.64339 3.13117
-1.62575 1.65231 0.2347 1.69668 1.39139
0.53519 2.84376 -0.1236 0.22721 0.29958
0.62851 2.16132 -0.45815 0.73409 -0.25471
0.73484 1.90771 0.00234 -1.41543 0.27141
2.69478 2.59093 1.69998 -1.13964 -0.66981
0.2839 2.56484 3.65979 -0.70759 -0.05275
0.60594 2.5593 4.10228 -0.35039 -0.39922
2.76091 1.61544 3.81297 1.3372 -0.86625
1.90928 1.31374 2.46513 -0.70032 -1.85761
1.63441 0.4405 -0.0016 -0.27697 -1.34574
-0.35166 1.44919 1.27342 1.15201 0.98409
-0.9434 0.49959 1.88332 -0.14525 0.06001
-0.44031 0.67101 2.69804 -1.12352 -1.26228
-0.04333 -2.03933 2.07965 -3.41571 0.27522
-0.62391 0.67747 1.5095 -4.22669 -2.14703
0.55302 2.38128 0.34341 -2.95211 -2.7661
-0.45041 0.9628 1.01866 -2.32822 -1.45875
1.2868 2.97116 1.52329 -1.61055 -1.32836
0.26764 3.12686 1.10961 -0.72023 -0.92077
1.41004 1.23781 2.06376 0.34254 -1.43642
0.66135 -0.32583 4.85862 -0.32728 -0.22826
1.46274 0.12809 5.59013 -1.54259 0.67192
0.88012 0.63897 3.87236 0.77918 -0.56857
-1.5423 -0.06699 4.87673 0.63431 -0.6771
0.00857 0.28524 4.29146 0.2407 0.48191
0.1687 0.54923 2.38771 1.13117 1.04738
0.07975 -1.11771 -0.27983 1.31749 1.25215
0.49311 -0.37121 0.56696 -0.22764 -0.91909
-1.07711 -0.38374 0.87868 -0.91244 0.68864
0.71123 0.94193 -0.07747 -0.70914 0.09237
1.14658 -0.21187 -1.34875 -0.76785 0.71251
0.4864 -0.81108 -0.80435 2.25217 1.04119
-0.4886 -0.53959 -0.98144 2.98555 -0.18924
0.12377 0.3705 -0.44702 2.51214 0.30774
-0.61391 -0.45847 0.89503 2.07048 0.44713
1.12279 -0.11278 1.35109 2.2696 0.31371
1.63427 2.23748 0.74975 0.53431 -0.23849
-1.10811 1.97915 2.26068 -0.3391 0.39928
2.36243 3.57895 2.7092 0.99045 -1.21072
2.73625 4.59203 3.55147 1.5756 -1.79308
0.22338 2.3281 2.33728 1.44103 -1.95283
1.47042 -0.28736 1.71883 1.96608 0.19714
1.10156 -0.31554 2.46963 -0.54365 -1.90821
1.1242 0.55592 0.82746 -1.0309 -2.95701
0.27534 0.20075 0.9377 -2.55044 -1.94593
0.47197 -0.16057 1.28557 -4.31296 -0.4772
0.97793 -0.98986 0.85515 -4.5232 -0.34953
0.15468 -1.34503 1.5432 -3.0579 -1.23316
0.23223 -0.83131 3.38403 -3.1129 -0.04828
0.6617 -0.74623 2.46633 -2.24149 -0.01604
0.55985 -0.63411 1.9873 -1.23969 0.1982
1.50503 1.33629 0.08509 -2.42933 -1.47415
-0.30868 1.87112 -0.48691 -2.28963 0.50408
2.06131 1.78201 -2.09435 0.04768 -0.17219
0.27289 1.71385 -3.41251 -0.71871 -1.34009
1.25203 1.6313 -3.04669 0.29716 -1.27037
1.01869 1.86062 -1.69896 0.24919 -1.06897
0.69705 0.06861 -2.48711 0.55229 -0.65551
-0.34178 -0.32142 -1.65198 -0.71746 1.69254
1.00805 -1.57286 1.14394 -1.82985 0.0357
1.05252 -1.8905 1.69815 -1.36435 1.00837
0.45212 -0.55544 2.21702 -0.24062 1.37106
1.62199 0.49394 3.41062 -1.38335 1.37917
0.70269 0.66572 2.16208 -0.2635 -0.17234
-0.56207 2.08186 0.63716 -0.28885 -1.45648
1.35685 1.26165 -0.15669 0.09555 -0.49024
1.33173 2.35372 -0.879 -0.83386 -2.44233
0.40505 0.8193 -2.32682 -0.13724 -3.17268
-0.25051 0.1345 -1.98315 1.6357 -1.10193
0.5553 -0.56354 -1.90817 2.44142 -2.25459
0.27996 0.80518 -1.53629 1.69528 -1.9741
0.07606 -0.71328 -1.02645 1.10119 -1.90443
-0.00416 0.40804 -1.66081 2.11074 -0.83255
-0.58271 -0.18642 -1.26608 1.96448 -1.74127
-0.04614 -0.14839 0.99329 0.68892 -1.32544
0.34946 1.05529 3.07296 -2.03591 -2.01031
1.05662 1.19431 3.46856 -1.05895 -1.3362
0.23672 1.56596 4.32981 -2.00677 -0.02955
2.24555 1.28978 3.51438 -1.51291 -0.0669
1.47415 0.36168 3.45598 -0.81384 0.71862
-0.37589 -1.54284 4.32153 -1.82907 -0.55108
1.60917 -0.62715 4.22918 -1.63947 -2.23788
-0.59508 1.2766 1.99174 -1.00723 -1.70327
0.04733 -0.06376 1.84344 -0.45926 -1.35951
-0.29054 0.53406 1.69417 -2.30718 -0.11699
0.2272 -0.17329 1.39357 -1.66087 -2.03393
-0.92501 -1.31161 0.86307 -3.43996 -0.97003
-0.36072 -0.34915 0.765 -1.38694 -0.52228
0.64075 -0.05971 -0.03935 -1.17191 0.25303
-0.56391 0.65139 -0.0549 -2.08167 -1.89707
0.83915 2.02208 0.23775 1.0653 1.15245
0.582 1.38256 -1.11816 1.08134 1.87114
0.85432 2.61218 -1.62971 0.59067 -0.40728
2.32769 2.08752 -0.77572 2.47343 0.24958
0.10705 1.75012 -0.71525 1.61348 -0.01839
0.33535 1.84908 -0.52182 1.65162 -0.76354
1.35447 0.0121 0.35245 1.68228 -0.33328
