3.39242 -2.55777 2.18766 8.23481 1.49368
2.86896 -1.73692 1.08742 8.05914 0.64206
2.57815 -0.4179 0.7308 8.52056 -0.34891
2.95334 -1.28328 0.62739 10.15531 -1.45447
2.22624 -3.07563 1.90616 11.13302 -2.33058
2.37176 -3.79096 1.14635 10.54067 -3.95128
0.97891 -4.18079 1.12737 10.87913 -2.41243
2.23901 -4.14436 0.99193 11.85103 -1.82834
1.5606 -2.95608 -1.27588 10.41841 -1.53105
1.53064 -2.02901 -0.1903 11.27677 -0.3327
3.36652 -2.18684 0.33602 8.8115 -0.94049
3.50509 -0.58121 -0.25843 7.26955 -0.88642
2.0893 -0.47283 1.18959 6.48768 0.39442
2.47955 -0.45332 1.56925 6.57866 0.48297
1.05672 -1.65627 2.35575 7.04688 -0.06008
0.81495 -2.47456 0.99295 6.79007 -1.07882
-0.15378 -0.8938 0.59885 6.19524 -1.47136
-0.12669 -2.94777 0.56728 6.43296 -2.60968
-0.33351 -1.99549 0.1285 6.47281 -2.7642
2.48849 0.10065 2.45542 5.63972 -1.83769
0.74404 0.76179 1.91704 5.76744 -2.03835
0.06352 0.04724 2.8153 5.52209 -1.91487
2.18084 0.20762 3.45113 6.36868 -1.07142
0.83619 -0.2806 3.84942 8.33134 -1.60219
-1.20993 1.57095 3.17001 11.36886 -0.88777
0.53258 2.66864 1.56363 9.99354 0.83079
2.66599 0.20414 2.18306 9.85163 1.32367
3.32186 -1.64227 2.42469 9.70459 2.72555
3.68218 -1.31028 2.92257 9.77548 1.72786
2.28146 -1.49064 2.16106 9.66845 0.68441
2.46817 0.18785 3.31904 11.21428 0.41839
3.52123 0.56737 3.41221 11.08189 0.74128
2.44849 1.1184 2.62366 12.71856 -0.08955
2.18841 0.86158 3.14522 14.35147 0.12286
1.96354 0.37385 3.59735 13.56768 -1.15856
0.91682 2.6653 4.64671 11.87549 -1.57203
2.87236 2.64126 3.49771 12.84669 -1.22863
2.98501 2.6432 4.43239 13.38355 -0.73676
3.15974 2.176 4.27232 14.77893 -0.42216
2.57903 3.37312 4.77095 16.47879 -0.36192
2.85634 1.59366 4.43137 17.19019 0.03549
2.34833 1.63175 5.21919 17.10855 1.00843
3.31527 0.87096 5.8099 16.16457 0.19593
3.80306 1.5991 4.10759 15.32885 0.32798
5.05305 0.63204 3.18965 13.59054 1.13525
0.7319 1.62995 4.28203 12.94072 0.39745
1.92921 1.76713 2.97495 13.37305 0.16662
2.57937 1.9414 3.21962 13.25846 -0.45026
1.17602 1.67663 3.11921 13.54306 2.20425
3.58143 2.5056 1.94519 13.2418 0.48059
3.76532 3.14658 1.19406 12.20406 1.6116
3.33613 1.40877 0.13713 11.46396 -0.8123
3.5489 0.51052 -0.22299 8.88795 -1.44874
0.39562 -0.93383 2.19661 8.26256 -0.84405
2.9818 -1.13673 2.14363 6.11397 1.35484
2.30864 0.32941 2.734 6.95297 2.12604
2.17921 1.51826 3.33218 7.49204 1.23255
2.23576 2.07425 4.11529 8.7612 -0.97904
1.31125 0.98143 4.29567 9.81157 0.32632
2.72089 -1.33845 4.39734 10.22606 2.08641
3.32863 1.45367 4.15021 9.15002 2.39261
2.74633 1.25918 4.43392 10.43658 3.31878
4.14989 -0.22372 3.36723 11.83306 4.17937
2.38666 1.24559 3.76541 15.01028 3.33013
4.46536 2.11751 3.08072 16.50863 3.59744
2.10721 2.54622 2.8313 16.64715 1.01356
2.89137 3.36123 3.38372 16.90693 0.95961
2.17381 5.5924 1.76106 17.71881 -1.04655
3.38023 5.89668 2.27026 18.4438 -0.90027
3.43422 5.04408 2.08748 17.75213 -1.9381
4.03061 4.55783 0.95838 16.3629 0.0016
2.79799 4.09125 3.17317 15.9515 -0.59332
4.75153 4.01633 3.61191 14.76751 -0.98018
2.79964 3.97462 3.43902 16.52044 -0.80514
1.95319 5.61422 4.60246 16.49315 0.47316
3.39948 4.39026 5.21188 16.09683 -0.49957
1.53915 5.66546 5.13679 17.67411 2.33777
2.58079 7.64272 2.52734 17.56428 0.84533
2.46169 7.65792 3.11902 17.13049 1.37355
2.11335 6.32948 2.72278 15.31254 0.95028
2.35515 4.79875 2.12742 15.52915 0.21386
1.98796 3.15138 0.95639 13.9817 0.13579
4.48119 3.01677 1.53001 12.4596 0.53674
2.91583 4.71571 1.78348 12.23981 1.41731
0.78691 2.0089 1.03874 10.96078 -0.16606
1.34252 1.12113 1.45511 11.01668 0.39631
2.76403 2.16121 2.47342 11.79488 -0.96918
2.44554 2.93362 3.66473 11.08109 -1.346
1.32742 2.5895 0.38926 11.56168 -1.95065
0.37784 4.49925 -0.25215 10.98221 -1.63662
1.68811 2.91051 -0.65173 10.53747 -1.43232
3.25139 1.78826 -0.65255 10.87581 -0.52637
1.81564 1.96853 0.83459 10.21594 -2.14925
1.97137 2.37589 1.7571 9.20854 -2.58093
1.72311 2.07477 1.88204 10.08164 -2.48673
1.4763 2.5272 1.00561 10.31921 -3.63443
0.48727 3.01067 1.96846 11.84411 -1.44713
1.94684 4.47511 0.41952 11.77183 -2.93556
3.32171 4.01064 0.63672 11.82735 -1.87461
2.21785 4.93156 -0.1039 10.93122 -1.14134
2.89767 4.63829 -0.90986 12.36392 0.08668
3.18695 4.89959 -0.85463 11.52775 2.09395
3.64021 4.84425 -0.63174 11.49837 2.22938
3.31513 4.42903 0.26619 11.02389 2.2776
2.06636 5.09565 1.59039 12.23688 1.173
2.37111 4.70385 1.01236 13.25095 1.88257
-0.47577 2.86262 0.92019 13.82773 2.39589
2.35716 3.85255 -1.73106 13.00797 2.59819
5.27735 3.39163 -0.80538 13.34743 3.81169
4.63226 3.8421 -0.01165 11.61582 1.85194
2.45657 2.6115 -0.59453 12.0563 0.70756
3.90169 1.93926 1.63809 12.39922 0.33463
2.70185 3.85178 -0.41857 12.79056 0.5957
3.64877 3.74221 -0.30365 11.62943 -1.00645
3.84546 3.02574 -0.62347 8.72567 -1.83139
0.43811 4.10597 -0.52694 7.95723 -4.43603
1.07661 2.4743 -1.73909 6.17967 -3.48574
0.32996 2.61556 -0.99262 7.2257 -1.65383
2.92096 4.38448 -0.18509 8.509 -2.47426
-1.15762 2.75054 2.23325 9.96853 -1.64628
3.32899 2.06127 -0.14886 11.07406 -1.49433
2.72264 3.1097 -1.52629 10.93799 -1.0184
3.12863 2.32644 0.05763 9.64179 1.10484
1.88024 3.12888 1.62386 9.14922 0.85989
2.00515 3.85429 2.7196 7.99383 1.43091
2.98635 4.23962 2.83213 6.40689 1.45963
0.95273 3.03093 1.83153 7.36739 0.90223
1.73565 2.30463 2.01533 7.57672 -1.69121
1.00793 1.11752 0.83806 9.82452 -1.24693
0.88846 1.33204 2.24151 9.2476 -0.63731
1.09452 0.65674 1.33974 9.42919 -0.77711
2.05297 -0.03867 1.70271 10.0794 0.3676
1.29353 0.31874 1.26956 9.38436 -0.44109
0.19438 -1.31915 1.1525 10.29607 -0.0194
1.26144 0.06698 0.38689 11.19788 -1.13602
1.41825 -0.65899 2.40435 11.04321 -0.1118
0.94192 -3.26537 1.14173 11.78047 -2.3443
1.05527 -5.5352 0.62225 9.43074 -2.72617
2.12317 -4.37921 1.12186 6.90717 -2.86537
0.25263 -3.90256 0.78606 6.73593 -3.09714
2.17386 -3.09472 1.58364 9.33707 -4.45826
0.83367 -2.85916 1.24234 11.13282 -3.30331
1.42508 -3.64556 -0.57186 10.61228 -0.98232
2.90131 -4.16662 0.0805 12.65832 -0.26149
1.76489 -5.03864 2.08986 13.22814 0.58895
2.16082 -5.14394 1.37893 13.06963 1.49957
2.03412 -4.24843 3.02264 11.86717 1.24804
2.91791 -3.76296 3.01952 11.51288 1.07341
2.534 -4.0379 2.71233 12.34258 2.11099
2.96815 -4.63463 2.13896 11.50348 3.88293
1.64096 -3.78361 0.79687 12.13357 4.34203
3.02053 -3.06055 2.5426 13.79835 4.01381
1.33286 -3.78544 1.87159 13.50291 4.24045
2.54487 -3.63716 3.64039 14.18129 4.91795
4.13 -3.35374 2.80305 15.98716 5.2551
3.16291 -5.03383 2.72267 17.62135 4.8411
3.8743 -4.96832 5.58782 17.91032 5.43423
3.36585 -5.51853 4.36431 18.50182 4.65496
3.1895 -5.24463 2.71896 19.05774 3.26036
3.80081 -5.8774 1.88207 20.36766 2.48449
3.70944 -4.516 2.1101 21.16179 1.47789
3.49088 -4.06657 3.19617 21.59085 0.80305
4.83181 -4.10507 2.88395 20.57459 1.00092
5.95716 -0.6827 4.69321 19.8297 1.10514
4.09389 0.35061 4.7348 19.00483 2.55294
5.59966 -0.49892 6.54613 18.0788 1.74105
4.17417 -0.23861 7.02344 20.13373 2.44982
6.24488 -1.45765 5.5926 20.60014 2.66386
5.00557 -0.8083 5.39279 20.01425 1.91789
5.32094 -0.45731 5.22845 19.40096 -1.10367
2.75829 -0.55126 4.51683 21.05886 -0.73448
3.49601 0.40636 4.10838 21.6553 -0.48891
5.62487 0.12767 3.67416 21.50745 -0.73659
3.44089 -1.00532 5.96387 21.86198 0.29916
3.99523 0.2697 5.92104 19.67041 0.44966
3.65476 -0.01614 5.01759 20.33717 0.58325
5.39242 0.60667 4.03252 21.40412 2.74352
5.72857 0.13297 5.02972 21.18219 2.33812
5.17506 0.66647 4.92296 20.25761 2.33055
3.67646 1.93323 6.34783 21.01165 0.9712
3.99653 1.19557 5.67566 20.86824 0.44621
3.31575 1.42691 6.13802 20.63085 -0.38936
2.55061 1.99966 6.32482 18.19914 -0.60174
4.63898 4.8967 4.7409 18.29036 -2.50115
4.45473 4.46858 5.04285 19.4634 -0.59331
4.21477 4.14193 5.26113 18.76221 0.40906
3.2933 1.79056 6.19771 19.37258 2.51328
5.48962 0.79285 4.62883 18.67022 2.562
5.97619 -0.30703 5.24318 17.03593 1.82653
4.84488 1.08684 5.39657 19.07931 2.6234
6.11632 -1.92393 5.05176 18.79965 4.36115
3.94302 -3.00395 4.42688 19.00549 3.61198
3.05595 -3.4309 3.88002 19.22787 2.55039
4.0276 -5.10066 4.80424 20.7982 1.47593
2.04699 -4.3243 4.64983 21.13687 2.72017
2.17554 -3.76085 3.77609 21.52501 2.06099
5.0825 -3.20913 3.80526 22.40884 2.02914
4.92665 -2.95207 3.12603 21.69301 2.28858
3.87036 -0.52909 2.32606 23.43237 2.50376
4.62536 -0.90469 3.08709 25.32745 3.41008
3.68985 -1.17503 3.33146 24.04883 2.99013
4.52229 -0.49975 2.54205 25.72698 1.23795
4.75428 -0.65297 3.11827 27.9655 0.47421
4.65942 -1.98077 4.10895 28.70756 1.26182
7.54801 -0.82327 4.70121 27.48339 -0.86173
5.36102 -0.62064 4.13382 26.25358 -0.31944
7.43777 -1.16006 4.35509 25.64429 -2.5749
5.65265 -1.65425 4.14261 25.20047 -3.39864
5.03738 -1.31006 2.6831 24.77863 -3.08535
4.49262 -0.12169 1.6491 25.06503 -4.39419
2.97651 -0.196 4.23657 24.45019 -3.66213
4.85993 0.23998 3.5253 23.95675 -5.35641
3.76381 -1.42161 4.54519 25.15772 -5.51549
3.58772 -1.5243 5.95283 25.40366 -4.60532
3.29975 0.08251 6.13475 26.4617 -3.89979
3.96392 1.02226 5.78067 27.86326 -1.73788
3.38799 -0.53475 4.60488 28.37885 -3.29464
5.82642 -0.75177 2.86872 27.01373 -2.66134
5.59819 1.35523 3.38307 26.67116 -1.75959
4.44919 2.93193 4.34595 26.27018 -2.31191
3.36486 2.35336 5.22591 27.15904 -0.82033
4.54568 1.06686 4.56088 27.11277 -1.56988
4.49464 0.98309 4.43677 28.3253 -0.69275
6.16596 0.86535 2.92159 27.66763 -1.62512
6.97487 1.78573 1.70421 25.94252 -0.71645
6.5087 2.75499 2.58822 25.65916 -1.65167
7.02196 3.06155 2.30005 24.49635 -0.72497
3.10072 2.29248 4.08216 25.49071 -2.21416
6.14607 3.0381 4.21237 25.79681 -2.45227
4.4385 0.23738 4.11617 24.56454 -0.80176
5.62082 -0.56502 5.17361 24.48495 -0.67608
4.99984 0.44737 5.52352 26.82021 -1.08093
2.76782 1.40537 5.08655 24.88555 -0.69016
5.62857 1.56306 4.73207 23.18235 -0.71207
5.16888 -0.14652 2.97486 23.51885 -1.38963
4.1753 0.45962 2.59449 23.14287 -0.61385
4.72717 -0.15115 2.77715 22.07611 -1.74732
4.43912 1.26747 3.92571 20.45454 -0.75272
3.39067 0.76893 5.05171 19.7963 -2.73623
3.63874 -0.12251 5.35627 20.82692 -2.18086
2.50618 -0.14764 4.0339 20.56129 -2.65265
4.27377 0.93722 4.201 21.63178 -1.9852
5.0431 0.31001 6.08251 22.37102 -1.54576
4.11381 1.2117 5.58604 22.33901 0.86797
5.08512 -1.13838 5.23608 21.78169 1.45534
5.53593 -1.73682 5.59028 21.82767 0.82283
5.9891 -2.76642 4.3758 21.03614 0.8292
3.57612 -3.03543 6.08642 19.30754 2.63566
4.70927 -4.26176 6.42809 19.91039 0.7361
3.32346 -4.16897 6.25539 17.97318 0.73037
4.93103 -5.27146 7.73691 18.38927 1.12946
3.83186 -6.70978 6.68293 17.66954 1.58434
2.89416 -6.78376 6.56546 15.57863 0.26575
3.67832 -7.087 6.54253 15.76328 -0.11149
3.11987 -7.08791 7.08078 14.92154 0.52633
3.77912 -7.62524 5.81392 13.82138 1.25854
3.08103 -6.96817 5.45907 12.5778 0.94801
4.90822 -5.3213 4.16201 13.26631 0.40941
1.77706 -5.54243 3.99059 13.70761 1.46751
6.00375 -5.64627 2.99086 14.84009 0.77127
1.9974 -4.3584 3.49914 14.76016 0.41111
3.19271 -5.66855 6.64434 14.21008 1.6558
0.84459 -5.12193 6.44351 14.78484 3.67288
5.11549 -2.1462 4.7623 15.36457 3.31979
3.6627 -2.28811 3.17772 15.96819 3.79919
3.0801 -2.79549 3.42843 17.95115 3.23826
2.11605 -2.82826 2.72752 19.63293 2.97549
4.82993 -2.92054 2.55737 20.06437 2.39025
2.66185 -2.34426 2.69486 20.88638 2.18221
3.02881 -2.62759 1.47897 19.95881 0.19431
5.57525 -0.84715 3.13181 20.53315 0.73761
4.2132 -1.12342 3.4373 19.82115 1.29645
4.09377 -0.79605 2.43265 17.7887 -0.19061
3.44518 -2.26808 3.69656 16.13816 1.555
4.4645 -1.79262 5.29342 15.50529 2.59868
3.77947 0.13309 2.54717 14.72134 4.11317
4.34871 1.18155 0.90543 15.88441 2.23336
4.32627 0.06262 2.04002 16.84042 2.49178
3.64571 -0.93733 3.28258 17.21998 1.10814
5.13215 -1.83774 3.97606 15.56271 1.04444
2.70638 -2.48887 2.98071 17.42879 1.74674
1.20306 -1.43864 1.31302 15.97217 1.70985
4.259 0.19685 0.82032 16.63553 2.62226
4.49133 0.79532 1.35198 15.35911 1.6029
5.50376 -0.16803 0.58121 13.72295 2.11935
3.46945 0.89671 3.39673 13.47055 1.63815
3.65549 0.93611 3.91051 13.45183 2.14662
2.23004 -0.39787 5.56608 16.1396 1.44245
2.32612 -0.34595 2.83088 16.89913 0.51913
3.25026 0.52158 1.95926 19.02459 -0.2759
1.99896 1.89645 2.28161 18.90141 0.36133
3.35007 1.84863 1.37963 17.48997 0.05109
4.09418 2.14563 3.33564 16.41017 -1.5694
4.32766 2.17987 3.24911 13.65011 -2.12928
4.31516 3.00021 4.60479 14.07169 -1.9117
2.87214 1.4848 3.91856 13.99994 -2.25878
2.7989 2.72989 4.30402 15.97232 -2.10599
3.13272 2.75658 5.44889 16.662 -1.2899
2.65267 2.19714 6.30581 16.23795 0.94643
4.40705 0.74869 5.08137 16.5147 -1.01808
