-3.0788 1.81031 0.78025 -1.22695 -0.71832
-1.6154 0.49725 0.80141 1.28972 0.0085
-0.66517 0.59959 -0.40045 1.36535 -2.73321
0.91287 1.23206 0.8312 -0.26569 -1.07339
-0.61034 0.94021 0.18668 -0.10191 0.25217
-1.52142 1.45234 -0.52046 5.56349 0.75016
-2.83377 -0.39885 -1.39367 0.88273 1.00757
-2.61053 -0.82469 -0.6817 -1.21563 1.00269
-3.7021 0.2292 -2.17823 3.03422 -0.17913
-3.51978 -1.08293 0.06639 -0.20928 -0.11615
-4.87486 -0.05195 -0.71394 -0.33994 -0.2186
-4.38757 1.2169 -0.34818 2.45299 1.18167
-4.26688 -0.08678 0.04731 0.2981 0.69427
-4.15227 -1.3807 0.46487 2.30113 0.35905
-2.91493 -2.55286 0.46223 1.05317 0.4397
-3.66601 -1.13505 -0.2907 1.19787 0.04804
-3.12762 -0.63385 -0.31936 2.93421 0.96336
-1.85577 -0.59144 0.0724 3.1309 2.33859
-1.11312 -0.99969 0.20863 3.20997 0.34225
0.09199 -1.48974 0.06753 1.25077 1.14309
-1.16845 -2.177 -0.64961 4.31737 -0.37662
-1.52953 -0.66978 1.56318 1.88667 -0.15587
-0.42758 -0.73076 0.75287 0.42931 -0.16916
1.12162 1.68311 0.16219 -1.21494 0.07679
0.19337 1.45124 0.30492 1.05502 1.53042
0.08306 1.09759 2.12907 -0.58772 2.05367
-1.30245 3.38142 0.65016 1.8967 2.13373
-2.32445 6.01157 -0.64954 -0.03379 1.43292
-2.89372 3.12952 -0.27738 1.80736 1.3034
-2.74716 1.67376 -0.10278 1.07324 0.50765
-1.77931 1.76625 0.45305 0.30528 0.63826
-1.49776 0.28816 -0.51931 1.69401 1.0837
-1.38067 -0.19222 0.84278 1.45412 -0.24508
-2.22049 -0.4701 -0.32844 1.62717 0.36143
-2.89774 -0.38726 -0.42171 1.03182 0.86062
-2.5021 0.72688 0.21157 -0.73686 0.76077
-3.11254 0.28727 0.54742 -1.42623 0.79375
-4.25332 1.22445 -0.81943 0.98753 -1.09715
-2.84809 1.05161 -1.60446 2.73702 0.87472
-2.24953 -1.14319 0.96626 0.93981 -0.73252
-2.84493 -0.45699 0.52121 0.53922 -1.2069
-3.72115 -1.62917 0.11871 -0.95798 -0.63105
-3.77032 0.34633 -1.18617 0.88283 -1.41135
-4.66334 0.1018 0.39271 1.75899 -1.18288
-5.00418 -0.42355 -0.68477 0.3135 0.08981
-5.6058 0.33368 -0.33247 2.79968 -0.56613
-5.49031 2.51066 -0.84572 0.46731 -0.72188
-5.21999 3.18258 -0.70924 0.03799 -1.45409
-6.69055 2.86121 -1.71947 1.60742 -2.16694
-5.8341 2.85702 0.66825 1.50011 -0.94523
-6.53232 0.2397 0.22387 1.59463 0.58525
-4.38196 0.69374 0.8509 0.75075 0.05801
-3.70371 2.56962 -0.76815 2.339 -0.27601
-2.93925 1.0204 -1.28405 1.26977 0.04495
-3.15428 0.79807 -1.4594 2.37557 -0.23411
-3.61195 0.21285 0.3962 -0.63512 -1.62925
-3.57637 -0.84019 -0.3813 3.07694 -0.83128
-4.07898 -1.34875 -0.50839 0.22117 -0.36394
-2.50933 -0.35747 -0.8556 0.16361 1.04611
-1.09063 -0.50318 1.82903 2.43225 0.14264
-1.32427 -0.09481 0.15853 1.60387 -0.34155
0.80728 1.24573 -0.8824 2.64169 -1.99322
1.50215 1.16011 0.36072 1.30806 -0.17153
0.83905 0.01414 -1.41219 1.79536 0.09756
1.17545 0.08872 -1.35201 2.20774 1.66268
1.60858 -0.46534 0.94875 0.67351 2.32872
2.15456 -0.34903 0.25344 -0.32125 1.64482
1.124 1.92298 -1.20853 1.2888 0.03196
0.62575 1.26254 -0.25029 2.16443 0.44091
-0.04973 0.93683 2.64408 1.17303 -0.01878
0.97015 1.52456 0.18792 -0.38461 -1.97512
1.56107 2.22372 0.12293 -0.60788 0.1433
1.34301 3.26219 0.51065 -0.38602 -0.72394
1.42714 3.17072 -1.10649 1.49723 1.77299
1.63308 1.62438 -0.16262 1.34299 2.3043
1.75492 0.97301 0.98173 -1.59595 -0.71752
0.90306 0.21626 1.55286 1.1912 1.92234
0.65046 0.08157 -1.15477 0.16222 0.07828
2.96744 3.45509 -1.17765 1.78941 -1.07083
2.41591 4.06429 0.244 2.40768 -0.79281
1.85093 4.85112 -0.65208 0.84785 -1.04018
2.95505 4.94144 2.23319 1.0671 -0.69184
1.8591 4.48039 -0.66998 -0.49893 -0.59637
2.86681 3.33162 -0.15903 1.76563 -0.84427
1.91279 3.0228 -0.33167 0.99336 -0.77404
2.5473 -0.50225 0.3973 0.9602 -0.93049
2.04593 -0.05851 1.42819 2.5021 0.90936
1.28654 -0.95488 -0.40005 1.11671 -0.14588
1.67764 -1.09716 -1.12207 1.51289 -0.07059
3.07107 -0.36488 -1.2521 0.68513 -1.29892
3.21091 -0.35814 0.01846 3.34129 -0.87522
3.21667 -0.69618 0.17784 0.98015 -0.40804
2.51929 -0.50316 2.23202 0.37884 -0.79494
3.64123 1.26823 0.48279 0.07724 -1.90292
4.14301 1.61444 0.13649 1.63424 1.44564
3.46759 0.06617 -1.18959 1.39568 1.52491
4.12826 0.90311 -0.56133 0.95863 -0.38388
3.6191 -0.10733 0.58589 1.77203 -1.69456
4.34842 0.62255 -0.58873 2.97449 -2.55975
3.56551 1.63101 -0.55325 2.2069 -0.62438
0.7808 3.14525 2.66182 0.95567 -0.05263
1.4234 3.18201 -0.4682 2.01041 0.68195
1.66338 3.78424 -0.24584 0.904 0.15158
2.05158 3.25655 -0.7513 3.30336 -0.41146
0.26143 3.73675 0.72548 4.36848 0.18129
-0.06487 5.4491 -0.34262 0.81925 -0.29125
-0.5977 3.80342 1.36952 1.19735 0.41066
-1.14957 3.50342 1.15075 0.70991 -0.30851
-2.35106 1.74591 1.67177 0.46777 1.96844
-1.71619 1.54609 0.79879 0.40843 0.438
-2.89374 2.42784 -1.36988 -0.12055 0.39713
-0.8776 2.33854 -0.55135 2.48506 -0.47709
0.46429 3.08466 -0.66888 0.21544 1.10554
0.91916 2.07787 1.69197 0.12002 1.95597
1.09221 2.45323 1.34531 0.42338 -1.05254
2.42545 5.25223 0.24113 2.00587 -0.41705
0.39949 3.25444 -1.56471 1.94506 -1.56948
-0.14202 2.19447 0.79438 -0.32696 -0.04586
0.07894 1.96746 -0.35158 1.95804 1.03983
0.19823 0.49433 -2.25153 -0.79118 0.64437
1.3988 1.10611 -2.31581 1.89587 -0.11777
-0.3632 2.33417 -0.34895 -0.544 -0.38797
-0.86511 2.4696 0.78599 0.53921 0.43862
-1.41941 1.38327 0.32169 0.27465 1.34671
-1.21346 3.72901 -0.72156 0.83674 -0.35188
-0.92756 2.79652 0.89658 1.47237 -1.39252
-1.12611 3.20229 1.88375 0.83435 0.12342
-1.89355 2.06477 -0.62985 -2.36024 -0.23182
-1.18953 1.37928 0.3674 -0.06183 -1.12332
-2.27009 1.95589 0.49325 -0.00472 -0.31533
-1.30786 1.41147 -1.64195 0.37285 -2.40802
-0.34499 -0.08064 -0.11166 2.01252 -0.75618
-1.82561 0.82038 1.24595 -0.94046 -0.33795
-2.14119 0.37301 0.41846 1.88386 -0.44924
-2.39033 0.86982 -1.74381 2.36433 0.33086
-2.92467 0.66633 -0.46145 0.39718 -1.12473
-3.87637 -0.69438 -0.31754 -0.81085 0.29573
-1.67167 -1.83514 0.9069 0.65133 -0.67125
-1.34207 -0.40497 0.4114 0.2177 -0.18629
-2.06427 -0.22464 -1.10234 1.22922 -0.57508
-2.47735 1.29574 0.00331 0.69362 1.16973
-1.58876 0.14003 1.03008 1.534 -0.12004
-2.17545 0.68545 0.40794 -0.20972 -1.34033
-0.83671 1.69444 0.63986 1.65069 -2.2603
-1.85755 0.87055 0.06959 0.70494 -1.27752
-1.41379 -0.20389 0.22879 1.34161 -0.78743
-0.88293 0.41041 -0.26693 1.55802 0.13152
0.71173 0.77406 -2.59216 0.93891 1.63528
-0.29447 0.52083 -0.04022 -0.6836 1.45487
0.82543 0.8725 -0.08923 0.55741 1.34027
0.68512 0.95167 0.0104 0.40247 -0.46793
-0.04597 1.48795 0.38901 0.34823 -1.29957
-0.06236 -0.13619 0.55325 0.74829 1.03911
-1.93202 0.01655 0.14888 0.4346 -0.6633
-1.94667 0.37794 1.78347 0.81746 1.04988
0.12596 0.67925 -1.24942 1.27365 0.23031
-1.31222 2.25683 0.60673 1.07239 -0.08237
-0.40228 0.72998 -0.39032 0.87725 1.09317
1.28387 1.22821 -0.96581 1.33107 -0.22322
0.28679 1.65099 -0.46112 1.36994 -0.42595
-1.25318 2.55556 -0.08835 -0.37436 1.22849
-0.11239 0.42192 -0.34551 1.22382 -1.51016
0.73866 0.71515 1.04937 0.81204 -0.28698
0.36122 0.45614 -0.8311 1.39649 -0.4614
-0.06348 0.09183 -0.78422 2.0987 -0.08236
-1.21409 0.09892 -0.49844 0.00968 -0.13682
0.24461 -0.54364 -0.91587 -0.51028 0.38638
0.81194 -1.04845 -1.04082 0.89125 1.54731
1.13067 -0.31186 -0.64977 -0.6824 0.55407
3.13059 -1.18739 0.23475 -0.8256 0.78734
3.47461 -1.62606 1.70366 0.8013 0.26217
3.38237 -0.99934 1.20342 0.51598 -1.57199
4.39883 -0.15503 0.9614 1.20352 0.23139
5.49024 -0.36252 0.05763 1.37068 0.45406
2.82936 -0.94872 -1.79952 1.66572 0.14233
1.49062 -1.27549 -0.78343 1.99276 0.94485
2.11678 0.65 1.70067 1.12638 1.16518
1.25537 1.09372 0.21208 1.21 0.98557
1.90623 -0.47629 0.27376 1.35517 0.04349
2.83592 0.40065 -0.38853 3.33169 0.16767
2.84656 0.70099 -0.48052 0.45818 -0.11122
1.73262 1.29271 -0.65419 1.20716 -1.15462
1.66774 -0.96767 -1.41481 0.91955 -0.3208
1.02193 -1.61687 -0.32711 2.48572 0.15281
0.04551 -2.39691 -1.10655 1.75091 1.2542
-1.34537 -2.88565 0.45885 0.06772 0.7668
-1.53422 -1.61972 -0.61411 3.59255 0.67222
-1.15775 -2.7848 -1.15134 2.02885 1.70756
-1.76126 -2.96786 0.45716 -0.68105 -1.29946
-0.72266 -1.39879 -0.49677 -1.1323 -1.06979
0.69473 -1.23059 -1.03476 1.13991 -0.5271
0.00337 -1.73347 0.40051 1.28369 1.13615
0.09374 -1.32762 1.59111 0.99494 1.06693
0.43592 -1.62214 -0.60077 1.88388 1.04567
0.91661 -0.64491 0.46139 0.67712 0.57614
0.06189 -0.78988 1.28857 -0.36745 0.95829
0.19122 -1.51577 -0.51872 0.35211 -1.06178
-0.27632 0.32656 -0.13018 -0.57368 0.08994
1.29768 0.72565 -0.37224 -0.19736 -0.53086
1.31105 1.71626 -0.06409 1.15856 0.86123
-0.80492 0.02097 0.19887 -0.60259 0.41551
-0.07721 0.54494 -2.82686 1.14455 -0.00994
1.1592 -1.01043 0.91037 -0.49124 -1.46465
1.99525 1.41541 1.26876 -1.85736 -0.05854
1.6562 2.0597 1.76714 1.29611 -0.90784
1.52285 0.67166 1.48687 0.51335 -1.26226
1.56785 0.67294 1.75188 0.08281 -2.04813
1.20004 0.21908 -0.0161 1.70814 -1.24244
1.47791 1.30195 0.26604 0.47779 1.2335
1.49996 0.68108 -1.06806 2.4795 1.25146
2.49832 -0.90476 0.80887 2.46631 -0.20833
1.48636 -1.0479 -0.19339 0.3404 -0.72715
1.91063 0.07892 -1.44671 2.14947 -0.73205
2.04391 0.70704 1.22797 0.15958 -1.12487
1.11955 1.07459 0.09441 -0.1154 -0.20403
1.28443 1.06846 -1.22751 0.93652 -1.02553
-0.96209 1.52045 0.60705 0.15165 0.05765
-0.62792 2.40678 0.83858 0.89372 1.18356
-1.79064 2.78963 -0.04504 1.81755 1.18593
-1.13992 1.56304 0.69194 -0.44392 0.88875
-0.96039 1.62849 -1.87283 0.92049 1.81047
0.4146 0.20895 0.07035 0.45307 1.54635
-1.01575 1.10277 0.437 0.77191 2.24888
-1.75476 1.18487 -1.21453 1.0172 1.66857
-0.7472 2.10798 -0.09317 0.17843 -0.63727
-1.37276 2.80693 -0.15154 2.53356 0.24211
-0.84576 1.69794 0.1714 0.64365 -1.23792
-1.29227 1.54973 -0.91493 0.87863 -0.51949
-1.75154 1.00426 -0.92088 0.51662 1.15821
-2.55116 1.32981 0.61226 2.88132 -1.11095
-2.5761 2.75258 0.94735 2.19339 0.24536
-1.59252 3.08329 -1.02372 0.55472 -1.1841
-0.62009 1.90983 0.09156 2.2527 -0.50059
-0.02051 0.24914 1.37772 1.96596 0.1879
-0.52328 1.15521 -1.4469 0.90959 -0.10651
0.02112 0.45095 -0.14207 1.0408 1.45879
-0.09649 1.18661 0.3305 -0.07838 0.84724
1.03283 1.50694 -0.96844 -0.56492 0.40206
1.75571 -0.20653 1.50564 -0.59912 1.45026
1.043 -0.78706 0.16153 0.66574 -0.67111
1.5026 0.33011 0.75381 -0.01224 -0.9053
1.29338 0.15033 -1.01297 0.58293 0.31911
1.91046 1.88548 0.14819 1.13698 0.22409
0.40642 2.59527 -0.64484 2.13503 -0.31388
0.23407 3.81839 -0.12317 -0.2371 0.33334
-0.19435 2.24866 -1.19511 -1.47087 -0.71082
-1.51396 2.58312 -1.73106 -0.55804 -1.15798
-3.06943 1.96 0.57501 0.30642 0.35459
-3.63981 0.29917 -0.6802 0.13211 0.15891
-3.07325 -0.94246 0.82099 -1.76291 2.89051
-3.71869 -0.33561 1.09844 1.29761 0.70801
-3.52613 -0.84055 -0.10086 2.17366 -0.34828
-2.34616 -1.66855 0.28616 1.87041 1.46869
-1.99139 -1.6332 -0.18173 1.5462 0.91849
-2.37852 0.34252 0.1432 1.28517 0.95193
-1.12643 -0.61922 -1.03164 1.55507 1.58539
0.48393 -1.1832 -0.53481 1.25894 1.51722
0.77173 0.04979 0.86981 0.68804 0.68212
-0.63524 0.29922 0.29042 0.04312 0.17641
-1.73671 -0.74555 -0.97266 1.58718 -1.23698
1.01819 -1.49916 -1.91012 -0.30941 0.14664
0.6727 -1.00487 0.88668 -0.48514 -0.44051
-2.64406 1.3936 -0.38792 0.24278 -0.40928
-2.29148 0.30176 -0.50214 -1.86934 0.17873
-3.27989 -0.81194 -1.18622 -0.43588 0.91353
-3.0204 -1.3797 -0.04574 0.46484 2.16209
-1.53257 0.39598 0.89412 0.42039 0.42759
-2.13195 -1.02281 0.38632 1.84497 1.38645
-1.57219 -1.71402 0.15315 1.41817 -0.75142
-2.63325 0.09069 1.44568 2.53901 0.91175
-3.3536 0.47126 -0.58036 1.12017 0.90539
-2.19336 0.75185 1.16025 0.60224 1.00562
-3.37225 -1.0244 0.01602 -0.33123 -0.28015
-2.82774 -0.40169 -0.1866 0.91912 0.06495
-3.75066 -2.24793 -0.32211 2.56563 1.27413
-4.5463 -1.34523 0.17341 0.80507 0.75978
-3.76474 -0.60731 -0.24548 1.82238 2.74826
-2.65455 1.92156 0.12416 1.62939 1.48979
-1.89148 1.48365 1.6231 -0.20988 -0.38894
-1.55512 2.70883 0.37409 1.74534 0.24627
-0.84404 0.95988 -0.16567 1.062 -0.82738
-0.24059 0.73457 2.42735 1.36777 -0.95063
0.32919 -0.0855 -0.20846 1.27864 0.16149
2.2715 1.29946 1.19956 1.04357 -0.08703
1.81145 0.23984 0.03529 -1.2014 -0.38036
2.734 3.74578 0.61143 -0.19697 -0.2232
2.90922 2.61195 0.03672 0.95816 0.92266
5.0013 3.19819 2.13546 0.14834 -0.30671
1.64962 3.26028 0.19556 1.93196 -0.23175
2.46076 3.78745 0.78249 0.21472 0.12835
1.0165 3.62511 -1.36463 1.00247 0.71236
0.00597 3.66549 -0.33989 2.24942 -2.68046
0.34009 3.9816 -0.02095 3.07885 -1.26716
-0.88784 3.04827 0.19627 -0.61052 -1.71689
-0.65894 1.72464 -0.80889 1.77834 -0.60818
-0.58258 1.50848 1.4404 0.82028 0.68097
0.21841 1.85357 1.23709 1.3851 -0.1248
0.90119 2.54657 0.35381 -1.49376 1.74135
1.38104 1.79801 -0.43826 -0.92623 0.50366
0.563 1.96234 0.3581 -0.05472 -0.80768
