0.45428 3.19896 -0.64735 1.70634 1.4183
0.09267 1.82773 -2.87205 1.47469 2.35633
0.47687 0.99048 -2.08183 1.67013 2.24192
1.17164 0.05349 -1.71732 0.92527 0.58661
2.77437 0.61172 0.00929 1.50185 -1.32786
3.60391 -0.29605 -0.07469 1.37423 0.35387
3.2323 2.0681 0.71566 1.16401 2.19347
3.69023 2.58627 0.71387 1.10949 1.88702
3.24338 0.33488 1.75313 0.18564 1.737
3.43661 -0.05661 2.58376 1.31312 1.95921
2.8425 0.91318 4.20855 2.49689 4.35158
2.26818 0.10334 3.93312 1.24197 4.20804
3.26553 0.58169 2.78085 3.66343 1.605
1.77909 1.80861 2.87083 3.94759 -0.21798
1.62711 2.18732 3.14008 4.35204 -0.56278
0.43602 1.00805 2.32684 1.87483 1.55661
1.94855 1.39428 -0.19502 0.1456 0.84129
4.64162 0.35929 -0.48941 1.37791 1.35119
4.3985 0.905 -0.17546 1.95526 1.22174
3.77143 1.73214 2.38533 2.32213 2.03647
1.53713 -0.01368 2.31448 2.48291 2.53071
0.60353 0.19396 1.82111 2.75184 2.21817
1.29597 0.39274 1.03879 1.77507 1.60053
2.60408 0.68177 1.2115 1.10329 0.4873
3.55734 2.82792 2.26529 1.40179 0.28365
2.82635 3.50669 0.78026 0.99216 2.35143
2.95859 2.35282 1.17346 -0.80212 0.81865
1.26069 1.56363 2.97988 -1.23651 1.41046
1.29319 0.52159 2.91272 0.30219 3.74649
0.86004 1.30104 4.02963 -0.10821 3.94066
-1.39595 2.92557 2.63134 0.0556 3.04858
-1.40376 2.07813 2.12712 -1.6481 0.27837
-0.02706 1.47746 1.20135 0.06775 0.75394
-0.29236 3.54238 -0.51994 1.13253 1.37182
-0.90475 2.71646 -0.5116 0.17812 3.84303
-0.73897 2.67515 -2.72753 0.86314 0.99949
-0.81751 1.72188 -0.25365 -0.10987 1.96868
-1.07849 1.10378 -0.66548 0.57583 0.36775
-0.71516 0.59771 0.82387 2.61559 1.40417
-1.35539 0.05079 -0.86755 3.03154 1.1947
-1.01512 0.04111 -0.41098 1.28353 1.01608
-0.40896 0.33948 -3.00129 2.06408 0.19688
0.12896 -0.01916 -1.61034 2.18997 0.77258
0.5274 0.4046 -1.58727 1.63332 2.3847
-0.68661 0.50304 -0.64469 2.38202 1.16252
1.03096 0.64542 -0.2609 1.57509 1.28459
1.04988 1.4936 -0.00599 0.16533 1.1893
0.62634 -1.03651 -1.7128 -0.25046 -0.09853
2.36788 0.57161 -0.45886 0.87984 1.70998
1.23597 0.70402 -0.27234 1.87549 0.2254
1.30495 1.97394 -0.36392 0.81325 1.57526
1.39836 -0.11278 0.82378 2.65971 0.39051
2.54662 0.19571 0.33129 1.61067 -1.0723
2.38672 1.62853 -0.56561 -0.6136 -0.48921
0.06399 0.73632 0.10473 -0.87813 0.2968
1.11211 -0.0967 0.98621 -1.31712 1.30048
0.23274 0.70854 1.19924 0.03438 0.09605
0.02194 -0.66232 -0.3849 0.01619 -0.48063
0.56616 -0.7419 0.25613 1.15839 1.14993
-1.46999 1.56898 1.59338 0.10366 2.75458
-0.66247 1.38699 1.20639 1.35309 1.31641
-1.16562 0.85251 1.8803 0.82427 0.96447
0.25209 0.87444 1.36443 0.41286 1.38423
-0.51905 -0.19634 -0.11413 0.54212 0.35132
0.66445 2.33847 -0.4107 -0.86448 0.63655
-0.32088 2.95757 -0.15951 -0.39393 0.44313
-0.4783 3.41482 -2.19338 -0.96433 0.47117
0.04581 2.10618 -0.68234 -0.59078 -0.60768
-1.2724 2.41667 -0.75699 -1.97867 -0.87148
-1.70963 0.36035 -1.46972 -2.24525 1.22022
-0.96349 0.8046 -2.13119 -3.13866 1.88761
-1.25471 0.23694 -1.97587 -3.39165 1.59637
-2.29347 0.35681 0.72519 -4.48478 1.43809
-3.14526 0.14173 1.23938 -4.5399 2.22542
-4.17705 0.58928 -0.55251 -4.58438 1.49192
-3.74192 1.12011 0.21001 -5.12688 0.49439
-4.51681 1.00187 -1.02068 -4.37967 -0.73868
-5.07955 0.42617 -0.8948 -3.02072 -0.32193
-5.14176 0.4582 -1.78575 -4.68786 -2.46986
-5.55649 1.0821 -2.17815 -3.97886 -3.75889
-6.56091 0.75621 -2.769 -4.51687 -2.92154
-6.87211 1.00389 -3.34083 -5.10044 -3.97654
-8.2664 0.69467 -1.50023 -5.57641 -4.27034
-6.77928 -1.64285 -1.47205 -5.06013 -5.66698
-6.88344 -1.96543 -3.59325 -3.76485 -5.58407
-6.57015 -2.27443 -4.51891 -4.42063 -6.37993
-7.33624 -2.98495 -5.65882 -3.13497 -4.59029
-8.25479 -1.87158 -4.97802 -0.79332 -5.32541
-8.73509 -0.96485 -2.94685 -0.43818 -5.78073
-8.23456 -2.69042 -3.54905 0.52633 -4.47297
-7.98999 -1.77996 -5.07824 1.25399 -5.90304
-7.22371 -2.77619 -5.67175 2.84814 -5.67593
-6.54107 -3.89423 -5.00874 3.69064 -3.13324
-3.65521 -3.62203 -4.75895 3.21393 -6.08477
-4.04455 -3.55145 -4.85286 0.64918 -7.26859
-1.73409 -4.51723 -3.49958 1.20382 -7.71445
1.31551 -3.26233 -3.98782 1.43693 -6.49751
1.85791 -4.187 -4.15962 1.93261 -5.5772
1.00081 -5.38658 -3.05593 -0.81679 -3.26446
2.21583 -5.70889 -1.13715 0.35703 -2.78337
3.1059 -5.25315 -0.95334 0.66575 -4.08997
2.50936 -5.95766 -1.97285 1.96881 -0.51946
1.41356 -5.12776 -1.42955 0.57323 -2.46427
1.91807 -4.89404 0.59555 0.48805 -1.75175
3.27053 -4.4411 0.31952 0.56443 -4.13107
5.28811 -1.81262 0.82502 0.06415 -3.30934
6.24158 -2.05692 0.91081 0.2996 -0.97436
6.36156 -0.22624 2.23328 -0.07298 0.19883
5.72407 -1.60117 3.9539 -0.54085 1.13793
5.90711 -1.29186 3.38434 0.13273 0.32256
6.07461 -0.87615 3.86651 -0.59016 -0.34684
3.75966 -0.14662 4.19021 -0.6082 -0.98452
3.70982 -0.1467 1.49651 -0.30657 0.72255
3.53098 -0.19022 2.31721 -0.13611 1.38019
3.16389 0.75376 1.75019 0.05705 0.75911
2.34133 0.44408 1.51132 0.04289 0.29368
2.13068 0.6609 2.04267 1.47888 0.56962
2.84513 0.99609 4.0177 1.74801 0.6044
3.35094 1.26167 3.89271 1.3799 1.10051
2.71658 0.43896 3.89937 -0.60012 2.35868
3.61225 0.11142 2.97579 -0.93155 2.92346
3.05779 0.89217 2.37903 0.03699 2.17298
2.00295 1.61866 2.46119 0.39 4.7835
0.98487 2.23785 3.71631 -0.06178 2.0295
0.82131 2.06368 4.34574 -0.15215 2.29762
1.22928 0.74569 3.9392 -0.63317 1.26904
2.12632 2.36906 1.16715 -1.14433 0.95313
1.68763 1.7707 -0.74206 -2.10264 1.06518
0.73924 0.2329 0.29637 -2.82817 0.78008
0.89705 1.13038 -0.00734 -3.72148 1.1274
0.28587 0.78411 1.22672 -2.89786 2.85095
-1.80858 2.11781 1.05053 -1.40652 1.55646
-3.63329 1.62066 0.63038 -0.6144 1.86737
-6.3075 0.5291 0.18699 0.37048 0.81362
-6.44892 0.07322 1.03183 -0.11551 -0.97332
-6.20147 0.67527 0.54739 -0.57354 -3.90298
-6.7269 1.87078 -2.45694 -1.10784 -5.14919
-6.12011 2.1277 -1.21351 0.1938 -3.82183
-6.06005 1.31367 -1.75793 -0.71795 -3.9492
-8.45757 -0.12799 -1.94123 -2.71331 -3.35608
-7.0144 -0.88991 -3.71746 -3.77355 -3.35939
-7.80555 -0.5531 -3.20103 -3.16201 -4.03855
-6.99827 -1.85909 -5.52398 -4.0155 -3.12688
-8.55073 -2.35233 -5.83334 -5.63841 -2.98674
-8.14275 -1.79768 -5.54616 -3.5551 -2.52559
-9.57824 -1.54586 -5.94885 -4.52309 -3.18437
-10.16328 -1.57634 -6.50788 -3.4558 -4.35646
-11.40683 -1.80054 -4.38943 -2.78303 -6.88685
-12.47688 -3.82334 -5.67094 -2.15021 -8.31273
-12.34993 -3.03015 -3.99848 -1.83579 -7.71058
-12.34525 -1.70132 -4.59097 0.65331 -7.49036
-13.65089 -2.89512 -5.90724 2.28871 -8.0454
-13.66919 -3.98108 -4.52676 1.35724 -8.26803
-11.91813 -5.02537 -7.36329 0.57177 -8.8706
-10.127 -4.26739 -7.80484 -1.10818 -10.21411
-8.73151 -5.88276 -8.56868 -0.85569 -8.70396
-9.93506 -4.66912 -7.85836 -2.36341 -8.24568
-8.71592 -3.23464 -8.47341 -2.3513 -7.1568
-8.74181 -4.8095 -7.09799 -2.59182 -8.81155
-8.89403 -4.9241 -5.74067 -4.62039 -7.21447
-7.58617 -3.96986 -5.46409 -3.19481 -9.33196
-8.32624 -3.4026 -6.21517 -4.10879 -8.57775
-6.915 -3.02047 -7.28135 -4.01745 -6.91999
-6.9646 -4.02559 -7.07531 -2.65801 -7.49192
-6.53045 -1.49149 -6.68005 -2.03237 -9.32002
-6.36461 -0.98886 -6.23221 -1.43952 -6.55187
-5.58247 -1.03312 -5.07441 -2.815 -5.5779
-5.48074 -2.81762 -4.0012 -0.06973 -3.55105
-5.31142 -4.56145 -3.31464 0.40285 -5.80888
-6.06054 -4.33447 -3.89449 -0.80362 -6.10449
-6.02704 -4.22108 -5.21038 -1.91385 -5.67942
-6.57907 -2.96923 -4.74097 -2.29788 -5.15438
-6.95422 -2.77754 -4.81823 -3.00539 -7.24941
-5.5709 -3.54444 -2.90734 -0.82025 -6.49834
-4.54997 -3.81404 -2.07486 -1.23808 -6.95716
-5.45274 -5.08954 -3.0159 -1.92525 -6.07128
-5.25107 -4.6899 -3.85013 -3.97888 -5.4694
-5.82381 -5.2633 -3.65095 -5.35307 -5.12272
-6.74816 -5.30737 -3.50917 -3.99619 -4.96644
-8.03777 -3.3029 -2.78687 -3.29216 -5.97823
-9.7804 -3.22082 -1.97852 -3.27689 -5.97437
-11.92637 -3.32051 -2.81901 -2.96712 -5.64405
-12.68917 -2.40615 -3.26057 -1.44032 -7.31565
-11.38786 -2.38739 -3.96668 -1.74633 -10.86599
-11.87617 -2.71641 -4.11926 -1.84872 -10.83458
-11.17122 -2.53801 -3.78304 -1.18264 -8.79862
-9.72342 -5.43195 -5.49857 -1.41772 -8.40424
-9.08843 -7.71646 -5.68406 -1.45968 -8.56802
-10.19899 -8.15925 -6.11487 2.61359 -8.15801
-12.1017 -6.84971 -7.72124 1.57344 -8.45986
-10.55042 -5.36167 -9.0076 0.58645 -8.29627
-8.70767 -6.19474 -6.86775 1.15964 -9.76053
-8.83744 -6.28132 -6.33807 0.47955 -10.07955
-9.28303 -7.17647 -7.04862 1.95142 -10.9334
-7.77375 -6.55617 -7.05667 1.69386 -11.0729
-8.0851 -6.51192 -6.66062 2.91749 -8.51885
-6.3222 -7.60495 -4.78963 5.11837 -8.7498
-4.23708 -8.11806 -5.41455 5.75347 -7.40882
-3.3635 -8.59748 -4.19281 5.67686 -7.92663
-1.89454 -6.35686 -2.50606 5.12442 -6.21991
1.12135 -4.95596 -2.80227 2.92637 -8.25497
1.45344 -3.53721 -3.43328 2.52798 -8.30405
3.91721 -5.28651 -1.84419 1.79598 -7.44383
4.29272 -4.6987 0.01087 2.10271 -5.67357
4.53442 -4.81686 2.23198 0.41456 -4.38402
5.34433 -3.48618 1.35079 1.37433 -1.99051
5.06685 -4.48789 2.16606 1.78895 -1.12853
6.03024 -5.12225 3.29663 1.33247 -0.18374
4.66048 -4.43966 0.74252 -0.52376 -0.11743
5.47236 -4.02075 0.80826 0.06435 0.27642
4.33761 -3.31086 1.09812 -0.32221 0.15014
3.9387 -2.71252 0.60149 -0.55351 0.11696
2.39104 -1.27977 1.24317 -1.60502 0.56175
2.51994 0.34323 1.79942 0.46131 1.78069
1.73971 -2.11784 2.73057 1.49077 -0.83996
1.86606 -1.51264 1.86615 1.38995 -2.45537
0.74683 0.84516 2.74035 0.88874 -1.72333
1.74326 1.81622 1.57557 0.0693 1.23546
3.1054 0.59977 2.22181 -0.79291 1.02062
1.55828 -2.60326 2.02346 0.80614 0.66856
0.8299 -2.67129 2.41593 2.48753 0.55094
-0.37199 -1.48388 3.79803 1.53668 -0.57171
-0.15363 -1.27504 1.21374 1.40427 0.6729
0.04489 -0.19737 -0.75989 0.32823 2.37275
1.88065 -0.98721 -0.75744 0.40824 0.4567
2.77891 -0.48926 0.14706 0.5159 -0.01853
4.40948 0.42606 0.0387 0.84386 0.51967
2.98357 0.16507 0.69778 1.90429 0.31421
1.61076 0.82395 1.80222 2.11832 2.23082
1.10534 2.26311 1.80357 1.79203 1.65167
2.01315 2.44395 0.56886 0.34017 0.87741
3.47304 0.58288 0.48504 -0.68053 -0.11953
4.19262 -0.08667 1.12861 0.33393 -0.10911
3.25831 -2.93227 2.84138 0.06708 0.25613
2.0051 -2.85977 0.73407 0.53652 1.96002
2.10474 -2.46586 0.41989 1.82507 1.71147
1.6764 -1.72277 1.59249 1.64997 0.49752
0.53079 -1.34753 1.55673 0.81461 -0.48604
-0.0651 -1.41689 1.52141 0.11822 -1.08017
-0.05501 -0.63259 1.60201 0.11817 -2.51027
0.29102 0.4937 -0.28272 0.33909 -1.81824
1.4286 -0.91744 0.21814 0.33977 -3.45032
-0.15467 -2.89045 1.21744 -0.81435 -0.79694
-1.81248 -4.01924 0.48475 -1.54384 0.92153
0.66189 -2.48418 1.79811 -1.80568 -2.38429
-0.54713 -1.56144 0.92957 -2.21817 -1.32863
-0.99436 -1.27921 -2.15743 -3.40849 -0.64787
-1.65063 0.70131 -2.53193 -3.76825 -2.06971
-3.61429 0.74316 -3.1571 -4.64309 0.29463
-2.67983 1.62893 -2.86001 -3.73984 -0.48652
-0.77947 2.02111 -0.64462 -3.95749 -2.33567
-1.56717 2.91477 0.03398 -3.7808 -2.4858
-2.82196 1.49316 -2.08418 -3.56434 -2.29477
-4.80072 -0.35766 -0.61554 -2.76267 -2.10373
-5.05398 -0.97877 -1.67281 -2.18041 -2.87452
-4.93663 0.02724 -1.56764 -2.13482 -2.04557
-7.66018 -1.25151 -1.91071 -1.49737 -2.16308
-8.08437 -2.18505 -1.52345 -1.83524 -4.43184
-7.09574 -1.62643 -0.28265 -3.35661 -3.93955
-5.16938 -1.85542 -4.13524 -1.39926 -4.75715
-4.17263 -2.14603 -3.73992 -0.31917 -5.04782
-3.46708 -3.72712 -3.60686 0.30234 -4.0226
-4.44311 -3.0602 -3.10069 -0.2405 -4.93801
-4.04245 -4.34102 -2.32315 0.97913 -5.33301
-3.91446 -4.27325 -4.8764 0.52328 -5.17122
-4.30092 -2.03018 -4.45041 0.41376 -4.47
-5.16149 -0.80768 -6.07105 -0.17181 -4.07036
-3.50458 -2.75285 -5.90741 0.17421 -3.96751
-4.67997 -2.40799 -3.62834 -0.15268 -3.92022
-3.04967 -2.74703 -3.06262 -0.54731 -3.98972
-4.5918 -1.7033 -3.47431 -0.35416 -3.97346
-2.56519 -2.02604 -3.37679 0.24753 -5.32308
-0.87053 -0.84354 -3.35881 -1.42185 -5.03768
-0.71454 -1.39029 -2.40584 1.35322 -3.44055
-0.726 -2.20511 -1.51522 1.2529 -3.24288
0.10666 -0.92164 -2.73711 1.03391 -1.91364
-0.36079 -2.51543 -2.84505 1.20797 -2.9889
-1.20354 -3.61377 -2.37083 1.42725 -1.59672
-2.33135 -1.61569 -0.94545 0.3652 -0.73664
-1.24141 -1.1465 -0.69884 -0.06418 -0.55537
-0.34331 0.0919 -0.52721 1.13144 -1.16822
-0.67168 -0.11937 0.29095 0.24415 -0.93342
0.26727 0.51381 0.71175 0.83233 -1.48304
0.55974 0.5938 2.22309 1.2806 -1.63884
1.59978 -1.27615 0.47571 -0.27185 -1.94205
1.368 -1.81109 -1.09659 2.43307 -1.90194
0.69426 -0.49569 -0.80422 4.08277 -1.2594
0.71615 -0.04196 -0.95431 2.955 -0.23458
-0.09022 -2.00089 1.91371 3.61079 1.84942
1.4786 -3.26344 0.62808 3.66065 0.80614
3.00292 -3.18554 0.78537 2.85859 1.04923
4.40382 -1.28544 2.2321 2.28084 1.02514
2.77839 -0.00919 2.34985 1.5185 1.62472
4.81582 -0.43068 0.72047 -0.35561 2.0899
2.47276 -0.98861 -0.19288 0.22633 1.57536
3.45718 -1.36214 -0.03026 2.03619 2.60501
4.3895 -2.19841 1.36324 1.06383 2.12347
4.34517 -1.02485 1.49154 0.98015 1.58299
4.72705 -2.39022 2.4372 1.04687 2.03488
3.87613 -2.14711 3.06099 -0.20759 3.27538
