0.73979 -2.65326 -1.90501 -1.45176 -1.67358
0.02911 -3.57511 0.17889 -3.62587 -1.60464
1.12992 -4.3451 0.50188 -1.9587 -1.4511
0.29272 -5.50065 -0.8577 -2.41152 -1.72018
-0.62616 -4.16739 -1.18069 -2.67525 0.39985
0.29528 -4.81365 1.9613 -2.86957 -0.67287
-0.71157 -5.58102 -0.17552 -2.99357 -1.55208
-1.75766 -7.06874 -2.05194 -1.34176 -1.68968
-0.09955 -6.80123 -2.99307 -2.68837 -1.63266
0.12598 -6.99255 1.50203 -1.95047 -0.13288
-1.61505 -6.82786 -0.00374 -2.2021 -1.08345
0.20626 -6.86006 -0.37609 -3.34049 -0.71479
0.2278 -7.46315 -0.55699 -4.79041 1.80615
-0.82686 -7.45705 -0.43678 -5.40021 1.73781
-0.22851 -7.96846 -0.52324 -6.11341 0.10359
0.83856 -7.07656 -0.46583 -4.55824 -0.65616
-0.36648 -6.89287 -0.04829 -3.81469 0.27595
1.80876 -5.53807 1.48359 -2.7586 -1.07978
0.64665 -4.31047 -0.5313 -2.9339 -2.48641
-1.33999 -4.41835 1.88066 -2.91509 -1.19591
0.57091 -3.99479 -0.68764 -0.98666 -1.88827
0.28394 -2.4033 -0.92291 -0.24036 0.25085
-0.84981 -2.35513 2.0053 0.84264 -0.59529
-0.03912 -3.21782 -0.0028 0.61799 -0.32449
-0.76616 -3.3285 -0.98174 -0.74063 -2.15527
-0.3451 -2.04037 -0.57137 -1.18533 -2.6638
0.95629 -2.16243 1.41061 -0.95672 -1.73573
2.51313 -1.33522 -0.44247 -1.03614 0.03379
1.36382 -1.70181 2.14743 -2.31238 -0.59217
-0.81903 -2.07073 0.21416 -2.94103 -1.0409
-0.34083 -1.52857 0.54131 -2.41601 0.72648
-0.17397 -2.32501 -0.99187 -2.0812 -0.18586
-0.5306 -0.00222 0.40662 -2.6782 -0.3685
1.449 0.67907 -1.18375 -2.70816 0.16893
-0.65323 2.69286 -0.26199 -0.83664 -0.40996
-0.49959 4.34707 0.01979 -0.79204 -0.8518
-1.82888 4.63758 1.85261 -1.59208 -0.19388
-1.26479 2.88843 1.6765 -1.4747 -1.05468
-2.95457 2.66828 -0.95632 -1.47646 -0.63104
-2.77999 3.65232 -0.66014 -1.58768 -2.58625
-1.25399 3.94898 -1.02772 -1.20295 -1.81392
-0.55713 3.94733 -0.71193 -1.83239 -0.50555
-0.626 4.16796 -2.33558 -2.30381 -0.59132
-1.17242 4.66217 -0.78482 -1.56955 0.96166
-1.42529 0.97775 -0.66585 -0.99459 0.46747
-1.37026 -1.06815 -0.55905 -2.67272 0.48505
-2.7528 -1.36801 0.52203 -1.99868 0.54619
0.28395 -2.30462 -0.46762 0.12984 0.68353
-0.71455 -1.40848 -0.84626 1.30899 0.12434
-1.40213 -1.03192 -1.48703 0.63635 0.7321
-0.48438 -1.76394 -1.14458 0.33716 -0.50841
0.37631 -1.29457 0.47693 1.26923 1.4666
0.09215 0.17864 -0.29197 1.86746 0.99029
-0.53406 1.00459 -1.31269 2.03235 0.51775
-1.57828 0.13879 -1.61817 1.6025 2.09299
-0.63319 -0.28576 -1.60316 3.28386 1.16165
-1.34125 -0.38676 -1.75482 4.61403 0.60232
-0.43137 -1.23524 -1.25914 4.09459 -1.09444
2.10145 -0.42935 -0.28947 4.99415 -0.32382
1.60588 -1.31081 1.08443 3.82482 2.13794
1.60083 -2.6159 0.0804 2.64166 1.88663
-0.52451 -2.07029 0.43435 1.49422 -0.04994
-1.69468 -2.13382 -0.12105 1.41233 -1.03306
-0.22059 -1.11707 1.71833 2.86816 -0.67101
-0.22759 0.47005 1.16099 2.98301 -2.56664
-2.60949 1.47855 -0.93972 2.93428 -3.39209
-2.54772 1.18918 0.29596 0.47023 -2.70334
-0.70906 1.17735 -0.68569 -0.01481 -2.13576
-1.35106 -0.20519 0.18606 -0.9642 -1.27478
-0.51752 -0.02498 -0.1907 -2.31778 -2.19917
-1.44079 -1.42612 0.74734 -3.57818 -1.7542
-0.51835 -3.33948 -0.11935 -3.79349 -1.00245
1.68863 -2.72912 -2.3006 -5.75459 0.3421
0.64387 -4.45402 -1.37241 -5.13492 1.14868
-1.41106 -5.13142 -1.81602 -6.1427 0.10635
-0.4535 -4.13747 -0.23923 -4.69909 1.48859
-0.74012 -3.56042 0.8822 -6.47282 1.45188
-0.22369 -4.19664 0.2755 -5.27142 -0.89442
-0.1147 -4.63648 -0.70261 -4.42324 -3.03748
0.18014 -4.03898 -0.40172 -3.88333 -1.95475
1.47487 -3.68697 1.48821 -3.07439 0.80768
0.52131 -1.64358 -0.95796 -2.91888 1.8671
-1.11036 -1.57938 -1.03282 -4.0172 -0.84046
0.13467 -3.0799 0.61728 -4.0178 -0.2363
-1.10971 -3.55875 -0.55642 -6.39692 1.1287
1.49812 -4.27899 -0.33053 -5.74511 0.63047
-1.69477 -4.53431 -1.20917 -5.71911 1.67004
-0.93648 -2.98859 -1.48725 -4.57164 -0.12382
-2.41898 -2.31166 -0.06281 -3.63663 0.10839
-1.04391 -3.18389 2.42435 -3.72026 -0.48232
0.88638 -3.38939 -1.56086 -1.86068 0.21165
0.71136 -5.12426 -0.1788 -2.95158 2.01985
0.23264 -4.16183 -0.72825 -3.29017 0.86505
0.29927 -2.87918 -0.00869 -2.76082 0.28562
-0.49197 -1.9872 -1.44359 -2.59514 -1.07736
0.54622 -0.83 1.61055 -2.53783 -1.08896
-0.92593 0.38182 0.48862 -2.31615 -1.148
-1.89247 -0.86087 -0.22415 -1.65475 -1.68004
0.36596 -1.38382 -0.90295 -1.59515 -1.00621
-1.0642 -0.96805 0.0839 -2.75917 1.62488
-0.46619 -1.07532 -0.69686 -1.5296 -0.50927
0.03117 -2.4617 0.20495 -3.63435 -1.70726
-1.11691 -3.60166 -0.31889 -3.14537 -1.37265
0.40947 -3.20565 -0.33172 -1.44862 0.1917
-1.71232 -0.1152 0.8797 0.08174 -0.90332
-2.20122 -1.43457 -1.34346 0.87087 -1.37298
-2.2001 -1.02603 0.88718 0.45759 -0.38709
-1.65089 -0.9517 -0.72131 1.04859 -0.49671
-0.49755 -0.50624 -0.65268 0.81166 0.94059
-1.53594 -0.89909 -0.2022 -0.06131 1.85755
0.40969 1.1856 -1.7747 1.40934 2.31914
-1.90146 1.5452 -1.42749 0.94334 1.67692
-0.18201 0.57291 -1.63429 1.51162 0.90909
0.75448 2.03417 -0.54691 1.44863 0.65126
1.39133 2.31809 -0.08398 1.83496 0.72206
3.66465 1.83239 -0.82211 2.15471 1.31365
2.09402 3.13208 -0.81973 -0.25681 1.09134
0.21038 1.69242 1.24034 0.18448 2.04572
1.4666 1.33394 1.9595 1.72149 1.46658
1.58266 1.46448 1.86546 0.95111 -0.49497
2.05032 -0.19679 0.43776 -0.35629 2.50038
2.0415 0.40557 0.84916 1.23713 4.14102
1.11903 1.51453 0.6859 1.55542 1.65518
1.5034 0.8662 -0.68958 0.1924 1.68761
0.94132 0.85495 -0.29924 -0.32259 -0.08518
3.68643 2.38801 1.17657 1.22478 0.2347
0.89402 3.30936 -0.65237 1.21136 0.30865
-0.6544 3.04575 -0.73486 1.18941 -0.13691
-1.00391 4.88423 1.39831 0.86415 -0.58476
0.3463 2.86772 0.00363 -0.28369 0.52368
-1.16938 2.66384 -0.81749 1.95655 0.5708
1.76026 1.04954 0.40734 1.20936 2.3353
-0.28379 1.60172 -0.12424 1.57342 0.33442
0.32405 1.15657 1.24857 0.83503 -0.73603
-1.82811 0.80728 0.72605 -1.57664 0.89015
1.38888 0.53903 0.2314 -0.07247 0.67458
0.63951 0.59686 -0.72731 -0.35845 0.97314
0.92682 1.51089 -0.8463 -0.37092 -0.48996
0.54367 1.11106 -0.50324 -0.25577 0.60555
0.75693 0.46064 -0.25579 -1.09241 1.26119
-1.65928 -0.40891 -0.47973 0.8571 0.29527
-1.16559 -1.23908 -0.29312 1.0558 0.55084
1.15754 -1.09569 1.00185 2.19845 -0.30487
-1.07042 -0.93903 0.67283 2.3944 -0.64328
-0.90422 -1.42386 -2.67464 2.58253 -0.64959
1.36104 -2.31714 -0.20344 1.75887 -1.22523
0.29238 -1.42227 1.63622 2.19639 -0.68749
-1.11305 -0.04039 -1.18365 2.38043 -1.6019
-0.20911 -0.75809 -1.30908 0.01052 -1.55137
-0.29064 -0.26682 -0.64072 -0.69556 -0.04184
-0.24458 -0.01497 -1.62713 0.67215 -0.40413
-2.91434 -0.27097 -1.73493 -2.17423 0.63853
-2.01912 -0.3488 1.49175 -3.5403 -0.806
-0.4497 -0.54836 -0.58489 -2.76057 -2.10474
-1.09571 -1.11474 0.09204 -1.80668 -1.80239
-0.47126 -0.80365 0.0148 -2.16011 -1.08037
-0.4126 0.65014 -0.28851 -3.17211 0.98306
-0.43204 -1.11306 -1.67275 -4.98447 1.80052
-0.36388 -1.54598 -0.38445 -6.00183 3.02094
-0.61188 -1.54036 -0.40335 -6.09847 0.18878
0.39607 -1.69769 -2.34596 -4.60994 -1.24703
1.53029 -1.2081 1.01987 -4.35658 -0.53218
1.87528 -1.85539 -1.10916 -2.16704 -0.91503
0.62301 -1.72432 -1.73592 -2.75015 -0.50595
0.93405 -1.85502 -1.07003 -2.2774 -1.42126
1.22694 -3.08759 0.75421 -2.90805 0.03292
0.76844 -3.28912 0.1665 -1.25967 2.16451
1.04232 -5.71604 1.55255 -1.20951 1.66264
0.58228 -4.05403 0.88965 -0.80577 1.82629
1.05747 -4.04704 0.48017 -0.03075 0.7101
1.60497 -2.36663 -1.01857 0.38192 1.80932
-0.23845 -1.09282 0.87294 1.40804 2.14336
0.68624 -0.47409 0.78891 1.52729 1.73153
0.10126 -1.3508 1.20842 1.43605 1.4537
0.49233 -1.43775 0.34594 0.65574 -0.41441
0.49184 -0.17981 -0.03323 -0.63508 -0.1512
2.11507 0.36639 1.62691 -0.96738 0.40862
0.20771 0.38718 0.9587 -0.62946 -0.78046
1.62606 1.17713 0.79882 0.03872 0.63069
-1.39919 -0.47849 -0.85466 0.32723 0.20899
-1.21347 -1.82463 -0.20227 -0.46135 -0.50094
0.09291 -0.21123 -0.46813 -0.52088 -0.56401
-0.00361 0.4695 -0.05219 -0.48248 1.38821
-0.18917 0.81845 1.37596 0.54025 0.635
-0.00111 1.03499 0.01258 0.12808 1.84878
-0.57531 1.85304 -2.16988 -0.15451 0.99801
-0.9943 3.85409 -1.22172 1.17936 1.45851
0.58077 2.69029 -1.94953 1.34054 1.37481
3.54365 1.26959 -0.46435 1.39579 0.8049
2.17814 1.82503 0.32062 1.06136 0.11931
2.54924 1.88273 0.69696 1.36359 0.04529
0.47427 2.3184 1.83411 3.15105 -0.33204
1.09441 2.14604 1.66198 2.15871 -0.5557
0.34986 2.49663 3.64643 3.20527 -0.2779
1.65163 1.83139 0.85588 4.57589 0.68177
0.8391 4.37901 1.69393 3.02079 -0.22556
0.94833 3.92607 -0.10528 4.53115 1.11188
0.70158 4.06736 -0.71905 3.72831 0.18102
0.23523 4.48368 0.12623 4.66076 0.49461
-2.20136 5.17236 -0.65248 3.23789 0.35823
-0.40199 4.99272 -1.24133 2.84786 0.76137
-0.33868 3.69661 -0.10327 3.28547 1.40468
-0.76162 4.80626 1.66748 2.70508 -1.21579
-1.30161 4.88172 -0.47342 1.47883 -1.71442
-0.73888 4.16498 0.29119 1.52233 -0.50601
-0.84636 3.14968 -0.35402 1.23565 -0.6423
-1.14704 4.11841 0.6759 2.45782 -0.87061
0.219 2.93712 -0.24887 1.95626 -1.91018
1.53782 2.37166 1.39102 2.52023 -0.88546
0.8967 0.95475 0.17477 1.5538 1.07997
1.17064 0.83092 0.22643 0.34498 0.94897
-0.67587 0.85053 -0.29554 1.56313 -0.67367
-0.33721 -0.13734 0.87737 0.65045 0.7819
1.27402 0.53703 2.01715 -0.2771 -0.97315
1.81617 -0.64074 0.79045 -1.67945 0.49054
1.20084 -2.18603 -0.21173 -2.12256 0.95434
0.10958 -3.05331 -0.36543 -2.36084 1.76795
0.34089 -1.89966 -0.95317 -1.49634 0.33206
0.92645 -2.64413 0.7364 -1.40505 1.10971
1.39297 -2.17608 -1.10768 -1.1874 0.85597
0.34204 -1.08181 -0.07079 -0.55315 1.65794
-0.72874 -0.23389 0.23463 0.76158 -0.89594
-0.4677 -0.24638 -1.94696 1.2082 -2.79787
2.60351 0.17429 0.53608 0.48267 -2.22515
0.54883 1.76749 -0.37322 1.07944 -0.91224
-1.10687 0.87757 -0.23931 -1.54966 -0.48155
-2.10001 1.19226 1.64166 -1.83317 0.12831
-0.66767 -0.01705 0.98183 -1.11207 0.45946
0.0702 -1.39267 2.03352 -0.58805 1.93542
0.59087 -0.74565 -0.96954 -1.31222 1.06784
1.54673 0.34514 -1.50762 -0.02789 0.17082
0.54009 0.56425 -3.4772 1.45213 1.16482
-0.97631 3.02077 -2.72948 3.29124 1.70748
-1.76305 3.15748 -0.60118 1.81262 1.99144
1.2028 3.41048 -1.01385 2.96967 -0.134
-0.13695 3.23871 1.38562 2.94521 0.43753
-0.19659 2.02786 0.54441 1.78184 -0.62795
-0.18637 1.9124 -0.93085 2.21327 -0.79797
-0.73462 2.85658 0.07782 1.38947 -0.8263
-1.8744 2.22476 0.18647 0.62962 -0.87624
-1.62393 4.38664 0.20187 -1.2684 0.61624
-2.59896 2.53325 0.96413 -3.13205 -0.53097
-1.46529 -0.25159 -0.46453 -3.53324 0.58655
-0.39561 -1.56645 -1.1452 -3.68142 -2.64625
0.10619 0.05 -1.32703 -5.06222 -0.17002
0.03372 0.28328 -0.95076 -6.44723 0.70743
-0.44262 -2.27332 -0.65474 -6.53701 1.14658
-0.35605 -2.85454 -1.28309 -6.24534 0.95281
-1.06713 -4.59741 -1.04794 -5.85644 0.61019
-0.984 -5.72672 0.41753 -7.33616 -0.8524
0.42018 -5.43024 -1.62085 -7.19282 -2.20542
0.57599 -3.57757 0.46117 -6.80635 -1.64119
1.01268 -5.6184 0.90316 -6.04321 -1.11577
1.32474 -3.74239 0.59399 -4.9493 -1.16562
-1.42395 -5.05085 -1.96353 -5.77251 1.13912
-2.11228 -4.02902 -0.37343 -5.03117 1.38339
-1.5135 -2.16143 1.48062 -5.30045 0.40858
-1.33887 -0.96455 0.64671 -5.2982 -0.44526
-2.26822 -1.4732 0.2824 -3.32726 0.40759
0.64963 -1.67641 -0.83541 -3.29747 0.77119
0.63721 1.94216 0.41029 -2.55001 1.3482
-1.89562 1.0469 0.19135 -1.68299 -0.3711
-0.83683 2.06929 -0.95874 0.02554 -0.52811
-0.8987 2.25057 1.00873 0.92927 -1.7895
-0.09616 2.53418 0.10527 1.35667 -1.54096
-0.52915 3.07767 0.04132 2.43314 -2.0177
-0.07022 2.33903 1.55814 2.37168 -0.90744
0.45903 3.53623 -0.50022 1.19777 -0.22474
-1.13351 4.14501 -0.2216 1.91771 0.60627
-1.29286 3.43085 -0.86688 1.90352 1.2514
-0.51833 2.42926 -0.47173 0.56962 -0.23312
-0.25909 1.67997 -0.40087 0.18847 0.75437
0.22842 1.47277 0.47339 0.77999 -0.25692
0.90895 0.4611 -0.31553 1.28682 -0.79929
2.17431 1.11231 -1.1243 1.21763 -0.35621
-0.62534 1.23492 -0.93283 0.64757 -0.5028
-0.42704 0.66556 -1.38565 -1.26491 -0.05374
-0.87992 1.5156 1.16936 -1.69373 -1.26945
-1.1262 -1.24621 0.02696 -2.44491 0.08139
-0.61787 -1.43854 -1.15567 -0.74616 -0.38474
-0.25891 -0.74859 -0.19878 -1.2043 0.13693
-0.06003 -0.35323 -0.48594 -0.84503 0.19668
1.56193 -0.97332 -0.33079 -0.67868 1.08389
1.14812 -0.52777 -0.79262 1.73233 0.48134
0.51575 -0.01369 -1.32349 2.47098 0.26826
-0.22609 0.8171 -0.97267 2.61125 -0.71221
-2.10466 0.04296 0.32079 3.04696 -1.38725
-0.95755 0.61161 2.0926 3.57503 -1.59832
-0.1635 -1.33558 -0.31828 3.17113 -1.66203
0.53739 -0.71404 1.65342 2.34856 -2.00602
-0.05829 0.57401 0.50091 -0.30171 -1.86344
0.85363 -1.31349 1.19057 -0.31036 -1.79327
-1.45465 -2.37502 -0.60913 -2.13257 -0.13297
0.61058 -1.89821 0.38621 -3.17516 0.36413
-1.38878 -0.95874 -2.1332 -3.92345 0.92813
-1.22917 -0.34804 -0.24246 -5.09302 1.71323
-0.77877 -1.82886 -0.71508 -3.98846 1.91521
-1.19907 -2.82394 -0.14792 -1.72406 1.24913
1.27286 -2.8393 -2.11423 -1.32066 1.13744
0.52186 -2.57439 -1.18833 -2.16953 -0.13018
