0.25424 -0.47778 -1.39838 2.23023 -1.41105
0.04816 -0.91502 -1.48305 1.54295 -1.05892
0.2267 0.05322 -0.60341 2.30936 -1.00195
1.23854 -1.36032 -1.62876 2.27724 -1.47311
1.17189 0.06273 0.21258 1.92078 -1.74303
0.81706 0.77998 0.55727 2.80561 -1.35972
2.14752 0.37808 1.04028 2.33647 -0.48224
1.29038 0.38707 0.15431 0.67497 -1.01548
-0.10391 0.41485 -0.13941 -0.37873 -0.03837
-0.49317 1.90899 0.70883 -0.30984 0.79468
0.96783 -2.52802 1.44999 2.04359 0.76232
2.76071 1.16642 2.65804 1.30032 0.30125
1.23242 1.04836 0.59479 0.56195 -0.93392
0.76171 -0.97834 -0.19392 1.67294 2.03242
0.52414 -0.40634 -0.07095 0.13799 1.65287
1.55275 -2.21417 -1.09488 -0.28817 3.06933
1.27092 -2.67203 -1.80455 0.3135 3.36469
-0.17386 0.30928 -0.16576 -1.28594 4.3398
1.98289 -1.42125 1.20713 -0.4553 3.02403
0.85609 -0.08832 1.14473 -0.0009 3.29441
-0.86881 0.8094 0.55334 -0.11361 1.91101
-0.26379 0.49218 1.89019 -1.28447 3.18381
0.73259 -0.23647 0.49469 0.04011 2.41578
0.35298 -0.27802 -0.38627 0.39322 2.1931
1.6525 -0.74861 1.60991 0.45982 1.07134
-0.4139 0.03367 1.21081 1.42672 2.88197
-1.11067 0.96388 -1.04254 1.16652 2.3835
-1.60897 -1.02811 0.30959 1.39347 0.99771
0.24883 1.16859 0.09843 0.57607 1.0495
-0.04849 -0.32573 0.63117 2.89038 0.23949
2.02433 2.12006 0.47972 3.92452 -0.2586
0.27847 1.87094 -0.57155 1.63101 0.63369
-0.30077 1.84731 0.77998 1.03542 -0.8906
-0.23019 0.94418 -1.23094 -0.79745 0.42038
-0.13014 -0.26999 -0.3297 0.60086 0.85274
0.23599 2.23659 0.52495 -1.64719 -0.25283
-0.12022 -0.04316 0.80569 -0.11078 0.39668
1.59075 -0.79095 0.85582 -1.19057 -0.81306
0.26987 -0.23073 -0.65159 -0.73031 -0.65952
-0.11517 1.29885 -0.16434 -0.66313 -0.25129
-2.50178 -0.5187 -0.33501 -1.04946 1.05493
-2.33302 -0.37944 -0.2353 -1.68183 0.37086
-1.65105 -0.51162 -0.84109 -2.65714 -1.40511
-0.70884 -0.7414 -0.23346 -1.71675 -1.9042
1.78116 -0.9373 0.4946 -0.31767 -3.94234
0.50671 -0.88749 1.68838 -0.6382 -2.57938
-0.71843 -1.11963 -0.72102 -0.49133 -2.77388
-1.63209 0.57241 -0.94776 -1.76281 -3.15144
-0.89225 -3.08528 -1.60199 -1.89873 -3.94049
-0.83909 0.73131 -0.85728 -2.01076 -4.61329
-0.15905 -0.09591 0.56775 -2.75513 -5.18136
-0.59274 -0.91907 -0.63608 -2.53859 -5.56147
-1.21339 -0.27094 -0.26565 -1.97481 -5.83603
-0.94573 -0.11699 0.84253 0.19877 -7.44705
-0.78654 -0.55349 -0.97052 1.39576 -5.72299
-1.15206 1.27104 -0.80929 1.12159 -5.25142
-0.80841 0.09238 0.13585 -0.30083 -5.43846
0.61681 2.35575 -0.7822 0.43113 -6.79029
0.82076 -0.94585 0.04846 -1.37547 -7.05229
0.25469 1.54028 0.56769 -0.8666 -6.82972
3.17847 1.17532 1.04594 -0.49711 -5.4167
1.95011 0.91611 0.2345 -1.57147 -3.63223
1.96358 -3.02772 0.46811 -0.21522 -2.85142
0.41671 -2.24083 -0.02884 -0.77711 -2.98562
1.2377 0.52315 -0.54547 0.77906 -0.72302
1.32585 1.01361 2.12919 1.30446 -0.16747
2.79593 -1.39619 0.67869 -0.85347 -1.91798
1.51827 0.23562 -0.91373 -1.25923 -0.63463
-0.7525 -0.94978 0.38818 0.6185 0.05275
-0.39589 0.59306 -0.79861 1.02674 4.08351
1.01733 1.11916 -0.08403 1.49244 5.46841
0.59318 1.2219 -1.10616 0.28597 5.63127
0.27706 -1.29941 -1.0217 -1.28003 5.30207
-0.50634 1.65573 -1.10815 -0.05091 5.52877
0.86513 1.34999 0.68132 -0.27363 4.94412
0.67858 -0.37322 0.62465 -0.87514 4.0672
0.86109 -0.7687 0.42206 0.47234 4.52123
-2.94555 1.1545 -0.59522 0.07586 6.19405
0.54471 0.46756 -0.19608 1.72571 6.17587
1.22846 0.81665 -1.4621 0.86939 5.49297
1.34791 0.03542 -1.1617 -0.07288 5.91955
-0.56244 -0.24352 0.9279 -0.09476 5.42354
-0.63298 -0.71946 -0.53864 -1.46501 3.87485
0.14729 1.14084 -0.32964 -1.34161 4.32037
1.50461 -0.40268 -0.369 -2.43632 3.62994
-0.15159 -0.39377 0.18094 -2.00635 2.25748
-2.029 1.27386 1.16409 -1.80547 1.785
-1.78585 -0.00253 0.57936 0.12734 1.43973
0.87304 -1.86079 -0.64041 1.38679 2.68853
-1.18825 1.9205 1.27029 1.37402 1.7112
-1.04808 0.7553 0.03296 1.05231 5.88308
-2.05559 1.18936 -0.2655 2.15218 6.54268
-1.44414 0.70708 -2.36376 -0.63232 7.07955
-1.87286 0.12167 -2.25723 -1.91569 6.24983
0.47415 0.38792 -0.85253 -1.55323 6.28984
-0.39699 0.97725 -0.01268 -1.22214 5.8803
-0.39396 0.58104 2.01176 -0.22186 5.67347
0.04961 -0.50724 2.37568 -2.39041 4.40721
-0.56699 -1.32953 1.03386 -1.25822 2.11408
1.41588 -2.4968 -0.74333 -1.13933 2.60961
0.2079 -1.95885 0.37815 1.27979 3.82368
-0.17967 0.9573 1.33006 -0.55913 5.11349
-1.57824 -0.06285 1.6458 -0.86742 6.56429
-1.0152 0.59229 0.54322 0.41962 5.29596
-1.97054 3.8152 -0.88895 -0.36158 2.98755
-1.09673 -0.46363 -0.71698 -0.8406 2.41414
1.78947 -1.18552 0.32042 0.17356 2.33416
0.47304 -2.12203 -1.79482 0.88368 0.67749
0.81181 1.4012 -1.31766 0.19872 -0.6915
1.37382 1.58446 -0.1619 0.34267 -0.0741
0.03402 1.29303 -0.29683 0.42159 0.00792
0.17644 -0.95998 -1.91051 -1.59561 0.35243
-0.10509 0.54526 1.39508 -0.99987 0.73903
-0.56709 -0.50259 0.55616 -1.35554 1.22059
0.5176 -0.69131 -1.9938 -0.61709 4.27934
1.11701 0.37462 0.55361 -1.8866 6.12721
0.2902 -1.33559 1.99293 -0.58848 5.81368
0.3329 1.24312 1.347 -0.26122 5.04786
-0.04303 -0.07169 0.81012 0.26426 2.40586
-0.58965 0.59866 -0.01454 -0.37398 4.67429
0.2494 1.15985 0.93319 -1.25305 4.7275
-1.1567 -0.54841 -0.85692 -2.1928 4.22745
1.13522 -0.16186 -1.66793 -1.24768 4.45245
3.51434 0.29523 -0.20863 -1.98583 4.20955
1.48537 -1.48532 -0.86505 -2.53198 3.57789
1.20793 -0.45523 -1.0373 -3.60253 1.71071
-0.43663 0.74554 -1.18835 -3.50815 3.90277
-2.12831 -2.49932 0.92528 -1.78979 3.5829
-0.12719 1.0699 1.71916 -0.19501 3.87033
-2.51919 -0.08533 -0.13444 -0.41583 4.38059
-2.09281 1.0249 0.08563 0.71899 4.34102
-0.23231 0.84693 -0.10939 -1.01656 5.04853
0.40572 -0.94598 1.73761 -1.79432 5.38518
1.14299 0.03127 -0.6184 -1.88406 7.21458
0.77817 -1.97517 -0.93143 0.52952 5.81669
2.2386 -0.64458 0.72914 -0.84855 7.2379
1.04787 -0.88193 -0.56414 -1.23269 6.20424
-0.88613 -2.50569 -0.25244 0.7918 6.10742
-0.21175 -1.03251 -0.28331 1.00434 5.56802
0.13696 1.64931 -0.11249 2.57648 5.75884
-0.47938 2.56299 -0.67879 2.70358 5.24207
-1.74181 2.89406 -0.27192 2.21658 1.96579
-1.2981 1.62913 -0.77102 2.32525 0.69444
-1.0046 0.43608 -0.42855 2.19246 0.19904
-1.30441 0.39274 -1.29166 -0.09105 0.86842
-0.16891 1.23379 0.0841 -1.50188 0.15387
3.00309 -0.19419 -0.83952 -1.79369 0.9644
3.52287 0.01608 -1.64729 -1.38798 1.56744
2.56582 -0.34456 0.03918 -0.99177 2.35098
1.36692 -0.49905 1.13354 -2.83329 1.92328
0.68072 -0.57531 -0.34553 -1.14826 0.73628
-0.6581 0.0921 0.44405 -0.63329 0.62105
-0.51003 -1.41134 0.49482 -2.42648 0.44558
-1.68089 -0.54276 0.64373 -2.61077 -1.00348
-0.85755 -0.82854 -0.20215 -1.66332 -2.38666
-1.47201 0.31643 1.1664 -0.63026 -2.16212
-1.05189 0.85455 1.09052 -0.06487 -1.38598
-2.51759 -1.32276 0.75487 -1.68359 -1.15415
-2.02425 -0.74234 0.17738 -2.45395 -0.32946
-1.8684 -1.05222 0.31317 -3.53274 0.60518
-1.53028 -2.77989 1.27229 -3.17768 -1.12151
-2.14492 -0.09319 1.24092 -2.89745 -2.96667
-1.87848 -2.79727 0.04471 -1.88721 -2.23316
-0.54904 1.12775 0.0919 -0.77811 -2.00114
-0.75198 1.74002 -1.85733 -2.32689 -2.16258
-3.26567 -1.87577 -0.63625 -0.88022 -3.97851
-1.79622 -0.42811 1.88774 -1.58862 -3.05792
-2.04307 0.12159 -1.27225 -1.64815 -3.82851
-2.85995 -1.72453 -0.55252 -2.69128 -3.28243
-2.63966 0.1187 0.81722 -3.1183 -4.56871
-1.6029 0.443 0.28846 -2.8268 -4.71069
-1.4034 0.99408 0.18282 -2.91669 -5.90664
-1.56778 -1.30874 -1.00067 -3.34371 -5.30301
-3.39428 -0.27506 -1.90203 -1.57605 -5.48764
-3.69388 0.80973 -0.96182 -1.13627 -6.63475
-3.47402 -0.20646 -0.37063 -1.73908 -7.35248
-1.30862 -1.30783 -1.00591 -0.52002 -9.34798
-1.79205 0.39854 0.28408 -0.95871 -8.74811
-0.66806 0.44949 -2.48517 -1.1873 -10.38995
0.42105 -0.27994 -1.49046 -2.23738 -11.23845
1.20988 -0.82657 -2.34444 -1.92904 -9.38329
-0.48814 -2.28257 -1.77668 -0.86881 -9.53192
-2.02668 -0.94687 -1.78032 -0.48397 -8.42927
-0.91552 -0.52501 -1.59956 -1.912 -9.13378
-1.69972 0.36792 -0.94254 -1.86779 -9.57382
-2.09281 -0.89085 0.14613 -0.64629 -10.24544
-2.55406 -0.07786 2.9718 -1.68917 -11.65191
-2.42942 0.12661 2.00963 -0.4201 -11.29976
-1.93421 -0.25972 1.37536 0.2348 -12.06315
-0.59586 0.53838 3.01989 0.27307 -11.38314
-1.96766 -1.17464 -0.69592 -0.46067 -9.03294
-0.17721 -0.06188 -0.69943 -1.33684 -10.23382
-0.19625 1.44645 -2.11594 -1.47903 -11.00551
-2.38423 -0.0941 -0.72746 -2.20946 -8.20857
0.71475 -0.48113 -0.00342 -1.81245 -9.49415
2.3447 -2.72472 1.00865 -1.08563 -11.36091
0.77164 -0.18363 -2.39288 -1.81264 -9.9426
0.08895 -0.27837 -0.2621 -0.70775 -10.19285
0.18385 -0.58965 -1.25974 -0.22574 -8.50498
-1.96379 -1.04749 -1.12738 -1.03411 -8.05055
-0.28042 -0.03724 1.39946 -1.11286 -7.15751
-0.94658 -3.07999 0.80665 -1.70117 -6.67613
-1.76824 -0.66467 -0.45484 -0.98516 -8.058
-0.32999 -1.2258 0.03628 -0.14978 -6.8353
0.59551 -0.2873 -0.56881 -0.59073 -5.55969
0.33326 -1.82012 0.90701 -0.11599 -4.65332
-0.36344 -0.11667 -0.0171 -0.07464 -3.58993
0.7973 1.14315 -0.84129 -1.09559 -3.42552
0.31888 -1.45241 -0.21897 0.30319 -4.68944
-0.55247 0.8522 -0.78676 1.48443 -3.68844
-0.44022 -0.67546 -0.71831 1.18624 -2.9802
-1.43389 -0.47569 0.16472 0.57521 -1.71705
-1.35051 -1.98534 -0.96212 0.50011 -0.19786
-1.13614 -0.46049 -2.42714 -1.32081 -2.32065
1.72578 -0.64464 -0.71431 -0.03996 -2.57696
2.58984 -0.35309 -0.01685 -0.60237 -2.60265
2.14809 0.05546 0.12812 -1.6185 -1.07172
1.36896 1.43281 0.10058 -1.5525 -0.85346
0.46823 0.80437 0.09445 -0.41761 -1.08747
0.11406 -1.67259 -0.57878 0.36234 -0.15539
-0.65684 -1.19977 -0.42835 1.77532 -0.64296
-2.02229 -0.10346 -0.62379 2.5387 -0.58536
-0.68879 0.40639 -1.49316 3.07669 -1.83171
-1.74814 -0.30623 -2.88959 3.32944 -3.34727
-1.79708 2.09379 -1.84277 3.1598 -5.65579
-0.05007 0.17956 -1.99954 1.96704 -7.2679
1.02511 1.87841 -0.01244 1.82298 -8.74386
1.94141 0.45248 -0.69525 2.45397 -8.57494
1.69599 -0.48045 -0.54528 2.58483 -9.31845
2.02589 1.53365 -0.65385 1.91736 -8.36647
1.34534 2.46104 -0.53398 2.69564 -9.49895
2.89433 0.91209 -0.23178 3.16831 -8.02091
0.8655 0.46051 0.28155 3.22645 -7.84804
0.45771 -0.1673 0.35706 2.38639 -5.85008
0.94972 1.84871 0.89139 1.72951 -6.86425
0.96104 -1.19965 1.35013 0.84866 -5.56749
3.12426 -1.90274 -0.50879 0.27141 -4.98027
2.92783 -1.60031 0.48482 -0.36662 -3.62481
3.36635 -1.23495 0.96326 0.29577 -2.66088
1.60543 -0.9251 0.32417 0.18166 -2.50143
1.17495 0.62802 0.78627 -0.97971 -1.52359
-0.4369 0.01887 2.01168 -0.31161 -0.59894
0.34083 0.59592 0.22976 -1.64637 0.66582
0.98848 0.08338 1.53089 -1.10983 1.11637
1.43933 -0.24856 -0.89116 -0.22825 0.29143
0.55347 -1.3228 0.49383 -1.63721 0.49422
0.29773 0.05109 0.70885 -0.14744 0.17102
-0.11509 0.04865 2.00574 -0.94245 -0.29882
-0.43955 -1.2302 0.56829 -1.18633 -1.12406
-0.38972 -1.32148 1.21234 -0.79593 -1.80286
0.20196 -0.80549 -0.5592 -1.21724 -2.54847
-1.5115 -0.23117 -0.81297 1.03454 -1.26385
-0.3574 0.6538 -0.84441 0.27571 -1.01802
-0.96731 0.60689 -0.60776 0.94431 -1.71423
-1.42137 1.40829 1.10765 -0.30389 -2.95917
-0.71502 -2.09158 -0.02297 0.24863 -4.78696
1.0478 1.01482 -1.96627 1.39979 -5.0437
1.24243 -0.93614 -1.26901 0.5511 -4.88766
0.08051 -0.9591 -0.92905 0.04348 -3.68419
0.82054 0.96671 -1.275 -0.56479 -6.13089
0.06318 -0.16619 0.51569 -0.20778 -7.89973
0.66624 -0.5748 -0.67958 -0.93277 -7.94277
0.28797 1.33519 -1.02213 -0.12111 -8.33767
-0.5847 0.54241 -1.2714 0.18169 -7.24494
-2.67661 0.30262 -0.26242 0.36846 -6.90569
-1.82169 1.46397 0.01312 0.53796 -7.04358
-0.35772 0.38819 -0.6374 -1.10752 -7.65808
-1.47843 -1.42247 -1.58689 -0.16754 -7.38923
0.39409 0.19831 -0.08832 -0.87258 -6.7385
1.04926 -0.75625 -0.73289 -0.64216 -6.51332
1.44535 2.3612 -1.47243 -0.49619 -7.90038
1.29522 0.17015 0.67373 -1.57611 -6.22565
0.58561 -0.55957 0.91568 -2.50605 -6.24306
-1.45123 0.14914 -0.24772 -1.22255 -6.90664
-0.65749 0.42873 -0.22305 0.73869 -6.19262
-2.5816 -0.93058 1.37839 -0.15489 -4.76801
-1.96178 -2.12658 -1.43643 1.77917 -4.69215
-0.4021 1.62455 -0.13227 1.53032 -4.82878
-0.76132 0.38985 -0.25653 2.6322 -5.85749
1.1075 1.97068 -0.46929 0.65404 -5.89831
1.08557 -0.22113 -0.17081 2.25566 -4.94298
0.85912 0.03151 0.56727 3.1068 -4.64032
0.731 2.02936 0.26511 2.8226 -4.11061
0.77145 0.53451 -0.95123 1.65039 -2.32077
0.19913 1.51691 1.23007 2.57672 -1.86535
0.15478 -0.50627 1.68818 1.48759 -1.92435
1.55537 0.20369 -0.72976 -0.69587 -3.21064
2.58537 0.44823 -0.3546 -0.35195 -3.51225
1.13797 -0.21111 -0.64799 -0.33365 -2.2555
-1.06723 0.54286 -2.55699 0.0953 -1.89926
-0.16232 1.1629 0.14279 1.09672 -2.21742
1.9591 0.4612 -0.04304 0.46451 -2.13915
-0.75401 0.40191 2.41832 -0.02816 -2.5882
0.04896 -1.31031 -1.27654 -0.13477 -1.03264
2.11662 0.57206 0.89232 -0.88651 -1.37814
0.48956 2.17358 0.84822 -1.68292 -0.63667
0.47062 -1.56828 -0.07944 -1.77087 1.21055
0.32011 -1.06618 0.89954 -0.9093 2.02634
0.24963 -0.12053 1.30658 1.19798 2.70186
2.32789 -0.31152 0.77205 0.45447 1.34526
