0.12164 -0.45113 0.46442 -0.44017 -0.20018
0.10728 -1.39362 0.84202 0.57375 0.32634
1.19651 -0.25071 1.29699 0.09276 -0.37632
-0.77696 -0.82672 0.09395 -0.59749 -0.04262
-0.6107 -0.77746 0.67059 0.51842 -0.08559
1.6099 -0.16264 -1.84101 1.65496 -0.77114
0.80782 0.29994 -0.35056 0.61632 -1.49792
-0.50196 -0.15767 1.33125 2.38665 -0.73477
1.55448 -0.99742 0.47413 0.73193 -0.34016
0.44505 1.45438 0.68847 -0.52022 2.02807
1.34083 2.92344 1.17015 1.32965 -1.02915
1.04392 1.78944 0.81113 1.13122 0.07588
0.77788 -0.1835 1.43728 1.49618 1.40618
-1.14879 -0.27893 1.06779 -0.58982 0.40367
0.84814 -1.05221 1.4412 -1.06325 0.64675
0.98583 -1.56795 0.76905 -0.35935 1.30501
0.59096 -1.14182 1.73782 -2.10996 -0.03157
-0.01361 0.3341 0.74103 -1.45103 -1.43588
-0.18414 1.15732 -1.16886 0.15756 -0.67989
-0.33308 0.50369 0.59114 0.58059 -0.07375
0.22356 -0.13337 -0.23143 -0.24436 -0.60995
0.12444 0.18811 -1.07764 0.9427 -0.09737
0.32422 0.8272 -0.29264 1.64296 0.44388
1.15719 -1.15087 -1.26881 -0.19224 -0.76163
2.03862 0.17406 -0.08847 -0.39251 -0.11526
0.61167 -0.43683 0.83532 -0.42609 -0.07364
0.24919 -1.71129 -0.2473 -0.14122 1.45467
-0.33184 -0.14779 0.07767 -0.2436 -0.56767
-0.35346 -2.59004 0.06233 0.12918 -1.4402
-0.37807 0.91698 -1.35442 0.98188 -0.62952
0.5977 3.37376 -0.14237 1.19301 -0.93994
0.56577 -1.35284 0.83529 2.04697 -0.71495
-0.7113 -0.3839 -1.42848 0.4186 -0.23614
-0.35023 -1.00842 1.77864 -0.47185 1.1942
-0.15543 0.17616 1.82296 1.02622 0.3285
1.10512 0.37899 -0.27536 1.70587 2.21286
0.28508 0.21579 0.12804 0.21376 -1.47748
-0.7845 0.04171 0.93698 -1.54285 1.58505
1.37447 -0.50782 -0.31995 -1.27684 1.42655
2.67638 -1.85021 -0.88669 0.11467 0.92627
1.09369 -0.05928 1.74724 -1.35338 -0.25139
-1.51486 -0.2594 -1.03453 -1.03194 0.28974
-0.1674 -0.21194 0.34973 0.30754 -0.21724
1.20912 -0.73668 -2.43461 -0.7581 -1.46214
1.71094 -0.36438 -0.49274 1.6584 1.07352
0.78624 0.75788 1.78658 0.79914 -0.95319
-0.24307 -0.67816 1.0211 1.2729 1.05192
0.58596 -0.80602 1.17752 0.4857 1.95334
-1.02112 -0.36466 -0.0307 1.10968 -1.99007
-0.86475 0.14318 1.23105 0.86685 -0.22033
0.12442 0.16537 1.1149 0.53425 1.481
-1.1926 -0.62257 0.98099 -0.23968 2.02123
-1.28218 -0.30298 -0.98472 1.26049 0.49596
-3.36514 -0.29542 2.49229 0.19901 -0.22369
0.10051 -1.38828 1.89653 1.10085 1.24496
-0.74756 -0.56449 0.78778 -0.48712 0.09329
0.51918 1.61978 -1.9549 0.07594 0.19741
0.21473 0.44989 0.57658 0.41496 -0.49938
-0.0268 -0.09858 -0.05483 1.27224 -0.98422
-0.84209 -0.44421 -0.12988 -0.44842 -0.39046
-0.11335 2.4984 1.98783 -0.64781 -0.93335
-1.33985 -1.16309 0.61192 0.42007 -0.82581
-0.88372 -0.32537 -1.39478 0.39096 -1.00882
0.73295 -2.80283 -0.21115 -0.61003 0.1072
-0.25667 0.37909 0.98165 1.91058 -2.3886
-0.63342 1.33103 -1.84526 -0.16874 -0.05209
0.18028 -1.11348 1.46493 0.03813 0.76191
-0.24775 -0.4821 1.05351 -0.91665 -1.52715
0.62813 2.3888 -0.71416 -0.05018 0.53717
-0.47284 -0.97561 0.99712 0.50404 0.0889
0.53111 0.22031 -0.11576 -0.34715 2.4059
0.028 -1.20596 -0.02326 -0.61505 0.0066
-1.38737 -0.47413 -0.02723 0.60466 0.49027
-0.68186 0.15313 -0.67451 1.72131 0.53435
0.92455 0.31682 0.51307 -0.07806 -1.37897
0.83947 0.0588 -1.72607 -0.5773 -0.83652
-0.45392 -0.20924 0.83925 -0.81981 -1.20598
0.45448 -0.07798 0.61315 0.39952 0.21905
-1.60942 -0.25162 0.20283 0.52338 -0.40003
-0.81636 0.35578 -1.26177 -0.78985 1.02187
0.75038 0.39389 -1.29445 -0.38793 -1.22529
0.32617 0.75231 -0.59977 -0.17198 -1.37433
-1.24368 0.71968 -1.12411 -0.43472 -1.31831
-1.16988 1.75956 0.0932 1.52939 0.62126
-0.29064 1.2034 0.30981 0.94735 -0.08829
-1.25809 -0.67599 -0.96643 -1.923 -0.16363
-0.35935 -1.16105 0.51572 -0.25165 0.91665
-0.33963 0.20667 2.07243 -0.81798 -0.4005
0.60334 1.85924 1.61915 -0.94636 2.0811
-1.51253 0.89555 -2.66851 0.34078 1.33276
0.10154 0.56748 -0.39451 0.64104 -1.24728
0.43813 -0.63322 0.67857 -0.74968 -1.17251
-1.46912 -0.02059 1.04213 0.59016 1.61949
0.56709 1.23661 0.32393 0.69759 2.38169
-0.67156 0.17422 1.0489 -0.89796 0.3377
-1.43193 0.05749 1.28146 -1.37276 1.36637
-0.6835 0.80134 0.28614 0.10748 -1.02159
0.62127 2.08494 1.57755 -1.88212 0.74213
-0.84629 0.25418 2.72473 -0.77597 -0.5201
-0.67412 -1.3426 -0.01764 0.42849 1.26846
-0.4558 -1.90673 0.9761 -1.02724 2.21019
1.59877 -0.46488 -1.33945 -0.12785 -0.39898
1.03676 -1.44601 0.17569 -0.26272 0.60174
0.8208 0.44584 0.55465 0.97883 0.47469
-0.66207 0.29227 -2.05272 0.86088 -0.15113
0.55184 0.68202 0.43035 0.20383 -0.19493
0.53148 0.40582 -1.06221 -1.25046 -0.81739
-1.2986 -1.2406 0.33652 0.25359 -1.76769
0.39763 -0.17682 -0.06543 -0.55654 0.43521
-0.24686 -1.25681 2.30969 -0.92379 -1.48959
1.6576 0.53629 0.94084 -1.24336 -0.74573
1.806 1.39731 -1.0853 -0.77437 1.35215
0.31648 -0.85902 0.67857 0.66052 -2.26945
0.4359 0.45822 -2.69155 -0.8178 -1.37798
-1.28552 0.28761 0.41872 0.29493 -0.19564
-0.24209 1.19506 1.05081 0.63412 -0.26852
1.68894 0.21543 -1.66696 1.97938 1.09158
0.26087 -0.8233 -0.15682 0.56245 -0.0544
0.80502 -0.58621 0.94554 -0.15422 -0.98851
-0.24548 -0.26178 0.68738 -0.76725 -1.46963
0.02601 1.20449 0.01732 0.33638 1.2281
0.58021 1.48241 -0.6108 -0.5282 1.78809
-0.15269 0.82926 -0.19027 0.13317 0.06961
-1.00094 1.02631 0.24948 -1.00753 -0.30546
-1.08681 0.94754 1.79307 -2.13482 0.08459
1.04101 -0.77036 -0.80138 -0.18187 0.31996
-0.48267 -0.70225 1.08455 -0.76828 1.31886
-1.13285 0.63323 -1.31596 -0.09779 -1.40366
-0.60505 -0.50037 0.65445 -0.63575 0.12065
0.46986 0.13966 -0.55474 -1.33765 -0.54492
0.36835 0.00914 -0.90043 -0.95872 1.72385
-2.04565 0.21747 0.26991 0.69038 1.53395
0.97491 -0.05101 1.20076 -0.3134 -0.26444
-0.92725 -0.06631 0.74242 -0.80091 0.17425
0.65159 1.03791 -0.41756 -0.15468 1.92133
1.18697 -2.24499 -0.73548 -0.23123 -0.36818
-1.48773 0.7425 -0.15983 -0.05937 -1.24401
-1.35012 -0.53629 2.79613 0.00226 1.77475
-0.4617 -0.14249 -2.11305 1.88117 0.03297
-0.78565 0.48766 0.79487 -1.80815 0.67497
0.327 -0.22015 0.24056 -0.81299 -0.30272
2.23196 0.39038 0.08387 -1.1729 -0.28594
0.44638 -1.32373 1.41503 -1.37841 0.15294
-0.07677 0.21103 -0.55583 1.12041 -0.14786
-0.14682 -0.02159 -1.52472 0.15448 0.05034
1.09785 0.87826 -1.28357 0.29816 0.6813
-0.8228 -0.66422 1.49872 0.15926 -0.47004
-0.76698 -1.06963 0.79113 -0.36844 -0.58068
0.4249 -0.98846 -0.3214 -0.23314 -1.10921
0.54653 -1.65436 -0.2296 -1.47886 -0.03901
-0.06419 -0.63077 -0.10318 -0.81603 0.39259
-0.5808 0.19863 -1.18503 0.79581 -0.07416
0.87203 0.36787 1.23103 -0.51438 -2.01895
-0.7617 0.13132 -0.50518 -0.79354 -1.39085
-0.15118 -0.15653 -0.73271 0.26817 0.20797
3.44546 0.44098 0.26585 0.19438 -0.01631
-1.25306 0.5015 -1.34603 -0.32232 0.87961
0.8493 1.73203 -0.32768 0.28503 0.40133
-1.50328 1.48733 0.80789 -1.48541 -0.60736
-1.07128 -1.10935 -0.69797 0.14713 0.70368
0.5288 0.02481 0.43886 -0.63864 0.78704
0.37266 0.37328 1.42128 -1.43863 -0.40877
0.09575 0.45117 -0.47542 -0.6473 -0.52425
0.58154 -0.2267 -0.41097 0.03361 -0.23457
0.94351 -1.18428 -0.82275 -0.17976 -0.28411
1.22981 1.75232 1.35883 0.79995 0.98899
0.37693 -1.41855 -0.40115 3.08737 1.26207
1.21019 -0.89105 3.1232 -0.96366 -0.39377
1.02911 0.09098 0.9263 1.87437 0.0074
0.06328 0.34225 -1.03921 0.46459 -0.04314
0.21667 1.20563 0.41117 0.10498 1.28764
0.71042 0.6722 1.92064 1.4769 -0.49284
1.89723 -0.66026 0.28019 -0.16095 -1.26118
-0.29536 -0.72699 0.30349 -2.21643 0.95851
-1.59589 1.01331 0.792 -0.73686 -0.11743
1.72618 0.41766 0.76351 -0.56948 -0.70085
-0.11773 1.78546 1.1027 -1.99998 1.16185
-0.33448 1.39543 0.30666 0.84043 -0.45037
-0.30571 -0.79161 1.41896 2.04941 0.74304
-0.72229 -0.23752 1.03766 0.49687 2.2172
-0.28337 -0.98768 0.46054 -0.64855 0.862
0.06129 1.25446 -0.38769 0.83143 1.12625
-1.88143 -0.98067 -1.27666 -0.05745 0.30991
0.65614 -1.41204 3.11658 0.02866 -0.68698
1.45807 -1.05741 0.04302 -0.10158 0.26212
0.02648 -0.98098 0.77433 -0.36492 1.52826
1.99135 -0.6693 -0.94509 -1.2719 0.32885
0.27894 -0.87916 -1.63109 0.22817 1.05252
0.73177 0.29508 -0.09879 -0.42163 -1.45384
0.02182 -1.23634 0.69143 0.50155 -1.05695
0.08814 -1.76043 0.22437 0.6065 1.27662
0.57811 -1.79588 0.70028 -0.45785 -0.03484
1.4842 -2.64465 0.68616 -0.75951 0.70579
0.43121 -0.47872 0.18293 1.27781 1.39648
1.90418 -0.58085 -0.95066 0.58939 -0.4313
-1.23765 0.49173 -0.88913 0.7406 0.24754
-1.75411 0.08587 -0.14906 -2.20845 1.2558
-0.20584 -0.24858 0.9806 0.69194 -0.00717
-0.82945 -1.44937 -1.50792 -1.03841 -0.14066
1.17519 0.76801 0.02886 1.06993 1.04025
1.06566 0.87345 -0.71196 -0.61932 -0.64424
0.34068 0.60832 0.28949 -0.73597 0.18164
-0.98181 1.91444 0.74214 0.0295 0.7374
0.6749 0.14543 -0.46566 -1.02476 -0.62052
0.18749 -0.00248 1.14462 0.90019 1.05686
0.39813 -1.05102 0.34996 -0.29923 1.1024
1.74148 -1.07683 -1.10817 -0.51868 0.83393
-0.68017 -0.26542 -0.15549 -0.25828 0.72339
-0.35121 0.37944 -1.32565 -0.82043 -1.55199
-0.00727 0.34004 -0.24226 -1.58857 -0.50725
-1.03812 -0.05563 -0.65063 -1.4865 -0.43675
-1.0795 1.12567 0.13867 1.88346 -0.00209
-0.82685 0.85622 1.19807 0.17943 0.50972
-0.78582 -0.85819 0.44363 0.45304 0.04339
0.55191 0.82174 -1.05605 1.09367 2.29347
0.00184 1.35258 0.97378 1.32133 1.33024
-0.45573 1.6341 1.29508 0.42226 1.46344
-0.59024 1.44298 -0.47821 -0.02095 1.0461
-0.94658 -0.47077 -0.03731 -1.25905 0.09146
2.74306 -0.4857 1.3788 -0.34661 -0.53746
-2.13997 -1.2392 1.28611 -0.73245 1.32637
0.09238 -0.72296 0.29973 1.45648 1.24495
-0.36911 -0.56996 -1.90219 -0.51392 -0.74996
0.60453 0.13027 -0.26861 -1.37566 1.46399
-0.36947 -0.62358 0.93023 -0.41116 -0.19532
-0.55915 -0.93057 -1.54679 0.38179 -0.61201
-0.42494 -0.83334 -1.36403 1.22149 -0.48934
-0.74505 -1.00782 1.46545 -0.52926 -0.00239
0.75103 -1.61672 -2.21485 -0.37486 0.91664
0.48623 0.55889 -1.28427 0.03582 1.21935
-0.06562 0.09493 0.3375 -0.31436 -0.9247
-1.02542 -0.83699 -2.09341 0.44136 0.26926
-0.47846 -0.42393 -1.23015 0.41027 0.81717
0.59102 0.18796 0.52316 -0.33975 -1.46875
2.12517 1.08335 0.17608 1.31643 0.68581
0.44122 0.39286 0.95424 0.97327 -0.13289
-0.5368 1.18361 0.42887 1.72099 0.53712
0.72887 -2.46278 -0.48709 2.05973 0.35393
-1.45651 -1.13403 1.37375 0.10334 0.00456
-0.54946 0.46968 1.19684 -0.67734 0.55682
0.90025 0.77283 -0.55459 0.07166 -0.62009
0.97295 0.92893 -1.30075 0.13419 -0.35907
-1.89979 0.22983 1.15899 0.95839 -1.12579
-0.82263 0.33113 2.20653 -1.67081 -0.20249
-1.86857 -0.55412 0.38107 -0.7376 1.73764
-1.46514 0.3824 2.70584 -0.86276 1.18041
0.54895 -2.14946 -0.85934 -1.01112 1.10688
1.46235 -0.04423 -0.26949 0.13976 0.15361
-0.27988 -1.18277 0.72103 0.1786 -0.54314
0.93458 -0.2171 -0.97619 0.54928 -1.08222
0.23155 0.18846 0.04311 1.11577 -0.23885
1.38235 2.92757 -1.11323 0.35364 -1.25391
0.18376 1.42849 -1.47305 0.87736 0.28412
0.22583 -0.01321 0.64702 -0.4764 0.27495
0.29026 -0.2299 -0.34737 0.25981 0.41454
-0.1057 -1.3119 0.47538 -0.8989 -0.32079
0.85662 -0.65514 -1.88779 0.00023 -0.0603
-1.35407 -0.57223 2.15012 -0.31199 0.02434
-0.8586 0.00122 -0.04461 -0.35419 -1.10365
0.15368 0.20592 1.26285 2.06235 1.73338
-1.11924 -1.39545 -2.34823 -1.36853 -0.3835
0.3738 1.61369 0.82017 1.7204 -0.62205
-0.5525 -2.18281 2.32177 0.46167 -0.57046
0.02884 1.25141 -1.95053 0.22459 2.29124
-1.75563 0.93081 0.68992 0.80487 -0.05063
-0.51193 0.87127 2.80886 1.57387 -1.54705
-0.18686 -0.04473 -1.35815 -0.468 1.73076
-0.03827 -0.02435 2.51297 1.24792 0.42271
-1.4994 1.25185 -0.12996 0.54053 1.87733
0.8224 0.78307 1.13297 -0.4279 1.9877
-1.54055 0.04045 -0.56795 -0.53373 -2.22892
0.56563 0.30769 0.92324 -1.04781 -1.07507
-0.49725 -0.43334 2.64372 -0.34392 0.37549
0.70413 -0.42746 0.64308 0.66908 0.32647
-0.22823 0.62853 1.06652 -0.83619 2.95888
-1.2186 0.31802 -0.90011 0.8269 0.24733
0.63051 -0.20649 -0.40702 1.65304 -0.37329
0.13692 1.39901 0.05009 0.71226 -1.14733
0.05668 1.26298 0.90226 -0.09604 -1.54203
-0.96204 -0.33188 -0.33932 -0.44662 -0.25008
-2.00232 -0.72858 -0.64091 2.72648 1.38175
-0.23589 1.41501 1.55358 1.92742 -0.13877
1.2248 0.3328 0.12916 -0.95369 1.59326
0.48202 0.34731 0.23826 -0.4402 1.6279
1.32395 0.88661 0.67432 0.82099 0.53447
-1.16858 -0.86638 0.25432 -0.11513 -0.66711
0.12406 -0.37007 0.27982 0.41337 1.1957
-0.14633 -1.48849 0.5752 -0.61104 -0.57132
0.95102 -0.20919 0.8556 0.25467 0.65661
0.28203 -0.54581 0.17625 -0.16026 0.00528
0.97383 -1.75778 -0.5013 0.25466 2.83295
1.68462 -0.96125 -1.38169 -0.51522 0.58837
-0.82054 -1.53542 -0.60284 -0.40307 -3.10556
-0.52493 -0.50238 -0.78833 0.53723 -0.54237
0.44538 -0.88333 -2.15815 -1.52968 -0.22601
0.40136 0.46571 -0.38563 -1.45359 -2.42599
0.24911 1.19479 0.84392 -0.14248 -1.04605
0.52979 0.09338 0.01321 0.48275 0.7118
1.0046 -1.22982 0.33643 -0.50856 -1.11939
-0.08965 0.54723 0.42198 -1.1139 0.28196
