-1.46844 -4.63616 -2.88767 -1.62321 0.92396
-2.11814 -4.62545 -2.55466 -3.0309 -1.03394
-2.50102 -3.64192 -2.9712 -2.0977 -0.13127
-1.22152 -2.80977 -2.89367 -1.69837 -0.19754
-1.28198 -2.79954 -4.77115 -2.0419 0.51734
-1.25553 -2.1729 -4.7819 -1.61922 0.6963
-0.22119 -5.16211 -3.48801 -0.43716 0.66219
-1.39796 -5.20235 -3.5862 -1.04964 0.60851
-1.95768 -4.98376 -5.35664 -0.25553 0.65118
-2.65204 -4.15024 -4.36022 0.59919 1.18984
-1.387 -3.66402 -2.02977 1.50848 0.19701
-0.95478 -3.83874 -3.02211 2.63097 1.91027
-3.65942 -3.79293 -2.27215 2.26658 -0.02759
-2.46411 -2.26465 -0.2429 0.97105 -1.33113
-0.46839 -1.05439 1.47273 0.00764 -2.29658
-1.08547 -1.96246 1.23014 0.63654 0.7539
-0.34155 -1.74769 1.81606 -0.8128 0.23044
-0.82059 -0.78638 2.92664 -2.04552 0.41375
0.24218 0.29579 1.84446 -1.21404 1.16406
0.25567 0.46977 1.26878 -2.5986 0.20537
-2.24242 -1.86678 -0.54625 -2.97303 0.91007
-0.42455 -2.29894 -0.657 -3.11994 1.61594
-0.28366 -3.51518 -1.1977 -2.30383 0.97391
0.00336 -4.82019 -0.7402 -0.51708 -1.11644
-0.35123 -3.12601 -0.99843 1.1057 -0.90434
0.12025 -1.50319 -0.56952 0.68666 -0.28326
0.2881 -0.65361 -0.34295 1.95024 0.47441
0.16633 -0.70747 0.29183 1.93722 0.46677
0.84207 -1.56628 -0.50068 0.42833 -0.07186
0.36526 -0.31923 -0.14243 1.00303 -0.03989
1.82189 0.22719 0.81204 2.06939 -0.53498
0.33848 1.80823 0.84536 0.20602 -1.38673
-0.08682 2.3281 0.84384 -0.48517 0.91575
0.79544 1.62323 0.56547 1.30789 0.97541
0.57787 0.18483 1.57238 0.30355 1.4096
1.17326 0.62301 0.92176 0.36721 2.43906
1.52609 2.11544 2.90815 0.21345 0.8553
0.91152 -0.31696 2.8586 0.91909 0.55326
0.65937 1.46341 3.62121 0.00766 0.08098
3.2541 0.83409 1.98822 -0.04931 -0.01267
1.88245 0.49194 0.13885 1.48618 -1.54476
-0.25182 0.14026 -1.26558 3.84701 -0.91739
-0.29104 0.29996 -2.08308 3.93862 -1.49264
2.78024 1.07637 -1.94238 2.0432 -1.56262
2.21005 2.24798 -0.27539 1.97673 -1.91306
3.68514 2.06291 1.28002 3.23279 -0.87258
3.72511 3.25138 1.40531 2.86571 -0.59214
1.49006 3.46149 2.60962 1.28726 -0.93372
0.81438 4.76449 1.89733 1.24359 -1.44285
2.03773 3.33289 3.0871 1.26382 -0.88881
1.48033 3.94664 1.80353 0.87529 -1.50353
1.15557 2.71838 2.93418 -0.99714 -0.74378
0.76885 3.18282 2.74384 -1.02951 -1.69447
-0.50399 3.01831 2.40397 -1.02209 0.92613
2.37167 2.83539 4.15412 -0.66747 -0.84325
1.59086 3.1662 1.72677 -0.99499 -1.76743
2.30397 3.99155 1.36901 -1.06778 -1.73013
1.33669 2.137 1.11557 -2.54228 -2.87883
2.38583 0.725 2.15439 -4.2556 -1.94263
0.61415 -1.56319 3.05661 -4.35229 -0.36434
0.43876 -2.01262 2.90639 -4.40612 -0.53453
0.15242 -2.00584 0.76716 -5.95601 -0.33291
0.18661 -1.3857 0.48489 -3.59372 2.71323
-0.36297 -1.90217 -0.07769 -3.03356 0.56458
-0.76872 -4.30347 -1.43404 -4.08668 0.57531
-0.35451 -4.50385 -0.45348 -1.58843 0.87301
-0.70785 -4.92936 -1.52778 0.2298 0.27579
0.29286 -3.05666 -5.40937 0.84467 -1.17573
-0.12504 -2.03968 -4.48358 -0.83619 -1.59703
1.13381 -0.34899 -4.10392 -0.40297 -0.31665
-0.0657 -1.25575 -4.02786 -1.65942 0.59013
0.80828 -0.90447 -2.97169 -2.32291 2.15119
-2.09175 -0.40993 -3.06738 -1.58777 0.01822
-2.09289 -0.52557 -2.41323 0.12935 -0.15585
-2.68585 -0.36226 -1.73579 1.42792 0.85914
-2.55694 -0.86454 -1.28977 1.70733 -0.87127
-3.72965 -1.87765 -0.62395 3.1769 -1.4975
-2.64895 -0.1163 -0.68608 2.25459 0.9545
-1.85018 -0.45342 1.50839 0.09726 0.67298
-0.67776 -1.46633 2.46874 -2.43067 0.61561
0.85152 -0.64773 1.86855 -0.98153 0.45264
1.25526 -1.6526 3.52604 -0.29675 0.77576
-0.12946 -0.72919 2.75589 -0.79137 0.66995
-1.19409 -1.43325 3.83861 0.75606 -0.66635
0.91862 -1.00278 1.85786 2.29909 -0.32006
0.90156 -2.10742 2.42447 1.12314 -0.26044
1.19303 -1.2664 4.80279 0.68793 -0.1594
1.26405 -0.70711 5.27837 1.453 -0.88204
0.31224 0.28136 4.18296 0.8403 -0.16879
2.35084 1.94465 4.21667 0.91309 1.39794
1.46643 3.16094 3.10675 1.43434 2.19982
1.22029 4.4122 3.40057 0.65547 0.47527
1.68383 4.74832 4.23607 2.73216 -0.86981
2.33286 2.96269 4.93209 2.27515 -1.40407
2.32325 1.85016 3.8917 0.21594 -1.20323
2.96164 1.23211 3.37375 0.06896 -0.53697
1.66145 0.09421 3.98148 -0.42446 -0.73387
2.73311 0.18403 5.79606 -0.78911 -1.48127
4.44663 -2.06704 5.87333 -1.47498 -1.39713
2.14542 -2.47755 4.60629 -1.25605 0.41323
3.09433 -1.24311 3.7992 -1.52999 0.68886
1.64641 -1.9514 2.69782 -3.46956 1.87641
2.32267 -0.46873 1.31745 -1.94147 1.74745
2.89537 -1.89532 0.85804 -1.862 1.03193
2.75344 -1.95332 0.22623 -2.47069 2.2886
0.24086 -4.35528 1.71206 0.01426 -0.11681
-0.93733 -4.53401 2.84337 -0.45293 0.5238
-0.49774 -6.06725 -0.09946 2.19703 1.22502
-0.31106 -6.09435 0.79907 1.39018 2.08547
-1.26074 -4.93056 -0.10828 1.91002 -1.28206
-0.51219 -3.70913 1.08453 1.43124 -0.09176
1.59028 -2.98466 1.44064 0.73574 0.81575
-0.03351 -1.28703 2.10945 0.37443 0.1446
0.41285 -2.29722 2.3522 2.32283 0.73255
1.92286 -2.31875 2.78788 2.1251 1.00486
2.68606 -1.39065 1.55562 1.24975 0.34539
0.84932 -0.13461 3.92623 0.68521 0.15024
0.69377 -1.35039 4.90359 0.17105 0.48755
0.64413 0.70824 4.76327 -0.04535 2.64689
1.19429 -0.17486 3.2812 0.1393 0.07291
0.91332 -0.91553 3.72054 -0.06503 -0.61919
0.54694 -0.48889 2.15831 0.67564 -0.72299
2.54242 -2.1139 2.45427 1.5652 -0.80862
2.4666 -1.82911 2.29786 -0.35406 0.30394
0.38235 1.38439 2.15151 0.39933 -0.37151
2.11566 0.9507 2.29323 -0.14309 0.70225
0.66104 0.66456 3.28137 0.13368 -0.64347
0.25363 1.89303 3.2771 -0.66042 -0.41637
1.41222 2.52199 3.44534 0.32136 -0.09403
-0.41608 2.17653 2.13843 -0.37307 2.28756
0.43453 1.69305 1.20931 0.38724 2.01798
0.24398 0.33127 1.065 -0.439 0.16145
-0.6186 0.37732 0.76623 -0.81076 -0.68591
-0.45254 1.09418 0.87589 -0.13191 -0.85506
-0.20372 -1.76439 -0.30837 0.24748 -0.58128
-0.62816 -3.04251 1.24523 -1.47957 -0.75613
0.01207 -1.61027 1.78931 -1.4889 0.17579
0.1888 -1.93848 2.06651 -2.27943 -0.16887
-0.78919 -3.01375 1.50949 -1.80891 -0.5503
-0.75614 -2.15289 1.16497 -2.24779 -0.60813
-0.45289 -4.36195 0.01255 -1.74155 0.21943
0.82189 -4.43525 -0.03967 -1.22256 1.37661
2.75813 -3.09726 -0.69222 -1.75851 -0.35676
2.54071 -2.17183 1.05884 -1.95926 0.17189
0.87122 -2.25354 2.29442 -1.8698 0.03155
-1.19392 -0.01263 0.25356 -2.78746 -1.12546
-0.3772 0.926 -0.25144 -2.03873 -0.60995
-0.67214 -0.36784 -0.75231 -1.10758 -1.03568
0.30771 0.26363 -1.70069 -2.01278 -0.64558
-1.31631 0.70394 -2.12227 -1.84562 1.10005
-1.21918 -0.18477 -2.26482 -0.62611 1.41453
-0.08848 -0.09049 -3.11378 0.6777 1.14937
-1.40801 1.18395 -2.31922 1.2535 1.40189
-1.8569 3.25891 -2.74027 -0.10359 -2.80244
-4.49548 2.17469 -1.20261 0.13526 -0.60829
-3.87208 1.31825 -0.18372 0.68972 -0.15732
-2.81939 1.89517 0.28094 -1.36698 -1.36551
-1.11686 2.77974 0.35158 -0.59984 0.63942
-1.95201 0.97586 0.21632 -0.04693 -0.99993
-0.71455 0.36447 0.24909 -1.38302 1.88404
-1.39871 0.90661 -0.35296 -1.01854 2.27534
-0.37127 -1.0659 -0.46171 -2.8144 0.05524
-1.20118 -0.82115 -1.0034 -4.52208 1.4869
-0.61917 -1.45795 0.06328 -3.1198 1.15315
1.7139 -3.21372 -0.59774 -2.46038 -0.81412
0.80881 -2.6273 -2.61432 -1.39002 0.31331
-0.60017 -2.80484 -3.77521 -1.86336 -0.74864
-1.56347 -2.20601 -4.47623 -1.25315 0.47449
0.78066 -2.25625 -4.31718 -0.49749 0.83371
-2.19677 -0.81465 -4.98621 -1.31374 -0.70454
-3.55321 -1.0639 -4.24846 -0.61025 1.28562
-2.0328 -2.25271 -2.14467 1.02596 -0.38499
-2.2649 -3.37148 -1.76578 -0.03616 1.18241
-1.6785 -3.26108 -2.3123 2.55893 -0.63175
-2.11476 -2.72826 -0.76674 3.97312 0.34844
-3.27032 -3.09692 1.0361 3.13322 0.25918
-0.31866 -3.2427 2.84501 4.21258 0.44058
-0.91522 -0.77966 2.99213 1.222 -0.02749
-0.58979 -1.1956 3.52176 -1.89531 -0.83639
0.35678 -2.19503 3.96623 -0.24386 1.05117
1.23931 -2.01883 2.40449 0.3871 -0.21576
2.23257 -1.08889 3.07985 0.22911 0.35607
1.46439 -2.40113 0.74291 -0.07068 0.04865
2.27 -1.55106 -0.56474 -2.60182 -0.08194
2.19404 -2.16453 -0.10739 -0.74946 -1.5224
1.0967 -2.05741 -0.70512 -0.43934 -0.76664
1.04624 -0.83305 -0.67844 -0.04764 -0.67924
-0.77071 -0.38213 -0.94897 1.98537 2.31481
-1.8182 -0.38318 -1.69837 1.36552 0.32377
0.44462 -0.94315 -2.49312 2.43118 -0.03936
0.46341 -1.3564 -2.30752 2.65849 2.37213
-0.86658 -1.44641 -2.70034 1.3239 1.07536
-0.65656 0.32264 -1.48148 0.8739 0.03109
0.23614 1.24972 -0.89976 -0.09723 -1.78962
0.52897 0.89861 -2.42346 0.7026 -0.6374
-0.20002 -0.36919 -1.8219 2.36693 -0.79312
-0.55159 -0.26003 -0.64378 1.43773 -0.3412
0.5083 -1.58033 0.63326 0.47805 1.20396
-2.24417 -1.17969 1.97083 0.93763 0.64605
-0.20302 -1.08511 3.20083 0.70159 -1.53183
-0.12903 0.43527 2.99638 2.41263 -0.96342
-0.30278 1.34106 1.45098 2.02804 -0.93835
0.08102 0.78381 1.14211 1.64716 -2.16991
0.12881 -0.35474 0.89913 1.61263 -0.43953
2.38043 -0.39319 1.91383 0.23113 -1.24243
2.20029 0.37098 2.88341 -0.34838 -2.39885
1.69781 0.25713 3.2445 0.23504 0.44833
1.29531 0.47682 1.29141 2.16966 -0.0886
-0.83621 -0.04032 0.91254 0.9714 -1.21332
-0.36888 -0.86681 1.40714 2.71402 -1.37308
1.3755 0.31155 2.15543 1.9635 -1.15321
2.3319 1.13308 2.87628 1.94031 0.42973
1.96506 1.19659 4.2185 0.79153 0.11215
1.11078 1.05846 6.00804 0.66941 -0.11777
1.43317 2.3685 5.42334 -0.07059 -0.38488
0.2971 2.20325 5.76836 0.89156 -1.9667
0.99587 0.71111 4.3292 0.212 -0.3059
1.39473 2.28813 2.81819 -0.62118 2.49672
1.98742 0.20579 2.66121 -1.07803 0.80807
3.65545 0.24663 3.13057 -0.56933 0.04851
2.48388 0.79539 2.75473 0.72965 -1.41466
0.8712 -0.4155 2.27373 1.37764 -0.2437
0.87697 1.62084 1.59782 0.56373 -1.51245
0.70424 1.2498 2.65568 0.8184 0.24474
-0.77614 1.84282 2.95801 0.52796 -0.0945
2.03438 0.11623 2.69223 -0.53834 1.11204
4.59806 1.22022 4.7017 0.17715 0.01179
0.85912 0.31064 4.76892 -0.32167 1.02961
2.71953 -0.23283 3.63072 -0.8392 2.14728
-0.32875 -1.03381 3.5768 -0.79971 0.38335
-0.39403 -2.5918 3.53234 0.50442 -0.10237
-0.47874 -1.59186 4.09081 -0.72299 1.28724
0.89603 -1.93729 3.2564 0.01844 1.82384
1.5786 -3.07966 3.19345 -0.26421 -0.66468
2.18304 -1.94753 2.04149 -0.50361 0.74022
2.19198 -2.33959 1.97249 -0.38083 -0.16512
2.12462 -3.18915 0.60411 -2.50663 -0.80557
3.25369 -1.37305 0.1121 -0.45819 -0.32435
-0.35228 -1.64617 -0.9715 -1.1641 0.72666
0.6299 0.2198 -0.22497 -0.80182 -0.37483
0.90812 -0.18197 0.03299 -0.71006 1.87098
0.22103 -0.14142 0.54589 0.35456 -0.78397
-0.11961 0.30425 0.23274 -0.40307 0.11272
0.22371 0.73069 0.8974 1.67804 0.24518
-0.6229 1.12782 2.78269 0.60704 -1.01347
1.81597 1.16674 3.28371 0.27108 -0.25732
1.22873 1.73552 1.68259 1.23691 0.65146
-0.23455 2.40887 1.00709 1.89606 0.54471
1.14573 3.83686 -0.00068 1.88875 0.93314
2.62506 3.84216 0.24975 2.52284 0.35334
2.62065 3.45193 0.49575 3.13125 0.60979
0.31419 4.02804 0.31447 1.46159 0.08788
0.66213 3.47141 2.18207 2.98393 -0.69954
0.63358 3.98084 3.80575 1.31429 -1.19334
1.64514 3.80129 2.04946 2.63684 -1.11775
0.85434 5.62436 3.25097 2.82061 -0.48168
1.70583 5.50803 3.19882 2.08048 -0.13643
1.69844 2.94238 3.39005 1.29108 0.28627
3.37103 4.08441 3.4431 -0.20774 -0.86292
3.59198 3.81571 4.33344 0.42617 -0.76657
2.51064 3.63103 4.91513 2.59633 0.66398
3.5514 1.52876 3.95213 2.70031 -0.28966
1.32283 1.92856 5.7759 2.30918 -1.06496
2.80372 0.7646 6.52557 0.1127 2.11157
5.09853 2.15128 6.72004 2.13004 0.53133
3.41236 1.71372 6.84651 1.12081 0.29201
2.75208 1.17374 6.76008 0.60192 0.09345
2.73668 0.03937 5.87552 0.80466 0.09934
2.44232 1.9067 5.40944 0.54132 0.3944
3.62984 0.42561 4.42309 1.67183 -0.22892
4.37095 0.73239 3.72685 0.58985 1.00297
3.74382 0.46243 3.74943 0.7496 -0.71766
4.97742 0.23451 4.83901 0.88072 -0.13748
3.50674 1.23878 5.80534 1.6804 -0.64871
1.75314 0.01835 6.22686 1.83087 1.17629
2.18615 -0.00065 5.99768 0.52226 0.45689
0.79216 0.18153 6.65143 -0.6176 0.09247
2.35157 -0.38689 6.60743 -1.29346 -0.7398
2.62258 -0.24224 5.30492 -0.52343 0.0782
2.44957 -0.43038 4.4056 0.96301 -0.95323
1.57114 0.1337 4.71104 0.85108 -0.24845
1.13242 -0.29535 6.46809 0.35136 0.72361
2.50435 -1.53114 6.74937 1.31704 0.59456
1.3384 -0.6666 6.44551 1.77264 0.30935
0.79472 -1.17267 4.36839 1.91022 -0.5354
2.70951 -0.74248 2.18077 1.5515 -0.4631
1.72916 -0.73536 3.24968 1.92687 -1.27794
4.05806 1.88715 1.31556 0.71232 -1.36818
3.54158 3.41573 1.50953 0.01546 -0.57434
2.7852 2.90986 2.98309 0.23492 -0.58855
2.04045 1.97007 3.23957 0.21297 -1.18748
2.41457 0.88089 1.34713 -1.29051 -1.45034
2.77935 1.21919 0.4126 -1.48701 -1.01034
2.78749 1.29754 -0.46372 -1.89145 0.04521
1.00715 -0.35207 -0.72781 -1.95829 -0.15401
1.22885 -0.89802 -0.20822 -2.42155 -0.20218
0.07515 -0.55561 0.1201 -2.64976 -0.48666
-1.38212 -1.01247 -0.76706 -0.57249 0.70892
-1.47496 -2.82893 -1.1937 -1.96108 -1.04279
-1.62335 -1.17228 -2.5841 -0.83169 0.80871
