1.91446 0.27717 8.16255 0.82489 -0.72767
3.42053 1.41571 7.55079 -0.63189 -0.46929
3.40451 0.9859 7.64018 1.05184 -0.13771
2.83137 0.47238 7.02997 3.25385 0.12727
0.50226 1.00081 5.78032 0.75373 1.84024
0.30812 1.80716 4.32801 -1.08194 3.85223
0.43257 1.86788 4.20931 0.50835 2.79665
0.5299 2.65268 3.786 0.78335 1.514
1.58355 0.30334 2.27932 -0.40309 2.44769
2.05259 0.42068 1.50137 -0.05863 2.51143
1.68269 0.48248 1.7995 -0.40978 2.93755
0.31322 1.26341 2.49867 -1.52983 1.21693
0.4072 -0.38388 0.21989 -1.47736 2.30181
-0.95144 -2.04027 0.30099 -0.22317 3.68028
0.0459 -1.01309 1.09045 0.99794 2.111
0.68912 0.80927 1.9249 1.6248 2.51048
0.8667 -0.52942 4.09517 -1.89246 3.0503
1.13677 -1.44763 3.8122 -0.4955 2.44464
1.55115 -1.73557 4.06576 -0.48449 1.59827
-0.31341 0.76632 4.76958 0.19597 2.70714
-0.17429 1.74998 4.68499 1.11274 2.58493
1.14419 2.47247 4.54337 2.46481 0.76423
2.50926 3.91456 4.01841 1.04493 -0.80605
3.20995 1.4948 4.3773 2.00863 0.82047
1.67063 1.09387 5.28476 1.11619 2.96984
1.44048 -0.32395 3.92637 2.85391 4.29719
1.44494 0.59883 3.43025 0.78741 6.66449
1.2847 -1.32042 3.6083 1.57885 4.39313
-0.23317 0.48461 3.24818 0.66525 3.88506
-0.35513 -0.03174 4.19246 0.96243 1.78721
2.17471 -0.61265 0.92511 2.29806 3.00919
3.20203 -0.96253 1.74321 1.76761 2.45976
3.00786 -1.2282 2.62973 0.20953 2.84629
2.65188 -0.66539 4.4214 0.6934 3.09139
3.58895 -0.08612 5.91931 -0.03561 2.22911
3.04732 0.57551 7.45778 0.02539 1.40937
2.90359 -0.10751 8.07417 0.02244 2.64063
0.89575 2.01866 7.49245 -0.45934 4.37941
0.41401 -0.30729 8.62368 1.15382 5.16029
0.60242 -1.42532 7.73754 1.31502 2.72196
-0.42803 -2.26291 6.76259 1.26197 1.71683
1.58498 0.16897 4.76391 1.54115 3.53134
0.73071 -0.78879 4.08345 2.23156 3.2296
1.26845 0.70677 5.361 1.92367 0.63514
0.37838 2.64885 4.6987 -0.20613 -0.69864
1.97146 1.40571 3.67368 0.90526 -0.86334
0.81748 0.87416 4.55341 1.03715 -0.07148
1.28888 0.94889 3.9966 -1.18919 -1.01559
0.88103 0.54472 1.94 -1.99285 0.77587
-0.32583 -0.60339 2.02173 -1.54888 0.2993
1.94051 -0.37816 2.10624 -1.35493 -1.07816
-1.63401 -0.65708 1.00019 0.31704 -0.58766
-0.27056 0.05771 2.19515 0.00117 -0.67754
1.56595 0.22623 2.3239 -2.18193 -1.85821
2.08328 -1.03773 1.37723 -0.48592 -2.08682
1.56911 0.34593 0.35396 -0.57436 -1.54589
0.91161 0.04672 1.22693 -1.54751 -1.46588
1.59192 0.84152 2.02608 -0.72273 -0.49687
2.11226 1.29415 1.08419 -1.70744 -1.09876
1.53265 2.00277 0.9543 -0.64623 0.41473
1.11566 1.34076 0.53807 -0.1759 1.40419
-0.05549 -0.10124 0.95329 -0.59213 2.57304
0.37889 -0.28071 1.93439 0.65964 2.53988
-0.55594 0.73412 3.38107 -0.44462 3.37677
0.80374 -0.67438 3.96335 0.39291 3.42295
0.67426 -2.49828 3.19525 0.23674 2.01537
2.67124 -1.0346 3.25811 -1.59441 1.14732
-0.53513 -0.42924 4.83905 -0.581 1.5458
0.83548 -2.3659 4.99574 0.72545 0.31672
0.34193 -1.0168 5.72114 1.71656 -1.95289
1.78672 0.97194 4.7811 2.69495 -2.66638
-0.74258 -0.12805 4.68417 2.62824 -0.58809
0.10518 0.50895 4.39622 1.92666 -2.43943
1.50195 0.47944 3.10274 0.55773 -2.59635
-1.58268 1.5224 2.61516 0.78999 -1.81871
-1.53346 1.31532 0.74863 0.14291 -2.24906
-1.78023 -0.79136 -1.02991 0.64218 -1.70859
-2.28472 -0.50106 -0.65945 1.31022 -0.69188
-1.60817 -2.15238 -1.69551 1.80875 1.54709
-2.13343 -0.81338 -0.68074 0.38417 -0.11341
-2.61157 -0.21759 -1.95218 1.5449 0.22176
-3.85069 -0.86217 -3.194 2.02637 -0.32911
-1.4475 0.33503 -5.17859 1.35522 -1.76537
-1.06252 0.78136 -7.26919 -0.30506 -1.688
-2.8211 1.62135 -6.2264 -0.91741 -0.26573
-1.21761 0.55296 -3.5065 -0.52635 -1.73227
-0.93583 -0.13474 -4.09368 -0.10059 -1.61003
-0.88334 -0.07783 -3.74538 -0.56454 -0.58461
-0.76249 -0.13882 -2.44564 -0.02568 1.07853
-1.19474 -0.25121 -2.6853 -0.79822 -0.24622
-0.0621 0.23776 -3.51714 -0.63458 -0.66606
1.0404 1.74695 -3.43672 1.0926 0.17445
1.91429 1.99322 -3.14531 1.51967 -1.00331
1.89597 1.21994 -3.08053 1.35345 -0.78424
1.91923 1.28916 -0.77368 -0.29758 0.22808
0.79273 0.0486 0.23581 -1.10525 2.00966
-1.09764 -0.87398 0.48359 -2.17705 1.44881
-1.81651 1.04523 -0.83843 -2.53472 1.50666
-0.08158 -0.1904 -0.54622 -1.26817 1.04143
1.13644 -0.66274 -0.99497 -0.76062 -2.17384
-0.73488 1.19965 -1.84478 -1.19622 -0.84592
-0.10942 -1.0672 -3.22825 1.23261 2.40714
-0.1328 -0.53126 -2.72749 0.72769 -0.17176
1.25311 -0.9671 -3.04735 -0.81156 1.39673
0.0231 -1.71952 0.41726 -1.61193 1.56462
-0.17384 -3.28756 1.52128 -1.32236 1.77463
-0.78867 -0.46036 0.20883 -1.20622 1.82656
1.21262 0.23135 1.4574 -0.48093 -1.3839
1.29109 -0.12108 1.40423 1.16282 -3.56284
3.55301 1.85595 2.29333 -0.67193 -3.44323
0.39731 1.04868 3.09027 -0.86379 -0.44186
1.30233 0.48711 3.29836 -1.5477 -1.19175
1.94532 -0.47994 1.01444 -1.58468 -0.76705
1.63405 0.9054 1.94466 -2.14374 0.75131
0.69426 -1.00671 2.22678 -3.33942 0.15867
0.77523 -2.24205 1.08519 -2.07847 -0.57959
0.21905 -0.68767 0.34828 0.94058 -1.50448
1.3479 0.99467 1.18479 1.39246 -0.19221
0.03266 -1.00489 0.51828 2.10425 1.5492
-1.69481 -1.48392 0.36833 1.78868 1.22409
-1.53005 -0.40773 0.46428 2.97065 -0.04022
-1.44701 -1.08071 0.00674 2.79041 -1.56598
-2.31681 -1.51838 -1.11449 1.48024 -3.50002
-1.56574 -0.45095 -0.88768 0.07072 -4.42771
-0.41486 0.6711 -2.09123 -2.04812 -3.55109
0.01842 0.72544 -0.80238 -2.18448 -1.36259
-0.8743 1.10586 0.26296 -1.4938 -0.07583
-0.74318 -0.90485 -0.83467 -0.01449 -1.6028
-0.94239 -0.67166 -1.23948 -0.32028 -0.39873
-2.38523 -0.21066 -1.84029 0.2147 -0.14326
-0.61537 -0.89302 -2.11463 -1.05644 -2.00244
-1.8619 0.08927 -3.65578 -0.95674 -0.97835
-0.73676 1.32389 -4.27174 0.90088 -1.80381
-0.21397 0.18321 -4.96135 -0.39338 -0.88512
-0.02399 1.7637 -5.33388 -0.27649 -1.23524
0.86665 1.06932 -4.91922 -0.99183 -0.70393
-0.89618 1.26081 -1.33332 1.11464 -0.47393
-1.02539 2.86806 -0.54332 0.14961 -0.40054
-2.70725 0.66784 -0.23023 0.80341 -0.55644
-2.27406 -0.17319 0.45002 2.76778 -1.92575
-0.85291 -1.70427 -0.92444 1.81149 -2.00787
-0.41183 -1.66103 0.69193 1.07097 -0.18112
-0.15371 -3.29959 0.92543 0.15014 0.11129
-0.98041 -1.21501 -0.27569 0.81184 0.22896
-0.53508 -2.20539 -1.87828 0.00327 -1.64473
0.6327 -1.92671 -2.85407 0.43173 -2.4435
0.82827 -1.4227 -1.42894 -0.85183 -1.5349
1.03684 -1.95329 -1.84732 0.23452 -1.61149
-0.91642 0.91167 -1.83435 -0.99189 -0.01018
1.39739 0.65915 -2.54328 0.92547 -1.2793
0.85148 -0.00541 -1.37202 -0.02479 0.10737
0.98234 0.63713 -0.78719 0.14465 -0.86137
0.31665 -0.56786 0.37966 -0.12561 -0.63161
0.64 -1.29879 -0.03959 -0.60118 0.07691
2.75073 -0.40143 -0.01023 0.28923 0.74898
1.86573 0.73257 0.5748 0.4631 1.21725
1.75451 -0.51418 1.78103 -0.76952 0.4623
-0.0043 -0.5478 1.95934 -1.11559 1.05395
-0.94725 0.13573 1.97161 -0.42109 0.6659
0.41544 0.59824 1.43922 0.55483 0.64888
-0.02249 1.19689 -0.31033 -0.49665 0.71146
-0.94057 -1.22309 0.23282 -0.0915 2.18376
-0.55162 1.52368 0.2987 -0.44265 1.44534
0.5391 1.16498 -0.31478 -1.70834 2.87426
-0.0649 0.41355 1.33796 -1.82325 3.93475
0.55172 -0.20913 2.09351 0.24637 1.46169
1.19335 0.73448 3.56356 0.03243 -0.01007
0.78979 0.32068 2.20525 -1.40009 0.94999
2.4046 -0.8799 3.60804 0.48398 0.98973
1.26284 -1.58467 4.85126 -0.40005 1.71988
0.40351 0.57781 4.43456 -0.32304 0.93334
0.12252 -0.06807 4.97858 0.14776 0.4496
1.69354 2.91879 5.80248 -0.19259 1.05612
0.85437 1.32477 6.32921 1.34241 1.08217
0.70629 -0.21618 7.83787 0.24746 0.07447
-1.8829 -2.69265 5.13073 -0.91519 0.38333
0.08841 -1.03604 4.12994 0.68316 1.06587
-1.2727 -0.64227 2.14313 -0.50176 1.05838
-0.91071 0.60343 1.50417 -0.02214 -0.5083
0.32213 0.67171 2.16343 -0.11628 -0.87185
0.77754 0.59369 0.48605 -1.19578 -2.13208
-0.12845 -0.61072 0.62449 0.22976 -2.63335
0.02567 0.46411 0.46519 -0.46368 -0.07453
-0.60769 -0.47805 0.31589 -1.97437 -0.81797
-0.99022 0.71432 0.11172 -3.01485 -1.12174
-1.61925 -1.34039 0.03735 -1.8345 -0.9142
-1.1581 -0.52357 0.73453 0.17179 -1.43534
-1.3639 1.43122 0.80727 0.73015 -2.94832
-0.28481 0.30151 -1.23158 1.55582 -3.86545
0.43308 2.11112 -3.40456 1.18327 -3.70847
1.25138 0.59715 -3.85804 0.66248 -3.22768
0.13192 0.45352 -4.09316 -0.21962 -3.15429
-1.48307 -1.5695 -5.4911 -0.74398 -1.14494
-0.64108 -1.68715 -5.86317 -0.63409 -0.11857
-1.73094 -1.12524 -4.33934 -0.22939 -1.31743
-2.51865 -0.50441 -3.92098 0.26915 -2.04698
-2.004 -1.42842 -6.03329 -0.62738 -3.51434
-1.84752 1.19528 -6.41724 0.67992 -2.74669
-1.85838 2.3003 -4.45129 -0.24088 -2.62704
-2.33113 1.23686 -3.65441 -0.91804 -3.30128
-1.51493 0.67255 -4.67166 0.46566 -3.80722
-1.20098 0.46364 -5.36886 -0.41596 -2.87953
-0.9069 -0.18145 -5.27785 -0.51656 -1.51622
-2.60603 0.51184 -4.83711 0.74209 -2.27889
-0.97309 -1.0951 -4.87168 -0.50608 -1.88338
-2.56557 -0.65352 -3.64508 0.3798 -1.31303
-1.3259 -1.96978 -3.5328 -0.24871 -1.32898
0.23627 -0.14916 -2.66294 0.27125 0.11918
0.20151 -0.57063 -2.0873 0.27073 0.40723
0.97979 -2.32671 -1.9098 0.33092 1.17065
0.74417 -1.56649 -0.54361 -1.09473 1.31885
3.13984 0.67081 0.8083 0.03763 2.0091
2.35038 1.73256 2.40007 0.73451 3.49656
3.17991 0.15853 5.27191 0.15167 2.95796
3.59585 -0.63674 7.1708 1.04997 3.88429
2.02285 0.65099 9.52346 0.05235 5.37508
1.91113 1.86029 11.109 -0.18895 5.94834
4.29687 -0.72342 11.90034 -0.61139 5.68257
2.15336 -0.37763 13.15158 0.45774 3.36461
1.27711 0.86889 13.44987 -1.32097 2.87493
1.29832 -0.29161 11.35181 -0.77033 2.64094
2.8185 0.16794 11.51615 -1.43945 1.5958
4.49299 1.10742 9.29893 -0.52125 1.42668
2.4609 -0.1961 10.05744 -0.73501 3.23068
2.45608 0.33163 8.13498 0.51874 3.45519
2.29396 0.56069 7.57185 -0.21754 4.26493
2.88689 0.89359 6.95631 2.38295 4.62723
3.24223 1.06227 7.76329 1.2169 5.46382
1.06602 0.14552 7.63606 1.54926 3.98411
0.05514 0.14194 10.08444 1.25369 2.87537
2.14779 -1.19085 9.95354 0.80095 2.12163
0.41229 0.07076 9.51755 0.14074 3.14788
0.44485 1.51965 8.75321 -0.068 1.82462
0.69024 -0.88636 6.77056 0.74302 1.37496
1.3178 -1.51247 5.71633 0.88966 2.43996
-0.20384 0.22569 5.13847 2.2436 1.07915
-0.72908 -1.62995 5.3659 1.57001 2.30398
-0.18617 -0.31305 4.31926 0.78688 1.57029
-1.52142 -0.15539 4.45986 0.39236 -0.85052
0.53498 1.2061 1.66745 -0.6832 -0.36265
1.54492 0.75345 1.6486 0.997 0.01416
2.77854 -0.00936 1.55451 1.28236 0.34641
1.8398 -1.37247 2.93331 0.5613 0.58852
-0.24258 -0.57296 3.55737 0.22553 1.20767
-0.72301 0.28275 3.19871 0.53686 0.79943
-1.41597 0.1757 3.91571 0.10166 0.17492
-0.8059 1.08092 3.34895 0.45078 0.55329
-0.75097 -0.71492 2.32994 0.70668 -0.15719
-0.84733 -0.02114 2.06555 2.34988 2.01336
-1.3645 1.58128 0.8693 -0.497 1.639
0.16105 0.63321 1.20287 -0.71487 0.18112
-0.3509 1.65474 0.48684 1.07112 0.01121
0.4874 1.38533 0.77313 0.80987 -0.70138
1.69653 -0.08587 2.02599 0.44028 0.57929
0.22311 1.33255 2.42164 0.72798 1.47849
0.47877 0.44599 2.3841 -2.03097 0.77873
2.7983 -0.28153 1.12284 -1.58523 1.28827
2.97519 -0.5394 0.8135 -1.09561 0.79005
2.78965 -1.92366 2.28236 -1.2601 0.56911
1.69405 -2.79265 2.53239 -2.31833 1.44802
1.79587 -2.08291 3.17587 -0.0803 3.54408
0.75515 -1.29546 2.73064 1.02186 2.42522
0.43065 -1.38793 1.98771 -0.27199 1.90675
1.93203 -2.17295 2.13495 -0.15637 0.19388
1.05783 -1.12758 2.98385 1.31362 -0.02828
2.53488 1.01063 1.86507 0.74836 -0.3316
0.17858 0.94175 1.92846 -0.54808 1.08385
1.46079 -0.00098 3.24408 -0.00273 0.59533
0.77148 -0.28848 3.36843 -1.18593 0.26834
0.03039 0.17833 1.69287 -0.8336 0.17947
-0.27518 1.04079 1.46305 0.43001 0.86055
0.20888 -0.41927 0.48705 1.48254 1.40729
0.79799 0.46788 0.45723 0.49918 1.01552
0.19488 -0.46923 2.29789 0.32218 1.62306
1.97923 -0.21073 2.72094 -0.17863 0.86836
0.45731 0.52106 3.25594 -2.4949 1.97653
1.03784 1.66988 5.18407 -1.56064 -0.15935
0.52864 1.86621 3.46114 0.13136 -1.02288
1.087 0.70359 1.16838 0.12086 1.43188
1.46316 -1.00029 2.54186 -0.43237 0.09787
1.01822 -0.49345 2.36374 0.12588 2.19109
1.67525 -0.5463 2.2241 2.70639 3.89692
0.97205 -0.50902 3.08351 0.82912 3.02319
0.15057 -0.72507 3.20735 1.26219 3.62938
1.19033 -0.03438 3.04193 -1.86386 3.90227
3.01942 1.0737 3.7408 -1.93757 3.08822
2.06237 -1.20976 3.53068 -1.93052 2.28298
2.91919 0.17416 3.67552 -1.32899 1.14712
3.41302 -0.20517 4.16966 -2.47131 2.06578
3.02035 0.86649 5.13449 -0.88755 2.48012
2.77545 1.36875 5.0027 -0.90583 2.92716
3.23647 0.27717 5.71773 -0.37826 3.46361
2.76081 -1.66379 5.84957 -0.70332 4.58304
4.08681 -0.69634 7.35901 -0.34576 5.88123
2.55709 -0.62706 8.62439 -0.85065 6.67467
0.61543 -1.24344 9.63828 -1.96041 5.5057
2.49392 -1.88842 9.35235 0.60796 4.25806
2.24971 0.17955 9.29316 0.38944 2.25685
3.37366 0.68532 8.28139 -0.44603 1.62752
2.60404 -0.62504 8.24791 -1.09713 0.4689
