0.3723 -1.50399 0.45794 -0.14517 0.25875
0.75813 -1.12934 0.50716 0.3944 -1.49429
-0.12929 0.57466 0.27366 1.43801 -0.58676
0.86262 0.19875 0.04257 1.15271 0.68522
0.40093 1.45507 -0.13535 0.37779 0.70022
-0.20925 0.95944 0.59676 1.43239 -1.15447
-0.01676 1.82799 1.21772 0.9217 -1.20244
0.78716 1.20482 0.61236 -1.56563 -0.20528
-0.44722 1.32909 1.70014 -0.47097 -0.90996
-1.55724 -1.6071 0.0829 -0.25391 1.12391
-0.54203 -1.22269 1.38979 -0.64656 -0.12044
-1.57878 -2.46507 0.37256 1.16333 0.2471
1.54661 -1.22694 -0.92278 1.30402 2.93159
-0.19254 -0.05093 -0.05696 -0.05186 1.77417
-0.96108 -0.84707 0.34066 -0.4863 0.66909
-0.00043 -0.09677 1.11132 -1.1037 -0.99635
-0.75708 0.90492 0.06525 -0.66633 -0.70702
-0.52598 -0.045 -0.42537 -0.79489 -1.83889
0.63216 0.80391 0.83129 0.55506 -1.35082
1.43567 0.80315 -1.60865 -0.33989 -2.5464
0.09483 -0.84927 0.06288 0.63015 -1.86732
-0.1853 -2.39754 -1.5594 -0.46331 -2.89696
0.402 -0.99746 -2.77993 -1.50435 -1.81782
0.21149 -1.98126 -0.65946 -1.09852 -0.96884
-0.72715 -0.10372 1.42847 0.8218 -1.86901
-0.13954 2.11162 0.39489 -0.13024 -1.07346
0.07453 1.0353 -1.90298 -2.47705 -2.06385
-1.34423 -0.07122 -1.99302 -1.85662 -1.38693
0.26591 0.73284 -0.62299 1.31272 -2.58106
-0.17159 -1.47553 -1.82992 0.06235 -0.96058
-0.08304 -2.45698 -2.09714 -0.86389 -1.34925
-0.72509 0.66227 -0.60215 -2.63648 -1.86062
0.7894 -1.34825 -0.28077 0.21144 -1.94845
0.5906 0.0357 -0.30889 1.67539 -2.2334
-1.11402 1.36779 -0.64074 0.58619 -2.36535
0.29521 1.48507 -0.64007 1.31508 -0.86946
0.06528 1.63275 0.91628 0.56052 -0.51515
0.49211 3.21112 1.17407 0.66803 0.12211
0.92341 3.74446 1.82998 -0.1846 -0.46502
0.96807 3.63714 2.17966 0.57065 -0.72305
-0.17577 2.53621 -0.10394 0.42379 -1.24485
1.05137 0.21563 0.2818 1.54208 -0.68646
0.48787 1.10321 -2.0195 2.31725 0.18408
0.05928 1.80813 0.42543 -0.11053 0.52588
1.50031 2.46708 -1.03657 -0.67931 1.1195
0.77199 -0.80913 -0.28672 -1.40698 0.32236
0.3373 -1.23991 0.03508 -0.72293 -0.0769
-0.03037 -0.5269 0.208 -0.69044 0.42595
-0.91448 -0.07802 0.64764 0.36736 1.20108
-2.0296 -0.65727 1.42338 0.26776 -1.21338
-0.49562 0.41903 0.11449 -1.46147 0.53916
0.50179 -0.761 1.11932 0.05768 0.66955
0.52702 -1.28147 -0.46195 -0.31796 -1.878
0.43016 -2.53261 -1.13708 -0.4069 0.40878
-0.4505 -0.10072 -1.43009 -0.27971 -0.20951
0.34014 -0.65242 0.91905 0.31727 -0.01321
-0.06316 -0.94166 1.31258 0.40902 0.43263
0.93576 0.28203 0.92869 0.60562 0.0905
0.3746 0.70635 2.57742 -0.35446 -0.30914
0.14728 0.74148 -0.22229 1.16407 0.04101
1.40176 1.30009 2.56039 0.41743 0.54605
1.23731 -0.38706 1.75953 1.25425 1.45213
-0.29022 -1.47738 2.31291 -0.0634 -1.40999
-0.51856 -0.13314 1.37801 0.82689 -2.62677
0.08809 -0.24889 0.63357 2.18322 -1.99406
-0.36621 -0.94545 0.25292 -0.3028 -0.68514
-1.42119 -0.20517 -1.23442 -0.49021 -0.5617
0.53667 -3.20664 -1.15865 1.19545 1.92563
-0.42863 -2.82313 0.68584 1.8538 -0.36216
-0.56034 -0.70465 0.88679 2.06438 -0.30312
0.67933 0.38316 2.03791 0.17442 0.23388
2.18245 -1.00008 0.63583 0.39606 0.61258
0.52248 -0.38731 0.94993 -0.67915 0.29459
-2.07547 0.60863 0.49826 -0.88058 0.41186
-0.9893 0.1028 0.20625 -1.1017 -0.73958
0.48992 -0.04187 0.69811 0.57591 -1.86359
-1.56952 -0.50613 1.68042 1.08228 0.45144
-0.806 1.21638 1.02649 1.02087 1.19038
0.34812 0.63253 -0.64501 0.1952 2.34109
0.78209 0.62407 1.15605 -1.72654 2.05382
-0.41674 -0.43486 1.50425 -1.20501 3.24284
0.41642 1.77592 1.76335 1.23019 2.74519
-0.09796 -0.3882 0.51348 -0.9429 0.84469
-0.95959 -0.66709 -0.51967 0.46946 0.43346
1.55886 0.10231 0.89727 -0.08987 0.35486
-1.21555 0.16944 -0.84434 1.27818 0.79946
-0.16727 -0.1715 -0.80437 0.34559 0.16061
-0.4007 0.63866 0.10846 0.58136 -0.05554
0.29929 0.58569 -1.60223 0.43348 -0.31549
-0.02678 -0.89524 -0.76881 0.775 0.37439
0.38499 -0.99769 0.48041 -0.75017 -0.76935
-0.21535 0.54798 0.46202 -1.00249 -0.39964
0.47231 -0.58225 0.0335 -0.08013 0.90957
0.48156 1.11578 0.70053 1.64148 2.77685
-0.3901 -0.22759 1.86539 1.28722 0.06535
0.06126 1.618 0.13603 1.55486 -0.01213
-0.39974 1.67046 1.29669 0.35297 2.0821
-0.17855 1.54232 0.93372 0.63299 1.78907
-0.15085 1.06554 1.19944 -0.41634 0.13937
-1.93178 -1.95026 0.3461 1.80216 2.79246
0.3925 -1.38359 0.43506 1.01454 1.82244
-1.13781 0.37809 1.35674 -0.39152 1.69382
1.10369 0.79091 0.52365 -1.63251 1.99821
1.35052 0.54902 -0.2338 0.74966 -0.07908
1.73725 -0.39214 0.11376 0.89327 -0.33722
0.61213 -1.69238 0.62197 0.02014 1.3322
0.86682 -1.15215 0.04597 -1.28013 2.32351
-1.19102 -0.06034 -0.2653 -0.32485 2.11993
0.74655 0.2462 2.00476 -0.21396 3.33319
-0.58422 -0.36655 1.90556 -1.87609 0.74333
-0.65103 -0.06569 -0.12003 0.54745 -1.57239
-0.38121 -1.49 0.65638 -0.65211 -2.07566
-0.71096 -0.4375 0.53642 0.41959 0.03138
1.22192 0.15537 -0.97248 1.6164 -0.75183
1.56273 -0.89749 -0.34182 0.06767 0.16403
1.53668 -0.50769 0.42156 0.90382 -0.207
-1.28657 -1.24971 -0.00386 0.81558 -0.86493
-0.73703 -2.70467 0.67504 -1.68178 0.49607
-0.14787 -0.81633 0.45471 -0.55798 -0.19224
-0.14607 -0.14057 1.74368 -0.28285 -0.54643
-1.08482 0.69591 0.7619 -0.6719 0.47738
0.10592 1.94915 0.30906 -0.62374 0.9397
0.10687 0.3177 -1.67519 0.66534 1.38966
0.90679 -1.35816 -0.80088 2.6132 -1.42602
-0.39838 -2.99267 -0.10232 0.87851 -1.10078
-2.01583 -1.78884 -0.11255 1.05805 -1.64686
-0.65627 -1.72169 0.44629 -1.22181 0.74438
0.22871 -0.73923 1.00814 -0.14832 0.53961
0.98405 -0.43425 0.81769 -2.04974 0.63038
-0.20983 -0.5607 -0.69779 0.89574 -0.54195
-0.75156 -0.25174 -2.102 -0.41712 0.60676
-0.61665 0.13147 -1.41117 -1.01571 0.73583
-0.39766 -2.48194 -1.68153 -0.32005 -0.47368
0.72883 -1.15442 1.15227 -0.75358 -0.10466
-0.8746 -1.61968 -0.66423 0.49643 0.16859
0.2679 -2.23653 -0.90877 0.57495 -0.6001
-1.51711 -3.26494 -1.47259 -0.03861 0.1209
-0.34662 -2.86673 -2.59952 -0.29457 0.11079
1.93907 -2.12115 -1.00932 0.1593 0.61638
-0.85567 -2.81438 -0.69762 1.44095 -1.18891
1.34658 -2.14476 -0.49976 -1.48049 -0.40665
0.83184 -0.17698 0.75538 -1.43428 0.2129
-1.32966 0.64379 1.30434 -0.39424 -0.73726
-0.18843 1.37857 1.59268 -0.30601 -1.94186
0.24381 -1.31178 -0.01565 -0.08931 1.00661
0.80772 -0.86389 1.88111 -0.79047 1.4673
-0.4877 -0.63207 -0.36128 0.16283 0.23512
-0.59753 0.14484 -2.27064 -0.1288 -1.09512
0.11223 -0.58223 -1.1657 -0.6519 -0.43189
1.15859 0.27592 -1.04606 -0.22268 0.19623
0.99956 0.25645 -1.30409 -0.5544 0.52003
-1.81569 -1.42718 -0.77107 0.38042 -0.46795
1.3517 -1.07313 -0.43817 -0.0772 -0.34482
1.0726 0.0279 0.98328 1.37814 -0.36097
0.43798 -1.05914 -1.00001 -0.49886 0.69411
0.86198 -1.27676 0.4254 -1.66556 3.67933
0.5136 -1.03861 3.12348 -0.20421 1.16801
1.34802 -0.60685 1.02176 -0.78571 -1.1053
0.64136 0.65777 0.50195 0.87313 0.10176
-0.27549 -1.5801 -0.36183 -0.9747 -1.06262
-0.74376 0.42938 -0.03693 -1.22028 0.07649
0.70387 -1.91482 -0.88073 0.14067 -0.17271
-1.42277 -1.31965 0.36553 1.00338 0.61831
-0.03551 -0.31343 -0.1084 0.63371 0.42736
-0.46884 0.29528 -0.77981 0.09624 -1.14838
-0.69293 -1.84113 -3.28891 1.89267 -0.65174
2.37159 -1.2346 -0.24432 0.95625 -0.00518
-3.49923 -0.47922 0.38714 0.17696 -0.41985
0.50858 -0.457 -0.18415 -0.33379 -0.42252
0.17695 -1.17794 -0.19675 -0.42975 -1.90725
-0.58674 -1.54192 -0.20033 2.04206 -2.73712
0.04263 0.19387 -0.64752 -1.06081 -3.33635
0.95909 0.51088 -1.37147 -2.92868 -0.74014
1.78778 0.66677 -1.18564 -0.12774 0.25439
-0.17031 1.15922 1.18263 -0.45516 -1.48005
-1.17475 -0.51826 -1.55146 0.65828 1.59891
1.5533 -0.017 -1.68353 -0.6982 2.26158
-0.47499 1.27308 -0.98372 -0.39485 2.27247
1.67305 0.70165 2.46361 -1.87633 0.96404
-0.36767 0.58641 1.90156 0.90244 -0.77059
-0.14928 0.20241 0.24855 0.256 -2.17702
0.52748 -1.37465 1.27587 -0.40471 -1.49857
0.62172 0.28258 -0.99318 0.2717 -1.16462
-0.77947 0.19465 0.74781 0.10262 -1.3322
-0.37113 0.48524 0.83861 0.5203 -1.75414
0.02843 -1.18554 1.52765 -0.48507 -0.21363
0.98134 -1.06543 1.23348 -0.53162 1.11786
-1.24068 -1.67213 1.03923 -0.8208 1.84912
-0.36889 -0.4496 0.77089 0.79655 2.34972
-0.07594 -0.38605 1.02055 -0.33402 -0.26549
-0.21628 -1.97299 0.56135 0.19446 0.35876
0.22806 1.29125 -0.02008 0.25056 0.08421
0.10681 0.44556 -0.54105 -1.73515 0.14299
0.23517 -0.23907 -1.14339 -0.42208 0.991
0.91912 -0.22243 0.69891 0.34619 -1.15795
0.4333 -2.50392 0.72628 -0.83901 -1.14405
0.12955 -2.69242 -0.02013 0.60731 -2.0549
-1.43006 -1.56905 -1.31125 -1.17187 -0.00299
1.51814 -2.96279 -0.42711 -0.8175 1.03994
0.87595 -2.72176 -0.50422 0.25628 0.03119
-0.14113 -1.50175 1.13922 1.52265 -0.57674
-0.68286 0.00074 -0.24111 0.93827 0.70599
0.34245 0.20082 -1.26033 -1.55924 0.81027
-1.71989 -2.12984 0.08768 -0.50937 1.61335
0.24052 1.74512 0.24771 0.38342 0.59672
0.99659 0.68402 0.15288 0.61722 0.49478
-3.18766 0.04931 -0.51203 0.20386 0.18713
-0.92397 -1.60445 -0.87463 -3.17565 -0.57133
0.57702 -0.79615 -0.53219 0.50782 0.17989
0.03832 -0.69984 -0.02452 -0.29457 -0.31699
-1.32095 0.81711 -0.3458 -0.09174 -0.19223
-0.77659 0.19548 -3.53007 0.47443 -1.94914
-0.69539 0.79987 -1.60483 0.14449 -2.12213
-0.0206 0.4967 -1.54731 -0.54084 -1.21217
1.36709 1.35975 -2.18258 -0.30786 -1.09112
-0.15785 -0.41618 -0.5756 -1.0563 -0.76679
1.1756 -0.40703 -1.07531 -1.45324 -1.40439
-2.59588 1.10977 -0.59069 -1.12071 0.31934
0.2692 1.02815 -2.27994 -1.4723 0.65484
-0.94034 1.17191 0.13593 -0.34636 0.30001
-0.63937 1.30085 -0.32137 -1.31799 -0.71369
0.34213 -0.2256 2.10046 -1.58737 -1.87674
0.43157 0.08134 0.29661 -0.61712 -1.10764
-1.36883 -1.08562 0.88228 -0.39294 -1.11795
0.76824 -1.40573 -1.76326 -0.22611 -0.69181
0.8856 -1.59708 -1.05937 1.27281 -0.31029
-2.07642 0.85719 -3.06372 0.02879 -0.42544
-0.45871 -0.84251 -3.31165 -0.89709 1.34685
0.37285 -1.28928 -0.8825 -0.88753 1.94698
-0.23726 -2.07786 -0.60004 0.17442 2.00183
-0.22156 -1.21849 0.91268 0.21078 1.60937
0.09994 -1.21156 0.29346 0.05008 1.10737
0.55347 0.6764 -0.34079 -1.94083 -0.45604
-1.17324 1.63298 0.83239 -1.46406 -0.52727
-0.20091 0.37927 0.27104 -1.04622 -1.56675
1.09066 -0.54873 -1.31223 -0.4364 -1.36154
-0.24039 -0.54553 -1.75314 -0.30275 -0.98579
0.5423 0.12564 -1.54469 -0.78208 0.33106
0.27768 -0.01162 0.60153 -0.90669 -0.0999
-0.22481 -0.18838 -0.74731 -1.19879 -2.53086
0.57689 -0.29159 0.78496 -0.93823 -1.31239
-0.60018 0.09045 -0.85318 -1.28141 -1.32389
-0.86026 -1.12586 -0.45985 -1.89785 -1.1624
-0.82461 1.01189 -0.46609 -0.88002 -1.21785
-0.61326 -0.77155 -1.99597 -1.4103 -0.16385
0.0627 -1.07512 0.51286 -1.08518 -0.07668
-1.74923 -3.1857 -0.0532 -0.12629 -1.62408
1.16881 -3.04008 -1.89016 0.20462 -0.95585
1.83327 -1.62879 -1.05558 -0.51725 -0.97571
1.06677 -0.65788 -0.58209 -0.86096 -1.1269
-0.86656 0.07957 -1.08621 1.53551 1.41236
0.57756 1.15793 -0.36831 -0.44883 -0.8795
-1.8483 1.84226 -1.12838 1.08549 -0.55229
2.23472 0.49459 -0.39854 -0.12554 -1.55523
0.56507 1.92328 -0.32343 0.52839 -2.3517
-0.60448 0.09226 -1.59737 -0.04425 -2.34854
-0.15571 0.61612 -0.05407 0.74522 -1.84052
0.66281 0.54372 -2.31779 1.97058 -2.47889
-0.90946 -0.04861 -0.23698 0.12801 -0.04828
-1.18301 -0.81577 0.21556 -0.09178 0.14092
1.03117 0.37085 1.21699 1.86199 -0.7844
0.99324 1.32087 0.22089 0.52918 0.155
-0.02906 -0.88592 -0.14661 1.49615 -1.19935
-0.53429 -0.87575 -0.59784 0.91771 0.60748
1.54298 0.27027 0.47564 1.16242 -1.25353
1.30898 -0.22061 -1.09602 0.38824 -0.54797
-0.80496 -0.10586 0.57922 0.2582 0.44951
-0.24019 -1.18534 1.20053 0.87788 -1.70147
-0.12888 -1.51018 -0.50191 -0.32275 -1.88279
-0.95629 0.03961 0.10566 -1.11195 -0.64493
-1.79491 -1.47239 0.97108 0.94784 0.35844
-0.11296 0.47215 1.37152 1.43326 -0.70289
-0.7935 -0.04782 -0.73011 -0.21089 -0.24436
-0.41427 0.63895 0.02023 1.45168 0.44794
0.60203 0.04713 0.66969 -0.77971 1.04886
0.41417 -0.77723 -0.48508 -0.47197 0.71933
-0.13417 0.22118 1.09949 0.17356 0.21303
0.20751 1.52303 1.99516 0.31791 0.16843
-0.29807 -0.76872 1.05706 1.03417 0.22586
-0.25529 -0.51075 0.14655 1.34162 0.31747
-0.08245 0.9822 0.80017 -0.19093 -0.74519
0.07911 0.58523 0.45539 -2.57918 0.26863
-0.16196 -0.75142 0.28984 0.01805 1.84375
-0.01487 -0.91181 0.08459 0.07576 -0.93693
-0.28578 -1.68878 0.83457 1.49657 0.96848
1.65326 -0.82479 -0.50204 -1.16711 -1.01332
-0.06366 -0.89052 -0.05274 -0.78154 -0.55816
1.00637 -2.57167 0.29941 -2.45526 -1.3378
-0.16341 -0.12501 0.27424 -0.54284 -2.37398
-0.04535 0.57032 -0.78678 -1.13433 -1.70696
-0.32205 -0.33704 0.8398 -0.65399 -1.761
0.79781 -0.17977 -1.40811 -0.59344 -2.29709
-0.44389 -0.88293 0.14518 -0.63841 -1.56381
-0.92935 0.37342 -0.69645 -1.05137 -0.11383
1.20905 1.49453 -1.17947 -1.1078 0.7741
-1.92531 0.9156 0.06708 -1.17717 0.84582
-0.79288 0.84408 0.18782 -0.83652 -1.43279
-0.22887 2.40395 0.48884 0.23984 -1.36858
-0.09723 -0.5557 -3.51447 -0.73881 -0.64795
0.08494 0.17785 0.15024 -0.90846 0.89158
