0.80154 0.40355 2.25156 -0.66063 -0.65884
2.48126 -0.51543 -0.55802 -1.98131 -0.63168
-0.14876 -0.09673 -1.58938 -1.47728 -0.87585
0.42939 1.03997 -1.93354 -1.4388 -0.87953
2.07494 -1.00557 -0.97247 -0.76238 -0.65342
-0.38772 0.68155 -3.2234 -2.70811 0.38411
0.26274 -0.18827 -2.67751 -2.55798 -2.2892
-0.55934 -0.94024 -1.02473 -3.67888 -1.94751
0.5125 0.58698 -2.30048 -0.90533 -0.584
-0.00941 -1.13146 -2.63391 -2.2567 -1.19991
0.35688 0.05001 -1.18974 -2.45008 -2.38137
-2.14569 -1.32066 -2.45594 -3.18063 0.29807
-1.10638 -0.14893 -0.98677 -3.64873 -0.79074
0.37883 -1.93457 -1.67251 -3.15654 1.1914
2.12601 -0.90546 -0.32533 -3.31407 1.9413
-0.89115 2.0629 0.04643 -1.10552 0.58531
-1.08053 0.14168 -0.2712 -0.98283 0.3491
-1.33264 -0.4231 -0.37334 1.02511 1.05784
0.07537 1.67922 -2.02627 0.18181 -1.43079
0.27926 -0.41836 -2.25972 0.34747 -0.88312
0.73455 1.74492 -2.60372 0.66131 -1.03554
2.68321 -0.84645 -0.27309 0.33529 -2.08269
-1.22595 -2.36972 -0.55641 0.98617 -0.52168
0.39747 1.52943 0.34138 1.52593 -0.5462
-0.04013 -0.16848 0.1986 0.93643 -0.91806
-2.0334 -2.03793 1.25837 1.32178 -1.7898
0.80607 0.34107 -0.15164 0.66867 -1.27203
-0.44532 1.21137 -0.09964 -0.58306 -0.8983
2.04699 0.05201 1.12006 -1.66758 -1.61334
-0.37434 -1.80496 2.01353 -1.93805 -1.53794
-1.09056 -2.59685 0.27204 -0.3361 -1.89566
0.01018 -0.38367 -3.36597 1.0608 -2.4387
-0.80542 0.98821 -3.48495 1.51217 -2.24276
-0.83847 -0.83729 -3.58273 1.29287 -3.50589
-1.08522 -1.21519 -2.13509 1.96068 -3.65316
0.4635 -0.13715 -0.84032 2.36149 -3.23626
0.48529 -0.03519 -5.42028 2.29478 -4.55545
-0.25896 -0.68903 -3.95923 0.10275 -4.45763
0.39819 -2.76397 -1.87492 1.1472 -5.47283
1.50048 -1.12487 -2.14043 -0.2773 -5.05173
0.63172 -2.31462 -0.54456 0.95995 -4.31991
0.22627 0.189 -1.83153 0.68686 -3.60403
-0.55842 -0.34895 -1.86087 -0.98997 -5.06509
-0.12439 -2.56691 -3.77388 -2.93272 -4.93021
0.02773 -3.17781 -3.91118 -1.09257 -4.9986
-2.1615 -2.84288 -3.00632 -0.71236 -5.8142
-1.40315 -1.45697 -2.29908 -2.44797 -4.44873
0.47106 -2.96404 -2.94265 -2.27247 -3.84696
0.52644 -0.62634 -3.20823 -2.38974 -2.88741
0.03794 -0.64268 -4.61585 -1.61259 -2.15749
0.09231 -1.10271 -4.56584 -2.01459 -1.35403
0.47833 -0.63966 -4.20735 -0.21242 -0.55137
1.88757 -1.45464 -2.07144 -3.17462 -1.02426
0.43896 -0.79543 -1.66243 -0.91796 -1.06405
-1.95027 -0.55658 -2.73331 -1.76905 -0.47023
0.38264 -0.26635 -1.16563 -1.6646 0.76014
1.37046 -0.62387 -2.10567 1.0875 0.09938
-0.29283 0.40257 -2.56304 1.78313 1.24871
-1.46922 1.06888 -2.51055 3.01139 0.14516
-0.69631 0.17991 -1.46052 2.58143 1.30847
-0.71292 1.45309 1.10471 2.46741 1.12285
-0.12944 0.52918 1.70841 1.13673 0.90569
-0.55361 1.36792 1.41172 1.23153 -1.41536
1.84069 -0.42967 0.58406 1.49393 -2.31897
1.03886 0.34765 0.70579 -2.09304 -3.66167
-0.71162 -0.23943 0.13818 -2.75631 -3.83509
-0.62194 -3.0327 -0.69793 -0.57506 -3.04628
-0.33084 -0.76956 0.54145 1.50629 -3.4214
1.02233 0.68744 -1.67506 1.42119 -4.12155
0.96433 0.9959 -3.46982 2.20531 -3.93118
-0.49661 1.3866 -3.14699 2.7443 -4.76627
1.25315 0.48286 -1.47217 2.6413 -3.90375
0.78146 -0.30839 0.27725 2.27956 -4.18135
1.79708 -1.14133 -0.31313 1.85567 -2.66979
1.65388 -0.61179 -1.19442 0.30777 -1.67034
0.62352 0.39189 -0.66445 0.3944 -2.04183
0.31283 -0.49787 1.07695 1.78199 -1.62221
0.37213 -0.67551 1.5333 4.22543 0.7817
-1.17052 0.8737 1.04192 3.8545 2.02512
0.01665 3.52429 0.24215 1.79595 3.62433
2.41901 1.66443 1.8241 -1.17851 4.56945
-0.87227 -1.20757 3.18174 -1.18303 5.33536
-0.5609 1.0018 5.52308 -1.93245 3.30584
-2.71501 0.83006 5.85618 1.05421 1.80865
0.33668 0.61388 3.56152 1.5145 1.43694
-1.53661 0.84552 0.93787 3.1012 -0.3369
1.01001 0.6498 -1.14639 3.95645 2.52458
-0.05708 1.30753 -0.05349 3.31213 2.23581
0.13572 0.00773 2.14247 2.53642 2.54741
-0.66145 0.13671 2.96156 1.5369 2.8689
-0.02414 2.36122 3.73262 1.27091 2.53468
0.52885 2.98457 3.0499 1.44275 3.36455
-0.49808 1.95798 1.39297 0.82959 3.40567
-0.17649 0.07084 2.63512 -0.25081 4.36627
0.60101 0.81794 2.20675 -1.09409 4.52087
0.90999 -0.26802 0.68258 -2.10695 4.50131
-0.07032 1.59707 0.20603 -1.62806 3.34281
1.11659 0.71423 1.22681 -1.08002 3.60903
-0.85131 1.38872 2.50679 -0.40178 5.56395
-0.48855 0.46772 3.0144 -1.35458 5.96873
-0.39661 1.90636 2.22602 -1.10313 6.12032
-1.36965 3.31442 5.01304 -3.67278 6.48702
-1.87541 -0.63769 3.41647 -2.57358 5.77042
0.37647 1.02508 1.62708 -2.04744 5.18567
-1.04672 1.36287 2.33507 -2.54747 3.53664
0.16432 -0.38337 1.81432 -2.20861 3.5541
-0.27509 1.82177 0.42676 -3.10226 3.38696
-0.70117 -1.71994 -0.57977 -2.45024 5.89518
0.22088 2.05821 2.10739 -2.33638 5.09098
-0.25943 0.8942 1.81456 -1.6679 4.03295
0.14352 2.58187 0.20324 -2.00133 3.14544
0.24062 -1.0419 -0.62033 -1.844 2.34436
1.95874 -0.96792 -1.97953 -0.04716 1.30451
-1.27542 -1.1577 -0.691 -0.57234 2.25509
0.10026 1.12454 0.67049 -1.16477 2.37784
-1.70375 1.33619 0.294 -1.74047 2.03076
0.09322 1.14081 1.58736 -0.68519 3.07529
0.85497 -0.00106 1.88004 -0.09455 2.11412
0.20023 2.16743 0.3735 1.51047 0.5309
-0.43744 2.51197 -0.90837 2.2786 0.45806
0.48877 1.67682 0.04615 1.58319 1.77106
-0.84413 1.72954 1.30368 0.97292 1.66508
0.44971 1.30988 0.35114 -0.95206 -0.04177
2.7828 -1.00151 2.19611 -1.56812 -1.31232
0.35517 0.32384 -0.33331 -2.23091 0.08097
-0.42575 -0.12253 0.38002 -2.2689 1.71035
-0.70022 -1.01942 -0.63755 -1.38862 0.86467
-0.19653 -0.3498 -0.05233 -2.21261 2.38491
0.76863 0.59412 -1.04745 -1.25747 1.63526
-0.52812 -1.39005 0.63422 0.64096 1.01421
-1.88721 1.56747 -0.21092 0.81257 1.90308
1.0594 2.74158 -0.25499 -0.01056 0.5497
0.19486 0.52135 -0.37009 -1.24539 -0.68434
0.21397 -1.38698 -2.38446 0.77118 -0.83316
0.33781 -0.15674 -0.46208 0.02081 -0.19777
-1.05744 1.65232 0.14966 0.93527 -1.8602
-0.56202 0.84551 -0.38576 0.92746 -1.73363
-1.43349 -0.69015 -1.67689 0.9363 -0.00299
-0.158 -0.76494 -1.8601 0.14166 -0.14999
0.10667 1.04866 -0.86718 -0.00336 -0.02787
0.29382 1.11486 -1.43929 -1.85655 0.18561
-2.67064 0.06388 -2.11595 -0.36852 0.40629
1.22494 1.3315 -0.78815 -2.52455 1.43355
-0.85805 -0.59648 -1.56097 -1.93161 1.39725
0.09938 0.6168 0.47434 0.54827 2.05283
0.8939 1.7314 -0.47072 1.44273 0.67656
-0.80918 0.94868 -0.48428 1.47272 0.34975
-1.53881 -0.94946 -0.22331 0.71667 0.39358
-0.00668 1.66798 -0.29147 -1.07885 1.29893
-0.03359 1.02547 -0.60445 0.2128 2.20896
2.38463 -0.37274 0.33644 1.31072 1.8641
-0.23938 0.57433 0.68803 0.28996 0.02511
-0.27863 1.31176 -0.09264 0.41665 -1.4368
0.29009 -0.92817 -1.86218 0.22395 -1.4695
-0.11859 -2.36757 -0.69013 -1.01634 0.8901
-0.01319 -0.25879 -0.96184 -1.15408 -0.15081
-0.10814 0.00081 0.67975 -0.69866 0.46843
-0.49905 -0.17589 -0.56851 -0.11655 0.36755
0.84471 -0.74839 1.25928 -0.83577 -0.92677
-0.55448 -1.55307 -0.99346 -0.88715 -0.5335
1.44932 -1.09471 1.40803 -0.10585 0.36155
-0.112 0.65966 1.84004 1.21112 2.54815
1.46216 1.06161 2.97355 0.21367 3.85372
0.12483 0.34408 2.21939 0.16631 2.11194
-1.02522 0.26893 0.00736 0.11892 2.79931
-1.18033 1.63675 0.60271 -0.5443 1.76685
-0.2683 0.63484 0.50367 -1.83283 1.6044
0.87697 0.28532 0.91874 -0.30953 1.52981
0.97523 1.37854 0.42154 -0.16079 1.13913
1.53526 -0.85107 -0.02324 -0.12861 0.53362
0.46761 0.1761 -1.21552 0.38566 1.56249
-0.2737 -1.61509 -1.18919 0.15885 3.59032
1.08311 2.31603 0.65456 0.90056 1.91255
-1.12755 0.23211 0.42754 0.99579 2.07646
0.81001 0.20863 0.14595 -0.17839 1.60013
-0.62969 0.81222 0.32832 -1.81004 1.36034
0.85262 -0.04312 -0.40147 -1.15616 0.07693
2.04782 -0.00924 -0.85765 -0.11135 -1.68279
-1.74937 -0.70409 -2.48081 -0.59411 -2.08674
1.57128 -1.93561 -2.19214 1.1109 -1.73023
-1.6981 -0.34101 -2.16588 0.64458 -1.23512
-0.8164 1.24351 -3.66956 -0.22343 -0.764
1.01764 -0.03874 -4.724 -1.93505 -1.2404
0.43146 -0.91831 -5.51848 -1.10863 0.66913
-0.53664 -1.16586 -4.61192 -1.46196 0.38979
0.68595 0.7005 -4.18839 -0.93761 -0.51914
0.24194 -1.19213 -2.40657 -0.08365 1.09464
-0.4009 0.01669 0.32778 -0.86459 1.39466
0.77747 1.51745 -0.1948 -1.99835 1.556
0.27005 -0.12165 0.59627 -1.21385 1.86088
-0.46753 0.13121 0.97795 0.04968 1.18605
-0.5842 0.31813 -0.23652 -0.61692 0.94496
1.37019 -0.14324 -0.09721 -1.16588 1.90414
0.61592 0.65462 0.54181 -0.89647 1.971
1.86043 1.13233 0.39747 -0.46832 0.54932
0.06082 0.62998 -0.07807 0.24701 0.5263
-0.25767 0.91209 1.44818 0.01952 1.97898
0.09113 1.19211 2.06866 -0.52969 2.16651
0.6094 0.00293 2.26637 1.14931 4.09545
0.57689 1.96819 1.46333 1.28639 4.77959
0.72477 2.03446 2.81349 1.37237 4.06945
-0.30172 0.415 1.72837 1.85857 4.48808
1.15558 -0.08166 2.88007 2.07752 2.90528
-1.21804 -0.16253 1.281 0.34973 2.44053
-0.1666 -0.07155 1.01277 0.95075 1.76785
-1.37216 4.20593 2.73702 0.54293 2.17926
-1.27659 1.23358 3.54 0.08168 2.24707
-0.97956 1.76714 3.6024 -0.23096 0.88545
-0.5785 -0.97845 1.66321 -0.49498 1.82276
1.30931 1.85085 1.27051 -0.68365 1.64217
0.67504 0.43899 2.10281 -2.10199 -0.14528
1.975 -0.34526 0.23328 -2.94412 0.34967
-2.38636 0.00774 -0.9079 -1.93852 -2.06172
1.67294 -3.54278 -3.58201 -3.07415 0.14759
0.8523 -1.23758 -3.36504 -1.07789 0.22485
-0.35178 0.82692 -3.35737 -0.97246 1.52619
-0.90411 -0.38783 -3.02663 -0.31655 1.16409
-0.82019 -0.26975 -2.15682 -0.41561 2.48893
-1.24143 0.29723 -1.72093 -0.06717 3.04451
1.04781 2.1807 -0.38732 0.03641 3.62435
-0.26562 0.30644 0.83435 -1.4763 3.18299
-0.97637 0.06107 1.39687 -1.86574 2.53718
-0.49685 1.68657 -0.27175 -0.69342 1.62024
-0.70233 -1.09334 -0.11748 -0.46985 1.76978
1.01159 -1.23367 0.60444 -0.29887 3.18869
0.80886 0.82593 0.38099 -1.40445 1.70196
-1.09443 -0.84192 0.59964 -0.274 1.81736
-0.15334 0.40137 2.05048 -0.04528 0.31263
-0.55672 -1.50133 -0.38358 -0.11119 0.1719
0.0424 -0.88078 1.29093 0.53895 0.94214
0.5837 -0.49865 1.46899 -1.2934 2.27643
1.26365 0.89081 1.12216 -1.19002 1.56959
-1.09009 1.08263 2.4915 -1.72277 2.63004
2.73126 -0.83627 1.46668 -1.57527 0.55706
0.05869 -0.01876 0.12109 -1.24081 1.27293
-1.16522 0.70403 0.70682 -0.60418 1.67343
0.33776 0.61296 -0.37226 -1.11106 0.78699
0.07123 1.7084 1.24599 -0.36302 1.37794
-1.9721 0.10989 -1.7439 -1.07395 1.29712
0.12302 -0.86838 -1.07619 -0.39479 1.00007
0.37444 0.00012 -2.46955 -0.10415 2.30406
-0.15041 0.25666 -0.41676 0.71125 1.62405
1.04425 -0.69585 -0.07472 0.2204 0.56888
0.64499 -1.00198 -0.18953 -0.16299 0.5672
-0.59475 0.70815 1.66753 -0.6468 0.47254
-1.51848 -0.30109 2.20572 -1.09919 -0.07202
0.55006 -1.55579 1.38777 -0.01031 2.59144
-0.49933 1.76707 0.75505 1.48793 1.36922
0.91446 0.23197 -1.15877 0.8061 1.21664
2.62816 0.81013 0.58877 -0.22559 1.64046
-0.49803 0.0354 0.45676 -0.75977 2.09123
1.66728 1.16712 0.11653 -0.76681 2.12999
-0.43763 -0.36238 1.90873 -1.03917 1.24375
-0.98382 1.61827 0.41053 -0.69951 1.2284
-1.40099 1.52075 0.86145 -0.29507 -0.20848
-0.62919 -1.38453 2.27495 0.97942 -0.75716
1.06802 1.64942 0.75882 -0.08119 -1.2729
-0.79112 0.60811 -0.03156 -1.03071 -1.20003
0.56223 1.04334 -1.14768 -2.13341 -0.51445
2.4749 -0.54627 -0.86327 -0.74283 -2.12739
-0.03587 -1.52832 0.55413 -0.40167 -1.94842
1.28719 -1.04326 -0.37395 -2.04034 -0.66604
0.74166 -1.03197 -1.47804 -0.7604 0.06332
0.45993 -0.68637 -1.10291 -0.07607 -0.76075
0.51162 -1.3005 -0.13335 0.65771 1.61083
0.31486 1.55536 -1.26721 0.71711 2.97231
-0.00948 -0.44241 1.85989 -0.70393 3.98419
-0.23029 0.26552 2.65877 -0.9366 3.70083
1.1941 -0.05616 2.66881 -1.32505 3.41668
-1.34512 1.41236 3.04638 0.36072 5.25235
-1.31405 0.54308 5.47806 0.80694 4.82564
0.23737 0.30208 4.91894 1.29689 4.68911
-0.88656 4.16085 2.51049 0.23017 3.13085
-1.53477 1.50136 4.60469 0.02393 2.37446
0.93953 1.09895 3.71399 -1.88259 0.93086
0.39177 -1.2177 1.63245 -1.26215 2.11989
0.67005 0.28746 0.20034 -1.21704 3.07681
-1.33564 1.99822 1.44496 0.89806 2.53331
-0.32068 -2.79888 0.45343 2.40443 3.36656
-0.12234 0.71099 0.83756 1.99326 2.10251
-0.17141 0.58328 -0.60693 0.54423 2.30093
-1.76405 1.45078 0.80418 -1.46605 0.55039
-0.59703 -2.30225 2.90914 -1.8914 0.33641
-0.06634 -0.47881 1.11499 -3.88756 -0.1725
0.63935 1.30522 1.69567 -3.32331 -0.52218
-0.86724 -0.53192 -0.44524 -2.77739 -1.07246
-0.70907 -0.58168 -1.76386 -1.26819 -3.64381
-0.62789 -1.44865 -0.90431 -1.64457 -2.07238
0.79784 -2.13957 -1.80874 -1.27644 -1.33443
0.87308 -1.96384 -0.71788 -2.10602 -2.56624
-1.31735 -1.25945 -0.50777 -1.41564 -2.1107
-0.78379 -1.16939 -1.54564 -0.77355 -1.37957
1.75296 -1.30814 -0.96702 0.442 -1.47488
-0.97004 1.72395 -3.14017 1.26764 -1.96447
1.34999 -0.40046 -2.38322 0.98779 -0.4384
-2.27068 -0.15033 -2.04914 1.13736 -1.15641
-1.13545 -0.11238 -3.71597 0.07525 -0.84721
1.69855 0.06835 -1.73996 1.65777 -0.86495
-1.221 -0.42893 -0.17002 1.37056 -0.10127
0.29322 0.8139 -0.01606 1.14976 -0.06042
