-1.78334 -5.6414 -1.57301 -11.1998 -2.44699
-3.15655 -4.50675 -1.65757 -11.30509 -3.64447
-3.40026 -3.36211 -1.28276 -11.51073 -3.04634
-2.24155 -4.73076 -1.18306 -11.54904 -3.45857
-3.58263 -7.71135 -2.6146 -12.09287 -3.58779
-3.08681 -9.10904 -3.45134 -12.26874 -5.68294
-2.23693 -9.98688 -1.97047 -12.87221 -5.51944
-1.86376 -9.83544 -2.62189 -12.53514 -6.77176
-3.21209 -11.35532 -2.36455 -11.1761 -6.7751
-3.25639 -14.30345 -1.15059 -10.38762 -7.26114
-3.46016 -15.32906 -2.13387 -10.84061 -5.9729
-2.34986 -16.01509 -1.55921 -11.23068 -5.71232
-2.28027 -15.89626 -2.86631 -10.89505 -6.36141
-1.84496 -15.12356 -3.25258 -11.00769 -6.12309
-2.93387 -16.28537 -2.63849 -11.33666 -6.00953
-2.53567 -17.07363 -2.70181 -11.3007 -6.72371
-1.67902 -17.61876 -2.07127 -11.60934 -5.81131
-2.77846 -17.59695 -3.14635 -13.03747 -5.951
-4.45841 -21.10093 -2.02183 -12.82882 -6.45801
-7.016 -21.30626 -3.16739 -14.12194 -5.97904
-5.3033 -22.99864 -2.52281 -13.46732 -6.25975
-2.87671 -24.34994 -3.37046 -14.01939 -5.59231
-2.56636 -24.64148 -2.23379 -14.77098 -6.6385
-0.98195 -25.8216 -2.50214 -14.29211 -6.57288
-0.22636 -27.53801 -2.20964 -16.18033 -5.06815
-1.32361 -28.45519 -0.57037 -18.97714 -4.7124
-1.2305 -28.1409 -2.68488 -18.12127 -5.73814
-2.82699 -28.84476 -3.38245 -17.42912 -6.50388
-1.25493 -29.98717 -4.23374 -15.74965 -6.25509
-2.32244 -29.04068 -3.37647 -16.57608 -9.12377
-3.73186 -29.74958 -4.86183 -17.25311 -10.68319
-2.6848 -31.32577 -5.65731 -17.5377 -10.64572
-2.16282 -32.55149 -5.9121 -17.5701 -10.07781
-0.81109 -33.84013 -5.61538 -16.68597 -10.04886
0.66827 -34.43833 -4.27897 -17.35762 -9.29125
-0.94515 -35.47239 -4.9219 -18.08982 -9.65965
-0.1912 -34.92044 -4.52625 -16.68542 -9.08942
1.03846 -35.30781 -4.19399 -15.08549 -9.22907
0.21425 -34.82455 -4.60148 -13.3568 -8.63866
-0.17408 -35.41826 -4.14233 -10.62674 -7.79355
-0.86887 -33.07864 -3.40656 -9.95157 -8.10675
0.62428 -31.1493 -3.02805 -9.38507 -8.94925
1.2408 -32.09715 -2.56518 -9.412 -9.92436
0.27497 -33.58699 -4.86459 -7.93451 -8.57734
-0.22358 -33.21008 -4.49391 -7.10588 -4.52518
0.63514 -31.00342 -3.73626 -4.31866 -4.81764
-0.62767 -28.77367 -3.37219 -3.86219 -6.88595
-1.66624 -27.13004 -3.09635 -3.60664 -6.41343
-0.95322 -28.17943 -2.37737 -5.25512 -6.13214
-1.49421 -26.85906 -3.29931 -5.85082 -5.53466
-2.63428 -29.83818 -3.42267 -5.72415 -3.9185
-0.14707 -29.74898 -1.98822 -5.35952 -4.36719
-1.25499 -29.68847 -1.2384 -6.05735 -2.90868
-2.2379 -29.99567 0.75402 -6.0222 -1.90014
-2.2569 -29.70532 -1.37401 -5.83813 -2.89234
-1.6596 -29.95198 -1.84416 -7.48416 -3.66341
-3.14541 -30.76075 -1.43826 -6.78204 -1.53719
-2.50491 -28.64461 -0.9262 -6.71249 -2.41277
-0.6978 -25.93769 -1.838 -7.82406 -1.47358
-0.38294 -27.66736 -2.11517 -7.96307 -1.79404
-0.26617 -26.18584 -1.8765 -7.14366 -4.08049
-0.8697 -25.48099 -2.86206 -8.31366 -3.18936
-0.78197 -24.27149 -1.75776 -7.15174 -2.75704
-2.86117 -23.73047 -1.68686 -5.46195 -4.01049
-3.87216 -24.44399 -2.55034 -5.66057 -4.7491
-3.26562 -23.69862 -2.86621 -5.3654 -3.76151
-2.13679 -22.72839 -2.58064 -5.58993 -4.78613
-2.42312 -23.27648 -3.21885 -5.25203 -3.9298
-0.14916 -22.85515 -2.20669 -5.87521 -3.80678
0.02936 -23.30636 -1.57992 -6.85075 -4.14282
1.12291 -23.20502 -3.53889 -8.08391 -3.49967
1.65275 -22.58533 -3.42746 -9.11992 -2.74085
1.45622 -21.47934 -2.51144 -10.17504 -4.28115
1.20941 -20.45429 -2.13036 -10.52983 -3.86369
1.05134 -20.24163 -2.72486 -9.065 -3.90736
0.89381 -19.65899 -0.17031 -5.9077 -3.20675
1.27026 -17.81818 -2.08541 -6.44614 -2.83111
3.46622 -17.04227 -1.75005 -6.43544 -2.06434
3.9516 -18.05507 -2.09228 -4.20952 -4.57238
2.72719 -18.43764 -1.88432 -3.40156 -3.5939
1.81521 -19.91802 -0.10338 -3.42112 -4.05636
2.35056 -21.61372 0.77161 -2.78557 -3.53779
1.80724 -22.40598 -0.19903 -2.24466 -3.96583
1.62525 -22.27667 -1.5835 -1.80977 -2.13479
1.53112 -23.11457 -1.62561 -2.33138 -3.86686
0.62544 -22.07925 -2.22896 -1.22901 -1.4022
0.37318 -22.0058 -2.93913 -0.71317 -1.81659
-1.11067 -19.16505 -4.47993 -1.69358 -1.38202
-0.21552 -19.7235 -2.22563 -1.76634 -2.65757
0.14112 -18.30104 -2.945 -0.35596 -3.95079
1.95331 -17.21368 -2.80247 -2.32577 -2.53527
0.57058 -15.93704 -1.9158 -1.6783 -1.72642
0.08429 -16.07819 -1.17782 -0.66776 -0.12573
1.17825 -15.23126 -2.46849 -1.30288 -1.58659
1.27238 -15.15582 -2.12817 -0.83024 0.49772
1.30272 -13.21201 -0.54546 -0.82062 -1.75378
2.29773 -14.6197 0.23253 -0.45432 -2.72934
3.6736 -13.40316 -2.02013 -0.55206 -2.50375
3.76602 -13.99241 -0.2841 -0.06676 -0.70494
3.7566 -12.38246 -0.10636 0.41553 -2.7533
4.41418 -12.09274 -1.69659 0.00033 -1.22529
3.36775 -11.08588 -1.10003 -0.03395 -1.57837
1.30686 -11.02185 -1.48462 -0.2447 -1.00709
1.06294 -11.17208 0.33512 1.42728 -1.72574
1.93669 -9.28524 -0.91054 3.29916 -1.99417
2.20986 -8.45132 0.26972 3.43074 -0.19504
2.36617 -8.52217 0.24556 3.87964 -1.09207
2.4303 -8.19683 0.83146 3.20452 -2.1202
2.24178 -8.09703 2.31313 4.27471 0.46971
1.8529 -8.5301 1.69275 3.76198 1.27793
1.44757 -6.39032 2.21137 4.07017 0.51425
0.84524 -6.40444 1.02415 5.15868 1.66723
-0.33705 -6.16932 -0.31354 4.26239 2.94784
-0.26647 -5.62007 -1.41911 5.82911 2.53462
-0.12426 -5.16583 -2.62303 5.64731 1.42547
-0.64915 -3.31658 -0.35572 5.34199 2.33235
-0.9479 -1.16219 1.12922 8.28433 2.1862
0.38797 -1.22177 1.13078 7.34566 0.91698
-0.75752 -3.29947 0.46855 5.39367 1.65556
-1.53729 -1.58398 2.99925 3.99792 2.75597
-2.32676 -1.04235 2.3498 4.52267 1.1572
-2.82205 0.29616 0.18305 3.74782 3.31378
-1.81337 0.55487 2.94822 3.85474 4.53363
0.06396 0.76086 1.15304 3.66429 4.2671
-0.55378 3.05208 2.36086 4.47102 5.67534
-0.17834 4.38432 2.69664 4.6044 3.20904
3.23979 5.89458 1.96901 3.26146 2.74564
4.09269 6.51071 3.19005 1.95262 4.17145
2.96612 5.185 3.78246 3.04439 1.84219
2.53033 4.33779 2.69708 1.96327 2.31736
2.07904 4.5699 1.95655 3.11769 2.99164
1.08792 4.23581 -1.24431 3.83347 3.55621
0.6893 5.19351 1.36057 4.47367 1.35207
-0.4795 5.85877 0.95015 3.90925 3.41104
-0.6066 7.22 1.65559 6.00596 4.27776
-0.59722 6.04168 1.55876 4.9183 2.38885
-1.29457 7.87609 1.76982 5.80856 2.92713
-2.06869 7.62418 1.37359 3.56063 2.72691
-2.78582 8.09481 -0.80703 2.46426 1.32329
-3.73763 9.07461 -0.74343 1.21482 1.92095
-5.41293 9.39797 -0.84169 1.2752 1.32763
-5.52815 9.31471 -0.90799 0.27833 1.20875
-4.73741 9.16626 0.58247 -1.10495 -0.49806
-5.06513 8.67592 1.25567 -1.54772 0.83605
-4.20649 10.78708 0.77565 -2.43374 2.2992
-4.79195 10.99136 0.96953 -4.63859 1.95471
-4.20873 11.16475 2.1177 -5.08579 -0.37485
-3.80322 12.24986 -0.76842 -5.99284 0.09003
-5.51229 11.42193 1.58894 -7.03327 0.71027
-6.43215 12.61383 1.48817 -7.26972 -0.051
-4.7294 12.3421 -0.7045 -8.89721 -0.09189
-2.60331 9.70871 -0.61074 -9.09458 -1.02499
-4.5668 10.93493 -2.41574 -8.24737 -1.44786
-3.77661 11.23678 -2.11533 -7.38311 -1.39769
-2.91915 10.151 -1.87962 -8.96638 -4.5475
-3.01087 8.91776 -2.81061 -9.67386 -4.67031
-1.61772 8.26909 -4.03403 -10.61699 -5.16137
-3.103 5.94966 -3.88076 -11.07906 -5.2341
-0.98952 2.51922 -3.24803 -12.72211 -4.07162
1.03332 0.58582 -2.06234 -11.61222 -6.45534
0.59152 0.7784 -2.81091 -10.50689 -4.68556
-0.06677 -0.25192 -2.41076 -10.12815 -4.18181
-2.32515 -0.77525 -2.72279 -10.15272 -4.74516
-3.22019 -1.78666 -1.15379 -9.6145 -6.66447
-2.81122 -3.11741 -3.94698 -9.63543 -6.20164
-2.54163 -4.7675 -3.2638 -10.15781 -6.05717
-1.24937 -5.37403 -3.30322 -9.85119 -5.94473
-1.50033 -7.50735 -1.76952 -9.76361 -5.25344
0.28276 -8.68243 -2.52771 -9.82055 -4.02158
-0.65645 -9.54583 -1.97958 -11.89706 -3.55604
-0.64782 -12.24378 -1.70789 -10.02629 -5.21218
-0.81437 -13.35606 -0.70627 -9.96498 -3.91177
-1.40492 -15.07561 -1.0654 -9.29938 -4.02125
-0.54056 -16.59684 -2.10467 -9.16331 -3.00968
1.27519 -16.13663 -2.90087 -10.03378 -2.72822
1.68041 -16.53117 -2.73782 -8.60312 -3.25369
0.21843 -15.65015 -0.84384 -7.88064 -3.07853
0.76901 -17.14602 -0.57468 -8.9824 -4.73897
-0.17546 -17.67644 -1.00687 -8.7477 -5.47346
0.90605 -18.05102 -1.20234 -8.4089 -3.83408
-0.03491 -17.87146 -1.43665 -7.36687 -3.4071
0.40937 -19.06846 -0.54978 -6.59772 -2.38473
0.41174 -18.91849 -0.62352 -6.36712 -2.11039
0.83067 -17.00631 -0.90329 -7.79131 -1.52019
0.13591 -15.10574 -0.62201 -7.43025 -3.1417
-0.23743 -13.92915 -0.08043 -6.41857 -5.04803
0.65872 -14.47609 -2.00747 -7.2492 -2.94679
0.91693 -13.70811 -2.59209 -7.54594 -2.58072
-0.35206 -14.49108 -2.51679 -6.40247 -2.00627
0.36833 -12.13756 -0.35549 -5.02687 -3.76006
2.09267 -13.75365 -0.45342 -3.88683 -3.29187
3.41033 -13.02425 -0.29337 -2.96554 -3.42661
4.89154 -12.44229 -1.30601 -1.54412 -2.47525
4.09497 -11.09153 -1.76575 -1.51598 -1.77736
3.60622 -9.65845 -2.2145 -1.61261 -1.24739
2.50842 -9.26462 -1.9929 0.34989 -1.06255
3.50808 -10.74408 -1.72341 0.36572 -2.99829
3.88981 -8.87482 -0.10982 2.69525 -2.25904
3.34875 -7.65082 -1.59713 3.68893 -1.87744
3.32005 -7.08259 0.70727 3.68435 -0.92073
3.1494 -7.13816 -0.69476 5.73463 0.8724
1.77799 -6.35329 -0.2417 4.77692 -1.08048
2.8908 -5.16533 1.4515 6.77533 -0.14966
3.53261 -6.71837 0.29451 4.46732 2.41494
5.01177 -5.3871 0.4853 4.2468 1.0692
6.51269 -2.56586 -1.32208 5.68842 1.75867
4.84699 -2.03182 0.8775 6.28112 1.60525
6.54107 -0.94346 1.07761 6.91079 3.27199
4.99888 -1.17576 1.17433 7.94695 1.60807
5.06956 0.3219 0.32856 7.99903 2.21757
4.97579 -0.45281 1.60305 9.29142 1.66059
4.67546 -0.20025 0.59837 9.16162 3.60466
3.201 1.13755 0.59142 9.11568 5.886
1.79836 3.45832 2.13396 7.94324 2.36367
0.85653 2.19656 1.33865 9.94136 2.86742
-0.29456 4.85963 1.4075 10.12062 4.22559
1.146 5.3771 1.44334 10.22107 4.23039
1.15609 7.42025 0.97809 10.82017 4.22679
1.79233 6.05136 1.57405 9.89378 2.367
3.84942 7.38066 1.97122 9.14706 4.55621
2.43628 7.47429 1.01451 9.54165 6.24915
2.26252 9.29105 2.44511 9.69108 6.08087
2.69339 11.72372 3.06707 8.49938 4.66735
2.17208 12.78114 2.87688 8.37166 4.92432
4.37163 13.29839 1.76451 7.66874 4.75845
3.98314 13.20123 1.0347 9.00978 4.17536
4.71336 13.00743 1.6826 9.59115 4.35045
3.94931 12.47866 2.91818 10.48565 4.98531
3.84539 12.32143 4.64185 9.8133 3.18236
1.64946 12.6617 2.08198 10.05677 4.56353
-0.61245 14.29624 3.72843 11.65243 4.54842
-0.40942 14.95052 3.20507 13.19928 5.69124
-0.22148 17.14115 2.03142 12.80057 4.9448
1.00213 19.025 3.2141 13.43677 4.9952
-0.68136 18.74104 3.27534 14.00163 4.81028
-1.04299 19.09321 3.99219 10.51203 5.97537
-1.12172 18.19251 4.62209 9.72554 4.74412
-0.35635 18.93254 3.7031 9.78852 6.44053
0.29765 21.72608 2.31221 11.05981 7.93858
1.14264 21.39467 1.95504 10.31563 6.06785
0.06462 20.89852 1.84219 11.22232 5.14077
0.11746 21.45541 1.31105 9.92543 4.79891
0.1071 20.65994 1.14777 8.68064 4.45711
1.66918 21.94035 1.97949 6.45329 3.09349
2.36075 22.05158 1.33518 6.60949 4.63848
2.97735 21.90807 1.53535 5.90005 3.98428
1.85595 22.4187 3.06632 5.01383 4.23696
2.6061 21.87304 2.47816 4.78755 2.84246
0.54163 21.68603 3.11672 5.34944 2.56179
0.87135 22.06544 0.34312 3.36303 2.18624
0.79546 21.26633 1.79774 4.00701 4.5138
0.83484 21.52112 3.06202 4.13625 3.42424
-0.7153 21.08023 1.96764 4.0666 2.1495
-0.77649 20.0111 2.11058 3.26485 2.15533
-0.90113 18.16121 2.89852 3.62124 2.8062
-1.67303 18.83006 0.45235 3.62523 3.04584
-0.86159 18.69415 1.39999 4.61242 1.23363
-2.00049 17.57689 1.32718 3.51261 2.04771
-2.55661 15.94437 1.91022 3.96077 1.20132
-2.57245 14.74531 0.7017 5.10151 2.19034
-1.43598 14.49915 -0.62704 6.25583 2.2307
-1.36292 14.49571 1.62681 6.20826 1.47569
-0.75251 14.10792 0.3763 6.5658 2.03467
-1.05681 13.83458 2.14762 4.93317 3.69759
-0.66129 13.64112 0.08049 4.67347 3.83523
-0.22959 13.78132 1.79213 4.57728 3.75202
0.72494 13.38182 2.64292 5.4743 1.02111
1.58789 11.15982 -0.73038 5.35893 2.50817
2.52136 12.43665 -1.09666 4.68363 3.54763
3.47651 11.93687 1.16724 4.6468 3.63003
3.32806 10.29225 1.50012 3.30129 2.60615
2.70772 9.936 3.70097 4.31932 1.76962
2.88586 9.71093 2.57587 5.14093 3.80071
1.49513 10.97456 0.47567 5.82325 4.01321
-0.23276 12.76554 0.65902 4.87556 4.38897
-0.01039 14.38614 1.44061 3.95043 4.30267
0.27745 14.92525 1.80191 3.6049 2.39261
-0.08867 14.09428 2.67046 5.12157 1.98886
1.314 15.5635 3.7831 6.16389 4.582
2.6772 15.63673 1.65484 5.09684 4.02103
1.49255 14.72721 2.04624 3.89905 4.91712
2.35719 14.68961 0.56845 4.26476 3.55552
2.0422 13.11602 1.19251 4.51722 3.33376
2.17323 11.96514 2.55998 4.24456 3.42698
1.67259 12.67142 1.33046 5.78238 3.38218
-0.44728 11.09255 1.07113 5.53326 2.9793
0.50013 10.74874 1.45124 7.58358 2.56635
1.45536 12.44025 1.71028 9.87752 4.73802
3.1724 13.40373 1.75122 8.89571 3.36131
3.10385 14.18183 0.31391 9.21738 3.17517
2.13401 14.43151 -0.55608 8.69527 1.52867
2.48561 15.32032 -0.94073 7.72216 0.95464
2.3765 13.99017 0.53982 8.83937 2.63259
2.42125 15.23347 1.44569 8.24572 2.91901
2.11625 16.65484 0.86934 8.78921 5.18396
1.19214 16.3352 1.39478 8.38329 4.47535
0.27219 17.61206 0.71179 9.52199 5.54681
-1.04583 17.42597 1.68088 9.57148 4.82183
-0.3432 17.63834 1.66523 10.62578 3.98617
-1.24318 17.68946 1.97334 11.66689 4.30642
