2.05229 -4.48012 0.06454 -0.02662 0.4059
2.1872 -4.14916 0.37842 -0.35508 1.08466
-0.47427 -5.69155 1.73128 -1.18443 -0.50662
-0.78492 -5.31091 1.11198 -2.34665 -0.7515
-0.40163 -4.28152 0.90004 -0.46375 -0.12746
0.13266 -4.52603 0.89725 -0.4712 1.30517
0.24769 -4.5775 -0.82378 -2.19055 1.99185
-0.26557 -5.58978 -0.85147 -2.57973 1.5682
0.57168 -7.96979 -0.7697 -1.39516 1.29295
0.75499 -7.94771 1.67383 -0.8853 0.89597
0.57613 -7.35635 0.03277 -1.04121 1.60903
0.46306 -8.01645 -0.34542 -2.86497 0.34887
0.07026 -8.78786 -0.69475 -1.74121 0.73458
-0.29866 -6.91947 -1.56163 -2.41295 -1.76622
0.63203 -5.98628 1.12075 -2.30824 -1.44748
-0.71171 -6.86185 0.47505 -2.91789 -1.40272
-0.49876 -7.19867 -1.13895 -2.38084 -1.86318
2.26465 -7.38421 0.14066 -3.51167 -0.45096
1.15412 -4.99291 0.95372 -2.26509 -1.03084
0.40624 -4.65857 1.89148 -0.69374 -0.3834
-0.98371 -5.04294 0.61911 -0.80891 -0.05651
-0.90583 -4.74055 0.60026 -2.26603 1.43237
-0.22093 -3.04832 1.42146 0.26647 0.66076
-0.76693 -4.00899 0.01616 -0.55196 1.09367
0.76968 -3.17413 0.43804 -0.1166 1.91999
-0.1036 -2.26439 -0.25131 -3.01607 1.71551
-0.70941 -2.05502 0.85303 -0.61078 0.11438
1.36453 -1.41741 -0.03461 0.74729 -0.96738
0.376 -0.17791 0.49445 0.10059 -0.79463
0.02113 -0.04653 0.6215 -2.25518 -1.1337
-0.53404 0.1342 0.514 -1.34291 0.36016
-0.13115 1.97712 -0.45295 -1.77884 0.24277
-0.95753 1.93412 -0.14648 0.62782 -1.30432
-0.2132 0.89023 -0.47099 -0.06729 -1.07381
3e-05 2.52034 -0.69396 0.44136 0.86148
-0.88784 3.28024 -0.97274 0.46746 1.1349
0.44554 1.4089 -0.0356 -0.41441 0.13376
-0.17284 1.79933 0.87087 -0.18725 -0.08693
-0.91304 3.03047 0.76621 2.41705 -0.29069
0.96398 3.99012 -1.84767 0.66352 -0.33775
-0.34423 5.64909 0.31241 0.58623 -2.64254
-0.7579 5.81182 -1.0329 0.46818 -0.86704
-0.18516 5.5839 0.08139 0.56363 -1.47945
-0.84256 4.80592 -0.21401 1.23014 1.08955
-2.00454 2.83405 0.05897 1.70673 3.04601
-0.28426 1.71965 -1.47466 1.5443 1.45283
-1.26713 1.83806 -0.02047 2.13724 1.91759
-0.48673 0.68181 -1.75401 3.25523 1.21777
-0.24489 0.4625 -0.75108 2.60366 0.45878
0.06022 -1.18892 1.26444 2.22575 0.76171
0.91363 -1.58018 -0.26125 -0.23052 0.97944
0.04017 -2.16875 -0.21323 -0.31476 0.46634
0.03021 -0.9198 -0.54569 -0.47507 0.7191
-0.59268 -1.63316 -0.78624 1.29884 1.30963
-0.12371 -1.53971 0.09499 -1.04091 -0.81117
-0.92306 -2.50718 -2.15306 -0.99598 -0.63677
1.21814 -2.48302 0.44391 -0.40622 -1.66475
-1.68516 -3.40653 0.51961 -0.3258 -0.54975
-0.86736 -3.17711 -0.02637 0.96269 -2.03343
1.10046 -2.86372 -1.45866 0.50706 -1.62841
0.49307 -2.59977 -0.70028 1.90506 -1.32639
0.03617 -2.88794 -0.26484 0.567 -2.55052
-2.26289 -2.85131 -0.05836 -3.70987 -3.74813
-2.83417 -1.78865 -1.83116 0.77698 -0.88844
-0.78889 1.28559 0.3358 0.95879 0.11749
0.65265 1.48253 -1.09901 -0.01926 -0.42334
-0.53599 0.23111 -1.59473 0.91298 0.23222
-0.91621 -0.26968 -0.24148 0.16282 -1.2882
-0.1071 -0.72479 0.06609 -0.55493 -1.91061
0.06384 0.89093 -2.71374 0.91051 -1.80086
0.11027 2.89975 -2.23223 2.37739 -1.22677
-0.13367 -0.12314 -0.00997 -0.2786 -2.13879
-0.11266 0.20861 -1.52844 0.81945 -1.62251
-0.57088 0.0828 2.98671 -0.56934 0.21696
0.11894 -0.71974 0.69594 -0.50875 0.65195
1.26791 0.24948 0.45961 1.43534 1.99265
1.61236 -0.03257 -0.27617 0.5726 0.01978
1.90881 0.382 1.47714 -0.41957 -1.92121
0.26613 0.85516 2.54298 -0.9242 -1.14582
-0.61097 2.4062 0.59647 -0.78285 0.04231
0.28153 1.68941 -1.36015 -0.23362 -0.40236
0.23882 3.81659 -1.97117 -0.56214 -0.11681
0.2098 5.01985 -0.47774 0.56053 -0.79101
-1.18566 4.91335 0.18912 1.36367 -1.16759
-0.54844 3.71334 0.61529 0.59604 0.01687
-0.49695 4.89994 -0.26202 1.04135 1.19613
-1.30154 3.78902 1.46277 0.07343 0.32062
1.43418 3.84215 -0.01089 1.87856 1.863
1.25334 4.58959 0.29548 0.27942 1.07046
0.42738 4.70939 0.98071 -0.03553 -0.11348
-0.83829 4.72247 0.71393 0.29754 -0.14513
-0.70543 6.8829 0.55195 2.27417 -0.44909
-0.4105 5.65886 -0.82637 -0.01113 -0.29787
-1.54016 6.37544 -0.19535 2.76667 -0.7647
-0.87584 4.28912 -1.76967 1.49575 -0.8436
-2.64108 3.35612 -0.74015 0.64007 -0.05748
-1.18979 2.77066 -0.44723 0.35701 -1.38214
-0.74457 3.19975 -1.41364 0.36845 0.032
-0.22707 3.43061 0.16958 2.08884 -1.82593
-0.74714 2.83257 0.86689 0.4938 -0.25474
0.2168 1.54664 -0.85327 0.13789 0.21425
-0.95205 0.12786 0.28294 0.5844 -0.25716
0.04787 -1.14074 -0.00219 0.40034 1.46159
0.20409 -1.116 1.26743 1.96348 2.58802
-0.59046 -0.85114 0.13329 0.11747 1.5921
0.14225 -0.80678 0.06985 0.12367 1.87833
0.31666 0.22814 -0.76647 -0.19624 0.92797
1.36433 0.36884 -1.47226 0.17484 0.53878
1.45811 2.08726 1.57924 -1.4832 1.08527
1.80006 2.2794 1.04707 -0.78607 0.24551
0.91465 2.76435 1.48546 -2.26748 0.10619
1.09977 4.09189 -1.17941 -0.00238 -0.32513
1.48379 4.86322 0.14457 -1.271 -1.87051
0.72543 4.1708 0.29844 -1.63463 -1.90803
1.49422 4.03146 -1.11184 3.13445 -2.22006
1.26142 4.86897 2.33305 1.5082 -2.69071
0.21814 6.42387 -0.15171 2.1704 0.01102
-2.94607 5.71141 -0.22966 0.22985 0.13706
-1.18297 6.90836 -0.3952 1.67775 0.65619
-0.12618 7.35854 0.49324 1.45956 0.68611
-1.04621 7.44197 0.91371 1.91695 -0.49849
0.07563 6.33644 0.12541 2.22727 1.15454
2.1119 6.06035 1.4776 0.11024 3.12039
1.34023 4.90832 0.09377 0.49362 1.75843
-1.4475 4.21081 0.73977 2.19475 1.83348
-0.33141 3.3024 -0.4089 2.38186 1.09835
0.38675 3.5605 -0.18358 1.30182 -1.55672
0.45261 2.99956 1.20214 2.9172 0.77863
-0.98252 3.33924 1.18814 0.10338 1.47212
-1.30251 4.12326 0.21555 -0.06988 0.9071
-0.956 5.04821 -0.35813 -1.03764 2.21995
0.01389 5.6169 -0.98925 1.88269 0.41969
-0.15307 7.39869 0.04078 2.82913 1.27287
0.33582 7.93144 -0.60807 -0.28132 0.203
0.35302 8.36612 0.28633 0.59412 -1.09064
1.0844 8.44166 -0.27876 1.87952 -2.1914
1.89723 8.2305 -0.65842 1.39798 -2.24366
-0.23162 9.3089 -0.31369 2.12068 -1.09845
-1.07067 9.0856 -0.06212 1.00355 -1.22844
-0.31994 7.29585 -1.17605 2.26976 -0.91594
0.04061 7.87853 -0.87682 1.76021 -0.78685
-1.27108 8.50817 0.90094 5.57342 -0.58535
-1.67032 9.12622 -0.45756 1.31129 -0.39161
-1.45426 10.05595 0.55483 2.60837 -2.23822
-0.04625 9.5504 -1.2015 2.23741 -2.32211
1.29923 8.72786 0.78504 2.9912 -1.96778
-0.03365 8.91256 0.90424 1.27972 -2.32293
0.40955 7.72224 -0.81116 1.37069 -2.54972
-1.18976 8.85583 -1.02279 1.79434 -2.54574
-0.64719 10.71837 -0.63043 0.78792 -2.1914
-2.47742 10.94919 -0.78954 3.30822 -1.7078
0.20418 10.57835 -1.143 2.17374 0.437
-0.64097 8.32321 0.37572 2.45669 -0.03536
0.38499 7.54334 -1.13034 2.14219 0.76098
0.09841 6.65165 -0.47752 3.76893 0.25567
0.27384 7.93072 -1.83463 2.87837 -0.85954
0.34158 6.95855 0.00153 1.9573 -1.1589
0.73855 5.92153 -0.66164 2.05516 0.17796
1.53995 4.42361 0.33743 2.63211 -0.64191
1.27061 3.22683 0.79717 2.1106 -1.3205
1.53425 2.46466 1.43056 3.63284 -1.25974
-1.35163 1.1067 0.26505 2.28035 0.47041
-0.68019 1.55536 0.06951 2.73421 0.71777
0.62705 1.62736 0.88564 2.04555 0.02228
0.33543 1.7612 1.25641 3.10652 0.67188
0.82275 0.33108 -1.44929 1.87746 1.74262
0.36019 -1.08731 2.6392 -1.60137 2.06606
2.08461 0.11025 1.75072 2.41391 1.54185
-0.45334 0.60741 1.06456 2.41678 -0.24917
1.1806 1.98495 -0.20873 1.76174 -0.35461
-0.28969 1.15569 1.57732 0.69152 -0.07074
1.56373 0.62428 1.09652 1.4287 -0.14816
-0.11295 0.92879 1.48016 0.07232 -0.52782
0.44138 1.12584 -0.17028 2.26115 -0.46743
-0.10057 2.97891 0.93228 1.3319 0.33081
-0.50554 4.40505 1.82176 0.21088 0.69248
1.24125 4.15546 0.42931 -0.06643 0.03116
0.60953 2.46969 0.92039 -0.44871 0.29959
1.53022 0.7035 0.49583 2.0873 0.67706
0.41429 0.92045 1.28765 2.40521 1.07619
0.30556 0.46161 1.61907 1.90307 0.72606
-0.1516 -0.18868 1.93604 -0.95681 -0.99326
-0.56007 -0.34212 -0.4868 1.13691 0.24609
0.45282 -1.4295 -1.37717 -1.29863 -0.29387
-1.06041 -0.69661 -0.95182 0.66832 0.53331
-1.94293 -0.19567 1.24256 2.0914 -0.06827
-0.8915 4.41002 0.13887 -1.21211 0.1864
-2.20449 5.82391 -0.77693 -0.0745 0.59421
-2.04135 4.60235 -1.1797 -0.92438 1.38291
-0.95382 5.11185 -0.32267 -0.57415 0.28853
-0.34279 5.09685 -0.23659 0.72333 -0.62607
0.67181 4.69166 0.15396 0.6333 -1.5492
0.416 2.75055 -1.92748 2.23531 -0.08987
0.08097 2.88295 -1.34636 0.22643 0.71462
-0.1833 3.19324 -0.65138 1.9903 0.11553
2.12836 4.47264 -0.39045 2.0776 0.28839
3.12784 3.41524 1.48797 0.64513 -0.79826
0.25898 1.91222 -0.76151 0.60621 0.63906
0.06813 2.43079 0.65641 -0.2866 -0.22107
0.1123 4.14121 -0.82075 1.71692 -0.23321
1.11428 5.20875 -0.16335 -0.22312 -0.27058
0.28021 5.20109 0.80499 0.83759 0.35065
-0.92403 4.45083 0.18688 0.64357 -0.08237
-2.23326 4.29279 -0.97466 1.91456 1.68972
1.82578 5.90851 -0.19481 4.00768 -0.06024
0.98236 6.47099 0.71723 1.34451 -0.63809
0.13538 7.21691 1.71865 0.52252 -1.0233
1.82744 6.29032 0.50251 2.83764 -2.38444
2.20963 6.55241 0.58298 -0.07129 -0.0073
0.66625 7.27531 0.10035 2.21117 0.80007
1.38101 7.60773 0.88617 1.17113 0.38283
1.26662 7.27477 0.42195 1.65986 0.25131
0.91623 8.53699 0.1313 3.21 0.15851
-0.26533 7.89093 0.27107 1.63684 0.67475
-0.61589 6.71634 0.45014 2.6321 0.60589
0.63929 6.43676 -0.53216 2.85722 2.15517
-1.07049 4.92079 0.58192 1.56638 0.8946
-0.87283 4.02406 -0.63257 4.64574 -0.03346
-0.24715 3.89092 1.01886 1.24794 0.80849
-0.84271 4.05653 0.11647 1.83501 -0.10949
-1.26766 3.92274 -1.49374 1.43752 1.13435
-1.40358 2.7642 0.84838 1.36042 1.40534
0.02817 2.34 0.74526 1.6376 1.90297
0.86844 1.99964 0.59091 0.15077 1.40557
0.96998 2.53654 -0.52895 1.06631 -0.42698
-1.95621 1.79097 0.51912 -0.03456 -0.58961
0.0653 1.62877 -1.6457 0.68368 1.15938
0.94376 0.22687 0.033 0.40365 0.81061
-0.6021 0.83233 -0.54446 1.97887 -0.70765
-0.86284 -0.16578 -1.01106 -0.604 1.11056
-2.773 -0.79527 -0.17606 -0.20037 2.00839
-1.00021 0.43385 -0.62161 -0.82609 2.16048
-0.61075 2.66373 0.65329 -0.8708 0.59963
-0.87394 -0.33487 -1.04567 0.47094 0.3085
-0.22458 -1.91998 0.32994 -1.34635 0.30148
1.01587 -1.78933 -1.04981 -2.83736 1.53741
0.14899 -1.37469 0.59742 1.21953 -0.064
0.44887 -1.70074 -1.01261 -0.03553 -1.76509
-0.8947 -2.21147 -0.87072 -0.71357 -3.01826
1.17846 -1.64245 -0.60253 -1.85818 -3.4898
0.41462 -2.43082 0.1121 -0.23759 -2.85575
-0.65386 -2.29107 -1.37146 -0.6892 -0.7096
0.73089 -1.40691 0.1996 -1.27649 -0.96575
0.48041 -2.1949 -0.15816 0.08886 0.44078
0.19964 -1.15545 -0.7413 2.01946 0.51635
1.7957 -1.05837 -0.30117 -0.9631 -1.54039
0.64554 -0.69141 -0.47475 -0.47653 -1.83535
0.28247 0.37775 -0.59475 0.54983 -1.00871
-0.02741 -0.2486 0.87454 -1.17762 -1.29915
1.63585 1.70412 0.75766 -0.15546 0.56826
0.63269 0.85915 1.87414 -0.53087 1.08365
0.35935 0.68561 1.91705 -1.04945 1.4631
-0.77958 -0.1584 1.63643 0.42899 1.29009
1.67685 1.29438 -0.13185 0.68998 0.12315
2.53884 1.24318 1.02763 1.42912 1.5948
-0.28926 1.73329 2.08645 2.16076 0.37895
-0.28614 1.654 1.17129 -1.47043 -1.34832
-0.13988 0.3547 0.32397 -2.02414 0.17864
1.0256 1.64549 1.48281 -0.45432 -0.09831
0.73792 2.32202 1.1329 0.77081 -2.27242
1.89725 1.55609 -1.26215 0.99447 -2.58967
-0.14034 0.44386 -0.56414 1.68276 -2.38881
-0.98963 0.03975 -0.12521 -0.41846 -2.10905
0.67478 -1.6325 -0.02044 1.6847 -1.93843
-0.97734 -1.71996 0.50842 0.63229 -2.00559
-1.14549 -0.09816 0.25616 0.15636 0.24535
-1.19278 0.29376 -0.24828 1.15249 -0.82796
0.09884 1.04666 -0.21858 -0.51362 -1.05814
-0.14554 0.48957 -0.54124 -0.14527 -1.29928
-1.89186 1.32564 1.28028 -0.66583 -0.87873
-0.52794 -0.64119 0.80705 -1.68446 -0.85253
-0.10462 -0.54976 0.02237 -1.51382 -0.60506
0.14318 -1.46607 -1.50898 0.74241 0.97074
-1.27226 -1.35711 0.15175 1.47581 0.25544
-0.37511 -1.92262 1.55207 -0.98534 -1.09095
1.47507 -2.00974 -0.43854 -0.26497 0.74657
2.01041 -2.62536 -1.34184 -1.45622 1.18325
-0.72331 -1.48663 -0.55361 -1.62851 0.56332
-1.75196 -2.67922 -0.38448 0.73956 -0.03759
-1.55116 -2.81157 0.80938 -0.77592 0.06433
-2.62062 -1.17558 0.54427 0.16624 -0.77902
-0.48153 -0.95201 -1.66306 -1.71191 0.1886
0.33641 -0.45855 -0.41073 0.08303 -0.03299
1.85775 0.17175 -1.02185 -0.74928 -0.45757
0.521 -0.89395 -0.49275 -0.67817 0.55073
-1.27536 -0.52847 0.05889 -1.09692 -0.04749
-2.87535 -0.10556 -0.5251 -0.89317 1.60864
-1.01918 -0.57845 -2.13073 0.05182 1.14475
-0.97395 -0.3473 -2.88463 2.42008 -1.95464
-0.74515 0.9001 -3.04672 2.26043 -2.22214
-2.13872 -0.44178 0.38895 -0.3615 -2.05655
-3.0705 -2.04924 0.83398 -1.50203 -0.85305
-0.72446 -1.44237 -1.23902 1.56948 0.92967
-0.93766 -0.28629 -0.56065 -1.28077 1.01732
-0.42239 -2.25981 -0.95117 0.77107 1.42441
-0.05616 -3.75135 1.90326 -1.42524 0.3378
0.30304 -3.38065 -0.32827 -1.29473 1.42997
2.41611 -2.70727 -1.50597 -0.26715 0.81292
-0.20966 -3.32695 0.7779 0.96559 0.01123
0.70749 -2.99011 -0.15182 -0.44745 0.0036
