2.02365 -1.0858 0.0017 -0.32001 1.04027
2.57641 0.22131 -1.85475 0.21449 -0.16428
-0.2334 -1.25368 -1.09498 0.10866 -0.15639
0.03533 0.93731 -1.41122 2.67206 -0.9156
0.81021 1.49255 0.25785 0.37046 -0.09724
0.88569 0.50953 -0.00168 0.48427 1.21376
1.57689 -1.58517 -0.55079 -0.74021 -0.89761
0.61331 -0.27346 -4.56374 -0.08574 -0.07559
1.39744 -0.51299 -1.50487 -0.65711 -0.02784
2.15417 -0.1182 0.21518 -1.25495 -0.09862
-0.09592 -1.76461 0.55092 -1.06512 -1.67441
-0.04476 -0.78099 -0.427 -0.43335 -3.21057
-0.28509 1.70125 -1.50412 0.36959 -4.64364
0.63381 -2.59379 -1.19157 -0.1011 -4.34214
0.20246 0.88541 -0.7875 -0.7825 -4.23346
1.4563 -0.85571 1.33183 -1.42607 -3.75691
0.39707 -0.54757 -0.9872 -1.31216 -5.38365
-0.14423 -1.22067 -2.40442 -0.153 -4.43381
0.9447 -0.15547 -1.56218 0.90818 -4.28458
1.54564 -0.85949 0.62763 -1.3661 -3.3082
-0.44896 0.59402 1.20378 -0.71623 -1.64885
-0.46195 1.01895 0.85761 -1.47877 -2.08911
-0.29362 1.08264 2.23649 2.29856 -1.87603
0.57326 0.67627 2.32568 1.35978 0.35832
2.65779 -0.16667 1.95835 1.27662 1.11663
2.93523 -0.51078 1.63348 0.98042 2.71878
3.70267 0.37934 -0.3915 -0.5927 1.56238
2.81166 0.81295 0.27958 -0.39332 1.84545
2.45879 -0.20327 0.71865 0.23904 2.17313
1.24493 -0.80032 -1.09439 0.09931 0.75055
-0.61164 0.4056 0.01443 -0.86465 0.5158
-0.47324 -0.94077 0.72025 -1.4121 0.38958
-0.55946 0.95557 -0.51649 -0.14399 0.50853
-0.1799 1.45145 -2.11664 2.62089 1.31533
-1.67522 -0.19945 -1.13683 0.50338 1.44393
-1.65035 0.46754 -0.16593 0.34938 1.13722
1.51528 0.88943 2.72309 0.54727 1.40818
1.15472 0.24362 2.56944 0.65832 3.48402
1.35682 0.03342 -0.39336 -0.76483 3.24659
2.41421 -0.64508 -2.08114 -2.41823 0.73824
4.42982 -1.61008 0.75019 1.19044 0.43745
3.22444 -2.548 -0.07164 -0.11822 3.10919
3.16958 0.11686 0.35762 0.01391 2.81156
2.82727 0.76562 -2.76316 -0.02 2.25953
3.00131 1.37356 -0.17076 -0.20601 2.10624
0.87882 2.46539 -0.02081 -0.78989 0.9869
0.94725 2.34189 0.86734 0.55567 1.24645
-0.08699 1.80765 0.19303 0.91801 0.49116
-1.1746 -2.50787 -0.10697 0.091 1.86831
-1.51169 -1.66257 -2.24531 -1.08746 1.4979
-0.89267 -0.81485 -1.78829 -0.73591 2.87668
-0.15526 -1.63779 -0.91507 -0.40128 2.04914
-0.28946 -1.2056 -0.50141 -0.16328 -0.41592
-1.16472 -1.06937 -0.26853 0.0119 -2.10738
-1.7547 -0.97766 -1.38881 -0.57793 -2.40647
-2.09301 1.06026 -1.87797 1.02292 -3.6206
-2.22027 -0.25012 -0.12134 -0.68754 -2.59838
-2.64962 0.20909 -0.12092 -1.51722 -3.2154
-3.31684 -0.41314 0.4942 -0.27403 -2.55999
-4.19572 1.33402 0.57639 0.27014 0.0439
-4.27722 1.51145 1.10208 0.31086 -0.526
-4.58539 -0.07051 1.53815 -1.30163 1.16834
-1.85342 -0.02322 2.26997 -0.79552 1.11895
-1.69103 -0.65711 0.43409 -0.10267 1.37891
-1.11362 -0.52992 -0.74014 0.25774 0.88606
-0.53177 -1.78196 0.37485 0.05938 -0.42848
0.75446 -0.00028 -1.45604 -2.82952 0.3975
-0.04597 1.7987 -0.91168 0.60196 0.5982
1.78836 1.42208 1.65047 -1.0083 0.50827
0.12885 -0.54321 1.45443 1.29058 0.93711
-0.3913 -0.33822 1.46996 0.6347 0.7548
-3.48537 -0.02783 0.58059 0.18627 -1.73304
-3.64521 -0.95267 0.12222 -1.38013 -1.76674
-3.47687 -1.99483 -0.30921 -1.57708 -1.9714
-2.59096 -0.97753 -0.98274 -0.27166 -3.94159
-2.50898 1.12462 0.71698 -1.05167 -2.15286
-2.76919 -0.13224 1.06151 1.06116 -1.40957
-1.92793 -0.61178 2.59402 2.30681 0.29701
-2.14267 -0.04693 1.19456 -0.12744 0.53102
-1.44782 -0.35457 1.78458 -0.1393 0.01721
-1.5189 0.10382 0.70315 0.51659 -0.56921
-1.33984 -0.44088 0.40535 -0.66781 0.05555
-0.8053 0.20042 -0.05511 -1.86247 1.72638
1.46721 1.80729 -1.36019 -0.52998 1.30909
0.48255 -0.54952 0.79523 -1.03162 1.7566
-0.18894 1.33881 1.54979 0.2879 1.4261
0.68357 0.79998 0.86967 -1.53671 1.19739
-1.69916 -0.65288 0.50526 -1.44682 2.036
-0.91368 0.85419 -1.26689 0.85302 0.45673
-0.35336 1.17529 -0.61311 0.04986 0.91404
-0.4946 0.67176 1.07221 -0.19805 0.78494
0.48365 1.79969 -0.11765 0.55971 2.15422
0.87624 -0.34954 -0.84657 2.57422 0.12489
0.6067 0.98782 -0.8687 0.41859 1.92167
1.8335 1.11799 1.83883 0.35411 2.48098
0.67535 1.12108 -0.4321 -0.321 2.25848
-1.46941 1.47446 0.02327 0.45224 3.33441
-0.98402 -0.10116 0.94043 1.07726 3.33171
-1.66895 0.73965 -0.31201 1.25456 3.57982
-2.28287 -0.7441 1.79055 1.57432 4.53496
-1.76286 -0.58261 -2.37018 0.98889 2.37577
-1.15291 -0.61277 -1.549 -0.98924 2.19743
-0.81632 -0.03476 -1.36698 -0.20428 1.31185
-0.48475 -1.28881 -1.21943 -0.76808 -0.14662
-1.99104 -0.89776 0.32616 0.79647 -1.14272
-0.63521 0.98886 -0.2645 -1.36873 -1.1617
-1.9142 -0.68579 0.18223 -0.63047 -1.56565
-2.04852 -0.93379 1.04628 -1.73839 -2.33321
-1.53167 -1.14502 1.14736 -0.88242 -1.79828
-1.68666 1.24993 0.8887 -0.90059 -0.10504
-2.64125 2.42878 2.01063 3.68643 2.4072
-2.95736 -0.45952 1.14649 2.53049 6.42974
-2.47717 -0.36448 1.00883 1.17043 6.02821
-2.20902 -0.44265 0.51442 1.65958 5.13727
-1.43024 -0.23411 -1.12183 -0.11135 5.33726
-1.44777 0.0356 -0.89583 0.15752 3.91333
-2.70884 0.48583 -0.79392 -1.1601 3.00153
-2.62257 0.10761 1.16661 -0.11571 2.64636
-1.45906 -1.51136 -1.06335 0.36093 1.40375
-0.69277 0.81137 -0.52799 1.12936 -0.43363
-0.25673 0.26641 0.24914 -0.058 -0.55502
0.26217 -1.40716 1.18751 0.39278 -0.9346
0.04093 1.08258 1.18566 0.96411 1.27509
-1.95928 -0.36958 2.64205 -0.14886 3.48804
-1.37012 0.40046 0.76555 0.69167 3.60198
0.98254 -2.62902 2.17386 -0.08777 3.03616
-1.17413 0.37579 1.31315 -0.57285 1.44594
-1.2864 -1.67974 -0.01951 -0.87442 2.33717
-1.76624 1.32503 -0.61638 -2.03954 1.76676
-1.57128 -0.94608 -0.34032 -0.454 2.87772
-1.53588 -1.61242 -0.13416 -0.3581 2.6234
-0.60404 -1.19 0.13183 -0.14304 0.33117
-0.93435 1.3198 -1.61994 -0.03396 0.05217
0.12953 -0.28234 1.51446 -1.33885 -0.36467
-1.23556 0.72728 1.16971 0.70369 -1.10134
1.53547 0.31101 -0.74299 -0.45175 -1.11045
1.04175 0.69226 -1.16567 -0.89801 -0.46811
2.71494 1.11168 -0.19102 1.20993 -1.75243
0.45549 1.76884 -0.17459 1.43553 0.01306
-1.60479 -0.93908 1.95581 0.13682 2.7092
-1.227 0.06882 -0.11323 -1.02142 2.38984
-0.47248 0.2933 -0.01997 -1.78101 -0.37769
-0.72161 0.30211 0.78761 -2.896 -0.25322
-0.22981 2.92623 0.43011 -2.25607 0.88159
-0.36927 0.67423 1.32247 -2.1727 2.53431
1.0208 1.20583 0.15918 -0.0319 2.45731
1.87506 0.65382 0.7785 0.33731 3.69954
2.11385 -1.41843 1.0515 -0.42249 3.37044
2.59842 -0.65712 -1.73827 0.3709 1.76335
1.62874 0.0262 0.41643 -0.58598 -0.12098
0.52972 -2.59104 0.20792 1.04936 0.32069
0.53483 -2.3416 -1.47443 -0.38703 0.83562
-0.12041 -0.65358 -2.65431 0.3627 0.87501
1.68731 1.02164 -1.45088 -0.35997 2.17526
0.99129 0.83582 -0.82082 -0.74136 2.36121
0.24444 -1.06115 -0.60859 -0.57146 1.63018
0.88061 -0.05182 1.75331 -1.89613 1.66479
0.89575 2.69324 -2.12407 2.39857 2.81101
-0.57364 -0.15995 -0.30969 2.49621 3.39436
0.08029 -0.50191 -0.81034 1.55558 3.55451
2.33284 0.21681 0.37599 -0.58304 2.32666
1.94255 -0.81026 -0.44717 -1.47098 1.29147
3.15836 0.02347 1.35109 0.68066 0.02908
1.7618 -0.13528 0.11518 -1.42157 0.0779
2.06211 0.23666 1.28375 -0.02659 -0.3689
1.30609 -1.50551 0.30873 -0.39627 1.48588
0.83037 -1.65331 -0.07746 -0.80225 0.11925
0.14909 0.98745 -1.08267 1.11792 -0.86148
-0.61894 1.49314 2.16176 0.01547 1.88789
-0.17608 0.2315 1.84499 1.30125 0.65518
0.81355 -0.14729 2.10566 -1.10878 2.71168
0.5672 0.69021 -1.49457 1.03625 1.63186
1.35621 0.0536 -0.10381 0.02402 2.42083
2.20038 0.18942 1.08055 0.58064 3.08964
3.90347 0.27535 0.09649 -0.51635 0.96247
3.60235 -1.11496 1.78401 0.57941 -0.04465
2.21918 -0.91089 -0.24772 -0.98443 0.09014
1.79578 1.18452 0.43405 -1.20515 0.51642
1.48439 1.1942 3.20161 -0.95958 -0.79081
2.89268 1.13254 0.4674 -3.18366 -0.82081
2.76021 0.26998 0.64368 -1.49986 -0.28315
1.34504 -1.09626 1.05215 0.93932 -0.76794
0.57005 0.18941 0.61245 -1.60876 -0.2791
0.69453 0.02977 0.92272 -0.63708 -0.32322
-0.28503 0.20768 0.79423 -0.56544 -1.17072
-0.23145 -2.53626 0.31554 -0.27102 0.25794
1.61517 -1.29877 0.03741 -0.84867 0.17461
1.72859 0.5572 -0.30955 -0.71709 -0.26956
2.80573 -0.15061 0.75444 -0.59828 0.09307
1.94828 -0.23897 0.28963 -0.19794 0.6635
4.43093 1.81943 -0.04951 -0.53577 1.73137
2.7874 -0.1698 2.35764 -0.49759 4.0921
2.52238 -1.26928 -1.71172 -0.89397 2.68105
2.84723 0.4612 -0.68402 0.17153 2.01479
1.71815 0.19414 -0.56516 -1.87154 1.90269
2.14298 0.2304 -0.36945 -0.65044 0.54557
0.85388 1.23663 0.71685 -0.24383 0.45051
0.22912 -0.03463 0.25994 0.23966 0.02161
0.82654 1.06667 0.16067 1.05256 0.47142
0.37927 -0.5783 -0.94178 0.19945 1.87475
0.7123 -0.04865 2.18958 -0.04804 2.78943
1.268 0.03182 0.00677 -0.18883 3.56416
1.39183 -0.81984 -0.30848 1.79827 2.58119
1.17241 -0.06834 0.02406 0.59352 3.72515
1.12698 0.62234 -1.95565 -0.03394 3.26508
0.6354 0.0717 0.65086 -2.49422 1.7797
0.86823 0.81926 -0.18777 -3.07543 0.03477
0.24386 0.19123 0.14882 -0.66526 -1.18107
-0.0704 0.17558 -0.28319 -0.17371 -1.42016
-0.55854 1.26123 1.03079 -1.75846 -2.1469
-3.11246 0.39833 -0.42439 1.54542 -0.23007
-1.5475 -0.1205 -2.11155 0.53568 -0.48782
-1.60049 -0.48033 0.69556 2.74797 -1.9065
-1.27074 -2.11244 -2.18189 1.03406 -1.41796
-2.38088 0.14013 -1.05645 2.4812 -2.6044
-3.89835 -0.33149 -1.50265 -0.24701 -1.37003
-3.0097 -2.07969 -0.90354 -0.01596 -2.47171
-3.62902 -1.6585 -0.78977 0.6554 -2.17355
-3.4735 0.91152 -0.53438 0.3816 -4.28704
-4.6041 -0.3488 -0.47495 1.47379 -2.70721
-4.62067 -0.19274 0.95106 0.91716 -2.4917
-4.72142 0.26801 -0.30087 -1.03432 -0.22983
-4.90073 1.7849 0.64905 0.83413 -2.30642
-4.84743 -0.24278 -2.02388 -0.13617 -0.7883
-3.81215 -0.25192 -1.27905 1.01496 -1.77216
-1.19406 0.24712 -1.6185 0.18435 -3.69493
-2.15317 1.69315 1.15952 -0.10029 -3.23632
-1.5624 -0.77128 1.23495 -1.34012 -2.40493
-2.84455 1.21832 2.38712 0.82387 -4.18912
-2.1615 1.22537 2.01554 -0.65976 -2.67516
-2.81342 0.79378 2.74794 0.42787 -1.41464
-1.98092 -0.2688 0.52375 -1.23262 0.70042
-1.09269 -0.56582 0.87632 -0.73611 0.68296
0.81084 -0.02835 -0.3545 0.36103 -1.12434
-0.39618 2.13862 0.32044 -0.77427 -1.60651
-3.21691 0.64805 1.32128 0.11982 -1.4956
-3.53965 -0.38802 0.72936 -1.06399 -2.83326
-3.14469 -1.64844 0.59523 -0.592 -3.21177
-4.21545 0.19932 -0.02456 -0.57417 -3.71629
-5.24219 0.63356 0.03353 -0.34876 -1.82902
-4.81667 0.91655 -0.12399 0.00331 0.64519
-4.50289 -1.02921 0.55775 -0.37397 -0.4452
-5.23546 1.70193 0.43068 2.56687 1.27367
-4.79199 1.35135 0.13726 1.86725 2.26681
-5.60244 2.49674 0.55433 -0.64504 2.24739
-2.06706 -0.68122 0.24862 2.00118 2.13788
-0.05139 -0.27876 0.67932 1.54324 0.50822
-0.20163 0.52635 0.41473 2.85261 0.38617
-0.05986 -0.98765 -0.09062 0.33708 1.06406
1.26138 0.09434 0.71862 -0.39446 -0.89732
2.50886 -1.31351 -0.61953 0.79316 -0.46783
1.08548 0.688 0.74382 -1.40316 -2.12204
0.92156 -1.33246 0.77671 -1.26047 -0.41594
1.1373 0.13183 0.78035 -0.62003 -2.51311
0.31674 0.36676 0.19067 -1.02362 -1.03901
0.11149 -1.24919 0.79727 0.86276 -2.66975
1.57607 -0.79665 1.4034 1.38965 -3.06201
0.8783 1.28878 0.25116 -1.66883 -1.26254
0.82759 0.45353 -0.54133 -0.04275 -0.30153
1.55943 1.90615 1.05062 0.82864 0.90025
2.5893 0.29101 1.3332 0.10277 1.73791
3.17606 -0.83147 0.19595 -1.9725 2.23388
2.35053 -1.03922 -1.70408 -0.39847 1.92813
3.60784 0.36992 -0.99085 -0.19404 2.30793
3.06196 -0.16948 -0.38476 -0.08926 0.14656
3.36242 -0.78655 0.08177 -0.67308 0.25966
2.31042 1.47248 -0.6197 1.13591 -1.16738
2.06684 0.68545 -1.02947 0.5631 0.53869
1.04029 -0.48684 0.40589 0.18051 -0.66119
1.08446 -0.5483 0.12475 0.02958 -0.28083
0.47349 -1.63562 0.92282 1.76856 -0.5979
0.02098 0.10945 1.12243 0.04265 0.25608
0.74044 1.8749 0.80511 1.58792 1.32127
2.60246 1.11886 1.29955 0.72586 2.88666
4.38154 0.34759 0.6049 1.85534 1.99389
5.47668 0.98456 -0.69501 -0.58465 2.12885
4.56717 0.49243 -1.07915 0.51353 1.00491
4.88668 -1.09729 -0.36974 1.69047 0.81876
5.55332 -0.1295 -0.13879 -1.44474 -0.15814
5.7858 0.53606 -0.19839 0.93696 0.80428
5.93839 1.74853 1.48442 0.12882 -0.68099
4.35036 0.85419 -0.25232 0.27622 0.34021
3.00654 0.79057 -0.49113 1.77707 3.17582
2.87365 0.19509 -0.56994 0.1848 1.51921
2.66226 1.9472 -0.08634 -1.95183 1.5795
1.02575 -0.60738 1.78771 -1.35753 1.84575
1.27402 -2.02996 2.04655 -0.02896 0.10399
0.1053 0.01974 -0.62492 0.66846 0.52876
-0.2748 -0.53826 -0.15328 1.15028 1.30559
0.2534 -2.24689 -0.27006 -0.82979 1.61824
0.57124 0.59485 0.18504 0.44199 0.35929
-0.41123 0.11846 1.28345 -0.17671 1.6126
-0.1952 -0.98121 3.3585 0.5048 0.81724
0.39334 -2.06298 -0.50591 1.49552 0.02595
0.97648 0.14993 0.26486 0.12642 -0.89266
1.22091 1.45684 -0.27743 -0.03222 -2.46492
0.94212 0.19624 -0.27522 -0.40255 -2.59628
0.8639 -0.98294 -1.53818 0.1891 -1.50865
0.6453 -1.73869 -2.6157 -1.10545 -1.28612
-0.41022 -0.83647 -0.35076 -0.29136 -1.9356
