1.13403 5.39239 -0.24306 0.807 15.2067
1.48012 6.21438 -0.12411 0.86892 16.81682
1.64872 7.04864 0.72371 1.03477 15.54766
2.46876 7.02943 1.41756 2.2299 13.67397
3.76118 6.14437 1.06293 1.91049 13.45493
0.82083 5.91514 1.3988 1.01956 11.88219
2.04705 5.73913 -0.0907 0.18789 10.73886
1.1931 7.51689 1.57343 -0.74585 12.00047
2.06923 9.34222 -0.39478 -0.62341 12.54474
3.27701 9.56076 -0.23932 -0.57171 12.31036
2.13241 8.87386 -0.56772 0.16282 12.38162
2.79962 10.50997 -1.01737 0.85519 11.73777
1.36222 8.44398 -0.97645 0.76288 11.63245
0.74582 9.09323 -0.10451 2.04139 12.05474
0.49555 9.70082 -0.94097 0.71419 12.0234
-0.24347 10.30316 0.6712 0.47115 11.32751
-1.40185 10.83714 -1.04799 -0.03029 13.89631
-1.67283 10.40488 -1.68611 -0.21543 14.34259
-1.572 9.00686 -1.96722 -0.64942 14.80067
-1.40707 8.20974 0.24753 -0.53108 16.82672
-1.90433 9.00477 -0.14955 0.12718 16.98564
-0.20077 6.78051 1.30325 0.82191 18.74849
-0.82711 7.13537 0.35512 0.3501 18.31793
-1.31612 7.20736 1.10955 -0.74703 20.21879
-2.29617 7.30426 -0.02314 0.52395 20.78723
-0.8136 7.61684 0.10534 -2.39169 19.8931
-0.34045 7.26569 0.20159 1.11389 20.48755
-0.52973 5.98991 0.23093 -1.16175 19.25841
-0.52437 5.26539 1.61728 -0.19628 18.95676
0.59628 2.85895 2.13221 -1.58289 20.39834
1.22394 2.40527 0.63459 -1.2393 20.58478
1.50842 0.92316 -0.49147 -0.85455 21.35612
2.01348 1.87842 -0.41933 0.1079 21.46841
3.45969 2.76875 0.73622 -0.22783 20.04827
3.40317 3.10842 0.46587 1.27692 19.05685
2.76491 2.82425 0.6106 -0.05202 18.32197
0.24053 5.10686 -0.71667 1.03928 16.97445
-0.04684 4.05467 0.00194 3.5329 18.15413
-0.09677 4.09028 0.82021 1.95912 16.79651
0.44199 3.40162 -0.59018 2.27364 15.90507
-1.57722 2.87485 1.64405 0.28588 16.24274
0.01898 2.19261 0.02906 0.40312 14.58506
0.68146 1.94416 -1.65811 0.33731 14.18485
0.26646 1.01558 1.02156 -0.43913 14.84375
-0.83798 2.06684 -0.34478 0.71559 14.22587
-2.0358 1.62245 -0.30346 0.55123 13.64247
-0.11096 -0.60064 -0.00843 -0.02847 13.18522
-0.5115 0.79333 -0.01921 -1.8484 11.60759
-0.41994 0.93694 0.85726 0.0397 10.57786
-0.49134 -0.3514 2.01359 0.81532 10.35905
0.38328 -1.99554 1.56927 1.34058 10.70785
-0.77125 -3.21522 0.17636 0.4946 10.09674
-2.00403 -4.65262 1.03083 -1.03749 8.96345
-0.66695 -5.42499 0.38384 0.75698 8.2849
-1.82613 -4.85746 -0.19269 0.64339 7.35735
-1.49593 -4.30283 0.38927 0.56485 6.15686
-1.16785 -4.09153 -0.20543 0.28915 3.92745
1.30294 -4.26701 0.81785 -1.31325 2.25528
3.25364 -3.72447 0.35278 1.63895 1.19013
4.16604 -2.59169 1.14071 0.82963 -0.26917
2.98835 -1.66679 -0.32127 0.02567 -0.28485
2.83169 -1.88147 0.82457 0.68706 -2.18758
0.26134 -0.51989 2.07211 1.54946 -2.21591
1.15032 2.42439 -0.06946 -2.10696 -2.69528
1.03309 4.90101 0.44826 0.14201 -3.06048
0.73852 4.91019 1.03707 -0.89769 -1.37523
0.70182 5.64382 -0.00456 -0.10887 -1.14625
2.04957 6.06744 -0.93014 -0.7382 0.52172
2.1614 7.85711 -0.18312 -1.19286 1.16633
2.29338 8.51594 -1.73209 -0.8013 1.97584
3.72646 7.92025 -0.29635 0.05392 0.53541
3.71826 5.7198 -0.08768 0.15259 3.18889
2.81912 6.10628 -0.39461 -0.23224 3.97281
4.01148 6.62635 -0.49289 2.12264 4.63114
4.90323 4.07175 0.8124 2.03066 5.81471
3.71302 4.87866 -0.22193 2.24872 6.75486
2.51646 5.42637 2.12508 1.536 7.46663
2.50805 6.37561 0.12333 0.87814 9.42288
1.35919 7.569 -0.57706 0.51734 10.1414
1.65294 7.88408 -1.27655 0.19182 11.15513
2.36866 6.28342 -0.72555 2.32964 12.56529
1.96971 4.28439 -1.24111 1.11247 12.40482
1.7119 3.37238 -2.28864 1.27029 11.65285
-0.66163 3.50696 -0.35221 -0.18317 14.28174
-0.36295 1.3475 -1.72658 0.78863 14.71609
-2.24294 0.88753 -1.13851 -0.12802 14.95709
-3.20144 -1.14356 -1.56348 1.21349 16.92769
-3.2138 0.30852 -0.16364 0.24349 18.74817
-1.93688 -0.13243 0.02718 -0.77673 15.99253
-1.44624 -1.32976 -0.1277 -0.4012 15.40722
0.59796 -2.30484 0.02343 -1.19713 14.17743
-2.67525 -1.83541 -0.94118 -3.21006 13.61434
-1.9964 -1.13536 -0.99814 -1.65086 12.11487
-3.02177 -2.63281 0.01944 -0.27606 11.62918
-3.9173 -3.17547 0.52328 0.11362 10.24459
-2.48188 -4.81564 0.24332 -1.45167 9.30027
-2.13264 -5.62704 0.23567 -1.49303 7.96447
-2.51179 -4.73305 1.73247 -0.76288 6.24012
-0.86237 -4.19534 0.58234 -2.19633 7.22668
-1.83097 -4.28657 0.68672 -2.43738 6.89192
-2.25837 -4.63558 0.68524 -1.74679 4.59426
-2.30748 -4.26877 -1.53134 -0.16091 2.60244
-1.16561 -5.49423 -1.7404 -2.49509 2.79084
-0.10944 -5.53163 -0.06996 -3.12958 0.57833
0.25706 -6.3002 -1.3995 -2.72203 -0.34481
0.21553 -6.16141 -1.58199 0.06985 -1.20219
-0.3806 -6.02281 -1.43855 -1.58736 -2.31147
-1.49964 -6.83398 0.47932 -0.35952 -4.79405
-1.96256 -5.47552 1.31662 2.39186 -6.99173
-2.00405 -4.11016 1.32841 0.17153 -9.02968
-0.60458 -2.28309 -0.65878 -0.14288 -8.14582
-0.52726 -2.0684 -0.34399 0.66424 -10.01119
-1.0807 -1.00843 -0.87871 0.25305 -11.64569
-0.15313 -0.8519 0.30653 -1.21644 -13.72423
-0.12202 -1.01566 -1.51651 -1.86545 -12.54696
0.70229 0.13451 -1.999 -0.28841 -11.30983
0.38299 -0.29335 -0.44557 -1.52288 -9.86826
-0.34313 -1.68069 0.77763 -0.60562 -10.79219
-0.17457 -1.35475 -0.22546 -0.06485 -9.01542
0.62489 -1.89761 -0.30222 -1.62634 -9.98623
1.1381 -2.60239 0.12174 -2.4627 -9.82634
3.01555 -0.91827 1.74061 -1.20568 -8.25867
2.49809 -1.9201 -0.51441 -0.96281 -9.92836
0.68334 -2.64862 -0.63291 -1.60387 -7.86172
-0.56232 -1.52462 -0.75022 1.37069 -8.8513
0.87892 1.96489 0.18682 0.99537 -8.35148
2.73327 1.98269 0.25888 0.67462 -6.97665
1.80069 4.05823 0.23294 0.561 -6.79098
3.3716 3.92632 -0.51602 0.71466 -5.79407
3.33752 3.49436 0.01355 2.35875 -5.62192
2.18644 2.27454 -0.49787 1.64122 -4.75376
1.26834 3.6491 -0.68647 2.48872 -2.42632
2.88255 4.52773 -0.28513 1.71516 -0.43475
2.3884 5.05607 1.06765 -0.46683 1.63
1.9757 4.86637 0.94306 -1.34072 3.58174
1.75036 5.49831 2.00417 -0.32218 6.0343
0.49068 5.61441 -0.49742 0.26672 8.08683
0.10472 5.73103 0.74511 1.75919 8.48689
0.6783 4.88393 -1.23319 0.72443 8.80525
0.29331 3.36651 0.49128 -0.61509 9.25279
0.83469 2.22946 1.09776 -0.71303 11.4925
1.76847 2.79244 -1.43885 0.66346 10.91121
0.87124 1.6148 0.44446 0.80019 13.7477
1.31008 3.01695 1.00823 -0.83469 12.86703
1.21442 2.85704 -0.3108 -0.44801 10.01601
0.67379 2.14451 0.46248 0.19778 8.55645
0.17993 2.54809 0.06571 1.08293 7.23828
-0.18772 3.26779 0.99438 0.87464 7.50842
-0.56899 2.97166 1.51909 0.3868 7.40437
-0.4482 3.81992 0.10061 -0.85228 7.09199
1.37665 3.88428 0.61899 -0.34795 7.23127
1.2936 1.56445 -0.42284 -0.04551 8.98146
1.40341 2.03393 -1.11439 -2.18484 8.45761
1.84295 2.42424 -0.22327 0.10818 8.56961
2.20224 1.21268 1.12591 0.00346 8.48465
2.98526 0.95092 1.15906 0.75599 8.5899
1.39699 -0.3376 -0.27059 2.26052 7.55739
2.30687 0.92376 1.32904 1.84374 6.19999
1.7783 2.82055 -0.26209 4.41808 4.86011
2.0349 3.46067 0.57243 0.08486 4.57715
3.2855 2.77694 0.14293 -1.0193 3.9168
4.15527 3.78583 0.88652 -0.69269 4.2211
1.7691 3.93257 2.45935 -0.23451 3.87494
1.64007 3.55626 2.00073 1.05738 6.24777
1.9299 3.5457 0.49405 -0.89066 7.24071
1.78859 3.02815 0.66628 -0.48926 7.70087
2.25674 3.50557 -1.13343 0.55064 7.42683
1.38675 4.37723 -1.09492 1.28339 8.80574
2.18347 5.94205 0.18695 1.481 9.08385
3.30681 5.74732 -0.00846 -0.35064 9.1363
2.97077 5.6678 0.88846 2.56651 8.42458
1.84199 4.79063 -0.44094 2.79435 7.76317
0.32721 6.62698 -0.81138 2.02109 9.042
0.58311 6.91561 -0.61282 1.76729 10.24557
0.93256 7.03443 0.01557 -0.52861 10.56215
2.05779 4.79648 -0.95992 -0.32636 13.82198
2.18279 2.49712 -0.95303 0.39635 13.70204
1.70906 2.41223 0.37501 -1.32267 13.82967
1.62804 0.9052 -0.13481 0.90777 13.93981
1.00688 0.65903 0.93545 0.64196 14.3254
1.64516 1.62274 2.98309 2.07179 15.02435
2.3336 1.698 1.00348 2.07088 14.51238
2.59964 2.7992 0.30585 2.23362 14.98067
2.18758 3.61476 1.18903 -1.22743 14.93397
2.13601 5.01808 0.67539 -0.95152 14.02628
0.09146 4.16766 0.09649 0.43682 13.48891
0.4622 7.07383 -0.26166 0.36438 12.96984
-0.48657 4.71531 0.62799 3.54221 12.62115
-1.27147 5.33525 -0.60557 1.18966 11.10017
-1.70306 3.80593 0.17502 2.11636 11.62127
-2.57748 1.63929 -0.28902 1.07489 12.30876
-1.3227 2.15932 0.06418 1.03917 12.29309
-2.02274 1.37233 -0.1335 0.91739 11.0914
-0.76202 -0.47228 -1.0855 1.41197 14.44602
0.33099 -1.15653 -0.07296 -0.93477 15.33983
0.65158 -1.72185 0.20437 -1.78658 13.87117
1.44675 -1.73845 -0.70498 -0.00795 12.50459
1.63139 -2.44107 0.97125 -0.434 12.66202
2.08171 -2.07193 -0.21107 -0.6205 13.00811
1.96752 -0.9647 0.90975 0.46977 11.10098
0.65295 0.94205 -0.37344 -0.743 8.46376
-0.19391 1.89969 -0.9084 0.99762 5.40672
1.13373 1.48583 0.21123 0.85753 4.80345
2.03871 2.41031 0.05282 0.38704 3.05893
2.75094 1.58571 -0.37325 -0.26459 1.99362
2.27056 0.98996 -1.95165 0.28737 3.0513
2.77951 -0.04894 -0.73261 -0.22558 3.73709
2.90539 2.64182 0.28492 0.34597 4.1294
3.52781 2.57692 -0.30392 0.66627 4.78324
3.07161 0.95574 -0.66288 0.12543 4.64984
4.89564 2.45184 -0.77874 -0.76733 4.57414
5.35224 4.26313 0.77924 0.13817 3.59047
7.04875 4.42894 1.47384 1.60978 3.7546
5.27776 4.96226 1.68825 1.61364 5.33445
3.56035 3.25976 -0.32183 3.13047 4.7345
3.81472 6.547 -2.05991 2.41717 3.10372
5.66279 7.35602 0.23404 0.42936 6.40716
6.28318 7.51877 -1.44307 0.97646 7.83296
6.36909 7.45082 -1.03948 0.75836 8.57707
6.90725 7.1977 -0.03497 -0.36913 11.09586
7.04745 10.15879 0.20189 1.55047 12.78139
7.16162 10.87678 -0.80594 5.38787 14.09843
7.7072 9.51762 0.50801 4.29488 14.90483
6.37457 9.97933 -0.17298 1.45797 15.86137
6.46686 12.47283 -0.20939 2.15767 16.24836
6.22118 14.1747 0.03548 2.33821 17.20329
6.63571 14.86441 0.50734 1.85262 19.21476
6.16644 15.3475 1.40313 2.54929 20.56104
6.28378 15.27481 -0.77118 2.07731 21.48286
6.22934 13.75646 -1.22131 3.32551 22.26335
6.45615 13.55727 -0.80556 2.65563 23.93991
4.96259 14.97003 1.68658 4.22166 26.57071
4.22507 16.25504 0.10485 3.59704 29.15091
3.56713 15.71465 -0.31509 3.47597 32.06513
4.90828 13.66741 -0.37045 3.24244 32.57748
4.88836 13.96774 -1.19307 3.79297 30.1061
5.80022 13.65909 -0.1523 4.05133 32.15187
5.60749 12.12449 -1.04913 3.4603 34.58596
4.94954 12.4171 -1.98787 3.21768 34.72281
4.73473 10.58296 0.33978 2.48892 36.06227
3.70415 10.03641 -0.02473 2.91026 38.08575
3.02035 10.34353 0.08087 2.98744 37.3373
2.43542 10.26225 0.79305 1.46863 35.6842
2.95829 9.75058 -0.92206 0.53801 36.89381
2.07643 9.64427 -1.46282 1.03538 36.4683
3.20366 9.78204 -1.39653 -0.78189 36.44308
4.23551 11.65623 -0.08153 1.22271 36.12811
4.10558 11.80005 0.01416 1.66262 36.35991
5.5203 10.78412 -0.73227 1.06079 35.35557
6.42157 11.73005 -1.25321 0.36265 35.26818
5.87465 11.80662 -0.25056 0.4194 32.80138
5.7697 13.04778 -2.00058 2.19678 32.8495
5.44824 13.94012 -0.83304 1.90304 34.3979
6.1769 12.44897 -1.71017 0.7316 33.47442
5.98176 12.1731 -0.69281 3.86795 34.91592
5.29683 12.35715 0.02746 2.91776 35.31258
6.67246 12.51669 0.43182 1.47777 36.49837
7.08672 10.88523 -1.15942 1.55316 36.55461
6.92245 10.86818 -0.68308 -0.46837 35.80884
8.0828 11.21182 -0.95219 3.15743 37.26921
6.74929 10.90918 -2.41173 1.92113 37.05326
7.93024 11.59344 0.45135 2.85601 36.37665
7.80477 12.5047 0.60771 2.87813 37.05572
7.69436 12.64562 2.33228 2.82816 34.72771
7.13716 12.86298 1.8352 3.0689 33.57006
6.91737 14.2321 -0.8537 1.32891 34.86291
6.75484 15.07884 -0.75202 2.67645 33.61723
6.52541 15.26583 0.03318 2.52945 34.04926
6.7449 16.08752 -0.43672 3.33387 34.90115
5.00156 15.60076 -0.78548 2.18347 34.33696
6.66969 15.40483 -0.37992 3.83497 34.05573
7.00673 15.54214 1.38351 4.37757 34.68191
8.43246 13.45464 1.63982 2.75806 36.32083
7.32551 14.55002 -0.46213 2.14063 37.37824
6.62222 14.63781 -1.51195 3.67877 38.38721
5.41927 15.51735 0.59285 3.19914 40.41958
6.4168 15.37472 1.1558 2.80427 43.57039
4.45966 15.78349 0.97121 4.59825 42.97406
3.95976 15.44246 0.14046 3.12951 45.16958
3.32821 14.32473 -0.68641 2.7221 45.63982
2.06346 13.80746 -0.98677 2.10088 45.07308
3.58282 13.53928 0.82013 0.40199 43.8808
3.81845 12.89828 0.79676 0.35286 45.54836
2.99402 14.77953 1.6265 0.25527 47.17226
3.16844 11.24894 1.57563 1.91523 47.90368
4.03797 13.06152 2.39588 0.26718 45.76801
4.04011 11.80581 0.39991 1.16148 44.58365
3.6158 11.19408 -0.18252 1.92725 45.03664
2.09152 13.63055 0.87032 0.60681 43.51262
0.18265 13.19247 1.23371 -0.21322 41.22243
-1.01469 12.73665 0.03789 0.16931 41.46286
-1.51421 10.81401 -1.59193 -1.29534 41.4623
-2.20932 9.92111 1.08557 0.20052 38.50345
-3.95159 9.13846 0.49998 -0.04905 39.69808
-4.17621 8.54906 -0.77171 -2.18964 39.50422
-4.41028 6.88135 0.20337 -0.88265 40.22639
-4.6979 5.38878 1.54826 -2.25903 38.21813
-5.91878 4.41319 1.40021 -3.13943 38.51207
-5.91604 3.13795 2.00991 -3.18982 37.10739
-6.68451 1.38822 0.3861 -4.0075 34.13781
