11.07841 0.00364 -2.34858 3.77902 0.02853
10.22875 0.70596 -4.35513 3.26248 1.07177
10.72465 0.56524 -3.72494 2.67794 0.5636
10.58432 3.0152 -3.79202 3.17262 0.38489
11.48575 2.27766 -3.60928 3.66002 1.17442
11.27752 2.44486 -1.84843 4.69426 0.65314
11.40375 1.40676 -0.14274 3.4281 -1.89239
12.8811 -0.1512 2.51702 3.20193 -0.94167
13.40864 -0.28685 3.08675 3.78299 1.48664
11.9049 0.84706 5.07299 2.61285 -0.00645
11.25869 0.75249 4.54635 2.24856 0.03281
10.56964 2.36415 5.18099 2.30984 0.81721
10.28472 2.45112 4.56112 1.47253 0.39131
11.69167 3.13742 5.11874 3.11018 1.63061
11.56381 2.10199 5.80376 3.14819 -0.2842
11.0206 1.62018 7.48877 3.49239 -1.07235
10.59558 0.47555 8.26799 5.1311 0.91368
12.08697 2.03495 10.06514 3.28868 0.63036
10.69967 1.77319 10.15025 2.96175 -1.04291
10.9206 1.96403 10.26749 3.87916 0.06935
12.08037 0.74967 8.9517 3.15591 0.93972
12.2312 -0.37833 8.66636 2.71321 1.46946
11.71236 -1.31692 9.50428 1.24933 -0.14741
10.32714 -1.7885 10.14126 1.89845 0.58055
9.09096 -0.12278 10.55616 2.9499 1.82004
7.65588 0.29349 8.96092 0.58953 0.57709
7.26648 1.61398 7.52503 0.32308 0.26955
8.16703 1.26049 7.70564 0.76602 -0.44518
9.09536 1.38215 6.08462 0.37993 6e-05
11.32631 0.72484 4.4448 0.41192 0.47852
10.8415 -0.63337 3.71701 0.31421 1.74277
10.21975 0.44198 3.6896 0.57194 0.89659
10.02186 -0.34831 6.49163 0.1564 -0.44398
8.29078 -0.04624 6.45209 0.39556 -1.39217
7.54176 1.58938 7.153 0.43431 -1.01979
6.71427 0.54031 7.19171 -0.41832 -1.11474
7.63017 0.32842 6.18595 -0.70637 0.99595
7.62283 0.85837 4.65428 -1.88195 1.21967
7.40851 1.79127 3.65045 -1.08761 -0.01281
7.95575 2.1736 3.12424 -1.37611 0.03613
7.04458 2.58181 1.88874 -1.36502 -0.96543
6.68666 0.96687 1.45332 0.49525 1.03018
6.85222 2.24587 1.5355 -0.82971 0.79487
5.63095 1.10952 3.36333 0.68371 -1.47411
5.41809 3.1365 5.17093 -0.84572 -1.30142
4.8892 2.08994 4.76154 -3.17288 -0.12377
4.95965 2.43675 6.28983 -2.57527 0.14604
5.04216 2.00981 6.62911 -2.22021 0.05674
3.79991 1.58055 5.61903 -1.54193 -1.66668
2.01304 0.99139 6.63252 -0.66719 -0.31729
0.4265 1.24398 8.13511 0.10915 0.48691
-0.15021 0.99426 9.41655 0.34386 -1.24785
-0.09221 0.06284 9.3255 0.72657 -0.03745
-0.07002 -0.8427 8.6241 -0.81173 -0.44966
0.24603 -1.01765 8.50315 -1.15991 -1.39246
1.08609 -1.6077 11.01195 -0.81451 1.26157
-0.19773 -0.8022 8.44882 -0.6238 -0.51139
-0.83346 -0.33685 7.97302 -0.97172 1.529
-2.07771 -1.14281 6.7988 -2.36873 0.39002
-3.52911 -2.02616 4.28362 -4.57344 0.56508
-3.456 0.14028 4.9498 -4.59797 0.13603
-4.19315 0.8293 5.48079 -2.26749 0.58995
-4.17745 0.83214 6.54195 -1.53299 1.39021
-5.14328 1.43651 4.09251 -1.85375 -1.20825
-4.94113 1.33011 3.48264 -0.94477 -1.19685
-3.90997 1.7127 3.55985 -0.97308 2.48466
-2.81785 1.35855 5.46906 -0.28066 0.33883
-2.60364 0.10777 5.81238 -0.91559 0.18415
-3.61441 1.8072 4.54262 -1.47516 -1.09952
-5.77453 1.94012 4.11871 -0.1897 0.88154
-2.34053 1.76811 4.98875 -1.26708 2.40429
-1.60429 2.08858 3.48689 -2.32742 0.89415
-2.52661 2.13029 3.24985 -2.95345 1.13143
-1.75525 2.70028 3.27549 -3.26917 -0.83952
-1.28425 1.39331 3.49366 -4.21996 0.43653
0.30357 1.24081 4.29115 -5.48641 0.3276
1.52434 1.29956 4.76365 -4.13923 1.0251
0.42692 -0.50405 5.41782 -5.40037 0.29243
-0.60758 -1.16945 6.73589 -4.63223 0.44647
0.88617 -0.11418 6.21597 -3.32375 0.50764
-0.75918 2.14046 5.3195 -5.30526 -1.4607
-2.7774 0.70974 6.70307 -5.47226 -0.71847
-1.75757 1.00345 4.83621 -6.90023 -0.6956
-1.10788 0.00581 4.08209 -6.39454 -0.24645
-3.13429 0.69405 6.27969 -5.31115 0.60266
-3.54395 1.14158 4.6711 -5.10798 -1.08801
-6.25716 2.29543 3.705 -5.84875 -0.22543
-6.51661 1.28513 2.81026 -5.14349 -0.24095
-7.33055 1.61585 4.54787 -6.61046 0.41327
-7.55658 1.97266 4.89781 -6.57316 0.66531
-8.5829 2.41444 5.58445 -5.04774 0.0854
-9.69383 2.29853 5.49088 -3.08825 0.63663
-8.81536 2.38163 4.44988 -2.71328 -2.01824
-9.01989 2.30824 4.90546 -3.20606 1.63034
-7.93995 2.43419 6.78998 -3.77188 1.72135
-5.80469 3.61988 6.95126 -2.74069 -0.79234
-5.44119 1.75954 8.46515 -3.54477 -0.01297
-5.19892 0.64792 7.24922 -2.48089 0.04523
-4.42586 -0.85922 7.81061 -3.49249 -0.38778
-5.62936 -0.70898 7.87031 -2.29504 0.54151
-6.02322 -1.00898 8.0937 -1.80269 -0.97387
-4.0676 -0.69368 8.76726 -4.36982 0.6404
-6.84076 -0.61937 8.69354 -2.07269 -0.26059
-5.22207 -0.81946 8.48426 -2.87131 -1.2122
-4.85233 -2.67026 9.7061 -3.00499 -0.37935
-5.16206 -2.63979 8.64417 -1.91555 -0.67812
-6.0476 -1.74013 9.48594 -3.01076 0.90078
-6.82609 -1.29787 9.89278 -3.81551 -1.6099
-8.68079 -1.04252 8.81037 -3.63391 0.41218
-7.58121 -1.58031 6.89523 -2.72918 0.57514
-7.37508 0.17191 6.90125 -3.43842 1.03653
-7.74245 0.00993 7.27919 -2.82053 -0.83617
-7.33212 -0.21172 4.53226 -2.1815 0.47993
-7.49068 0.26109 3.16551 -1.37505 -0.03409
-7.30414 0.06817 2.94633 -1.92414 1.39634
-7.96598 0.73343 1.76924 -1.72583 -1.435
-10.02642 0.28879 1.44179 -0.92878 0.19971
-7.87373 1.16455 1.92543 -2.65566 1.16004
-7.95798 0.18176 -0.18856 -1.16641 -1.10804
-6.74051 -1.53428 0.7073 -0.98652 1.19966
-5.99745 -2.55794 -0.41187 -0.82103 1.34382
-4.62144 -3.24323 0.28334 -1.17086 -0.09247
-5.60559 -2.20543 0.60116 -1.88067 1.12348
-6.14484 -0.26714 0.62273 -2.07971 -0.15985
-7.36644 -0.32124 0.94142 -1.60187 0.39648
-6.15605 -0.85695 0.35585 -3.10758 -2.01213
-6.94057 -0.16776 0.06305 -2.35384 -0.9561
-6.13798 -2.0248 -0.46083 -2.21416 -0.83034
-4.69343 -1.86488 -0.7513 -0.7442 -0.74872
-7.62206 -1.24778 -0.85973 -0.91213 1.25717
-9.05349 -1.91461 -1.23175 0.25481 0.9908
-7.08595 -1.04374 -2.6622 1.95104 0.22919
-7.28909 -1.07168 -4.44717 1.60329 -0.15495
-7.50899 0.03182 -4.89199 1.4038 -1.98157
-6.86183 1.14666 -4.22542 2.07935 -0.4167
-6.11667 1.21597 -5.12592 2.38907 -0.20712
-4.26386 1.09247 -5.27186 0.72207 0.51351
-2.84065 0.98831 -5.74013 0.86769 -2.36728
-3.38513 -0.14885 -6.72563 1.45322 1.18419
-2.9486 -0.66961 -5.69573 2.16207 0.68485
-3.58598 -0.37325 -5.48266 2.50268 -0.12852
-3.79485 -1.62868 -3.49047 2.94564 0.70383
-4.72983 -1.11269 -5.04164 1.79916 0.67743
-3.91191 -1.33412 -6.50373 1.97673 0.88368
-3.9455 0.10775 -6.07779 1.32622 -0.41235
-3.70826 -1.04046 -5.5349 1.44662 -1.85544
-3.09964 0.23236 -5.13243 1.15975 -0.55854
-2.61888 -0.98238 -6.16666 0.70892 1.03893
-0.36729 -0.12268 -5.26346 1.27493 -1.71929
-0.38961 0.19345 -3.7965 1.72507 0.59299
-0.24544 0.0156 -4.73619 2.61552 -1.109
-0.42109 -1.30092 -5.14029 2.56513 0.55071
1.05704 0.17435 -4.73971 4.29187 -0.43053
-0.54634 1.1157 -3.66239 4.71658 1.72628
1.75285 1.08124 -3.75402 3.92006 0.4691
2.0189 0.8788 -3.77349 4.8368 3.2551
2.66524 -0.03911 -3.9917 4.53058 -0.11233
2.42309 -1.08568 -2.08575 3.50981 0.40385
4.07239 -0.45639 -2.0099 3.18534 0.72384
5.97101 -1.26222 -3.00248 3.68418 1.23629
6.31807 -2.06515 -1.11853 2.91601 -0.70811
6.74205 -1.90715 -0.72559 2.63349 0.55139
6.43104 -0.25261 1.17966 0.81096 -0.02586
6.74825 -0.25075 2.35817 0.60947 0.86327
7.27186 0.45275 3.81454 -0.28324 -0.57305
5.40539 0.73395 3.12433 0.14251 0.25068
5.09424 -0.74591 4.11376 -0.80293 -0.76709
6.96007 -1.3013 4.14696 0.97658 -0.80721
6.06163 -0.64705 2.88325 1.53939 -0.21499
5.81083 -0.70921 2.17809 4.02151 0.33385
4.55509 -0.24976 1.90389 4.11053 -0.76484
4.40053 0.991 1.92734 2.4226 -0.305
4.19319 2.20779 1.28061 3.41371 -0.50222
7.61277 1.38818 -0.07133 3.12421 -0.79826
10.04849 1.44827 1.35406 2.75441 0.18893
10.73711 3.1847 0.65824 1.48978 1.51687
11.53384 2.86845 -0.26523 1.08475 1.04617
11.56046 2.98191 -0.22343 1.0285 1.40393
11.22244 3.3007 -0.6699 0.95548 -0.52689
11.60134 2.58426 1.47034 0.89835 -0.726
13.29541 2.2949 3.67503 0.85473 0.03582
14.0598 3.42115 2.8026 0.16824 -1.45641
13.27889 1.42331 2.69602 1.6503 1.64261
13.50852 1.36958 3.82663 0.80896 0.4858
11.18064 2.98878 3.8232 1.64201 1.11045
10.88948 2.48914 4.7829 2.34738 0.84928
12.89741 1.42024 3.97055 1.53453 2.17789
13.11235 0.52558 5.0659 2.37719 -0.56493
12.28162 -0.07293 7.20258 1.4432 -0.45331
13.3813 0.53228 6.59055 -0.17671 1.27332
12.44327 1.56341 8.36446 0.26145 0.57785
11.71502 1.94488 10.10716 1.00262 2.39021
11.50055 0.23224 7.21348 1.2245 0.87323
10.71934 -0.17649 7.76196 1.31208 -1.16557
9.98389 0.55708 8.2618 1.20193 -0.76639
9.40094 1.90467 10.22906 2.1694 0.57116
8.89194 0.6274 12.73562 1.60653 2.11431
9.72965 -0.55558 12.12435 0.67053 1.21864
8.49868 -0.70662 10.26044 0.84452 0.9217
8.43905 -1.16719 9.2062 1.55947 0.56305
7.70751 -1.75902 9.52303 1.78028 -0.12697
7.42573 0.58983 9.41347 2.04666 -0.03019
6.10646 0.81 9.1697 1.87192 -0.67102
4.6502 -1.13807 8.94126 0.32102 0.36088
5.07391 -1.21509 8.89998 0.44292 2.64187
5.1191 -0.56447 7.19968 -0.64052 -0.67953
3.14038 1.18447 6.68604 -1.03908 -0.95015
3.34067 0.81627 6.35611 -0.52051 -0.78478
2.52763 0.31151 5.38236 -2.27412 -1.56898
3.38538 3.04205 3.98307 -2.8119 1.4757
0.50111 2.09553 3.44694 -3.16134 -0.45743
0.94836 2.19222 2.52456 -4.52037 0.28831
0.77311 0.51732 3.31428 -5.44579 -1.05394
0.36256 -0.44553 2.61379 -4.32924 1.69278
1.10165 0.82672 2.8948 -2.82104 -1.23832
-1.04748 1.56039 2.83518 -1.87982 0.62493
-2.78864 0.49273 2.22854 -3.12059 -1.24977
-5.12244 0.33489 1.15226 -3.36549 -0.30767
-6.79658 -1.04676 4.1273 -2.8851 1.1401
-6.18674 -0.59853 4.35714 -3.01036 0.00195
-6.61715 -1.14305 1.98483 -1.82732 0.7252
-6.90709 -2.01361 1.66078 -2.98806 1.22072
-6.61241 -2.02016 2.60228 -2.21151 0.18909
-5.7573 -1.27666 2.5551 -3.73215 0.56692
-5.48226 1.47082 2.57002 -3.93968 0.61851
-6.62226 0.23316 2.70139 -4.21233 0.12934
-5.23573 0.78873 3.1583 -1.91744 0.92923
-6.24804 0.23932 2.83179 -2.41069 -0.57066
-5.46742 0.12775 4.47335 -3.16401 -0.63476
-5.28998 -1.01516 3.69393 -2.31696 -0.55369
-5.8719 -1.38253 2.89405 -3.30639 -0.40906
-5.33823 0.00108 3.366 -3.7638 -1.05285
-7.02473 0.7857 3.00978 -2.628 -0.63535
-6.59791 -0.17588 2.8287 -3.07026 0.11519
-7.07733 -0.81236 3.4735 -4.89026 1.15692
-7.96859 -1.51461 3.83811 -4.40948 -2.40162
-6.81878 -1.09546 2.33243 -2.27771 -1.24836
-9.78384 -0.06898 3.66269 -2.76942 -0.87258
-9.75659 -0.79574 4.1747 -2.81572 1.93232
-8.79575 -1.13193 2.24749 -4.28474 -0.24443
-8.73691 0.66332 1.86337 -5.09923 -0.0429
-8.77976 -0.19828 2.51612 -5.15079 -0.05707
-7.89518 0.67296 3.2743 -3.11924 0.36424
-7.65684 0.86368 4.3368 -3.84394 -0.42944
-7.84985 -0.35593 3.13366 -3.72904 0.66211
-9.74571 -2.25149 2.84593 -3.68014 0.09111
-10.76962 0.1926 1.48745 -4.86437 -0.37679
-11.30092 -0.88677 2.84066 -3.73332 -1.81158
-10.3096 -0.26184 2.72661 -2.87557 -0.89413
-8.8076 -0.43856 3.79058 -4.01822 0.3152
-8.89388 0.75634 3.80686 -1.39153 -0.70842
-10.27061 0.5247 3.50398 1.38238 0.81914
-9.41251 0.00213 1.78892 1.38218 -1.03748
-11.31388 -0.00102 1.57375 4.8195 0.16888
-9.96208 1.07009 3.10715 5.24421 -0.87543
-9.61786 0.25248 3.87988 4.21722 0.6511
-7.33063 0.00365 3.63633 3.32997 0.8761
-5.79986 -0.59034 3.2365 4.70892 -1.4608
-2.0357 0.42738 3.97245 4.42641 0.65895
-1.47748 -1.10583 2.28386 4.51917 -0.72286
0.24752 -0.99669 2.19443 3.46456 -1.12679
1.09175 -0.66309 2.67729 3.64155 -1.68772
0.84197 0.66222 1.95289 4.60115 -0.39827
0.80721 0.73106 2.23085 4.9761 0.47524
1.62307 1.53463 -0.34229 4.39408 -1.42894
3.20283 1.59895 0.11825 4.01459 0.86266
5.10857 0.06312 -0.14017 5.2164 -0.76849
6.83723 -0.28486 -1.02571 4.75641 -0.7264
6.94366 0.34893 1.93065 5.33891 0.64203
8.16552 -0.42784 1.60285 4.73131 -0.44277
7.03869 -0.64354 2.32387 5.1786 -0.27875
7.40534 -0.9967 0.00971 4.26517 0.89547
6.84628 -0.5816 0.26482 2.69387 -2.23698
5.58301 -2.01321 -0.34581 3.23999 0.90966
5.23546 -1.92222 -0.14717 2.79048 -0.15592
4.77607 -2.40535 0.59521 1.87774 0.19411
5.49163 -0.95448 0.25936 1.987 -1.80473
4.98927 -1.00945 -0.24355 0.00025 -0.44904
4.44834 -0.03096 0.05606 -0.60175 -0.16509
3.32318 -0.31283 -1.75565 -1.33176 -0.74625
4.58527 -0.22989 -2.00352 -2.15917 0.91489
3.14135 -1.14421 -3.11113 -1.47813 -1.42725
2.74123 1.66546 -4.13461 -0.07196 0.28384
0.78117 0.36081 -4.52243 -0.16888 0.27804
-1.3144 2.54313 -4.41055 1.09959 -0.50005
-1.30002 2.94663 -4.62176 1.57815 -0.14771
-0.78958 3.32666 -4.94795 3.06797 -0.2608
0.1624 2.49325 -4.84997 2.28506 -0.05074
0.83301 2.67016 -3.08135 0.44484 -0.7716
1.85664 3.98966 -0.95786 -0.11101 -0.17348
3.75417 4.63172 -0.27557 -0.93885 0.41521
5.65151 3.51997 1.46969 -0.48351 1.21946
5.4861 2.76007 0.99427 0.40653 -0.5303
4.4731 2.37543 1.39298 -1.38574 0.08705
2.80483 1.42376 2.93318 -1.82883 -2.70135
3.81304 0.98589 3.78553 -1.20882 -0.03518
4.70522 1.24587 2.88544 -1.29305 -1.49459
5.08154 -0.63966 2.17119 -1.7216 0.65731
2.96176 0.09952 0.71965 -0.54503 -2.42823
0.16856 -1.53887 1.17461 -0.89709 0.7533
