1.67056 -0.74872 -0.69116 -4.01078 -0.34958
1.56958 -2.31142 -0.46579 -4.9072 1.20655
2.14356 -2.77393 0.66056 -3.31862 -0.6068
1.42709 -3.26136 1.92411 -3.11935 -0.27831
-1.01015 -2.92552 0.23681 -3.80807 -2.4354
-0.12289 -2.53276 -0.46792 -3.26835 -1.61185
-0.83593 -2.43932 -1.02206 -5.03015 -1.939
-0.4916 -3.49416 -1.68881 -3.86604 -2.0076
0.99686 -1.40933 -1.59571 -4.24188 0.39079
1.02862 0.60008 -2.7553 -5.23819 -2.40604
1.43497 0.44559 -1.1168 -6.06273 0.22828
0.71039 1.53899 -0.30753 -5.80086 1.29356
0.25092 0.81123 0.06121 -5.87394 1.79809
0.00788 0.52482 -0.5674 -5.71382 0.72026
0.2032 1.31052 0.8369 -3.9397 1.04746
-1.10462 1.55628 0.62238 -4.48943 0.31568
-0.26775 0.80606 0.01155 -4.06798 0.91622
0.47411 0.41874 1.04369 -4.53022 -0.32193
0.89708 -1.34575 -0.76867 -2.68046 -1.11411
0.79674 -1.24485 0.04307 -1.92343 0.10902
-0.0524 -1.49115 1.48921 -0.79719 1.49858
1.43187 0.02672 -0.71834 -1.19198 1.31156
1.35832 0.24483 0.00874 -1.08553 -0.00087
1.15068 -0.28524 -2.00114 -0.05806 -1.1395
0.58777 0.25824 -0.61938 -0.82317 1.69718
1.14282 -0.34082 0.80551 0.1265 -0.38897
-1.82421 -1.2197 -0.11674 -0.37528 1.02993
-1.84109 -3.67633 1.57909 0.75673 -0.3569
-2.39682 -3.68242 1.01051 1.14562 0.24249
-2.79584 -2.40308 -0.12636 1.47443 -2.74012
-2.02034 -2.84201 -0.82858 -0.24393 -0.20464
-0.57646 -0.88129 0.58422 -0.1508 -2.29647
0.83107 -1.2001 -0.4872 0.4159 -0.89257
2.23387 -2.38978 -1.81165 -0.21839 -0.39222
2.20626 -1.92611 -1.28129 -0.09679 -0.85818
2.46277 -1.81238 -1.76006 1.39029 1.45186
2.32243 -1.4279 0.07356 1.71485 -1.15041
1.59955 0.31537 1.31587 0.61331 1.05405
-1.0001 0.64329 0.8873 1.68312 -0.07208
0.47247 -0.08458 1.44531 -0.17863 -1.08921
-1.57347 0.65166 -1.79484 -1.38356 2.06971
-1.29382 1.52284 0.20648 -0.32003 -0.06072
-2.31481 1.25533 -0.58576 0.19721 -0.74882
0.0196 0.04588 0.54979 1.73929 -0.29528
0.00288 1.05606 -2.29995 2.16385 1.18326
-0.56962 -0.02612 -0.30022 2.04066 -1.51133
0.60114 1.54534 -0.76581 1.915 -0.62857
1.42746 2.47978 -1.19031 2.93748 -0.466
-0.13183 1.2938 -0.23248 2.22148 0.1278
0.11389 0.81406 0.39641 1.27607 -0.02017
-0.04983 0.68944 -0.50689 0.55218 1.00571
-0.28163 1.24331 -0.61709 -1.15425 1.15101
0.04335 0.58339 -1.9355 -2.13065 0.30351
0.7369 -0.57172 0.64196 -2.88403 0.9478
0.41958 -0.05646 -2.46347 -1.90808 -2.03844
0.29841 -2.04743 -1.4799 -2.6993 -0.19084
0.03035 -0.47092 0.45239 -3.13629 1.1794
-0.86331 -0.03123 1.0997 -3.30112 0.04607
-1.28855 -2.51551 0.18713 -3.31204 -0.0443
-1.35064 -2.70163 -0.28858 -3.8999 -0.01702
-0.77901 -2.51516 1.40957 -2.33281 -1.60799
-0.54705 -0.96764 2.15897 -2.83643 -1.4803
-0.296 -0.73064 1.12923 -4.43817 -0.9242
-1.45047 0.35077 0.54073 -5.23643 0.52902
-2.09248 0.93745 -0.81247 -6.16376 0.9393
0.50455 -0.56316 0.57645 -4.84035 1.16856
2.50999 -0.23624 0.23883 -2.46266 -1.07213
2.4349 1.62486 1.47046 -1.78504 0.05998
3.2126 0.81768 -0.52263 -0.13318 0.45374
1.91773 0.88144 0.61688 -1.63706 1.1198
3.28626 0.94959 0.57619 -1.8087 1.78303
2.46047 0.74376 -1.0548 -1.03778 3.13515
1.32551 0.82239 -0.32191 -0.37566 1.54685
2.87413 1.50318 0.22008 -0.6364 1.98166
3.11939 1.07935 -1.59448 0.01993 -0.03337
4.27286 2.1946 -1.02663 -1.46461 1.3612
4.72046 1.13791 -1.01273 -0.22487 1.40014
3.89555 1.02196 -0.87251 -2.15861 0.58972
3.33389 0.29818 2.51815 -1.82752 0.47312
2.85541 -0.27839 1.4502 -0.95425 0.64064
2.20044 0.90119 1.58579 -1.0079 2.26265
0.81123 0.9253 -0.39847 -0.66554 1.38353
-0.92487 2.32933 -2.14397 0.44017 0.67835
0.12965 0.15606 -0.81622 0.41719 0.0456
0.95194 -1.20066 1.05608 -0.53311 0.74775
1.07986 0.04489 0.12612 -0.8008 0.73077
2.20624 1.74011 -1.83752 -0.65575 -1.19597
0.71442 0.82266 -0.69081 1.31777 -0.3138
-0.74186 2.93353 -0.02983 0.71683 1.88876
1.54985 1.90639 -0.51258 0.31271 2.34491
0.99066 1.67214 -2.03553 -0.68454 0.11218
-1.14001 1.48464 -2.18083 -0.16827 1.48108
0.40083 1.26537 -3.04556 0.61628 2.76971
-0.98085 0.85696 -2.43154 3.28972 -0.72305
-2.31451 1.46565 -2.14757 2.79447 0.61052
-1.82244 0.11586 -1.18736 2.52528 0.69032
-1.62239 0.62844 0.92067 1.38601 0.43464
-0.89479 0.79283 -0.56722 0.45057 0.99147
-1.87835 2.04473 0.73382 0.1972 0.94467
-3.78046 1.98659 -0.72006 -0.35393 -0.91757
-2.80692 1.16767 -0.42581 1.17981 0.16489
-1.85928 -0.0736 0.20525 2.4618 -2.06504
-2.38528 1.73183 0.82717 1.7543 0.33565
-2.50643 0.79649 -0.50103 2.34417 0.15261
-1.60425 0.92852 0.22774 2.29457 1.25135
-2.46276 0.35648 0.8078 3.28544 0.41829
-2.67969 -0.18355 0.70715 4.08785 0.10451
-2.80616 -1.72512 -1.0933 4.11094 0.48506
-1.94333 -1.42117 -0.74139 2.81461 -1.83286
-0.81663 -2.41283 -0.58038 2.65404 0.649
-1.38846 -3.94016 -0.11375 2.86801 -0.37737
-0.19041 -2.36142 -1.12409 3.79068 -1.79392
-0.35875 -2.26327 -1.52782 0.48112 -0.07444
-0.06615 -1.82577 -0.41469 -1.08411 0.28354
0.11541 -2.08573 -0.76242 -0.61607 0.52848
0.49629 -3.48516 -0.10919 -0.12549 -1.51769
-0.60151 -4.24123 -0.08442 -0.42751 -1.26054
-1.81303 -3.54548 -0.39936 -1.67927 0.2654
-2.39325 -3.16352 -0.83955 -4.08157 1.1935
-2.7448 -2.60618 -0.95092 -3.69686 -0.65049
-2.10376 -2.54705 -0.70682 -5.71212 -0.57026
-1.3293 -4.9722 1.52075 -5.17532 -3.40588
-1.70596 -5.80747 1.86726 -5.33971 -2.16087
-1.96829 -6.3002 0.84753 -7.41241 -1.58615
-2.17623 -6.18676 0.47699 -7.35584 -3.11948
-2.40326 -4.97313 1.78064 -8.78615 -1.87214
0.34807 -5.38663 0.20186 -8.54008 -0.42253
0.24902 -3.66654 1.11377 -9.15891 0.25182
1.42643 -2.48023 0.95156 -9.74969 -1.73068
1.7627 -2.87569 0.79554 -8.32578 -0.96598
1.74368 -2.48489 0.99154 -8.79699 -0.61868
2.93179 -3.1311 0.17832 -9.63976 -0.1901
2.67205 -4.59332 1.01736 -9.84484 0.13455
3.56145 -4.37875 1.23133 -9.2516 -0.81436
3.05027 -4.00369 -1.29971 -7.18972 -0.60967
2.99831 -2.75377 -1.66245 -8.16311 0.13874
0.57122 -0.35191 -0.27386 -9.11485 0.00562
0.96572 0.30152 1.45221 -9.39948 0.77905
-0.03622 -0.17668 0.5346 -10.27024 1.67633
-0.89416 -0.70521 3.22986 -10.41141 -0.62662
-1.31319 -0.42718 1.1728 -9.13956 -0.41925
-2.2926 -0.11715 -0.56309 -9.73808 -1.3929
-1.47393 0.3536 0.50427 -9.36145 0.92826
-0.25311 -0.2437 0.78306 -7.62459 -0.96947
2.35103 -1.77843 -0.31438 -6.95025 -1.7738
4.84251 0.50392 -1.43009 -6.51456 -0.34476
4.18899 1.05521 -2.13201 -6.81851 -2.17829
3.63065 1.1112 -0.33106 -6.05971 -0.51456
2.71067 1.33337 1.67874 -4.24734 0.47787
2.65921 1.62275 -1.81222 -3.11835 0.33022
2.15864 1.99218 -1.20754 -2.83398 1.37953
1.11104 4.19783 0.10012 -2.64756 1.25835
1.15963 4.58483 -0.82748 -1.45452 0.85851
2.4142 5.76404 -1.18073 -0.92955 2.74928
0.1621 4.42903 -0.21313 1.1153 1.2752
-0.63315 2.7981 -1.99926 2.6897 3.25517
-0.91204 1.60638 0.12633 4.20649 2.52335
-0.5992 -0.49263 0.42251 4.66946 1.55205
-0.84934 -0.70413 -0.03554 5.21433 0.88825
-1.01611 -1.72823 -1.47229 3.58149 0.78166
-0.63418 -0.69048 -1.32064 2.15166 -0.71486
-0.09337 0.1704 -0.94084 2.68064 0.29622
0.88483 0.16406 -1.43956 3.00733 -1.61716
2.05837 0.36956 -0.71699 2.08348 -2.30776
1.30939 0.32457 0.14925 2.71356 2.39381
1.61842 -1.01413 1.46323 4.00479 1.2537
1.26062 -1.73409 -0.12842 3.54616 -0.93615
0.51376 -2.72078 -1.6711 3.4004 -1.97777
0.33162 -2.49236 -0.72619 3.23466 -1.48869
1.13251 -0.42676 0.13889 1.73131 0.55684
2.1544 -0.50842 0.65973 -1.44235 0.35819
-1.15961 0.49796 0.7795 -2.59872 1.97048
-2.19014 2.59941 0.85346 -3.39868 -1.40202
-2.34428 2.98951 -0.61974 -4.97001 -0.81136
-1.47707 3.34354 -2.2609 -3.80223 0.6501
-1.18872 4.33833 -0.783 -2.49101 0.35973
-0.53267 4.06394 -1.24436 -0.21756 0.54364
-0.4476 3.78768 -0.56636 -1.02139 1.08852
0.55382 2.53412 -1.02198 0.35933 0.41309
-0.46829 1.2905 -1.20356 0.85258 0.04825
-1.2656 1.93742 -2.14542 1.25938 0.19401
-1.47265 1.69197 -0.81961 2.30224 0.09436
-0.51314 -0.25111 0.43593 0.73437 0.43043
0.615 -1.12519 -0.13889 1.70296 -1.1794
-0.43399 -1.51022 -2.75486 0.79991 0.6761
-2.06763 -1.70706 -3.08385 1.0134 -0.22625
-2.3526 -0.49636 -2.02886 -0.33209 -1.6006
-1.73394 -0.88783 -1.05613 0.1081 -2.30413
-0.96739 -0.45092 -0.75046 -2.0776 -0.33021
-1.21513 0.30386 -2.61307 -2.67542 -0.31627
-0.64037 -1.18005 -0.56776 -3.26655 -1.33115
-0.25144 -0.50902 -0.15865 -4.15617 -2.73388
-2.10098 0.87344 -0.0918 -5.49901 -0.77736
-1.36804 2.34127 0.26593 -4.96833 -0.48607
-1.87383 3.72619 -0.77957 -5.30639 0.41604
0.48941 3.58765 -1.44519 -5.7021 -0.34079
0.99892 2.8828 0.23571 -5.03917 0.2232
0.844 4.37243 0.50713 -5.20546 -0.17196
0.9981 3.91883 -0.17029 -3.65348 2.26369
0.49385 4.9382 0.62434 -3.79859 -0.40093
-0.90726 4.57143 0.18803 -2.72595 -0.16605
-1.29879 4.05121 -0.83533 -1.3303 1.32645
0.13855 3.64509 -2.07821 -1.00753 3.14875
1.36328 3.93689 1.51559 1.0662 0.43215
1.48744 3.87663 0.26897 2.89779 1.0514
1.73245 4.90388 -1.40448 3.24281 0.52807
2.04496 4.45797 0.62432 3.90265 0.18622
1.07936 4.36103 -0.64732 5.46297 -0.69803
0.91368 5.60751 0.04476 6.0915 2.33978
0.37237 3.0343 -0.06243 6.81077 1.71193
-0.98862 3.41324 2.2343 6.54098 1.24188
-1.28596 2.05101 0.29676 7.75054 1.70678
0.32107 1.28276 0.33889 7.37142 2.43413
-0.42631 -0.07737 1.08553 7.45053 -0.19432
-0.49186 2.15711 0.96093 8.43114 -0.81591
0.12603 2.04401 -0.07753 8.33448 -1.83269
0.75823 2.04098 1.51372 7.56984 0.38257
1.54724 2.58021 1.17222 7.72846 -0.87668
1.87923 1.80187 -1.08537 8.20031 1.22463
1.19291 2.37482 1.15134 6.3823 1.69534
0.26891 1.49175 0.76058 6.06118 3.24201
0.95133 -0.35167 0.53441 8.38933 1.52627
0.78758 -1.36068 1.68698 9.21993 2.41501
0.76343 -2.37465 1.64379 7.79252 -0.57968
-0.22248 -2.76441 0.67143 7.90268 -0.61888
0.46553 -2.92313 -0.0628 5.90263 0.06301
0.85308 -3.2238 -0.59455 6.68038 -0.44209
1.59256 -2.32154 -0.62545 6.89758 -2.66315
2.78651 -2.38683 0.49715 6.91557 -0.91434
2.32714 -1.98102 -2.9508 5.7029 -1.55942
1.94118 -1.36901 -0.56406 5.6245 -0.01912
1.29981 -0.65064 -1.9135 3.45587 -1.50824
1.21366 -0.52979 -0.07206 3.51245 -0.40988
-0.67887 -1.94234 0.97635 1.22489 -0.96226
-0.57274 -2.32679 -0.54864 0.72999 -0.17194
-0.8714 -1.72042 -1.92907 0.68716 -0.35592
-0.87033 -1.74583 -1.25159 -0.34911 0.27809
-1.94126 -2.0329 -0.69857 -1.17601 0.58244
-1.04618 -1.52822 -0.57074 -3.13829 0.06962
-1.83201 -0.78011 -2.39719 -2.1655 -0.28186
-3.19086 0.64091 -1.26826 -4.46694 -0.50693
-2.38184 0.38581 -1.68732 -4.81117 0.57498
-2.27877 0.87973 -0.68336 -4.50872 0.92199
-1.55604 0.89218 -1.16857 -4.62593 0.12275
-2.81614 2.00851 -1.03095 -5.5738 -0.58141
-2.73378 1.14597 0.7764 -4.61032 0.04691
-1.69205 0.07569 -0.82099 -4.62336 0.30801
-2.37244 -0.89673 -1.36882 -3.95267 0.52069
-3.98167 -1.41116 -0.01275 -3.83562 -1.16809
-3.84864 -3.58683 -0.85318 -2.5845 -1.80662
-3.77815 -2.78084 -1.95942 -3.03375 -2.3205
-3.95322 -2.60539 -1.17855 -3.80695 -0.19805
-4.04305 -2.84409 -2.16885 -5.99502 -1.48962
-2.99083 -4.73275 -1.33136 -5.85985 -2.06901
-1.47627 -3.38856 -0.19314 -5.33316 -1.59728
-1.81565 -2.22268 -0.66715 -5.2754 -2.86113
-3.65252 -1.24558 0.69345 -7.56601 -0.81888
-2.35617 0.91263 1.15058 -7.74448 -1.56687
-1.64173 1.38869 0.84755 -7.87849 -0.44797
-2.3797 0.00995 0.38387 -6.8776 -0.20218
-1.77272 0.91942 0.06324 -6.75063 1.21215
-1.66634 -0.05533 1.2204 -5.4426 0.41074
-1.46026 -1.78442 0.75283 -4.02168 0.02105
-0.67927 -0.32928 0.41173 -4.06283 -1.46478
-0.42412 -1.13257 0.63857 -3.72749 -2.29352
-1.88702 -0.82177 -0.8551 -2.76344 -0.54506
-0.53265 -0.26502 -0.79101 -3.03259 -1.4016
-0.49449 -0.82114 -0.17899 -3.67798 0.68437
-1.57369 0.56707 0.06164 -1.78589 0.64173
0.49371 0.14062 1.14681 -2.32776 -0.61107
-1.19441 -1.1949 0.45984 -3.68621 0.44396
-0.33748 0.10681 0.46028 -4.10421 0.81851
-0.12095 0.84888 -0.55659 -4.7505 -2.0327
1.67686 1.50105 -1.23044 -3.79323 1.47441
1.61084 2.01045 -2.68824 -5.02605 0.0384
0.92964 2.22654 0.01682 -5.30009 -0.45711
0.82492 3.33978 0.63076 -3.43072 0.25089
0.1191 3.56244 1.10511 -5.55843 1.24514
-0.00666 2.44899 1.34299 -5.31643 1.03935
-0.9729 4.39609 0.7545 -4.95533 -0.21809
-1.16451 5.34817 1.85564 -4.51326 1.8116
0.20123 3.39791 -0.60683 -2.39275 0.69992
-0.5161 2.9158 -1.55966 -3.22842 1.84611
-0.22909 3.75398 -1.59258 -0.34153 -0.27694
-0.28877 2.11484 -1.43217 0.80531 -0.94063
-0.72451 2.15208 -2.03792 0.49691 0.20844
-0.01252 3.00186 -1.4162 -0.14181 0.50093
-0.14662 0.93949 -0.51306 1.50572 1.40052
-1.41202 1.55745 0.67195 1.29102 -0.79291
-2.00827 2.35827 0.34866 0.68492 -1.15406
-3.755 2.30269 1.17848 1.50669 -1.11607
-0.89972 1.49469 -1.16448 0.01779 -1.66531
-2.63195 1.40285 -0.7468 0.91469 0.60788
-2.28425 2.77559 -0.79308 1.44733 -0.36486
-1.16493 3.10354 2.20094 0.95471 -0.04694
0.15824 1.31906 1.75731 1.05419 -1.00865
-1.16773 1.05928 2.10802 1.87929 1.48574
-0.51963 1.38229 1.98353 0.4258 1.21778
-0.27868 2.80097 1.57832 -0.8708 -0.36291
0.36511 2.65982 2.92748 0.59362 0.48169
