1.34389 -0.68324 -0.03781 -0.61029 -11.83539
0.82811 0.28265 0.61497 -0.64795 -12.00802
0.59956 -1.22177 1.25937 -1.09006 -11.6978
1.86071 0.26141 -0.85756 0.056 -11.40491
-0.05156 0.06487 0.02387 0.28513 -9.66869
-0.55169 1.64555 0.01599 0.80027 -9.09622
-0.86609 0.18659 2.55035 0.82386 -8.02609
-1.78812 1.09587 0.13335 1.5875 -9.49131
-1.01478 -0.62167 -1.32986 -1.57556 -9.35045
0.13296 -1.89687 -0.50015 -1.16176 -9.51193
-0.09376 2.24824 -1.01084 -0.84012 -9.66444
-0.03131 0.84727 0.16419 1.74125 -10.10106
1.84343 0.27095 0.88179 -0.01919 -8.33828
1.01882 0.94677 1.29222 1.78211 -6.66977
0.23536 -1.57284 1.76031 1.39559 -5.98541
-0.6128 -0.05205 1.31405 -0.93208 -5.4915
0.10708 1.55641 0.27896 -1.24181 -4.27068
-0.25759 -0.76645 -0.706 -0.7017 -3.39687
-0.2037 -0.27497 0.88156 -1.12621 -5.02427
0.58008 2.46418 0.77476 -0.43751 -4.33018
-0.73806 -0.10603 -0.04421 0.37753 -5.69027
-0.27012 0.85855 1.44166 1.64927 -5.99738
-2.61638 -1.51386 -0.56851 1.5748 -5.25467
-0.79356 0.6465 -0.96825 1.5807 -6.79928
0.26962 -0.10267 -0.02237 1.54385 -8.3829
0.22361 0.2717 -0.03375 -1.33805 -6.62134
0.59057 0.40231 0.2552 -1.98227 -7.46278
1.65389 -1.83709 0.20165 -0.81233 -7.14423
-0.55784 0.14664 1.44366 -0.59426 -7.13262
-1.88909 1.99405 0.74654 -1.74353 -6.43166
-1.31201 -2.56843 0.60286 -2.37142 -6.00789
0.39703 0.74728 2.14546 -0.45955 -6.67636
1.30921 -0.7572 0.3452 -2.02066 -7.44603
-0.09091 0.93834 -0.18098 -1.00883 -5.97486
0.07327 1.91743 -1.20574 -1.20085 -6.01011
0.22171 -1.3664 -0.71349 -0.02753 -4.69953
-0.39172 -1.01903 -0.72727 -1.51755 -4.04066
-2.14205 0.28192 -1.74632 -0.9174 -5.50908
0.75662 0.32891 -0.8018 -0.38017 -6.75002
1.88888 -0.00613 -0.9915 1.03054 -6.78535
-1.12318 1.21189 1.65495 -0.37078 -3.89601
0.98828 -0.17412 2.6012 -0.00541 -4.41864
-0.66281 1.1307 1.04905 2.22901 -3.41716
0.8217 0.00895 0.74467 0.89923 -2.3841
0.59609 -0.14907 0.59433 3.09117 -1.75555
0.8366 0.37615 -0.20321 3.30748 -0.32352
-0.54054 -2.01352 1.86687 3.27796 1.08553
-1.44709 -0.97295 1.66312 2.5176 0.80504
-1.48758 -0.60256 -0.25235 3.60052 1.23746
-1.72078 1.42262 -0.34937 2.74693 1.3276
-0.97738 -0.42046 2.04894 1.15351 1.5887
-1.3911 -1.23029 0.04057 0.88659 2.95244
0.90897 -0.43288 -0.2319 0.07107 2.25601
-0.44531 -0.28287 -0.00277 0.21693 1.3449
-0.57404 0.22407 -1.47286 1.51199 1.79407
0.34504 0.17051 -1.76247 1.10146 3.05578
0.07458 0.38948 -1.77242 2.14982 4.71937
-0.17941 -1.1163 -1.79219 0.4278 4.71805
0.69096 1.44844 -2.49427 -1.68134 4.41233
1.54526 1.59244 -2.79182 -2.32113 3.8466
1.38655 -0.51137 -2.48139 -2.49325 3.95918
0.02717 0.12843 1.18986 -1.37352 5.33043
0.79262 1.8567 -0.47164 -2.746 5.85179
1.85758 -1.05875 -0.89754 -0.45677 4.26168
2.43246 2.49426 0.15414 1.2223 3.86372
0.06654 0.55787 1.35287 2.4693 6.50276
0.27469 0.51623 1.51636 1.53028 8.17889
-0.41966 0.25699 1.05253 0.91447 8.19809
0.31734 -1.34222 -1.12362 -0.70894 7.23155
0.21544 -0.1051 -3.59719 -1.50344 7.25822
-0.93717 1.31533 -1.03944 -3.86559 7.28061
-0.62461 2.70844 -0.69065 -4.84295 5.7271
1.10874 0.2513 0.16246 -2.69961 2.85575
0.44019 0.9464 0.53882 -2.8857 1.99414
0.26067 -0.16263 2.6519 -4.5608 1.20774
-0.34563 0.90645 1.42272 -2.07807 1.69588
0.53378 0.58571 -0.29232 -1.07319 1.4436
2.37187 0.87625 0.25189 -3.50066 0.2412
-1.04376 0.26903 0.12193 -1.64138 -0.41913
0.69229 0.99983 -1.40875 -0.86466 -1.02142
2.19351 -0.54454 0.05599 -0.02121 0.80117
0.7612 0.2337 -0.75039 -0.5378 3.60052
1.54474 -0.94595 -0.0609 -0.17895 3.69419
1.62701 1.35406 -0.40726 1.98059 3.54414
-0.11378 0.58057 1.51395 -0.51759 6.90171
0.00229 -0.56053 2.80718 0.76751 6.0177
-0.21071 -1.03143 2.1119 0.05086 7.0891
-0.45912 2.79844 -0.35152 -0.03401 6.24965
0.10717 0.05839 0.6645 -0.15987 5.09689
1.8282 -1.08224 1.34762 -1.9877 5.10516
-0.23531 0.15645 1.44017 -0.9636 4.00516
-0.07164 0.10004 -0.51425 0.25333 4.89566
-0.92684 -0.01152 -0.70247 1.35297 4.07974
-0.51727 -0.3986 -0.98227 1.693 3.97376
-0.28379 -0.75235 -0.25227 1.19118 4.42801
-0.53354 -0.64883 -0.27151 2.57323 2.69104
-1.53656 -1.16488 -0.98823 2.3224 3.10812
-0.34468 -0.48255 1.03757 0.78747 4.22688
-0.66756 -1.6397 -1.1626 -0.23115 4.8028
-2.11737 -1.01228 0.54564 -1.03348 4.02702
-1.21453 -1.33532 1.13647 -1.42346 2.26754
-0.90567 -1.46217 -0.44948 -1.47792 0.6224
-2.3828 -0.40672 -0.76512 -2.32151 -1.95526
-3.54655 0.51128 0.35445 -1.86007 -2.79738
-0.69132 -0.12349 0.61245 -2.45621 -4.39855
0.93232 -2.5549 0.27783 -1.0662 -5.36671
-1.59451 -0.46607 -1.68382 -1.37387 -3.90343
-2.04281 0.64117 0.72786 0.64254 -4.12427
1.9934 0.1692 -0.21452 -0.48386 -3.10139
-0.8908 0.67766 -0.83077 -0.22744 -3.89595
-0.79579 -0.06675 0.98552 -0.65591 -3.54177
0.33981 -1.65772 -0.49667 1.08238 -5.79952
-1.75119 -0.25251 1.03601 0.82709 -5.60626
-1.59967 1.82126 1.68047 1.40132 -6.70438
-0.97655 0.62341 0.88987 0.11369 -6.66463
0.05506 -0.90048 -0.26694 -0.36117 -5.26292
-1.37635 1.20663 0.13119 2.27788 -7.34523
0.95108 -1.13312 -0.72967 0.69352 -5.78607
0.87096 -0.2906 -1.45729 1.36405 -6.47156
-0.65582 -0.22675 -1.47167 1.26051 -5.8075
-0.63476 -0.08124 -0.21663 -0.76553 -6.8856
0.97336 -0.15754 0.31288 -1.60625 -8.03812
1.83768 -0.25674 -0.38434 -2.62257 -8.64598
1.23991 0.7597 0.28922 -1.68885 -7.95191
0.91686 1.45929 -0.55747 -0.88098 -6.8951
0.17273 -1.03574 0.04639 -0.13954 -4.84033
0.51494 -0.23339 0.53622 -0.3027 -5.53381
0.17626 1.33714 1.40306 -0.24579 -4.67562
0.40336 -0.33839 1.09939 -0.94853 -3.22635
1.25941 -0.02281 -0.89301 -1.27472 -0.85595
1.92918 -0.28979 -1.0635 -0.56843 -0.40808
0.91629 -0.31891 -0.04806 -0.56518 -0.81054
-0.59225 -0.37033 1.12262 -0.54135 -1.17391
-0.33964 0.36571 -0.66697 0.29656 -1.23201
-1.86347 -1.63841 -0.49348 1.5454 1.06441
-3.16169 -0.94211 0.63152 1.02191 -0.88192
-2.31796 0.11711 -1.78791 -0.70439 -1.58521
-1.74599 -0.2274 -2.65708 -0.06477 -1.12289
-1.93777 0.06687 -2.26016 0.21978 0.20488
0.06265 -0.67248 -0.86315 -0.01601 0.74404
-0.27235 -1.28698 0.02403 0.3318 -0.2456
0.61643 -0.08878 0.45896 0.40047 1.89254
-0.09202 -0.99987 0.03334 -0.12224 1.34774
0.0394 -0.79098 0.74867 1.31551 0.32246
1.39441 0.05052 0.00793 -0.63479 -0.28662
-0.67209 0.19893 1.26298 -0.94393 -0.29997
-1.73504 2.38098 0.01536 -0.38568 -1.50709
-0.69374 0.91189 -1.19289 1.2208 -3.51088
-0.70809 -0.99033 -0.93103 -0.51937 -4.64859
1.47875 0.31658 0.05978 -0.30957 -3.15429
-0.78172 -1.18195 -0.33243 -1.271 -3.22117
1.80988 0.25642 0.91813 -1.00049 -3.09767
0.99354 -0.3394 -0.99799 0.16049 -2.2989
-1.28437 0.6112 -1.0157 0.96509 -2.45214
-1.89762 1.07525 -1.27496 -2.04594 -1.68817
-0.82744 -1.28927 -1.30502 -2.2861 -2.88743
-1.24544 -1.07102 -0.00067 -0.44531 -5.39906
-0.50337 0.305 0.68362 0.04631 -5.82619
0.4555 -0.19286 1.82695 0.66946 -6.23606
1.25735 0.72285 1.15438 -0.38812 -6.57073
1.02365 -0.37365 0.49088 -0.67948 -4.69569
-1.99477 1.04613 -0.12939 1.11434 -4.78442
-1.02422 0.18221 0.82253 0.18997 -3.59634
1.5866 0.01346 1.22353 1.58002 -4.78082
3.20022 -0.19683 1.47007 0.124 -3.17973
0.9864 -0.27358 1.07441 0.44505 -1.4636
-0.67214 0.85306 -0.53109 1.16264 -1.60686
-0.87942 0.61098 -0.37192 -0.09842 -2.15504
-0.59325 -1.53974 0.89177 -0.85945 -1.68107
1.24078 0.93893 0.1267 -1.18815 -2.4113
1.27552 0.76485 0.09865 -2.94818 -1.20654
0.6863 -1.07204 1.98934 -1.72921 -0.74713
0.22388 -0.25273 1.98716 -1.42227 -3.06253
2.96181 1.18977 2.41464 -2.33633 -2.98531
0.17521 1.271 0.62318 -1.91797 -3.51956
1.80381 1.01445 0.43675 -1.47693 -4.6901
0.77814 -0.85183 1.28093 -1.65718 -3.72549
-0.31015 0.36847 3.19029 -2.16677 -2.48778
-1.5961 -0.13862 0.67605 -1.86622 -2.00843
-0.92508 -0.23585 1.68144 0.61889 -0.48598
0.55985 -0.59688 -0.36764 -0.39441 0.16756
1.23393 0.80853 0.38808 -2.42498 -0.02591
1.88206 -0.80936 -0.38785 -2.4187 1.17111
-0.15689 -0.07071 -0.99167 -1.65587 0.40458
-1.0355 0.34893 -0.71793 -3.28195 -1.25347
-2.30087 0.53614 -0.59071 -1.61182 -2.27103
-1.25076 0.13532 -0.13526 0.75756 -3.01366
-0.11672 -1.06023 0.84789 1.8106 -5.42449
-0.50169 -1.83708 -0.22989 0.98884 -5.94218
-1.27888 0.59263 1.16507 1.01005 -5.32555
-1.21982 -0.29843 -1.21973 0.46554 -5.3563
-0.55833 -1.18961 -2.05144 -1.53698 -6.94576
-1.8196 -0.27238 -1.49548 -0.40729 -5.3194
-0.13282 -0.13762 -0.44055 -1.60245 -4.80384
0.20263 -0.89632 -1.38498 1.54451 -5.49348
-0.83623 -0.23483 -2.41553 0.98889 -5.02189
-0.82538 -0.15267 -1.23698 -0.12918 -4.6895
1.76403 0.70762 0.0815 -0.75424 -4.46815
0.36609 -0.11734 0.11597 0.29254 -4.88995
-1.24014 2.43816 0.27617 -1.21785 -5.41669
-0.92179 1.09957 1.46433 -0.6401 -5.53512
-2.13962 -0.30035 0.45671 0.91279 -6.39102
-2.89173 -0.51613 -1.29437 1.95082 -6.98516
-0.95365 0.15695 -1.53818 2.57831 -5.81642
0.87055 -1.0359 0.42707 2.19074 -4.69867
-0.4676 -1.22159 1.67343 -1.05766 -3.06288
-0.52539 -1.37159 0.87193 -1.20713 -2.4902
-1.72975 0.25638 -0.54098 -0.09652 -3.59126
-1.57193 -0.30595 -2.41532 -1.98926 -5.44162
-1.20895 -0.82871 -1.71257 -1.85244 -5.67248
-1.90211 -1.60839 -1.14592 -1.41963 -7.7587
-2.60816 -0.43777 -2.78728 -1.22798 -6.16961
-1.17745 -0.01942 -1.74894 -2.22549 -6.81454
-1.66953 -1.47879 -1.7056 -0.14691 -7.78306
0.93713 0.93924 0.07649 0.28755 -7.14043
-0.32673 0.2966 -0.44692 0.87897 -3.67405
-1.68886 -0.05621 0.05267 -0.73192 -2.72576
-1.47974 1.03997 1.57628 -0.00936 -4.99638
-0.85973 -1.59012 0.05245 -2.91915 -4.48886
0.79894 -0.99639 0.92264 -2.14266 -3.2141
-1.03643 -0.15857 1.74076 -2.88471 -4.77426
0.83388 0.51679 1.17209 -3.7 -7.06802
-1.13052 0.91117 0.56092 -2.3049 -6.99768
-0.50203 1.17345 -0.98447 -0.85227 -9.45213
-1.43173 1.37876 -0.88694 -2.11026 -8.25159
-1.24527 -0.92168 0.19941 -2.15963 -7.76887
-2.20191 -0.96298 1.06462 -2.81229 -7.49452
-0.81102 -2.63275 0.56539 -2.90315 -10.52239
-1.1373 -2.03465 0.24827 -1.61958 -10.12125
-1.57938 1.03234 0.65685 -2.49839 -11.08893
-1.84208 -0.85024 0.61774 -3.71547 -11.39478
-1.07141 -0.76907 -0.02519 -0.26678 -11.27446
0.84752 -1.7711 0.74175 2.7731 -11.02356
0.06275 -0.40678 -0.17256 4.75323 -7.50437
0.65848 -0.09036 2.02071 2.94137 -6.28991
-1.1984 1.71437 -0.33161 2.56422 -5.20573
0.70732 0.33564 -0.21803 0.0711 -3.89162
0.08921 -1.2968 -0.32562 -0.00229 -3.42969
-0.08007 -0.55001 -0.97117 0.54242 -3.28563
0.28331 0.44896 -0.47087 2.94419 -2.32966
0.53775 0.85466 -0.65166 3.05237 -1.41768
-0.10095 1.37307 -1.8577 2.60588 -1.29452
-0.17039 0.71142 -0.08376 3.7824 -0.73417
-0.72691 1.81863 -0.50636 3.33672 0.20795
3.01099 0.95027 -0.38787 2.72681 1.77908
1.45315 0.42275 0.36508 2.0178 2.59593
-0.83134 1.24612 -1.25221 1.7399 2.93262
-0.22814 1.13214 -1.78392 0.77649 2.91278
0.58664 -1.0003 0.74382 -0.16456 2.55178
1.86725 -0.06541 -0.34195 0.65789 1.572
-0.87861 -0.23458 -1.94567 1.4701 2.89699
0.4265 0.96163 -0.17873 2.10457 3.1195
2.82086 -0.36987 0.10808 3.7962 4.2888
1.32183 -1.77976 1.437 1.97618 6.29986
-0.24367 0.32062 0.9451 1.25394 6.61375
-1.00281 -0.35554 -0.5225 1.26979 4.68435
-0.89281 0.44076 -0.60854 1.86175 6.55162
0.53569 -0.51916 -0.76556 1.48858 7.55296
1.67924 -0.51369 0.65021 1.09936 8.64886
1.06197 -0.36749 0.5479 -2.16633 8.06835
0.02765 1.71357 2.31411 -1.39514 6.05478
1.08474 0.05085 2.35405 -1.42243 4.97975
-0.77863 -1.54317 1.84512 0.99182 4.30756
-0.56802 0.63195 0.55989 1.42839 2.6825
0.60182 1.11618 -0.5278 1.94854 3.49576
1.01194 -0.65792 -0.46377 3.25106 4.09533
0.84734 0.90648 0.89796 3.11065 4.23523
0.55517 1.59233 0.55436 2.15896 6.21109
1.06515 2.13203 0.72699 1.75125 6.51662
-1.18853 -0.05408 1.03321 1.74665 5.28126
-1.20406 -0.42948 -0.72835 0.18036 4.53939
1.62713 0.96289 -2.03423 -0.82424 5.32375
1.77638 -0.51747 -0.09194 -0.08826 6.61036
0.48463 1.59751 0.36436 1.45411 5.17057
0.68259 -0.0358 0.99372 2.32922 4.81548
0.20839 -0.5071 -0.28209 2.05392 4.03178
-0.55482 0.03034 -0.34969 0.68328 5.21844
0.16482 0.47953 -0.08022 -0.63365 5.77184
0.35906 1.21683 -0.63572 -3.03254 6.41694
-0.63027 0.52005 1.47616 -2.3 6.17612
1.39533 2.13978 -1.64387 -3.368 4.23134
1.62367 -1.33809 -1.57543 -2.78321 2.04629
1.46967 1.22282 0.42348 -1.75673 2.01747
0.32212 -0.87847 -0.30053 -2.01067 0.41678
0.97646 -0.96959 0.09779 -1.32381 -1.23967
0.38977 0.20295 -0.49556 -0.69109 -1.36207
-1.89085 -0.45787 -1.2738 -0.41766 -3.92509
-0.55012 -0.88277 0.26744 -0.01329 -4.36668
-1.10156 0.05112 0.0579 -1.00592 -6.02967
-2.98671 -0.54764 -1.92648 -0.97884 -6.43085
-2.29759 -0.60905 0.32425 0.04445 -7.98438
-2.7049 -0.49686 -0.87042 -2.82956 -7.02071
-3.27827 -1.54895 -0.64841 0.02839 -6.68358
-1.31859 -2.144 -1.15568 1.66503 -7.4227
-1.5672 1.00527 -1.70304 0.42111 -7.03752
-1.11823 -0.60818 -0.82704 0.29668 -7.99978
-0.77527 -1.85732 -0.49287 2.45122 -5.88174
0.33568 0.14444 0.4186 1.78669 -5.14003
0.59836 1.67979 -0.81482 2.02136 -6.19189
-0.08665 -0.2237 -1.50151 1.11098 -5.55215
