-0.94133 -2.26863 0.1965 0.81756 -2.32155
0.65361 -0.55657 -1.11226 -0.15416 -4.86534
-0.82987 0.58825 -1.60255 -0.6953 -5.69402
-2.87407 -1.17105 0.22188 -0.6831 -6.04208
-1.47491 -0.50503 1.91202 -1.81043 -5.95396
-2.53621 -2.11536 0.97542 0.10575 -6.33534
-2.69195 -3.22555 -2.56438 -0.14771 -7.87943
-2.32711 -4.1591 -1.17743 -0.6083 -7.2713
-2.93416 -5.89494 -3.43448 -0.00342 -5.96763
-0.67007 -5.78643 -3.55638 -0.89001 -5.88715
-0.26249 -9.20206 -2.32809 -0.6481 -5.50019
-0.81593 -10.04852 -4.85621 -2.69569 -6.42312
-0.34566 -10.22085 -3.15663 -1.59597 -5.5014
-0.99903 -9.63038 -1.79878 -1.69423 -4.42268
-1.92759 -8.312 -2.80091 -1.01045 -5.63218
-1.31644 -8.04193 -2.60693 -2.81033 -5.59438
-0.54668 -8.09233 -4.40378 -2.95861 -4.9866
-0.75765 -6.37338 -3.94556 -2.66339 -5.28624
-0.10431 -6.63124 -4.41339 -3.70484 -6.14062
-2.20098 -7.67547 -1.26374 -4.04457 -6.2484
-1.98207 -8.36827 -3.74999 -2.16586 -8.4167
-2.47943 -8.29186 -1.98236 -2.00344 -9.55377
-2.34103 -8.30468 -1.50701 -2.19634 -9.85751
-2.88871 -8.89561 -2.9789 -2.04592 -9.29959
-1.58806 -10.83032 -4.39128 -2.71318 -9.07291
-0.36502 -11.2084 -4.44064 -2.12484 -8.11271
0.17247 -10.14186 -3.74874 -3.36549 -9.10112
0.68033 -11.34377 -3.01896 -2.71171 -8.58561
-0.07424 -12.0738 -3.78785 -5.00724 -7.8818
-0.40364 -11.81503 -3.91288 -4.08196 -9.57743
-0.97676 -13.18956 -4.71434 -2.31256 -10.28538
-0.87449 -13.39041 -4.37386 -2.96019 -9.05681
0.38075 -11.9398 -4.34364 -3.43257 -10.50119
0.72821 -13.12623 -4.2693 -3.77293 -11.73927
4.28274 -12.51861 -4.06732 -5.96349 -10.59237
2.05876 -10.80454 -2.78638 -3.73617 -10.96677
2.36582 -11.63473 -3.23193 -4.09235 -10.72764
3.19929 -12.53858 -3.38846 -4.57568 -10.01668
3.01578 -13.11132 -2.286 -5.63834 -8.08124
2.27109 -13.27817 -4.25044 -3.2456 -7.35313
-0.04258 -11.56373 -4.43017 -3.40765 -7.24881
-0.42734 -11.60117 -3.92413 -1.94562 -6.56425
-0.87354 -11.94128 -3.85969 -3.60905 -7.48205
0.65218 -10.74076 -6.01362 -1.62136 -6.90999
1.5524 -10.24951 -4.62675 -3.40446 -6.56387
2.7951 -7.88908 -3.95228 -4.68823 -6.71457
2.1874 -9.89429 -1.57768 -2.38965 -5.50562
1.57855 -8.27533 -2.98819 -4.29828 -4.76553
0.52362 -10.28033 -3.00329 -4.91987 -3.99338
0.0066 -10.68475 -0.53521 -2.0248 -2.74545
0.12924 -9.35191 -2.48066 -2.53741 -3.51201
-0.52078 -9.13103 -3.59074 -3.49204 -3.44919
1.7377 -9.38855 -3.02976 -5.92613 -2.55767
0.95989 -7.16703 -2.14585 -3.99987 -4.91038
-0.30951 -5.85734 -1.83541 -4.31852 -3.91709
0.56396 -3.82621 -1.80934 -3.927 -4.03007
-0.64406 -4.57861 -0.62187 -1.78732 -3.91955
-0.75128 -5.18132 -1.20221 -2.08065 -4.92561
-1.73601 -3.05144 0.08115 -2.19169 -6.97996
-2.53876 -2.40915 0.29996 -1.17679 -6.76514
-2.82049 -3.99286 0.41741 -0.09537 -5.41713
-1.29476 -4.40026 0.55713 -2.46987 -4.34707
-1.50777 -4.93651 -0.83701 -1.60113 -4.527
-2.08684 -5.50369 -0.35364 -1.44131 -4.62466
-1.44041 -5.02961 0.26288 -1.70819 -6.63609
-2.65881 -5.09187 0.36457 -0.89984 -4.65736
-2.23324 -6.37465 -0.93601 -3.07169 -3.7575
-2.48527 -5.42207 -3.23066 -3.0745 -2.40491
-1.39642 -4.2188 -1.93053 -1.91485 -2.35308
-0.23064 -5.20812 -0.55801 -0.72669 -3.02171
-0.65348 -4.54021 -2.14043 -0.54646 -4.2984
2.69111 -5.57291 -1.17377 -1.6283 -4.5493
2.35171 -6.23714 -1.79715 -1.69254 -3.28404
3.86614 -5.73157 -1.46783 -2.5097 -4.61778
2.99506 -7.60851 0.07255 -2.11484 -4.35089
3.08902 -6.33316 -1.04159 -3.11357 -2.11629
3.31482 -4.42885 -2.01932 -1.9048 -0.94804
3.05383 -3.63243 -0.00469 -2.67739 1.13617
3.81158 -4.58916 0.95227 -2.07753 1.23043
2.89489 -3.69609 -0.70098 -0.22408 1.7163
0.35512 -2.57892 -0.91297 -1.38261 2.06507
0.99493 -2.86884 -1.94451 -0.75699 3.11917
1.02448 -2.27884 -1.16176 -0.87661 5.15497
0.86497 0.47914 -0.74605 0.16775 5.52991
0.30897 -0.46408 -1.05167 -0.63732 6.01899
0.52915 0.50428 1.03925 -2.22546 6.80459
2.52781 1.65939 0.63536 -0.11575 5.99584
1.14513 2.17068 1.43723 0.60384 6.30101
-1.46041 3.18245 1.53738 -0.79311 4.22193
-0.14096 5.13105 1.72975 -0.53835 4.69037
-2.07685 4.35401 3.57222 -0.50354 4.36497
-1.92214 6.76421 0.33075 -1.32506 4.11075
-0.67755 4.42466 0.32919 -1.34895 2.30657
0.40419 4.95171 1.24434 1.99395 1.65284
0.68868 5.59735 2.42203 1.20093 0.68019
-0.04196 5.63897 1.1889 2.39412 0.65685
0.02085 4.60149 1.64958 1.06265 1.12763
0.858 4.57286 -0.0118 1.37265 2.46709
0.67219 3.41781 0.1848 2.46299 1.5367
-0.82729 3.62182 1.26671 2.57834 2.17548
-1.17251 2.15546 1.29036 0.52445 2.4017
-0.53659 2.66865 0.93788 0.92434 3.64148
0.30835 3.61047 0.86239 0.40769 4.73055
-1.51647 3.00012 0.35139 0.88799 4.12691
-0.42142 4.04904 -0.10199 -0.30354 2.50781
0.48373 4.12159 3.18746 0.94248 2.3736
-0.30855 3.1983 1.16776 1.96313 1.97969
1.6219 3.33165 0.21948 1.531 2.66738
1.6774 3.28941 0.34108 2.79504 4.75668
1.8079 1.44916 0.34466 1.90985 4.36267
2.5984 0.15163 1.67925 1.2708 4.94718
1.92718 3.24411 -0.22915 1.29671 7.05543
1.97644 5.01687 1.90145 3.69017 9.57031
0.62143 4.93667 2.38942 2.63358 8.88082
1.42361 4.80008 2.72961 -0.92314 8.90609
2.79614 5.27967 1.66758 1.45223 9.87418
2.19613 7.71098 1.64218 1.27581 12.21691
1.01762 8.98986 1.52224 0.75157 10.58998
1.10623 11.05057 2.43538 2.75435 9.92325
2.53521 12.26958 2.85242 1.63218 9.69151
2.11707 12.06339 3.83777 1.77594 8.84437
-0.76033 13.55669 2.42601 4.15503 7.66288
-1.35772 13.27336 2.68142 4.13105 6.25377
-0.51149 13.51253 4.24124 4.1077 7.10645
0.07272 12.71635 3.54074 2.29175 8.0598
1.6209 11.57295 5.60449 5.54857 7.62256
2.99849 10.6625 4.28104 3.67333 7.74848
2.63845 9.83673 4.34413 4.98884 7.62252
3.06075 11.03806 3.71123 6.14746 8.6062
1.7038 10.28454 3.89153 4.06337 10.13454
3.27747 11.08322 3.90048 4.1945 11.43783
3.05306 9.90144 4.1084 3.19971 12.04194
2.3415 9.7019 1.99248 2.95624 11.15625
3.96574 9.1268 1.79235 1.33234 11.92409
1.29929 9.662 2.06025 2.42178 11.31565
-0.36327 10.38597 -0.38189 2.99369 12.35964
-0.13138 11.55866 2.36968 2.05085 13.34337
-0.80651 11.436 4.789 2.63911 12.72356
-1.07893 12.76681 4.2946 2.98474 12.18673
0.84803 13.15653 3.19006 1.19915 10.45936
1.84335 15.30945 4.74511 3.21824 9.18626
1.62705 16.33743 5.26991 3.58055 9.04546
1.45896 16.29714 4.41886 5.37958 9.66729
1.80119 15.81172 5.01309 3.23366 7.90988
1.14776 14.5859 4.81422 4.65347 9.14611
0.86981 12.74766 3.52411 5.4712 9.64729
0.49359 13.13743 2.91756 5.44463 12.33407
0.41014 12.12691 3.73432 3.5419 14.44827
1.04848 11.80509 4.26698 3.63513 14.3031
2.52486 10.69556 4.37178 3.96591 14.44424
3.49675 11.74467 1.11911 3.35219 12.52133
4.30912 12.81028 2.1189 1.971 12.68351
5.00839 12.7369 2.12146 2.48133 13.75511
4.3783 14.16807 4.16793 3.80742 14.64003
3.727 13.5036 1.94275 4.72451 15.76558
3.34095 11.21043 4.1469 4.57357 15.52302
2.85476 12.754 4.14045 4.75469 17.04653
1.82942 13.10585 4.22416 6.86836 17.03148
2.54317 12.95351 3.54078 3.20419 19.00238
1.79434 14.69684 4.66876 5.5368 18.7431
2.42377 15.71564 5.27718 5.23237 19.45499
3.02887 14.14479 5.39063 4.36391 17.93469
3.1631 17.58566 3.5486 6.09096 16.37585
3.03604 18.09501 6.19891 5.35366 16.38838
4.19431 21.41471 6.65445 3.81983 18.04896
2.06051 22.23964 7.61757 3.86514 19.33119
3.76106 20.17804 6.13064 5.22236 19.54029
3.43314 21.00143 5.80377 6.4952 20.52338
4.53432 22.01286 7.31781 6.53191 20.11123
3.19882 22.76668 8.26476 5.18336 19.02142
2.61284 23.38015 8.04714 6.13246 19.14667
1.91953 23.2799 6.80582 6.39461 19.19726
0.68815 23.60874 4.81975 6.23592 19.99605
1.37713 22.60237 8.34871 7.79218 18.99905
2.44501 23.56519 7.88966 9.07204 17.85426
3.02259 23.21489 8.63188 7.47536 17.04813
0.73716 23.62751 6.63311 6.49126 17.40182
2.52201 24.56498 8.95001 7.32655 18.47357
3.54184 23.82844 8.80018 5.83858 18.90203
4.40779 24.81714 7.10313 5.95483 18.86994
5.69234 22.32259 7.2788 7.54138 17.52524
5.75854 23.08651 6.87588 8.28692 17.24575
4.5139 23.79416 7.14656 8.63875 17.93226
3.81312 23.28163 9.27822 6.79536 18.41599
2.45297 21.7093 6.67972 4.68605 21.11914
1.26028 21.56194 5.91021 6.27203 21.7402
0.72078 23.22148 6.75446 7.14391 21.77334
-0.69217 22.85885 7.76233 7.51266 23.57813
-0.61145 23.24472 7.98889 5.58725 23.94635
-0.56948 23.71985 7.36796 6.49737 22.94947
-1.71495 25.84151 8.10148 7.50277 21.69675
-1.79654 26.14496 9.44939 8.82742 20.14437
-2.09766 27.76195 9.59097 7.25716 18.19838
-2.2797 27.97128 8.63001 7.1922 18.18678
-2.10628 27.05431 7.75278 8.67505 17.9775
-1.32605 26.5702 6.86676 7.49067 17.69191
-0.57964 26.02787 7.43383 8.23202 19.21241
-1.82303 26.37757 7.42169 8.71089 18.80679
-1.54433 25.52742 9.01814 7.68762 18.6673
0.08528 24.98796 8.65409 8.58936 17.81045
0.57775 26.56785 8.63734 8.19762 17.30617
-0.47727 26.00104 9.00931 6.49986 16.9831
0.10301 23.94697 7.34793 7.3393 18.69133
0.43938 23.41047 7.78006 7.67531 19.32965
0.43955 24.11531 7.51668 7.96569 19.58316
1.29164 24.3796 5.65965 8.84699 18.10465
2.36475 24.66843 7.36948 8.07493 19.41323
2.96307 23.66316 6.60485 7.54009 20.17432
2.211 22.80259 7.42653 8.54652 21.18188
2.84172 21.48749 7.02143 8.30435 22.41644
3.16165 22.16693 6.32423 8.62642 22.44836
3.86362 21.19019 6.2899 6.35529 24.55058
3.36309 21.66464 6.56937 7.46692 24.61328
3.34045 23.89167 6.31306 7.81619 25.60855
2.22626 23.61097 7.95178 6.55621 24.05173
2.35377 24.05977 7.70265 6.96749 24.17673
1.56352 26.17241 7.38409 7.1627 25.55814
1.20423 28.34047 7.23087 8.9951 24.91482
1.87746 29.33356 8.43403 8.5775 24.82314
1.10414 30.22506 9.57294 7.14414 22.83618
1.39313 30.70071 9.05052 8.52462 21.23263
-0.2744 31.01762 8.07359 9.05482 21.35493
-1.16516 30.51671 9.6027 10.62908 20.25526
-0.85334 29.04481 8.70601 10.12992 22.10416
-0.44906 28.04325 9.08488 8.9498 22.04284
-0.54354 27.82371 7.85678 9.26832 21.44481
0.67553 27.82168 8.92609 9.45117 22.34458
-0.72329 28.69361 7.83111 11.27408 22.3043
-0.411 27.81029 9.85518 7.61093 22.3869
-1.66548 28.58255 8.46608 10.10081 21.77551
-1.43973 28.39975 9.24504 8.33929 22.19947
-1.37129 28.97253 9.13913 7.49272 22.82457
-1.38325 29.69729 9.68746 6.43281 22.88482
0.23887 29.65808 11.29209 9.17555 20.42694
1.23262 28.71335 10.14745 9.37561 21.521
2.70348 27.21383 7.30119 8.98411 20.12607
1.43832 28.51491 8.95441 7.95569 20.05475
1.7987 27.20197 8.63075 8.83258 20.5726
2.27382 27.21251 9.59484 9.50864 19.70085
3.76092 27.91104 7.84457 7.95163 21.82638
2.66561 26.98582 6.7316 7.47385 23.81196
2.24471 26.90942 10.01693 9.16363 23.40503
2.3001 26.17356 8.1474 8.87667 22.81187
0.26848 25.3288 8.1698 8.5494 25.50479
-1.53162 24.47698 6.47934 7.69193 25.34016
-2.08423 24.28366 6.97627 9.51502 24.32827
-1.31907 25.30466 5.87711 8.66967 25.44824
-2.94827 27.74632 7.88689 9.65509 23.97625
-1.98045 29.49952 9.35441 9.57017 22.75133
-3.20011 30.54197 8.58436 7.54726 21.40571
-2.64591 29.91129 10.60413 7.98809 22.41599
-2.70255 28.70532 8.25294 7.82872 22.0615
-3.35921 29.88039 8.04614 9.49826 20.04559
-3.84796 29.4688 9.24317 10.31425 17.67851
-1.91246 28.80867 7.78139 5.3613 17.80596
-1.54706 27.41855 9.59627 8.66284 17.48232
-1.51597 26.30738 9.68381 8.5548 18.00666
-0.22407 25.52423 9.02308 7.99008 15.95849
0.97354 25.61217 7.33595 8.53355 16.61735
-0.69882 24.65314 6.40979 7.75901 15.04129
-1.21336 24.96713 6.59002 8.55997 15.0367
-0.80595 25.53555 7.95402 7.87975 15.03955
-2.16372 23.91454 6.25666 9.21601 18.43706
-2.28956 23.05821 8.4475 6.33333 19.48685
-1.73594 22.69122 8.42627 8.83163 17.37179
-1.95131 21.93163 7.90858 10.13593 17.06242
-1.9286 22.7925 10.53168 9.93483 16.19482
-1.20144 23.00336 7.72809 7.80214 17.53788
-1.97782 23.22931 6.10561 7.15033 18.41892
-0.24456 22.67601 8.19383 6.34923 19.70217
-0.22824 22.9687 8.52641 4.58553 21.35233
0.66886 22.1767 7.84291 7.29284 20.80995
-0.25609 20.78058 7.36056 7.77506 20.80911
-0.50821 22.56728 6.20374 7.233 18.40028
-1.24084 23.60763 7.04244 6.73821 18.812
-2.23804 23.70898 7.00535 7.79168 19.61415
-0.38577 23.8026 8.23001 6.70423 19.30397
0.5253 23.70458 9.89273 6.95361 19.78365
3.07288 23.29484 9.17319 6.6361 18.81261
2.30035 23.1256 7.10516 8.31409 18.06277
1.84774 22.50123 7.913 7.48161 19.01184
1.17116 23.27737 6.44133 7.83568 17.20609
1.00832 24.52669 6.59362 7.07167 18.50478
1.43369 22.86324 6.10228 7.0814 19.44623
1.76594 21.41831 7.24593 6.60474 19.62801
1.85017 19.92888 6.45652 8.93159 19.06931
2.9027 22.18631 7.35257 9.51181 20.24313
3.39962 22.86359 5.79503 6.12148 20.71582
3.26886 24.21181 6.89914 5.52116 21.22796
4.05135 24.42476 8.97392 4.92208 21.38635
2.64744 23.52919 6.86236 4.807 22.35688
3.40291 25.15483 6.29153 6.17625 22.67568
4.31966 27.65559 7.17129 6.96971 22.15101
4.70697 26.73005 7.14262 7.257 21.15009
4.80742 27.09271 9.50974 7.65137 20.00752
4.74559 27.337 8.83995 6.83165 18.55424
4.50878 27.362 8.13001 8.13852 21.38799
3.94864 29.13776 9.43071 7.47573 22.1065
1.83212 27.51773 9.46631 8.28004 23.91675
1.50721 25.53358 5.79785 8.7112 26.46704
