-3.96168 0.54609 -3.00308 0.36103 -3.33271
-4.12218 -1.31474 -4.01233 0.11451 -1.76722
-4.48909 0.08105 -2.49458 -0.59921 -2.91592
-3.55632 -2.19354 -2.23839 0.17624 -3.28031
-4.66356 -0.71 -2.44026 -0.27211 -1.75323
-3.58753 -1.22943 -0.99189 1.3115 -1.10131
-3.68414 -0.69484 -1.10177 0.98489 0.59026
-3.32415 -2.28824 -0.5192 0.94819 -0.09876
-3.04673 0.67673 -1.0185 0.11781 1.22682
-2.26867 -1.30236 -0.40009 0.26735 0.93899
-1.8726 1.36306 0.36164 0.37294 0.53529
-1.08338 -0.6558 0.14321 -0.90896 0.59103
0.21796 -1.28527 0.20393 0.39021 -0.67182
-1.06141 -1.23087 0.96489 -1.42556 0.79985
-0.58411 -1.82757 0.88755 0.14666 -0.6256
-0.06207 -2.12953 1.52038 -1.55552 -0.55516
1.21423 0.30621 0.08269 2.33578 0.19708
0.9969 1.04733 -0.38583 0.3895 1.13345
-0.16785 1.60649 -1.35832 -0.65045 0.78441
1.7344 0.34095 1.14366 0.01695 -0.17284
2.11028 1.34079 1.49724 -0.2202 -1.10021
2.76598 1.37495 0.40784 -1.56467 -1.66037
1.33648 -0.65829 -0.48898 0.12288 -0.54428
1.38363 -2.13812 1.07145 0.85859 0.12595
1.77536 -0.63203 0.95061 0.11393 1.2452
0.68924 -0.04553 1.28233 -0.16479 0.00773
-0.66106 -1.02554 0.8406 0.35263 -0.27223
-0.05067 -0.2904 0.447 0.1859 -0.25077
1.43507 0.21074 1.5789 -1.39965 -0.51755
1.55358 -0.03263 0.33123 -0.05226 -0.9613
0.49084 -2.34689 0.63834 0.57377 -0.87119
1.2766 1.31135 -0.40269 1.24555 1.56673
-0.2765 -1.03461 -0.54933 0.08351 1.6206
-2.55465 1.0171 -0.55325 1.30544 1.09337
-1.81392 1.26872 -0.99621 0.09989 -0.10113
-1.16054 -0.79727 -2.02324 -0.62263 1.47721
-0.777 0.80758 -2.68038 -0.96418 -1.11634
-1.2035 0.5646 -1.72258 -0.3884 -2.71157
-1.18625 -1.17894 -2.97187 -1.18477 -0.07008
-2.55044 -2.46505 -3.57023 -0.44658 0.04221
-2.39261 -2.43489 -2.8853 0.95591 -2.01473
-1.58811 -0.25823 -1.87558 0.86706 -2.04748
-2.07483 -1.86091 -1.25391 0.75902 -2.01187
-3.05242 -0.47314 -2.17683 -0.60479 -2.84509
-1.77686 0.06653 -1.01631 1.32864 -2.98483
-3.842 -0.8531 -0.77422 1.36729 -1.70056
-5.46473 0.17489 -1.01972 0.30997 -1.16378
-5.85044 -0.38592 0.08184 -0.01679 0.56565
-5.45927 0.45702 1.27802 0.81628 -1.16351
-4.8562 0.30307 2.41653 0.21305 -1.64154
-4.61281 -1.63864 4.00696 1.35008 -1.42423
-3.94448 0.51356 5.96786 0.78368 -0.49235
-3.28114 0.31335 5.71722 0.06918 1.25099
-2.23214 0.92843 4.40025 1.04669 3.58021
-2.80517 0.06336 3.20513 -0.31315 2.68691
-3.18812 1.25785 0.546 -1.64939 1.30515
-3.92813 -0.52341 0.43568 2.81521 -0.844
-2.5964 -0.81249 -0.33725 1.32017 0.94393
-0.41741 -0.70267 -1.61056 0.21061 1.87473
-1.9429 -0.63347 -1.81136 0.74208 1.41972
-1.18201 -0.06043 -1.36561 0.61673 0.31038
-0.20164 -1.08625 -3.93926 -1.30819 0.50504
-1.91533 0.62629 -2.90494 0.30089 -0.55296
-0.48436 0.22916 -3.34448 -0.71252 -0.65541
-0.06094 0.0126 -4.97346 -0.55101 -1.36065
-0.07026 -1.38324 -4.60707 1.36269 -0.43988
0.95766 -0.95352 -2.77977 0.32448 -2.44882
1.39722 -1.25407 -2.47505 -0.91962 -0.34529
1.17226 -0.05989 -2.08347 -0.06355 -1.86365
-0.65821 0.08841 -3.97609 -0.47229 -1.27892
0.84751 1.1741 -3.56834 0.32604 -1.05453
1.14229 -2.32622 -2.86291 -1.2342 -2.6246
0.54414 -0.89393 -1.23807 1.19239 -2.95869
0.20841 -2.17916 -2.94309 0.63938 -2.77044
-0.46397 -0.23854 -2.36833 -1.64069 -3.98821
1.8949 -0.27642 -0.21661 0.63022 -2.71135
-0.31805 -1.64404 -0.72784 -0.44673 -0.86664
-2.51429 -1.96256 -1.22996 0.17656 0.1949
-4.22494 0.18705 0.14983 -2.51066 -2.16987
-4.51334 -1.52692 -0.29978 0.36282 -0.83259
-2.54302 -2.25728 2.61739 -0.28685 -0.81199
-2.99557 -1.14111 2.02252 -0.2627 -0.23583
-4.0849 -0.37822 2.52679 2.81367 2.93916
-2.83203 1.08013 3.14394 1.34745 3.76244
-1.77222 2.51115 1.57159 -0.34384 3.52258
-0.68526 0.99687 1.19399 0.87595 1.93546
-0.04915 0.62745 0.44737 0.03457 1.61508
0.82968 1.64927 0.08962 -1.53366 0.86673
-0.67529 0.69068 0.89551 0.75561 0.02457
-0.01633 -1.68754 0.99391 -1.44339 -0.53571
0.19479 -1.56943 0.81852 0.17381 0.47419
1.33314 0.14409 -0.038 -0.70215 1.53606
-0.31252 1.75898 0.0061 0.44498 -0.17903
-2.55154 2.2814 0.50273 0.1992 -1.37979
-1.39267 -0.17623 -1.48191 0.85249 0.05294
-1.0438 -1.72677 -0.91669 -1.3028 -0.40558
-0.06443 -3.46872 -0.14398 -0.11527 0.64486
-0.80496 -0.86588 -1.4258 -0.853 1.10825
0.02372 -0.42854 -0.58029 0.25496 -0.57825
1.5548 -0.94397 -0.48522 -1.23505 -0.87386
1.24045 0.18515 -0.05048 -0.97991 -1.94087
0.90606 -1.95586 -0.58595 -0.07333 0.9295
2.23925 -1.6745 -0.63854 -0.38334 -0.39343
2.73163 1.53658 -0.37121 1.3946 0.58735
3.66077 1.74177 0.72058 0.7081 1.05124
3.23206 0.68162 1.5084 0.06223 0.32634
2.80766 -1.32647 0.39621 -1.80008 0.95963
2.77017 -1.58847 1.2725 -2.24952 0.95295
4.26397 0.48974 0.62997 -1.17462 -0.8454
4.88474 0.50549 2.06039 -0.00096 -0.75115
5.24386 -1.66215 0.83257 -0.79894 -0.0218
4.91342 -0.75358 -0.79489 1.26698 1.17524
4.76962 2.29517 -0.00383 1.31555 1.68801
3.89338 1.56181 0.07596 -0.55896 -0.19287
2.17595 -0.44806 -2.28309 -0.86057 -0.98768
3.19024 0.21306 -2.07538 -1.32452 -2.67318
4.56483 0.5976 -2.13138 -1.53108 -3.32735
4.61673 -1.15319 -1.84062 -0.59456 -0.44369
5.32613 -0.97073 -3.51378 -0.42517 -0.78049
6.04194 0.32783 -1.63857 1.91633 -1.56256
5.875 0.41674 -0.70132 -0.84474 0.27294
4.92743 -1.07962 -0.43085 1.98399 0.76264
3.04131 -0.70289 -0.33945 1.4816 0.34734
4.36172 1.34099 -0.82954 0.69936 1.56027
3.54648 2.90666 2.29538 0.63935 0.608
2.86314 -0.72879 1.20582 -0.66022 1.64414
0.38615 0.88525 1.74093 -1.06334 0.96637
0.5888 0.69244 1.21599 -0.17837 1.31997
1.12331 0.20481 0.77616 -2.53152 0.49193
0.12114 -1.56648 0.4757 -0.03456 -1.77951
1.70414 0.24747 0.76854 -0.5441 0.01778
2.7412 0.71494 -1.41883 -1.31948 -1.04327
0.64817 -1.05409 -2.78125 -1.25788 -0.15052
0.45207 0.86668 -1.65792 -1.07458 -0.80004
-0.15009 -0.2079 -2.41674 1.33216 -0.8905
0.68409 0.58016 -0.9899 -0.02358 -1.02668
1.53579 -0.24883 -0.98563 0.19591 -0.22571
1.29992 0.75639 -1.54348 -0.28402 0.05319
1.88408 0.35006 -0.94246 -0.13985 0.36373
3.65906 -0.05938 -1.44497 0.99198 1.05447
3.63278 2.60929 -0.31736 -1.165 -0.28577
3.88852 0.33019 0.49218 1.0978 -1.69954
1.70236 -0.2237 -0.2188 0.55208 -0.45929
1.76728 0.99728 -2.08445 -0.06455 0.88188
1.88832 -0.08423 -1.18213 0.77414 -1.36426
2.29885 -0.24088 0.59466 -0.44418 0.41495
1.41344 -0.12229 -0.53719 -0.97187 0.93188
2.56479 -0.05611 -1.80101 0.96679 0.93381
0.01096 0.11055 -1.16657 1.87867 0.25537
1.39495 0.47738 0.3601 1.6192 0.58214
0.21341 0.785 0.09447 1.48253 3.09709
-0.91399 2.7393 -0.66799 -0.72964 3.03797
-0.31004 1.00237 -1.42263 -1.11573 0.72256
-1.68078 1.06576 -0.50637 -1.76072 2.07049
-2.51412 -0.8927 1.02692 -1.11428 -0.43917
-1.61801 -0.70827 -1.15762 -0.41525 -0.79998
-1.08915 -2.6095 -1.71839 1.70731 0.53194
-0.8402 -0.3709 -2.17873 0.86126 1.03045
-1.63403 0.83005 -3.43208 -0.78598 1.19591
-1.98708 1.31059 -3.45285 -0.63134 -1.70112
-2.30328 -0.71312 -2.93498 -1.75998 -1.94637
-0.79652 -2.01982 -4.11023 0.24741 -1.52596
-0.02328 -2.76996 -2.19054 -0.96507 -2.6159
-0.49168 -0.80961 -2.97176 -0.28014 -2.74514
-0.50275 -1.50593 -2.16524 1.20175 -0.30657
-1.17574 0.83534 -4.06034 -1.00189 0.91873
-0.7531 -0.31137 -3.6883 -0.79711 -0.95729
-0.12348 1.4756 -3.8737 0.81727 -0.95013
-0.79344 0.47085 -5.49988 -0.48786 0.71994
-0.52439 1.65387 -4.67163 0.22489 -2.20233
-0.50798 1.16465 -5.60943 0.22543 -1.64474
0.48629 -0.64794 -3.25979 -0.92762 -2.61693
-0.22229 0.25557 -4.39517 -0.3003 -0.84818
-0.42659 0.3055 -5.33546 -0.88638 0.88049
2.4306 -1.60167 -4.57203 -0.30026 -2.10191
3.20657 -0.0316 -4.31265 1.10235 -3.43112
3.05642 -1.24695 -3.28187 -1.18042 -2.76403
4.50568 -2.11766 -5.08449 -0.15317 -1.46666
3.72143 -2.09368 -3.99466 1.49537 -2.44661
2.40245 -2.22795 -5.01458 0.19238 -2.71495
3.33549 -1.14751 -3.569 -0.38349 -2.22674
3.48501 -0.62257 -3.23758 -0.1963 -2.80662
3.51136 -2.02207 -2.81118 0.09499 -0.35533
3.08397 -1.90923 -1.92728 -0.12722 -0.69526
3.28684 -0.82677 -1.95018 -1.39409 -0.67077
1.51512 -0.23945 -2.08648 0.43255 -1.5989
2.85927 0.42355 -1.39025 -0.02746 0.87653
4.04318 0.02185 -1.48284 0.00066 -0.71502
3.51389 -0.09993 0.6545 -2.05313 -0.27981
2.84332 0.91272 0.75564 0.38385 -1.00453
2.71341 0.29835 2.17368 0.45561 -1.03114
2.55067 1.60781 -0.42119 -1.01293 1.33859
2.42641 0.54489 -1.52976 0.40153 -0.83568
2.85238 -0.95934 -2.52368 2.21347 -1.45632
3.02073 0.21926 -2.98521 2.8824 -0.86225
2.30443 0.61194 -4.09442 -1.89193 -0.52342
2.80807 0.30762 -3.49371 -1.27205 -0.99043
2.47699 -0.41618 -1.05445 0.39913 -2.65004
1.22569 -1.49295 -1.69457 -1.68567 -0.3946
2.0554 -2.3861 -2.34694 -1.68906 -0.26376
3.07886 -1.22714 -3.16608 -0.97857 -1.55778
3.32737 -1.41817 -1.29646 -1.24803 -0.16759
4.43309 -0.77925 -0.67762 -1.44553 -1.17201
2.76043 -0.65702 0.30922 -1.24048 -1.84614
1.75849 -0.845 -0.26462 -0.73566 -1.34233
3.18169 0.37273 -0.94466 -0.55169 -1.35129
2.37478 -0.1634 -1.77184 -1.81224 -1.52259
1.38466 -0.47364 -1.27849 0.06542 -3.05098
1.99171 -0.90721 -0.5083 1.27313 -2.38019
0.63842 -2.04977 -0.19814 0.07078 -1.2298
0.29527 -1.19469 0.26027 0.18543 -1.6246
-1.04287 0.22492 -0.74265 0.71602 0.62894
-1.60683 0.13876 -0.787 1.02921 2.75073
-2.45984 2.31961 -0.16831 -1.76943 2.54592
-2.14214 0.43095 -0.82951 -0.25163 -0.01732
-1.5048 -0.99335 -1.97813 1.4404 -1.55272
-0.82457 -2.7065 -1.55043 0.25935 0.10101
-0.69537 -1.213 -2.69597 -0.80297 -0.61924
-1.68428 0.07815 -2.19598 0.70701 -1.69554
-1.33663 -0.02004 -0.89567 -1.16322 -1.71461
-0.04529 -1.96956 -1.24899 0.49647 -1.97499
-1.72815 -0.16056 -2.55181 -0.19029 -1.68437
-1.62928 -1.63555 -2.29227 -0.60834 -2.01844
-2.45915 0.64179 -1.33662 -0.08883 -1.10369
-2.69377 -1.08653 0.15397 0.00794 -2.71665
-3.09577 -0.21587 -0.65533 -0.76438 0.83522
-3.03255 -0.56698 -0.43603 0.09761 -0.71457
-2.47742 0.28157 -0.91314 -1.09136 1.58375
-2.07589 0.0578 -2.56788 -0.28868 0.66997
-2.81708 -0.85754 -4.06051 0.08653 0.12642
-2.665 1.94695 -4.72866 0.31216 -0.7015
-4.07626 0.75197 -4.14105 -1.18835 -1.5757
-4.38305 -2.1331 -2.29595 0.54097 -3.40075
-3.82684 -1.73769 -2.31815 -0.56027 -1.75302
-2.93908 0.28708 -2.93789 0.56201 -3.44964
-1.31195 0.34879 -2.80756 1.43882 -2.89699
-0.68034 -0.78449 -3.20717 -1.39879 -0.69848
0.3499 -2.27755 -3.64013 -1.818 -1.64719
0.58896 -1.16292 -4.37211 -0.29651 -1.2188
1.2992 -0.96151 -3.26947 -1.75911 -1.14466
1.98449 -1.49003 -4.09716 -0.34509 -2.11626
0.35014 -2.43016 -2.99414 1.84178 -1.03708
1.11566 0.24853 -1.18479 0.01742 0.25288
1.19884 -1.25529 -2.80231 0.65408 1.24461
2.83216 -1.25936 -1.93268 0.81533 0.33184
2.27125 0.31497 -2.01949 1.13285 1.71754
1.95973 -0.4493 -2.58396 0.67561 0.40926
0.34214 1.44709 -4.41938 0.06865 0.26068
0.19044 1.21738 -4.91667 -0.33777 -2.09464
2.35912 0.82794 -4.7853 -1.26967 -1.46405
0.84509 -0.14527 -4.16037 0.59364 -3.88833
1.28036 -0.42826 -5.05484 -0.28531 -1.96945
0.84043 -0.12394 -6.73072 -1.0437 -1.87457
0.63213 0.56861 -6.28693 0.41634 -1.99107
0.47643 0.58449 -4.65762 -0.19149 -5.23794
0.81108 -1.62111 -4.7453 -0.41056 -4.37354
1.60801 0.30489 -3.74503 1.08479 -3.28565
-0.70062 -1.12763 -3.86524 -1.72797 -2.07308
-1.50116 -0.8793 -3.4152 -0.66872 -1.72237
-1.22486 -1.15413 -3.07445 -1.26988 -2.5414
0.02105 -0.68971 -2.88385 0.06633 -2.23523
-2.34459 -1.63976 -3.70522 -0.95297 -0.11314
-3.01315 -1.63057 -2.84269 0.93063 -1.70528
-2.13704 -2.25869 -0.76582 1.16994 0.36068
-2.60149 0.22928 -0.57128 0.27522 0.14265
-1.34176 -0.64032 -0.6111 -0.5777 0.92043
0.5939 0.71967 -0.86001 -0.80217 -0.08
0.24047 0.06329 -0.69836 -1.02206 -1.62558
0.79177 -0.16762 -0.56907 0.86362 -1.8486
0.69393 -0.93135 0.26445 -1.44489 -2.13593
0.99075 -1.08663 0.59999 -0.35846 -1.65774
-1.0544 -0.4552 1.78574 -0.2108 -0.36498
-1.19222 -0.73369 2.13644 0.21745 -1.51891
-1.52992 -1.17662 0.85773 -0.34213 -1.11483
-0.97915 -0.6458 -0.06809 -1.3725 0.24807
-0.2813 0.85645 1.05876 1.36794 0.62259
0.81647 -0.12256 1.40563 -0.75356 1.05249
1.8769 0.36535 -0.03718 0.06392 0.90599
0.3998 -1.26531 0.11687 0.09409 -0.84799
-0.11749 1.47876 -0.1339 -0.62434 -1.76924
1.92711 -1.36371 0.33802 -1.08044 -1.83048
2.39506 -0.0357 1.05508 -0.00056 -0.33175
2.04322 -0.12608 1.17075 2.51938 0.5949
1.90901 0.02715 0.25242 0.62589 1.97502
1.02207 0.3697 1.59684 -0.51869 2.97993
-0.77737 0.12668 1.36774 0.56763 2.26676
-0.81941 1.67093 0.27099 0.13477 1.18811
-1.18246 2.10433 -0.13478 0.11802 1.90119
-1.15739 -0.4151 -0.23503 1.51389 1.23896
0.12331 0.9012 -0.27129 2.30694 0.30166
-0.74113 0.92368 -1.19654 -0.81802 0.90614
-0.57039 -1.30091 -1.05378 -1.2168 0.00439
-1.40788 -0.32049 -0.75557 0.81024 -0.4123
-1.65105 -0.12 0.97875 -0.41181 0.83858
-2.08823 1.57049 1.04756 -1.19253 0.31279
-2.06943 -0.91019 0.94501 -0.51247 -0.96317
-1.92602 -0.46671 1.22383 0.82177 0.53937
0.31284 0.30702 0.47022 0.82822 1.21836
0.05946 0.53954 1.7907 0.49655 -0.43372
-0.93371 0.13807 1.23001 -0.13246 -0.25757
