0.09499 2.18942 -2.56441 1.06864 0.70523
-0.99458 1.87483 1.30125 0.67888 1.84255
0.39341 0.22968 1.06276 1.52048 2.19272
-0.11133 -1.97029 -0.14287 2.49674 1.29703
1.20576 -2.50892 -0.34381 2.04218 1.58223
1.76691 -2.78812 -0.72056 3.37395 2.51612
1.21988 -3.41703 -0.10169 2.92929 1.40763
2.22478 -3.48766 0.779 2.55063 0.69869
2.35507 -2.00156 -0.78147 2.83011 2.00513
1.08931 -1.48701 -0.79928 2.3951 3.13
2.57974 -2.38432 -1.00839 2.20403 3.61087
0.97295 -2.11628 -1.05181 2.69357 2.26647
3.09485 -3.05779 1.28652 3.44704 1.37416
3.79255 -2.50249 -0.76948 3.81624 2.03915
2.54543 -4.90519 -2.07132 4.17972 1.62263
3.5986 -4.80187 0.83391 4.27666 1.767
2.86583 -5.34867 0.34643 3.22008 2.72845
0.95801 -3.91589 1.09027 3.85796 3.00254
1.5715 -4.56703 -0.31453 5.58971 2.44109
1.83083 -2.90011 -1.83552 4.45657 0.51196
0.89589 -3.76619 -1.70985 4.0399 0.09067
1.7969 -4.39875 -3.72604 2.59398 -0.27925
0.58571 -2.29282 -1.79589 3.64108 0.83943
-0.92631 -2.04811 -1.8366 1.92947 -0.77605
-0.47047 -2.99932 -2.13565 0.43852 0.13344
1.80738 -3.68354 -0.52593 0.2745 0.77516
0.50821 -3.1826 -1.11752 1.36836 0.93212
-1.06659 -6.10007 -1.77763 2.83959 -1.92597
-0.99932 -5.85392 -0.52579 2.86722 -0.14579
-2.22304 -4.69586 -0.60857 3.02149 0.573
-0.52693 -3.74299 -2.1333 1.32985 1.786
1.15028 -1.17717 -2.048 0.58617 0.18212
-0.16453 -0.61547 -2.5769 -0.05186 0.86574
-0.67071 -1.13184 -3.73849 1.07751 1.13535
-1.28875 -2.09057 -3.04112 0.6841 0.85361
-0.78893 -3.24721 -3.05194 1.64667 0.61653
0.35493 -3.25501 -2.10851 -1.62882 0.05453
0.77716 -1.47829 -1.16794 0.11425 2.75597
0.90287 -0.8547 -1.25647 -0.35135 1.9302
-0.41203 -0.41263 -0.74677 -0.13719 0.42022
0.72003 -1.27144 -0.48305 -0.3057 0.69309
3.20358 -2.03826 0.12653 -0.59637 0.22855
2.17121 -0.86612 -0.15734 -1.31316 0.28182
0.59575 -0.40469 0.7594 0.77808 -0.16131
0.65183 0.08299 -0.92578 2.74946 -0.54394
1.05187 0.02118 -0.15084 1.33666 -0.17497
-0.564 0.40273 1.87897 0.62369 1.1285
-0.08846 0.77193 -0.56061 1.71957 1.22819
-0.92201 1.63508 -1.40477 2.02476 0.03657
-0.23842 1.22068 -2.74978 1.40527 -0.69623
-1.30419 0.4235 -0.03279 1.6547 -0.39027
-0.21212 1.33745 0.18462 0.51239 -0.3055
0.48015 0.90844 -1.29693 0.40155 -1.01669
-0.53722 -0.04455 -1.1307 1.86065 -0.59872
1.46565 -2.15447 -2.1551 2.66164 0.55763
1.38388 -1.40315 -0.11438 3.08533 -0.24327
2.15211 -2.65184 -0.67746 2.63062 -0.55801
2.43233 -1.87415 1.89049 1.87191 -1.08783
1.5906 -2.66333 -0.66006 1.52089 0.72649
0.16737 -1.08261 -1.8447 1.17569 2.20709
-0.13707 -0.3488 -2.69562 -0.48385 1.47575
0.94478 0.06412 -2.80951 1.50047 0.26699
2.3384 -0.82728 -0.62552 1.10589 0.55848
0.40351 -1.4581 -0.79541 3.1063 0.22739
1.41901 -2.83306 -0.62223 3.46369 0.48491
-0.0599 -0.4103 -0.59185 1.47554 1.12038
0.72961 -0.30596 -0.62527 1.60329 1.45209
0.77386 0.51143 1.63913 2.24143 1.66934
0.82956 0.62515 1.03224 1.53828 -0.87898
1.73561 0.18205 0.59659 2.06989 -0.2312
2.91919 -1.51191 0.44664 0.63362 0.54762
1.73786 -1.6901 -0.2794 -0.24834 0.21371
0.09145 -3.12624 1.74382 1.3341 1.36265
0.25753 -4.18548 1.60748 -0.35195 2.28119
1.58258 -2.33533 0.4868 -1.29162 0.29865
1.88858 0.67477 0.44433 -1.17286 0.54327
1.97962 0.73452 1.15629 -0.5259 -0.48295
-0.13157 1.56052 0.88981 0.99324 0.12536
-0.23105 0.97619 -2.01462 2.12045 0.12555
0.05796 1.82528 -1.24389 1.95863 1.83039
0.29907 1.0679 -2.53267 0.62759 0.35033
-0.42482 -0.49131 -0.20479 0.14064 1.02304
0.10017 -0.29718 0.30211 -1.18231 1.53425
-1.66083 -0.56446 0.99163 -0.91531 0.72867
0.30649 -0.19847 -0.97813 -2.60921 2.09549
0.01653 -0.83647 0.36522 -2.35829 1.9191
0.41698 -0.96307 0.84543 -2.31164 0.19712
-1.01677 0.00668 1.82913 -1.86743 0.52018
-0.21871 0.33113 -0.26769 -0.69403 -1.79438
0.03999 -0.25795 0.02245 -0.08478 -2.16372
0.67738 0.33954 -0.46355 1.50718 -3.59643
-0.32663 0.65659 -0.69544 1.7498 -0.96563
-1.92438 -0.20225 -0.95511 0.64375 0.18575
-2.92915 -1.5628 -0.1061 1.70474 -0.0166
-1.7468 -0.29266 1.16579 2.43447 0.05303
-0.6715 -1.38816 0.67533 1.46235 2.42014
-0.54807 -0.03852 0.85483 3.17724 1.31661
0.40653 -0.98148 1.35876 1.56152 1.21728
-0.019 -1.18461 0.66842 1.06737 1.8899
2.67806 0.69484 -1.10634 0.6007 2.37303
0.58664 0.37531 -1.60572 -0.92683 0.77485
-0.5583 2.34834 -0.29898 0.08707 0.48454
0.89884 1.88027 0.79101 0.1458 -0.12991
-0.60878 0.19606 -1.39595 -2.10433 -1.85713
2.36206 0.1374 -0.02702 0.51076 -0.09319
1.31138 -1.03699 -0.98073 1.01445 -0.26917
1.02475 -0.08314 0.20967 2.83898 0.88685
-0.93119 1.10867 -0.93255 1.89108 0.27208
0.39299 2.04676 1.1641 3.91841 -0.36321
0.23164 2.55595 1.69431 2.45168 1.07512
-0.05721 2.11928 -1.00722 2.98799 1.72622
0.92886 1.04558 -0.14386 4.36107 2.88769
-0.40753 -1.2928 0.39633 3.42241 -0.1073
-0.22033 -2.13834 0.60445 3.17457 0.20414
0.58765 0.53971 0.6806 0.44591 2.34979
0.43539 2.16762 2.32173 0.15828 -0.09951
1.21451 2.44841 1.78512 1.9961 0.79035
1.16277 2.30807 1.51862 1.09241 1.6335
1.03187 1.81723 0.21826 1.09914 0.73556
3.69682 2.01492 -0.56998 -0.11245 1.21438
0.92843 0.10302 1.4587 0.56795 2.00601
2.69061 -0.03293 0.08632 1.06861 1.36317
0.76388 0.21849 0.61134 1.39416 0.65306
1.31338 0.55971 -0.3318 0.39668 0.73151
0.37046 0.43792 2.00322 0.84838 1.18466
2.09356 -0.17615 1.86745 0.53162 -0.35853
1.41165 1.40773 1.14894 1.2485 -1.42326
-2.15138 1.63548 1.12223 1.41292 -2.63327
-1.7299 0.35023 1.41434 1.74011 -1.38208
-0.4374 1.13007 0.86522 0.20965 -0.87855
-1.4975 1.96573 -0.28223 -0.81226 0.77892
0.26161 1.26924 0.14414 -2.3757 1.38852
-0.65689 -0.10447 1.19021 -0.76843 1.16635
-0.58525 0.02795 1.67004 -0.32261 1.21609
1.10844 -0.53617 0.51008 -2.46484 -0.66024
2.01125 -0.30489 1.16393 -1.78209 0.15877
1.04178 1.31954 0.78672 -1.61961 -0.33155
0.0423 1.09793 0.83307 0.17421 -1.62913
0.47023 0.6198 -0.67468 -0.88032 -0.35477
2.0405 -1.22074 -0.3822 -0.56657 -2.02363
0.95093 0.31442 1.0609 -0.16119 -1.64131
0.30875 0.19229 1.83149 -0.82014 -0.26332
-1.4561 -0.10686 1.64742 -0.74343 -0.3214
-1.52554 0.75282 1.30584 -0.12482 0.39216
0.06255 1.48743 -0.03646 -0.98236 2.07505
-0.98147 1.75903 1.28274 -2.48106 -0.53583
-0.38716 2.06367 1.18377 -1.36655 0.05827
-0.27123 0.47876 -1.65266 -1.50402 -0.10481
-2.40049 1.21018 0.51596 -1.30031 -2.11098
-1.75172 1.17583 1.24994 0.11756 -2.65345
0.85176 0.53716 -1.58612 -2.58643 -1.96727
-2.66551 2.50568 -0.50388 -2.27724 -1.69698
-0.86132 1.36743 -0.64954 -1.17414 -0.18511
0.69395 0.37131 -1.2905 -0.25116 -0.76518
-0.07682 -1.77065 0.31582 -0.83369 0.71805
1.16891 -2.06075 0.25572 0.54518 -1.68164
1.35276 -3.2742 -0.10003 2.69737 1.22479
2.49828 -2.65427 -1.19828 0.22385 -2.13426
1.76241 -2.3969 -1.32158 1.15452 -1.43557
2.80824 -3.25712 0.25501 2.25596 1.20558
2.68627 -2.60742 -0.23073 1.29212 2.37447
0.4516 -0.13958 -1.94218 2.81902 1.42576
1.02817 0.93742 -0.65907 2.6827 1.04679
2.29306 0.22036 0.93867 2.75307 2.64419
2.0312 0.8787 -2.29405 3.94041 3.18116
0.932 -0.50933 -2.00111 4.29486 2.83492
-0.54186 -0.14875 -1.01245 3.71431 4.07473
0.0703 0.3229 1.07852 3.03578 3.23189
1.29644 0.52849 -0.18385 1.66039 1.91176
1.04573 0.57165 0.7684 0.04295 2.72098
-0.2601 -0.17376 -0.45063 -0.16237 2.47605
-1.0762 -0.98989 -0.23173 -1.41739 1.40198
-0.44867 -1.37578 -1.35463 -1.59224 0.59044
0.34438 -1.58292 0.9668 -2.82977 0.20955
0.08174 -0.03713 1.48445 -1.52822 -2.51333
-0.10665 1.35354 1.35965 -1.9937 -2.02364
0.8953 1.24431 0.4792 -2.96692 -1.36502
-0.04492 2.21808 1.06981 -1.43126 -0.8083
-0.35651 2.2851 -2.15668 -0.03812 0.19715
-0.40993 1.21389 -2.03644 0.19656 0.46291
0.60409 2.2081 -0.12192 -2.18439 0.57488
-0.43545 2.05054 0.81861 0.11382 1.14029
-0.81255 1.62902 2.03281 1.69648 0.23852
0.87004 1.87746 1.52391 -0.62246 -0.3616
0.90764 0.52341 1.00969 -1.88014 0.35209
0.23281 1.27737 1.84777 -2.43154 2.50675
1.03017 0.94519 0.3929 -0.88945 0.64653
1.15537 2.0057 -0.33012 -1.13116 -0.56791
2.75687 1.78156 -0.54259 -1.95688 -1.85538
1.53239 0.97642 2.39495 1.77673 -3.19051
-0.76805 0.23734 2.0641 2.70286 -0.51822
-0.86345 0.96178 0.70795 3.9762 -1.01286
-1.90869 1.55079 0.7185 2.30737 -0.76173
-0.75218 -0.45058 0.77752 1.17958 0.61097
-1.88718 0.30933 0.9864 -0.14476 2.94583
-1.37865 2.48391 -0.00231 -1.1839 1.57369
-0.96185 2.85814 -0.32863 0.7084 -0.91858
1.00916 3.63013 1.02848 -0.12117 0.30673
3.34698 2.66009 2.53232 -0.40383 -0.5177
2.55892 3.25144 1.5576 -0.88841 0.00216
2.4829 3.70414 0.11938 0.49925 -0.86259
1.58247 2.16203 1.42099 1.17337 -0.49461
2.79963 0.57239 1.16249 1.17831 -0.4485
0.46666 -0.60364 -0.55781 2.76656 -0.58246
-0.94974 2.21083 1.74658 2.43421 -0.44756
-1.69205 2.64645 2.19152 3.685 -0.3613
-0.8064 3.43016 0.34675 3.6724 -0.87568
-0.57873 3.29019 0.5374 3.23688 1.21343
0.39351 1.66435 0.70071 3.06022 2.20206
0.93272 0.74437 2.73282 0.26115 2.36166
0.65954 0.95512 1.99729 1.27426 2.54844
0.75828 2.11968 2.41051 1.10981 1.1782
2.55043 1.80588 2.20761 1.8562 1.51001
3.18746 2.94749 2.06142 0.76152 0.61825
1.7977 2.36174 2.65471 -1.07709 -0.11251
-0.47456 1.6878 1.04035 1.76113 0.37995
-1.08301 2.7539 -1.35961 1.97613 -0.84851
-2.30173 3.14529 1.77149 2.34087 -0.67245
-2.41606 0.95787 1.63597 1.73378 0.84218
-1.67768 1.24127 1.25424 1.74678 -0.36289
-0.74195 1.2119 1.79414 1.38423 1.12419
0.86121 1.65205 1.39632 0.1014 1.67322
-0.59185 0.32067 1.21106 -1.97006 1.56266
-1.58704 1.82803 1.24936 -1.46497 0.97484
-0.83217 1.92219 0.50539 0.26686 3.32078
-1.20816 1.68829 1.86264 -0.84673 -0.34475
-0.85839 1.49344 1.02589 -1.33233 0.07744
0.47248 2.09636 -0.31727 -0.51316 1.16557
-0.86915 1.10437 0.18247 0.7666 0.60966
0.86505 0.52853 0.26354 0.65148 0.07372
-0.02989 1.6017 0.16413 0.74462 0.63117
1.65691 1.51607 2.09395 2.29721 0.58843
0.85139 2.57079 1.71043 0.15479 0.04045
0.74318 5.00397 1.06481 0.61109 -1.57605
3.02868 5.60308 1.40849 -0.33299 0.23533
2.33361 3.23295 3.22883 1.44146 -1.98025
1.22811 3.82427 0.78801 2.35177 -1.12747
0.69816 3.55885 -0.45405 1.88591 -0.00508
0.93161 3.15663 0.44481 2.11769 -1.08778
0.42757 3.32708 2.23574 3.44437 0.05343
-0.48954 1.4077 2.54846 3.33156 -0.43875
-0.86479 0.33582 1.9831 1.60191 0.2141
-2.29135 1.76444 0.81404 1.57528 0.78311
-0.82401 0.28975 1.32895 2.07537 0.56204
-0.56223 2.21695 0.27109 0.76728 0.04849
-2.94213 3.28013 0.09917 -0.70635 -0.74655
-1.85894 3.3775 -0.37515 -0.43594 -1.39312
-0.51124 3.55981 -0.57134 -1.65938 0.26835
1.21602 2.54641 0.22894 -2.54528 -0.96295
0.34545 1.44424 -0.44171 -0.54367 -0.84726
2.05376 0.85906 1.58373 -0.07831 0.48426
-0.00543 -0.47119 1.0047 -2.77756 -1.16388
0.56967 0.38604 1.38895 -2.35365 1.07358
1.53061 0.99138 0.36687 -1.35107 -1.55087
1.29871 1.27099 0.56395 -2.81147 -0.71017
2.43099 1.09263 1.99965 -0.11085 -1.10179
1.87554 -0.15915 0.99802 -0.14277 0.02997
1.43924 0.61965 1.42917 1.38058 -0.22664
0.39224 1.89173 -0.3034 -0.30149 -0.43735
0.87958 2.19462 -0.06715 -0.07983 2.26019
-0.28007 1.19486 0.31784 -0.51171 0.34717
-0.06211 2.24685 0.08308 -0.63549 0.42223
1.50664 3.0512 2.10061 0.06183 0.26059
0.20757 3.26037 -0.26697 0.69055 -0.34766
0.69251 4.26218 -1.49371 0.35962 -0.8362
0.94923 4.28888 -0.82539 -0.78228 -0.77183
0.36232 2.10972 -0.42948 -0.75292 0.17971
0.55403 1.20259 0.25686 -0.44224 -1.21978
0.34162 0.44995 0.88436 0.50164 -0.15505
0.44545 -0.47909 1.76863 -0.02736 -1.74662
0.84881 -1.84232 1.61982 -0.33501 -1.36838
-0.82752 -2.0392 3.01349 0.27923 -0.62431
-1.91854 -3.39148 1.80161 0.50352 1.21317
-1.64296 -2.38653 -0.44438 0.63223 0.21379
-1.33361 -0.3775 -0.42476 -0.15141 3.12534
-2.841 -0.23011 -1.97564 0.09008 1.32905
-1.27382 -0.83469 0.02497 -1.2811 0.78559
0.07187 -0.76095 -1.30093 -2.50115 0.30104
-0.68629 -2.62644 -0.50818 -3.95287 1.88371
-0.40897 -2.0473 0.50615 -4.39737 0.51044
-0.96929 -0.80295 -2.07866 -3.33679 -0.06681
-1.20514 -0.4622 -0.06673 -4.1111 0.38321
0.97666 -1.16764 0.41981 -2.50449 -1.24492
-0.10904 0.55243 -0.17109 -0.56805 -1.71013
-0.22001 -0.29309 -1.25396 0.14556 -2.40764
-0.74117 0.79912 0.81889 -0.65276 -3.33363
0.37675 -0.80566 -0.60842 -2.28251 -1.6241
-1.10449 -0.95656 0.6365 -1.8306 -1.00266
-2.02918 -0.95261 1.0622 -1.40266 -0.72792
-2.16613 0.34475 1.00076 -1.7685 -2.21302
-3.82957 -0.29887 0.67219 -1.16566 0.18278
-1.21332 -0.43463 0.38479 -1.17783 -1.01753
-3.38627 -0.73582 -0.73914 -3.74526 -3.84699
-1.48469 1.02548 0.61549 -4.58165 -2.20022
-1.74929 0.30984 -0.51806 -4.94245 -2.11658
-2.6607 1.57989 -2.14332 -3.53263 -1.30119
-1.76425 0.03406 0.20016 -2.00573 -2.36593
-2.6792 -2.03903 0.15102 -2.93356 -0.58463
-1.70594 -0.88647 -1.14529 -1.4708 -1.81637
-0.40578 -0.3758 1.11445 -2.89952 -2.59993
