-2.35698 -0.79056 -2.80521 -0.41139 2.0819
-1.2789 -1.31641 -2.07266 -0.96024 0.35688
0.34672 -2.0012 -1.35529 0.23627 0.17562
0.55164 -0.47835 -1.52233 0.18783 1.49682
1.67215 -1.85506 -1.1993 -0.07698 2.22599
0.76357 -1.25592 -1.87788 -1.2329 1.48298
0.42959 -0.99862 -2.07874 -0.45543 3.37046
0.52719 -0.47121 -2.5574 -1.51408 1.64916
-1.88737 -0.92555 -2.96632 -0.03127 -0.11359
2.0798 -0.55974 -3.20914 0.37188 -1.35347
-0.13868 -1.47865 -2.90397 -1.3606 -0.7552
0.16791 -0.76497 -1.11662 -0.2562 -0.33776
-0.47435 -1.07684 1.42741 -0.83658 1.54112
-2.22422 -2.16949 0.05407 -0.63938 1.18403
-0.12314 -0.45955 0.38544 2.05718 1.39804
1.03836 -1.45239 0.00922 0.60516 0.83846
0.98544 -0.18682 0.28697 -0.09529 0.00342
1.04177 -0.63615 0.75131 -1.52519 -1.28459
0.78465 -0.86778 -1.14088 0.85967 -0.43345
2.2658 1.85902 1.563 0.2145 0.20689
1.9614 -0.37571 -0.30975 1.31765 1.6471
-0.29714 0.43771 -0.48486 0.94879 3.45558
-1.1698 -0.17801 1.323 1.05162 2.36251
-3.35398 0.19424 -0.5287 0.12841 3.02485
-1.49145 0.48412 -1.73786 0.35866 2.20719
-1.25358 -1.96856 -1.02455 -0.81006 2.24507
-1.69383 0.52699 0.13936 -0.68839 3.39111
-0.95453 2.13218 -0.76879 -1.48087 2.62194
1.64827 -1.69906 -1.98081 -1.44575 1.42809
0.89976 0.33635 -2.99201 -1.1685 1.38596
-1.59404 -0.54624 -2.79264 -0.49534 2.50236
0.22062 -0.3662 -2.27714 0.1725 0.75643
-0.18921 -1.20164 -2.05381 -0.71873 -0.60565
-0.47517 1.31109 -2.66006 0.90366 0.81095
-0.14819 -0.60027 -2.50952 0.80609 1.0651
-0.86169 0.48299 -1.03374 -1.46554 1.32673
-2.73952 0.84159 -3.19 0.73861 0.53086
-2.98575 -1.62013 -3.46892 -1.70891 0.4194
-0.33319 -2.91882 -2.55236 0.09984 0.23636
-1.40325 -1.15797 -2.90152 -1.65544 -0.57569
-0.63866 -1.35184 -2.57064 -2.56523 0.17697
-1.35339 -1.42734 -1.28091 -1.44464 0.54772
0.5863 0.94722 -2.14469 -1.13053 1.56332
0.09977 0.87496 -2.40173 -0.13144 1.86086
-0.31708 -0.30709 -2.43485 -1.35306 2.03695
-0.05096 -1.02227 -1.5213 -1.07908 3.34417
0.18481 0.04498 -1.14446 -1.95708 1.29374
-0.21816 -1.07374 -1.22485 -1.52589 1.91407
-0.26015 -1.46074 -2.78253 -3.63743 0.95485
-0.6629 -0.96198 -2.1409 -1.79703 2.29519
0.21777 0.09373 -2.04423 -2.67229 1.24917
1.64115 -0.16013 -3.3939 0.77442 -0.2387
-0.12072 0.76176 -3.07681 -1.63602 -0.39261
-2.07186 -0.77453 -4.1627 -2.9559 -0.34884
-1.09745 0.53492 -2.61625 -1.76777 -0.19488
-1.95962 -1.11314 -3.53631 -3.10161 1.11719
-1.27698 -1.12088 -3.10351 -2.65255 1.14647
-1.70347 -2.52699 -2.12 -1.01142 1.06145
-0.54459 -0.45096 -3.37641 -1.77028 1.89847
-0.40585 -2.08965 -4.14 -0.7558 3.21323
-1.06816 -0.4492 -3.32687 -0.1151 1.94426
-1.98804 -0.39339 -2.65354 0.41182 2.78698
0.30996 -0.9554 -2.76213 -1.2206 3.03274
-1.24684 -1.94636 -3.85704 -2.55167 4.17535
-3.10789 -0.09822 -1.47179 -1.33376 3.32523
-0.21504 -2.17562 -2.1397 -0.50006 4.16779
-1.38462 -1.53718 -2.23185 -0.8194 4.44003
1.2824 -1.10376 -2.0845 -2.44054 2.54282
0.31203 -0.74194 -2.71064 0.78165 3.3674
0.08085 -0.38148 -3.67647 -0.54507 3.94402
0.25243 -1.66959 -4.1384 -1.51633 4.296
-1.2989 0.73494 -4.0161 -0.88421 3.74231
0.33509 -2.37434 -1.71923 -0.61259 3.05667
0.47044 0.71392 -2.465 -2.06919 3.55264
-0.85394 -2.60199 -4.61742 -0.1961 4.14252
-0.42566 0.02381 -2.87611 1.58605 2.59843
0.51723 -0.22008 -1.93478 0.29008 3.27679
1.28988 -0.7823 -1.28192 -1.49691 1.98786
-0.35273 -1.44519 -0.82342 0.55266 1.0689
1.74287 -0.98471 -1.49597 1.56656 0.70982
0.50468 -0.26337 -1.62414 -0.17671 -0.16059
0.59226 0.57844 -0.58998 0.61421 0.95309
0.91922 1.13659 -0.51442 1.2365 1.83005
-1.26984 -0.18202 0.04271 -0.77384 1.30507
0.22195 0.08092 0.81234 1.00643 0.58307
-0.93307 -0.35385 0.47814 0.65603 -0.01662
-0.18121 -0.14106 0.38528 1.04733 -0.2017
0.81521 -0.57708 -0.28651 0.76644 1.19505
-0.0325 -1.82445 0.34014 1.46804 0.71845
0.03078 0.54785 -0.16149 -0.82865 0.83939
-1.11191 0.96246 -0.02718 -0.21307 1.02562
-0.95427 -0.19863 -0.03315 -0.65589 1.37154
1.32535 -0.31961 0.68753 1.58907 3.94093
-0.60751 -0.89482 0.77578 -0.29611 1.99673
0.91846 -1.64446 1.00775 0.23721 0.46376
0.12451 -1.37738 0.1552 -0.5204 0.20579
-0.4871 0.73581 -0.18017 -0.36016 -0.10787
0.89792 0.50538 -0.66072 -0.22551 0.3517
-2.04584 -0.60559 -0.79952 1.30483 0.16448
0.08982 0.82037 -2.06332 0.08058 1.23806
-1.01248 -2.94933 -1.28604 0.16192 0.80978
0.93053 0.95657 -1.48063 -0.37833 3.06165
0.45189 -3.29023 -1.58854 -0.83654 2.86464
-0.43024 -0.54538 -1.32511 -0.15086 3.38966
-0.21028 0.58509 -0.48554 0.24186 1.43857
0.0046 0.2739 -0.11426 -1.07206 2.65798
1.27758 -1.52275 -0.24692 -1.04555 4.09271
0.95806 -0.51529 0.92775 -1.77526 2.87937
0.41358 0.10782 0.91129 -1.66399 2.54109
1.46265 -0.99373 0.04733 0.5191 1.96248
1.67365 -2.03752 -1.4254 0.12453 2.40912
0.13533 -0.06474 -2.27578 -1.32865 0.73919
0.94817 0.17177 -2.5499 -0.11674 0.96523
0.45833 0.31618 -1.95674 -1.60621 -0.71366
-0.56282 0.30315 -3.85947 0.0462 -1.7727
1.64408 -0.285 -4.35261 -0.3896 -1.50297
0.35012 0.56342 -3.51836 -1.71069 -1.61787
-1.5544 -0.35758 -4.44435 -2.9677 1.53326
-0.32369 -2.36461 -3.58402 -3.38994 0.33892
-1.86807 -1.1973 -4.05358 -2.44247 0.10779
-1.23254 -1.9303 -4.66196 -1.91788 -0.29689
-1.58613 0.81484 -2.84702 -1.94463 0.14595
0.79127 -1.39907 -2.82776 -2.19308 1.41129
-0.17611 0.28561 -3.18096 -0.63172 1.359
1.00141 -0.8235 -3.34926 -0.12618 1.33444
-0.58716 -1.22958 -2.95606 0.43324 1.24107
-0.499 0.57578 -2.82823 -1.68959 1.21578
-0.72834 -0.03087 -3.05761 -2.09084 1.72457
-0.3274 -0.69069 -2.17969 0.52714 1.29283
0.15216 -0.78456 -1.42529 0.84663 1.21246
-0.56155 0.65372 -1.4509 -1.01081 1.24091
0.26861 -0.33535 -3.71404 -0.7314 1.59159
-1.84542 -1.68416 -2.52978 0.41232 1.15456
-0.33085 -0.4536 -1.72532 1.08552 2.28137
-0.16265 -0.39392 -1.98265 -0.09095 3.42797
-1.77116 0.83492 -1.26817 0.03955 3.23477
0.07533 0.68436 -2.23029 -0.31768 2.4483
0.72767 -2.36596 -1.44982 -0.90401 2.57491
0.23422 -0.37085 -3.02818 -2.02451 2.73436
0.07624 -0.18243 -1.46199 -1.79299 3.94232
2.74008 -0.33251 -0.51951 0.12728 5.15862
-0.31956 -0.32361 -1.30544 -0.20585 4.16125
-0.06219 2.13007 -0.75214 1.08587 4.25096
1.62243 -0.64602 0.81029 -0.60735 3.88992
0.65132 -0.95548 2.79298 0.23555 2.57518
1.59793 -0.78031 2.98242 1.30203 0.50543
3.35829 -0.33297 3.05406 -0.61601 -0.12671
2.04523 0.95046 3.15501 0.9861 -0.49557
2.62806 1.89244 1.54523 0.19237 -1.48862
1.40667 1.2883 1.59615 1.85149 -2.16772
1.55824 1.20697 0.94954 1.81251 -0.09908
1.04385 0.46079 0.50015 1.08509 -0.32223
0.78405 -0.0754 -1.10307 1.41368 -0.37041
-0.63673 0.60802 -0.08794 -0.93592 0.60198
-0.53678 0.29422 -0.37173 1.07743 1.01038
0.37488 -0.38926 -2.63163 0.12473 0.70641
-0.91085 -1.21259 -1.69662 -0.03758 -0.66746
0.23968 -0.07148 -3.43881 -0.35976 -1.11723
-1.46094 -0.64543 -2.56106 -0.3155 -0.94322
-2.27923 -1.01613 -1.62341 -0.79338 -0.10008
-0.54141 0.0054 -2.16045 -1.11935 -0.16303
-0.35899 -1.23979 -1.08874 -1.0974 1.36495
-1.65761 0.42529 -0.58031 -0.67237 0.75737
-0.44905 -1.7954 -0.23508 0.89798 3.06211
-1.60712 -0.29965 1.097 0.41547 1.21739
-1.54051 -0.49134 0.5645 0.09347 0.57612
1.04417 -1.09332 0.32514 0.65889 -0.89213
1.19526 -0.93184 1.04066 -0.61571 0.12381
0.30885 -0.35339 0.3186 -0.17564 -0.3691
1.89656 0.6859 -2.18258 1.37868 -0.80987
1.18069 -0.13771 -3.74483 0.48787 -0.89409
-0.57591 1.43209 -2.86554 -1.24283 0.17718
-1.38369 1.6553 -3.78248 0.44702 -0.78194
-0.0988 0.05829 -3.33887 0.73164 0.11475
-1.00902 0.23581 -2.81862 -0.89755 -1.43182
-2.5924 -1.40238 -3.24121 -0.96254 -0.99006
-0.75634 -1.62396 -2.0562 1.32017 -0.93169
0.46169 0.17457 -0.8612 -0.30192 0.20381
-0.81831 0.2917 -0.11414 -2.09723 -0.3923
1.13242 -0.44356 -0.57873 -1.8367 0.11962
2.34487 0.76698 0.04523 -2.8276 -1.49345
0.26418 0.17042 0.38559 -1.59956 -3.04906
0.15122 0.36623 1.8338 0.55566 -2.71273
-0.73634 -1.63106 -0.13232 0.96693 -2.06569
1.28838 1.92738 1.15848 -0.32055 -0.58774
0.09884 -0.29004 0.19732 -2.08472 -0.69243
-0.71167 1.83939 -1.21039 0.04812 0.14141
-1.91047 0.30095 -2.06911 0.77366 0.56567
-1.31947 0.62389 -2.23192 1.99115 1.43974
-0.6351 0.80493 -2.2026 -1.50419 0.3674
-0.44243 -2.25654 -1.33711 -2.36763 0.25459
-0.11848 -0.28482 -0.93215 -0.17195 0.49993
-0.90239 -2.28047 -2.5119 -1.24248 -1.10054
-1.01184 -0.42873 -2.1682 -0.9034 0.5273
0.24771 -1.5969 -2.10701 -0.43979 -0.62743
-0.94125 -1.02653 -1.48698 -1.34599 0.02246
-1.04154 0.47021 -0.44118 1.49272 -0.07222
0.26985 -1.98345 -1.95096 0.85941 -0.48488
-1.07755 -1.00176 -2.66295 -0.36793 -0.43179
-0.99157 0.0489 -4.09852 1.06917 -0.47523
-0.53283 -1.26933 -2.1792 -0.2503 -0.4535
-0.3827 -1.48151 -2.15706 -1.18233 -0.13871
-2.6008 -0.06018 -0.48108 -1.41634 -1.11864
-2.30149 -0.84057 0.14019 -1.40959 -1.61301
-1.22805 -1.02997 -0.62854 -1.19504 -3.13594
-0.11269 -0.20985 0.19605 0.15146 -1.12631
-0.72751 1.00353 -0.82099 0.00642 0.02392
-0.96849 0.6476 0.51427 -0.97193 2.16026
-0.12865 -0.23262 1.1135 0.23967 1.94294
-2.89765 -1.07991 0.63095 0.32626 0.46915
-0.152 -0.46444 0.73576 -0.75133 1.21641
2.44914 -0.91645 0.05007 -0.67052 1.07279
2.50794 -0.82139 0.32839 0.05047 -0.19175
2.97558 0.79799 -0.84015 -1.09923 0.62508
1.48026 2.77411 -1.5451 0.43309 1.19935
-0.67541 0.77388 -0.72232 -0.38675 -0.42513
-0.11069 -0.21682 -1.62209 -1.35044 0.62298
-0.15193 0.15073 -2.44773 -0.45049 -0.51238
-1.46435 1.28954 -2.26254 -0.46514 -0.56878
-0.91579 0.74317 -1.32933 0.03486 -0.60946
-0.47066 -1.61546 -0.90645 -2.24 -0.63827
-0.21517 -1.72156 0.3983 -1.93664 -1.21884
-1.06314 0.25389 0.27448 -0.11716 -1.70116
-0.27777 0.9761 -0.95676 0.14219 -0.46455
-0.1946 1.37307 -0.8346 -0.35649 -1.13887
-0.14243 -0.55664 -2.33546 -1.57335 -0.53825
-1.49702 0.92329 -2.24963 -1.26311 -0.88332
-1.75586 -1.06206 -2.4406 -0.14623 -0.01595
0.96238 -2.09399 -2.89665 0.00282 0.0517
1.30632 1.19609 -1.46744 -1.3577 0.01152
-0.47882 0.37045 -2.44705 -0.33723 -1.0335
-2.42566 0.39667 -1.94669 -0.52389 -2.79801
-1.19609 -0.19278 -1.2858 -1.59927 -1.31513
-1.75916 -2.05044 -0.219 -0.15752 -1.1365
-0.65148 -0.84545 -0.80269 0.67586 -1.07113
-0.82402 -0.22859 -0.94196 1.52865 -1.24461
0.34023 -0.42752 -0.39668 0.11852 -0.93414
-0.75529 -0.89813 1.93488 -1.12173 -3.67771
2.11165 0.85083 0.51865 0.20827 -4.76614
0.83017 -0.533 -1.09109 -0.46052 -4.52477
-0.52822 2.08375 -1.26897 0.64872 -2.80377
-1.10355 1.7462 -1.64427 1.79293 -4.50947
-2.46399 -0.79687 -1.75301 -0.81295 -4.51256
0.17422 -0.04242 -2.07236 0.83009 -4.21202
-1.14788 -0.54408 -2.43962 -1.81764 -4.24663
-2.556 1.10471 -2.60667 -0.83534 -3.86426
-1.77151 0.49966 -1.6873 -0.06127 -2.18281
-0.18404 -0.66306 -2.26781 -0.13308 -2.89311
-1.75045 -1.23241 -2.0145 -2.28956 -2.18039
-1.95328 0.21003 -2.60611 -0.88929 -1.3697
-1.26614 -1.37936 -1.28487 0.08498 -0.57222
-1.56949 -2.70487 -0.00056 -0.92479 -0.45576
-0.34561 -1.24822 0.30252 0.18797 -2.12732
-0.75652 -1.39783 0.95166 0.55256 -3.5817
-0.57157 0.32417 1.24092 0.8155 -4.70664
-0.98486 -1.05995 0.08051 -0.46207 -1.9106
-1.0491 0.64959 -0.88749 1.99592 -1.76778
-2.50365 0.12125 -0.74327 3.71114 -3.63871
-4.0458 0.00645 -1.13585 0.16649 -3.37864
-0.55683 -0.0442 0.68557 0.9791 -2.51189
-0.19485 0.14374 0.50236 -0.50713 -0.40139
0.96273 0.22629 1.70842 -0.60816 -0.82852
0.3991 0.88014 1.24202 -0.14567 -0.98869
-0.2136 0.66396 -0.3416 -0.63295 0.12337
-1.15741 0.30748 1.70816 -1.25976 0.39483
0.38346 0.99609 1.68327 -0.97154 -1.82707
0.48594 -0.59743 1.29598 0.18408 -2.16654
-0.38004 -1.15789 2.53104 -0.1902 -0.24508
-0.3485 1.98805 2.15473 0.48475 -0.43905
1.49497 -0.03055 1.53504 -0.23428 -1.50497
0.80886 0.32156 1.66896 0.91264 -0.05195
-0.08067 1.59612 1.31578 -0.3681 -0.7364
-0.30744 -0.0706 1.31862 -1.79851 -0.0807
0.24724 0.17579 1.31524 0.3706 0.08245
-1.54163 0.42657 1.13389 -0.50837 -1.89371
-0.99793 -0.19832 1.03964 -1.05742 -2.22797
-0.18721 -0.50964 -0.92714 0.30315 -1.0465
-0.51674 -0.49416 -1.21968 1.28428 -1.29276
-1.39017 1.45854 -2.42854 -0.53822 -0.80015
-2.85788 0.54616 -0.19262 0.10098 -0.81169
-1.13163 -0.63129 0.07126 -0.68236 -0.34796
0.95858 -1.19951 -0.23517 0.66646 0.31463
0.7803 -1.68376 0.39613 0.61499 -0.26328
0.93654 0.51938 2.58265 0.65973 0.97626
0.45041 -0.82399 3.77985 -0.06752 -0.48318
-1.33004 -0.81363 4.80718 -0.57421 -0.98816
3.24126 0.96521 3.81759 1.91383 1.42482
1.53235 0.04439 4.27325 1.7179 -0.76695
2.27322 1.73684 3.16278 1.4176 -1.21882
1.15706 1.333 3.29338 1.96131 -0.55175
0.69104 2.34728 4.64959 2.22938 0.35741
2.0672 2.27668 3.39516 -0.04085 -0.64678
0.26087 0.17041 4.01733 2.37153 0.72717
1.15404 1.21309 3.11196 1.58917 0.10648
1.12314 0.33627 4.5929 0.19959 0.66932
0.60862 -0.11986 4.69176 -0.06219 2.18911
1.77681 0.34132 2.02405 2.25911 1.66016
1.28492 1.52654 2.96205 3.03873 0.39122
1.57476 0.73813 2.93463 0.00249 -1.71874
1.93373 1.40535 2.49055 1.07976 -2.56709
