-0.49237 1.89122 1.2837 1.60986 -0.43709
-0.238 0.45776 2.87032 0.88841 -1.44244
-0.84669 0.86115 1.3259 -0.5522 -1.9866
-0.99404 0.58411 0.02904 -0.48336 0.03047
2.41165 0.05328 0.20935 -0.47042 2.0404
-2.13332 1.51672 0.45935 -0.75831 0.98496
-1.486 -0.53388 0.05652 0.64711 0.02765
-1.59403 0.07556 -1.8687 0.17293 -0.08274
-0.56278 0.21363 0.31416 -1.36034 -0.65414
-0.84136 0.60183 1.92189 -0.31196 -1.5339
0.45398 -1.0162 0.3607 -1.07881 -0.76591
0.05636 -1.14861 -2.07831 -1.06783 0.51932
-0.56263 -1.84768 -0.56098 -0.66808 0.30029
0.97589 0.10156 1.10615 -0.29669 2.11036
-0.13672 1.78295 -0.62399 1.19523 2.24506
0.57041 2.49597 -1.55768 0.72195 -0.01246
-0.66225 2.55213 0.05967 -0.65218 -0.96263
0.20898 1.09754 0.25354 0.34831 0.75464
1.09671 -0.05552 1.10306 -1.53858 0.8028
1.19139 0.99051 2.54183 -1.73442 0.45606
0.96203 0.56243 0.15037 -0.70341 0.2954
0.93929 0.27473 -0.51293 -0.96669 1.14026
-0.46741 -0.27039 1.93146 -1.2796 0.60027
-1.14587 -0.87863 1.39087 -1.87221 1.0323
0.12417 1.01716 0.84516 -1.14595 1.19237
1.00618 -0.12388 2.09682 -0.12414 0.84304
-0.22375 -0.37804 -0.40609 0.23383 0.20377
0.10396 1.35837 -0.09075 0.87835 0.4492
1.89019 1.64894 0.76818 -0.70931 0.3628
-1.35407 -0.10034 0.4767 0.09953 2.66316
-0.30507 0.05071 1.83615 1.54511 2.87346
-0.6133 0.29908 2.03083 0.02165 1.06276
0.07633 -0.58751 1.42783 -2.5417 -0.60785
0.94638 -1.67337 0.52137 -1.16354 -1.52516
0.10174 -1.83942 1.39313 -0.58869 -1.75234
0.79014 -2.15648 0.74769 -0.79272 -1.3141
1.08554 -2.11542 0.603 0.2207 -0.13997
1.3281 -0.76116 0.87521 0.65349 0.47958
-0.9744 -1.28734 0.55418 0.21231 0.96739
-0.16441 0.15143 -1.28462 -0.29519 0.33903
-1.37752 -0.26809 -1.19808 0.88073 -0.14366
0.27282 -0.60784 -1.80902 0.07637 0.10877
-0.36982 -0.8758 -1.09667 -0.1576 -0.5898
-0.43811 1.20869 0.59556 1.25432 -1.12858
1.46077 0.62028 -1.38026 0.12451 -2.43775
0.39326 0.83981 0.65125 -2.64541 -1.02512
0.06372 0.60454 1.27456 -0.29655 1.29037
1.26795 0.14047 -0.35619 -1.71813 2.44993
-0.29185 2.02351 -1.4487 -0.35213 1.75196
0.30593 1.68994 0.99454 -0.824 -0.64044
1.84815 2.06429 0.5402 1.30873 -0.54129
1.48048 -0.7287 -0.14044 2.05862 -1.20235
-0.07657 -3.5059 0.19558 2.95912 -1.27578
2.63428 -5.82998 1.27778 1.51811 0.17899
1.14878 -5.75318 -0.30743 0.84744 -0.7167
-0.07032 -6.16263 -0.08183 -1.51163 -0.19025
-0.09069 -4.5703 0.73479 -0.51338 1.29662
-1.6317 -5.67016 -1.29325 -0.02115 -0.00029
-1.23416 -5.15934 0.00196 0.68873 0.49064
-1.24551 -5.34095 -0.33656 -1.61931 1.01168
-0.20792 -3.24643 -0.43497 -1.3712 1.68697
0.08799 -3.99968 0.3342 -0.03418 -1.00196
-0.08551 -3.24743 -1.47695 -1.12379 -0.42951
-0.28491 -2.79142 -1.45699 -1.18817 -0.02769
-0.12399 -4.51532 -0.67869 -0.27066 -0.77807
-1.04182 -3.60883 -0.18474 -1.17824 -1.08924
-1.0093 -3.72588 -1.50326 -2.42723 -1.34809
-1.3221 -4.10666 0.86021 -1.028 -3.20564
-0.14526 -5.92248 1.70371 -0.0603 -0.93883
-0.18407 -5.79133 0.3374 -0.92409 -0.42586
0.29839 -6.34987 -0.43909 -0.30778 -0.24467
0.61274 -6.79065 -1.96899 -1.43656 -0.57983
0.36883 -5.82152 -1.2639 -2.84325 -0.61288
0.30684 -4.62915 0.69171 -0.7971 -0.00367
0.44337 -3.35931 0.81377 -2.00937 0.30172
-0.36636 -1.56126 0.70107 -1.92421 1.21842
0.03787 -2.586 1.27337 -1.12719 -0.25984
-0.83995 -2.4255 0.39404 0.92168 0.47654
0.13454 -2.52107 0.67919 -0.76136 0.86192
-0.01931 -1.87104 -1.59644 -1.9337 1.26764
-0.01025 -3.08651 0.65591 -2.20262 2.1562
-0.41571 -0.22066 2.36184 -1.38621 0.07507
-1.83137 0.01077 0.84764 -2.20481 -1.25088
0.26201 0.15222 1.38929 -0.22153 -1.64581
-0.06392 0.60706 -0.23835 0.91203 -1.36178
-0.11276 -0.74472 0.38033 0.41786 -1.73092
0.92323 -0.30749 0.93197 -0.19276 -0.72674
1.12357 -0.27755 0.68427 -1.92744 -0.63868
0.34792 0.5565 0.30603 -1.69057 -1.01177
0.42363 -1.02013 -1.47864 -2.12943 -0.43916
-0.89263 -2.24361 -1.97611 -1.59944 0.66759
-0.57648 -1.50558 -1.44534 -1.28573 1.6018
-0.29323 -1.45804 -0.4599 -0.79683 0.40542
0.08112 -1.99749 -2.18937 -1.46423 1.67105
0.53775 0.19411 -2.67049 -2.29076 1.58112
1.21671 1.33002 -0.24409 -2.21607 0.425
-0.13235 1.2057 1.84356 -0.6636 0.35455
0.4125 0.24789 1.37013 -0.77346 2.02096
0.7586 1.82438 0.25984 1.34092 0.37749
-0.69772 0.54577 0.08994 1.41054 -0.13243
-0.85718 -0.27407 0.27941 1.43063 1.57612
0.20862 -0.69884 0.69599 0.42174 1.53855
-1.78313 -1.08653 0.34525 -0.10609 -1.05746
-0.42784 -0.29525 0.49867 -1.60144 -0.55744
0.12774 0.03217 0.60793 -1.84677 0.99927
0.90717 -0.38368 -0.26371 -1.78339 -0.25557
-0.64694 -0.56367 1.70976 1.5035 -0.4604
-0.35186 -1.08587 -0.09966 -1.41687 -0.25575
1.1165 -0.96295 -0.03916 0.15281 -0.09127
0.6686 -1.49601 1.219 0.31847 -0.04946
0.52397 -0.69833 -0.19942 1.83926 -1.28548
0.41586 -0.09699 0.05014 1.13861 0.13253
1.18374 -0.21438 2.16227 0.34144 -1.21602
0.06592 -1.15474 1.33578 1.09397 -1.40953
-0.43741 -0.04243 0.86554 0.80707 -1.75307
-0.64742 -0.75764 1.52106 -0.86606 -3.0068
-0.90404 -1.53978 1.61349 -0.26855 -0.70953
-1.5988 -0.18578 0.07885 -0.65988 1.99211
-1.68152 0.43709 0.75178 -2.3083 1.0975
-1.07557 -0.63145 0.87919 -2.50235 -2.15935
-0.42436 -0.85629 0.39483 -2.39449 -1.21617
-1.22324 -1.82846 0.75227 0.00445 0.23537
-2.26884 -2.1071 0.1417 0.74053 0.09066
0.20766 -2.63521 0.94615 -0.22187 -0.08909
-0.98233 -2.28055 1.41769 -0.96301 0.15923
0.18459 -3.69488 -0.94449 0.20107 1.56309
0.68255 -1.94625 -0.14999 -0.34464 1.50235
1.67014 -2.3809 0.39763 0.75321 2.83916
1.50228 -1.27228 -0.61948 1.37718 1.42816
1.44694 -0.48949 0.60936 0.79549 1.50545
-1.03689 -0.22907 -1.53228 -0.1095 -0.0025
-1.62893 -1.87921 -1.52564 0.85922 -0.16327
-0.47806 -0.80928 -1.35866 0.5564 -0.75174
0.39782 -3.31203 0.07977 1.50674 0.70627
1.7455 -3.31492 -0.42012 1.91331 0.18919
2.07261 -2.2599 -2.49646 0.8113 -0.31436
-1.4071 -3.52627 -1.18832 -0.69599 -1.06318
-1.31882 -1.80836 -0.64406 0.33767 -1.14737
-1.17637 -1.24531 0.22788 -1.88069 0.10327
1.39363 0.92045 1.24599 -0.19981 1.04895
0.17347 0.88103 2.319 -0.77577 -0.39382
-1.06606 2.09245 1.00347 -0.61899 -0.37572
0.90569 1.29498 -0.34229 -1.88216 -1.71576
-1.00763 0.40135 -1.55373 -2.59135 -0.75359
-1.42653 0.50018 -0.45659 -0.50787 -0.05745
-0.58415 0.16838 0.53421 0.14681 -0.20379
-0.59996 0.65281 0.12001 -1.82673 0.54103
-1.4509 1.21694 0.17068 -0.65961 1.24588
-2.21404 1.593 0.10681 -0.25263 -0.887
-0.60343 2.62947 -0.16803 -0.68252 0.32451
0.51184 1.81706 0.52157 0.02636 -0.26752
1.30216 0.33614 0.37686 1.62656 0.76392
0.00958 1.41241 2.01784 1.26118 -0.88502
0.65203 1.97356 1.20518 0.77533 -2.84409
0.08968 1.99877 0.16822 0.32234 -0.42251
0.48416 1.6964 -0.96662 1.57833 -0.21189
-0.40023 1.78763 -0.01439 0.28602 2.22495
2.20701 1.49998 -0.887 -0.13168 0.69601
1.12736 1.55649 -2.1252 0.16286 -0.95378
1.14074 2.92476 -2.4573 -0.67094 -1.80561
1.19114 3.88334 0.58942 -1.07058 -2.0445
1.78595 3.37532 0.00172 -0.21254 -0.07692
-0.26458 3.80259 0.51075 0.23753 1.27071
-0.40394 4.20481 0.06531 -0.63274 -1.09025
1.07961 3.41882 -0.87573 0.02217 -2.06945
-0.35141 3.60186 -0.66682 -0.28986 -2.03321
0.0217 1.39792 -0.42432 0.56491 -1.16208
0.84106 1.83737 0.53451 0.41987 -0.1138
-0.49211 2.96053 -0.1103 -0.28242 0.58095
-1.3123 4.31059 -2.5011 -2.14352 0.69752
-1.69329 5.03038 -0.87222 -1.54844 0.75098
-1.3606 4.70197 -0.18221 -2.28415 -0.43222
-0.50793 3.66884 0.7367 -0.4503 0.10066
-0.66269 3.35641 1.13425 0.97858 -0.82935
-0.27394 1.22196 0.75734 0.50519 -2.60251
-0.80086 1.07448 0.32203 -0.29774 -0.66891
-0.76778 1.42728 -1.09842 -1.91818 -0.37611
-0.385 1.72653 -0.34644 -1.41572 0.55903
-2.18664 2.46475 -0.26058 -1.50894 0.07879
-0.0764 1.30485 -1.18859 -2.28515 -1.64758
-0.18495 0.93465 -1.56541 -0.57846 -1.011
0.03459 0.04648 -0.54281 -0.08388 0.0877
0.07922 2.58396 0.6199 -0.01488 -0.58347
0.52425 4.33586 0.17833 -0.17759 -1.24511
1.33089 2.95005 -1.54439 -0.80567 -1.15882
-0.07052 1.97775 -0.76887 -0.25334 -0.46913
0.49383 3.32441 -0.50067 -0.78698 1.50112
1.08449 3.90543 1.09936 -1.45044 0.46321
2.48288 2.60629 1.26818 0.20802 2.41972
2.24793 3.81434 0.88004 -1.08479 2.14327
0.10806 3.59825 1.71904 -0.4282 0.28929
0.15731 2.98 3.17969 1.88548 1.42383
-0.99365 3.83126 1.46871 2.27768 -0.259
-1.16015 2.86788 0.56816 1.57595 0.25333
0.72901 2.57153 1.98741 3.20629 0.11379
0.97451 2.29595 -0.65855 2.66669 0.42057
0.42947 -0.12178 0.41612 1.42273 -0.44876
0.40365 -0.18661 -0.47591 1.20028 -0.10151
-2.35539 0.36683 -1.43069 0.43448 1.01726
-0.71068 2.10808 0.91154 1.29165 0.87335
0.18219 1.29605 1.38514 -1.36172 -0.0606
-1.83916 -0.25767 0.79022 -1.36736 2.41652
1.35338 -1.07902 -0.31543 0.60336 -1.36449
0.35534 -0.52904 0.24057 -0.13064 0.14634
0.8908 -0.91283 -1.31182 -1.05691 -0.513
1.06623 -0.28223 -0.38178 0.08753 -1.99236
0.22691 -1.63341 1.07311 -0.28397 -0.68752
-1.5153 -1.2725 0.56971 -0.3728 0.959
0.61375 -0.97404 0.47203 -0.75079 1.7306
-0.3357 -0.0837 0.37066 -0.76642 0.80002
-0.85659 0.29324 0.10227 -1.62205 1.44658
-2.07166 -0.11254 0.03432 -1.98235 0.60277
-0.95957 -0.13643 -0.00393 -1.27862 0.297
-0.53762 0.15366 -0.00879 0.84951 0.25846
0.57565 -0.69575 0.62257 1.78531 1.9366
0.14202 -0.51473 1.19244 2.52149 0.39443
0.58281 0.01193 -0.75432 1.02245 0.62661
0.35587 1.36124 -0.17093 0.26755 -0.47909
-0.145 1.22286 1.20331 0.60594 -1.4863
-1.29201 0.24966 1.13092 2.42718 -1.24166
-1.05612 1.36204 -0.41651 1.10312 -1.04797
0.42525 2.09979 -1.57013 0.84942 -0.35003
0.90174 -0.22543 -0.48322 -0.60392 -0.16446
-0.65734 -0.90044 -0.18565 -2.60926 0.00279
-0.21301 -1.03707 -0.05132 -1.84006 -0.32086
1.53323 -0.66358 -0.34772 -1.02215 0.01694
0.76995 -0.24323 1.32235 -0.12409 0.06637
0.8688 0.18498 0.28137 -0.10598 0.35029
-0.84191 -1.47698 -0.44416 0.2146 2.17674
1.88117 0.07697 0.16347 0.92066 0.86981
0.71944 0.3608 1.90345 -0.22239 -0.26095
2.00763 -0.97986 1.57256 1.33783 0.11329
1.07195 -2.66437 0.96271 1.08624 -0.39312
-2.13214 -1.12741 0.71781 0.27992 0.51374
-1.77855 -0.52209 -0.29438 1.6454 -1.42659
-1.89242 0.4554 0.66252 0.67232 0.21575
-2.85563 -0.07348 0.92369 1.47511 1.00138
-1.63582 0.71511 0.1873 0.41606 -0.2563
-0.09443 2.41766 0.98859 -1.7266 -0.83106
-0.07138 1.59224 -0.12675 -1.90832 -0.70113
0.26128 2.64613 -0.33599 -0.58548 0.28009
0.24337 2.50902 0.16587 -2.23847 -0.60862
0.04211 2.61999 -0.59809 -1.73594 -0.6021
-0.43055 3.06122 -0.60591 -2.37304 -0.04402
-1.38488 1.99924 -0.88776 -2.51838 -1.52281
1.5403 1.4855 -1.45772 0.66055 0.07731
0.10032 0.32552 -2.49575 0.62166 0.56486
0.82575 -0.67593 -1.7577 0.94256 -0.56635
0.5943 -0.81234 0.30918 0.14058 -1.12111
-0.53942 -1.54711 -0.25346 -1.08493 0.50919
0.59649 -0.37302 0.06213 -0.2792 -0.05693
0.18056 -1.11939 -0.29235 0.9353 0.90324
1.05461 -0.8885 -1.47813 0.63106 0.93896
0.42451 -1.08267 0.14651 0.23295 -0.2989
0.19253 -0.11774 1.11022 -0.01066 1.14567
-0.44482 0.89426 -0.33999 2.47832 1.00352
-0.46409 1.21974 0.8357 0.55075 0.65691
0.39821 0.80387 0.58007 0.42436 0.83571
-0.01179 0.37282 -0.68295 1.8665 0.74234
-0.55393 0.02713 -0.31083 1.80826 0.48299
0.17078 -1.11052 0.59705 1.86282 -0.37159
-0.11363 -0.32871 0.53062 3.1474 -0.79999
0.34981 -1.57626 0.52338 1.21525 1.167
1.11386 -1.16538 0.66539 -0.29138 1.9718
1.53526 -0.3496 0.23916 -0.03649 0.25286
-0.29525 -0.72255 -0.30986 -1.03457 0.37524
1.77831 -1.75433 -1.86322 -0.10348 1.35888
-0.46552 -0.61094 -0.98536 0.1362 2.13452
-1.26486 -1.86419 -1.03849 0.16905 1.64498
-0.37104 -1.25051 1.14678 0.28822 -1.40926
0.28407 -1.69479 0.5609 0.74088 -1.11236
-0.18722 -3.53729 -1.36956 1.57395 0.16858
0.59033 -2.27521 -1.12188 1.0002 -1.28186
1.16474 -2.9949 -1.00331 0.73003 -1.8285
0.89904 -3.87993 0.69166 0.0683 2.49865
-1.14345 -1.72912 -0.40227 0.75967 0.97578
-1.05935 -1.80895 0.54314 1.46067 0.88101
-0.9287 -1.12839 -1.14642 -0.05042 -0.7132
-1.87091 -1.57501 -1.5304 1.87084 -0.1596
-0.80235 -2.02878 -0.93719 1.72039 -2.02525
-0.42038 -2.01833 -0.5731 0.76986 -0.70424
-1.48167 -1.97568 -0.10883 -0.47735 -0.60068
0.43036 -2.81614 -0.10024 -1.1894 -1.02052
0.51887 -2.733 0.78914 -2.86265 -0.46648
1.19792 -3.58298 1.60084 -2.44249 -0.6585
1.36838 -3.73569 0.31023 -0.88417 1.58754
1.10229 -2.58356 -0.78604 -0.28313 0.03469
0.88611 -2.03748 -0.87824 -0.24462 0.18508
0.86664 -1.61839 0.71343 -0.24104 0.35913
-0.14728 0.52491 -0.06996 0.48722 0.23859
0.05122 0.74023 -0.33117 1.59328 -0.33426
-1.15966 -0.10951 -0.37879 0.94724 0.92494
-1.4162 0.51284 -2.59352 1.40489 0.67601
-1.53308 1.61741 -0.8938 2.55055 -2.28831
-1.03737 2.22092 0.10242 1.27383 -0.02578
-1.29369 0.94935 -0.2129 0.19784 -1.08447
-0.70706 0.8404 0.15673 0.87295 -1.39352
0.19146 -0.16939 0.55526 0.50571 -0.93925
-0.52815 -0.96414 -0.57265 -1.58419 0.29426
0.54354 -1.41585 -3.09588 0.03713 -0.27044
