1.26786 0.98675 0.16097 0.63567 1.03973
-0.07319 1.28046 1.4274 0.90001 0.619
-0.47733 0.5567 0.65321 1.12918 1.8735
1.55596 -1.52751 -0.54075 0.65668 -1.43892
-0.66204 -0.35734 -0.7096 1.17268 1.02184
-0.16176 -1.20384 -1.41204 1.18922 0.81174
-1.84907 -0.89492 -2.51231 -1.48907 0.61659
-0.56922 -1.2753 -3.82819 0.03862 -0.43937
-0.62671 -0.44845 -2.41012 -0.25964 0.19806
-0.21375 -0.89922 -0.73956 1.1728 0.79684
-1.12209 0.75909 0.38624 1.66318 0.72136
0.8905 0.72481 3.28559 0.63129 1.226
0.8166 0.5115 4.78723 -0.51389 0.00562
0.71081 2.12098 4.04799 0.95244 1.05585
0.25827 2.78656 6.44874 -0.12131 -0.86775
1.3166 2.01851 5.4492 1.40991 -1.00801
0.7037 1.79706 4.94443 2.12383 0.89815
0.01275 2.77884 5.83455 -1.38101 -0.11284
1.51473 1.39163 7.51804 -0.98791 -1.66571
2.45521 3.77615 8.12019 -0.00073 0.17925
2.42943 4.87579 7.95195 -0.54401 0.59495
2.37865 3.70885 7.34624 -0.98251 -0.40182
3.72832 5.20325 6.89963 0.33625 -3.48596
3.9539 4.5561 8.26249 2.52789 -1.14326
2.77734 4.09705 7.21691 1.67597 0.88942
1.78634 3.97118 6.65958 1.13128 -0.01371
2.72602 3.83723 5.17483 1.39574 1.08758
3.88586 5.48141 5.99479 1.63806 -1.60723
4.02047 2.97169 4.96868 0.57802 1.17944
3.65422 2.62339 4.17948 0.67405 -0.74365
1.36281 3.20793 3.46606 -0.35468 0.31892
1.55935 1.39394 1.34652 1.46204 0.27654
2.36709 2.63959 1.53211 1.63598 0.52682
0.16308 2.05601 -0.56516 0.70513 -1.61718
-0.04529 0.66963 -0.36417 0.32005 -0.94728
-0.46152 1.11887 -0.36054 0.84539 -0.45848
0.07169 2.59246 -1.62256 2.24552 -2.39674
-0.94916 2.34117 -1.44614 2.09369 -1.1816
-2.04896 3.1377 -1.01055 0.57787 1.36413
-1.36018 1.33509 -1.04132 -1.22042 1.35135
-0.66027 -0.61035 0.65924 0.45263 -1.01023
-0.82629 0.25835 1.13664 -0.36348 0.65105
-0.81354 1.1883 0.6488 -1.05622 1.28598
0.25816 1.16031 -0.7161 -1.57324 0.408
0.3238 1.0461 -1.95887 0.48969 0.02038
-0.30935 1.72155 -1.70577 -0.66705 1.74055
-0.32251 1.143 -0.71548 -0.3163 -1.06685
0.20912 0.21632 -2.36258 -0.9038 0.2567
2.13707 -0.2092 -2.32459 0.41786 1.10784
0.05377 0.30346 -3.1829 1.23212 -0.69138
-1.50233 -1.20635 -4.8231 1.98413 -2.80934
-0.2605 -1.73643 -4.46113 0.24643 -1.43455
-0.54979 -0.08189 -3.53145 0.04494 0.38576
-3.99662 -1.57951 -4.25996 -1.26941 -0.14239
-3.19315 -1.29008 -3.58948 0.87878 -0.19279
-1.46149 -2.57806 -4.36048 -0.20509 -1.24605
-1.34412 -3.68042 -4.44839 1.10343 0.2912
-0.62275 -3.70679 -5.73464 -0.16532 0.06655
-3.17126 -4.40422 -6.18817 0.86094 0.75495
-3.05493 -2.34354 -6.3585 -0.11236 -0.76735
-4.32427 -2.00518 -5.12034 -0.94659 -0.62496
-3.15792 -2.70259 -4.44918 -0.49668 0.34071
-3.95471 -4.39937 -3.93241 -1.86958 -1.33283
-1.90029 -4.89177 -3.20975 -0.97919 -1.34947
-1.4693 -2.57149 -2.04394 -2.65458 -0.36899
-1.00413 -0.38223 -1.86761 1.36276 0.24778
-2.92165 -0.77736 -1.79734 -0.57922 1.11545
-2.1588 -1.41272 -3.02378 -1.5129 0.99414
-2.31586 -0.86575 -2.20512 -0.6934 1.30504
-2.32386 -2.2021 -2.35782 -0.39171 -0.95834
-1.30247 -1.42731 -3.26518 -0.32609 1.55416
-2.16559 -2.13232 -3.12836 -0.22296 -0.22659
-2.63278 -0.82587 -4.76814 0.24573 -0.61817
-1.38893 -2.77818 -6.2067 -1.0594 -0.26818
-2.94203 -2.67585 -4.41808 1.60453 0.67069
-2.1035 -2.29181 -2.18865 0.12497 -0.20508
-2.05263 -3.06883 -1.59103 -0.58136 0.93515
-0.85608 -3.73537 -1.42818 0.24312 -1.71731
-1.29582 -3.03595 -2.34581 0.13074 0.17818
-0.44811 -3.63771 -3.60221 -1.35034 0.35955
-2.72205 -2.56929 -4.52338 0.0369 -0.79348
-1.5814 -3.76909 -4.20277 -0.02393 0.0146
-2.84176 -2.51708 -4.45779 0.79743 0.96138
-2.5179 -2.21765 -4.36654 -0.90558 0.58043
-0.95531 -3.83885 -3.53572 -1.68334 -0.77688
0.00992 -4.96738 -3.2006 1.32941 0.33162
-1.11745 -4.63059 -2.50575 -0.12408 -0.21885
-1.31133 -3.61488 -3.78337 -2.14782 0.98887
-1.01002 -3.26544 -3.76801 -0.83144 -0.05571
-1.5536 -2.65722 -3.7713 0.04035 1.40573
-0.47177 -1.84831 -3.64425 0.73006 -0.61441
-1.5014 -2.67065 -0.9065 -0.51744 -0.62004
-0.82183 -2.55456 -1.27048 -0.35888 0.18883
-0.90914 -3.1525 -1.43268 -0.23997 -0.23796
-0.42001 -2.35201 -1.94526 1.45678 -0.23336
0.77842 -0.85644 -1.35527 0.56625 -2.68455
0.15079 -0.83129 -2.60117 0.13304 -0.86794
0.42439 -1.45256 -0.69402 0.53631 -1.03542
-1.99151 -0.4247 -1.84015 -0.5534 1.01695
-2.09201 -1.57496 -1.24586 0.01368 -0.71493
-2.55222 -1.63152 -1.02216 0.67564 0.7633
-0.66347 -1.30307 0.05973 1.60415 -1.49523
-0.7315 -0.77208 -0.50499 0.28852 0.69122
-1.38743 1.02258 -1.73084 0.40868 -2.49743
-2.87228 -1.78363 -0.01372 -1.13898 0.70656
-1.27871 -1.09034 -0.43739 -1.66802 0.409
-1.94288 -1.49669 0.91336 -0.97477 -0.8675
-0.21707 -0.17625 1.68211 0.01835 1.06992
1.17591 1.50013 3.44559 0.1793 0.19206
1.32216 2.63087 2.96215 -0.49398 1.20073
2.02841 0.92136 2.19964 2.64781 1.29565
0.4622 1.18406 0.62575 1.34212 0.54743
1.61021 1.99503 0.84048 1.39471 1.4846
1.89703 2.39836 0.4038 1.66328 0.30449
1.50286 1.62245 -2.26335 -0.10758 0.8573
0.83703 2.04644 -2.71638 1.8909 0.85616
-1.67604 2.51081 -3.28261 0.19212 1.53841
-0.91919 2.45039 -3.44485 0.31903 -0.07433
-0.80834 -0.91117 -3.7316 0.21254 -0.92726
-0.67618 -1.80844 -5.08121 1.27372 -0.03497
-1.9296 -4.0607 -5.03894 0.13721 -0.10977
-3.13384 -2.17318 -5.14423 -0.0592 1.78239
-2.85914 -2.47517 -5.59099 -1.88418 -0.52932
-1.67649 -4.00243 -5.30702 -0.92027 0.79856
-2.56348 -4.63705 -6.20056 -0.39208 -1.43306
-2.51579 -5.00537 -6.06576 0.11597 -0.51139
-1.75571 -2.96214 -5.035 0.37306 0.46812
-3.4645 -3.9491 -4.47041 -0.36133 -0.78967
-3.77459 -5.09254 -4.50929 0.3769 0.54761
-2.7318 -4.93024 -3.25913 -2.10354 -2.17744
-2.35184 -4.72394 -4.98399 -1.04915 1.23597
-0.80637 -2.58646 -2.35523 -1.07369 0.74332
-1.17806 -2.51464 -1.48748 -2.76959 -0.13532
-1.03695 -2.11888 0.28717 -0.45083 0.2841
-0.64614 -2.24508 1.83384 -0.54103 0.21209
0.90728 -1.02312 2.22572 -1.32784 -0.07505
0.12852 -0.54286 4.3775 -0.17448 0.4101
-0.19347 1.70955 5.08646 0.11122 0.46203
2.09959 0.00115 5.55495 0.56346 2.11106
1.48637 0.73118 4.73445 -0.12641 0.95924
2.33727 1.62647 2.88254 0.96274 -1.04726
2.69035 3.80663 2.7391 -0.62068 0.97379
1.04789 4.08703 2.63814 1.19633 -0.9486
1.3855 3.32825 1.09111 -1.00879 0.485
1.25246 2.86973 -1.27186 1.19642 -0.43655
-1.20264 2.48429 -2.52335 0.6765 0.78948
-0.65489 2.37283 -3.05564 0.33014 1.5613
-2.33282 0.69819 -3.42169 1.09838 0.7628
-0.96412 0.70268 -3.77144 2.68685 0.40033
-2.29808 -0.64098 -5.19349 -1.1525 -0.12672
-1.52841 -0.599 -5.93185 0.14605 -1.11717
-1.14997 -1.99756 -4.84898 -0.3182 1.98174
1.24021 -2.3756 -5.88853 -0.05102 -1.365
-1.95596 -3.28326 -6.32992 -1.75481 -0.62573
-2.17416 -3.05738 -6.70076 0.49453 1.24763
-2.30356 -5.0869 -6.45533 -2.4292 -0.60435
-3.07524 -3.41936 -5.27246 -0.93772 0.20495
-3.16324 -2.48246 -3.66267 -0.38801 0.03075
-2.79254 -3.90953 -3.00425 0.15218 0.46807
-4.38802 -4.43531 -3.26179 -1.58517 -2.79179
-1.86735 -3.93758 -3.09696 -1.50566 -0.30194
-0.00484 -0.7537 -3.64736 -0.55688 -1.49887
-0.06498 -0.93406 -2.3618 -3.6793 0.28195
-0.01698 -1.92846 -0.18506 -2.16847 2.7889
1.07622 -3.61993 -0.1788 -1.25986 0.20123
-0.83137 -2.97793 -0.65811 0.52864 -0.0061
-0.57412 -0.54719 -0.36531 -0.18234 0.32404
0.58593 -1.10974 -1.16279 0.55146 0.08605
0.08676 -1.64368 -1.84417 0.53916 0.43248
0.40843 -0.99048 -2.03021 1.4111 -0.13357
1.67139 -0.41818 -0.39272 1.19702 0.31518
0.68099 -1.7506 -1.57605 0.84738 0.41392
-0.55553 -2.02423 -0.65469 -0.08332 0.10101
-0.22916 -2.20473 -1.11198 0.18066 -1.15082
-0.69855 -1.66388 -1.42734 0.63073 -0.70607
-1.76658 -1.58464 -2.05036 -0.81268 0.95849
-1.32077 -0.63444 -1.38783 -1.06424 -0.11337
-0.4406 -0.10276 -1.83831 -0.19805 -0.92378
-1.28805 0.34711 -1.8642 -0.4839 0.34183
0.18975 -0.52517 -2.26681 -0.28964 0.1167
1.14988 1.28206 -3.20582 -1.23402 1.47143
-1.44829 0.60802 -2.98346 -0.67616 -0.74065
-2.09887 -1.65228 -0.62129 -1.32665 0.90206
-0.49166 -1.07752 -1.16154 1.37197 -0.78645
0.15514 -1.8851 -1.44973 1.44794 -0.01487
-1.15002 -0.84877 -1.63042 1.44131 0.03264
-1.95261 -0.37586 -2.39 -0.67186 -0.56413
0.35734 -1.09902 -0.74686 -0.05079 1.24133
-1.50688 -2.59742 0.0893 -0.84438 -0.99469
0.77305 -0.68598 -0.05005 -0.20913 -0.21511
-0.22123 -1.00384 -0.95385 0.94865 0.58117
-0.6871 -0.52417 0.3929 1.1489 1.69724
0.98416 -0.60632 0.90545 1.15282 1.44695
0.1813 -1.97521 1.95269 0.12074 -1.22051
0.45082 -1.09881 2.03803 -1.98796 -0.34131
0.04573 -1.34173 2.33244 0.64277 2.05806
1.03113 -2.26149 1.09678 1.27699 0.33126
1.35031 -1.02356 0.18644 -0.91234 0.98258
0.60495 1.39424 0.71955 1.52362 1.3601
1.5294 0.48965 0.76804 -0.2109 -1.39697
1.53905 0.40279 1.54635 -0.08772 -0.17067
1.77642 0.49973 2.62826 1.72624 -1.76445
1.18113 2.83592 1.43073 -1.71897 1.28866
1.78514 1.61898 0.43423 -1.23238 0.36378
2.78421 2.28773 -0.08614 -0.60707 -1.21308
-0.19828 2.61902 -0.92796 -0.37702 1.49092
0.22508 2.11186 -0.39378 0.57162 -1.23611
-0.5345 1.22395 -1.37235 0.93268 -1.69466
-0.11695 2.29777 -1.45779 0.95689 -1.20018
0.42312 2.74316 -1.29308 0.39267 -0.62266
-0.17448 0.85606 -0.87103 1.19572 0.02716
-1.29142 -0.26196 -1.8436 -2.21751 0.7271
-1.91885 -0.58117 -2.46263 -0.02681 -1.32243
-1.57316 -2.97307 -2.69828 -3.1016 -0.53487
-0.56929 -3.0072 -2.54822 0.37934 -0.30139
-1.8105 -3.25072 -2.58519 1.04771 -1.7527
-0.18572 -2.52596 -2.49261 -0.86202 -0.13769
-0.54051 -2.88767 -3.56135 -0.96462 1.18232
-0.44297 -2.16157 -1.69256 0.09855 0.6171
-2.18345 -2.19812 -2.31303 -1.61658 -2.23079
-3.00727 -5.05626 -2.61276 -0.87685 -0.54146
-1.91325 -3.91225 -2.07898 -0.32531 -1.62802
-2.93358 -4.24792 -3.24942 0.87449 -0.57492
-2.19108 -5.51766 -2.44254 -0.07527 -1.43015
-2.0215 -2.8848 -2.53156 -1.57442 -0.15598
-1.07929 -3.26878 -2.57262 -1.63926 -0.2207
-3.56223 -3.24352 -1.8383 -2.25452 0.32726
-1.93286 -1.11766 -2.06759 -0.21308 -0.1322
-1.63649 -0.5263 -2.03426 -0.46799 -2.51372
-2.26932 -0.23298 -1.3904 0.05562 -2.26156
-3.93266 -0.01534 -0.22969 -0.96666 0.68864
-2.6273 0.61443 2.20994 -0.73683 -0.59824
-0.77171 -0.04329 2.43479 -1.30912 -0.57046
1.35191 -0.19366 1.02902 -1.48961 -0.9706
0.58804 0.36373 1.84186 -1.9437 0.29108
0.50387 2.09927 2.182 -1.4536 -0.2259
-0.33293 0.70424 1.5042 0.08479 0.18786
0.8763 0.74088 1.8952 0.1866 -0.67642
0.69739 2.13733 1.30051 0.13477 -0.05747
1.38281 1.70504 1.7124 0.70228 -2.25547
2.58156 1.6924 0.26656 1.67332 -0.42684
1.44418 2.18704 2.09296 0.09401 0.44539
1.34065 1.75421 1.92119 -1.38424 0.74589
0.21645 1.09175 1.43713 -2.25672 -0.61414
0.54226 0.71569 1.41328 1.01372 0.9858
0.68394 0.27865 0.95376 0.84353 0.02591
-1.20157 0.39299 -0.16242 -1.32851 -0.31505
1.31171 2.79859 -0.81512 -0.13307 2.10857
1.82657 1.45286 -1.35188 0.47603 -2.00679
1.29308 0.64507 -0.84597 -0.58398 1.9231
1.2896 -0.65665 -1.25043 -0.75049 -0.28878
0.20858 -1.06646 -1.19446 -0.47358 -1.30017
-0.6277 1.43656 -0.32447 -0.12998 -0.66526
0.44053 1.63335 0.77038 1.25911 0.41627
0.90383 2.02956 0.58473 -0.13018 1.08497
0.50313 -0.64822 1.69237 1.11328 -0.31411
0.90276 0.57998 3.33871 0.68682 -0.31972
0.94022 0.27632 1.91832 -0.11104 0.59197
1.11547 0.61109 0.94156 0.82631 0.20128
-0.12466 1.63366 0.24149 0.4551 0.23798
0.23235 0.33817 2.57589 1.50683 0.34896
0.14377 1.00462 1.50937 -0.5367 2.13974
0.99923 0.06843 1.01436 -0.64537 0.34985
-0.57711 0.23237 1.77878 0.40228 0.28182
0.7325 0.92319 1.60817 -0.57982 -0.36455
0.33882 -0.59371 -1.69988 1.71468 -1.09246
-0.98814 -0.87966 0.78161 -0.59446 -0.92661
-1.14536 1.08976 -0.36232 0.70644 -0.20741
-0.78552 -0.6603 0.73493 -1.83485 -0.01222
-0.93045 1.65932 0.77785 -0.50541 0.43645
0.30387 1.43301 1.6555 2.2234 -0.07648
-0.85627 3.0937 1.02837 1.05551 0.09823
-0.2712 3.1559 0.75008 -1.30207 0.28557
-1.41734 1.16376 2.18194 -1.34447 1.32296
0.28851 1.94192 3.28455 0.64554 -1.25478
1.07865 1.4841 4.20836 0.25032 -0.54046
0.45912 1.43738 3.95464 1.74201 -0.30724
0.4379 1.50714 4.00527 -0.11279 2.59404
0.94082 4.12193 5.74989 -0.08745 -1.35554
2.45057 4.24497 5.8575 -0.27866 -1.02987
4.6642 3.71877 5.94619 1.62448 -0.99752
1.87783 5.59446 6.17693 0.79519 1.0101
2.37104 4.75341 6.89149 -0.10542 -1.49342
2.09291 5.17205 6.45031 1.16076 -1.94122
3.63117 6.30629 5.78659 2.75905 -0.61334
1.93161 5.8327 5.28357 -0.88315 -0.78325
1.32775 5.66354 3.40423 -1.39675 0.62519
2.1737 4.02106 2.7356 -1.46505 -0.2894
1.08958 5.10845 2.99629 1.01218 -1.28241
0.20131 4.65626 3.2383 2.07732 -1.04392
1.84413 2.17976 3.78034 0.02928 1.50891
0.60589 2.24355 3.36725 -0.53207 -0.55559
2.01582 3.17416 2.91516 -0.9758 -2.03393
2.33817 3.04412 1.89219 0.85868 0.43071
2.79718 1.74305 0.25725 1.89019 0.63593
-0.97172 1.22781 0.56326 0.36379 0.15323
0.31459 1.48924 -0.09487 -0.82486 0.29751
0.38002 -0.67022 1.57544 -0.90403 -0.91838
-1.19612 -0.9422 0.73 -0.899 1.55412
0.8128 -3.26418 1.89176 -0.77252 -0.79022
