-0.78076 2.7259 -1.99667 1.92785 0.35822
-2.59365 2.18052 -2.24897 0.01241 1.82966
-2.05282 0.70161 -3.70058 1.00864 2.46642
-2.62213 -0.63909 -1.29453 -0.46801 3.21795
-1.45061 -1.7457 -0.99938 -0.21859 3.84224
-1.67939 0.76132 -2.22468 -3.12061 2.47971
-2.9145 -0.09616 -1.47811 -1.13989 0.90396
-2.47609 0.94692 -1.00585 0.23713 1.02645
-3.09663 0.64276 -0.41299 1.65106 -0.18413
-4.29934 -1.71918 -0.26751 -0.38846 -1.06557
-1.74663 -0.18899 -1.82484 -0.59387 -2.06858
-3.56066 0.48119 -3.19558 -0.15199 -3.21962
-4.32242 1.1257 -3.68438 -0.5779 -2.03845
-5.52745 1.83815 -3.2279 0.0864 -1.15782
-5.54632 -1.31723 -1.03551 -0.16245 0.53825
-6.81511 -1.42833 0.5094 0.06549 1.73065
-8.42537 -0.78982 -0.49806 -0.79747 -0.40785
-7.07205 -0.0175 -3.29313 0.19569 -0.48508
-5.06747 1.09105 -3.12249 -0.85018 -1.59318
-3.87081 0.28228 -4.97253 1.06053 -2.19095
-4.84452 0.8811 -3.34833 -2.22617 -1.0251
-4.49799 1.83279 -2.46682 0.24763 -0.68038
-2.87897 1.91189 -3.27826 -1.03108 -0.59307
-0.83283 0.57074 -2.88007 0.933 0.5962
-0.32947 -1.95068 -2.15577 0.76085 3.37321
0.2626 -0.70591 -2.15881 0.23603 3.95678
0.48077 -0.99235 -1.23075 -0.88064 3.22227
-1.40034 -1.30081 -3.24224 -2.50287 2.89932
-2.30057 -1.29063 -1.38691 -2.0528 2.75819
-3.26432 -0.29396 -1.76822 -1.40598 2.06558
-3.10908 -1.6124 -0.99927 -0.77454 2.226
-0.54864 -0.67376 -1.57922 0.16891 1.85138
0.32395 -0.94116 -2.08107 0.1004 0.7987
0.19218 -1.83322 -0.66497 -0.31989 1.44928
-0.57612 0.32175 -0.96169 -0.32192 0.2868
-0.78089 0.13417 -0.21519 -0.51829 -0.00776
-0.36605 0.09479 -0.30973 0.50314 0.62445
-0.4679 -1.42483 -1.97769 -1.61426 0.34473
-1.23338 0.39025 -1.7486 -0.35005 0.99474
-3.19054 -0.90332 0.21664 -1.09407 -0.55537
-2.8461 -0.73245 -0.98188 -1.82968 -0.96627
-2.77119 -0.81998 -2.3265 -0.05407 -0.8026
-0.40986 -0.98362 -2.62358 -1.86514 -1.17572
-1.04372 -1.24808 -3.39405 -0.18721 -0.49993
-0.68635 -0.0872 -1.63182 -0.71837 -0.66813
-2.02716 -1.07067 -0.98589 0.14998 0.12297
-2.71231 0.23377 -0.5438 -1.92542 -1.40309
-2.07852 -1.13807 -1.81678 -0.91678 -1.73854
0.63421 0.22454 -2.85773 -0.76386 -1.47242
0.20194 -0.93522 -3.07937 -1.29124 -1.42719
0.21068 -0.92783 -1.97871 -1.38769 0.05918
1.17468 -0.95702 -0.47478 -1.72428 0.88949
-0.39957 -1.98981 0.78299 -1.0557 0.97839
0.24386 -0.07264 1.71542 0.61544 2.43972
0.3387 -0.92383 2.33791 2.32056 4.45378
1.1144 1.79622 3.15807 0.6947 4.53438
0.69366 0.76637 1.47545 0.20781 3.61906
0.89899 1.44363 -0.09116 0.49143 3.5897
1.3338 3.14647 -0.09803 -1.28968 3.53675
1.3486 1.23641 -0.12302 -1.01968 4.64525
0.47266 0.68371 1.65779 1.26036 4.39701
0.02269 -0.6982 0.34677 1.51602 3.81498
0.45206 -0.60513 2.09567 -0.36704 2.72887
-1.00661 0.86243 2.51844 1.04442 2.18676
0.61079 -1.79449 -0.34778 2.76837 0.99612
0.59769 1.43978 0.57914 0.26755 2.69153
0.27833 2.12343 1.20956 0.35768 1.23741
1.09844 1.36378 1.13753 0.94499 1.69029
2.879 1.46248 1.65684 -0.19374 1.31309
1.62886 0.1916 0.87002 0.97816 -0.00965
-1.48224 1.37102 1.79048 -1.31021 -0.00063
-0.57363 2.15211 0.99438 2.32772 -0.62089
-0.88163 1.79518 0.0698 1.10452 -1.21953
1.72036 -0.45289 -0.82655 0.7148 0.71186
0.68847 -0.34241 -1.43431 -0.64427 2.00841
0.81068 -0.58444 -1.18603 -0.38159 0.47567
-0.62685 0.47821 -1.75461 -0.77658 0.59405
0.70344 2.02838 0.24477 -2.21828 1.45939
0.87722 1.03449 -1.08443 1.64779 1.09469
0.17802 -0.48443 -1.21577 0.6031 0.7961
-0.89971 -0.98715 -1.11573 0.99589 1.34383
-1.80146 -1.86221 -0.46709 0.06766 1.07046
-1.78835 -2.19953 -0.4952 0.47638 1.28785
-0.64512 0.01789 0.94899 -0.52697 -0.58746
-0.57271 -0.06511 -0.46703 -0.08749 -2.16841
0.40089 1.33996 -0.28159 -0.84235 -1.09646
-0.42588 1.64867 0.93562 -1.49579 0.34443
1.01993 0.36834 -0.59392 1.26717 1.0515
0.10771 0.49173 0.68358 -1.34852 1.42986
0.70615 0.42157 -0.02872 1.01595 1.45364
0.94838 -0.43916 0.24843 -0.11129 1.57434
-0.43293 -1.41102 1.94142 0.20903 0.68163
-1.04877 -1.0838 2.18713 -0.25738 1.56363
0.30369 -1.86783 1.6655 -0.44098 2.67265
1.10172 -0.46293 0.90208 1.82951 2.68831
2.51879 -0.49666 1.23653 0.50786 1.29861
0.26364 0.14353 0.93832 -0.39374 0.36589
0.11283 0.11498 2.99853 -1.81184 1.04355
1.43298 -0.91782 2.15464 2.17703 -0.48702
1.22557 1.59924 0.71612 0.59757 -1.4362
1.33127 0.37924 -0.24106 0.4289 -0.32667
1.44794 -0.19209 -0.24944 0.64722 -0.02827
1.08364 -0.58312 -0.64998 -0.71327 1.77314
-0.40163 0.97881 -0.08802 1.26733 1.61197
0.35605 1.11861 0.50842 -1.3417 2.53055
0.44155 0.25922 1.12274 1.5098 2.63693
-0.43417 2.10806 1.87273 0.25061 3.28864
-0.13762 1.87071 0.43393 1.17846 1.60739
0.60191 2.9657 1.71968 -1.40905 3.52891
-0.32058 1.48127 -0.02101 -0.09276 3.15324
0.255 2.72401 1.58163 -0.97372 3.27024
-1.12886 1.46612 -0.19098 0.86451 3.9291
-1.72867 2.04051 0.16181 -0.09344 2.20775
-1.45382 0.21341 -1.85531 1.43605 5.2502
-1.83139 0.96114 -2.42042 0.81665 5.08266
-3.11422 0.05217 -1.26352 -0.43106 4.98373
-3.52936 1.15618 0.37801 -1.05599 4.37101
-4.82798 -0.40716 -0.43236 0.32244 3.20742
-3.63772 -0.5026 -1.49662 -0.41682 3.99531
-3.96635 0.30058 -2.67385 -1.32288 3.0771
-4.94673 -0.27185 -0.43439 0.50805 4.59391
-5.242 -0.96855 -1.65904 -1.57325 5.42655
-4.95329 0.91019 -1.78891 -1.49193 4.84879
-4.58372 0.51631 -3.84875 -0.19499 3.80779
-3.07865 0.46573 -2.22562 -0.6892 3.66598
-2.65258 -0.34857 -3.22516 -0.19336 2.05816
-1.51295 -1.54412 -2.31491 -0.3477 3.75129
-3.52649 -1.10805 -2.33665 -2.12988 3.10056
-5.58733 -1.02543 -1.89719 -2.11251 0.9054
-3.79256 -1.01984 -3.40847 -2.05335 0.23958
-3.72936 -1.36762 -2.18787 -1.75204 -1.30808
-3.94316 0.39491 -2.80781 -0.61999 0.26376
-4.98704 0.11558 -1.1507 1.71918 0.19451
-3.80092 -0.26262 -3.03365 -1.41945 2.12951
-2.6715 -1.74097 -3.65499 -0.5923 2.73842
-2.36927 -1.62022 -2.95588 -0.09935 2.23704
-2.92286 0.21534 -2.74387 -0.98215 1.59093
-2.39976 0.79384 -2.13043 0.00835 0.06893
-2.18516 -0.22178 -1.06459 0.65221 -1.06547
0.74319 1.37795 -2.98154 0.13044 -2.61953
-0.02142 -1.19531 -3.95407 -0.27688 -0.99144
-0.48871 -1.90914 -0.67947 -0.77656 -0.92714
-0.14636 -1.77563 -0.51511 -0.4958 -0.86469
1.68346 -0.10122 -1.26794 -0.88308 -0.69174
0.96935 0.54266 -0.85546 2.3584 -0.20213
-0.04033 -0.7364 1.2168 0.67395 -1.99009
0.06634 1.03798 1.09983 -0.09227 -1.87067
-0.90254 0.67959 2.09036 0.51982 -0.63486
-0.06523 0.8851 0.10606 0.03025 -1.40661
2.10043 0.68999 0.92229 1.30611 0.27409
2.61097 -1.17473 0.09066 0.73555 -0.11516
1.09618 -0.17818 0.61473 0.08027 0.9897
0.50178 0.44498 0.68943 1.0668 1.5308
-1.004 2.39747 0.46658 1.05099 1.63432
-0.84077 0.45674 1.17255 0.34539 1.49503
-2.07858 0.84352 1.41665 0.93263 2.98372
-0.30386 2.91136 1.77959 1.89697 1.05136
0.26704 2.21433 0.32668 1.40113 1.34316
-0.34257 0.39035 -0.51652 -1.10379 1.11903
0.86206 0.4453 -1.65446 -0.69278 2.84027
0.334 -0.91065 0.42016 1.73055 3.15017
0.303 -1.83287 -0.747 -0.54696 4.52765
0.94378 -1.36368 1.4216 -0.5101 3.74558
0.72301 -1.54289 1.7144 -0.74938 3.24959
-0.13789 -2.53956 1.24993 -1.10251 1.04589
0.5267 0.27449 1.76952 -1.81286 1.72478
1.25511 1.58319 -0.01039 -1.09276 0.2245
1.22584 1.00477 2.20825 -1.56569 1.22672
1.3931 -0.23089 2.77342 0.57384 1.65694
0.71288 -1.83744 3.07916 -0.73913 0.74237
0.93312 -2.4897 4.85413 0.94351 1.21903
-0.05136 -2.05395 2.78488 1.5986 0.25488
-0.33383 -1.7664 2.17344 1.47609 -0.10781
-0.13129 0.4785 1.76198 0.7093 -0.29748
-0.23679 -0.9101 1.80763 -0.66826 0.82259
-0.16608 0.70955 -0.05595 0.67596 1.82351
-2.21621 0.16108 1.28769 -1.01723 1.76364
-2.1516 2.79307 0.70892 -1.57149 1.17672
-3.4404 1.72973 0.37884 0.35282 1.89584
-2.9955 -0.13405 0.27573 -0.61303 1.34404
-3.34502 1.07375 -1.19463 -0.04424 3.76575
-1.14141 -0.41028 -1.63706 -0.90436 4.0592
-2.4265 0.01246 -2.60212 -1.8503 3.48187
-2.3054 0.94772 -0.15668 0.51842 1.83987
-2.15182 1.55898 -0.50853 1.24512 2.93854
-2.07766 2.86253 -3.25582 0.19288 1.46516
-3.17627 2.18472 -2.21849 -2.209 0.94956
-3.48552 1.2325 -1.22339 -1.24323 1.0159
-4.62715 2.24592 0.02494 -0.72501 1.44818
-5.01368 0.54711 -0.10076 3.1342 1.41492
-4.38294 -0.21294 -0.05513 0.0719 1.52809
-2.62338 -0.79387 -0.97233 -0.3464 3.07362
-2.42362 0.63646 -0.61821 -0.56318 4.17664
-2.48391 -0.11025 -1.55399 0.43203 3.79671
-1.10564 1.73403 -2.3391 0.30757 1.0728
-1.65448 1.0919 -2.52776 -0.84926 -0.9737
-3.36974 -0.55258 -2.71735 0.10377 0.02332
-1.47349 -2.02805 -2.31723 -0.11004 0.12588
0.32262 -0.19393 -3.25115 -0.81813 -0.00797
-0.6726 -0.67652 -2.95585 -0.89031 -0.82582
-0.07941 0.78628 -0.94197 -0.33071 -1.76053
0.11455 1.5708 -0.43036 -0.2435 -1.01385
-0.82303 1.03446 -0.80531 1.93679 -1.71064
-0.28864 -1.29901 0.5967 -1.69692 -0.2992
-1.36884 0.78269 0.30175 0.77134 -1.59411
0.32381 1.09583 0.37907 2.12352 -0.85161
-0.58628 -0.25524 -0.63886 -0.33438 -1.13126
-3.15626 0.04264 -1.61151 -0.44528 -1.021
-3.79338 0.05073 -2.45856 -1.78201 -0.06579
-4.87031 0.01829 -3.32141 -1.39823 0.8959
-1.84278 0.81981 -1.92309 0.36259 0.38663
-0.86964 0.17885 -4.6472 0.72184 -0.00344
-2.12891 0.50147 -3.4741 0.57271 2.34679
-1.47774 -0.66985 -2.18712 -2.41367 1.90042
-1.88888 -1.86741 -2.05534 -0.2083 3.78619
-1.06545 -1.0277 -1.46037 0.9557 4.19554
-1.68985 -0.70467 -0.91528 -1.87261 3.54219
-1.30093 -1.2097 0.04801 -1.00896 2.72691
-0.64772 1.41605 -0.84035 0.10276 3.50392
-1.10851 0.48106 -0.68542 -0.53576 2.79767
-1.39097 -0.63814 -1.63491 -1.13895 4.23979
-1.45783 0.0355 -0.74071 -1.72805 3.31228
-1.31293 -0.15762 -1.39543 -0.19447 2.54509
-2.1298 -1.34782 -1.26089 -0.96186 2.80021
-2.53507 -1.37017 -1.23198 -0.01873 0.36673
-0.49308 -1.18927 -0.46171 -3.27152 -1.37852
-0.24401 -0.15346 -2.13426 0.33822 -2.39192
-0.39119 -0.18523 -1.48599 -0.59634 -2.22705
-2.24127 0.48672 -0.13571 0.51007 -1.94161
-1.69738 1.97652 0.93203 -1.91696 -2.00469
-1.75791 -0.57282 0.1244 -0.08351 -3.18633
-0.323 -0.25808 0.12713 0.11357 -3.90032
-0.89381 -0.64797 0.34613 -0.21497 -4.59091
0.96962 1.1818 3.06058 0.84671 -3.25577
0.36836 -0.31692 1.59967 0.26155 -2.93508
2.38822 0.53222 1.76103 -0.35673 -3.83972
2.34217 1.81586 0.6066 -0.23399 -3.13709
0.85228 1.19641 1.905 1.43037 -3.16123
1.87089 0.33478 1.51508 1.2778 -2.06596
0.59316 0.32651 -0.1607 0.24132 -0.05177
-1.32381 -2.30482 0.02359 0.7867 0.30721
-0.92604 -1.08135 -0.59398 -1.05678 1.32304
-1.73942 -0.23871 -0.83311 -0.54887 -1.25418
0.29674 0.87762 0.92506 -2.51705 -0.51979
0.37496 1.0135 -0.95226 1.751 0.48645
0.93933 1.26834 0.52986 0.79557 1.05048
0.15436 0.20353 0.70857 0.62275 1.35439
-0.87329 -1.99651 -0.7256 -0.04687 3.23089
-0.37408 -2.12294 0.87662 -1.74312 2.16705
-0.96799 -0.05011 0.82723 -1.1249 1.63838
-1.53064 -0.83817 2.60113 0.43544 1.86496
-1.40964 -2.21386 0.59267 -0.56012 2.00897
-1.02613 -1.04171 -0.66269 -0.56933 2.00957
-1.7227 -1.17888 0.13401 1.57107 0.09943
-0.75691 0.15891 -1.318 0.34478 0.40613
-2.58765 -0.92676 -3.03405 0.09386 0.74737
-1.88646 0.6947 -1.79931 0.17068 2.11281
-0.02328 0.98443 -1.81825 0.66935 4.28109
0.77173 2.17119 -1.6804 0.84227 4.84273
0.11726 1.04478 0.2995 -1.07964 4.97685
0.75723 -1.14492 -0.83899 0.66552 6.18492
-0.03428 1.20397 -1.06226 -1.7791 6.24756
0.35924 0.97445 -0.48349 -0.65802 4.81291
0.33969 0.47824 -0.15963 -0.43339 4.87543
-0.92786 -0.99554 -0.60983 0.56437 3.29672
-1.62589 0.80352 -0.06249 0.47038 2.31299
-0.94734 -1.69401 1.14124 0.4559 3.47845
-1.11025 0.09999 -0.56927 0.99622 3.67345
-1.40366 -0.34125 -0.26421 0.31348 3.58617
-1.32219 0.24355 -0.44019 -0.48491 3.42162
-1.40725 -1.90129 0.38736 0.90612 3.40475
-0.81136 -1.52199 0.14214 -0.98632 2.58053
-0.30431 1.64985 -1.27569 0.06718 1.20953
0.29661 0.81288 0.16405 -0.02579 0.07875
2.80293 0.69284 -0.97702 -1.2872 0.38848
0.7026 -0.20504 -1.23027 1.20872 1.06219
-0.08207 -2.21381 -0.54835 0.21279 1.36062
0.54616 -1.64008 0.00757 -0.33086 1.13012
-2.12308 -0.01501 0.19102 -0.58074 -0.58635
-1.75337 1.1262 1.46296 -0.46746 -1.37937
-0.20657 0.47529 0.65499 1.1646 -1.53988
-1.36515 -0.17827 -0.78925 0.30336 0.65821
-0.7633 0.30115 0.00477 -1.15069 1.74161
0.72113 0.40754 -1.2203 0.87679 1.69589
-0.06054 0.70747 -0.16842 -1.58447 3.08925
0.39952 -0.20276 -0.02221 0.7629 3.50697
-1.67147 0.3314 -0.70624 -1.68261 1.19772
-1.58134 0.95351 -2.05323 -0.7151 0.87497
-1.63159 0.02295 -0.9831 -1.11353 1.80514
-2.47893 0.53035 -1.5553 -1.97071 1.87847
-2.48259 0.77659 -0.73057 -0.4749 0.65089
-1.48356 -0.33025 -0.78534 -1.3238 0.19256
-1.9413 0.85173 -1.02357 -2.27939 -0.54543
-2.66191 -0.32925 -2.14426 1.73504 -0.82986
-2.05904 -1.47333 -3.40666 -1.35885 -1.24708
-1.18916 -1.26011 -2.4248 -0.65507 -3.11571
-2.20673 -1.0195 -3.07609 -0.73044 -1.4406
-1.86628 -0.98672 -1.13155 -2.57072 -2.40028
-2.92629 -0.66228 -1.49081 0.3979 -2.05336
-2.90736 -0.12164 -0.55609 -2.62012 -3.78573
