0.31875 -1.40001 -1.47056 -1.72252 -0.95583
-1.38021 -2.04731 -1.47948 -1.44419 0.88982
0.05284 -2.38512 -1.92111 -1.28092 -1.60452
-0.67906 -1.06041 -1.86639 0.33926 2.66688
1.37145 -3.56561 -2.7942 0.49363 0.652
-0.80687 -2.84793 -3.6416 -0.9468 -0.08721
1.61231 -2.0347 -3.43522 -2.25472 -0.66774
-0.79992 -0.26173 -2.42676 -0.67981 0.47342
-1.38809 0.04374 -0.69463 0.66761 0.64579
0.43303 1.0568 -0.77552 -0.24022 2.4561
2.10366 0.06837 -1.22952 0.46802 -2.72656
1.20872 -0.56054 0.28574 0.89764 0.70338
0.36004 0.04324 0.4945 -0.17517 1.38244
-0.06573 1.31221 0.81969 0.75292 -0.4282
-0.96572 3.22327 -0.16707 -0.01537 1.85699
0.45401 1.78282 -0.46361 0.84933 -0.05172
-1.49547 2.7258 -0.60669 0.9296 -0.34311
-0.2357 2.21043 -0.20515 2.81799 0.97767
-9e-05 0.44542 0.66633 4.3614 1.87306
1.06936 -1.02186 0.93802 4.8098 1.42024
-0.1891 -0.32988 0.13804 4.52409 -0.79956
0.24709 1.88966 0.85251 4.84853 -1.82242
0.12538 1.27645 0.69565 2.23275 0.28935
-3.04309 2.61998 1.12967 4.96888 1.228
0.56264 2.80782 0.39461 2.46357 -0.54399
0.28812 3.36202 1.48645 1.39807 -1.83992
-1.08429 2.81768 2.07174 0.52791 1.97142
2.17496 4.36215 2.19877 0.4378 2.81305
2.08783 3.65145 3.09927 2.35688 -1.88991
0.06756 2.63644 3.39764 2.00297 0.9853
0.73639 3.08592 1.28095 3.68714 -0.06704
1.15153 1.99058 0.9452 2.99248 0.56524
0.41926 0.62398 0.35796 3.36663 -1.03751
-0.52871 1.24422 -0.23919 4.69443 0.82022
0.75525 2.5262 3.0717 3.18695 -1.13026
0.35007 1.30238 3.79414 2.25176 -0.49141
-0.34175 0.60388 1.26897 0.51195 0.03218
1.12966 2.98076 1.84759 1.10386 -0.48099
0.56588 0.89775 2.20071 1.74974 1.51254
0.01883 -0.80537 0.7476 3.10906 2.15272
0.30457 -0.54149 -0.46471 2.62531 -0.42729
0.22658 0.52029 -0.63747 3.04264 0.47075
-1.21124 2.50507 -0.02759 3.11563 -0.2713
-0.58082 1.01675 1.48971 2.78373 -0.47677
-1.2358 1.79389 0.547 2.355 1.25852
0.77929 1.43921 1.44477 1.94858 -1.00051
0.6243 1.20487 0.38152 5.14508 0.18035
-0.95564 0.35387 0.80051 5.39495 0.52651
-0.54602 1.01335 0.72479 5.30326 -1.91451
-1.55694 2.75358 1.00244 3.65995 -0.09584
-0.81938 2.47304 2.42133 2.47314 0.41037
0.38527 1.87767 2.56892 2.25635 0.21735
-0.2205 2.43934 3.01132 2.17635 -0.50974
0.32088 1.10784 2.04497 0.37282 0.92676
0.10598 1.28402 1.5562 0.5452 0.93464
-0.67187 2.68527 -1.55827 1.58524 1.5954
0.74181 2.36026 0.08607 3.70743 0.75429
-0.81506 2.4207 2.28904 4.26927 0.93652
1.2804 2.46288 2.52197 4.19534 0.18327
-0.71737 2.65301 2.24306 3.66321 -0.23461
-1.28217 1.91318 1.43621 2.9137 -0.89889
-0.41851 2.51624 -0.02069 2.59866 0.16813
-0.5517 2.13131 -0.63761 3.20545 -0.04616
-1.59738 1.19467 0.57609 3.4348 -1.20538
-0.5439 0.8047 1.36483 2.89382 -1.50012
-1.6345 0.08029 1.28269 1.82446 -0.7615
-1.85744 1.5296 0.80034 0.81709 0.14513
1.90575 -0.2223 0.46342 0.78967 0.74352
-0.1543 -1.01203 1.30999 -0.26421 0.87875
0.37953 -0.93616 0.9954 -0.32608 -0.93001
-0.65468 -1.65687 -0.06816 1.81568 0.14631
0.41388 -3.04117 0.40179 -0.08979 0.212
-0.53283 -1.2961 -0.32242 -0.99007 -0.38038
0.48869 0.45392 0.01639 -0.77598 0.79549
-0.37619 1.12653 -0.18845 -1.47656 -0.16812
0.22744 1.94008 2.04951 -2.84978 -2.0708
-1.38949 0.6153 2.30505 -3.28725 1.11248
1.63644 0.62857 1.14457 -2.12762 -0.56068
0.19088 -1.60471 1.13643 0.40484 0.48018
1.9409 -2.00409 2.34118 0.78341 -0.10037
-1.5123 0.64248 0.29544 1.00493 0.96366
0.37922 0.19126 1.95869 2.30153 -0.06377
1.3017 1.7154 4.31609 0.05378 0.74304
0.08979 0.57203 2.98699 -0.80746 0.85366
0.48465 0.05274 1.18925 -1.14602 0.78706
-1.43454 -0.79011 1.4219 0.30589 -0.30876
0.63371 -0.33001 -0.13612 1.26476 -2.06459
-1.42994 -1.28624 -0.47802 0.2263 -2.63378
-2.8832 0.75995 -0.43256 0.51594 1.84643
-1.30662 1.70757 0.28587 -1.8231 -1.97821
1.56811 -0.36606 2.08918 -0.61379 0.9602
0.9127 -0.48801 1.64461 -0.03578 0.52382
2.02815 -0.62871 0.54471 0.39637 2.36168
0.16845 -0.78458 -0.36302 -0.0033 0.2549
-1.35449 1.90474 -1.06501 0.92384 -0.20231
-0.50687 1.80608 -0.30103 -0.21345 1.04521
-0.90307 -0.62553 -1.69316 0.33987 -0.9899
-1.71079 -0.03705 -0.08902 1.46852 -1.19756
0.81712 1.62241 -0.1018 1.11482 1.15827
-0.07653 0.11402 -0.20713 -0.21748 0.01793
-0.70556 -0.96455 2.66202 0.53656 0.43355
0.09296 1.93316 3.22808 0.36423 -0.69118
-0.37449 0.49506 4.60203 2.11705 0.66158
-0.44583 0.61669 2.48059 2.28312 1.04111
0.10356 1.85343 1.65092 0.07233 0.36782
-0.24995 0.19915 1.53672 -0.8529 0.70037
-0.61802 0.93234 0.289 -1.84911 -0.83976
-2.35648 1.55029 -1.81643 -3.32682 0.4908
0.21067 1.46864 -2.09753 -2.88651 -1.23336
0.24521 -0.293 -0.53604 -1.34086 -0.59473
0.52552 0.16623 1.26974 -0.78556 1.56069
0.78703 -0.18298 0.02988 -1.29292 0.31339
-1.26381 -1.82517 0.0826 -1.03326 -0.17546
-1.58924 -3.39294 -1.95779 -0.72096 -0.00474
-0.32353 -2.6478 -0.93966 0.67824 1.2111
-0.45742 -3.03969 -1.4059 0.08764 -0.26167
1.06228 -5.14476 -2.2151 -0.51288 1.42683
-0.3666 -3.23923 -2.4111 -1.35166 1.59585
-0.44675 -0.88783 -2.04107 -3.67845 0.73503
-0.00925 -0.17977 -0.63032 -3.71599 0.70349
0.04157 0.85741 1.1325 -4.95144 -0.23279
-0.30087 -0.91043 -0.48378 -5.65047 0.95046
1.23285 -1.18941 0.80128 -2.67491 -0.9338
1.32023 -2.42838 0.18979 -2.12053 1.33297
-1.11018 -4.03037 -0.43104 -3.95217 -0.21296
0.16193 -1.73005 -3.75513 -3.20373 0.80832
-0.27981 -0.90002 -1.45936 -3.10403 -0.14226
0.23782 -0.94747 -3.06116 -3.10648 -0.99731
0.73357 -2.889 -2.29317 -4.37556 0.1736
0.72904 -1.40603 -1.15368 -5.04315 1.00929
-0.94662 -1.81933 -0.40914 -5.15785 0.44889
1.30665 -2.70849 -0.50558 -4.45234 -2.05254
0.03485 -1.98725 -0.99509 -5.23442 -0.60341
0.80921 -3.28292 -0.68626 -4.39902 -0.28672
1.12596 -4.7438 -0.82942 -5.00485 -0.29805
0.71122 -4.32231 -0.22557 -5.15516 -0.21576
-1.0439 -3.48519 -0.55857 -4.12704 0.43307
-0.70746 -4.12101 -0.89316 -2.10092 1.14428
-0.58079 -2.32365 -2.43166 -4.32157 -1.41397
-2.73971 -2.35398 -1.89983 -4.02222 0.27428
-0.97735 -1.19932 -3.18019 -3.92629 0.10727
0.57035 -1.65547 -2.06489 -3.47721 1.20675
0.85922 -3.34376 -1.66407 -3.56792 2.84587
1.63607 -3.45667 -3.22886 -2.57142 1.38565
-0.10706 -2.4269 -3.76658 -3.58105 1.31692
2.27449 -1.99314 -3.44175 -6.13246 -0.48219
1.42722 -1.37191 -4.52184 -5.69542 -0.94467
-1.54211 -1.53483 -3.27016 -5.79757 -0.38761
-0.55679 -2.20246 -4.14224 -6.85183 0.0134
-0.0116 -1.24808 -2.90833 -5.8909 -0.1516
0.75718 -1.03492 -2.18775 -3.91919 0.34786
1.07576 -2.81053 -1.49369 -5.04506 0.32444
0.24917 -2.42867 -1.33752 -4.66088 -0.54111
-0.47132 -1.56783 -2.41291 -4.13861 -0.37601
-0.26567 -1.60751 -1.09864 -4.91203 -0.61153
0.34164 -2.74509 -0.85583 -4.61939 -0.51118
0.56529 -3.08079 -0.71501 -4.7569 -0.7382
0.13491 -4.02951 0.58724 -3.25807 1.36391
0.10026 -4.80061 -1.91123 -3.86701 1.88826
-0.52255 -4.9603 -3.32501 -3.06094 -0.04494
1.10879 -4.64601 -3.64277 -3.89794 -1.43409
0.37412 -4.63424 -2.67636 -4.04995 0.98031
-0.44078 -2.81187 -2.06882 -2.86867 -0.88068
0.25388 -3.35159 -1.82687 -1.8426 1.52587
0.25285 -2.67546 -1.47443 -3.41086 0.43433
0.39838 -1.79156 -0.29167 -3.78552 1.12033
0.06908 -1.449 -1.15463 -3.55939 -1.4874
0.16314 -1.34267 -1.32754 -5.08192 1.29854
-0.4015 -1.59473 0.14953 -2.90483 0.98297
-0.95663 -2.12437 -0.46807 -0.72502 1.12527
0.32899 -2.8841 -1.53526 -2.27765 -0.57695
-1.27486 -0.98348 -0.21248 -3.11992 -0.39878
0.21067 -1.10789 -2.13839 -1.79026 -0.62975
0.25468 -0.53173 -1.16168 0.08598 -0.12405
0.42375 -1.17675 0.11356 -1.36111 -1.11666
0.38375 -1.61352 0.49522 -3.32719 0.14761
-1.10686 0.34473 0.99474 -3.13039 1.99935
-0.4208 0.07686 1.91895 -3.55737 0.18678
1.39191 -0.54268 0.73767 -4.6924 1.09525
1.20783 -0.69511 1.23071 -3.30734 -1.55263
-1.09384 -0.57668 1.31218 -3.04909 -1.5081
-1.08912 -0.98016 0.41387 -0.92532 -0.33571
-0.12635 -2.49237 0.72194 -1.41022 0.80217
1.673 -2.65267 -0.348 -3.23869 -1.78709
-1.73846 -1.24246 -0.92118 -1.90624 0.43385
-1.50519 -0.56136 -0.43511 -1.16776 -0.2503
-0.80312 -0.12309 0.26949 -1.2058 -1.10964
0.86686 -0.84959 -0.34281 -2.04968 -0.75399
0.1321 -0.71154 0.78773 -1.91292 -0.5003
2.0223 -0.86203 0.39869 -1.33239 -0.15184
0.26461 0.801 -1.37569 0.60912 1.05065
0.2217 1.0458 1.54123 0.22148 0.8894
-1.36962 1.03691 -0.42875 1.49093 0.14084
2.49736 -1.17361 -0.07454 1.18548 -0.04877
0.93236 -0.17066 -0.4695 1.40089 -0.92141
0.60796 0.95356 0.29791 1.66561 0.43535
-0.83832 1.70294 -0.1784 1.4764 0.76669
-0.51697 3.01684 -0.12753 1.1756 0.26271
-1.80291 3.04117 0.86781 1.94378 -0.77028
1.96082 1.14709 0.69439 2.33196 -0.63794
1.63221 0.7159 1.67365 1.19681 -0.59941
-0.70865 0.32964 1.57705 2.75417 0.02816
0.97568 1.44559 2.59774 1.16013 1.35283
1.82925 2.73896 0.20492 0.50556 -0.54453
0.87456 2.3735 2.12085 -0.58746 0.09524
0.66573 3.52347 1.6223 0.47065 -0.85932
-1.20214 2.13414 -0.64909 1.01149 1.17317
0.72516 2.44673 2.09004 1.93276 -2.16311
0.37899 1.86691 2.72042 2.93391 -0.76274
0.08693 0.05275 -0.1428 3.43911 0.22378
-0.63663 0.70534 0.64505 4.10477 -0.76797
-0.34514 2.1915 -0.64667 3.11107 -1.21853
-0.77625 3.36242 0.85467 3.4718 2.39867
-0.44846 3.22687 1.10988 2.28987 0.00873
0.252 3.35945 1.38712 1.71604 1.13623
-0.3463 2.61352 0.17095 2.68267 -1.24599
-0.84603 2.65027 0.24559 2.66781 -0.04072
0.28415 3.40688 -0.71085 2.19982 0.87287
0.59979 2.97145 1.34818 2.05582 -2.18264
-0.50123 1.99952 1.71475 1.54245 -1.76078
-0.04148 2.25674 1.8478 2.67073 1.98084
0.41758 2.47239 1.35461 2.2189 -0.10365
-0.88673 0.88635 1.45025 3.92194 -1.47459
-1.71425 0.9035 0.87884 2.65794 -1.6856
-2.28334 0.94366 -0.47913 2.24555 0.99668
-0.12822 1.1682 0.11311 1.70546 1.29435
0.83038 0.76066 1.17253 0.94104 -0.35593
-2.64544 -0.56679 0.61182 0.89176 -0.02296
-1.63254 -0.79162 1.82956 1.41437 1.19634
0.83443 -1.07649 0.88054 2.04585 -2.01722
1.70009 -0.57463 1.08629 1.02712 -0.33197
1.93845 -1.44364 1.50271 1.825 -0.19445
0.3995 0.14692 0.92903 -0.12451 -0.80553
-1.5972 1.78027 1.04132 -1.03313 1.03214
-1.32126 3.79476 3.06374 -1.66205 -0.49535
-0.39462 4.14066 2.36848 -3.40675 1.56116
-0.83997 1.38535 3.1498 -2.9387 -1.0335
0.47022 1.71109 2.53209 -3.07792 1.45285
0.20508 1.30825 3.17449 0.48243 0.63029
1.59353 -0.84225 2.44697 1.43005 -1.85365
1.54311 -1.62695 1.18653 0.96629 1.29258
-0.64233 -1.75746 -0.25694 0.25808 -1.28883
-2.27439 -0.59662 -1.31837 1.40248 -0.40424
0.07838 2.40713 -0.53576 -0.15723 -0.68276
2.24263 0.66301 0.30834 1.21146 1.3948
0.53155 -1.23915 1.69006 1.27944 -2.01566
-0.34893 -0.83995 2.06088 -0.3108 1.5912
0.62389 -1.00283 1.39296 0.99947 -0.73655
-1.65327 0.02245 -0.87864 1.3842 -0.83066
0.1015 -1.5142 -0.01406 0.10761 -0.04365
1.50244 -2.04218 0.80497 -0.44574 -0.50416
-2.25631 0.07314 0.46645 -1.10431 2.23732
-1.08257 1.37714 -0.08676 -1.6195 -0.25915
-1.06377 1.67144 -0.2472 -0.10197 0.26598
0.46471 -1.91982 0.18983 0.07299 -0.60997
-2.21572 -0.34256 1.19882 0.22627 -1.19923
2.10214 -0.08446 -0.98987 -0.20319 -1.4296
-2.03142 0.5626 -0.97112 1.38437 1.35342
1.91615 -1.13363 -0.14076 -0.14289 0.36746
-1.30853 -0.69929 -0.7504 -1.70557 1.5954
0.51251 -1.38153 -0.87105 0.69279 -1.21855
-0.7904 1.78585 -0.86111 -1.75442 1.35464
1.18215 -0.22001 -1.10254 -1.51714 -0.22358
-1.19319 -0.38414 -1.97156 -2.03795 0.348
-0.20279 -1.03021 -2.5556 -1.67684 -0.88438
0.75872 -0.17053 -1.03733 -2.55409 -0.82289
-0.17019 -1.24793 -1.30889 -0.99117 -0.11355
-0.43458 -0.24259 -2.65795 0.58254 -0.62772
-0.4213 -0.59169 -0.88093 0.92902 -0.6057
1.05681 0.26689 -2.23262 0.80663 -0.193
0.2486 0.39818 -0.26406 1.31002 -0.27111
-1.91979 -0.41904 -0.47867 2.029 -2.08506
-0.63467 1.79562 -1.56098 0.67496 0.50221
-0.97119 -0.17605 -1.6659 0.82708 0.58932
-0.70452 0.51871 -1.16842 2.00992 1.34617
0.16238 -0.8196 -1.28033 2.26563 -1.19456
-1.741 -2.03882 0.35976 1.91534 1.30148
-0.21074 -1.71169 -0.15397 2.23384 -0.15788
1.18165 -0.7519 -1.17331 1.19587 0.02951
2.14825 0.42045 -0.02888 -0.51281 -0.63522
-0.06847 2.25182 -0.6743 -1.93808 0.04853
-2.17178 0.629 0.45402 0.09382 0.47205
1.59035 0.66387 0.15421 0.32441 2.01772
0.26314 -1.16329 0.56159 -0.16052 0.09768
0.73775 -2.36835 0.92059 1.13736 0.82415
-0.25808 -0.7173 -0.95716 0.05677 0.60999
-0.85875 0.21163 -0.53499 1.36752 0.61465
-0.95172 2.20976 1.05487 2.896 0.01047
0.88098 -0.5702 0.53744 0.96599 1.33117
1.49501 -0.34471 -0.11867 0.89304 -0.03324
1.68505 -1.09666 -0.34726 1.95473 -1.54506
0.73364 0.19536 -1.23367 2.34815 -1.52101
-1.11021 2.55194 0.32985 1.72012 -0.00946
-1.19429 2.3494 1.25374 2.10877 -1.76234
-0.03285 1.37959 2.16882 1.70651 -1.33844
0.32182 2.55989 0.09244 1.71257 -0.52976
0.25781 1.48872 2.23458 1.61208 -0.42031
1.55231 -0.65784 2.05791 1.7406 1.15081
1.17044 0.29304 1.92027 2.06636 0.2836
0.00624 0.72701 2.00024 1.29723 -2.00665
