-0.08967 -1.59512 -1.3731 -0.07312 1.01113
-1.20672 -1.56342 0.06746 0.30884 -0.76423
-1.35665 -2.31715 0.15459 -0.40742 -0.28682
-1.00066 -2.31207 -2.36759 0.47757 -0.53018
0.39692 -2.57413 -0.71234 -1.14477 -0.08458
0.64854 -2.55084 -0.23394 -2.36026 1.32864
-0.29731 -1.12589 0.90832 -4.37354 1.42236
-0.17976 -0.80634 -0.00464 -2.26303 -0.38035
0.87145 1.34933 -2.14117 -1.2584 -0.02419
-0.37448 1.03992 -1.51763 -1.16678 -0.61829
-0.77484 0.78755 1.72107 -0.70251 -0.13971
1.39108 0.61666 0.22983 -2.3487 2.03263
0.86407 -1.37765 0.99531 -2.15673 -0.34586
0.2029 -0.63665 1.16463 0.57659 -0.55856
0.11138 -1.1617 -3.07046 0.40694 0.61375
-0.415 -0.88649 -2.46109 1.77274 -0.40872
3.06034 0.46478 -0.4178 -1.38318 2.14143
-0.29601 0.32748 0.8516 0.19406 0.24348
-1.06982 -0.44476 0.85581 1.45127 -0.28715
0.0062 2.06939 0.16413 0.68054 -1.40776
0.37919 0.72966 -0.08247 1.20849 0.16259
0.97589 0.40631 0.70229 0.89675 0.09107
-0.33933 -1.74647 0.58855 2.0528 0.41023
1.39765 -1.31678 -0.63147 2.13868 0.97443
1.90356 -0.96686 -0.29274 -0.28094 -0.83809
1.20206 -1.69408 -1.53521 -0.7176 -0.74289
2.27602 -1.25137 -1.55645 0.87995 0.56701
1.58221 -0.50661 0.9882 0.0728 -0.68123
0.50718 1.13055 -0.98343 -0.97695 -0.10333
-0.65681 1.91178 1.2153 -0.3071 -0.51732
-0.94681 2.16705 0.51032 -1.42627 0.89847
-0.28324 2.40127 0.42727 0.97824 -0.16063
0.47511 0.20622 0.89473 1.67704 -0.44586
0.55668 1.84377 0.50965 0.95222 0.71455
0.92458 0.7987 1.98148 1.35109 1.22554
-1.90946 0.82213 2.00269 0.44999 -0.55814
-1.32634 -0.30494 -0.26329 1.85813 -2.04857
0.62647 -1.0419 0.57926 0.53449 -1.77592
-0.8365 0.21271 -1.62123 2.37854 -0.27603
-2.08332 2.24763 -0.81773 -0.05274 -0.15405
-0.63572 -0.33684 -0.99067 0.66243 -0.59404
1.13843 -2.02349 0.07316 -0.41588 -1.83894
-1.74994 -1.68999 -0.54319 1.0374 0.6653
-1.10453 -0.71709 0.60322 2.13232 -0.07463
0.89683 -0.89994 -0.87788 0.62699 -1.19905
1.78294 1.52942 -0.63824 -0.64721 -0.26621
-0.4428 -0.64101 1.41604 -2.70629 0.53027
-2.79484 -0.93055 1.27127 0.2646 1.57098
-1.97678 0.64123 0.80691 0.24944 -0.50656
-2.08963 -0.44313 -1.42378 1.02147 0.39411
-1.8658 0.10416 -0.30218 -0.49903 1.47514
-1.29832 -0.91207 1.04912 0.46307 1.5254
-0.39597 -1.25718 -1.34531 -1.96887 -1.26566
0.39247 -0.21827 -2.55145 0.51022 0.16287
0.91371 -0.1883 -0.56521 -0.15346 0.03916
-0.60314 0.4526 0.22135 -0.01292 2.17255
0.85505 0.62732 0.00261 -1.12446 3.26514
-1.1704 1.44735 0.2092 -0.64315 0.54276
0.83471 -0.36125 -0.78399 -0.64638 -0.84259
-0.72553 -0.75507 -0.77245 -0.59229 1.17911
-0.354 -0.31272 -1.35888 -0.24049 0.63539
-0.87333 1.81932 -1.59075 1.15035 -1.63995
-1.44042 3.19872 -1.34523 -0.02779 -1.19417
-2.04917 1.30505 -0.02741 -2.12852 -2.10347
-1.93853 0.2913 0.32273 0.7594 0.03456
-2.65305 0.08353 1.72922 0.9349 0.24241
-3.4529 0.50223 0.47474 2.29481 -0.59144
0.47125 0.7203 -1.20741 3.45107 1.10798
1.92967 -0.62153 1.46951 0.75423 -0.9065
1.76121 -1.15041 0.69721 0.10952 0.6543
-0.11691 0.593 2.87178 -0.85758 2.95947
0.27253 0.54662 2.2722 -0.47394 0.82576
0.63373 1.30736 0.05572 0.99515 1.21299
0.41021 -0.25402 1.09843 1.88613 0.38385
-0.29807 0.12163 -0.09655 -0.29811 1.61104
0.79289 1.14305 1.11508 2.346 0.90453
0.4597 1.87331 0.02297 0.83919 1.55106
1.05867 1.41068 0.87533 0.63501 -1.57485
0.19466 1.31796 1.46398 0.57885 -1.22056
2.4862 -0.58162 2.66416 0.67159 -1.15985
3.06964 -1.4999 -0.14407 0.2709 -0.91337
1.33269 -0.71445 -0.81047 0.21976 -1.22994
0.43899 -0.98083 0.34455 -0.33509 -0.58911
2.0518 1.63039 -0.22045 0.69166 -0.82755
1.36338 2.07317 0.95028 -0.20066 -0.73659
0.25786 0.35127 0.87695 0.03738 -1.12046
0.55431 0.09963 -0.7724 0.22885 -0.34539
1.15286 -0.27426 0.98876 1.03161 -0.12471
1.77198 -0.29008 -0.65209 0.87573 0.02948
1.78268 -1.73545 -0.81806 -0.76449 0.35568
0.47718 0.50009 -0.13322 -1.3568 0.21052
-0.17916 0.5879 -0.90313 -0.53471 -0.30963
-1.88659 -0.8317 0.61631 -2.22548 -0.40064
-1.1863 -0.99144 -0.15112 0.7439 -0.08783
0.54144 1.23781 -0.05054 1.65725 -0.34619
0.61256 0.41768 -3.39049 2.5434 -1.07107
1.52346 1.35825 0.32602 2.68283 -0.37534
1.64815 0.54932 1.22491 0.22559 0.63537
1.3288 0.45332 -0.28135 0.91676 1.49007
1.43198 0.69173 1.30053 1.86424 -0.44525
2.10077 0.60274 1.81739 0.95356 0.79554
-0.11595 -2.62989 1.17454 0.18343 -0.51189
0.36626 -0.82248 1.9837 1.80676 -0.44538
0.92736 -0.56752 0.91467 -0.13906 0.37354
0.33331 -0.37304 -0.91734 1.19036 2.13997
0.8973 0.6592 -1.25854 0.51176 0.48872
1.22874 1.39219 -0.17153 0.84214 -2.07097
2.89606 1.08787 -0.00566 0.28522 -1.12592
-0.02746 0.73453 1.38063 0.68665 -0.03945
-0.94544 -0.06211 1.33046 1.56193 1.79391
0.46332 -0.94754 0.15199 0.35701 0.28784
0.24368 -0.84666 -0.3459 1.19579 1.10974
1.04933 -0.23275 0.75083 0.81122 2.46242
-0.06253 0.25279 1.00885 0.88155 -1.6911
1.34932 0.79622 1.79564 0.65562 -0.53421
-0.78958 -0.59934 -0.86138 1.00803 -0.79868
-0.14439 -0.93556 0.5797 0.632 -0.88999
0.46718 -2.01919 -0.16963 1.0984 -0.21674
0.42913 -1.68196 -2.70929 0.83236 -0.03312
0.84498 -0.33928 -2.37112 -0.73669 -0.41374
-0.06687 -0.45284 -0.54421 0.66268 -0.62741
-0.90272 0.75475 1.0022 -0.81595 -0.9028
-1.27284 1.7685 0.17678 1.03957 -2.20896
-1.59535 0.0025 -0.14133 1.53038 1.70758
-0.35455 -1.29786 -0.73809 0.86402 1.16159
-0.9749 -0.23741 -1.47768 0.76149 0.28934
-0.73739 -1.4252 0.22942 1.30791 -0.17842
0.55058 -0.20787 -1.56274 0.73921 -0.83416
-0.53675 -0.07312 -1.32345 0.37283 -0.67898
-0.06702 -2.01657 -0.56018 0.23105 0.22115
0.78568 -0.02466 0.94633 0.62138 -1.38523
1.2373 2.10799 0.05136 1.52367 -0.84747
1.39504 -0.04992 -0.83008 1.32794 0.03089
1.34765 0.20781 -1.19603 -1.00908 -1.29755
0.66143 0.55149 -0.05758 -1.70369 -1.04904
-0.2172 0.11788 -1.87941 -0.73682 -1.17316
-0.59475 -0.69991 -0.66872 -0.37513 -2.57683
0.61232 -1.96273 -2.08392 -1.27002 -0.28995
1.02899 -1.75941 -0.21392 -0.60059 -1.04946
-0.80067 0.31275 0.32813 -1.41361 0.80882
-0.90304 -0.4988 0.58661 -1.03174 1.51437
-1.60481 0.4179 0.21899 0.36878 1.41898
-1.68223 0.82638 -0.68024 0.09453 0.07509
-1.48009 -0.143 -0.64807 -1.20943 -1.7652
-1.64702 1.16474 2.99024 0.70922 1.0919
-1.6709 -0.19805 0.23381 0.66146 1.4436
-0.06825 0.25409 0.38618 2.65938 0.04864
1.49663 0.41613 -0.37879 -0.04251 -0.62558
3.33403 1.46768 -1.24896 3.03871 -1.24917
3.55708 0.98004 0.12266 1.60912 -0.3983
3.10423 0.78201 0.30941 -0.99606 -1.05334
0.82572 0.10113 0.86156 -0.43975 -0.055
1.66769 0.26827 0.18438 0.11384 -1.32676
0.50733 0.12455 2.13321 0.18069 0.19424
-0.25461 1.44175 1.31352 0.1506 -0.48251
0.04593 -1.7335 1.39423 0.5038 -1.8868
-1.31794 -0.08038 -0.17181 2.01467 -1.03185
-0.2497 -0.74052 1.65952 1.0915 -0.00561
0.51201 0.4167 1.59304 -0.98704 -0.43231
1.07776 -0.19401 -0.26313 -0.28931 0.52937
-0.36196 -0.31114 1.75901 1.83496 0.05284
0.70144 0.51582 2.8017 0.0611 -0.17894
0.20283 0.16361 0.37036 0.87063 -2.04228
0.55019 2.20338 0.36713 0.16311 -0.8401
2.05588 -0.23545 -0.1225 -0.09806 -0.64468
2.36988 0.05504 -0.33253 -1.95213 -0.50114
2.06157 1.20056 -0.82052 -0.15076 -1.9273
0.35101 -0.13101 0.50852 1.36252 -1.15891
-1.34556 -0.91652 0.30261 0.86564 0.05661
1.1787 -0.188 -2.58312 0.74964 0.07272
0.47793 1.72825 0.55596 -0.31407 -0.74631
-0.53006 0.47392 -0.52454 -0.9911 -0.73658
2.26819 0.99118 0.7465 0.99998 0.82948
1.44653 0.51332 -0.33581 -0.7471 0.71623
1.38016 -0.74538 -2.0022 0.66137 -1.51993
3.60825 -0.0552 0.72047 1.72084 -0.62666
2.35132 0.71438 0.19244 0.94148 0.58666
1.56397 0.87749 -0.03409 0.66293 -0.00999
1.73223 0.45137 0.87516 0.49747 -0.69537
-1.06928 0.50895 -0.03483 -1.56166 -1.15006
-0.81274 0.65453 -1.40558 -0.17934 0.06531
-1.5244 -0.78824 1.71119 -0.22775 -1.4553
-1.74912 0.86774 -0.26921 -1.60617 0.11823
-1.18254 1.02434 0.50689 -1.3284 0.29563
-1.40259 1.11048 0.94477 -0.47917 0.07882
-3.03598 -1.06904 1.1686 0.16061 -0.48398
-1.93585 -1.14214 -1.08189 1.42816 0.22879
0.38302 -1.04098 -2.92659 2.5521 -1.41039
-0.62199 -0.73225 -0.9478 0.26818 -0.56943
-1.36859 0.15811 0.28003 -0.43492 -2.10066
-0.87479 0.38814 2.29452 -1.92867 -2.12068
-0.85923 0.20731 0.64945 -1.40334 -1.43153
-0.74599 -0.03122 -0.09771 -0.83338 -1.49693
-1.37258 -1.31032 0.77962 1.11525 -1.5075
-1.29943 2.20814 -0.62835 -0.38605 -1.39538
-1.06406 1.22135 0.44376 2.6075 -1.42155
0.70861 -0.52624 0.23786 -1.35434 0.85742
0.11673 0.78771 -0.63708 -1.70214 0.96522
-0.56858 -0.65037 0.62894 -0.14429 0.17069
-0.22165 -0.56084 0.23224 0.68504 -2.63429
-1.06477 -0.38676 -0.09109 0.84566 -0.18358
-0.94446 -1.32359 0.47197 0.39148 0.12998
-0.01699 -1.5428 -0.13726 -0.30571 1.4433
-0.35966 0.17445 -0.37096 -0.45416 0.426
-0.48742 -0.01107 -0.09934 -0.30689 0.60122
1.21081 0.0388 0.04253 -1.74909 -0.69562
1.03429 0.22172 -1.04607 -1.2272 -1.68623
-0.21823 -0.58391 -2.10842 0.00492 0.75832
0.39411 1.11352 -1.57504 -0.91288 1.08447
0.88186 1.55972 -0.06312 -0.48631 1.84289
0.08725 -1.17126 0.85361 1.2022 0.56895
1.1377 0.29047 -2.92653 1.23397 0.62985
0.48047 1.23576 0.3689 1.75443 1.10442
2.05837 1.74468 0.70079 -1.06675 0.94271
1.68315 1.87282 2.76069 -0.02071 0.75133
1.29579 0.71319 2.12662 -0.36647 0.37821
-0.00632 1.84596 1.04199 2.46074 0.25824
1.34616 -0.11286 -0.70486 2.9932 1.26935
0.84609 -1.76111 -0.68879 1.52204 -0.92936
1.17599 -1.22155 -2.13679 0.48583 -0.09921
0.86074 -0.61103 -1.16144 -0.54346 -1.00181
-0.96141 -0.32283 1.31252 -0.58451 -2.39824
-1.04036 1.45339 -1.66856 -1.25966 -1.59865
-1.37177 1.20061 -0.03134 -1.88278 0.62442
-1.50829 1.98876 -0.50245 -2.70825 0.61696
-1.05829 1.92726 -1.03364 -1.11939 -0.57807
-0.78601 1.33081 -0.72434 -1.44953 2.15547
-0.64327 3.21426 1.22535 -1.11368 0.30817
-1.70067 0.3477 0.25278 -0.64994 -1.40791
0.89221 2.19365 0.51517 0.11099 -0.74199
0.51592 0.41471 -0.48244 2.27049 -0.33435
0.00905 -0.76605 0.77094 1.09576 -1.54652
0.72114 0.50306 1.02332 0.66039 1.06781
2.12243 -0.15178 1.93244 -0.03173 1.22372
0.05345 -1.33612 1.24272 0.10189 -0.16342
0.74027 -1.22936 -0.50467 -1.55905 0.38039
-0.43134 -0.93418 0.48269 -3.22324 1.10227
0.38736 0.41074 0.89368 -1.41924 0.30967
0.63925 0.0478 -0.5523 -0.21383 1.34852
0.10749 -0.98911 0.13039 -1.20766 0.71192
0.73558 -0.75809 -0.87066 -1.22434 -0.67115
-0.86199 -0.4788 -1.15603 -0.49036 -0.06463
-1.55371 -0.40104 0.89034 -0.27498 0.58611
0.45212 0.63008 0.17272 -0.27168 -0.91704
-0.42517 1.40575 -0.34423 0.55148 1.51907
-1.00866 -0.90896 1.17389 0.12943 0.09876
-2.07764 -1.42918 1.43443 0.09552 0.05585
-0.14566 1.10445 0.3246 2.59116 1.47152
0.59258 2.1785 0.62839 2.53706 1.93423
0.85046 0.25023 1.81535 2.00534 -0.05205
1.6067 1.15568 -0.0719 1.28446 2.09305
2.47188 -0.65338 1.61469 1.0903 1.78097
1.97046 0.7505 -0.30946 0.99701 -0.2699
0.54395 2.28338 -0.18365 0.68102 -1.51865
-0.9698 2.26835 1.17166 0.67473 1.46146
1.43443 0.73496 -0.51662 -1.02539 -0.13971
1.27044 -1.57956 0.13737 0.82738 -2.61236
0.3116 -1.26041 0.12001 0.77018 -1.32372
1.54108 -0.74917 -1.9773 0.47463 -0.13108
1.44706 -1.22085 -1.09914 -0.65837 0.32989
-1.24553 0.89657 -0.47397 -1.06868 0.6981
-0.62643 0.76678 0.18311 -0.99913 -0.3223
-0.03211 1.77579 -0.96827 0.86678 0.6872
0.97208 1.19702 -0.48204 1.691 1.46074
1.71231 0.42761 -1.70489 0.60263 1.05476
1.37045 -0.13449 -1.52073 -2.8839 -0.51701
-1.55154 0.80161 0.50809 -2.00391 -1.05635
-2.13029 -0.23431 -0.47048 -0.62961 0.39972
-1.77625 -1.36023 -0.64663 -2.0108 0.6532
-1.13465 0.05459 -1.24311 -1.50585 0.86256
0.04709 -0.21415 -1.07773 -1.03264 -0.2478
0.54714 -1.39957 -0.46301 -2.2838 -0.63471
-2.48279 -2.5687 -0.63797 -0.96107 -1.16161
-3.58265 -2.98513 -0.05764 -1.65802 -0.78191
-1.27181 -0.14678 -1.10808 -1.46502 0.07694
-1.87997 0.67709 0.12073 -1.55415 0.45953
-1.47108 0.00193 0.22625 -2.20082 -1.45556
-1.6138 0.59475 -1.03305 -2.1848 0.93497
-1.30066 -0.33332 -1.73833 0.09362 0.16974
-0.09307 0.0215 0.44136 2.51863 -1.92901
0.65792 1.36071 -0.35385 0.35312 -0.14544
0.51391 0.58303 0.64526 0.38966 -0.04076
1.00402 -0.28297 1.37985 -1.01765 2.05035
1.20104 0.3982 -1.07747 -0.67767 -0.21175
0.84246 1.76392 -1.72946 2.52683 -0.74817
0.98081 1.61708 -0.50655 1.34149 1.54903
-2.15596 1.37242 1.61552 0.12144 -0.13096
-1.04604 0.41172 0.14923 0.51909 -0.51874
-1.0863 1.14622 -0.13385 2.60979 -1.91356
1.23605 0.12304 -0.49137 0.12869 -0.70357
-1.46009 -1.02441 0.85213 0.35763 0.72611
0.13905 -0.29494 -0.048 -1.38783 0.03411
-0.71402 0.28058 -1.15093 0.50774 0.42186
-0.17967 -0.04976 0.72856 -1.06365 -0.94014
-0.40915 -1.13218 -0.07604 -1.21968 0.90165
0.3885 1.29966 0.97092 -0.25336 -1.25863
-0.12117 0.41088 0.69267 1.39005 -2.29815
1.02048 -1.13295 -1.77964 0.53628 0.09533
2.86335 -0.8219 0.68667 1.65402 1.50963
3.23907 0.32847 1.05089 1.08362 0.8397
