0.68447 -3.72819 -1.0161 -1.8372 0.10007
0.26613 -1.5834 -0.85763 -2.80975 0.63168
-1.4425 -2.17288 -0.35896 -2.17657 -0.58328
-1.04755 -1.88455 -1.19245 -1.5824 0.7747
-0.32558 -2.33908 -1.00533 -0.87681 -1.62914
-2.67895 -4.67525 -1.84933 1.4761 -1.1742
-2.45283 -2.76904 -1.06428 1.60693 -0.41337
-0.99817 -2.11325 -0.67504 -2.29865 -0.10716
-1.35114 -1.30094 -0.51495 -0.28622 -0.62841
-1.06649 -0.95854 -0.28363 -0.61281 -0.16123
-2.34789 -1.35043 -0.84464 -0.77349 -0.63458
-0.62493 -1.02983 -1.03707 0.3787 -2.42218
-0.62386 -1.96873 -1.29842 -0.55351 0.16834
0.6904 -0.45291 -0.89487 -0.04643 -0.81062
-0.74947 -0.85347 -1.30837 -0.69132 0.9414
-0.87298 -1.28546 -2.91507 0.08545 0.16779
-0.62677 -1.52584 -1.94005 0.99692 -0.92567
-2.57974 -1.6323 -0.15156 -0.90221 -1.09873
-0.39972 -0.08795 0.63775 1.24453 -1.09638
-1.90401 0.55955 -0.49042 -0.60527 -0.20611
-2.18826 1.05081 0.29386 1.32879 -0.78674
-0.72721 0.10364 -2.34317 0.68991 0.05172
0.26758 0.23457 -1.48052 0.35509 0.87214
1.96831 -0.16436 -1.42609 0.20667 -1.0723
0.24646 -0.93719 -1.6437 -1.10462 -0.97163
-0.0014 -0.32361 -0.7648 -0.6886 1.12788
0.81353 -1.06571 0.39337 -1.65308 -1.58864
0.52418 -1.09249 2.00841 -1.26975 -1.64006
0.14192 -0.79616 1.07317 0.90046 0.62271
-0.76413 0.89761 0.98104 -1.52953 -0.13138
-0.12101 1.33506 2.7838 -1.40728 0.01942
-1.22899 1.18379 2.44749 0.51718 -0.06173
-0.41598 -0.19404 1.83535 0.2209 0.75285
1.33693 -0.74424 0.19493 1.9392 -1.44343
2.10125 -0.70796 0.97629 0.71131 0.42662
2.73694 -0.54594 1.74696 0.67236 -0.54791
2.75437 0.91139 1.17002 0.22699 -1.00255
3.04225 -0.70684 0.28159 0.41415 1.33478
3.66126 -0.3067 -0.33571 -0.72406 1.76226
3.48363 -0.73343 -1.27845 -0.10169 0.29719
4.06997 -1.70728 -1.41172 -0.85821 -0.4362
4.88645 -1.81131 -1.72168 -0.11299 -1.19583
3.60023 -2.48566 -3.20299 -0.54309 -0.34642
2.50252 -2.89621 -2.73606 -0.37973 0.36727
2.28868 -4.2315 -4.41562 0.26033 0.8052
1.38205 -3.15795 -3.61158 -0.04443 0.78068
0.63032 -1.58608 -1.08966 -0.34843 0.78554
1.7647 -2.21959 -1.06818 -1.62898 -0.35267
1.57011 -1.70096 -2.25064 -1.23418 -0.34744
1.84017 -2.15215 -2.54518 -1.63202 -0.29499
2.61835 -2.88989 -2.99317 -1.17509 -2.02161
1.10752 -3.13025 -1.51091 -0.77 -2.17886
1.2328 -2.36752 -2.55963 -0.45568 -0.70806
-0.29581 -2.11342 -0.91627 -0.09951 1.04801
-1.04882 -2.51761 -0.17026 -0.05385 -1.07794
-0.83068 -2.65945 -1.11371 -2.1241 -0.46194
-0.68339 -3.57927 -0.97833 -3.50741 -2.19913
-0.67246 -2.243 -1.99077 -1.6286 -1.43467
-1.03781 -2.43309 -1.75126 -2.29449 -0.59119
-1.66404 -1.80442 -1.77486 -0.79565 -0.68533
-1.51459 -1.75382 -1.9378 -1.58317 0.69426
-1.49447 -1.8328 -2.33003 0.07727 -0.6861
-3.7997 -2.41481 -1.31266 -0.38444 -1.0241
-2.93302 -3.03877 -0.17181 -1.71988 -0.88763
0.36319 -2.66411 -0.31029 0.96194 -1.61762
-0.17793 -3.17885 -1.74624 -1.72585 1.00019
-1.12787 -1.0518 -1.21265 -0.90738 -2.89028
-0.63873 -0.85252 -0.24179 -1.05046 -0.85773
-0.78967 -1.10296 0.88452 -0.55706 -0.20871
0.63537 -1.42128 -1.16327 -0.18318 -1.40466
1.87282 -1.09885 -1.46876 -1.05033 -1.17771
2.41011 -1.80053 -1.50032 -0.42166 -1.56539
0.46446 -0.79704 -0.342 1.97406 -1.02615
0.25334 -1.94268 -1.49015 0.48102 0.80869
-0.22094 -2.45853 -0.61104 -1.02691 -0.46924
0.27054 -2.18458 -0.57552 -0.33416 -1.01618
-1.3743 -1.22008 -0.24298 -0.88356 -0.2592
-1.21569 -0.90367 -1.21211 -0.96769 -2.01168
-0.16492 -0.65184 -0.22377 -1.2125 -0.67439
0.08434 -1.82407 -3.81788 -1.19503 -0.34261
1.22108 -1.10093 -0.9416 0.04664 0.77279
1.77134 -1.94351 -0.86649 0.56831 0.53442
0.74472 -2.58701 -1.23577 -0.43828 -2.21921
0.10349 -1.31417 -1.73298 -0.29196 -0.48234
-0.40995 -1.83883 -2.15651 0.25019 -1.07871
-0.94644 -1.77332 -1.93594 0.99414 0.42332
-1.08556 0.76662 -3.42698 0.6302 -1.19004
-0.24354 1.13054 -1.41611 -0.55867 -0.10401
-1.57713 1.72672 -1.7043 -0.44126 -0.90479
0.19975 1.42313 -1.10791 -0.35351 -0.48891
0.97925 1.03229 -2.54619 0.095 0.06662
2.35879 -0.14394 0.13854 -0.15042 -1.74298
3.09578 -0.39444 1.19066 -0.88793 -0.09858
3.85184 -0.57517 1.31514 1.90091 -0.7271
1.72618 -1.20287 2.51718 0.37965 1.23378
0.46412 -0.53578 2.32248 -0.69108 -0.25652
1.53274 -0.40499 0.34813 -2.33196 0.75112
0.66869 -0.98222 2.06981 -0.12935 -1.46532
0.41302 -1.14198 2.19645 -0.22804 -0.35574
-0.31052 -1.55543 2.60406 -0.05064 2.14768
-0.12775 0.41401 2.81835 -0.75789 0.04543
-0.76414 -0.67374 1.66216 0.36488 0.22802
-0.55419 -1.94262 1.16512 0.85189 2.17136
-0.86315 0.67336 -0.28931 -1.97353 -1.2498
-0.15743 0.99362 1.66455 -2.02433 -1.09021
-1.43404 0.21717 1.33721 1.37895 -0.26387
-1.4741 -0.67629 0.3116 -0.69692 1.12138
-1.52431 -2.62052 -1.23034 -1.10042 -0.90261
-1.23314 -2.40793 -0.23774 0.3288 0.69829
-0.25259 -1.8441 -0.78549 0.00448 1.58118
1.02626 0.82772 -0.62396 -1.14435 -0.00576
0.51829 -0.60788 0.37781 -0.8868 -0.86076
0.13924 -1.63933 1.09495 -0.10939 -2.02426
1.15293 -0.09492 1.25664 -1.26762 -1.28649
-0.83844 -0.73529 0.50243 -0.95274 -0.4823
0.87713 -1.43372 -0.29206 -0.65787 -0.62819
-1.53246 -2.93028 -0.40193 0.43064 -1.05438
-2.31046 -4.12552 -2.15692 1.01812 -0.49253
-1.48042 -5.51893 0.02028 -3.17118 0.63039
-1.68871 -6.48706 -1.79897 -2.44158 -0.52387
-0.4652 -7.36743 -1.11226 -1.92916 -0.8253
0.53861 -6.63007 -1.89318 -2.82111 -0.45541
0.70571 -6.58971 -1.95876 -1.03234 0.25015
-0.32074 -6.26424 -2.57894 -2.24448 -2.24124
0.89568 -6.34821 -3.64012 -2.81916 -1.61264
-0.5969 -6.56274 -5.63462 -1.38328 -1.51794
-1.04093 -7.1138 -4.3195 -2.83894 -1.79307
-0.91835 -8.20525 -3.6755 -2.57022 -1.94604
-0.40216 -9.60938 -4.12613 -2.33017 -0.92454
-1.20271 -10.13846 -2.76309 -1.92527 -2.13051
0.51686 -9.73416 -3.45813 -3.44921 -1.99351
-0.456 -9.63551 -2.81082 -1.39126 -3.1473
0.59458 -8.08994 -3.51174 -2.59134 -2.33732
0.54679 -9.63313 -5.51601 -1.58313 -3.10631
-0.53875 -8.48213 -6.02423 -2.23112 -2.16529
-0.05788 -6.88112 -4.61032 -2.26943 -2.08106
-0.921 -6.71318 -4.44653 -2.31417 -4.1041
-0.24717 -5.77995 -6.33859 -2.43201 -2.45635
0.12024 -5.20953 -5.10297 -2.56558 -2.26476
-0.73349 -5.49763 -5.05605 -0.47777 -2.68934
-1.20334 -6.70615 -5.00093 -1.84507 -0.97256
-0.55817 -8.12855 -5.11865 -1.12314 -0.27242
0.80258 -7.29846 -4.78778 -0.90214 0.19129
0.75389 -6.92811 -3.78524 -2.55119 -2.40921
-1.53159 -5.86909 -4.50486 -4.63862 -1.80529
-1.18608 -5.17222 -4.96683 -5.75235 -2.74224
-0.34792 -5.464 -5.67726 -2.84128 -2.06131
-0.92984 -4.83744 -4.6822 -1.32136 -2.43102
-2.17541 -3.72031 -3.67406 -1.8901 -1.39059
-2.39071 -4.33187 -3.56686 -1.53463 -2.34335
-0.91554 -5.03782 -3.9939 -2.2311 -2.26288
-0.28335 -6.17605 -4.92694 -0.98975 -1.54765
0.19959 -6.87561 -3.22024 -2.15056 -1.2429
0.27348 -6.33351 -2.62677 -1.54407 1.14025
0.27012 -5.96534 -1.19378 -1.52326 -0.3247
0.09404 -6.06013 -2.7412 -0.28005 -0.52646
-0.69542 -5.31527 -4.86607 -2.2178 -3.24507
-0.0389 -2.98934 -4.54861 -4.132 -1.63107
0.46098 -2.69374 -2.12631 -3.01781 -0.62772
0.91263 -3.05075 -2.02118 -1.04596 -2.2549
0.63704 -3.21867 -1.94937 0.70445 -2.44586
-0.46587 -1.34337 -1.02939 -0.22827 0.43038
-0.23684 -2.16593 -0.60461 0.00792 -0.65789
-1.69612 -2.10239 -1.31455 1.81656 -1.62259
0.11238 -3.27467 -1.65335 -0.24964 -1.4242
-1.18279 -2.43748 -0.34863 -0.45902 -0.68657
-1.00583 -1.6168 1.22353 -1.06948 0.82217
-1.36939 -1.44992 -0.01992 -0.50277 1.5958
-0.35224 -1.94699 -1.10168 -0.41164 -1.25668
0.18207 -2.0189 -2.47714 -0.15612 0.76263
1.37634 -1.34206 -2.29628 -0.33352 -0.5566
0.49153 -0.69628 -1.79589 -2.23308 -0.6789
0.00449 0.04634 -0.28934 -0.01482 -0.18952
-0.86331 -0.14144 0.68688 -1.5044 0.9387
0.16086 -0.12791 -1.58856 0.29355 -0.37678
-1.08824 0.31804 -1.14305 2.34139 -2.09266
1.43209 0.56954 0.89977 0.32797 0.22441
-0.67132 0.23356 -0.35308 0.19643 0.52892
-2.28733 1.69694 -1.06452 -1.55965 -0.82766
-2.70685 1.24931 -0.98812 0.13795 -0.07257
-3.18031 1.25685 -2.69542 -0.64918 0.3786
-2.55611 0.74444 -2.30362 -0.84983 1.5168
0.26161 1.28659 -1.47001 0.86125 0.89254
-0.12905 1.29311 -0.99547 -0.47178 0.2196
0.53722 0.10205 -0.95429 -0.47357 -1.15711
-0.60834 -0.39015 1.67169 0.33167 0.13104
-1.48124 1.0513 1.13899 0.4457 0.67866
-2.51198 1.18357 2.44306 0.23149 -0.83963
-0.72364 -0.33566 -0.41152 -2.3067 -1.77268
0.78505 -0.71534 -0.37839 -0.89247 -0.30301
0.86533 1.50119 -0.12442 -1.75424 -0.00776
-1.8397 2.17001 0.07219 -0.99052 0.60347
-0.8369 2.62351 -0.2861 2.09738 -1.5093
0.21599 2.05806 1.10703 2.15875 1.74719
0.20389 2.63416 0.13456 1.64114 1.67788
-1.25959 1.43066 0.47854 1.14934 -0.31781
-1.66 -0.98071 2.01675 1.45997 -0.75406
-0.6941 0.23174 2.06175 1.21691 0.49404
0.29523 -0.05506 -0.57353 -2.0274 0.77081
-0.59378 0.33042 -0.72094 -1.18052 0.54057
-1.80764 0.81434 -1.37262 0.90518 -0.29027
-1.75605 -0.14792 -0.83711 -0.97412 1.91913
-0.48067 0.68069 -1.45625 0.57377 0.27227
0.44582 -1.50562 -2.1352 0.25068 -2.40926
2.42957 -2.41197 -1.72883 -0.91295 -1.31295
0.69587 -1.17492 -1.16029 0.89593 -0.00988
0.95003 -1.61436 -1.16195 -0.17719 0.01729
0.35985 -1.97438 -0.21041 -2.75493 -1.60008
0.23112 -2.11677 -1.33815 -1.4747 -1.34131
0.80843 -2.5175 -0.37989 -1.73351 -1.40243
2.43554 -3.10526 -1.17952 -0.88158 0.46894
0.68718 -2.08927 -1.04649 -2.23109 -1.06934
-1.53737 -1.82532 -1.49327 -1.17794 0.79781
-2.69108 -0.82207 -2.63943 -0.4617 1.06773
-0.67737 -0.65759 -1.98393 -0.41269 -0.08947
-0.68281 -0.14239 -2.15626 2.11917 -0.92247
0.15862 1.24373 -1.57586 -1.57269 0.35481
-1.39783 0.52216 -0.80082 -0.54675 -1.10007
-0.89054 -0.74462 -0.4538 -0.31366 0.3342
-3.38862 0.02371 -2.35398 -0.07599 -1.85606
-2.18583 -0.24323 -2.57035 -0.18199 -0.25094
-1.72853 -0.26322 0.9697 0.7692 -0.96386
-1.10115 -0.58654 2.15278 2.22956 0.33863
0.04447 -2.86975 -0.46862 0.67965 0.77822
0.1739 -2.14288 1.08375 0.39546 -0.59211
-1.11387 -2.31505 0.5738 0.25094 0.6398
0.42052 -2.65594 1.20149 0.11606 0.04976
0.00136 -2.77186 -0.03181 -0.93039 0.10198
0.1329 -3.05745 0.2714 0.40523 -0.23326
-0.5591 -2.49866 -0.85413 0.23414 0.29417
1.17462 -1.4082 -2.27184 -1.32578 -0.73143
1.26895 -0.07491 -1.69923 0.78545 -0.41825
0.92868 0.44356 -1.23348 0.23628 -0.41634
-0.48098 0.15079 -1.72633 0.04432 0.07452
-1.64501 -0.86598 -0.07334 1.04266 2.19029
-1.79614 0.37212 0.82382 -0.83128 2.12711
0.49888 -1.03158 2.37563 -1.96334 0.37476
3.58701 0.33518 1.79637 0.28092 -1.51297
1.44474 -0.83253 1.35235 0.5499 0.62733
1.67917 -0.33038 1.80516 1.17272 -0.6438
3.39185 -0.60243 0.12308 0.61792 0.02751
2.4532 -0.63388 -2.41167 -1.05197 0.86665
0.81818 1.11302 -2.22953 0.21687 0.3209
-1.25787 0.55562 -2.51423 0.69869 2.31011
0.18649 0.97955 -0.78245 -0.38364 1.37791
0.31099 1.9378 -1.13954 0.09786 1.03287
0.69859 1.26436 0.33705 -0.48749 1.71755
1.9046 0.48072 -0.10293 0.34417 -0.07786
0.40763 1.14445 0.9292 -1.01661 -1.98131
1.64434 1.34752 -0.07533 -1.1504 -1.1464
1.3448 2.38782 1.00826 0.31339 -0.55315
-1.44516 1.47725 1.31288 0.2074 -0.54794
0.99841 -0.78793 -0.33188 -0.78811 -2.22563
-0.33883 0.51709 0.77159 1.1075 0.73461
0.1491 -0.22633 0.28369 0.60003 -0.27855
0.12808 -1.96476 1.28017 1.72506 0.83022
-0.05099 -3.22809 0.62201 -1.41575 -0.52594
0.73011 -2.63862 1.40675 -1.09154 -1.30778
0.82238 -2.20101 2.0349 0.10741 1.65311
-0.02105 -2.95912 1.37157 -0.94471 0.36553
-1.27645 -4.14023 0.1432 -0.11975 -2.34294
-1.84028 -1.8576 -0.7794 -1.13857 1.60773
-1.98655 0.22826 -1.06829 -0.52492 -1.6088
-2.08474 1.68567 -0.62112 0.00514 0.36284
-1.70472 0.64032 -2.24745 0.5563 -0.82308
-1.2645 1.45365 -4.53589 0.99365 1.37442
-1.48267 -0.77401 -2.61144 -0.18144 0.16517
-0.74267 -1.7349 -0.97961 -0.64783 -0.29544
1.78562 -2.07053 1.01725 -1.22873 -0.78146
1.29975 -1.87303 0.189 0.85978 -3.04355
1.09208 -0.85112 2.45577 0.71051 -1.41374
1.32439 0.03474 -0.07663 0.07652 -2.11945
1.61338 -0.64446 -1.92554 0.93668 1.95159
0.06062 -1.46355 -1.79636 -1.54614 1.54603
0.33051 -0.47028 0.22752 -0.46277 -1.74796
-1.65281 -2.12636 -0.59673 -0.7935 -0.41749
-1.37851 -1.82768 -1.91484 -1.19926 -0.13994
-0.42409 -2.00644 -4.06879 0.56499 0.49343
-0.63718 -1.26351 -2.72934 -0.67443 -0.81419
-1.03626 -0.13376 -0.83819 -1.1169 -0.02902
-1.21593 -1.30453 0.7407 -2.08488 -0.87603
-1.34193 -1.31109 0.25562 0.94333 -0.75066
-1.74872 -2.45495 -1.09593 0.66417 -0.90025
-0.19185 -2.67275 -0.42583 -1.73847 0.58783
-1.34052 -3.81671 0.34033 -1.72367 -0.39873
-1.06647 -3.57592 -0.94009 -0.37692 0.46533
0.40018 -2.65341 -1.4549 -0.80599 1.13341
0.93266 -1.91211 -1.69842 -1.48863 -1.81217
0.84057 -2.10051 -1.84951 -0.32516 0.95357
1.28472 -1.35914 -2.26764 -0.71525 0.08646
0.08497 -2.73231 -1.93079 -1.76282 -0.65112
0.02007 -2.96956 -1.46364 0.8128 -0.23447
0.04149 -0.56909 -1.40947 -0.579 0.79514
0.46268 0.44873 -2.51186 0.2494 -1.31916
1.0613 0.63546 -1.24171 0.78711 0.84479
0.26212 -0.84889 -0.67065 -0.11213 -0.29925
-0.11656 -0.75367 -2.3297 0.96846 1.67322
-0.51329 -0.90432 -1.42438 0.30981 -0.56592
1.39638 -0.62505 -1.86537 1.88877 -1.47427
2.39693 -1.08887 -1.80528 2.55376 -1.33796
