-3.14642 3.19972 1.79431 -1.16861 -2.31935
-4.00816 3.70903 1.36785 -1.68377 -1.09327
-2.73913 3.45031 1.60541 -0.8295 -1.09733
-1.5842 3.84407 2.59402 1.56039 -1.49285
0.58641 4.1822 2.09952 1.67522 -0.40491
1.08827 4.40136 1.63545 -0.20135 -0.21374
1.40278 5.40363 0.08495 0.87762 -0.74934
2.73621 5.48808 -0.44843 -1.52716 -0.33373
4.70353 6.39931 -0.57799 1.49721 -2.11071
6.20122 6.78341 1.17052 2.14888 -1.04178
5.94013 4.6458 0.59198 3.20534 -0.83436
5.87126 4.05059 1.13422 2.52483 -2.10632
6.36721 5.79014 0.46899 2.47276 -3.1139
8.31332 5.55455 -0.34968 2.33066 -1.55943
7.49046 6.26025 0.66645 0.00844 -0.26135
7.73681 6.10806 -0.76071 0.2729 -1.13397
7.61261 4.89795 0.26485 0.98489 0.06198
6.366 6.24682 1.51288 1.84368 0.89363
7.9914 5.30813 -0.6958 3.91043 0.14265
7.83564 5.90474 0.52382 3.33633 1.20942
7.89043 4.8908 0.43793 3.33226 -0.48196
8.56432 3.96853 -0.42296 2.00832 0.09778
10.99343 3.66722 0.98776 2.72024 -0.66735
11.40817 2.25823 0.28477 1.61322 1.95241
12.19707 1.95574 -0.29285 3.99812 -0.24549
11.90526 1.04502 0.78912 2.50441 1.53391
10.10016 0.12412 -0.8102 0.75122 1.02602
9.94982 0.75357 -1.23 0.25525 1.76861
8.4893 -0.34751 0.54692 2.23887 2.06489
8.07017 -0.34976 0.78691 1.99762 0.33467
8.92534 -1.42762 0.24675 0.16926 -0.65972
7.40043 -2.36291 0.75619 0.80767 -1.28319
6.50802 -1.94886 1.1763 0.09494 0.4774
6.01853 -2.32591 2.0253 3.77505 2.17314
4.60609 -2.90156 -1.32074 3.1283 1.41033
4.38534 -3.84192 -0.45317 -1.35465 1.44895
3.70247 -2.7597 0.016 -0.57669 -0.49187
1.36579 -3.91625 -1.53148 -2.16235 -1.42502
1.66832 -3.48533 -2.5034 0.50943 -1.36282
1.36881 -3.14002 -2.78512 -1.88065 1.16471
-1.97259 -1.47074 -2.43632 -0.41977 0.84611
-1.32147 -1.19695 -1.16899 -1.47694 1.04384
-2.29166 -2.41545 -1.87352 -2.25578 0.8738
-0.0951 -2.41548 0.15266 -2.27675 -0.06514
-1.34291 -2.68931 0.03684 -0.43108 -0.14624
-1.74294 -1.80123 -2.16177 1.26287 -0.30143
-2.95555 -2.34328 -1.57845 -0.57333 0.69036
-5.40349 -0.07974 -0.25344 -1.49456 -0.78847
-3.87485 -1.37422 0.46861 -0.94312 -0.44002
-2.49415 -1.31196 -0.02041 -0.81707 0.86067
-1.78565 -0.57088 0.55617 0.03192 0.39847
-1.19832 -2.2757 -1.10474 0.82872 0.72952
-0.13702 -2.07505 -2.37169 -0.67509 0.56549
-0.80927 -1.96616 -1.92742 -0.57037 -0.84515
-1.34096 -2.02887 -2.59641 -0.9569 -0.42952
-3.1664 -3.46899 -3.1721 -2.02927 -1.04607
-1.73223 -3.58016 -2.21312 -1.78568 -0.4559
-2.08976 -4.71421 -2.29742 -2.68595 0.6536
-3.80069 -5.0372 -0.47783 -2.32337 1.34694
-5.20643 -3.93391 -1.13862 -2.65529 0.31165
-6.2126 -3.11566 -0.73008 -2.8717 -0.22311
-5.48388 -0.78194 0.61717 -2.9864 0.09796
-8.04245 -0.64867 -1.47191 -2.51579 -0.06166
-8.37857 -1.69225 -1.51369 -2.32979 -1.37129
-7.7265 -2.115 -1.88534 -2.84748 -0.08609
-8.15519 -2.86104 -1.45789 -1.67347 0.64028
-8.99857 -3.39868 -0.14368 -0.59502 -0.36153
-7.3628 -1.8994 -0.8978 1.38243 0.54903
-7.24609 -3.70934 -0.71485 -0.54694 1.68548
-7.48948 -3.84798 0.043 -3.09709 -0.83022
-6.59171 -4.28036 0.73666 -0.37341 0.48351
-6.4581 -5.52575 0.8832 0.3387 0.63258
-7.11845 -5.59238 2.29414 1.05591 -0.06163
-8.54689 -5.37726 1.61666 -0.58225 0.01243
-9.23427 -4.31189 0.18311 -1.2008 -1.06289
-10.11032 -4.44927 -1.40053 -0.7341 0.3016
-8.60438 -4.95908 -0.50721 -2.28319 -0.64151
-5.82705 -4.39928 -1.92476 -2.85671 -0.80573
-7.22606 -2.62292 -1.69567 -1.48583 0.98041
-6.87596 -0.42751 -1.17449 -2.1199 0.37174
-6.76997 -0.73476 -1.95645 -1.65956 0.84628
-6.3891 -0.25967 -2.20166 -1.3105 1.10824
-6.67877 -1.75359 -1.63534 -1.17798 0.05389
-4.96069 -1.4488 0.94782 -1.90655 0.94645
-4.19461 -0.20211 2.63963 -1.1138 0.85461
-2.87056 0.90185 0.00494 1.05069 2.21689
-4.51126 -0.20788 -1.79303 1.86716 3.73298
-4.94185 -1.05096 -0.55123 -1.18968 1.88388
-3.15775 -0.19624 1.56562 -1.13494 -0.34153
-2.44035 -1.7869 0.11207 -0.09569 -0.03977
-2.24887 -0.8512 0.83335 -1.24576 -0.71458
-1.47699 -2.24671 0.10578 0.17645 -0.40527
-4.14325 -1.55134 0.34535 -0.89215 0.26094
-3.6598 -1.12035 0.94779 -1.35133 1.4073
-4.16473 -1.97256 0.38447 0.19985 1.9038
-4.06221 -3.37351 0.84206 -0.0606 0.77399
-2.24399 -2.77232 1.65365 1.23564 0.84339
-3.36855 -2.66595 1.16872 0.68664 0.50387
-4.51686 -2.7635 0.58685 1.8088 -0.78416
-5.62979 -4.20131 -0.73388 0.19601 0.08782
-3.98843 -3.17858 -1.26246 1.02643 0.56126
-2.04693 -2.66253 -0.4789 0.67218 0.56371
-1.45957 -2.78039 -1.89593 -1.06093 0.67628
-2.28809 -1.73437 -0.70229 -0.10953 -0.47116
-1.62618 -2.00886 -0.29909 -0.95232 -0.83339
-1.73328 -2.19906 -0.24594 -2.35963 -0.75101
-2.53349 -2.71178 -1.00781 -3.14913 -1.57211
-3.83621 -2.65469 -1.26033 -0.80546 -2.04704
-2.1354 -3.98885 1.43452 -1.51368 -1.43085
-3.15699 -5.35374 1.1371 -2.77403 -1.46639
-0.72638 -4.62035 -0.01381 -0.33655 -1.20013
-2.5112 -5.62445 0.19573 -1.33085 -0.92659
-1.95301 -5.21373 0.0065 -1.45558 -0.25219
-2.95023 -4.80221 1.23718 -2.73085 -0.1171
-3.89887 -4.25589 2.30457 -3.09133 -1.93861
-4.76446 -4.35762 3.58045 -2.36425 -0.0714
-2.9653 -4.42402 1.22863 -2.85439 0.53023
-4.55545 -4.99052 0.13817 -1.61197 1.19154
-6.69732 -4.07998 1.81785 -0.45899 -0.71424
-8.13765 -6.36704 2.11292 -2.55077 -1.56757
-7.24653 -4.09708 2.22816 -2.56309 -1.76438
-7.00938 -3.77728 3.34743 0.28474 -0.9999
-7.83838 -1.81895 2.45658 -0.0934 -1.36462
-8.62623 -1.08071 1.8407 -2.35742 0.353
-8.16884 -0.83171 3.34611 -1.02092 0.0697
-6.28943 -2.88249 3.85607 -1.89859 0.73981
-5.46375 -1.82039 1.42805 -0.3488 0.17441
-4.49537 -0.76904 1.42542 -0.9061 -0.95113
-5.37338 0.17386 0.22532 -1.04953 -0.38757
-5.01961 -2.5606 -0.28048 -0.13742 1.1439
-4.54056 -3.83743 -0.57134 -1.23634 1.32762
-3.8175 -5.20353 -1.47022 -2.08355 0.88527
-4.03015 -2.32705 -2.71601 -1.13861 2.45291
-4.66003 -2.4629 -2.59958 -2.40714 1.72222
-4.61383 -2.23171 -2.38795 -3.40541 0.40649
-4.11828 -2.42766 -1.7372 -1.98769 -0.13629
-5.73591 -3.37885 -1.65845 -1.11526 -0.57014
-5.70817 -2.70291 -0.05656 1.13476 -0.80859
-4.98965 -2.89115 -0.28618 0.55196 -0.70422
-6.69745 -2.43131 0.32637 -2.18973 0.62327
-5.47747 -5.03297 -0.38399 -1.66438 0.23777
-5.96548 -4.40413 -0.1858 -3.18717 -0.34221
-5.21662 -4.29452 1.9452 0.06567 0.7591
-4.67135 -4.4409 0.41168 1.63661 -0.45537
-6.28524 -4.21929 0.78027 -0.67432 1.13105
-7.11147 -4.53693 1.59033 -1.26332 0.78401
-8.35746 -4.33765 0.38575 -0.92317 0.00272
-9.1044 -2.46048 0.97009 0.00996 0.8375
-7.54188 -1.7081 -0.23181 0.07922 1.08645
-8.0237 -1.7748 -0.26022 -0.18505 0.43707
-7.23483 -0.96514 -1.54981 0.62191 3.15446
-7.34282 -1.30159 -0.43867 0.19652 1.68028
-5.19642 -1.51132 1.08796 0.63494 2.50415
-4.67816 0.54089 -0.19221 -1.14142 2.59587
-3.94229 -0.31165 -1.10348 -0.16812 2.07525
-2.76984 0.35116 -1.58193 -1.19762 0.69225
-1.53533 1.03373 0.49867 -1.16887 0.44703
-2.43736 2.5243 0.93801 0.00113 -1.26963
-2.22565 2.44517 -0.46532 2.51324 0.19099
-1.9273 4.34341 -0.43005 1.04475 0.75308
-0.76859 3.11845 1.27906 -0.00022 0.42074
-1.12898 4.53204 -1.28488 0.27136 -0.01525
0.88703 6.326 -0.8259 1.13852 -0.68326
1.84962 5.52075 -1.17684 0.98272 -1.68747
2.26788 5.60748 0.7807 -1.04936 -2.15152
1.81298 4.46947 0.67298 -0.10511 -1.95466
5.15206 4.19738 2.02691 1.11029 -1.25118
5.62873 4.46979 2.17492 1.61094 0.06848
4.17722 4.66701 0.46792 2.13303 0.40653
5.87918 6.80561 -1.21919 0.48811 1.25534
6.53632 5.26009 -0.82446 0.9547 1.64858
6.75955 5.88806 -0.55339 0.78201 1.23785
8.2716 6.02644 0.55279 2.53659 0.71469
10.31093 4.53797 0.59595 3.71074 -0.63322
10.47294 4.74921 -1.56075 3.46975 -0.17493
10.21767 4.75528 -0.82128 4.47853 0.89598
10.20204 5.37388 -3.44096 3.60811 0.07004
10.95151 4.51139 -2.89649 0.96125 0.42322
10.6975 4.78829 -0.15545 0.56109 -0.61029
11.08694 3.43236 0.52208 0.97662 0.83476
10.99598 2.97856 1.52653 2.1556 -2.61542
10.29148 4.25596 2.92351 2.25331 -2.04147
8.80149 3.28541 3.88611 0.35468 1.55472
7.90864 3.52713 3.94731 2.00644 -0.55762
5.84711 3.96569 3.61525 2.19245 -0.2508
6.45505 5.3875 3.71476 2.59879 1.90405
6.31155 5.52139 0.47402 0.86496 1.36506
6.79773 5.09532 -0.20868 1.73353 1.80752
7.84284 3.66826 0.09378 1.55669 1.92737
8.13267 2.13566 0.63776 1.73659 2.68052
7.98576 2.76634 -0.09106 1.77256 0.74438
7.75913 1.71672 0.09377 2.22147 0.06206
6.89488 3.55124 0.85428 3.62399 -0.50811
7.29995 1.98349 -0.09922 3.43839 -1.17244
7.1943 1.89875 -1.07511 1.79308 -0.6355
6.75573 1.38962 -0.86628 1.30138 -2.0369
7.0379 1.51005 -2.7378 1.47617 -2.65046
5.52068 0.03489 -1.49691 1.01513 -0.30108
6.91728 0.03435 -1.31117 -0.86134 -0.40971
5.19224 -0.17674 -2.40984 -0.87317 -0.28766
4.08651 -0.78209 -2.41556 -1.99694 -0.37715
4.25188 -1.21902 -2.84484 -1.32584 -0.44447
0.49448 -0.9489 -2.96744 0.16776 -0.22131
-0.01862 -1.44061 -0.92886 -1.59733 0.46028
-0.12169 -1.699 -0.73117 0.17488 -0.51805
-0.83594 -1.23469 -1.01233 -2.09802 -0.72161
-0.42736 -0.54775 -0.58789 -1.0422 -1.45099
-1.80091 1.08241 -1.01068 -1.11596 -1.63071
-2.22934 -1.42587 0.86477 -3.29259 -1.0937
-1.72351 -0.68501 0.88436 -1.18754 -0.75505
-2.91168 -2.056 -0.24338 -0.36416 -1.29541
-2.97685 -2.88052 -1.78169 -0.61831 -3.08747
-3.56713 -3.34822 -0.13703 -1.5446 -1.92824
-3.33683 -4.02518 0.26386 -2.46572 -0.62347
-4.43203 -3.7955 1.20032 -0.94423 2.18866
-5.17878 -2.60048 -0.01592 -2.77076 -0.26535
-3.90062 -1.1619 1.32574 -3.72966 0.47808
-3.34728 -0.58517 0.77428 -1.61984 2.29939
-4.4513 -0.24577 0.07602 -0.9744 1.18185
-2.79202 0.48409 1.45565 0.26905 -1.61482
-4.28389 1.06112 1.03084 0.75436 -0.10997
-5.42319 0.88802 -1.11686 0.40817 0.70575
-2.618 0.8128 0.33253 1.53049 0.06742
-2.73561 1.15681 -0.46775 -0.63422 -1.38761
-1.70473 1.52763 -0.60965 2.09961 -0.05268
0.31499 0.79185 0.18887 0.77809 -1.0989
-0.28878 2.44018 0.49142 0.98591 -1.1606
0.60732 1.50556 0.00473 0.50754 -2.02616
0.42233 0.04439 -0.05057 0.45808 -0.56861
2.95399 1.53878 0.30665 -1.13323 -1.5201
3.69511 0.25761 -0.80252 -0.07371 -3.79844
5.48498 0.5451 -0.13047 -0.04785 -4.05237
5.91657 0.6954 0.59361 -0.04707 -3.39174
6.06653 -0.8078 1.31356 0.39252 -1.35739
5.87159 0.90003 3.08023 -0.89449 -0.78949
6.82307 1.09518 2.72272 0.2875 -0.47085
5.64973 0.44095 2.27498 0.85075 -1.80692
3.16773 -0.03634 1.58997 0.23291 -0.39755
1.8621 1.1981 2.10174 1.22819 0.06207
2.83253 2.20218 2.86844 0.08536 1.66208
1.52515 2.43915 0.7207 0.78324 1.16111
1.87404 2.45785 1.5012 0.60159 1.78367
2.2903 3.67386 0.43129 -1.91501 1.04425
2.57955 4.12944 2.41374 0.7186 1.42194
3.51798 3.40127 2.95869 1.69415 2.87637
4.54154 2.5619 2.98941 1.88174 1.62199
4.54524 3.41975 1.12732 4.88838 1.31011
3.53958 3.01904 0.34844 3.98589 2.1461
4.01741 2.76877 0.94188 1.67233 0.36561
3.62241 1.7805 1.44732 2.49043 -0.82525
3.82076 0.71136 2.59453 2.06126 -0.78451
5.4104 0.24335 2.41543 2.20748 2.11072
6.35254 0.7307 2.09115 -0.07828 1.39057
6.14804 1.05433 0.4903 -0.72082 1.39626
4.70525 0.28345 0.86077 0.09771 1.30054
6.31059 -1.02929 1.81115 -0.21357 -0.95727
6.23691 -1.75845 1.01087 -0.62919 -1.1992
4.36635 -0.80428 1.40873 0.97668 -1.24213
3.58813 -1.69748 0.30752 1.15635 -2.00565
2.97695 -2.35367 -0.02007 2.96759 -1.2906
3.37504 -1.44217 1.40235 0.4195 -0.26991
2.55353 -1.06897 0.32563 -0.19515 0.18477
1.66791 -3.02356 0.50802 -0.67249 1.75869
1.66633 -2.06685 1.02176 -2.02985 2.62592
1.75472 -1.75575 0.90863 -1.50741 1.56741
1.10466 -1.55569 0.30909 -0.6454 0.9658
0.03878 -1.63885 -0.47579 -2.25122 -0.08595
0.14295 -0.63806 0.25581 1.30295 -1.04777
-1.72889 -3.29136 0.5429 0.99432 0.73316
-2.6596 -4.20651 -0.60617 0.42774 -1.15006
-1.86143 -3.98301 -0.71552 -0.43681 -0.82095
-4.63799 -5.23153 -0.0845 -0.65559 0.3213
-6.96574 -4.73384 1.94668 -1.08376 -1.20276
-5.55162 -5.39875 2.41586 -1.26998 -0.33009
-4.81747 -6.2391 1.8666 -0.46539 -1.97645
-4.88869 -5.70442 1.47688 -1.35891 0.66071
-5.6113 -5.40166 1.00577 -1.55416 1.46842
-5.9794 -4.9402 1.59303 -2.58742 -0.24363
-7.06549 -4.12381 3.38812 -1.10359 -0.18293
-7.29899 -4.43303 3.78965 -1.33583 1.01329
-8.50517 -4.80851 5.31664 1.12894 1.02393
-9.04025 -4.33669 3.96519 0.38099 0.92108
-9.05696 -3.25148 4.08902 0.54677 0.03727
-9.02785 -2.78337 4.25583 -0.86641 -0.19687
-6.11549 -2.16445 2.89406 0.8698 0.97713
-4.76148 -2.51857 0.96526 0.94027 0.85896
-2.37949 -1.98098 1.41499 -0.71858 1.2425
-2.59624 -2.14114 3.06884 -1.73682 2.86032
-3.61773 -3.43851 1.76182 -2.17132 1.85337
-3.07369 -2.85356 0.34133 -0.67505 1.35796
-0.34966 -3.4865 -0.85678 -1.08639 1.9271
-2.55832 -2.52595 0.6086 -0.73361 -0.12557
-3.92386 -1.80495 -0.29432 -0.51715 0.09431
-2.71467 -0.79562 1.19792 -0.46941 0.08977
-3.30122 -0.89708 0.47466 0.71754 0.24593
-2.4255 -1.70405 0.69985 1.08433 0.4413
-1.32035 -1.95322 1.21568 0.47358 0.38961
-0.46821 -1.23639 1.2131 0.38383 -0.27106
1.36433 -2.23905 2.4894 -0.2748 1.5532
0.63077 -0.80297 1.52899 -0.37488 1.91598
