-9.30775 -15.42533 -6.37502 0.93117 -2.38743
-9.75633 -15.75697 -6.68869 -0.41892 -3.44857
-9.43379 -16.10902 -8.13926 1.56393 -4.0512
-8.76274 -16.65713 -7.67169 0.25306 -3.16999
-9.09871 -16.12327 -6.60627 0.18637 -1.91275
-9.18568 -15.82659 -7.23431 0.18925 -1.98851
-7.97707 -16.99744 -7.28618 0.40286 -1.61052
-8.37759 -17.37691 -8.11461 -0.05432 -1.40887
-8.41678 -18.28732 -7.12478 -0.11727 -2.88357
-6.70327 -19.39032 -7.30764 0.11699 -1.60034
-6.14401 -20.43405 -7.11166 0.32731 -2.122
-5.18573 -19.23744 -7.24303 -0.32966 0.12501
-6.51393 -20.41645 -6.51913 -0.10129 0.13913
-7.40946 -21.95368 -6.54096 -0.14325 0.73367
-6.14498 -22.58283 -6.84993 1.33836 0.67053
-4.09977 -25.16613 -6.79324 0.24888 2.23603
-3.99726 -25.35764 -4.2706 -0.95673 3.07132
-4.85257 -26.74653 -5.48869 0.12315 2.39382
-4.3031 -26.47672 -5.16277 1.52116 2.59577
-4.07436 -27.1012 -4.35758 3.00054 2.02964
-2.53494 -27.94219 -2.97906 2.18789 1.19855
-1.37119 -27.79468 -0.61243 3.02786 2.41392
-1.03243 -28.66453 -0.02404 1.90425 3.17593
-1.78066 -26.84281 -1.36099 0.21435 3.28887
-0.18864 -23.70573 -1.01418 -0.62492 3.16396
0.52346 -23.28322 -0.68962 0.71606 3.41308
1.03101 -21.00221 1.63482 0.39212 2.4698
1.95538 -20.49372 0.08049 0.45788 1.65848
2.56124 -17.69861 0.74093 1.04168 1.02845
2.04711 -15.64794 3.57332 0.70303 1.3708
1.08586 -16.53033 3.01806 -0.42471 2.419
2.55525 -15.08528 3.03726 0.91519 0.70489
1.32825 -13.36375 2.48478 -0.90957 -0.98018
1.28215 -12.79767 1.33294 -1.02053 -0.94873
0.06327 -11.00184 2.41308 -0.28208 1.35007
0.12516 -9.65368 2.5944 1.72966 1.4627
-2.39222 -8.54381 0.8339 2.17366 2.18007
-3.11387 -7.00101 0.5959 1.87754 1.16371
-3.05822 -5.03911 0.08352 2.39862 1.39662
-1.6932 -5.13318 -0.81675 2.23595 1.08894
-2.21079 -4.09185 0.2071 0.41328 -1.52535
-1.07233 -3.53189 1.52643 0.4869 -1.10681
0.40696 -5.15978 0.13339 0.70958 0.12853
-0.78485 -5.99592 -0.51629 -0.51992 0.2707
-0.22856 -4.47662 -0.29915 -0.31777 -1.00452
-0.79735 -5.0259 -1.2257 -1.10527 -2.1736
-0.48563 -3.57514 0.24392 1.28832 -1.41305
-0.48788 -1.2588 0.80349 1.12269 -1.10441
-1.41005 -0.3527 0.75865 1.3877 0.06559
-2.55068 0.60711 0.28233 1.43879 1.22985
-2.45728 0.83679 -1.33148 1.57803 2.17096
-2.89166 3.1948 -2.25322 1.86687 2.38353
-0.66997 1.18229 -3.32046 3.48248 2.86863
-2.14356 0.12556 -2.83279 2.68752 2.97738
-0.5737 1.14735 0.56712 0.09744 2.57051
-0.86109 1.7329 1.00374 0.99874 2.7789
-0.4044 -0.12008 2.40218 -0.54753 2.70673
0.21443 -0.53243 2.71036 -0.23897 3.42764
0.68583 0.96561 1.62635 -1.71973 3.12781
2.14249 2.277 0.14012 -1.61643 1.50581
4.03966 3.40147 0.61923 -2.06363 2.66239
3.08612 3.78393 -0.78251 -2.60469 2.93805
4.61702 2.17066 1.01662 -2.6884 2.50737
4.31405 1.97772 2.89836 -1.75601 3.12162
3.35455 -0.84175 4.20164 -2.54771 1.44357
5.25681 -2.39507 5.96331 -0.30385 0.53697
6.47458 -0.16635 3.9192 -0.82869 0.85754
5.4423 0.69657 5.46305 -1.25431 1.91347
5.94599 3.3604 5.98794 -2.13981 1.06853
5.91086 4.22753 4.67627 -2.66166 2.09449
7.20194 4.99558 5.12023 -3.31062 3.6919
7.15424 4.0119 5.56835 -2.57068 1.34107
8.20013 4.73072 4.48023 -2.45385 1.86945
7.41865 5.12708 2.20969 -2.57577 0.19001
7.35984 5.804 1.95425 -2.26581 -0.25945
6.29219 8.4189 2.35858 0.15094 0.47718
5.59429 8.05882 4.35029 0.36376 0.41836
4.24252 8.46798 5.04355 0.1103 1.69024
3.65096 7.87253 3.09648 -1.00055 2.29991
5.19368 9.54883 3.82964 0.25961 1.669
5.51291 10.6727 2.5652 -0.2534 3.57705
6.92497 10.77467 2.43269 -1.51276 3.70954
6.02983 12.18968 2.62893 -3.32433 2.45539
7.95205 12.60722 4.69087 -2.74546 1.80062
8.32005 10.79745 5.89052 -2.28678 1.32633
8.05949 10.28345 4.51907 -2.63575 0.61124
6.2723 12.25112 5.91314 -1.35919 -0.06026
6.5857 13.88265 5.15982 -0.64585 -0.74464
6.57411 14.569 5.43699 -0.22347 -1.7735
5.12747 13.03554 4.23303 0.5728 -1.94907
3.70945 13.3407 4.36989 0.2599 -0.82178
3.41532 14.73941 1.21719 -1.0305 -1.47375
2.40801 15.13671 0.95792 -0.76082 -1.73588
1.60306 14.57634 0.85517 -1.36994 -1.22817
1.96817 14.16628 0.97183 -1.59121 -1.53115
1.20631 12.57759 1.02769 -1.48902 -0.11522
1.14721 11.487 -0.37331 -1.07693 -1.40766
0.45092 10.58144 0.42084 -0.29684 0.19426
0.19414 10.76574 0.35532 2.85123 0.49397
0.53892 10.56024 -0.6239 2.23366 1.54204
1.3921 13.09743 -1.18012 3.44158 1.34858
0.98028 12.30843 -0.54594 1.6099 0.3473
2.11962 10.80253 1.14456 1.56683 -0.15648
2.55506 11.50578 1.66418 0.60169 -0.63029
3.02766 11.07523 1.449 3.29205 -0.07752
2.93903 9.85098 1.89204 1.2708 -0.36529
3.52598 10.77146 3.51686 1.56918 -1.23591
2.91343 11.14865 3.45961 0.35618 -2.06437
3.1267 12.9055 4.09105 -0.6596 -1.11995
1.73264 13.16329 4.40492 -2.5377 -1.99609
1.1199 12.4161 2.05776 -2.20351 0.13018
0.73652 12.62313 2.24077 -0.40353 0.12075
-0.23203 10.9916 0.07591 1.15079 -0.49791
0.98672 11.60288 0.24485 0.39123 0.07507
0.15068 12.11457 -1.93888 0.25796 0.46238
-0.01182 12.5132 0.03835 -2.3031 -0.0154
-0.28738 9.21439 -0.9132 -2.95457 -0.00303
0.3192 7.87577 0.30249 -3.24721 -1.97871
-2.00273 7.37668 -2.66619 -5.27143 -2.19414
-2.2873 5.98601 -2.31416 -3.87674 -0.4619
-1.92833 5.55926 -1.32217 -3.83306 -0.19869
-3.91579 3.83308 -2.04276 -1.71092 0.30357
-3.56772 0.73375 -0.86282 -2.76951 -0.45064
-3.44166 0.1021 -2.42209 -3.88996 -0.86775
-2.60521 0.51317 -2.03862 -4.9323 -2.07482
-1.906 -0.59808 -2.12813 -4.41683 -2.31333
-1.01008 -3.70933 -2.247 -3.54425 -3.93393
-2.34335 -5.84942 -1.24328 -2.76225 -2.6906
-2.83525 -7.85957 -1.43244 -2.09137 -1.78448
-3.13075 -7.38402 -1.43563 -2.32078 -0.81355
-5.35859 -7.44976 -3.03647 -2.0434 -0.00019
-5.8141 -8.87903 -4.51386 -0.84738 -2.43252
-5.40384 -9.39379 -4.0148 -1.27155 -2.63446
-5.43265 -9.27391 -6.04077 -4.09979 -4.91231
-6.91105 -9.19973 -6.01135 -4.7356 -3.83412
-4.91868 -11.52416 -5.25316 -4.07793 -3.28626
-5.08712 -14.39387 -4.22711 -3.35559 -2.88872
-6.13163 -16.43819 -3.77127 -2.45838 -4.32444
-4.60719 -17.11174 -5.04686 -2.46369 -5.88025
-3.72431 -19.19643 -5.60818 -1.21022 -6.15115
-3.60575 -20.69913 -6.24905 -0.51345 -4.47212
-5.0119 -22.10883 -4.98717 -1.18647 -3.00731
-6.40725 -20.74955 -6.23973 -0.21928 -3.30906
-5.27283 -22.54411 -6.1434 1.28553 -3.28965
-5.3991 -23.38957 -5.41429 2.02502 -2.55209
-5.8004 -24.6862 -5.82622 3.31284 -1.18211
-7.20057 -23.60005 -5.389 2.55905 -1.21747
-7.44989 -23.05889 -5.85126 3.54166 0.73819
-5.07791 -22.79852 -6.93044 4.40257 2.23621
-5.3881 -22.91702 -4.61697 4.75012 0.92682
-5.22741 -21.26065 -4.42692 5.97181 0.40487
-4.76192 -21.3674 -2.7304 5.78966 1.67761
-3.6757 -20.50047 -3.7826 5.50036 0.94309
-3.40104 -20.34957 -4.89224 5.34296 -0.16863
-2.89894 -18.15932 -2.21586 4.78222 -1.03232
-3.00594 -16.54941 -0.92262 3.81178 -2.85237
-2.73282 -15.27576 0.70879 3.2486 -3.18339
-1.8459 -13.96497 1.01038 1.60891 -2.56403
-0.71421 -11.81935 0.17395 1.23759 -1.20641
-1.12345 -9.41507 -1.6956 0.16652 -1.49906
-0.6106 -8.64647 -2.07785 0.3324 -0.69979
-1.39766 -8.32775 -2.84729 -0.46796 1.09581
-1.31164 -7.63919 -4.12248 0.88902 2.017
0.53266 -8.03265 -1.68283 -0.08514 1.32893
0.98069 -8.83257 -2.53663 -0.60788 0.35819
1.46225 -10.2595 -0.751 0.06672 0.65649
0.61463 -9.24095 -0.28675 2.06222 0.78995
0.19411 -10.4385 0.69045 0.19754 1.85435
-1.68477 -9.2843 0.80752 0.37298 3.18178
-1.83682 -7.81155 1.71755 -0.58031 2.28308
-0.83291 -9.07331 2.22772 0.39952 1.67915
1.00421 -8.4601 0.82147 -1.27135 3.06008
3.17493 -5.14807 0.58758 -0.93196 2.2304
2.56119 -3.6921 2.06142 -0.85888 3.72245
3.82745 -2.49353 2.95202 -1.34008 4.11692
3.38742 -1.82803 2.93077 -0.84309 2.52062
5.70715 -1.34492 4.5058 -0.81911 1.80293
5.48512 -0.18489 4.68289 -1.42998 1.69286
4.60032 0.021 7.33527 -0.52752 1.94282
2.62227 0.74301 7.79682 -1.52053 0.243
3.05227 2.61862 6.50996 -1.15708 0.88285
4.02401 4.77735 1.86431 -1.10755 1.66433
4.20971 6.87368 4.97485 -1.44641 1.04432
4.68743 8.55991 3.83919 -0.04717 -0.20894
4.16177 8.39031 3.64099 -0.88671 -1.59389
3.87837 8.08443 2.91031 -0.7441 -0.57226
2.11323 9.36062 5.35281 0.00832 -0.24642
3.44241 9.21344 3.74194 0.2318 0.81231
1.95923 8.42753 2.34556 0.16187 1.18632
1.57004 9.50654 2.69751 0.47458 1.79595
0.71318 9.74832 3.31931 -0.43363 0.90962
1.36903 9.72994 2.54199 -0.14226 -0.77867
-0.04915 11.08364 1.67636 1.39445 -1.02454
-1.00421 12.97244 2.19103 -0.41482 -1.6991
0.08724 13.16197 1.70699 1.62874 -0.82452
-0.59097 12.84667 0.05302 1.41365 -1.70217
-2.31373 11.37594 -0.11044 -0.41536 -2.39315
-1.44699 11.14332 -0.45687 -1.14 -0.8758
-0.60195 10.03126 -1.37197 -2.44618 -0.57074
-0.57641 10.29206 -2.45146 -3.08629 0.70114
1.75254 10.91083 -2.40644 -2.34987 0.78411
0.17663 8.74518 -0.9597 -2.20833 0.73529
-0.42123 5.26358 0.77731 -1.36779 0.63656
-1.1169 1.90851 -0.11593 -0.761 -0.01177
-1.15205 1.91394 -1.25188 -0.64941 -1.45872
1.05261 1.21456 -1.86498 -0.08567 -2.73305
1.54002 1.82347 -1.25329 -0.33944 -1.57692
-0.85253 0.95292 0.73695 0.70182 -2.35262
-0.08399 -0.71239 0.57687 -2.03348 -2.1519
0.96252 -1.47415 -0.5966 -1.85255 -1.02568
0.15482 -1.87374 -2.7292 -4.26381 0.25433
-1.16619 -1.17137 -1.96896 -4.23944 0.48313
0.24737 -2.8082 0.42729 -3.86469 0.73538
0.91296 -5.63817 -1.63302 -3.54054 0.29145
0.84437 -7.50557 -1.62485 -1.2642 0.20863
0.32804 -7.33656 0.17532 1.34687 0.09954
1.63505 -6.29448 -0.26047 2.21204 -1.1851
1.15007 -6.2782 0.13883 0.45706 -1.90878
1.27594 -5.02673 0.33006 0.50959 -3.28636
0.97848 -6.38805 1.29895 0.39739 -4.40931
0.2386 -7.15062 1.99809 0.31903 -5.43669
-0.32908 -7.89635 1.75792 1.49644 -2.24149
-0.04075 -7.09463 1.62224 -1.24551 -2.18877
-3.84279 -7.76849 -1.15214 0.12863 0.89566
-4.04765 -6.44011 -1.49891 -0.24 1.74909
-5.7871 -6.06579 -3.21752 -1.2445 1.07347
-4.93447 -7.52108 -5.07344 -0.30933 1.21421
-5.12011 -6.60841 -6.19272 -0.25879 1.44518
-3.41981 -7.56963 -4.37372 0.87269 -1.40316
-1.49706 -7.59018 -5.44778 1.91308 0.37569
-0.9097 -7.49728 -4.54515 2.7845 0.21245
-0.30609 -8.34404 -2.47625 2.25187 0.33852
-0.3776 -7.76793 -2.14981 2.41015 1.66209
-1.12779 -8.66792 -0.96281 1.44698 0.94818
-0.07852 -6.92542 -0.20319 1.96102 0.46542
-0.55573 -6.09039 -0.91536 2.57176 -0.82061
0.10367 -6.24824 -1.70855 1.47393 -0.30364
0.49692 -5.9402 1.6084 1.68065 -0.35542
3.11423 -5.38374 1.7545 1.77881 -0.08079
0.40172 -5.8587 -0.27327 2.5744 -0.25867
-1.2685 -3.78343 -1.11626 4.11913 -0.57017
-0.65307 -3.76307 -2.16323 3.37236 -1.91375
-1.94937 -0.63911 -5.32843 3.57649 -2.6533
-1.9456 0.83072 -3.01167 2.15284 -1.9316
-1.52473 1.53759 -2.53253 1.05867 -1.02299
-3.14518 -0.57787 -3.07265 3.2478 -0.66966
-1.67655 -3.22666 -3.05402 3.7302 0.03613
-0.22665 -3.63482 -1.91367 4.27429 -0.45072
-0.77851 -3.07107 -1.65165 3.47012 -1.1115
-1.28993 -3.94661 -0.22911 3.09646 0.75058
0.25218 -2.803 -0.26275 3.78678 1.02487
0.59932 -3.11538 -1.03105 2.22632 2.76014
0.93028 -1.82797 -1.32845 2.0647 2.64124
1.27952 -1.67393 -1.65866 2.71144 1.87436
1.53109 -1.31898 0.13698 4.02981 2.17772
3.16598 -2.10758 0.54895 2.13843 2.39496
4.13417 -0.78716 0.84967 1.6568 4.04515
5.51211 -1.04032 0.3118 0.22509 3.10872
6.69876 -0.37825 2.26131 0.26312 4.0493
6.35906 -1.16114 4.03098 1.09989 6.76427
7.12287 -1.30703 4.5298 0.1933 8.97861
7.13394 -0.64768 4.37158 -0.61306 6.38865
7.82581 0.91479 5.09646 -1.08134 6.88918
11.1682 2.97795 5.07748 -1.67295 7.66079
13.14056 4.22361 8.53633 -1.2468 6.24792
13.70029 5.78601 9.65518 -0.29267 4.88534
13.76056 7.46623 11.70749 -1.28171 4.35356
14.39903 9.81675 12.9479 -3.34204 3.04822
14.49372 10.91901 14.28727 -2.96109 3.60594
13.08218 11.76474 14.29433 -0.70315 2.56793
12.70089 13.85494 12.06625 -1.10845 2.20964
13.19917 17.49876 10.15736 0.05969 2.42214
13.92964 19.00234 10.62037 0.16889 2.5355
13.15479 21.95807 10.6609 0.22223 1.16531
12.8895 22.83962 11.87724 -2.06653 -0.41121
12.28931 24.36537 10.45947 -2.78915 -1.84123
10.83408 24.71223 10.1122 -1.14429 -2.25249
9.7028 25.21304 8.49759 0.66139 -1.86398
6.11858 27.11843 10.45179 1.9174 -0.93195
4.865 27.91374 8.12974 2.85006 -0.70267
3.38951 28.99149 6.02391 0.90067 0.85858
2.80674 31.23889 4.96107 -0.95738 0.64075
1.96368 32.14681 3.35211 -0.56715 0.8901
3.50723 32.77857 2.29528 -1.65703 1.32184
2.52428 32.6153 1.69654 -1.63633 2.196
3.51899 30.50049 4.51653 -2.53915 -1.16937
4.00658 30.7055 1.33082 -1.96208 -2.41449
5.75012 28.31305 0.55029 -2.90961 -1.36937
4.3517 27.23487 1.50359 -2.4924 -1.54891
2.52546 25.9894 3.25675 -3.55209 -2.42004
1.22031 24.70483 0.98213 -2.52722 -3.41267
1.0161 21.71084 -1.40675 -4.34855 -1.83644
-0.18766 21.23475 -2.37311 -3.30106 -1.57002
-0.69301 20.77247 -2.60831 -2.41378 -0.96989
-1.15932 18.29382 -2.82572 -2.75916 -2.37568
-0.73517 17.64882 -3.77129 -3.40491 -2.79624
-0.44678 16.28893 -3.16308 -1.91647 -4.8219
0.24817 14.17083 -1.48152 -2.08954 -4.00455
-2.19799 12.16921 -2.83571 -2.11475 -4.48011
-3.84476 10.2831 -1.3143 -2.76591 -3.81509
