0.24142 -0.15483 -1.387 -3.25733 0.68058
1.47158 -0.77116 -0.1418 -1.11292 -0.84693
2.04586 -2.00583 -1.52691 -1.89775 -2.26034
1.78944 0.01973 -0.76196 -2.91431 -1.20407
2.33958 -1.12917 -1.50568 -1.8997 -0.35793
1.07524 -0.31147 -1.42992 -2.75856 0.10877
-1.66455 -0.51306 -0.43734 -1.98908 -0.16431
-2.08463 -0.85535 -0.98234 -2.37638 -1.65878
-2.89321 -1.69131 -0.56931 -3.21833 -0.94236
-3.8584 -0.35916 1.0609 -2.78147 -1.15932
-4.25889 -1.83074 2.14861 -2.52493 -0.14429
-4.13414 -1.43596 1.74831 -3.05505 1.18605
-5.23966 -1.63486 0.43218 -3.28995 0.16804
-4.8058 -1.6582 0.33598 -1.927 0.54748
-4.19959 -1.18034 -1.58419 0.74396 -0.44004
-3.11621 -3.90072 -4.76386 1.09264 -0.96607
-2.02366 -3.33866 -5.48559 2.58625 0.32209
-1.78687 -0.10935 -7.56135 1.40309 -0.71924
-0.39628 0.1653 -8.3417 -1.2742 -0.91022
-1.66693 -1.2815 -8.34667 -3.23634 0.03242
-3.83417 -2.19674 -6.0786 -4.36418 -0.45919
-3.29526 -3.4593 -4.64652 -6.47158 -0.19096
-2.50344 -3.06101 -5.4483 -8.83045 0.60639
-3.30342 -1.69431 -6.04768 -9.91131 0.12057
-1.88205 -1.50338 -6.0416 -7.39268 0.33326
-0.33274 -3.06071 -6.10398 -5.49618 0.04259
0.34465 -1.99089 -4.02193 -4.22827 0.98984
-1.39153 -2.68055 -4.91889 -5.29873 1.55083
-1.25312 -3.19885 -5.80467 -6.11029 0.68691
1.07461 -0.56036 -4.66394 -5.44165 1.24901
-0.58428 -1.42249 -4.72449 -4.37238 0.80661
-1.94428 -1.65323 -4.24083 -4.33499 1.91517
-0.6719 -1.48252 -5.05007 -5.10544 -0.22861
0.4244 -1.39145 -5.2448 -6.07327 -1.0354
1.79542 0.45555 -6.48461 -6.25718 -0.1814
0.86641 -1.32147 -6.23468 -5.54696 -0.67581
1.10243 -0.56287 -5.72431 -5.28116 -2.84994
0.21901 -2.76451 -7.08909 -5.74344 -1.57567
-0.1175 -3.01314 -7.29386 -5.48703 -0.90142
0.48924 -3.09684 -4.76933 -4.39378 -2.36194
1.19986 -1.94017 -3.58049 -4.36836 -3.22666
-0.49723 -3.21356 -3.68523 -3.81507 -3.25873
-1.37619 -3.37087 -3.13419 -5.13481 -1.3882
-2.43471 -4.35631 -3.12465 -4.95547 -0.08477
-1.91624 -6.0581 -4.76443 -5.87213 0.90122
-1.16548 -5.14002 -4.85275 -3.60905 0.01802
-0.57675 -3.35741 -3.93686 -4.14725 -0.92386
-0.70489 -1.15825 -3.36288 -5.74573 -2.21512
-0.12652 -0.18906 -2.92459 -5.00948 -2.51805
-1.9763 -0.96178 -1.74655 -4.78338 -1.86196
-2.65872 -3.40752 -1.78196 -3.7209 -2.18238
-3.58257 -2.82063 -2.90771 -2.26734 -1.65155
-2.91138 -0.94742 -3.92312 -3.20663 -2.42498
-1.31411 -2.35257 -2.62456 -3.21507 -0.33147
-1.85879 -2.13217 -3.47533 -3.84293 -3.91855
-1.10622 -0.77359 -2.64214 -4.23875 -2.68957
-0.74526 -3.08424 -3.79389 -3.3875 -3.63889
-1.70774 -2.6396 -4.64554 -3.06435 -3.97652
-1.25083 -1.64012 -2.99874 -4.13788 -1.55797
-1.16893 -3.94334 -2.68973 -3.95473 -3.4148
-2.92181 -3.44486 -3.6494 -3.15133 -2.69537
-3.87052 -4.13784 -3.98735 -2.21869 -0.70217
-3.80575 -3.72718 -4.38572 -1.84409 -1.73716
-4.76081 -2.6071 -6.33322 -3.7721 -0.89902
-4.64838 -1.04181 -5.16052 -3.78074 -1.26023
-4.25962 -2.25721 -5.99419 -3.00326 1.01353
-3.28274 -2.24623 -6.66642 -3.28713 2.06676
-3.75155 -2.65944 -6.14829 -4.78018 0.74987
-3.65564 -0.36516 -7.50782 -4.85404 1.02487
-2.58303 0.16995 -7.56431 -4.75485 1.2252
-2.53174 -2.00386 -8.96712 -5.71622 1.0275
-2.14287 -1.74956 -11.21477 -9.15403 0.41317
-1.02339 -2.45377 -11.62362 -9.69035 1.24363
-1.41137 -3.55038 -11.48542 -10.85833 -0.56901
-1.66278 -2.04142 -10.72901 -11.25199 -1.07014
-0.26578 -3.86001 -8.61743 -12.44537 -0.25093
0.45507 -4.11757 -9.36266 -13.74287 0.94699
0.59775 -3.71596 -6.70398 -13.74794 1.24774
1.34056 -5.94116 -6.75155 -11.39083 0.44536
2.34651 -6.42263 -4.88888 -11.47267 0.57113
3.55689 -5.86842 -3.64735 -9.63754 0.47004
4.05601 -5.04698 -3.59147 -8.77188 0.60672
4.20539 -4.8677 -3.3247 -8.05647 0.61142
4.28129 -3.99978 -1.2629 -6.0796 -0.183
4.48756 -2.491 -0.3714 -5.88425 0.07745
5.35211 -2.77316 0.90205 -6.2618 -0.30563
4.77585 -2.80147 0.50471 -3.77049 -0.41616
4.20602 -1.82301 -0.33263 -0.62741 1.86827
2.43783 -1.95802 1.15576 -0.34102 0.70317
2.52895 -0.79485 2.29643 -0.29773 1.364
3.37144 0.02737 4.06327 -0.1976 0.38806
3.44517 0.44444 2.74556 0.43712 0.99754
2.54428 0.52842 4.07828 1.45618 0.44134
2.57594 0.18236 4.32578 1.01114 -0.04895
1.60114 0.34747 4.11513 1.79343 0.10304
0.98339 0.88716 3.77622 2.20234 -0.91985
1.42903 1.07402 4.38834 2.21629 0.89455
2.51803 1.13628 6.18527 2.99518 0.19514
0.3581 -0.7359 6.62333 4.85044 -0.10899
-0.05437 0.14182 7.65332 3.91691 -1.15109
-1.04181 1.03851 6.64846 3.21246 -1.43094
-1.55595 3.1807 5.36773 4.61034 -0.15401
-1.30813 1.28896 6.17332 6.57307 -0.84904
-2.20214 0.85338 5.25807 7.22386 -0.04766
-2.06891 0.91108 4.92433 7.51812 -0.61454
-1.76617 1.30171 2.2756 8.66934 -0.83652
-3.48381 2.83826 2.46781 8.80567 -1.57554
-1.85131 3.25396 1.28812 9.74353 -0.30063
-0.32085 4.4302 -0.02178 8.91201 -1.54362
-1.48307 3.21007 -0.65842 6.75768 -0.8835
-2.7015 3.46622 -1.76688 3.82011 -0.67035
-3.65266 2.15581 -3.24452 4.02111 -0.81783
-2.98233 3.00476 -2.98557 1.03116 -0.2102
-3.55364 1.90677 -2.88423 -1.72395 -1.68122
-3.81288 0.99279 -2.14491 -1.97792 -0.30614
-3.69495 -1.35808 -2.49651 -3.15606 -2.0911
-1.89285 -2.48801 -2.31667 -5.02484 -1.35907
-2.11417 -2.51032 -4.22819 -4.25771 -0.08084
-2.78503 -2.89034 -2.12697 -5.38608 -0.09869
-5.45717 -2.66062 -2.99474 -4.5785 -0.55396
-6.62055 -2.1713 -2.37135 -4.97121 1.22431
-7.34932 -0.7521 -2.16858 -4.42758 2.04353
-7.37144 -3.30589 -1.36595 -3.75651 1.16075
-8.71666 -1.90302 -1.0321 -3.86773 -0.09464
-8.74327 -0.11118 -3.68762 -4.1763 -1.2444
-7.23627 -1.98266 -3.95175 -3.84466 -0.78891
-7.04333 -2.16782 -6.33817 -2.84093 -1.61868
-7.0632 -2.57514 -7.53578 -2.7761 -0.33641
-7.81468 -2.54007 -8.95914 -3.16473 0.72944
-8.10783 -3.10452 -10.6305 -2.53296 0.8835
-9.1656 -4.14184 -10.16825 -5.40107 -0.07651
-8.49016 -2.27906 -9.79399 -6.98541 -0.03013
-9.64523 -0.60543 -11.30509 -8.52546 -0.99571
-8.48308 -2.84615 -10.51265 -9.42543 -2.16465
-7.88258 -2.91836 -11.89123 -11.17158 -1.53448
-6.76397 -5.02612 -13.68031 -11.02759 -1.01959
-9.50039 -6.76134 -15.70599 -12.4173 -2.3844
-7.77684 -3.73358 -16.52053 -12.94518 -1.17269
-7.08456 -5.72927 -18.39642 -14.29431 0.13658
-5.25207 -6.02139 -18.26568 -16.45617 0.48548
-5.37088 -5.72061 -17.07443 -16.19297 1.29156
-4.68485 -6.59602 -15.78436 -18.44815 -0.01607
-3.62266 -7.24212 -14.29153 -20.23922 -2.07522
-2.59034 -5.75267 -15.10249 -20.15642 -1.17616
-1.70806 -7.21822 -12.95332 -19.40924 0.90523
-4.39045 -9.15339 -11.81826 -19.83982 -0.19416
-6.69751 -8.77596 -10.31008 -19.52956 -0.107
-5.93665 -7.16304 -9.60946 -17.92745 -0.00883
-5.19984 -8.21581 -8.56458 -16.34026 -0.8974
-4.12182 -7.06836 -7.07365 -14.02166 0.31671
-4.96533 -7.54629 -7.14157 -12.69526 -0.37949
-5.96944 -6.93368 -7.35798 -12.11831 0.30366
-4.63908 -4.83703 -8.80812 -11.83994 -0.20614
-4.42777 -5.51793 -7.77125 -9.44322 0.70689
-3.41671 -6.20711 -7.87597 -9.85843 -0.46623
-2.60596 -5.4345 -7.8683 -10.47503 -0.56273
-0.64043 -4.18795 -7.48177 -10.99774 -1.47627
0.22583 -3.19073 -6.97619 -11.31573 -2.24236
0.61618 -3.12217 -8.51554 -11.15629 -1.47288
0.18759 -4.10139 -10.15893 -9.29851 -3.32687
-0.1488 -6.25621 -8.57685 -9.89539 -2.44062
-0.71671 -3.46697 -7.06056 -10.68656 -1.29557
-0.00896 -4.04078 -5.21893 -9.94551 0.6315
0.08222 -5.10133 -4.03134 -10.4554 -0.07096
-0.26415 -5.68274 -2.76427 -9.97451 0.28004
-1.29483 -4.58292 -1.61902 -10.29204 0.81725
-1.57205 -4.41638 -2.99501 -9.70004 1.77784
0.62358 -3.52119 -3.52901 -8.68402 -0.96501
1.13437 -4.89415 -1.81629 -5.5799 -0.58188
2.88824 -4.12177 -1.29689 -5.74312 -0.63499
2.61966 -6.35779 -0.75242 -6.13343 -0.17576
1.77132 -5.15821 0.9253 -5.84064 1.29518
1.41263 -3.60103 -0.37462 -6.34338 0.01426
2.19239 -3.03665 -0.95143 -6.33013 1.48341
1.22586 -1.25563 0.5785 -5.70424 1.27279
1.92802 -1.43676 0.0429 -5.14877 2.34057
2.67274 -3.15772 -0.39237 -3.99918 0.89807
3.32617 -3.41362 -0.21061 -3.67149 0.05874
4.69219 -0.35275 0.60756 -1.80097 -0.24993
6.56236 0.44342 0.64917 -1.83558 1.48033
7.73096 -0.29701 -0.11562 -2.12773 0.85321
8.57418 -3.13448 1.38138 -0.17615 2.06863
8.93455 -1.15376 2.38486 0.94495 0.7225
9.33882 -0.10936 2.07667 1.34439 0.02043
8.42781 0.51989 1.84197 0.88828 0.87599
8.01161 1.32028 4.16623 1.25915 0.07958
6.70537 3.39109 6.15788 3.87574 1.62191
5.09187 2.22948 10.1768 2.79604 2.32975
4.78931 3.41918 12.53435 2.10263 0.18575
5.24899 3.68064 13.75081 4.28099 -0.59704
5.0972 3.26266 16.14929 5.98083 -1.96774
4.27856 3.08307 16.15569 8.46279 -0.98367
3.70907 3.23256 16.14587 11.36814 1.51032
2.23613 5.12367 16.77619 12.9451 1.04527
1.04642 6.35841 16.33969 15.12555 -0.04652
1.50062 7.02507 15.59115 16.24118 -1.42336
1.16201 6.21069 14.29535 19.99836 -0.41188
1.19835 5.72857 15.69826 18.88582 0.39085
0.34053 8.36777 16.05581 18.65616 -0.0688
-0.12503 8.39788 15.83067 17.7025 -0.26986
-1.03564 6.95819 13.06484 16.85498 1.29096
-0.4714 9.15858 12.32635 19.05598 0.34234
-0.26492 7.4033 11.40035 18.16739 -0.30418
0.95696 9.36435 11.59032 18.12919 -1.20043
-0.34046 8.88916 10.01083 17.83242 -0.3335
-0.97395 10.1262 10.11949 16.99537 0.3842
-3.1181 7.85402 10.04199 16.79596 -0.1651
-2.13613 6.70705 7.46501 15.43494 0.90103
-1.98778 7.75223 7.46941 13.97717 0.29936
-2.40755 6.14859 6.55422 12.64021 0.88073
-2.28465 4.31313 6.44531 13.25496 0.38979
-1.66323 5.10608 4.60128 12.49632 2.55119
-0.70184 5.72513 2.57234 10.0811 1.01427
-1.23524 5.92728 2.76186 9.17202 0.99754
1.19985 5.3094 3.78742 8.33261 2.47599
1.08191 4.16361 3.81202 7.59086 0.87458
-0.17403 4.80048 3.26544 7.83077 0.55527
-0.00695 3.5909 3.11339 9.20507 -0.5503
-0.34104 3.20081 2.75343 7.7616 -0.376
-0.48045 3.48499 2.6031 6.43676 -1.57663
-0.29234 4.16331 0.78702 4.67295 -0.57403
0.07598 4.64162 1.75007 5.13621 -1.13548
-0.62237 1.42058 1.08482 5.24702 0.17815
-0.15233 2.39371 0.69079 3.65251 0.4877
0.45182 1.30628 0.736 4.85948 0.44764
1.22332 1.58963 1.19034 5.67247 0.26027
1.71801 2.63463 0.11388 7.45003 -0.54624
1.95406 3.42361 -1.16879 7.03056 -0.63722
1.74087 2.78444 0.24062 4.90169 -0.52052
2.63016 3.20329 0.37002 4.73612 -0.80636
3.80228 1.88874 0.77212 3.56481 -0.57904
2.88477 0.75164 1.38261 2.25878 -0.36679
1.8819 0.82509 2.04232 1.41303 0.09234
1.47589 0.16724 4.53159 2.10341 1.85676
0.27518 -0.64679 4.81527 1.161 1.91551
1.14788 0.10173 7.34391 1.86131 1.68714
1.29138 1.70153 7.9478 4.33423 0.08
-0.13 2.1861 6.77213 4.17301 0.83329
-1.21893 2.71165 6.76772 4.77589 2.20289
-0.22077 1.57579 5.87638 5.53803 1.50698
-0.56134 0.9949 4.90945 7.36854 1.24122
-0.16099 1.20792 5.08655 7.10617 1.21359
1.13467 2.60787 4.59139 6.56036 1.75068
1.39301 1.17075 3.6456 5.82634 1.13893
2.17335 2.06897 3.35186 6.57432 1.03383
2.71999 3.59611 3.14879 5.98156 0.221
3.26292 3.95024 2.34733 4.32009 1.68012
4.17829 3.47757 3.00512 4.79597 0.7659
3.65651 5.0631 3.23913 2.93349 -0.09343
4.3334 2.64795 4.20583 3.03395 0.73858
2.85227 2.14004 5.09473 2.27342 -1.83969
3.72652 2.65635 5.36272 1.32743 0.35337
4.02057 1.83677 6.19993 0.65732 -0.1056
4.15717 0.87986 6.38693 2.0565 -1.41973
4.82346 0.26641 5.98394 0.53982 -0.47821
3.94877 2.69691 6.74414 1.63573 -0.69955
3.7067 0.07369 6.00524 3.64446 -1.63621
4.79196 -0.61699 5.54246 5.95325 0.11558
2.98068 -1.34577 5.61377 7.27728 -1.48079
0.87193 -1.00711 6.22988 7.83623 0.22595
0.0061 0.59706 6.49708 8.25842 0.21849
-1.00849 1.72001 7.04274 7.43608 1.58168
-0.82363 4.13581 5.63805 9.33031 1.72225
-1.47121 4.97984 5.66548 9.21232 0.61638
-1.3543 5.52622 5.11112 8.30536 -0.61072
-1.08571 3.31809 4.51509 7.27529 -0.176
-0.4097 3.44984 5.64841 7.70165 2.16705
-1.01772 2.98969 5.03849 7.25022 2.89321
-1.47027 2.54429 3.76787 7.87232 1.06295
-1.37868 3.5132 1.52875 6.64058 0.85602
-0.43625 3.88209 3.05982 8.60373 -0.51414
-0.08291 3.61813 1.31348 7.73204 -0.99006
-1.77072 3.83117 0.3453 6.66488 1.45199
-2.66747 3.46716 0.7965 5.22225 0.03004
-2.49755 3.65086 -0.62175 6.47854 -0.31648
-1.35291 2.98217 -2.68305 6.16547 -0.16863
-0.78853 2.31311 -1.883 4.29427 -0.44637
-0.26599 2.55069 -1.96462 4.61766 -2.10934
-1.96603 3.27177 -2.80515 1.2995 -0.61603
-2.17792 2.06749 -2.64935 -1.55421 -0.23646
-1.25938 1.72282 -2.45592 -1.97266 0.01422
-1.22045 -0.12027 -1.67052 -5.24356 -0.54378
-0.24896 -0.35576 0.02738 -5.17594 -0.39205
-0.23246 0.55878 -0.34374 -4.28626 -1.25426
-1.60789 -1.99216 -0.00668 -2.66983 -2.27276
0.05631 -0.39246 0.5174 -3.42979 -1.17105
-1.38312 0.92009 -0.44251 -2.24101 -2.13793
-2.04631 -1.8534 -0.11201 -0.38378 -2.0768
-2.33808 -1.45097 -0.47668 -2.11666 -1.15097
-2.07624 -2.66996 -2.34148 -3.36255 -0.56832
-1.68121 -3.13293 -2.25289 -3.04731 -0.71284
-1.0807 -3.93814 -1.79432 -1.37413 0.86393
-1.97051 -2.06923 -2.74363 -3.51721 0.44812
-3.50085 -0.18391 -3.35568 -3.70572 -1.51133
-3.69611 -1.59721 -2.43023 -2.9946 -0.27689
-3.90523 -1.60152 -3.00616 -3.07712 -0.74699
-5.58375 -2.82321 -2.66419 -2.45494 0.06958
-6.33815 -2.24712 -3.23398 -3.10495 0.03275
-4.17155 -2.00489 -3.52662 -1.82631 0.39629
-3.47596 0.61804 -3.63791 -3.24153 0.7931
