-0.60418 1.13397 -0.25252 -0.95535 -0.9724
0.11107 -0.10974 -0.19269 -0.77664 -1.88249
-1.54759 0.26809 -0.37152 -0.40287 0.79493
-3.36763 1.32974 -0.74636 -0.98495 -0.40153
-3.36385 -0.87379 -0.38305 -2.50778 -1.6279
-2.68536 -2.50775 -2.27161 -4.39895 0.77988
-1.65204 -0.48459 -3.61235 -5.29305 2.3864
-1.92426 -1.57116 -2.23361 -4.70045 0.03941
-1.14228 -2.59743 -2.50041 -4.96566 1.3296
-0.5958 -2.55975 -2.75742 -3.45453 -0.51093
-1.04585 -2.95748 -3.61348 -1.92328 -0.96478
0.17247 -3.02299 -3.0378 -3.11108 0.1878
-0.66527 -2.15617 -2.9143 -3.59051 -0.91756
0.44551 -2.02733 -3.13855 -3.75587 -0.45364
0.15348 -2.20047 -1.91414 -3.13687 -1.63865
1.22001 -1.1106 -2.88673 -2.02458 -2.16502
2.10012 -0.7518 -2.7269 -1.60709 -1.43776
0.69371 -1.92522 -1.49574 -1.69319 -1.54668
1.52311 -1.77913 -1.54548 -0.72488 -1.81145
1.01897 -1.95474 -0.11541 -0.41864 0.74717
2.25509 -0.74584 0.97056 -0.12258 0.48586
2.03768 -2.37863 -0.27619 -1.84197 1.03988
2.14658 -2.59104 0.15857 -1.39775 1.31646
2.10587 0.56362 0.30553 -0.86068 0.95238
1.87149 1.27662 1.24616 -1.17908 -0.78779
1.11978 0.88811 1.41 -0.26147 0.17078
0.24791 0.51859 0.98834 -0.92897 1.40424
-0.24686 -0.05909 1.6276 -3.50413 0.26848
-0.13294 0.87139 0.7115 -2.19665 1.26083
-1.74038 -0.53348 -1.22136 -1.62223 0.29068
-1.10955 -1.24335 -1.90446 -2.83712 2.12858
-0.91753 -0.4511 -2.41753 -2.1371 2.23604
0.56133 -1.63523 -2.06225 -2.31758 0.83131
-0.04182 -0.7456 -0.78701 -2.54873 0.59226
-1.75452 -0.74837 -2.06911 -0.95731 0.31855
-0.04033 -2.26798 -3.29673 -2.18757 1.66285
1.46641 -0.50693 -3.98774 -1.02399 -1.41087
1.31969 -1.75257 -1.90472 -0.19399 -0.00104
0.55698 -1.47397 -0.51119 1.21772 0.1725
2.38364 0.55573 -1.01893 1.65772 0.1771
1.05254 1.26084 0.06057 0.99851 -0.80786
0.16165 -0.14398 1.15947 1.28667 -1.2001
1.09017 -0.05689 0.94513 -0.04599 -1.84626
-2.49697 0.82481 1.96182 -0.09142 -1.12516
-0.16587 0.48186 2.95547 -0.3052 0.54261
0.01177 0.68946 0.16751 -0.54283 0.75254
1.35449 -0.44915 -1.16602 -0.68057 1.84393
-0.03917 -0.32156 -1.88414 0.95589 0.47034
-1.3483 -1.33925 -1.3779 1.24466 -0.31414
0.63 1.59292 -0.19371 0.25576 0.16767
0.19429 1.09413 -0.70844 0.24007 -0.6389
1.58099 -0.36609 0.47415 1.11186 -0.99945
0.46138 -0.21042 2.24256 2.36474 -2.28919
0.73363 -0.64091 3.34256 3.00796 -0.13628
-0.14749 0.83895 2.05549 1.877 0.55004
-0.33877 0.23651 2.7213 1.0269 0.04964
0.84457 1.07939 0.63629 1.95261 -1.83242
0.007 -0.31207 1.5034 3.16637 -1.92855
-0.43912 0.45028 1.61361 3.81635 -1.68254
1.80604 2.26855 2.48988 3.2962 0.76453
2.34461 3.02902 2.73026 3.81915 0.90847
1.78478 2.33188 3.06524 2.477 0.2478
1.36193 2.08077 2.45613 2.45255 -0.3437
1.02446 2.65618 2.97126 3.45652 -0.12519
0.75226 1.93412 3.13309 2.91342 0.94157
2.15084 1.30099 2.19606 2.95858 1.1874
2.02627 1.81399 2.49974 0.99194 1.25671
-0.59774 1.61787 1.50042 0.83832 1.7955
-0.662 1.60589 2.74057 0.58304 0.9436
-0.92406 2.93441 3.96549 -0.59033 -0.49003
-0.31375 2.35089 2.51574 -0.26631 -0.72668
0.9622 1.19237 1.37056 0.07286 0.40436
0.85198 0.74188 1.1433 -1.45081 0.85697
1.15094 0.14287 1.54208 -0.95334 1.76944
1.00043 0.13048 2.25649 -1.07686 -0.18749
0.05766 -0.04386 2.00829 -1.41659 1.44688
1.18151 0.50303 1.74135 -0.50895 0.14633
1.56693 1.40166 1.77841 -1.53186 1.49505
2.97417 1.1118 2.36094 -1.61105 0.56377
3.49583 1.64284 1.53793 -1.97141 1.20934
2.71542 1.47843 -0.12564 -2.19195 -1.05783
2.42345 0.60025 -0.23835 -0.95432 -0.61341
0.4813 2.92869 -1.11776 -1.72269 -2.03104
1.72742 1.11398 -1.50124 0.00157 -2.40708
2.57358 -0.32073 -0.59644 1.08352 -1.00753
3.09542 1.13219 0.3483 1.3821 -1.61707
2.71123 1.94125 0.54963 1.99729 2.01724
3.21336 2.50642 1.34228 0.71946 -0.20733
2.23413 2.64885 -0.70357 0.53521 -0.46945
1.47476 1.54226 -0.4614 0.39787 -1.10645
0.78185 1.08466 -1.87263 1.15571 -0.423
1.79301 1.90668 -1.45832 2.7996 1.24143
1.18526 1.27549 -2.36284 1.88062 2.66547
0.39305 1.59042 -0.19085 3.78527 2.11674
-0.24533 4.05902 -1.29884 2.45893 0.85825
-1.59534 4.3044 -0.17439 2.57623 1.70136
-3.10616 3.92495 -0.11463 3.05763 0.50907
-3.88656 2.69558 -0.02765 3.14104 1.35915
-3.33924 2.18702 1.04699 1.95947 1.23385
-5.05331 0.0817 2.01548 1.31824 -0.26602
-4.86616 -0.41195 1.762 0.48698 1.74916
-2.33567 -0.90069 0.84989 0.50576 1.86866
-3.06241 -0.44803 -0.96793 -0.7332 1.56113
-3.30351 -2.07331 0.72643 -0.81007 1.03795
-3.45908 -1.56452 -0.30624 -1.21981 0.96583
-3.31511 -1.93282 1.10522 -0.76472 0.74077
-3.04598 -1.21258 0.48083 -0.73675 -1.26179
-1.51315 -1.1645 -0.55727 0.19751 1.47116
-1.17288 -1.41239 -0.48033 1.36887 0.3951
-0.16742 -1.57283 -0.99165 1.18714 -1.41227
-0.75115 -1.78331 -0.56733 0.97616 -0.81554
-1.59729 0.27328 -0.93962 1.80096 0.88708
-1.40763 -0.3559 -0.63459 1.62199 0.01308
-0.43438 0.16481 -0.91209 1.24752 -2.1027
0.11477 -1.208 0.56281 1.30886 0.53316
0.38889 -1.2252 2.14619 1.12106 1.74102
-0.24154 -0.99615 2.30212 1.0888 0.06558
0.83104 -0.71187 1.86915 1.75959 -0.66041
-0.35702 1.08968 0.40628 1.69589 0.47795
0.349 1.24405 0.71237 1.48555 1.7468
-0.03617 0.86232 0.49505 0.93764 1.45364
-0.61565 1.47347 0.18865 -0.56264 -0.22796
-1.11344 -1.51905 0.43523 0.16352 0.79503
-1.34666 0.83972 0.27365 0.21267 2.37593
-0.39218 2.24255 -0.37355 -0.98137 2.95276
-1.79395 1.05412 -1.06301 0.63317 2.71157
-1.8598 1.23798 -2.08517 -0.15029 0.93062
-1.79152 0.59172 -2.19813 -1.56785 0.13526
-1.11708 -0.96749 -0.08565 -1.27034 -0.37304
-0.82033 -1.49557 0.88454 -1.55475 0.41698
-0.65946 -2.19785 0.90672 -0.8512 0.04566
-0.97277 -2.83033 -0.52674 -1.38337 -2.20621
-0.5541 -1.03942 0.59223 -0.94529 -0.96146
-0.52098 -1.63854 -0.61003 -1.98621 -0.38264
-2.19935 -0.04097 -0.45231 -1.81244 -0.26693
-2.24239 -1.97824 0.28097 -2.53697 -0.32009
-0.34526 -2.18926 -0.66621 -2.45554 -1.97018
0.18922 -2.58858 -1.29837 -1.68013 -2.09299
-0.28067 -2.78072 -0.74828 -1.84513 -0.54098
1.07753 -2.07096 -1.02979 -2.88399 -1.77178
-0.60184 -2.92843 -2.71523 -2.84771 -2.31507
1.1385 -2.68317 -2.82306 -2.41289 -0.0912
0.97282 -0.3397 -2.72167 -0.88789 0.86311
0.36551 2.0009 -2.3521 -0.55096 -1.48092
0.54375 -0.23737 -2.29652 -0.29047 -0.64652
0.64184 1.21735 -2.15817 0.97386 -1.56102
-0.23059 -0.37116 -2.08256 2.04589 -1.26243
0.35087 0.71986 -0.8186 2.79094 1.13626
0.23256 1.58453 1.09527 2.2225 0.63312
-0.18431 2.96136 3.8876 2.99218 0.1165
-0.88366 2.25127 3.55913 2.43376 0.45016
-1.30759 2.96955 0.45037 1.0371 -0.81399
-1.11595 -0.34007 0.21728 0.50765 -0.01732
-0.2753 -1.13786 1.09741 0.15765 1.90188
0.93605 0.47256 -0.33204 0.20505 2.36025
0.49083 0.78929 -1.21747 0.79008 1.64613
0.24284 0.13365 -0.17174 2.16171 1.97186
0.47457 0.48455 -1.19401 -1.1892 -0.04671
0.82673 -0.81644 -0.82144 -1.4472 -1.41212
1.27789 -0.44742 -0.205 -1.48522 -1.04033
0.73746 -0.76561 -0.41566 -1.29165 -0.22342
0.97408 -1.24984 -0.74086 -3.26409 -0.01206
0.60816 0.44731 -1.11432 -1.27462 0.98929
0.73492 -0.06653 -1.46475 -1.99955 -0.35505
1.71501 -0.21678 -0.74429 -2.44403 1.45075
0.89854 -0.57563 0.04748 -2.33028 -0.4168
1.68272 -1.20342 -0.27102 -2.40671 1.52859
1.47864 0.10447 -0.36228 -2.13386 1.14236
2.24944 1.0405 -1.85163 -5.07161 -0.442
2.25451 0.12218 -2.09209 -6.11508 -1.55518
2.59572 -1.90211 -3.64836 -6.25192 -1.04289
1.96114 -4.07394 -1.77287 -4.92683 1.42752
2.45797 -2.85572 -3.10086 -4.93549 2.25623
1.79478 -2.4891 -4.80244 -3.59242 0.99871
2.54923 -0.64068 -5.18276 -1.91256 -0.77293
1.91269 -0.94103 -3.80982 -2.18382 -1.26597
1.12652 -0.53114 -2.56102 -2.15294 0.63898
-1.02773 -0.35141 -0.9042 -0.9217 -1.2609
0.22122 0.84893 -1.1872 0.47401 -0.69126
-0.36418 0.81055 0.34245 -1.1668 -0.00928
-0.84062 1.24256 0.82614 0.18601 0.44715
-0.48713 1.09073 -0.31697 -0.20874 -1.63516
0.11848 1.59762 -0.61865 -0.28599 -0.22821
-0.22595 -0.38753 -0.29674 0.77479 0.79211
0.13381 0.8762 -0.16888 0.47902 0.32724
0.6335 -0.60279 -0.27948 0.68779 0.45199
0.25051 0.94623 0.06637 -0.3394 2.67494
-1.66604 1.54757 -0.8361 1.33326 2.8064
-2.30725 3.2694 -1.23528 1.27819 1.80721
-2.06504 2.13525 -1.07666 2.01923 0.61721
-2.71236 1.04719 -1.81355 3.11535 0.84712
-2.89923 0.21913 -1.26899 2.95395 1.31584
-2.74663 -0.14038 1.26562 3.73261 2.30828
-3.00305 2.36497 2.68549 3.38936 1.54287
-2.40312 2.89692 2.85093 3.84355 1.38134
-0.22289 1.11862 2.70019 3.87771 0.54827
0.76919 -0.33736 2.86036 2.70907 0.82666
1.23873 1.43301 2.47084 2.6776 0.71427
0.81056 -1.52367 3.44306 3.22454 0.76845
2.46649 0.46993 2.28381 1.26564 0.62942
2.56031 0.30212 2.42842 -0.40001 -0.25534
3.35945 0.17554 2.36073 2.39107 1.04683
3.35338 -0.35013 1.58753 1.93856 -1.74075
3.31975 1.43434 1.56273 2.31439 -1.10577
2.09318 3.03781 3.27344 3.91322 -0.30612
1.03119 3.68881 0.53587 0.16486 0.70217
1.76285 3.27377 2.016 -0.59187 -0.61062
0.59792 2.22186 1.79625 -0.29937 -0.56415
-1.45456 1.10942 3.06056 -1.39718 1.29571
-1.15769 -0.07938 1.55927 -1.38283 2.26044
-1.74355 -0.13704 -0.36449 -2.92013 0.52274
-2.6239 -0.82899 -1.02419 -3.03994 0.54408
-3.01054 -0.68745 -0.12222 -2.28353 -0.55889
-3.81122 -0.92416 -1.24487 -2.79833 0.00188
-2.99762 -1.50885 -2.68809 -2.55218 0.80972
-2.51688 -1.79556 -1.72548 -2.81581 -0.73449
-2.20906 -3.48211 -3.1652 -2.80742 -0.21946
-0.68899 -4.48984 -0.48177 -1.80312 0.24097
0.33161 -1.34865 -1.65573 -2.09353 -0.71154
0.25067 -1.41827 -1.9931 -2.43722 -1.16256
0.1149 -0.92257 -1.93783 -3.47746 1.03813
1.04462 -2.89621 -3.0234 -4.35275 -0.8191
1.75412 -3.80918 -2.14741 -2.30715 0.39002
0.28251 -1.8284 -1.44071 -1.71308 -0.63562
1.4199 -2.37292 -1.82865 -2.55896 -0.76421
1.12344 -1.88953 -0.39763 -2.02004 -0.76676
0.97083 -1.01518 -2.57892 -2.70731 -0.74593
-0.81197 -0.82849 -4.14804 -1.03895 2.15927
0.09256 0.19751 -1.95035 -1.31602 -0.62504
0.58174 0.53301 -1.13276 -2.37946 -1.70169
0.40867 -0.45088 -3.18927 -1.40878 -3.36942
0.34772 -1.003 -1.47189 -0.86069 -1.58547
-0.15193 -1.04381 -0.11039 -3.01545 -1.42747
0.01659 -0.73492 -0.83886 -3.00314 0.1864
0.98714 0.67399 -1.57457 -2.01193 -0.84381
1.63674 -0.01741 -3.0068 -2.79147 0.90661
1.74152 0.75945 -3.1464 -4.15263 -0.05893
1.05745 0.00639 -2.60129 -3.24718 0.83632
0.79424 0.48286 -2.04214 -2.41765 -1.17474
1.25817 -0.82602 -2.12328 -1.03326 -0.09608
1.8131 0.80435 -3.85692 -0.19895 0.71259
1.09888 2.13949 -3.00914 -0.43098 0.25831
1.98781 0.65338 -2.51665 0.55487 0.88446
3.36311 -0.02256 -2.21939 0.77263 0.20812
1.82211 1.4392 -1.89313 0.64094 0.34028
2.55273 0.5393 -2.22936 1.56767 -0.38811
0.05213 1.36164 -2.37011 0.59258 0.18996
0.22354 0.64438 -1.10244 2.19863 -1.35315
0.16122 1.33956 1.17822 1.59563 -0.80608
-1.03366 -0.19921 1.78371 1.66198 1.05096
-0.41697 0.45779 1.6916 1.61019 0.44995
0.66281 0.93697 0.33209 1.10735 1.43915
0.74238 1.65591 1.04222 1.8692 0.23999
0.72508 0.27435 -1.00188 3.15892 0.98034
1.41135 -0.97955 0.07131 2.20233 -0.66549
0.78676 -1.11774 -0.22515 2.3676 0.65141
0.22359 1.9872 1.27776 1.97366 -1.42813
-0.34717 2.52007 2.21747 0.36526 0.25461
0.28007 0.22234 -0.362 0.60747 -1.96244
-0.59338 0.24756 -1.14189 1.09916 -0.52626
-0.3939 1.1678 -1.53461 0.33076 0.08112
0.67106 0.32656 -0.50409 -0.07188 1.6528
-0.09118 -0.02763 0.82422 0.5198 1.3196
0.25712 1.19311 0.91224 1.23177 -0.3849
0.84769 -0.12702 -0.21322 1.07651 -0.45817
-1.12661 -0.22245 -0.10215 1.04557 1.9185
1.03695 0.61932 1.15089 1.8895 1.40983
1.45696 1.75773 0.7173 2.2651 -1.80219
0.88177 -0.32788 0.65016 2.04202 0.11521
0.30036 -0.29028 0.51569 2.225 0.2937
0.1291 0.31535 0.4273 3.13569 -0.5935
-1.52238 1.26247 1.27726 2.87963 -0.55852
-0.50361 1.35153 1.38235 2.5978 -0.4496
-0.95803 0.79289 3.05804 3.50949 -1.76047
0.43328 0.71872 2.50767 2.36954 -0.0383
1.40452 -1.46819 3.4865 2.79102 -1.40615
2.51749 0.41113 4.38 2.25056 -0.44265
3.14773 -1.72266 3.07839 2.03431 -0.34577
3.46299 -0.63936 2.18128 1.83551 0.43123
3.57559 -0.87526 0.84156 1.16053 -1.84396
3.78328 1.8319 0.62227 -0.02852 -1.21986
0.93553 -0.39381 -1.95318 0.73729 -1.75065
1.11071 2.42267 -0.83667 -0.55323 -0.31774
0.09666 -0.05377 -0.23504 -0.43333 -0.78684
-0.52751 0.56243 -1.25977 -0.60942 -1.23902
0.30204 0.26227 -0.20679 0.84814 -0.70746
0.10357 0.15937 -1.51736 0.88625 1.19356
0.6835 -0.55259 0.00678 -0.24928 -1.1573
1.27063 -1.39425 -0.11823 -1.76486 0.70465
2.73043 1.1689 -1.73299 -2.72527 0.91535
4.51536 -0.14982 0.9319 -1.96985 -0.03364
3.62745 0.10484 -1.54195 -3.20461 1.23107
3.81667 0.69524 -1.86341 -3.88108 0.24092
2.23319 -1.42318 -1.92587 -4.87595 1.32213
1.1467 0.93821 -4.08534 -6.54168 0.12326
1.38223 0.75227 -3.3468 -6.11871 -0.17891
1.29401 -0.3656 -4.28524 -4.84229 -1.87669
-0.66569 -0.82857 -3.65549 -4.84465 -1.7554
1.01848 -1.39911 -4.11122 -4.92648 -0.62337
1.35252 -1.65162 -2.73231 -4.71223 0.21865
