-2.48445 -0.62756 -1.38915 2.17981 0.39859
-0.12364 -0.53841 -2.69693 -0.19999 -0.13055
-0.25749 -1.4439 -0.48055 -0.66713 1.49708
-0.67571 0.97756 -2.50294 0.21505 1.74308
0.0121 -0.44693 -3.87854 0.35268 -0.08209
1.13077 0.70992 -4.36327 1.73535 -0.2032
-2.80438 -0.75614 -3.82255 0.0051 -0.35605
-1.26931 0.19402 -3.67837 0.40477 1.18591
-2.13323 -0.62292 -4.10523 0.49686 1.53668
0.68679 0.84898 -4.14686 -0.62611 1.40997
-0.27847 -0.60533 -3.05037 -0.36182 1.58153
-0.09483 1.21326 -2.43167 -1.17831 3.46361
0.35916 0.68578 -2.35175 1.11996 2.43799
-1.61457 0.03977 -1.14339 -0.17229 2.37955
-0.53015 0.98665 -1.71922 0.95215 2.96607
-1.88519 0.61159 -2.59957 2.27013 1.98153
-1.51479 -0.98786 -2.60501 0.54625 2.54739
-0.20202 2.80022 -3.07506 -0.04163 2.57387
-0.45793 1.53125 -1.90699 1.65692 2.06836
-0.65286 -0.99524 -1.06041 0.31236 1.983
0.04016 -0.55005 -0.88398 1.48685 2.3954
0.5939 0.86561 -0.41769 -2.33722 2.44154
-1.63616 -2.59759 -1.43323 0.84266 3.42717
0.30909 0.10225 -1.97317 0.1069 1.26822
-0.68484 -0.09172 -2.69671 1.42944 2.20069
-1.15153 0.11085 -1.486 0.90821 2.97771
1.19007 0.87708 -0.38048 -1.19038 2.44566
-0.36373 -0.8805 0.06199 -1.75852 1.89994
1.16998 -0.75693 0.78303 0.42547 1.96073
-0.42321 -1.30944 2.64389 -0.87254 1.39805
0.40859 -0.19295 4.13966 1.20824 1.73227
-1.22103 -1.20062 3.5648 -0.68236 2.25604
0.92507 -0.60761 2.75284 -0.28757 3.4973
0.70009 0.14502 1.15764 1.48089 3.25556
2.08288 0.79193 0.53568 -0.59263 2.29492
-0.2942 -1.43425 0.61026 -0.50025 1.71162
-1.12275 -0.37115 -1.02674 -0.89229 3.76896
0.13169 0.75513 -1.87323 0.20875 1.38113
-1.87962 -1.84793 -2.62599 -1.69117 1.13517
-1.50507 0.2482 -3.03611 -0.234 0.56302
-0.86731 -1.53112 -3.9301 0.41915 -0.42095
-2.82846 1.45853 -3.65996 2.17738 -0.22372
-3.32889 0.12023 -3.14597 0.13845 -0.87076
-1.61316 0.28381 -1.27614 -0.24112 0.38149
-0.91838 -1.30538 -1.49825 -0.3124 -0.6306
0.65527 -0.38985 -1.74596 -0.02746 -1.06239
-1.26134 -0.24624 -1.80266 0.34118 -2.58351
1.36053 -0.02613 -1.77121 -0.20515 -2.61133
-1.60058 -0.16194 -3.15256 0.09085 -2.2301
-0.35768 0.41733 -1.80949 -0.84198 -2.32043
-0.14042 0.17351 0.27388 0.93355 -2.1757
-0.27311 -0.20517 1.28019 -1.56237 -3.51609
0.78564 0.08522 -0.37033 -0.66761 -3.35933
0.21812 -1.53864 -1.56403 0.2302 -2.98418
0.00379 0.46433 -2.25081 -0.01322 -4.81848
-0.26184 -0.99271 -1.89669 -2.38325 -2.3967
-1.22809 0.51531 -3.44362 -0.49284 -1.53894
0.63204 -0.40211 -4.83879 -0.53014 -2.14612
1.99368 0.60537 -4.12021 -1.16984 -1.82496
-1.39802 -0.74949 -4.09848 -0.62859 -0.02635
-1.05765 0.22145 -4.04213 -0.47453 -1.48225
-0.96001 0.24456 -3.7384 -1.18687 -0.63687
-0.39191 -1.91615 -3.04586 0.51761 -0.29358
-0.81186 0.07736 -4.19895 0.02423 0.89242
-2.86196 0.08287 -4.21647 0.28524 -0.54268
-2.6295 0.51184 -4.08909 1.11351 -0.07858
-1.8031 -1.18973 -3.96433 0.11697 -0.04306
-0.44276 1.46515 -3.49193 0.36598 0.90514
-3.15709 0.47422 -3.27911 -0.04123 0.09401
-0.53386 0.87553 -4.74197 0.02937 -0.38585
-2.53511 -0.07898 -5.30838 0.34899 0.44456
-0.97881 -0.9357 -6.38776 0.74919 -0.30861
-1.02801 0.62419 -7.22676 1.04306 -1.33417
-2.85938 0.09919 -5.30279 0.83836 -1.01222
-1.79297 -0.32567 -5.52534 1.3153 -0.21153
-0.97857 1.95418 -4.17317 0.67103 0.07442
-0.7898 1.31684 -4.21288 -0.90126 -0.01482
-0.05074 1.65844 -4.56688 0.21129 -0.12425
-0.30868 -1.11721 -4.67218 1.2887 -1.09247
-1.27871 1.2811 -2.9061 0.80753 -0.28632
-2.19774 0.35222 -2.65397 0.26585 1.32587
-2.78027 0.53821 -3.37917 0.72962 1.25008
0.11627 1.33736 -2.71996 -1.12193 0.52917
0.20558 -0.5785 -3.54304 -0.72592 -0.79166
-0.35612 0.97626 -4.30883 -0.625 -1.45805
-1.297 -0.84449 -4.02024 -2.00771 -0.18562
-0.81651 -0.89765 -4.9487 -0.90513 -0.30875
-2.50976 -0.49158 -3.09685 -0.70326 0.35518
-1.41361 -2.20829 -2.03306 1.86185 -0.25262
0.97364 0.994 -2.35284 -0.76829 -1.93098
0.04435 0.60149 -2.49277 0.39575 -1.61452
-1.07955 0.96808 -1.35141 0.7859 -2.44989
-1.22346 0.46557 -0.09803 -0.12729 -1.72653
0.36578 0.11016 -0.88256 -0.31454 0.16413
-0.20028 0.65578 -0.50607 0.07999 0.7161
-1.19063 -0.33667 -0.91792 -1.00563 1.68535
0.04742 0.46808 -1.06317 0.07175 -0.23722
-0.91808 -0.21366 -0.06233 0.29095 2.04787
-0.00648 -0.37821 2.01103 0.74647 1.57893
0.24368 1.69429 2.63403 1.34649 0.88446
0.05659 0.12684 2.97209 -0.57522 1.39992
3.44706 0.76788 1.8236 -1.70721 1.45428
2.28614 -0.5597 2.98945 1.68968 2.81805
-0.06826 0.83262 2.77343 1.23758 2.41236
0.81968 -0.28792 3.65502 1.4506 4.39706
1.03407 0.83479 3.11812 0.2029 5.47731
0.88061 -0.49096 1.97344 0.72628 4.67749
1.41188 -0.10148 4.00249 1.48145 3.99494
-0.82924 0.49422 4.29815 1.82755 4.47935
-0.07127 -1.1054 4.88302 0.49064 4.52924
-0.21342 -0.11738 4.9046 1.02566 5.48124
1.25147 -0.76555 2.93707 0.91794 4.96948
2.30054 -0.09226 2.48729 0.54837 5.43717
0.4878 1.31681 1.88607 -0.48976 5.70004
0.68328 -0.05976 3.25879 -0.50798 4.60835
0.69723 0.06126 2.02495 0.56482 2.33342
2.17459 -0.80179 4.19095 -0.60772 1.54489
0.87353 0.29356 4.50375 -1.2861 0.47175
1.02868 -0.09641 3.98083 0.33036 0.69246
0.95554 -0.66826 3.16444 -0.56869 0.8972
0.48901 0.64771 1.99369 0.13333 0.32861
-0.32865 -2.01122 1.8526 -0.32235 0.57123
1.00522 0.65263 4.63389 0.51674 -0.59859
-0.11634 -0.30244 3.80321 -0.29807 -0.7968
1.1424 -0.16083 3.18603 1.86779 -0.94394
0.17824 0.71436 3.05398 0.06821 -1.82713
-0.4476 -0.30845 1.44234 0.07903 -0.19899
1.07907 0.12278 2.10895 0.48331 0.43594
0.96895 -1.24782 1.31456 1.08769 1.05414
0.43744 0.66236 0.91867 1.03026 0.40246
-1.23507 -2.27863 1.04285 -2.23298 0.97997
-0.42826 0.05179 0.904 -1.01976 1.75148
0.87558 -1.93392 0.94327 0.37486 0.36535
1.23016 0.4965 2.03569 0.87869 -0.97598
0.72551 -0.51995 2.45359 -0.38421 1.09868
0.07361 1.05346 2.85274 -1.40034 -0.04762
1.47787 -0.45639 3.4187 -1.06477 -0.34601
0.29428 -1.0056 1.75063 -1.29783 0.52944
-0.71408 -1.04841 1.90727 0.35194 0.84296
-0.75644 -1.04164 1.68652 -0.10561 -0.17555
2.22575 0.96858 0.51921 0.7691 -1.83267
-0.55166 -1.33626 -0.09812 -0.899 -1.82113
1.0126 0.10628 0.48134 -0.17695 -1.65313
-1.60411 -0.24757 0.70915 -0.6286 -1.2696
0.70005 0.01289 0.80071 0.55371 -2.99003
0.62667 -0.16891 1.14468 0.33806 -1.04424
0.2622 1.10004 2.98403 0.61965 -1.33759
-0.80282 -1.54233 3.08501 -0.3281 -0.92164
1.2336 0.05765 3.10295 0.00384 -1.37426
-1.23501 -1.29952 4.66376 0.80167 -0.35932
0.5955 1.23639 4.15697 0.07918 0.47235
-0.20321 -0.42095 2.9751 1.09086 0.5442
-0.38432 -1.68248 4.01882 0.09305 -0.08342
1.26473 0.76414 1.76909 -0.83006 0.62899
2.10537 2.25811 2.74947 -0.29855 -0.76923
0.84169 1.05339 2.4439 -1.56531 0.69227
1.70843 0.19704 1.24433 -1.20627 -0.17874
0.81359 0.76353 0.54794 -0.65027 -2.84334
0.08793 -0.71341 0.08908 -0.36147 -2.85547
-1.10463 -1.16955 0.20114 -1.47695 -2.80604
0.98728 0.28848 0.36357 -0.43044 -2.50748
0.0347 -0.96274 -0.5656 -0.05877 -2.13068
0.55422 -0.00603 -0.0366 0.64894 -4.18649
-0.33965 1.71195 -0.27884 -0.00684 -3.15138
0.45395 -0.22881 0.12813 0.00989 -2.51252
-0.16514 0.88311 -0.87938 0.78487 -2.201
0.2565 -0.35707 -1.72885 1.01964 -1.64874
-0.51406 -0.06583 -0.45132 -0.05804 -1.74654
-0.7755 1.16251 0.69682 0.60613 -1.00988
2.61812 -1.15284 -0.24699 1.21678 -0.71013
-0.33142 -0.67166 -0.3346 0.65603 -1.72259
-0.29038 2.34752 0.03869 0.72272 -1.06437
0.16017 -0.53016 -0.11089 0.58295 -1.58822
0.72679 -0.35827 -0.71772 -1.87953 -0.01944
0.30936 1.04928 0.28866 -1.59447 0.18399
-0.35722 -0.08462 -0.1773 -0.09804 0.01519
1.11116 -0.83372 -1.48152 -0.07143 0.90612
0.36126 0.49839 -0.38867 -0.26579 0.83554
-1.11242 -0.79386 -1.54858 0.27703 1.73691
0.04051 0.99567 -1.74958 -1.49681 0.1603
0.285 0.2165 -3.61952 -2.38822 -0.31313
-0.99079 -0.0578 -2.99203 -1.17926 -0.70427
0.23423 -0.70246 -1.46423 -0.76909 -0.99151
-1.3181 -0.79167 -0.91908 -0.10726 -2.57049
0.73437 0.13068 0.55198 -0.47842 -2.04981
0.22445 0.12692 -0.36805 -0.55376 -3.08611
0.13182 0.73057 -0.74465 0.35768 -3.68102
-1.67041 -0.53069 0.4372 0.23429 -2.64127
-1.41078 -0.30038 0.96772 0.71276 -1.62429
-1.62347 0.02388 -0.6086 0.97827 -2.27923
0.15337 -0.80172 -1.86798 -0.39082 -3.77609
0.91187 0.79691 -4.26272 0.97031 -3.00118
-0.07321 0.10522 -2.35281 0.5545 -5.46157
-1.31661 1.23263 -3.52977 3.31671 -5.47404
-1.11132 -0.50817 -3.55631 1.74432 -3.20276
-0.49354 1.11571 -3.34717 1.00525 -2.1725
-1.95212 0.88111 -3.74426 0.85715 -1.62871
-0.56934 1.75502 -2.72736 0.46882 0.39569
-0.11577 -0.24194 -3.37841 2.54753 0.76223
0.24354 1.09331 -1.72957 0.31407 0.64687
-0.58451 -1.06603 -2.00107 -1.13831 0.07946
1.39557 0.45053 -1.29931 1.1955 0.11379
-0.56164 -0.21512 -0.40403 0.70928 -1.38852
0.08176 0.52361 -0.43454 -0.52057 -1.18627
-0.48311 0.70719 -0.67367 -0.63288 -0.58488
1.0384 -2.53145 -0.79565 -0.44292 -1.17818
-0.30835 -0.28169 -0.13895 0.42795 -1.89528
0.15057 0.07974 0.62905 -0.36524 -2.01677
-0.13054 -0.56349 0.27858 0.36151 0.27774
1.14696 1.57795 -1.65039 0.60322 0.49056
0.11557 -1.05908 -2.55349 0.97709 1.88356
0.26672 0.0027 -2.82971 -1.11971 2.1109
-0.72349 -0.12013 -2.9163 -0.48331 1.34942
-1.16461 -2.26996 -4.33988 -0.55658 2.43475
-1.84455 -1.30024 -3.44047 -1.01313 0.94458
-1.85079 -0.37577 -3.71927 1.08379 0.94047
-2.19509 0.14362 -1.5832 1.02918 1.92202
-3.13921 -1.11719 -1.56088 0.69845 2.96997
0.14819 1.27342 0.03325 1.12393 2.85763
1.30063 0.30268 0.37933 1.54864 2.86303
-0.18253 -0.11039 1.79178 -0.75071 2.6704
-0.50994 1.47911 1.51608 0.35071 2.45114
0.8731 -1.80241 0.73195 -0.0985 2.09198
1.0916 1.7211 1.15038 0.08413 1.73508
0.32662 0.39539 0.73423 1.93636 2.36005
1.00769 -1.0325 1.24507 -0.29353 2.50316
0.88759 0.5768 1.06234 -0.50921 2.31678
-0.95417 0.16824 0.60272 0.0984 2.88235
0.57912 -0.8945 0.44649 0.16606 0.60338
-0.33844 0.94977 -0.81804 -1.59215 2.85839
0.81273 -0.42488 -1.85515 0.3398 2.25323
-0.39478 0.50721 0.92066 -0.12514 2.49666
-1.21566 1.22814 -1.33041 1.93779 2.23914
-0.26671 -0.22081 -0.42282 -0.60713 3.36725
-0.06362 -0.6225 -1.24362 -0.8513 4.32941
-1.49328 0.71195 -1.07768 -1.38916 4.02006
-0.28831 0.00582 -1.07718 -1.45847 3.90146
1.32314 0.17299 -0.35729 -2.32155 3.34747
-0.84697 0.53734 -0.44113 -1.39237 0.59643
-1.60938 0.29327 -1.13241 -0.99256 -0.02478
-0.04256 -0.21818 -2.2497 0.21088 0.45023
-0.30862 -0.60989 -0.47503 -0.46231 2.43939
-1.26334 -0.94684 0.207 0.38964 3.81552
-0.37427 0.51996 0.41301 1.64635 3.31683
1.11382 0.90014 1.18482 0.91404 2.49951
0.27275 1.3445 2.30921 -0.51165 3.14659
-0.45338 1.7144 3.31429 0.6397 2.35942
-0.8552 -0.72331 3.36415 0.48283 1.90362
0.72307 -1.34916 3.98082 -0.22642 1.95051
1.37346 0.29307 4.38417 -0.32003 1.60525
-0.67601 -0.50494 2.11754 -0.1241 3.49257
1.57838 1.5369 3.1545 1.76867 2.8636
1.85725 -0.10063 2.8144 0.49839 0.74266
1.50197 1.46339 2.93936 -0.31354 1.16589
-1.69838 -0.61703 2.03834 0.30597 1.095
1.21691 -0.83534 2.01175 -0.51558 2.0554
1.45809 0.42154 2.42131 0.51145 1.91471
0.5442 -0.30579 0.49518 0.255 1.14347
-1.48649 1.55298 1.18768 -0.63667 1.85518
0.78068 -0.94982 1.69337 -0.22681 1.80678
1.24834 0.96053 2.64414 -1.14904 3.47506
1.39713 -0.2364 2.95657 0.45231 1.09247
1.28276 0.00974 1.76167 0.04306 1.1544
1.17649 -0.73163 1.44016 0.64525 0.42434
-0.34472 -0.76637 2.25555 0.18735 0.10805
0.74565 -0.54852 2.02194 2.51064 -0.03396
0.91516 0.80889 2.03788 1.42044 -0.75891
0.72895 -0.95611 3.82365 -0.97409 -0.67504
0.91375 1.42842 3.80691 1.23597 -1.0622
-0.12265 -1.18898 3.34075 -1.65605 -1.9216
2.56449 0.37812 1.91035 -1.36724 -2.02294
0.9513 -0.34609 2.2476 1.08845 0.28218
0.46797 0.37981 2.8311 0.38823 2.03055
0.36155 0.70343 1.96027 0.00337 1.3231
0.00648 -0.46522 3.63971 0.59252 3.25611
-1.01331 0.11393 2.61178 -0.55684 1.90164
0.94881 -0.15782 1.71265 0.70808 2.36566
0.52833 -0.5278 2.5352 -0.24762 -0.01065
1.45057 1.58235 1.8428 -0.36232 2.17441
-0.32088 0.25152 1.75076 -1.22287 3.48433
1.338 -1.74287 1.10648 -0.47133 3.27055
0.54329 1.58317 1.89681 -0.53879 3.07632
0.2416 0.48964 3.39088 -0.36557 2.17501
0.66947 -0.38516 1.2817 -1.28173 2.67093
-0.09315 -0.16313 0.58713 0.15806 2.8409
-0.05025 -0.00666 0.5513 0.56258 1.92613
1.65953 -0.66353 0.85884 0.71387 2.59359
-0.90745 0.65278 3.03034 1.53574 2.28177
0.17216 2.27502 2.69764 -0.05034 2.56283
0.91163 0.56896 3.42557 1.36788 2.69643
1.60944 0.27329 2.86508 -2.26001 1.51983
2.49927 -0.30521 1.17658 -1.2413 1.76279
1.06649 0.30938 0.99728 0.76646 0.82776
-0.94607 -0.7608 0.95318 0.93614 -0.27767
-1.89968 -0.65806 0.05491 -0.88442 -1.05279
0.22869 0.994 0.68154 0.19012 0.39102
-1.57617 1.52623 0.8109 -0.04753 1.4063
3.01058 1.41676 -0.39507 0.7516 1.59495
-1.6941 1.35148 0.30426 0.23391 1.29124
-0.31235 -0.27207 1.01557 0.29724 2.16444
