-0.12935 -1.5294 -4.62197 -1.60825 -1.2994
-0.88831 0.08066 -5.7944 -1.14149 0.71719
-0.72401 -0.3374 -4.91995 -1.84988 0.9554
0.89727 1.3698 -5.02663 -3.37396 0.05023
1.45987 0.02411 -3.57436 -2.23478 2.84246
3.18658 0.24061 -1.9716 -3.30443 2.48659
1.74649 -0.19773 -1.81115 -1.58869 2.36933
3.55381 0.10627 -2.75222 -1.96866 3.68041
3.43516 0.66059 -1.76897 -0.13658 2.9654
2.81581 1.53824 0.75856 -0.91015 2.93289
2.19802 2.58203 2.15722 0.52199 1.16544
1.75423 1.59858 3.45087 1.01741 -0.51258
0.89066 1.82119 4.19301 2.07985 -0.24986
0.15334 -1.66815 4.09185 1.45399 0.1399
1.75999 -0.81427 3.52864 2.17484 0.19062
0.72216 -0.82636 4.29956 3.23746 -0.57872
-0.64169 0.61638 2.97991 2.80651 -0.31636
-0.73444 0.39355 3.68287 3.09228 -0.49843
-1.58606 0.05145 2.23235 1.39183 -0.67776
-2.49664 2.18496 2.00551 1.93412 1.03794
-3.05092 2.00074 3.53345 -0.58477 0.73485
-1.83925 0.73802 4.27879 -0.82248 -0.22887
-1.7484 0.38675 2.90583 -1.93504 0.81513
-1.94657 1.08473 3.92653 -4.7038 0.04413
-1.72304 1.1238 4.56581 -3.90168 -0.50919
-0.96149 -0.00932 5.74875 -4.59021 -0.40662
0.92698 -0.35869 6.24643 -4.53631 -0.13229
0.71799 0.15723 6.79534 -3.74327 1.0028
1.97744 -0.70437 6.11327 -4.59847 1.98437
0.31445 -0.8708 5.65248 -3.39906 0.1639
1.2776 -0.39016 4.24519 -2.0314 -1.33914
0.9887 0.54842 5.73637 -1.29047 -1.03277
1.5793 0.57506 7.21551 -1.96174 -1.84338
3.38212 1.68135 5.33091 -2.6037 -4.84687
2.58363 -0.33872 5.18208 -2.70645 -2.57588
3.88908 -2.69639 4.61033 -3.25906 -1.91453
4.80131 -1.97024 2.81223 -0.66093 -1.05948
4.99093 -1.17613 0.28557 -0.09033 -1.97402
5.12107 -0.67521 -0.82518 -0.14681 -0.41233
3.84339 -2.29371 -2.38807 0.02967 0.15755
2.19734 1.86491 -3.24459 0.61777 0.65874
1.13945 2.95151 -2.7378 -0.04275 0.57351
0.3937 0.39715 -4.33878 1.34389 -0.02798
-0.11391 0.59184 -3.81725 2.9994 0.84868
-0.34369 -0.69172 -5.01654 2.5307 0.2473
1.12689 -1.34273 -4.24738 1.28403 -0.27145
2.65178 0.74174 -4.31327 1.04571 -0.0537
2.32303 0.95747 -4.52615 0.43745 -1.09788
5.425 0.46172 -3.85715 0.71806 0.61359
3.13891 1.04612 -6.3358 0.52337 -0.35156
4.47909 -0.14134 -3.71308 2.04488 0.79372
4.08223 0.8057 -2.85313 4.04056 2.39506
2.58478 -0.31508 -1.94093 3.50737 3.55993
2.54438 -0.13666 -3.86539 3.63987 3.51847
1.59004 3.47706 -4.06755 4.04412 0.53542
3.58705 1.96164 -2.51422 3.9726 2.70733
3.5137 1.8456 -0.16246 4.04767 1.25871
2.44604 1.00388 1.35345 2.56305 0.15029
0.30091 -0.26668 3.0909 0.30323 0.23859
-1.39587 1.58826 2.24202 1.16176 -0.59346
-0.82955 1.63975 1.70656 0.4459 -2.08855
-0.25114 0.22983 2.09791 0.05392 -2.14914
-1.35586 0.04311 1.92904 -0.06669 -0.3387
-1.74856 0.46845 3.88746 -1.74495 -0.2784
-1.99804 1.03906 3.91188 -1.31794 2.34685
-3.01123 0.52438 4.57597 -2.46785 1.29101
-1.80834 1.09885 3.32339 -2.08775 0.0314
-1.76642 0.47943 3.15131 -1.45981 -0.56052
-2.32813 0.08797 3.94921 -2.52345 -1.80749
-1.76532 -0.88437 3.79943 -0.72684 -1.60894
-0.53909 -1.299 4.22031 -0.23817 -0.96638
-2.01319 -0.59492 3.51027 -0.78958 -0.42444
-2.56564 -1.44253 2.11559 -1.77121 -1.39022
-3.96513 -0.90065 0.57806 -1.08235 0.23356
-3.98671 -0.10133 0.35039 -3.00276 -1.60487
-4.03646 0.30901 0.83825 -1.93843 -2.45399
-2.17736 -0.47205 1.04272 -3.36368 -1.8169
-2.76023 -0.27143 1.00219 -3.77556 -1.28672
-2.54887 -1.1841 0.89174 -2.60399 -2.23257
-3.58927 -2.27073 0.90452 -4.64108 -2.20389
-1.94235 -1.73996 0.09411 -4.64074 -2.52906
-2.87843 -2.74147 1.20243 -5.2018 -1.7097
-2.21532 -1.16901 -0.82199 -5.22355 -0.16896
-2.79031 -1.46565 -1.12639 -3.02609 1.03055
-2.4336 -1.36566 -3.79306 -4.15069 -0.11491
-2.95763 0.30747 -2.36023 -3.5049 0.13011
-2.56079 -0.50902 -1.67338 -4.04001 -0.50243
-3.73428 0.30936 -1.86741 -4.53601 -1.01178
-4.26957 -0.2096 -1.27045 -3.70359 -0.31683
-4.3506 0.47518 -2.62009 -4.66233 1.79744
-5.06316 -0.68962 -2.72321 -3.88566 0.8875
-4.17532 0.74468 -3.16671 -2.73295 -0.00136
-4.37903 0.73458 -1.06302 -4.78064 -0.41868
-3.58506 -0.56863 0.69472 -6.45127 -0.84754
-2.97389 -0.24952 2.96188 -5.38475 -1.15834
-1.7584 -0.11122 2.23119 -6.87808 -0.30216
-2.36055 0.73229 1.90824 -8.29404 -0.20077
-0.69169 -0.48575 1.05396 -8.94469 0.01865
-1.44623 1.65468 -1.99793 -7.81652 0.74515
-2.13801 0.93203 -2.42896 -7.66927 0.3435
-2.73138 3.06637 -1.63204 -3.82834 -0.38536
-3.06491 1.74634 -1.27692 -5.02382 -0.52559
-1.7438 -2.60486 0.81992 -3.73502 -2.40261
-0.97065 -1.56166 -0.33908 -2.5022 -2.08514
-1.58134 0.4114 -0.69304 -3.35352 -1.95735
-1.12563 2.13367 -0.92266 -3.44508 -2.42606
0.87573 1.47888 -1.70389 -3.55299 -0.42059
0.04387 0.6163 -1.14435 -4.61438 -1.54163
0.55992 1.13091 -0.69466 -3.91544 -0.92092
0.77838 -0.53044 -1.02847 -3.55049 -0.90227
-0.2084 -0.44883 -0.23323 -1.16174 -0.63559
-0.85268 0.34104 -2.22742 1.29431 -0.83038
-1.56088 1.49369 -4.35609 2.51649 -1.28691
0.00861 -1.00368 -4.37201 2.30763 0.21152
1.94161 -1.33022 -3.31485 1.97141 -0.41664
0.39199 0.01663 -3.09584 1.46429 0.02613
0.48362 -0.55743 -2.93927 1.13082 -0.74136
0.90833 -0.22839 -3.65202 0.68329 -1.36742
-0.6559 0.9845 -4.89871 1.33379 -1.99138
-1.12943 -0.07128 -4.11406 -1.45102 -3.6335
-1.67594 -0.13579 -5.85842 -0.95848 -4.21263
-2.319 -0.30131 -6.63268 -1.56692 -3.08485
-1.38255 -0.21319 -7.19626 -1.81148 -3.09788
-2.27776 -0.98645 -7.8547 -0.64639 -2.14388
-1.6393 -1.35938 -7.88552 0.11218 -1.94809
0.09341 -1.16586 -8.49547 -1.60456 -1.75414
0.08564 -1.36893 -8.65424 -1.36756 -0.71124
0.51728 -0.5566 -7.91389 -1.20882 0.36066
1.13707 -1.32056 -7.96931 -2.43339 -0.37403
0.648 1.47659 -8.23673 -1.39694 0.95088
-0.5238 -0.78051 -7.27129 -1.34256 -0.86556
-0.76694 -1.87472 -6.95982 0.43493 -0.67175
-1.53495 0.88247 -5.09307 -0.60661 -2.24597
-2.01156 -0.32916 -3.90134 -1.90252 -1.44846
-2.12181 -1.94383 -2.71693 1.02046 -1.70291
0.56066 1.83722 -2.95357 -0.1937 -2.18545
-0.19623 -0.84587 -2.84741 -0.26357 -3.75592
-1.33117 -1.22224 -2.04817 1.46278 -2.51002
-1.78016 -0.72465 -3.27123 0.1829 -3.64229
-1.77277 -0.48348 -3.48969 -1.84926 -1.65413
-0.58977 0.10417 -3.09394 0.63858 -2.11815
-1.97363 0.41662 -2.32021 0.80229 -1.78546
-0.68244 0.52725 -2.53712 0.36764 -1.9882
-0.21697 -0.64569 -2.9386 0.23037 -0.51831
-1.16328 1.04299 -1.85608 -0.62956 0.39793
-0.28553 0.34858 -1.79752 1.25479 -1.05754
-0.24631 0.81041 -3.83282 0.47289 -2.05629
-0.26645 0.21624 -3.06232 -0.79824 -2.16774
0.32657 -0.25277 -2.72878 -0.31157 -2.69249
-0.50971 -0.0747 -2.73528 -0.3145 -1.10482
-0.7342 -1.48359 -3.22061 -0.1055 -0.66789
0.93897 -0.31993 -5.32178 -0.44126 -0.04225
1.89684 -0.0786 -5.41775 0.12593 1.50315
1.13876 -1.43048 -7.1065 -1.07846 0.98419
0.93086 0.7004 -6.69407 -0.96094 0.29631
1.66656 -0.18934 -5.22639 -0.73156 0.79062
2.51834 -0.18762 -4.64669 -0.773 0.65356
3.14433 2.02827 -2.013 -0.70954 2.15602
4.47737 0.95353 -1.35457 0.20615 4.31458
4.46311 -0.44227 0.44798 0.34293 2.93234
4.66562 -0.1625 -0.86713 1.55416 2.23743
3.94578 -0.9993 0.44872 2.4987 3.06368
5.51375 0.33709 1.70834 5.20906 2.61091
4.73667 1.44617 2.85975 6.22154 2.42368
4.9704 1.52321 3.94879 6.97443 2.59042
4.86394 -1.42372 5.38578 7.62322 3.2661
4.35673 1.09403 5.19433 6.90434 3.98132
2.63223 1.06952 6.23498 7.27504 3.98045
3.21062 1.86853 6.82798 7.72595 2.56863
4.03286 2.18644 7.22826 6.67491 1.95954
2.43472 0.00936 8.67095 7.07055 1.00135
1.87911 1.12908 8.39246 6.22979 1.64295
2.23285 0.07658 7.96948 7.57004 1.83904
2.01551 -0.17136 8.16847 6.09955 0.87673
2.43587 0.89918 9.17491 6.11586 1.32056
0.77258 -0.72634 8.7931 6.94989 0.04235
0.26722 0.60289 8.08903 7.11955 0.93583
1.87307 -1.29933 8.21406 7.39951 0.12106
2.71076 2.38729 7.15399 5.9904 -0.01934
1.43999 -0.18401 7.2427 4.3939 -2.19247
1.11949 -0.83589 7.12603 5.16403 -1.80473
0.90645 -0.1512 7.32803 5.94606 -1.37144
-1.46149 -0.32021 5.36124 5.78521 -1.8855
-1.22353 -1.81401 5.24404 6.83362 -1.55904
-2.34044 -0.196 3.02253 5.79359 -0.50876
0.69006 0.97217 3.55868 4.97226 -0.02555
0.92734 -1.74198 4.07645 3.81572 0.97002
0.73621 -0.03456 3.22168 2.0261 -0.93628
2.03848 1.87994 3.25984 1.49936 0.01695
3.11968 1.72786 6.16013 1.37288 1.35371
4.33361 -0.8471 6.73312 2.16138 -1.01998
5.36788 -0.18602 6.40501 2.54927 -2.39714
5.6102 0.09922 6.60094 3.481 -1.27528
4.35055 -1.53541 6.47908 4.0682 -0.05747
4.76526 -0.5901 5.21012 5.46927 0.0063
5.62998 -0.49001 4.75232 5.55256 -2.18482
5.17153 -0.50638 5.36349 5.07016 -3.06374
5.33526 0.94597 5.91969 5.69187 -2.16626
3.32104 0.60397 5.48684 6.2255 -2.844
0.35343 -1.50733 4.45421 4.9951 -2.36288
0.31973 -0.40884 1.78716 5.17176 -1.97352
0.14322 0.42457 2.43162 2.98934 -1.59102
-1.64636 -0.33687 1.94991 2.36632 -0.34954
-1.22027 -0.12098 1.6315 1.92567 0.36032
-0.60134 -0.22657 1.16032 1.78133 0.35058
-0.22978 0.70987 1.73298 1.86466 1.36179
0.272 1.86641 0.45981 1.52996 0.37121
1.74438 -0.2845 1.35586 1.68267 0.98528
3.59082 -1.51516 2.05164 1.85699 0.05936
5.96374 -0.9691 2.18039 1.58977 -0.45556
4.89923 -2.1555 1.7511 2.48563 -0.22815
2.88707 -1.83902 0.82851 3.44085 0.07648
2.23004 -2.21827 1.88166 4.06789 -0.51755
2.06125 0.23085 1.43126 5.13158 -1.71197
0.80167 0.8966 1.53863 4.57007 0.24865
-0.58083 -2.24414 1.79747 4.54735 -0.01251
-1.22847 0.66527 0.36139 4.05979 0.21119
-2.09066 -1.66113 1.41507 4.21016 1.19238
-2.09318 -0.77901 2.40746 2.03947 0.97852
-1.93793 0.72431 3.33243 0.50181 1.59982
-1.12858 -0.44467 3.97397 0.39423 -0.11115
-1.57036 1.09096 1.84073 -0.61431 0.08928
-2.13277 0.53338 0.5961 -3.25478 0.84206
-2.50927 0.71192 1.98236 -3.69069 -0.15044
-3.48627 -0.01757 3.79765 -3.35324 1.08155
-2.41696 -0.90181 2.79088 -1.90899 -0.00834
-3.3789 1.48207 3.13788 -2.79346 0.83225
-1.69662 1.25319 2.77809 -4.96946 2.41289
-1.46539 -0.30096 2.38321 -3.432 0.18571
-0.83 -1.12892 -0.46984 -4.92113 0.51296
-2.48135 0.3483 -0.36132 -5.47385 0.09032
-3.35996 0.07072 0.31091 -7.30327 -1.90634
-2.97283 1.77368 0.94919 -5.22638 -1.1384
-2.30951 -0.56541 0.28738 -5.32817 -0.34564
-2.02436 -0.23753 0.10707 -3.7058 -3.03733
-1.14382 0.94938 -1.18821 -3.46062 -2.97814
-0.29339 -0.57903 -1.26294 -2.23016 -0.56733
-1.57543 0.13538 -1.00077 0.86936 0.08536
0.11363 1.19668 -1.15483 -0.57049 -0.51238
1.38832 0.78034 -2.08369 -0.33597 -1.8154
1.73026 -0.09586 -0.37389 -2.16985 -1.83415
0.87153 -0.16903 -0.32255 -1.11231 -3.86121
0.03143 -1.15733 -0.35165 0.47937 -3.7121
-0.71933 -2.9851 -0.53983 -0.17575 -3.59313
0.53567 -2.5488 -0.25201 0.27303 -3.36259
0.34709 -2.7559 -1.55294 0.38189 -4.06092
0.5452 -1.17381 -2.35278 0.65792 -5.04547
0.09199 0.08725 -0.86496 -0.58048 -2.79297
-0.21905 0.27169 -0.36687 -0.28649 -2.31749
0.15228 -2.27437 -1.7055 0.37984 -0.76595
-0.72402 -1.07477 -1.96475 -0.16331 -0.31355
-1.19811 -0.1456 -2.15615 -0.0845 1.69801
-0.64756 -1.17482 -2.19312 -1.5486 2.46232
-3.06985 0.40423 -2.42183 -1.27708 3.0186
-1.65889 1.00436 -3.00419 -1.34152 3.44377
-1.71769 0.84589 -3.2645 -3.07363 3.32253
-1.64565 0.2833 -3.04215 -5.02161 3.07428
-2.34759 1.51641 -1.99101 -3.57188 2.13833
-2.23094 1.60312 -2.4566 -2.30681 1.72228
-2.32319 2.27871 -1.13633 -2.73251 0.88506
-3.23875 0.07484 -1.17973 -1.12202 0.40191
-1.62421 0.13292 -0.89823 -0.8114 0.59336
-0.56328 -0.17838 0.08711 -0.75439 1.19031
-0.50598 0.11249 -0.49385 0.50026 1.39207
-1.03554 1.14264 0.68296 1.38472 0.76074
1.08899 1.26139 0.40443 1.7791 0.77304
1.44331 1.67787 -0.58617 1.22446 1.55491
1.45904 0.07314 0.66355 2.23616 0.52599
1.33503 1.54775 0.92251 1.48157 -0.73432
1.89504 -0.49279 1.07443 2.14125 -0.74582
0.98796 0.81455 3.04288 3.13243 -1.03284
2.19178 -0.30367 3.31131 2.60107 -3.49894
2.77896 -2.02084 3.02564 3.17517 -4.25124
1.91793 -0.65606 1.54962 4.14453 -3.76314
2.2462 -0.37728 2.59583 3.85623 -2.64919
3.38667 -0.99257 0.25463 2.98682 -2.10115
2.46815 0.17738 -0.94834 0.81931 -0.96264
1.87095 -1.92471 -1.74944 0.17431 0.76119
0.5014 -1.83527 -3.44601 0.74054 1.92425
-0.65285 -1.02218 -5.82159 3.46844 2.25399
0.55077 0.6336 -5.43682 4.07932 2.3029
1.19485 0.46304 -6.45667 4.07562 2.16304
-0.22875 3.37715 -7.5758 3.02333 3.50168
-1.06943 0.5373 -6.09777 3.41781 2.882
-2.368 0.35482 -5.07169 3.01582 2.79633
-0.5849 -0.16446 -2.99378 3.74009 3.64173
1.04559 1.80997 -0.38323 3.82432 2.08497
-0.63897 1.66407 0.02686 3.63311 2.56549
-1.36159 1.13449 1.65717 3.67998 2.09243
0.5243 0.35351 3.23756 4.29364 1.08669
1.0103 0.27153 2.79418 2.86842 0.71934
0.33057 -1.01087 3.59757 2.23521 -1.09662
-0.59106 -0.35778 2.55016 1.32493 -0.18051
-0.14778 -1.8042 1.91716 3.34088 -1.04853
-0.70238 -0.53399 2.38346 3.55536 -1.74744
0.98822 1.26668 1.13026 1.77572 -1.36796
0.9725 0.8827 0.20758 1.68557 -2.6231
1.02401 -0.19884 0.58677 1.09955 -2.9827
0.09969 -0.91755 0.26937 0.35562 -3.0228
-0.11185 0.10358 -0.56763 -0.86799 -1.55729
