-0.17495 0.13958 -0.96004 4.39346 1.93152
0.73872 0.03533 -2.05911 2.64003 0.7752
1.80475 0.69285 -1.65834 2.27936 0.00909
-0.2164 1.10475 -3.16658 3.46044 0.3964
1.59499 1.10481 -4.10858 4.7006 -0.34907
1.22829 0.21553 -2.89989 6.32137 1.57435
3.80681 -1.52993 -3.07164 6.20012 0.31695
3.63431 -0.26656 0.24505 5.51293 2.04923
4.58495 -0.83793 2.27798 2.72202 1.29933
5.00714 0.28944 2.23876 1.98219 0.06217
3.93243 1.49102 1.86152 1.7678 -1.25067
5.49 2.61413 2.41346 2.77347 -2.17845
4.50142 2.29773 3.82811 3.00442 -2.2216
4.69893 -0.47253 4.69588 2.9138 -0.15591
6.64464 -0.67966 5.58338 2.89676 0.11599
5.66964 -1.31739 7.15091 0.47958 0.32525
4.82523 -0.99931 9.57157 2.35706 0.64209
5.49456 -0.16808 10.25321 2.87963 -0.73841
5.7735 -0.66541 9.27622 2.92755 -0.04664
4.9237 -0.77168 9.31222 1.89693 -1.17037
4.79979 1.38264 10.34243 1.75083 1.091
2.78953 -0.69858 10.40019 0.59426 -0.29645
4.45301 0.97948 11.62641 1.33004 -0.37086
3.5062 -0.51539 11.82987 1.321 -0.30609
2.11947 -0.85367 12.43087 -0.40037 1.45921
2.65042 0.30279 13.36182 -1.52327 1.31121
3.05232 0.1567 11.93906 -1.91375 1.61122
2.10886 0.15043 13.32239 -0.76812 3.53668
1.86656 -0.27359 11.19256 -0.00307 -0.56306
0.97097 1.61224 9.66382 -1.24807 -0.56274
-0.69053 -0.2678 9.58785 0.90668 0.33033
-2.50552 0.27493 7.96538 1.4154 1.20849
-0.96176 1.39354 10.44055 3.02649 0.40934
-0.32169 1.50198 10.45402 1.88157 1.41856
0.33414 0.88743 10.82854 3.75528 1.98476
0.97225 -0.15385 8.4928 4.04965 0.51107
0.7271 0.97896 6.58827 2.3014 0.1257
2.00907 0.15523 7.259 0.34459 1.6758
1.44215 0.15204 7.56746 0.43483 1.41901
1.05785 1.06538 6.86166 0.31839 -0.32037
-0.01552 0.34226 8.35001 0.31721 -1.66113
0.19319 0.07329 9.62629 2.37189 -1.32891
1.62036 0.27493 10.39788 1.43339 -3.06926
1.98475 -0.77676 9.4522 1.10446 -3.97962
1.00209 0.10888 8.0908 1.29289 -0.61032
0.838 -2.1379 6.92338 0.72063 0.58077
-0.18751 -0.28218 6.12616 0.78693 0.79535
2.03092 0.05456 6.49706 0.56355 -0.95665
2.88867 0.24628 6.91882 1.07578 0.67512
2.44943 -2.76895 7.18672 0.39849 -0.83643
2.79486 -0.39332 6.98875 0.27812 -1.42165
1.86366 -0.90958 6.11181 -0.43989 -1.8104
3.12558 -0.95364 7.00848 1.34489 -2.97821
2.25531 1.14605 6.87568 0.83155 -0.95581
2.11067 1.37856 4.00112 2.25567 -0.62233
1.15885 1.79623 3.96444 1.24878 -0.96103
1.78704 0.21404 4.24644 0.6648 -1.80503
1.29906 -1.02415 3.47831 0.74447 -0.12356
3.09692 -0.46849 3.40237 1.17288 -0.64251
2.4987 -0.40783 3.73561 0.75152 0.75369
4.25036 0.66315 4.29413 0.13817 2.42762
5.47314 0.32809 5.27399 -0.07891 0.0978
4.45959 -2.22597 4.93967 -0.85231 1.59936
4.06124 -0.02203 4.71139 -2.06072 0.95325
2.85493 2.02771 5.945 -0.3741 -0.36455
1.44387 1.21756 7.604 -0.42686 -0.33662
1.42212 0.70328 7.258 -1.21111 -2.19103
0.0413 1.30307 6.22618 -0.33465 -2.16661
1.44648 0.52998 6.07625 -1.41075 1.60708
1.27974 1.08191 6.55204 0.98584 2.27242
-0.60166 1.42001 6.59398 0.54727 2.48224
-0.2157 -1.26107 3.58622 1.09691 1.00643
1.30795 -0.86217 2.63336 1.66246 0.98706
2.20714 -0.90493 4.51776 2.03621 -0.25489
4.95595 -0.2427 4.97654 2.0206 -0.23025
5.94886 0.74482 4.89668 1.65403 -1.57197
7.54748 -0.08685 4.74301 -0.49019 -0.33013
8.2611 0.36739 4.34667 -2.348 -0.77774
6.1019 -0.09295 5.36175 -1.12908 -0.49027
4.47414 -0.43886 5.83118 1.7559 -1.08288
2.41706 -0.40949 7.46578 0.88657 -0.33516
3.26055 -0.36847 8.1108 1.32829 -0.51482
3.33534 -0.88659 10.0958 1.52758 1.41863
3.83018 -1.04719 9.01568 0.4367 -0.4852
3.86554 0.08987 8.54393 0.08718 1.49705
5.11524 -1.42144 7.22849 -0.83818 0.0339
3.34509 0.95382 5.08668 -1.05282 -0.20628
1.90657 0.25101 5.53005 -1.94271 -0.47767
0.54167 0.31529 6.11975 -0.7349 -0.2425
0.74271 0.15894 6.30047 0.30691 0.42216
-0.07958 1.25253 6.57252 0.96049 1.18491
-1.19737 -0.28222 8.67141 0.29238 2.67324
-0.66346 0.10423 8.18554 -0.09872 1.29278
-2.08922 -1.12547 6.49429 1.23858 1.04849
-2.30652 -1.55696 7.45876 0.77952 1.53477
-2.18725 1.44212 7.02456 -0.22352 3.4153
-0.89404 1.00943 6.69832 -1.5191 3.96459
0.81133 1.6692 6.11728 -0.70885 2.61632
-1.03296 -0.74016 5.89601 1.21158 1.15089
-0.9788 -0.83191 5.00878 1.99388 0.09157
0.57611 0.11059 5.45419 0.38449 -1.4505
0.25256 1.17814 5.85684 0.2715 -0.57096
-0.95498 1.18648 4.58188 0.05955 -2.11907
0.49343 1.20886 4.65106 -1.35328 -1.59794
0.19394 0.30468 3.98567 -4.0323 -2.18824
1.6194 -1.88295 1.75727 -2.0367 -1.53244
-0.96513 -2.40695 2.55748 -2.91966 -1.23675
-2.8309 -0.98923 3.25855 -2.74256 -0.08637
-4.0113 -1.32197 2.48304 -2.65981 0.45222
-3.59574 -1.33573 1.97473 -1.44656 -1.71446
-3.04639 -2.03361 1.31957 -2.03721 -0.52376
-4.35199 -1.32954 0.7309 -2.93708 -0.64841
-5.05976 -0.29596 -1.55865 -1.86856 0.95365
-3.05532 0.67598 -2.6447 -1.16158 0.69078
-2.9957 -0.2729 -4.73174 -0.3001 0.84746
-3.77197 -0.52383 -6.82547 0.28086 1.94363
-0.75606 -0.59291 -6.83627 0.83996 1.91977
0.00978 0.61728 -7.7066 -0.40234 1.0127
-0.0829 1.22959 -6.24654 1.31294 0.138
0.92771 -0.1716 -6.02915 1.44715 0.1403
0.90479 -0.31422 -5.63277 3.12239 1.63221
1.29595 -1.60041 -5.97201 4.27203 0.57688
2.94388 -1.9861 -3.59734 3.98039 1.18411
2.63525 -0.5584 -3.11194 2.63893 0.1825
4.6693 -2.94388 -2.69547 0.76145 0.70098
6.98372 0.52566 -3.11673 1.94679 -1.46701
6.79593 0.26967 -2.35513 3.02995 -0.19798
5.07392 0.78788 -0.98307 3.00535 -0.71749
6.10871 1.31599 -0.25789 1.57671 -2.15428
8.57782 0.52225 0.05607 1.62657 -2.0147
9.95703 -1.01426 0.5385 2.43709 -0.97726
9.95042 0.78411 0.88582 1.56682 -0.45883
10.00331 1.77796 3.11525 1.21294 -0.87898
9.19196 0.71749 5.95527 2.25491 -0.88361
10.43083 0.13081 6.44978 3.74458 1.89906
11.78965 0.52321 7.93712 4.53816 1.67767
10.45607 1.68487 11.02052 4.62777 1.43056
11.77955 -0.0991 12.13039 3.70889 -0.27529
12.05901 -1.07325 13.3731 3.19907 -0.76208
12.47224 0.01072 14.3531 4.53087 -0.45627
10.98497 3.04124 16.59116 5.79131 0.91904
9.80937 -0.58021 19.12163 6.32155 1.72317
9.54946 0.74937 22.00669 3.19383 0.92389
9.23093 0.13975 22.66682 3.09696 0.82079
10.32539 -0.46858 24.72683 1.72269 -0.18568
11.54141 -0.56425 23.92726 1.24702 0.71646
10.4793 0.84443 22.14294 0.52376 -0.13294
9.59923 0.03908 22.20149 -0.01105 0.4437
8.43891 0.66844 21.75559 -1.22182 -0.97223
7.52309 1.71556 20.6847 -0.92346 -0.55102
8.21769 2.7368 20.42149 -2.75915 -0.12251
7.69757 0.77274 19.97739 -3.96038 -0.17078
4.79709 -0.94046 19.09867 -2.8614 -0.48974
4.42984 -2.42084 18.25035 -3.03961 -1.12887
2.62095 -1.40909 20.01286 -1.47984 -0.4736
-0.0881 1.62115 20.88878 -2.44023 0.22056
0.61604 -1.34323 19.0444 -1.91666 0.15539
0.08148 -0.37647 18.32155 -1.31822 -1.65808
-2.68521 -2.1249 17.84877 -1.16575 -2.51353
-1.52512 -0.49236 16.86365 1.77154 -2.44354
-1.06156 1.70136 15.39544 1.7789 -1.42474
1.00312 -0.9599 12.61412 2.11061 -1.19552
3.25595 0.46188 12.10087 2.95797 -0.54896
4.55258 -0.09739 9.47267 3.20307 -0.98921
4.88287 -2.23971 9.42076 3.82187 -1.29009
4.51528 -1.83433 7.09171 3.54099 -3.18942
4.69466 -1.79816 8.03388 2.98526 -0.86793
4.31878 -1.70938 6.81333 2.28775 -0.7019
4.02852 -1.64338 8.43626 0.95861 -0.90291
3.0786 -3.09325 6.0014 1.22918 -2.17413
3.21058 -1.11676 5.87553 1.92996 -1.02633
2.49891 0.34689 6.38186 0.69841 -1.73287
2.66467 -0.35693 6.69792 0.49394 -0.24454
2.32061 0.82609 7.72043 1.51708 -1.73901
3.00865 -2.39563 7.77858 2.49043 -0.223
2.7786 0.01212 9.32458 1.04586 2.23299
2.44338 0.72263 9.57354 2.67391 1.6489
2.09096 0.82701 8.35173 3.05709 1.01048
3.77573 1.05634 8.78035 3.55614 0.71565
4.67896 -0.75253 11.30171 3.75737 1.37822
5.51661 3.04448 11.22307 3.48325 1.14517
5.03319 1.57039 11.79268 2.82128 1.00566
6.1096 -0.30804 12.20391 2.42938 0.70577
7.02177 0.9469 12.90961 2.09566 0.64736
7.30886 -0.03328 11.76056 2.28527 0.99378
6.58774 0.0907 11.82155 2.7259 1.09202
6.83055 1.25559 12.69876 2.05898 1.41628
7.69217 0.24593 11.80238 3.03046 2.97173
10.45346 1.34748 12.52472 1.43533 0.09879
10.1562 0.11954 13.28225 0.59535 -0.15594
8.46228 -0.72576 13.88709 1.04709 0.25535
7.34165 -0.26035 15.49166 0.60396 -0.28875
5.97029 1.58307 18.36917 0.01981 -1.04355
6.65063 -0.59507 19.73874 1.1179 -2.45407
7.24052 -2.3186 19.75603 1.36485 -1.82122
5.2875 0.28942 19.36192 2.98807 -1.83955
4.31924 -1.79887 18.72534 4.37891 -0.43734
3.17209 -0.7192 18.90065 4.49237 0.62924
2.63804 -0.38616 16.67832 4.02852 0.57341
4.50744 -0.11757 15.32701 4.58683 -1.17876
4.78884 0.31404 15.57029 4.14029 -1.03276
5.34946 0.39059 12.84988 4.45556 -1.68513
6.37796 1.62359 12.31871 4.14737 -1.22109
7.18227 2.29889 12.21815 1.03844 -0.01046
6.48109 -0.40338 10.51164 1.48235 -0.21929
5.76652 -1.05184 11.2211 0.46751 -1.20626
5.38011 -1.02467 11.55664 1.52501 1.19517
4.30166 -0.80207 12.59285 0.7362 -0.32072
4.22917 -1.19132 13.49942 1.55307 0.25758
2.37536 -0.03971 12.73859 1.54614 -2.15577
1.29849 -0.16465 12.66411 -0.29221 -2.54134
1.00599 -0.52318 12.7882 1.48591 -0.73647
0.39652 -1.15965 10.93663 1.54514 -1.23215
0.36632 1.77684 11.97405 2.07817 -0.34937
0.88863 -0.39781 11.15691 2.80149 -1.73944
0.76087 -1.47375 12.10242 3.14335 -2.76466
0.29895 0.44345 10.86592 1.56696 -1.14621
1.42266 0.03035 10.10127 0.67486 -0.21511
1.76843 0.42188 9.17321 0.82384 -0.06305
2.2125 0.20922 8.38687 0.51983 -0.38447
2.95529 0.07886 6.26462 0.46675 0.90261
1.17299 -0.93972 7.11662 1.06444 -0.69222
1.20991 -0.79864 6.22086 1.33515 0.89452
0.03632 -0.7851 6.2725 1.00568 0.80659
-0.48956 0.95736 5.49236 -0.42552 2.33424
0.23656 2.35073 5.02827 -1.64436 1.66657
0.51006 1.06271 5.07643 -1.80921 0.92196
0.3226 -1.04687 4.57183 -0.22663 0.36188
0.72264 0.95329 4.61874 0.79217 0.08077
1.21016 1.24764 5.09447 1.95606 2.46283
1.49073 1.45868 4.12057 1.91485 1.00378
2.30289 -1.23901 3.33719 2.54289 1.67255
2.80044 -0.16569 2.54401 1.19254 0.11403
4.86176 1.71819 2.99373 -1.27496 -1.48589
5.45799 0.96458 3.46255 -3.41948 -1.12653
4.53398 1.43004 2.57975 -3.75322 -0.53887
3.11873 1.68347 2.8717 -3.80149 -0.9863
1.92058 1.40281 3.39052 -3.8 -0.28878
1.86324 0.16958 5.6213 -2.8593 -1.00443
0.06581 -0.53863 7.18479 -2.13429 -0.94152
-1.69268 0.5449 7.04889 -2.64055 -1.9625
-1.98518 -0.89689 6.60009 0.00857 1.34696
-2.70342 -1.63917 7.9807 0.84538 0.58327
-1.80027 0.80465 6.82769 1.81041 1.66839
-2.47765 0.40671 6.46767 0.60778 1.40607
-0.86467 0.11293 5.31803 -0.55447 1.99983
-1.27664 0.18461 2.19474 0.70815 -1.57069
-1.24399 2.84429 0.50903 -0.26207 -0.40014
-1.11613 0.20645 0.44593 -0.595 -0.41007
0.27071 1.49322 -1.96556 0.74888 1.59035
1.19844 -0.01061 -2.78687 2.17658 0.03445
2.06276 -0.04701 -4.33857 1.65637 0.32109
1.98344 -1.2912 -3.86741 1.20097 1.53489
1.50844 -0.43618 -5.50707 -0.08695 2.31753
2.04546 0.33827 -4.26286 -0.65123 1.80811
2.41947 1.11986 -3.4593 -1.27773 1.14029
2.03886 -1.77142 -3.05798 -0.75502 0.3278
-0.38792 1.31909 -1.61312 -1.64557 1.04166
-0.56557 2.05224 -2.35687 -2.50288 0.41203
0.4138 0.11022 -2.84595 -2.10733 -0.75562
1.05394 -1.17087 0.40058 -1.6727 -0.57323
-0.12658 -0.89869 1.32488 -0.54123 -1.07127
-0.7058 -0.65839 0.70788 0.53942 -0.31216
-0.40158 -0.09095 -0.30771 -0.12197 -0.64955
1.20066 -2.04143 -1.61208 -1.04465 0.55232
-0.45099 0.06638 -1.99489 -0.30926 -1.00142
-0.85887 0.9542 -0.85739 -0.73541 0.93494
-1.87882 0.28484 -0.9098 -0.93781 -0.05318
-2.92258 -0.04285 -0.12469 -1.74808 -0.92396
-2.85057 -0.19351 0.38716 -2.49133 -1.24748
-1.84937 0.9599 1.75575 -2.09814 -0.26306
-4.74964 1.09817 1.38141 -1.3754 -0.40164
-4.33988 -0.45759 -0.00206 0.14002 0.72709
-4.95018 -0.60403 0.71281 -1.90864 -0.3272
-4.41983 0.16072 0.07192 -1.25243 0.0079
-5.36812 -0.53863 2.1807 -0.39087 -2.49287
-5.66461 -0.28625 1.46135 -2.11894 -0.29001
-5.1149 -0.79082 1.87675 -2.1514 0.24395
-7.02097 -2.18028 0.50472 -2.29398 1.79
-7.70727 -0.64639 0.18569 -3.42857 -0.61014
-7.51537 -0.01603 -2.74443 -2.87423 0.19886
-8.59907 -0.62166 -4.15242 -2.86292 2.65551
-7.35336 0.26173 -6.71847 -4.99449 -2.63992
-8.75349 0.53372 -8.94714 -5.76863 -1.92043
-10.9028 -1.77147 -9.30658 -5.63094 -0.41056
-11.1381 -1.49073 -10.81485 -6.43783 0.24498
-11.22803 1.72445 -11.15335 -6.17682 0.82122
-13.98852 -0.45764 -13.08585 -5.22231 1.16672
-13.29512 -0.78371 -14.40286 -4.46212 1.91067
-14.96479 -0.65812 -14.1671 -5.1453 -0.64442
-15.2077 -0.14088 -16.96924 -3.92556 -1.13893
-15.47481 -1.88645 -18.24117 -4.16917 0.95148
-15.29486 1.01661 -22.66517 -2.83407 0.94575
-14.09323 2.16336 -23.11132 -3.45871 0.21773
-13.33792 0.18989 -24.85295 -3.16263 -0.50254
-13.90394 0.82486 -26.1489 -3.49739 -0.38719
-12.49636 -1.75415 -27.56991 -2.88789 0.77792
-11.35925 -0.60695 -29.22347 -3.59551 -0.43919
-12.98689 -0.42074 -29.02013 -0.59491 -0.36917
-13.23404 -0.58784 -28.82423 -0.28947 0.23738
