1.48826 -2.40932 0.37565 -0.06941 -0.1696
0.16254 -1.85219 -0.76208 -1.0319 0.94681
0.37643 -1.49991 0.65977 -2.49009 0.28245
-0.09241 -0.6173 0.9676 -1.06946 -2.0127
-1.66375 0.47786 0.68689 -1.4925 0.31574
0.42467 0.38354 0.23859 -3.31626 1.25098
-0.78099 0.45302 0.9728 -2.51112 -0.93249
0.04681 0.68799 1.58906 -0.96629 -1.46451
-0.64994 1.60601 0.24592 -2.08261 2.29044
-1.82174 1.35642 0.03721 -1.3584 0.82876
-1.95851 -0.19991 0.61067 0.29365 0.43598
-2.12009 -2.10185 0.00719 1.27942 0.46991
-1.55598 -2.10981 0.40879 0.20633 0.57356
-1.53617 0.10441 2.27969 0.70203 0.16151
-2.47915 -1.61292 -0.21536 0.93593 0.00023
0.07589 -0.48139 0.23503 -0.56732 1.46887
-0.48391 -1.19323 -1.37121 -0.66228 -0.65578
2.70565 -1.1757 0.172 -0.29209 0.84908
0.57287 -0.40608 -0.53674 -1.15936 0.21038
2.39618 -0.40004 -0.88031 -1.84333 -2.32479
1.24369 -0.72966 -1.56205 -1.69604 -0.28687
-0.26581 0.20082 1.50838 0.21892 0.47063
-0.93512 0.52461 1.2043 -0.36664 0.19706
0.28526 -1.56711 -0.34864 -0.05193 1.58527
-0.56633 -2.81175 0.8991 -0.56399 -0.14728
0.36945 -1.44833 0.75708 0.98805 -0.63494
0.84618 0.7431 -0.0791 0.09727 1.49977
-0.13312 -0.81972 -1.59609 1.21103 0.15776
-1.75144 -1.32322 -1.65752 1.61911 -0.20283
-0.09736 0.86651 0.60473 1.5673 0.96354
-2.49512 -0.51765 0.17537 0.71582 -0.68826
-0.75927 -0.66542 -0.67428 1.13329 -1.09821
1.23175 -0.07227 0.27259 1.6707 -0.94134
0.20848 0.08401 -0.08819 0.07297 -1.14927
0.04151 2.00783 0.85988 2.85511 -0.2214
-1.00439 1.36854 1.441 1.51001 -0.40388
-0.47878 0.26112 -0.7838 -0.4126 -0.44234
1.16179 -0.69279 0.42436 1.54031 -0.26116
0.26232 0.00401 1.53241 1.56801 -0.31922
1.62041 0.84523 -0.14834 1.99782 1.04893
2.86744 0.78673 1.27729 2.76006 0.89111
3.1963 -0.76311 0.0319 1.69536 -0.72056
4.74337 -1.2054 0.02275 -0.28838 -0.46235
5.26567 -1.04356 -1.53558 -1.12048 0.43756
4.49074 1.00071 -1.7864 -3.4629 -2.60502
2.09018 0.88496 -0.01684 -4.33491 0.70342
-0.13315 0.79748 -1.1266 -3.033 -0.56062
-1.02728 -0.8943 -0.20047 -0.52609 -1.4696
-3.67093 -1.93947 0.37465 0.665 0.40134
-2.28674 -4.28583 0.72139 0.82916 -1.23572
-1.4787 -2.07317 -0.39024 0.63096 0.62113
-1.46003 -0.85918 -0.56218 -0.07966 0.11195
-0.3036 -0.63836 0.71339 -1.80234 0.7182
-1.08177 -0.15343 -0.82353 0.02282 -1.89847
-1.85124 0.97527 -0.44621 -0.03536 -2.6825
-1.04973 0.95927 0.05009 -1.52686 -0.97422
-1.35978 1.88944 0.16034 -1.68598 -0.09079
-3.26854 2.79224 0.24707 -2.87214 0.49066
-3.66406 2.3366 0.47144 -0.48918 -1.18434
-2.57478 -0.52135 -0.78336 1.16033 2.16613
-1.34192 0.86376 -0.95497 0.98016 -0.11782
-2.22197 0.95393 -1.69643 0.44128 -0.35417
-4.23073 1.65336 -0.25375 -0.93981 1.13605
-3.34487 -1.2571 1.32489 -0.5395 1.2859
-4.69874 0.43997 0.3129 1.28336 -0.98648
-1.87119 0.2238 0.03578 2.48056 1.81914
0.0925 -1.83348 1.44458 0.81406 1.07566
1.57924 -1.2068 0.84369 1.34208 -0.23316
-0.35602 -0.98792 -1.07474 2.86693 -0.55356
2.43593 0.70913 0.57941 4.09183 0.64092
1.26659 1.04623 1.17959 1.80921 1.05639
3.05452 0.7402 2.06848 1.89642 0.78194
4.04026 -0.07172 -0.64121 1.7639 1.37803
1.74954 -1.20269 1.20807 -0.30551 -0.88637
1.34303 0.20793 -1.25014 -0.60436 -0.0086
2.0004 0.76592 -1.59761 -0.94179 -0.28054
0.09378 -1.6054 0.11902 -0.63167 0.89767
0.48805 -0.93599 2.64392 -0.04829 -0.73492
0.47725 -0.83894 -0.13851 0.61409 1.26575
1.21716 -2.05555 0.23359 0.07603 -1.16819
1.24562 -2.42415 0.43693 1.56272 -1.36513
0.83241 -0.73114 0.55182 -0.52456 -1.19552
1.70466 -0.222 1.09189 -0.55297 -0.21518
2.15114 0.70402 -0.68424 0.56212 1.15088
2.20263 -1.35376 -0.74678 -1.27569 -1.15512
0.56165 -1.24088 -0.53308 0.39171 0.37876
1.28198 -2.83628 -0.17743 -0.05376 -0.01951
0.3801 -1.04089 0.60381 0.19256 1.99404
-0.21467 -0.36509 -0.94639 -1.72624 -0.38006
-0.54036 1.11768 -2.47769 -0.87451 -0.92145
-2.41756 0.37085 -2.14073 -1.07971 1.15452
-2.38423 1.40705 0.36994 -1.87093 -0.52241
-2.0613 0.23865 -1.89009 -2.36904 0.80021
-1.70867 -0.71546 -0.76578 -2.06535 -1.71389
-2.44736 -2.11112 0.08066 -2.00821 1.87787
-3.44864 -1.54094 0.54307 -3.62 -0.65177
-3.28779 -1.3167 1.62696 -2.81328 0.3394
-4.73873 -0.66911 0.65924 -1.85072 -1.07875
-4.54077 -2.54794 0.08361 -0.87995 -1.17686
-2.87288 0.29215 -1.08939 -0.80891 -0.52565
-2.59942 2.36424 0.4755 -2.15259 -1.91956
-2.46711 1.82695 1.04678 -0.83686 -0.43379
-3.25519 1.47798 -0.21933 -0.32539 -0.02271
-2.719 0.58469 0.16706 -0.41367 0.10066
-2.94726 0.15527 0.52317 -0.19004 0.13054
-4.06597 -0.85389 -2.07907 1.24132 -0.7018
-2.62734 1.09116 -0.0114 0.23379 1.67569
-1.87184 -0.55251 -0.38632 0.93758 0.93568
-2.87444 -0.56866 -0.41594 0.76125 1.2447
-2.83299 -1.18954 1.58769 0.84409 0.96109
-0.68384 -3.39036 1.93288 1.95699 0.68946
-0.45566 -1.95996 -0.26477 1.37893 1.30287
-0.66695 -0.26009 -0.13446 -0.46995 -1.04535
0.09369 -0.15394 -0.6453 0.99246 -1.30007
0.10605 0.67518 0.33009 2.0992 0.09663
-0.34674 -1.4179 -1.16604 -0.46277 -0.44814
-1.41195 -0.12008 -0.04752 0.04253 -1.22757
-1.89677 -0.03429 0.47135 1.36024 -1.80425
-1.74307 0.48158 -0.617 0.27633 0.12244
-0.60279 -0.35103 -0.59036 0.25562 -0.34105
0.02803 -0.29549 -0.14513 -0.40283 -1.47019
-1.03534 -0.0995 -0.54717 0.22417 -0.00729
-0.29804 -0.14282 1.65902 -1.01505 0.37591
-0.44379 0.09209 1.45372 1.4003 1.52869
-1.48276 0.47849 0.27979 1.99073 -1.24531
0.28904 0.84402 -0.86544 2.40837 0.84943
-0.39522 0.17539 -0.95963 1.0318 -1.33713
0.14168 0.49338 -0.8864 0.62878 -0.36399
1.39328 -1.41603 0.9472 -1.64794 0.02631
1.35675 -0.66531 0.857 -2.80498 0.78272
1.14418 -1.61562 0.06885 -1.02097 -0.54894
0.01664 -1.13841 -1.7575 -1.02087 -2.38283
-0.27211 -0.04308 -0.19652 -1.86072 0.35131
-0.45144 0.39054 -1.87193 -1.62591 -0.48135
0.0981 0.13567 -0.05132 -2.12616 -0.70243
-0.6627 -0.7872 -0.62423 -2.57738 0.61053
-1.6374 -0.80709 -1.95938 -1.8695 0.96275
-1.84548 -1.09614 -0.83107 -1.56608 0.39078
-2.25429 -2.11947 -0.98834 -1.84772 1.18726
-1.42505 -0.19446 0.87964 -0.55093 2.04577
-0.76185 1.36504 -0.5302 -0.73183 -1.1727
-0.22203 0.49814 -0.57583 -0.74526 -2.1044
-1.61466 -0.97752 -1.75447 -2.52622 -1.04796
-2.52571 -1.41459 -0.38475 -3.8663 -0.8342
-1.78378 0.3829 -0.11747 -2.86419 -0.58594
-3.61652 0.29523 0.20303 0.32162 0.77995
-4.2249 -0.89127 -0.29054 1.1963 0.03839
-4.0561 0.6782 0.20392 0.18251 2.225
-2.00661 0.07751 -0.30982 0.52689 0.42276
-1.57224 -2.48923 -2.45268 0.41704 -1.0069
-0.69695 -1.45104 -2.0257 0.33002 -0.04007
-2.92582 -0.23233 1.45189 0.80928 -0.87179
-3.32713 0.9216 -0.49332 0.62995 -0.41382
-2.01518 0.57782 -1.15943 2.40244 0.78492
-2.52497 -1.46249 0.68607 2.46727 -0.24432
-1.38779 -3.46295 -1.63306 1.08684 0.21436
-1.80329 -1.09994 -0.66034 1.48178 -0.57395
-1.21192 0.51391 0.68685 1.66915 -0.26341
-1.16149 0.08705 0.01112 1.47926 -1.43891
-0.25729 -0.0175 0.56134 2.01349 -0.0356
0.29724 0.55997 -0.51704 1.23945 -0.57775
0.21944 1.84176 -0.29525 0.38891 0.4658
1.04661 1.51663 -1.52432 -0.16382 -2.92813
0.31479 1.13443 -0.94242 1.56901 -0.95614
0.60591 1.39732 -1.00973 0.50253 1.95209
0.85328 1.25754 0.28348 -0.63934 -1.21884
1.59645 0.79241 0.94553 0.87883 -0.77046
-0.36208 -1.23133 0.47417 0.51046 -1.07527
-0.91276 -0.75093 -0.30248 0.61944 1.30565
-0.45566 -1.75415 -0.57959 0.30893 -0.26485
-1.31625 -0.52432 1.02709 0.8546 -0.04142
-1.37932 -1.11477 0.82533 1.60805 -1.24553
-1.35373 -1.33129 -0.97915 0.22156 0.41255
-0.2128 0.6785 -0.39493 -1.1658 -0.82351
-0.63607 0.52674 -0.36405 -1.1684 0.63388
-1.32024 1.85122 -0.78481 -0.19875 -2.30664
-2.08574 1.65503 -0.70042 0.90555 1.6522
-2.06365 1.47333 0.40307 -1.8584 -1.06774
-1.25428 -0.27534 0.23573 -1.16912 1.08178
-0.52436 0.15281 1.67902 0.6304 -0.23603
-1.83903 0.6586 1.89275 2.24868 0.28696
0.4905 0.99541 0.63946 1.80828 2.01714
0.65812 0.00059 -0.72988 0.55371 0.35538
0.76109 0.84613 -0.46901 -0.22548 0.18598
1.59216 1.15334 0.40093 1.03975 0.3056
3.19762 3.41299 1.52796 -0.24973 -1.31737
4.77905 1.66056 -0.15271 -0.88329 0.7472
2.53632 0.54577 2.14752 -2.3848 -0.8124
3.19867 1.87695 0.56453 -2.87254 -0.76836
2.54582 -0.18891 0.53916 -4.21464 0.24864
2.65041 -1.0817 0.55421 -3.32281 1.6035
2.16885 0.24149 1.85261 -3.43164 1.62076
0.98048 0.3074 0.54624 -1.26117 0.37486
0.36318 -0.0126 -0.4003 -0.62028 -1.05765
0.56295 0.24498 -0.63231 -0.70374 -0.93856
0.63709 0.90472 0.11876 0.58906 0.75092
-0.19957 2.76219 -1.04774 -1.02766 -0.45744
-1.31252 2.87274 -1.99689 -1.39466 0.05084
0.61095 3.04812 1.20897 0.11536 1.125
-0.5266 1.56152 -1.41395 -0.28263 -0.75651
-0.4553 0.44934 -0.49361 0.62507 0.54049
-1.42813 -0.88188 2.51079 1.03733 -2.10011
-0.09763 -2.79233 1.2147 0.0315 2.59412
1.198 0.64809 -0.27662 -1.05778 -0.97866
2.7831 0.09927 1.66396 -1.43277 0.11886
2.08703 0.62381 0.18525 -0.69741 -0.51207
1.33927 -1.47586 0.16453 -0.24674 -1.12534
1.86514 0.32065 0.77762 0.82451 2.59177
1.04527 1.58804 0.89223 1.61316 -1.08789
-0.04201 1.71323 0.76804 1.99436 -0.27317
1.11117 -0.01738 0.49601 1.77445 1.45291
1.00491 0.43715 -0.77727 1.57403 0.25626
2.02899 0.78733 1.77445 1.96067 0.36183
2.14334 -0.87439 -2.35959 2.04244 1.00351
2.18478 -0.63289 -1.34008 1.94666 -0.83968
2.52263 -0.80942 -0.85529 1.36908 -0.5157
2.2052 0.44079 -0.90768 0.62254 0.06088
0.62252 1.17686 0.07387 2.67147 -0.34328
0.11504 0.58992 0.89268 1.27235 0.5327
0.321 -0.76255 1.25039 0.73362 0.47575
1.11704 -0.1245 0.84024 0.71447 1.05484
2.93203 -0.37235 -0.52209 0.14173 -2.63496
3.62818 1.05678 1.33027 0.80771 -2.11793
1.26476 1.93862 -0.16317 0.60705 -1.43108
0.31143 1.74925 0.81226 1.09938 0.98476
-0.30673 1.36976 -0.98686 0.52634 -0.36753
2.03771 1.04894 1.02228 0.72753 -0.54193
-0.53773 1.49047 0.99519 1.24336 -1.89037
-1.78434 0.29869 2.49268 -0.75392 -0.20685
-1.63108 0.67341 0.40297 -0.8504 0.73184
-0.31807 -0.69016 -1.68452 -0.36617 0.98498
0.28042 -0.33558 0.06258 0.15006 3.0743
-1.48865 0.93463 -0.37274 1.5603 0.18484
-1.50843 -0.701 1.24699 2.68546 0.14215
-1.0394 -0.01181 -0.53341 1.58077 0.68054
1.30243 -0.19206 -0.14472 2.74504 -0.06923
2.24919 0.50144 -1.26243 2.12111 -2.26066
4.60386 -0.18746 -0.68432 0.3953 1.02891
3.44243 1.24039 0.69992 1.67545 0.03421
2.57181 1.84825 0.22887 1.12073 0.45707
2.29392 0.45175 -0.66102 -0.02771 -1.25817
2.50475 -0.60628 -1.36668 -0.17957 0.86701
-0.85793 -0.02469 0.48046 -0.86974 -0.39195
0.45532 -1.7127 0.39572 -1.89357 -0.25443
0.41298 -1.76454 1.16859 -1.99399 0.43621
1.42272 -1.87683 0.95225 -1.06922 -0.28548
-0.54335 -0.26297 0.76547 -2.04506 0.08074
1.50378 0.63064 0.91565 -3.07937 -1.1519
0.86095 0.61087 2.03306 -2.55181 -1.93423
0.87168 2.15323 0.60024 -3.57585 0.27682
0.33133 1.55953 1.99893 -3.1879 -0.25062
-0.62391 1.1612 0.47243 -3.09235 -2.07324
-2.09879 0.73211 0.9329 -2.64623 0.14396
-2.59309 0.71537 -0.62409 -5.05871 1.74769
-2.03158 0.31712 -1.49565 -4.78169 0.0376
-2.77057 0.32318 -0.57165 -3.7493 0.49399
-3.56906 -0.48771 0.88264 -3.19608 -0.74763
-4.55032 0.28194 0.64857 -2.55208 0.68417
-5.12678 -0.20455 -0.46369 -2.03353 1.33865
-4.73846 -0.38265 1.19045 -0.24667 2.05589
-3.61006 1.97145 -0.25474 0.92318 0.29949
-4.74219 -0.08026 0.0178 0.79539 -0.5378
-3.03592 0.02896 -0.12393 0.45449 -1.24219
-4.25906 0.83765 0.53793 -0.12546 -0.94505
-5.15697 1.23981 -0.80462 1.52774 -0.12057
-4.69828 -0.01572 0.19561 0.7289 0.84954
-2.78787 1.48221 2.30489 1.53823 -0.30936
-1.54387 0.325 0.75909 1.17719 -0.3909
-0.62905 -0.18623 0.82091 1.89636 1.0317
-1.99649 0.149 1.42095 1.89955 -0.52359
-1.48083 0.99093 0.25829 1.23483 -1.68315
-2.62488 0.75121 1.27656 1.68764 0.69162
-2.01347 0.50641 0.91813 0.49997 -0.14001
-0.63849 -1.35959 2.04427 -0.81532 0.61436
-0.16387 -3.34503 -0.05245 -0.69563 -1.04953
0.0574 -2.45331 -0.4492 0.86723 -0.25597
-0.03893 -1.55115 -0.4094 0.02722 0.4074
0.2388 -0.50643 0.30345 -0.27913 0.45443
-0.99126 0.46511 0.19057 1.05171 1.01106
-1.14627 0.18687 -1.5056 0.49673 -0.75246
-0.00788 1.05171 -0.53399 -0.24036 -0.75056
-1.29806 0.37179 -0.61218 -0.34048 -0.76748
-3.75635 -1.32761 0.44698 -0.87184 0.97655
-5.08453 -1.51155 2.28756 -0.54644 1.28358
-4.85506 -2.65199 1.02744 0.71446 -1.40702
-4.31265 -2.28907 -1.45884 1.20091 0.33353
-3.18461 -2.73305 1.17597 -1.27334 1.38926
-1.85251 -0.1446 1.00687 -1.32161 0.49669
-1.9108 1.35468 -0.77769 -1.21282 0.07476
-0.58958 0.84853 -0.18929 -0.61748 -0.53824
0.41654 1.06126 -0.98998 -0.91769 1.02047
-1.50679 0.9284 -1.23116 -1.60867 1.0865
-2.2197 2.79462 1.05722 -1.55679 -0.03782
-3.74095 1.28259 -0.54451 -0.44944 -0.00337
-3.18074 1.13278 -0.14591 1.14959 0.63796
-3.105 -0.33436 -0.58482 2.47774 -0.11793
-1.34456 -1.5495 0.41311 2.72932 0.0346
0.63114 -0.70533 1.78015 1.52357 -1.12386
-0.89021 -1.55668 1.73391 1.76934 -2.13521
1.04634 -1.54754 0.89386 -0.0322 -0.8095
