-2.21228 1.32781 0.53623 -0.0809 0.80458
-0.64413 0.55716 0.18994 -1.50671 -0.34025
-2.00399 -0.09175 3.05595 -0.89426 -0.49823
-1.33897 -1.23536 2.50738 -0.61991 -0.58527
-2.81344 -0.74778 0.86855 -1.22676 -0.09437
-3.55371 0.22878 2.80969 0.70292 1.55005
-4.44707 2.02527 1.12773 -0.96243 0.65623
-4.99602 -0.87956 2.02046 -1.88462 0.15594
-3.71182 0.51106 -0.43964 -0.64525 0.53153
-4.49515 0.21271 -0.78861 0.0207 -0.84545
-2.44752 -1.82784 0.60107 -0.83362 1.27291
-1.42582 -0.32132 -1.73951 -0.81783 0.31125
-2.77473 0.92107 1.11839 -2.03921 -0.27224
-2.46883 -0.61808 0.25958 -2.79674 0.60076
-1.26178 -1.23137 2.11576 -1.17058 0.34688
-3.29828 -1.16328 1.09123 -2.42569 -1.47696
-2.35312 -0.01363 2.86347 -3.09674 -1.27553
-3.16388 -1.60327 1.03804 -2.58111 0.75791
-3.53034 0.36958 0.50239 -2.10393 1.11163
-4.03661 0.30049 -0.07256 -1.93661 0.10301
-5.39656 -1.59771 -1.1947 0.06817 0.40731
-5.47835 -0.7134 -1.09585 -0.05666 -0.22099
-4.91676 -0.78344 0.72686 1.16525 -0.2411
-4.38803 0.59486 0.72509 -1.22372 -1.29774
-4.19857 -0.7179 -0.48722 -3.14722 -0.93124
-3.77428 1.83461 1.0189 -1.28867 0.58001
-2.91388 -0.29551 -1.07965 -3.24697 0.34006
-4.51087 -1.62438 1.34469 0.11826 0.61629
-5.92323 -0.72526 -0.36669 0.30726 1.07738
-7.2533 0.08486 0.07962 -0.17226 -0.55032
-5.58848 0.10784 -0.33527 0.0327 0.72535
-6.74684 0.4595 -1.01508 -0.10183 0.18223
-7.41387 -0.15953 -1.52154 -1.64585 -1.8136
-6.12411 0.64176 0.49059 -0.77114 0.05847
-5.62786 0.16007 0.56419 -2.1549 -2.13433
-3.99296 0.90141 0.13035 -3.84271 -0.60476
-5.65165 -1.39138 -0.48988 -2.54495 1.45604
-5.53751 -1.02795 -1.42894 -3.30062 1.03545
-4.82591 -1.08441 -1.17559 -1.46787 -2.42439
-2.35453 -0.02547 2.18675 -1.16124 1.35157
-2.84967 -3.39529 0.64599 -0.62587 -0.35324
-3.25405 -0.15247 0.11126 -2.139 0.01033
-3.16079 0.70343 1.10022 -2.44503 1.42864
-4.37498 0.07112 1.1269 -2.36456 -0.23869
-4.14155 -1.87267 0.25021 -1.67312 -0.87676
-3.60472 0.13054 0.69208 -0.38938 0.70846
-1.84012 0.36505 0.63247 -1.70996 0.39223
0.40779 -2.38323 0.74332 -2.31306 -1.97801
-2.4548 0.10215 -0.70798 -0.31197 1.89357
-0.72786 -0.4987 -0.43993 -0.65756 0.10716
-1.17835 -2.40367 -0.40108 -0.31334 2.71846
-0.58104 -0.30066 -1.7474 -1.51682 1.38129
0.39389 0.50841 -0.56987 -0.94089 -1.00301
1.5551 -0.19377 -0.05159 -1.56905 -0.60707
1.49162 -2.20656 1.23408 -0.22648 0.13074
1.87328 -0.8071 -2.06206 -0.9477 0.71387
1.97808 0.11711 -2.36784 1.42184 -0.44245
1.60316 -0.26501 -0.85004 1.05992 0.07027
1.62239 0.00083 -0.34319 1.42293 -2.19769
1.86681 -0.13613 1.65162 1.61433 -1.42598
0.9601 1.09776 0.90377 1.62488 -0.02848
0.97114 0.79166 0.62629 -0.42472 0.54135
2.9515 0.97237 0.45079 -0.65327 -0.40936
2.88422 0.63901 -0.12115 1.38312 -1.82272
3.73877 -0.11121 -0.43035 1.4997 0.14137
2.31516 0.50655 0.31307 -0.25763 0.95136
4.70754 0.10422 -0.66376 0.61798 -1.2802
5.71556 -0.25547 -2.97677 0.50431 0.82867
5.30502 0.25868 -2.33839 1.86376 1.58166
3.25404 0.85225 0.22186 1.563 -0.19328
2.70565 -0.65688 0.27812 -0.86925 -1.82635
3.37154 2.10338 0.13346 1.13295 -2.81668
4.07438 0.89168 1.74891 1.87832 0.59847
4.13229 0.38194 -0.70275 1.661 0.52571
3.41654 -0.06843 -0.36628 0.37672 -0.1616
2.96559 -1.23773 -0.13727 2.86208 0.74087
4.21652 0.516 -0.47695 -0.01296 -1.26279
3.73797 0.1365 -0.48166 1.82963 -0.49169
3.30819 1.7609 -1.04206 2.63335 0.57827
2.21813 0.07328 -0.15417 2.57001 -0.89141
1.54268 0.63831 -0.98987 1.43653 0.16993
1.28605 0.68177 -0.90295 -0.49618 1.21893
2.33065 0.44616 0.74356 -0.21982 1.05454
0.22357 -0.57456 1.3688 0.50661 -0.35906
-0.55595 1.7154 1.67759 0.66121 -1.21729
-0.07038 -0.43972 0.83646 1.1467 -0.03665
1.13535 -0.65516 0.87865 2.48375 1.65268
-1.48347 1.42833 -0.43856 0.41398 0.89305
-0.84156 0.40776 -0.04865 -0.13498 0.36223
-1.05086 0.07228 -0.0923 0.66685 0.60241
-2.92888 2.34964 0.8612 0.38869 -1.2596
-2.2555 -0.78325 1.25616 0.74421 -1.49787
-2.02194 0.79112 0.12134 0.99224 -0.2434
-1.17402 0.68453 0.58481 -0.76989 0.27936
-0.61902 -1.34804 1.88957 -0.9333 0.01229
-1.00395 1.61604 0.69822 -0.80686 0.5747
-0.11998 -0.88378 0.40492 -1.11663 0.39523
-1.00969 -0.7921 -0.18118 0.16609 0.79644
-0.62856 -1.51755 -2.16502 0.46245 -0.44658
-2.31453 1.81159 0.12416 0.08354 1.51778
-3.12673 -0.15745 0.41861 -1.43497 0.77055
-3.59404 0.15406 0.29008 0.88813 0.09995
-3.49236 0.31209 1.66462 -1.00898 -0.05941
-2.9168 -0.02946 0.91747 0.03457 0.96819
-2.92867 0.675 -0.61526 -0.03003 -0.49186
-1.30028 -0.21134 1.67354 -1.22036 -0.24903
-0.07017 0.48277 -0.83017 -2.6511 -0.65647
-0.15238 0.23237 -0.04334 -3.21494 -0.61539
0.0248 0.4247 1.39092 -4.22001 -0.75552
-0.49653 -0.98887 0.81821 -1.99818 1.20216
-0.88749 0.86847 -2.71446 0.3421 -0.37325
0.83981 -1.69796 -1.09684 0.00414 0.4677
2.98351 -0.29628 0.83725 0.52518 -0.61186
1.67618 0.30986 -0.59559 0.12315 1.06058
1.46642 -1.46825 -2.23858 -2.18383 -0.2992
1.37121 0.43387 -0.59744 -1.50953 0.42427
2.33539 -1.03855 -0.89868 1.10674 0.56106
0.78014 0.22606 -0.96855 0.4222 1.18441
0.91049 0.22619 -0.52648 2.15983 -0.72286
1.85203 0.19034 -0.62662 1.25146 0.99871
1.38476 0.27189 -1.03053 0.35189 -0.66094
1.19921 2.01523 0.51653 0.42493 2.6055
0.13319 -0.29508 -1.80975 0.25727 -0.88004
0.67837 0.88012 0.14765 0.09596 -2.23157
1.2214 0.91794 0.78979 -1.67308 0.24242
1.84485 0.18979 0.36131 0.65318 0.79369
-0.66242 1.77514 1.45498 0.98487 -1.43507
-0.2744 -0.82489 0.02738 -1.95531 0.75949
0.60035 1.08204 -1.73997 0.22399 1.16534
2.10789 0.88233 0.42322 -0.87059 1.23865
1.9775 -0.80912 -0.35922 0.60495 -1.10702
2.20503 -0.76938 -0.20345 -0.57421 -1.63632
2.2083 -1.67295 -0.27361 -1.70929 -0.72293
2.77794 -0.91589 -1.63174 1.35588 -0.87878
0.77048 1.20819 -1.96868 -0.05756 2.25494
0.301 -0.87186 -0.67789 -2.11054 -1.16589
0.94948 0.1862 1.39179 -0.9129 0.62219
0.13253 0.59366 -0.7626 1.4258 0.81214
1.57703 -0.84144 -1.24638 0.6308 0.8632
2.60913 -1.94775 1.02747 2.1 1.58372
1.80763 -0.26058 1.04971 0.19091 -2.08366
2.27747 -0.71599 1.39781 0.15216 1.65158
0.29862 1.98271 0.71895 -0.22215 1.4893
-0.2207 0.99564 0.1932 0.44227 0.38167
0.30361 -0.16239 0.79767 -0.64924 0.66569
1.96943 0.84332 0.30919 -0.72872 -0.40849
3.52295 0.58137 -0.12691 -0.69895 -0.51451
1.41237 -0.20966 2.44966 0.62794 1.30665
1.20142 0.16018 1.52054 -0.69591 -1.59676
1.2057 -0.65998 0.00027 -0.57256 -0.03362
0.5446 -0.04751 -1.10672 0.74665 -0.20044
-0.77945 1.04748 0.272 1.71657 -0.15972
-1.01745 -0.01131 0.93408 1.47165 -1.11893
0.81973 1.18575 -1.33493 0.62337 0.34853
-0.74115 -0.36256 -1.89077 1.1713 -1.0394
-0.24062 -0.73893 -2.37713 0.6142 1.92759
-0.2423 1.38294 -0.03762 0.0504 -0.10458
-0.18556 -0.11424 -1.58229 0.34654 -0.23686
-1.5679 -1.90553 0.08594 -1.70525 -1.95492
-3.38283 -0.07946 0.26615 -1.05916 0.44126
-2.71164 1.53567 -0.12616 -1.65803 1.42179
-3.34153 0.20992 0.9045 -0.59971 1.06271
-4.55526 -0.46997 1.35233 -0.16029 0.59286
-4.27029 -0.68582 0.14451 0.69992 -0.40174
-4.28233 -2.18315 1.40252 0.00375 0.82964
-3.80665 -0.84511 -0.56106 -1.73297 0.41255
-3.43985 -1.0289 1.08458 -2.55583 1.47071
-1.16156 1.67579 0.30719 -0.40984 1.70084
-2.66986 0.22145 0.57481 -2.87358 0.35252
-3.16184 -1.12909 2.49008 -1.2139 1.46777
-2.73511 -2.32053 2.82159 -0.42357 -0.33704
-1.12922 0.44106 1.67637 0.05948 0.24882
-0.20218 0.27582 1.31034 0.84864 0.47286
-0.42479 0.31972 1.47098 0.09902 1.78501
0.17553 -0.13401 1.70676 -1.66012 -0.73943
0.87238 -0.45312 2.10686 -2.39582 0.72608
0.77064 -1.16715 -0.31128 -0.2753 0.62288
-0.60273 -0.97391 -0.94589 -0.53281 1.47085
-0.71817 -0.16094 -0.20622 -0.38428 1.99804
1.10314 0.73582 0.56803 -0.2259 1.03183
0.95382 0.04932 1.16061 -0.99997 0.03589
-0.83612 -0.19737 -0.37917 -1.29958 0.02272
-0.55705 -0.20951 -1.43227 -2.82811 0.75161
-0.07038 0.53026 -1.24005 -2.13724 -0.78087
-0.7592 -1.20517 -2.20734 -0.84088 -0.17878
0.38419 0.50913 -1.42614 -1.08364 0.34801
-0.23742 0.74648 -0.51062 -0.85081 -0.53773
0.67307 -2.78383 -0.52087 -1.77875 -0.03219
0.51 -0.97571 -0.39869 0.99499 0.63778
1.18542 0.01107 0.62563 -0.59389 0.23729
0.05848 -1.6532 0.20539 -0.46733 -2.12674
-1.53713 -2.07259 -1.2642 -0.51658 1.07736
-1.32146 -2.37907 0.92667 0.07198 0.68716
-2.83033 -1.54453 -0.93474 -0.45231 0.16942
-1.65791 1.82433 -1.08318 0.57035 -0.0256
0.34349 -1.3171 -1.17701 -0.8399 0.63321
-0.21732 0.76343 -0.78098 -2.29508 1.79206
-0.58418 0.4617 1.75285 -0.00317 0.12349
-1.5393 -1.68928 1.96019 -0.03211 1.04884
-0.25232 -1.01892 1.2919 0.26449 -0.62613
-1.12873 0.24882 0.91345 -0.34071 -0.04535
-0.55041 1.68955 0.66927 -0.48236 2.06451
-0.22226 0.94969 -1.32356 -1.54553 -1.17133
-2.70891 -0.76998 -2.98867 -0.42715 0.25786
-2.38801 0.35481 -1.99794 0.70493 -0.1671
-2.82559 -1.24009 -0.99344 -0.64538 0.78903
-2.18186 1.13418 0.30469 0.80797 -0.68049
-2.50439 1.9633 0.34652 0.5964 -0.12015
-1.81038 -0.22057 0.58622 -0.81237 -1.77146
-1.70065 -0.78064 -1.14368 -0.12585 0.66684
-2.64192 0.57185 -2.1464 -1.31576 0.60245
-2.51294 -1.46918 -2.08815 -1.88046 -0.29461
-1.45293 -0.52092 -1.51761 -3.26689 1.03279
-1.17996 -0.23146 -1.20298 -0.04661 -0.97061
0.19439 -0.05888 0.10559 -0.44254 0.01201
-2.09971 -0.23269 0.1199 -1.59443 0.56832
-2.36613 -0.48664 0.47098 -0.84328 -1.61362
-2.34016 -0.6401 0.18905 -1.65542 -0.69675
-1.70077 -1.06192 -0.59621 -1.05569 -0.58853
-1.67155 -0.78636 -0.05986 -0.64321 -1.13534
-1.36892 -0.78581 -0.94232 0.38582 0.1194
-0.43808 0.07158 0.54908 1.10158 -0.21002
0.73252 -0.02488 -0.83047 -1.5237 -0.00456
0.15343 1.79974 0.10192 -0.72815 0.43379
0.06761 -0.05653 -0.46667 -1.37913 1.23555
-1.55736 -0.94853 -1.14017 0.75117 -0.84147
-2.68972 -0.7251 0.69041 1.46113 0.79819
-3.30911 -0.02824 -1.14544 0.3818 -0.51665
-2.5197 -2.56851 0.44395 -0.04295 -1.86508
-1.56982 1.56662 -0.23022 -0.39309 0.43742
-2.05913 0.5783 -0.92928 0.95772 -0.10436
-3.6405 0.95987 -0.87114 -0.60189 -0.03922
-3.41918 -1.91647 -0.17332 -1.79379 1.24883
-2.93974 -1.46632 0.42785 -1.16062 -2.74909
-2.21356 1.49815 -0.63187 1.31137 -1.40096
-2.39185 -1.1454 -1.24361 1.07729 -0.28783
-1.71742 -0.44797 -0.79557 -1.40779 -0.79829
-1.64386 -0.16257 -2.68388 -2.1068 -2.56122
-1.50482 -0.86734 -1.29927 -2.7568 -0.21311
-2.28993 0.72742 -1.17623 -1.62466 1.86821
-3.52286 1.05426 -0.3323 0.98025 -0.63711
-1.81183 0.12895 0.9199 1.13907 1.80489
-1.79587 1.24168 -0.67284 0.4736 -1.00177
-1.15955 2.00038 -0.8462 1.06847 -0.25618
0.04445 0.77002 -0.43863 -1.5138 1.0376
1.32532 -0.84599 -0.63803 -0.79847 -1.54011
3.19403 0.82877 -2.20243 -0.24221 0.06612
5.04088 0.28496 -1.36827 -0.39229 -1.13716
5.03395 1.28948 -0.81519 -0.79136 -0.5005
5.97782 2.01305 -1.01836 -0.38755 -1.25674
6.35531 0.54634 -1.61834 0.70719 -0.56947
5.16744 -1.05173 -0.3084 1.32949 -1.53937
5.48845 -0.8755 -1.56719 2.40555 -0.5466
5.45564 1.07905 0.46127 1.55091 -0.36697
4.81954 1.44585 -0.86827 1.84338 1.41693
3.73042 0.28766 -0.1876 4.49205 2.65628
2.99277 1.02062 2.23713 3.03025 2.06544
2.05444 -0.49847 1.53482 1.18297 -0.82505
3.07589 1.20867 0.17602 1.47164 2.10427
3.22588 0.08223 -1.11452 1.54372 -1.9212
5.28242 1.16224 -0.26098 0.93326 0.7148
4.53074 -1.12251 -1.43874 1.57287 -0.66308
3.63966 -0.3108 -0.01185 0.81006 0.3205
1.53477 0.69026 0.32833 0.8972 -0.57263
2.32433 0.07728 -1.09997 2.17575 -0.62171
1.41111 0.45861 0.61928 -0.36241 -0.39626
0.65047 0.76563 0.7768 0.03874 1.46476
0.17753 0.4857 0.62573 0.63164 -0.91427
-0.13438 -1.27368 2.00452 -0.83545 -0.16341
-0.34184 2.55566 0.10287 0.4375 0.7866
-0.55269 -2.34967 1.22734 0.39207 1.92321
-0.5334 -1.81747 0.55421 0.05501 0.46987
-1.84502 0.48308 1.20542 0.47112 2.54674
-1.2824 -1.8397 1.84644 1.51394 -0.82776
-0.33866 -0.75333 2.91151 0.58267 -1.10353
-1.15081 0.10937 1.41189 -0.12185 0.92692
0.16125 -1.24823 0.33993 1.71038 1.05568
0.29771 0.68539 0.2916 1.17388 -0.15582
-1.00745 1.00896 0.82122 -0.27616 2.52008
-2.07882 0.65423 1.38876 -0.67692 -0.81693
-3.00763 1.12503 0.04337 -0.72272 0.04571
-2.72925 1.31378 -1.36245 0.57739 0.62062
-1.61361 1.13546 -0.79398 -0.5371 1.14092
-3.23873 -1.84188 -0.97201 -1.04446 0.00799
-2.55704 -1.15387 0.6956 -0.32891 0.70884
-0.78164 -0.77924 -0.17311 -1.22578 -2.14695
1.28795 -0.78038 0.26976 -0.28766 1.31478
1.09187 1.37737 0.58727 -1.5791 0.03783
1.4819 0.19284 0.29755 -2.54919 0.4015
-0.35325 2.39855 0.49508 -0.8619 0.69177
-0.09493 -0.31679 2.35913 -1.13959 0.56471
0.8663 -1.33331 0.36072 1.66542 -0.02196
1.39865 -0.3786 1.04267 1.91927 0.3746
3.02796 -0.27622 1.74509 0.23952 1.55481
2.78309 -0.22799 2.00675 -0.41209 1.12963
1.74647 -0.04897 2.34 -0.00233 0.54346
1.41445 -0.63381 1.13583 -1.32904 0.65568
0.2471 1.82899 0.83076 1.24807 0.04005
0.87787 -0.37278 2.50456 2.28497 -1.35873
1.44988 1.65467 0.3428 1.08189 1.86436
