1.10792 0.94301 0.75609 0.68626 0.72501
0.52963 1.44404 -0.12246 1.13124 2.70172
-1.22261 0.92797 -0.74597 -1.1387 1.47858
-2.01121 1.16555 -0.92294 0.56135 3.24744
-2.02697 0.93389 0.24349 -1.16266 1.28377
-3.31939 1.43146 0.48306 0.49163 2.68038
-2.07045 0.75842 2.5686 -0.0093 2.71684
-0.63752 1.40331 1.80797 0.06179 1.9195
-0.29786 1.32209 1.61535 -1.03328 0.69585
-1.25154 0.94712 -1.61971 -1.70114 1.08413
0.66403 -1.04789 -0.94061 -0.13883 1.51866
-0.21607 -3.15591 0.49645 0.28781 0.0795
-0.06686 -2.9575 -0.67246 -0.40232 -1.66817
-0.5982 -2.72786 -1.33363 -0.12465 -0.83
0.00518 -0.65154 -0.91222 0.19066 -2.19928
2.5318 0.30496 -1.30097 -0.50022 -1.28091
0.65726 -1.21848 -0.12274 1.53598 0.30645
0.77404 0.13642 -0.17949 -0.33263 -0.15055
0.34021 -1.45161 0.31111 -0.9224 -1.82392
0.07603 -1.79319 -0.68767 -1.01845 -1.28353
-0.64633 -0.69533 -1.81579 -2.55575 1.23859
-0.07272 0.1295 -0.75113 0.82597 -0.22086
0.37077 -0.30665 -0.36084 0.67338 0.62942
-1.02649 -0.67931 -0.44161 -0.12404 0.29901
-1.5115 0.02722 -0.37072 0.29869 -0.47402
-0.36289 -2.13904 0.58412 -1.10123 -0.34709
-0.96199 -2.62524 -0.62579 -0.4675 -0.67896
-0.66423 -1.43502 -0.75569 0.60763 -1.57584
0.57037 -0.17317 -1.89252 -0.0908 -2.5629
0.40126 -0.87144 -3.49063 -0.79052 -0.55963
-0.26685 -0.6518 -2.38711 -0.24583 -1.41734
-0.58704 1.72644 -0.3223 0.02734 -2.92076
-0.53124 1.82544 1.75029 2.36695 -2.6855
0.43168 2.15864 0.0626 -0.4864 -2.58619
0.92895 1.43044 -0.00042 0.09098 -0.59104
1.02394 2.65419 0.03637 -0.73152 -0.60329
0.32898 0.73998 1.52075 -1.54498 1.25691
-0.41665 3.20126 0.24906 1.01649 -0.64669
1.20042 1.55826 0.60796 -0.36421 0.97253
1.43472 1.0486 0.44317 0.77896 -0.987
0.81741 -0.25351 0.29551 -0.03185 -0.65958
0.77878 -1.68705 -0.16121 0.53253 0.10287
-0.4343 -0.68585 0.91245 0.62229 -0.40364
-1.61661 -0.50381 -0.04484 0.58376 0.10341
-0.49522 0.77624 1.13638 0.27573 -0.59587
-1.77221 1.38802 -0.02025 1.12988 -0.4387
-0.90793 -0.07836 -0.35039 -1.10047 -0.96305
-1.00666 1.14882 -0.74177 -0.76531 -0.45427
-1.48454 2.55356 -0.32348 0.35564 -0.96577
-1.1897 0.29067 -0.83607 1.29001 -0.97989
-1.0935 1.24981 -0.14122 0.7309 -1.72291
-0.04737 1.43187 1.05248 -1.57389 -1.20613
1.10004 -0.40669 -0.43206 -0.38078 -1.14715
-0.723 1.17648 -0.21244 0.102 -0.53668
-3.35918 0.25918 0.79689 0.74618 0.1612
-1.95116 2.38935 0.3175 0.85984 1.44963
-2.33173 2.11014 -0.0514 1.13015 1.01465
-1.94233 -0.62282 0.2208 -2.09754 2.4937
-0.65581 -1.73208 -0.05584 -1.82556 1.20035
-0.87199 -0.87496 -0.576 -2.01758 -0.37746
-0.9056 -0.18766 0.84274 0.29985 -0.42343
0.83588 -0.46174 -1.56618 -2.13479 -0.83201
1.251 -0.94396 -1.98958 -1.53918 -0.63177
0.5462 -0.48559 -3.37005 -0.44581 -1.29705
-1.32111 0.85772 -1.08058 0.38605 -0.5144
0.63508 -0.44105 -1.05876 0.62112 0.58196
1.35021 -1.08447 0.42895 2.3378 0.65197
1.41019 0.65514 -1.60038 0.58314 1.59998
-1.22256 1.81706 -0.22416 1.12811 0.39511
0.00283 0.90033 1.02629 0.40026 0.13187
1.27052 1.23967 -1.35488 2.57964 -0.14078
2.25971 0.75732 -1.01426 -0.97391 -0.62085
-0.46494 0.78145 -0.44877 -0.44548 -1.12032
0.02824 0.12636 0.11594 2.50324 -2.19395
0.41715 -1.73175 0.73676 1.81677 -2.85722
0.15478 -1.29606 1.84143 -0.57137 -2.18968
1.05342 0.31809 1.46749 1.70408 -0.83498
1.25646 0.18828 0.9428 -0.31348 0.82447
1.05179 0.65794 1.16201 0.32247 0.50515
2.24686 0.16797 1.20866 1.21156 -1.10248
0.23264 -0.10226 0.55504 1.6859 -0.23681
1.00782 -0.77194 0.08893 0.81327 0.90064
1.44397 -1.68295 1.28402 0.52131 0.02315
0.95573 -0.50028 0.82853 0.38828 1.8669
1.43531 -0.83883 1.15883 -1.74858 2.58854
1.43608 -0.45269 2.82185 0.18804 1.59433
1.00475 2.14973 2.9456 0.17926 1.12789
1.74031 1.06144 1.47208 0.28931 -0.30467
0.31906 2.14358 -0.33898 -1.04652 -2.0641
1.36425 -0.06536 -0.1442 -0.17071 -1.19829
1.90198 0.40139 -0.22676 -0.23055 0.40803
1.28059 1.42437 0.0104 -0.78774 0.4184
-0.50051 1.81759 -0.72766 1.16408 0.17077
-1.06051 0.86989 -0.14078 0.44925 0.91528
-2.58 0.29341 -1.15352 -0.52216 1.30256
-0.7047 -0.64898 0.50255 -0.59977 1.09504
-0.04114 -0.60075 -0.79951 -0.13781 2.7479
-1.79633 -0.2648 0.43869 -1.41507 3.04051
-0.86264 -0.83374 -1.05376 -0.30294 2.4638
-2.3794 0.05179 1.08108 0.14246 0.09442
-2.27164 1.00665 2.32642 -0.55303 -0.74519
-1.0065 -0.63002 -0.05927 -1.12944 0.58752
-2.31305 0.85809 -0.0981 -1.29399 1.8668
-3.18374 0.90332 -0.00613 0.23032 1.04502
-0.78979 0.05164 1.09084 0.94657 -0.31706
-0.26011 -1.90543 0.24211 -0.53109 -0.42175
-1.79641 -1.05822 -2.23429 -0.50994 -0.33928
-2.33196 -0.46428 0.79692 0.09363 0.77178
-1.80699 -0.91694 2.327 -0.13311 -0.14804
0.31067 -1.19488 1.65868 -0.21371 -0.86331
0.84739 -0.39484 0.4162 -1.28129 -2.74591
1.43081 -1.23925 0.58257 -0.51377 -1.38475
2.23064 -0.78388 0.18568 0.14866 0.41933
0.35916 -0.30414 0.29677 -0.84077 -0.51932
1.8403 0.06347 -2.23156 1.2868 -0.91575
0.28741 -0.53785 -0.86557 0.76464 -0.75651
-0.56628 -0.6933 -0.37378 1.63089 -1.19812
-1.04802 1.11752 -0.11758 3.10698 -0.10313
-0.63304 0.61642 -0.70492 1.32283 0.02206
-1.47082 1.91615 -0.87789 0.43965 0.05853
-1.99988 0.7347 -0.04412 -0.324 -1.42811
1.04944 0.37387 1.03806 -0.73248 -0.8223
0.68396 -0.50752 0.45953 -1.48275 -0.34466
1.92402 -0.16108 0.81615 -0.60824 -0.32196
2.0794 0.91318 1.19349 -0.9088 0.71313
1.42284 0.62517 -1.96797 1.00765 0.79167
0.2308 -0.73497 -0.84632 1.72126 -0.77976
1.75916 -0.45798 -0.06747 -0.17203 0.64634
2.11525 1.08479 -0.32284 -0.35678 0.81031
1.67804 0.37318 -0.22436 -0.85283 1.25809
-0.00308 0.10289 -0.63225 0.54853 1.49655
-0.87339 0.79591 -1.80038 0.64827 0.93792
-3.42016 0.10319 0.53767 1.2008 2.14014
-1.17033 -0.79363 1.32659 0.3098 1.13264
0.39784 -1.30209 0.94849 -0.30769 0.54238
-0.38295 0.33088 -0.34967 -0.50707 0.00698
-1.90827 1.29176 0.21908 -1.16589 -0.85567
-1.04911 0.9604 1.24773 0.84439 0.16288
-0.5818 1.64478 0.90898 -2.10358 -0.77153
0.83989 2.46943 -1.16383 -1.18511 -0.79514
-0.16728 2.22215 -1.75889 0.60795 -2.6429
0.65885 1.94036 -0.42911 -1.0323 -2.39123
-0.86737 0.67372 -0.30726 -0.18676 -1.79368
-2.5651 2.34967 -1.65799 1.36313 -2.14047
-2.86121 1.21668 -0.37006 0.78855 -1.47842
-2.23353 0.10582 -0.10588 1.14445 -1.64483
-2.08531 -0.79146 1.53353 0.36399 -0.99836
-0.86659 0.30083 0.69458 0.68209 -1.8564
-0.82599 1.5167 2.05554 -1.65073 -1.30396
-0.14671 0.95105 1.52127 -0.83735 -2.18271
-0.55358 0.37564 1.60875 0.46907 -2.7351
-1.37889 0.67533 3.39894 -1.56398 -1.44436
-1.30696 1.28866 4.44671 -1.65612 -0.44521
1.16241 0.13762 3.66625 0.88494 -1.1396
1.34441 1.95272 3.84031 -1.17541 -1.08393
1.50662 -0.51556 1.91941 -0.64656 -1.6232
0.75169 -1.53007 1.04853 0.46448 -1.4775
0.53976 -1.05054 0.28281 0.74722 -2.13182
1.10384 -1.44645 -0.23222 0.86256 0.32666
-0.16986 -0.49083 -0.49248 1.19461 -1.0319
-1.45799 1.16962 0.68425 -2.13467 -0.92015
-1.46588 3.71893 1.3603 0.89289 -2.36515
-0.44152 3.23049 0.58633 -0.73301 -1.59957
0.45228 0.95225 0.58019 -2.47452 -0.44392
0.37298 0.56845 0.00472 -0.39428 -0.70702
0.40706 -0.62676 -0.16181 -1.66465 -0.73372
0.70972 -1.46881 -2.58963 -0.90801 -0.68952
-0.07427 -1.32142 -3.78998 -0.10005 1.21123
-0.82693 -1.63415 -2.61703 0.79138 1.09539
-2.79284 -1.99561 -1.09787 -0.10077 -0.743
-1.16672 -0.25037 -1.11081 0.9305 -0.45972
-0.69562 0.63406 -1.11942 -0.11274 -1.12115
-0.61516 -0.74585 1.54649 1.55122 -2.35061
1.76866 0.22641 1.4868 -0.14746 -2.2676
2.6373 -0.7152 1.79357 0.77919 -3.5357
2.34043 0.00562 1.21121 -0.33027 -1.30027
2.7657 0.9147 1.62795 0.61783 0.20161
1.34332 -1.40067 0.75773 0.41277 0.40648
-0.55461 -0.32975 0.43059 0.52405 0.45781
-0.96537 -1.11314 1.32242 1.25626 0.09526
-2.20317 -0.35079 0.09237 1.37192 1.45875
-2.03487 -0.94768 0.4072 0.34521 0.60804
0.26332 -0.24138 1.14151 -0.76088 1.55644
1.36201 -0.82392 0.92379 -1.42325 1.3064
0.749 -1.56529 1.37912 -1.37146 0.6685
-0.38486 -1.1174 0.4725 -1.48309 -1.60109
1.29777 0.66494 -0.29444 -2.31334 -0.78038
0.28096 0.66458 1.14817 0.90041 -0.08224
-0.10772 -1.41428 0.75502 -0.5677 -0.01852
3.07938 0.14263 -0.05361 0.41229 0.33724
2.86778 0.23526 -1.72033 0.39059 0.8348
0.76766 0.84415 -0.86577 0.90985 0.46828
1.04713 -0.51378 1.13915 1.70668 0.49415
0.41135 0.39169 0.59639 0.36054 -0.30486
-0.06595 0.65165 1.0833 0.17413 -0.3655
-1.50367 2.84587 0.30047 0.82006 1.06858
-0.02967 2.24017 1.67005 -1.11823 -0.26934
0.82423 2.51148 1.70075 -0.40717 0.71404
-0.82302 1.76622 -0.35386 -0.14558 0.77493
-0.649 1.91674 1.23958 0.91763 0.45448
0.71633 -0.26683 1.42598 1.51631 0.09533
0.22668 1.8603 0.1515 -0.08194 1.03768
0.93356 -0.18068 0.63725 -1.03699 1.50911
-0.72139 -0.74673 1.02308 -0.46595 0.84081
-1.46477 -0.72079 1.23197 0.72668 -0.02615
-0.00865 0.56288 -0.36403 -0.59479 0.68313
-0.2921 0.12258 -1.19337 1.24485 -0.2097
-0.4261 1.04036 -0.49237 1.98291 -0.86386
1.57594 0.43429 -0.6507 1.07136 0.03327
0.39896 1.10301 -0.97937 0.97099 0.05908
1.00807 0.55744 0.15228 -0.10667 1.6277
-0.85647 0.03432 1.34028 -0.30013 1.66882
-0.64795 -0.0473 0.04671 -1.72534 2.34462
0.67947 -1.8897 0.01457 0.96913 1.21201
0.647 -0.95881 -0.52672 -0.04458 1.76502
1.12225 -2.21586 -1.44996 -0.6266 2.27346
0.05132 -1.85343 -0.43058 0.77764 -0.52794
1.3146 -0.30032 -0.81003 0.96662 -1.04823
-0.33311 -0.17965 0.00799 0.64811 -2.55112
1.56739 1.90553 -0.86109 -0.00447 -0.9095
1.38364 1.69861 -0.98166 0.14679 -0.07717
-0.40266 -1.05558 -2.00701 1.65213 -0.07568
0.49679 1.40408 0.45934 1.0232 -1.59894
0.39066 1.84558 0.4637 -0.39245 -0.55633
0.94148 2.07502 0.46544 -0.69685 0.47659
2.04161 0.98788 1.05797 -0.35127 1.03894
2.66886 -0.40908 1.68959 -1.55078 1.40454
1.71977 0.11579 0.48756 -0.14147 1.03028
1.61148 1.43006 1.18218 1.07284 0.75772
2.68693 1.98145 0.66065 -0.35802 0.66469
0.56863 2.47329 0.91739 0.80107 1.91869
0.90244 2.36254 0.14667 0.80098 2.8068
0.23274 1.81174 1.94687 1.89514 1.1331
0.97316 0.45408 1.89071 -0.17039 0.19531
2.20825 0.27409 0.96045 -0.32584 -1.05308
3.59569 0.80144 0.83924 0.9148 -0.7132
1.63124 2.02368 1.44731 -0.6923 -1.75216
2.04641 0.53689 2.0127 1.2862 -1.2612
1.91008 0.58912 1.77494 0.66071 -1.75498
2.62324 0.35054 -0.5448 0.95878 -0.07856
-0.5033 0.61799 0.10204 0.55389 0.91096
0.14959 0.1394 -0.5678 0.83783 1.40604
1.02365 1.26654 0.77466 0.75546 0.94952
2.17589 1.52506 0.8723 0.12105 -0.88908
1.8577 0.63203 0.90397 -0.44986 -0.00896
2.03832 0.63724 1.40143 2.02321 -0.8291
-0.13681 0.14457 0.49099 0.66929 0.69955
0.29562 0.52256 -0.00959 2.01988 2.27761
0.68505 0.65109 0.95182 2.12214 2.53634
-0.26195 0.64866 1.02415 1.77856 2.92878
-1.30516 -0.27878 1.85395 0.72619 2.43753
-0.03483 0.94138 1.88133 -2.6271 1.57274
-0.53689 -0.10072 1.70662 1.06637 1.7371
1.11187 -1.03434 -0.27531 -0.74491 0.13541
-0.07765 0.67079 0.43823 -1.57583 0.606
0.42423 1.66955 -0.59743 1.11829 0.82085
-2.14353 0.14917 -1.41721 1.20323 -0.09533
-3.52695 -0.17131 -0.68776 -0.50606 -0.26035
-2.2311 -0.09945 -0.48709 -0.59799 0.79609
-2.58717 -0.44957 0.34723 -0.51694 2.7877
-1.19518 -0.26224 -0.82567 -1.35832 0.73677
-1.11943 -0.78512 -0.93644 -1.42468 0.93428
-1.81777 1.18317 -1.00087 -1.57592 0.71617
-1.44388 -0.20411 -0.03455 -1.07831 -1.84149
-1.93362 0.89472 -1.20703 -0.60335 -0.56861
-0.60495 -1.13005 -1.54018 -1.26171 -0.47842
1.41695 -0.54787 -0.99016 -1.61059 -1.49067
-0.38506 0.44533 -0.36014 -1.51329 0.92975
0.96453 0.27543 -1.03061 -0.69988 0.83281
0.66949 0.78111 0.28077 -0.89707 -0.93252
1.37217 1.29557 -0.87326 0.54964 -1.11396
0.87575 0.2691 0.79211 0.47044 0.07695
0.88444 0.07839 1.75083 0.90417 0.91764
1.34271 0.28231 0.22703 1.83236 1.73069
-0.92582 -0.09541 -0.85913 0.54131 2.54157
0.14679 0.12455 -0.25826 0.46569 0.72963
0.33097 -1.49474 1.73579 2.08195 0.22405
-1.35545 -1.67104 2.67613 -0.32125 -0.00544
0.31493 -0.77081 1.13151 0.64578 -1.06178
0.87518 -0.86371 0.27119 -0.03486 -2.01573
0.55799 -2.17292 0.89886 0.10269 -0.9928
0.65464 -1.91436 -0.00038 -1.17385 0.5331
0.22953 -0.49571 -1.69336 -1.66026 -1.14357
-1.3929 -0.60064 1.15983 0.00246 -1.81874
-1.22296 -0.00951 -0.76345 2.05475 -0.70939
-0.07769 0.2324 -1.1507 0.1251 0.51926
-1.06357 -0.18552 -1.02347 0.21853 -1.52996
-1.96783 -0.91006 0.13311 0.0116 -2.67741
-2.50574 0.58139 1.40216 -1.28061 -3.60107
-2.28663 0.46347 1.01107 1.10261 -2.61223
-1.15814 -0.1482 -1.00571 0.31575 -1.3784
-1.53078 -0.68024 -0.74762 -1.24614 -0.08055
-0.56231 -0.74855 -1.88061 -0.70293 -0.13953
0.84854 -1.37683 -1.31427 -1.6051 -1.7892
-0.21888 -0.90671 0.01529 0.60485 -0.83652
0.33463 -0.18927 -0.19585 -0.3042 -0.97233
1.28342 1.49138 -2.1269 0.74009 -1.54336
-0.48746 1.40256 -3.03679 -0.61031 -1.06745
-1.30524 1.27136 -0.478 -1.13007 -2.11205
-0.30652 1.13038 -0.10337 1.07424 -0.75443
