-1.08158 -0.45918 0.17252 -0.53104 0.70251
0.05587 -1.34997 -1.98605 0.05335 -0.00915
-0.32176 -1.68287 -0.76239 0.93467 0.74454
-2.0936 -1.01916 -0.34412 0.24099 -0.86656
-1.0308 -1.92447 0.50435 -1.32122 -1.22588
0.17576 -1.14368 0.22229 -0.20226 0.3841
-0.27677 -1.37839 -0.57951 0.77728 1.40798
0.56434 -0.18072 -0.82243 -0.03541 0.23042
-0.30512 -0.83501 0.76881 -1.41494 0.883
-0.27436 -0.83628 0.07456 -0.097 -0.30686
-0.44877 -0.32197 -0.52144 -0.31512 -0.6504
-1.27778 -1.71941 -0.01323 -1.26003 -1.47902
-2.09714 -1.80036 -0.27996 -0.54707 -0.14759
-1.45445 -1.80628 -0.30576 -0.3878 -0.50417
-3.61308 -1.67746 0.60946 -1.33662 1.27856
-1.12488 -1.1383 -0.21144 -1.86488 0.86793
-3.184 -1.03464 -1.41475 -1.36414 1.56914
-0.8691 -1.73496 -2.0761 -1.13292 0.71607
-0.96313 -1.0141 -0.30109 -1.42972 0.92162
-1.55484 -2.76555 -1.89169 -1.33648 0.81208
-2.76729 -1.39404 0.11655 -2.28839 1.03787
-0.37759 -2.83466 -2.54018 -2.3601 -1.14507
0.20304 -0.01126 -2.34852 -1.26317 2.25852
0.5478 0.12422 -1.45476 -1.38974 1.53003
-1.90701 -0.20625 -0.03362 -4.17526 -1.23583
-0.74688 -1.4116 -0.58495 -2.05157 0.98876
0.66489 -0.98518 0.28198 -1.38526 -0.39942
2.00326 -0.37439 0.24557 0.35142 -1.42891
0.9526 0.22786 0.59688 -1.073 0.60577
-0.57603 1.79353 0.19463 -2.25001 -0.02033
0.10669 1.12803 0.59531 -1.51635 -0.33748
1.26852 0.99951 2.21673 -1.24817 -1.21508
-0.72964 2.05151 1.26644 1.52998 -0.51511
0.15404 1.49793 1.86242 0.81014 0.27323
-0.06488 0.71437 0.87735 2.37322 -0.5166
0.46404 0.32016 0.01936 4.20619 -0.26144
1.06315 -0.24117 0.82586 1.48236 0.75198
0.68966 1.03704 1.01171 1.44325 0.46477
1.838 -0.20111 1.38902 0.83003 -0.29234
0.84403 0.3538 1.17518 -0.36776 -0.61189
-1.27616 1.25508 0.66147 0.10703 0.61832
-0.21658 0.75384 -0.09231 -0.38379 -0.36597
-1.54468 0.2917 -0.7889 0.90587 0.29699
-0.16992 1.2565 0.35678 2.09718 -0.08449
1.16234 0.98306 -0.98486 2.22324 -1.12527
0.91203 -0.28791 -0.95384 1.86551 0.94743
1.4055 -0.26555 -1.54097 -0.30449 -0.73515
-0.33824 0.31796 0.00543 -1.725 -1.52207
0.2753 0.84813 1.52986 0.28293 -0.27566
1.48124 2.14634 -0.28933 -1.12108 -0.2025
1.89141 1.00016 0.34568 -1.66956 0.72413
1.1363 2.42349 -0.3998 -0.54682 -0.27246
1.40457 1.52245 -1.32071 2.54915 0.78763
2.44506 2.7257 -0.85807 0.10168 -0.71636
1.49282 1.07117 -2.3291 -1.33811 1.07683
-0.03429 1.28399 -0.95236 -1.05173 0.06846
0.56328 -0.14503 -0.46435 -1.62817 -1.20793
0.64569 -0.75795 0.95029 -0.15397 -0.41269
0.67572 -0.68222 1.21807 1.87714 -0.084
-1.65577 0.18108 0.04298 1.62974 -1.06017
-0.88983 -0.48447 -1.56309 0.50305 -0.25698
-1.00747 -2.05749 0.46083 0.79471 1.75039
-0.66978 -2.2213 -0.62728 0.12991 0.40204
-0.85006 -0.12652 0.9167 -0.97334 0.86815
0.65408 0.60939 0.65057 -0.85035 -0.62528
0.04578 1.69744 -1.08985 -1.54898 -0.61017
1.45163 0.01105 -1.64547 -0.91989 -0.15578
-0.3595 0.81282 -0.06829 -1.22349 -0.32942
0.22487 0.80172 -2.20094 0.29282 1.12007
0.85867 -0.38847 -0.30913 0.25935 1.68357
-0.16571 0.41392 1.23095 -0.11472 0.12878
1.83734 -0.64461 -0.3649 0.36713 1.17836
1.90516 -0.43517 -1.07889 1.6315 0.47051
0.46017 -1.83951 -1.11432 -0.39262 -0.30671
-0.99896 -0.46183 -0.23977 -0.22277 0.80418
-1.11706 0.57419 -0.97998 1.30915 -0.66588
-0.56289 2.03393 -0.17387 0.05764 1.51477
-0.03174 0.55276 1.18515 -0.81906 0.51598
-0.68817 0.4789 0.61344 2.6383 -0.66007
-1.058 -1.7125 0.07542 3.32722 -1.25444
-0.26306 -1.1399 1.32612 1.10365 -0.73556
-0.43259 -1.34944 -1.46868 0.20636 0.16972
-0.79353 -0.80266 -0.18184 -2.23452 0.60894
-0.65311 -1.98331 -0.34845 -1.54143 0.64984
-0.89387 -2.59814 -0.34646 -0.75766 0.70465
-2.41479 1.08006 0.5879 -1.08244 -0.29968
-0.09533 -0.13265 -1.05731 -0.02118 -0.08501
0.26069 0.76262 -1.10646 -1.38389 -1.00907
1.06497 1.26164 0.57634 -0.78452 0.82368
-0.58247 -1.43543 0.96965 1.39136 -0.87781
-1.84613 -1.36084 1.04429 0.26626 0.29699
-0.69796 -0.57603 0.63134 -0.41955 -0.86379
0.43578 -2.02813 -0.5094 0.29884 0.14219
0.79388 0.70782 0.09659 -1.28318 0.25184
1.20766 0.73985 0.89225 0.14277 -0.39254
0.70268 1.42072 0.33976 1.42951 0.40602
0.7762 1.66597 0.64377 0.23343 -0.23148
-0.19409 -1.6048 -0.14029 -0.09759 0.6103
0.53025 -2.29001 0.00707 0.71584 -1.74741
-0.26382 -2.11367 0.45972 2.12394 -1.08128
-1.70471 1.75245 1.05975 -0.20595 1.64169
1.45732 1.11161 0.45037 1.59158 0.79892
1.66171 -0.5909 1.50918 -1.01994 0.05246
0.38433 -1.46258 3.47657 0.28757 1.07825
0.68015 -0.93316 0.41535 2.22233 -0.14198
1.03531 -1.82469 1.40851 1.55367 0.55127
0.47233 -1.20879 0.7693 0.82486 -0.80552
-0.03382 0.62148 1.98917 -0.96105 0.97236
-0.31854 1.08656 -0.04463 1.95241 -0.31054
0.28362 0.66646 1.41443 -2.41324 0.29905
-0.92113 2.14463 0.66014 -0.42176 1.31945
2.23118 1.41386 1.75453 0.94238 -1.12103
0.90409 0.52984 1.84358 3.82116 0.57377
-1.04424 1.2592 1.55138 1.50102 1.36062
-0.20276 1.94676 1.63227 1.99855 -0.56181
0.45891 -0.45104 -0.47885 3.21636 -1.06174
-0.22187 -0.96086 -1.61089 0.55451 0.70388
-0.84481 0.03842 -0.93479 -0.52214 -1.88952
-1.23914 0.73118 1.38156 0.65041 -2.79071
1.39103 1.19826 1.75236 0.36442 -0.23931
1.5234 1.5817 1.64922 0.57237 -1.01755
0.62067 1.75215 1.75386 0.00254 0.65552
0.16099 1.0065 0.94898 2.12192 -0.15069
1.66409 0.02128 0.20777 -0.59603 -1.2358
0.20593 -0.20901 1.25044 0.21004 1.35713
-0.43068 0.14485 0.50046 0.46521 2.67575
-0.29847 0.47413 -0.29669 -0.41907 -0.8121
0.58114 0.62923 -0.74442 0.07961 -0.42626
-0.25418 1.46721 0.08329 -0.23985 -1.03046
0.11416 -0.03904 -0.99591 -0.25706 1.30204
1.04275 -2.33243 -0.20006 -1.22616 -0.49723
0.50895 -0.87378 -0.1938 -0.8131 0.49035
-0.34535 -0.63569 0.8856 0.56951 0.11558
-0.87322 0.69558 -0.85061 0.74909 -0.47684
-0.6458 -0.30841 0.53602 0.64837 1.48687
-0.92952 1.74414 2.76682 -1.04404 -0.16418
-0.87424 1.7932 3.13209 0.75822 0.27725
0.35457 -0.11881 1.22169 0.88367 0.20144
-0.20297 -1.04885 0.38647 1.27147 -0.35785
-0.05901 -1.21602 1.13601 1.12916 1.14479
0.9817 -0.86383 -0.15771 1.38129 0.02579
0.9128 0.08186 0.10467 0.43831 0.76798
1.60754 1.75235 1.22133 1.01949 -1.11811
1.60234 2.17302 0.38789 1.81267 0.62559
0.81973 1.07698 1.40836 0.68346 1.38751
-1.26402 0.65495 1.7911 0.57445 0.40739
0.7888 0.94956 0.88013 2.27453 -0.3408
0.09334 0.90824 -0.5426 2.11514 -1.37539
-0.55243 1.72088 -0.43739 2.20849 1.59366
0.24839 1.81299 1.57285 0.75944 -0.29489
1.29346 2.45886 0.06316 1.97379 1.30387
1.45534 1.73237 0.45999 1.35161 1.3023
2.7367 2.12097 -0.24281 0.951 -0.1323
1.31438 0.86448 -0.01475 1.25309 -1.50019
-0.188 0.46461 1.46235 1.55003 -0.56262
-1.55646 0.53834 2.41989 2.24915 -0.03155
0.70394 1.67564 1.63314 2.72793 -1.30162
1.56507 2.82077 2.10747 2.09139 -0.34884
3.62917 3.1548 -0.8715 0.61535 0.02212
0.58409 1.78497 -0.52034 2.24544 0.46799
0.94896 1.2868 -1.61799 1.55203 2.46154
1.09945 0.92539 0.49991 1.46917 0.58919
1.01256 1.04048 -0.07408 0.9419 1.55319
0.82003 3.48396 0.22828 0.57566 1.50744
0.51347 2.60848 0.91321 0.03835 0.89106
2.33163 2.40222 1.24615 0.84785 0.94696
2.2325 3.06708 -0.41839 1.40397 -0.39745
1.1527 3.7554 -0.6576 0.6737 -1.57876
1.73414 2.40033 1.68957 -1.04101 -0.84352
1.71462 1.29586 0.79257 1.55473 1.61147
2.45452 2.13244 0.36 2.59721 1.06829
1.10824 2.42291 -0.01035 1.70276 2.33933
-0.34386 2.72653 0.95119 0.89569 0.83944
0.50287 2.79183 1.38418 1.28053 0.42104
2.2213 1.50811 2.04729 0.63239 1.58889
2.03172 -0.17486 1.79267 1.96937 1.13223
1.57308 0.82748 0.84726 1.80577 -0.49699
2.26074 2.00528 2.04961 2.5994 0.10822
2.18003 0.96394 3.23851 1.17738 2.0361
1.48055 0.31451 0.89997 1.56683 1.02253
3.89259 -1.2458 1.20242 0.8195 0.38695
2.14562 -1.63177 0.25643 2.08217 -1.9882
-0.13548 0.2791 0.00706 2.1825 2.05199
0.75807 -1.0547 -0.41067 0.10135 1.42797
-0.13812 0.34868 -0.23599 -0.18655 0.9497
-0.7076 1.57353 1.27037 0.45709 1.4708
-0.18497 -0.2733 -0.34962 -0.31924 0.84348
-0.20592 -0.25642 -1.20805 -0.67681 0.29424
0.89858 0.36409 -0.26912 -0.70752 0.094
0.15213 -0.83176 0.21379 -0.12608 -0.13792
-0.73643 -0.57259 -0.55509 1.00984 0.10184
-0.90839 -0.85817 0.21897 1.67865 0.44516
-0.85 -0.7405 0.521 1.86244 -1.2277
0.61541 -1.10177 0.15325 0.8184 0.00415
-1.27168 -0.23087 -0.37039 0.80138 -0.97254
0.04318 0.07349 2.13148 0.61045 0.49847
0.20126 0.97819 0.80655 0.92176 -1.68488
1.3076 1.10478 0.94256 -1.35226 -0.90819
1.23162 0.92156 -0.6134 1.85905 0.63139
0.88787 0.72172 -0.04452 0.66052 -0.58805
0.37323 0.84485 -0.15755 1.14905 1.79575
1.9506 0.28414 0.13105 2.35653 -0.71909
-0.9468 -0.49965 1.66442 -0.41327 0.80258
-1.51761 1.00682 0.72003 0.4519 -0.35871
-1.60184 2.38079 0.11989 0.41029 -0.2084
0.51757 1.6171 0.02329 -0.34448 -0.55764
1.45775 0.72948 0.5444 -0.68468 -1.04112
1.17347 0.96524 2.54812 0.23803 0.77344
0.31224 -0.08538 0.67313 3.24831 2.79989
-2.51216 -1.22015 0.71616 2.88205 0.8102
-0.9905 -1.27611 0.68056 0.0501 0.3882
-2.38256 -1.2519 1.28102 0.53826 0.01521
-2.26697 -0.29652 1.2899 1.55823 0.4131
-2.46298 0.79121 2.52486 1.57379 1.03916
-1.00925 -0.62596 1.21628 -1.24238 0.75564
-1.12106 0.53889 1.01818 -0.06483 0.71168
-0.97442 0.42398 -1.89903 0.26667 0.0352
0.2263 1.40775 -2.25327 -0.75969 -0.25356
-0.14989 0.83411 -3.17083 -1.14223 1.58366
0.9352 0.25416 -3.75494 -1.52345 -0.15674
1.67488 -0.04552 -1.85395 -2.11799 0.54435
0.99031 -1.05484 -0.11113 -1.35781 0.58711
1.42959 -0.52223 0.15666 -0.89389 -1.15604
1.03903 0.55846 1.37986 0.91389 -0.89988
1.18064 0.51622 0.13013 0.36259 -1.30786
1.93173 2.45719 1.37915 -0.44762 -1.15978
1.87617 3.19874 0.53867 0.25494 -0.76631
-0.11397 1.92344 1.88846 2.47588 -0.39196
1.78189 1.06588 0.70408 2.9769 1.30174
3.16961 -1.18349 0.33814 1.70573 1.59247
0.62418 -1.43043 1.92449 2.68948 1.2925
-0.61857 0.15192 2.86731 2.2693 1.4038
0.12852 0.90095 3.00114 1.45163 -0.99394
0.84349 0.35969 1.06041 1.89962 -1.01848
-0.68307 0.96597 0.17051 0.93182 -0.77879
1.13447 1.16453 -0.39188 -0.19105 0.62177
-1.4529 0.67117 1.53674 0.10247 -0.01668
-0.27015 0.78379 1.11737 0.99278 0.01072
-0.4723 1.42784 1.45157 -0.42119 0.71824
0.70026 -0.80215 1.67459 0.20244 0.84365
0.1987 -0.72527 -0.50715 1.22234 0.23163
-0.78434 -1.00483 -1.25785 0.79358 -0.7895
-2.05082 -2.00369 -0.68492 -0.9131 1.11971
-0.56497 -0.85012 -0.104 0.73107 -1.58143
0.45001 -0.13114 -0.17429 -0.48276 2.31065
0.09431 0.03351 -1.0195 -0.63679 0.83319
-0.25055 0.67007 -0.30187 -0.68169 -0.15501
-0.18569 1.24533 -0.54407 -1.05437 0.72677
-0.52227 1.22791 1.8867 -0.62099 0.96495
-0.12077 0.52875 -1.07324 1.61904 1.25
-0.46996 0.4747 0.56351 0.52209 0.94728
0.33333 -0.51038 -0.66148 -0.05093 -1.72701
-0.26976 0.57622 -0.97133 0.2606 -1.83668
-0.03731 0.78233 -0.651 -0.9171 -0.94546
1.2705 0.30653 -2.03553 -0.9589 0.20145
0.91454 -1.06634 -1.81006 -1.1653 0.6738
-1.577 0.79067 -1.07915 -2.49446 0.1673
1.81846 1.26941 -1.469 0.33546 1.01803
0.7664 0.52222 -0.51577 -0.08624 0.19596
1.34612 1.07551 -0.80233 0.26863 -1.70871
0.58851 1.25412 0.54016 1.66604 -0.38329
-0.52706 1.27831 -1.27707 -0.41486 -1.7717
1.51943 1.5332 0.27309 -0.71904 -1.51477
0.67124 2.2417 1.14126 0.59672 -1.75153
3.58307 0.47853 0.17113 1.45631 0.21644
0.81404 0.92763 -0.58488 1.50528 -0.18158
1.43627 1.11963 -2.91773 0.96657 0.83216
-0.93279 0.71512 -0.40544 0.04809 -1.00877
0.42546 0.32665 -1.23728 0.94634 -1.123
-2.61905 -0.55688 2.36551 0.22026 -1.73841
-0.60767 -0.04221 -0.26443 0.10746 -0.58595
1.4742 2.17254 0.28591 0.47519 -1.41717
2.42102 2.69407 -1.99402 -0.94944 0.23609
-0.73374 0.82455 -0.91318 -1.37641 2.71507
-0.08973 0.61493 -0.86237 0.51925 0.59048
0.92974 1.05389 -1.55484 0.77431 1.14448
0.51434 2.0555 0.28143 0.5747 -0.5601
1.81515 0.04846 0.47947 -0.00482 0.5607
1.28674 -0.86908 -0.01962 -0.27387 -0.4988
0.07008 -1.82284 0.8202 -0.89466 -0.99751
-2.61263 -1.39495 0.51678 -1.31027 0.53275
-0.58685 0.35967 2.06031 1.12409 2.72779
-2.04335 0.66909 3.00491 0.88459 0.47667
0.40071 0.80674 1.93269 0.90518 -1.19953
1.93988 -0.63002 1.33135 2.11211 -0.08719
1.65462 -1.87945 -2.18221 2.74406 0.392
-1.0828 -1.91881 -1.47976 1.72489 0.42074
-0.31922 -0.81568 -0.19125 1.30663 -2.30262
0.02801 -0.79894 0.66301 0.72922 -0.77064
0.14167 0.1933 -0.41238 -0.46093 -1.40258
0.99924 1.57787 0.23354 -0.10691 0.4004
0.90183 -0.4469 1.28817 -0.47035 -0.64448
1.99663 -0.06403 1.69631 -1.01526 0.32393
1.02506 -0.20181 2.87399 0.91274 0.28823
-1.30449 0.07381 3.24671 2.58233 -0.6313
-1.66246 1.08191 3.19693 2.33985 0.3842
0.84623 0.31881 2.93621 2.17921 1.82131
0.17441 -0.49473 2.54987 2.3784 0.17506
-0.42033 -0.35127 2.88116 2.5449 0.91408
-0.02746 -0.86124 0.87149 3.17406 0.34189
