-0.31955 -0.99227 -1.39906 -0.52724 1.53116
0.96633 -2.16875 -0.15105 -0.62959 -0.017
2.1182 0.42676 0.21137 0.3707 0.45311
-0.12153 -0.49045 0.08711 0.59938 -0.08712
-0.63559 -2.02361 1.78301 -0.15877 1.95379
-1.67259 -0.54932 1.5512 -1.84849 -0.8015
-0.00222 0.27213 3.78024 -0.8555 1.4457
0.76861 -1.06281 3.67096 -0.97298 1.69172
1.43582 1.67651 4.43536 -0.32504 0.39552
1.52089 1.19925 3.22714 -1.89494 0.47745
1.07858 0.85775 2.94263 -1.66721 -0.25439
1.99565 1.04612 2.79965 -0.20601 1.73345
0.57365 0.94002 4.65491 1.74934 1.20813
0.81935 -0.40421 5.3521 4.03321 0.52482
0.31949 0.85101 4.50622 4.43411 -0.09523
0.66498 0.40012 4.13088 3.81681 -0.08872
-0.16828 -1.3539 3.56271 2.98704 -0.39519
1.61015 -1.74778 3.74785 2.5808 -1.52746
0.56257 -1.05906 3.86652 3.0354 -0.38371
0.08485 -1.87158 1.53437 2.01335 -1.28195
1.01883 -0.55068 0.29431 1.09673 -1.45748
1.29428 -0.73058 -0.0715 1.28752 -0.90021
1.4903 -1.89965 -1.11652 1.9697 -0.75848
0.78746 -1.73032 -1.98012 2.59192 0.34154
-0.34818 0.06987 -3.03831 2.90746 1.0079
1.03284 0.69673 -2.82902 0.70873 1.02832
2.00716 0.45327 -2.18929 2.98218 2.19744
2.40604 0.55261 -3.302 1.38622 0.83846
3.40903 -1.87602 -3.47633 -2.57954 -1.21492
2.49818 0.87517 -3.38449 -2.20035 0.08269
0.26428 1.55191 -2.38817 -0.65369 2.58146
-0.60536 0.1385 -1.6458 -0.33392 0.5981
0.79689 1.72899 -3.29525 -1.00861 1.91599
0.27959 1.84413 -1.86471 -0.53831 1.89991
0.04191 2.07439 -2.02154 0.05378 -0.60859
0.38411 0.06132 -0.90011 -0.12916 -0.13821
-0.07555 -0.05665 -0.45225 -0.45338 -0.19692
0.43671 -0.9209 1.40866 -1.45845 -0.65009
0.70801 1.29939 2.44454 -2.86337 0.95467
0.58997 1.23964 2.23149 -3.44604 2.35946
1.02762 0.03852 1.55659 -3.01077 1.16293
2.03049 -0.33166 -0.48096 -3.17426 -0.67237
2.39744 -0.5805 -1.31239 -2.00594 0.20165
0.32274 1.38249 -1.11017 -1.72641 1.63495
-0.55922 0.4356 -0.08943 -1.45264 1.03669
-1.66026 0.63449 -1.84773 -0.8902 1.30399
-0.96527 -3.03093 -0.29307 1.21823 0.81883
1.72025 1.15431 -1.83324 0.18832 1.2021
2.86744 -1.66224 -0.93205 -2.40817 0.84901
1.79247 0.39663 -0.5791 -2.30746 -2.15937
2.48272 1.99064 -0.27402 -2.45183 0.99071
2.6405 0.53785 -0.61686 -1.72682 -0.09961
3.32102 -0.16064 -0.74631 1.48617 0.83022
2.95336 -1.3979 -0.83583 2.26154 0.29347
2.58194 0.63895 -1.27678 2.76564 0.37733
3.69045 1.13694 -1.73071 1.7225 1.91458
2.40184 1.2517 -1.20929 0.83826 0.23791
4.46255 -0.63837 -1.08596 2.39489 1.77497
4.6296 -0.89927 -2.73102 1.91624 0.90449
5.50988 1.17374 -3.85717 1.14821 0.55428
4.07471 0.75756 -3.79212 2.06859 0.92155
3.573 0.59364 -3.19041 1.9093 -0.0016
2.86476 0.89353 -2.07455 -0.21967 1.05834
3.2101 -0.21879 -1.78236 0.0589 1.07753
2.91021 1.73784 -1.45783 -0.65501 0.78852
3.12482 2.17299 -0.38691 -1.71451 2.24814
3.28995 -0.85141 0.32412 -2.3616 2.26951
3.40954 0.28369 2.73266 -2.53296 -0.70472
3.35942 1.55628 2.46477 -0.94389 -1.35952
1.59154 1.14548 1.99034 -1.06867 -1.09236
0.2619 -0.4195 1.5977 0.01078 -0.62794
0.43765 1.56417 0.87065 1.71711 -1.37453
-0.48049 1.82788 0.59272 3.74674 0.47617
-1.87957 0.95078 -0.2345 3.6279 1.40658
-1.10667 0.35976 0.85403 3.2065 -0.5831
-1.55905 0.54868 1.39928 4.05236 -0.03245
-0.76438 -1.17278 1.85077 4.16283 -0.70898
-1.52624 -0.16749 1.63891 3.10995 -1.29057
-0.93545 0.8248 -1.84214 1.53147 0.02023
-0.68511 0.15514 -4.30529 1.91514 -0.42549
0.97832 -0.14694 -5.55502 1.98106 0.04312
0.64723 0.77751 -8.08385 0.80881 0.64715
1.06289 1.19143 -6.20756 -0.61165 -0.94681
0.37955 -0.21045 -5.44883 -1.06625 1.19746
0.12139 0.22853 -5.87879 0.06526 0.86712
0.61743 -0.73622 -6.19063 -0.32284 0.91959
0.41936 -1.44274 -7.87665 -1.02485 0.85546
1.0756 -0.84444 -9.86896 -0.84666 0.76545
1.03105 0.48052 -10.45838 -1.29511 1.54592
0.25955 -0.51266 -9.15154 -3.05631 2.4268
-0.45854 -0.97076 -10.15634 -1.9543 0.50764
-0.96013 -0.33438 -8.17247 -1.40969 0.11618
-1.35249 0.36494 -7.09541 -3.40816 -0.12692
-1.78612 -0.0831 -5.37152 -4.34549 -1.15962
-3.98939 -0.14677 -3.75353 -4.69786 -1.63612
-3.64663 0.8967 -3.95884 -6.20143 0.18998
-4.54835 0.9107 -3.19916 -7.21723 1.03117
-3.36631 0.17827 -5.21984 -7.67237 -0.75494
-2.48829 0.43747 -4.34683 -4.22687 -0.08548
-1.48761 0.49858 -2.3118 -2.84908 -0.09914
-1.93782 0.69297 -2.37529 -3.58547 -1.14457
-0.71431 -0.41563 -1.92063 -3.61359 0.22748
-2.51794 -1.06237 -2.67864 -3.76115 -0.26095
-1.73522 -0.96539 -2.83102 -2.80333 0.39984
-1.77306 0.28975 -2.30057 -2.78319 -0.21118
-1.9687 0.77848 -3.02911 -1.53492 -1.54736
-2.21804 0.11215 -4.45612 -2.16229 -2.32614
-3.20446 0.59603 -4.69647 -2.84884 -0.71021
-1.88788 -1.57379 -2.94459 -1.74464 -1.64328
-2.65073 0.42455 -2.65599 -2.12853 -0.27438
-2.11644 0.63368 -3.02192 -2.97959 -1.7106
-3.0865 -1.90442 -4.33523 -2.98613 0.62725
-2.55288 -0.89864 -5.82613 -3.31777 -1.0225
-3.27394 1.04646 -5.53739 -4.1429 -0.77904
-2.09856 1.9293 -6.75283 -4.83931 -0.29378
-2.51058 -0.17707 -4.95571 -2.80672 -0.79922
-3.2205 -0.87202 -5.69078 -2.72096 -0.1944
-2.91013 -0.92447 -6.13605 -4.01568 -2.64482
-3.67696 0.30422 -5.38764 -5.72536 0.6714
-1.27321 -0.37085 -6.34633 -5.45639 -1.16084
-1.13428 -1.51454 -7.33693 -5.84214 -1.66555
-2.7868 -1.45906 -8.18044 -4.47444 -1.92768
-2.13361 1.2278 -5.90685 -7.27377 -1.99615
-2.50564 0.89558 -6.20403 -6.21226 -0.48939
-2.82599 0.94548 -6.72878 -6.41607 0.75964
-1.5895 0.20741 -7.14064 -6.77796 -2.14716
-1.31862 -0.35288 -8.16067 -6.53343 -1.03664
-1.18196 -0.07047 -6.45161 -4.12454 -1.43716
-1.26118 -0.85917 -6.22748 -8.07738 0.349
-1.50838 -0.26783 -6.73875 -6.85873 -2.64296
-2.09911 -0.72572 -6.36287 -5.64219 -1.31706
-0.65262 -2.72073 -7.19629 -5.4401 -1.56146
-1.54363 -2.94042 -5.41308 -7.11344 -1.41859
-0.29474 -2.18534 -6.89915 -6.69799 1.44416
0.1908 -0.94903 -4.74209 -5.75255 0.89207
1.75606 -0.15268 -5.35341 -4.7722 0.38612
1.9964 -0.10556 -4.79991 -5.02118 -0.9714
1.36379 -0.41387 -3.50174 -6.00058 0.53416
1.11004 0.52054 -4.35205 -5.81404 -1.92231
1.20196 -2.27906 -2.98989 -4.75233 0.95979
1.53424 -0.56636 -2.55386 -4.32775 0.20385
2.54044 0.13374 -1.44239 -3.81892 1.39525
-0.31165 -0.43964 -1.6293 -2.59436 0.25702
1.83706 -0.2644 -1.89514 -4.15637 1.50343
2.6791 0.63006 -3.05115 -1.65408 -0.8368
3.81794 2.30568 -2.28492 -0.92485 1.28985
2.86147 -0.18541 -1.98174 -0.87576 0.70323
2.88304 1.15189 -1.29052 -1.00815 -0.16934
1.93467 1.84249 -0.93093 -0.74078 0.8922
2.55449 0.87372 -1.12102 -0.40698 2.15161
1.93291 0.28385 0.88249 0.49143 1.19207
2.35727 -0.58822 1.41596 -2.11746 2.40829
3.00159 -0.89752 1.9771 -0.55574 2.20746
4.48399 1.63965 3.59181 0.4135 0.14687
4.60904 1.96553 2.51133 -0.09934 2.01114
3.58639 0.49651 2.19177 2.74325 0.13586
3.87558 0.12629 1.53721 0.60469 0.94925
3.18058 0.95068 0.38136 1.98337 -1.25674
1.94746 0.47178 0.97409 3.83663 0.89046
1.55909 -0.61105 0.65443 3.89716 -0.32592
0.43752 -0.77142 -0.00603 4.51694 0.35349
-0.93675 -0.31035 -0.10878 2.08293 0.79622
-2.96832 0.50899 0.31013 1.89889 0.3108
-1.71339 1.68877 -0.56391 1.12805 0.1648
-0.9449 1.53341 0.32408 0.51602 0.68211
-2.83057 1.46182 0.88522 -0.69011 0.7279
-1.87808 1.90717 0.88784 -0.17911 -1.48742
-1.34419 1.1091 0.65012 1.28686 -1.12397
-0.99049 3.22806 0.94156 0.34495 -1.65234
-0.2015 2.81508 0.82348 -1.55355 1.1798
-1.26478 1.12217 0.74886 -1.66133 -2.72992
-1.20883 -0.66358 -0.09265 -1.58933 -0.02189
-2.57967 0.11587 -2.35094 -0.90725 -0.1251
-2.66498 -0.47406 -1.67904 -0.5273 0.56991
-1.67376 -1.72628 -2.80869 -0.71214 1.72451
-2.47867 0.29025 -3.89445 -1.99783 -0.0513
-1.21971 0.78214 -3.96353 -2.0263 -1.47761
1.55633 1.24609 -5.54754 -1.7545 -1.39509
0.7186 0.69042 -4.56849 -3.99311 -3.18012
0.12823 0.7741 -5.22997 -3.38604 -1.92459
-1.13573 0.77948 -5.78679 -4.07213 -2.40635
-2.23907 0.07953 -5.49274 -3.02198 1.62888
-2.97045 -1.76284 -4.20363 -3.82982 -0.56534
-1.55649 -0.32237 -3.38087 -2.80603 0.8125
-1.05789 0.81015 -3.30326 -3.68556 0.77429
-1.3766 -1.00007 -2.18472 -5.8725 -0.83819
-0.22728 -1.28201 -0.45611 -5.72465 -0.18105
-1.28693 -0.90542 1.3307 -2.51253 1.75432
0.35097 -2.08218 1.27265 -3.85343 1.54243
0.23992 0.79717 -1.0387 -0.92589 0.85163
1.73138 0.19561 -2.01378 -1.33806 -0.92472
1.42799 0.3219 -1.86446 -1.62134 -3.01049
0.44606 -0.10667 -0.2133 -0.57852 -0.97849
-0.80462 0.59135 -0.06157 -0.92977 -1.52782
-1.22139 0.02334 -1.61589 0.25405 1.9048
-2.01461 -0.54033 -3.35593 -1.4502 1.33911
0.19118 0.13271 -3.51036 -1.39523 -0.86146
-1.21596 1.41453 -2.56065 0.38319 -1.16003
-0.39435 -0.98777 -1.01861 1.13263 -1.88939
-1.85395 0.79618 -2.25304 -1.91598 -0.6527
-1.98072 -0.09198 -4.21335 -3.44419 1.03635
-1.71141 -0.38711 -3.83139 -4.08618 1.13403
-2.62183 -1.07638 -4.84201 -1.73546 0.40442
-2.51803 -0.23801 -5.92669 -2.17346 -0.11493
-2.85003 0.72569 -5.01803 -3.152 0.41161
-4.40721 -0.20408 -6.87652 -5.41007 -0.86748
-3.09909 -0.52625 -5.19235 -6.33352 0.86632
-1.64775 0.90459 -5.5287 -5.9996 -1.88412
-0.1414 0.90955 -5.29434 -5.38574 -0.64078
-1.51377 -0.06284 -7.06508 -7.09192 -1.67438
-1.40906 -0.16269 -5.30996 -6.5457 1.20657
-0.41192 0.17529 -6.21611 -3.77271 -0.81111
-1.95678 0.17204 -4.55421 -5.63105 -1.24348
-0.43804 -1.11722 -6.35606 -4.80024 -3.08283
-3.50909 -2.74709 -5.91821 -4.19091 -2.12485
-5.69306 -2.37597 -6.76494 -2.54137 0.2953
-4.28252 -3.15974 -6.31561 -5.32262 0.81383
-2.97908 -1.68565 -6.16696 -4.00939 -0.24043
-0.54571 -1.68387 -5.69781 -3.96481 -1.00365
-0.3472 0.29876 -4.49671 -3.96425 -0.93114
-3.08622 0.83507 -3.46312 -5.10231 -0.40819
-3.31654 0.50492 -3.64036 -5.84174 -1.72177
-1.8803 -0.30805 -4.14511 -6.28768 0.79204
-1.39808 1.008 -3.62833 -6.05531 1.44389
-0.29455 0.09055 -4.32079 -6.58503 0.16223
-0.30059 0.70237 -3.92668 -6.06243 -1.44282
-2.14533 0.05079 -3.49239 -3.61503 -1.75221
-3.66807 0.72705 -3.64272 -3.89187 -0.51901
-3.37197 -0.413 -6.81521 -2.12514 -0.87734
-3.89714 -0.99955 -6.24364 -3.73872 0.20235
-2.8959 -0.07505 -7.45802 -5.01881 0.12243
-0.42301 -1.50935 -7.51485 -5.36825 -1.01912
0.05662 -0.13836 -8.64514 -5.79633 -1.8912
0.55238 0.56738 -7.73145 -6.57493 -1.44921
-0.19422 1.08515 -7.31833 -5.31781 -0.07107
-0.08671 1.65575 -6.47967 -4.52331 -0.04664
-1.65672 -0.64885 -6.6663 -4.95026 0.76531
-1.77598 0.29919 -6.92946 -6.4913 1.10982
-2.36211 -0.28837 -7.03022 -6.61254 -1.33637
-2.60182 -0.152 -4.57481 -5.81279 0.5247
-2.442 -0.64722 -4.29066 -4.79193 -1.9192
-1.05649 -0.60398 -3.62842 -3.43364 -0.49526
-0.57762 -0.31874 -4.03065 -4.64038 -0.16805
-0.58889 -1.14493 -5.55836 -4.59518 -0.55608
0.57521 -0.60315 -6.98181 -5.57485 -1.36734
0.49157 -1.50916 -5.59359 -4.04407 0.32446
0.14701 -1.26115 -6.2392 -3.63664 -0.43763
0.97873 -0.78268 -6.56931 -2.36519 0.98672
3.04351 -0.4049 -7.48452 -2.11761 1.98943
2.82459 0.34127 -4.3727 -2.86893 0.38224
1.11152 0.15253 -4.30182 -1.53162 -0.91573
0.84447 -0.05078 -4.0106 -3.92097 0.87
-0.03506 0.457 -2.90562 -4.10858 1.55569
0.0843 -0.22652 -2.80345 -3.25478 -0.50343
0.73464 0.13659 -3.41943 -3.26702 2.02882
1.87074 -0.75437 -4.41545 -1.9379 0.64817
0.90612 -0.20432 -4.30375 0.1163 0.36036
2.6284 -0.37539 -5.45857 -0.33054 0.87759
2.19594 -0.1546 -5.53781 -0.19404 1.75998
2.1544 0.86017 -3.36649 0.44136 0.1833
3.09981 0.97101 -2.5938 0.7125 0.03577
3.23019 1.08778 -3.57943 -0.49279 0.00275
3.33714 0.87554 -3.70186 0.38283 0.07553
2.90304 1.16133 -4.94485 0.16919 -0.66354
1.78511 0.14972 -7.12588 0.43139 1.2507
1.36347 0.40774 -6.79321 0.17095 0.8332
1.21534 0.17194 -6.14569 0.53733 0.20264
-0.53087 1.06626 -4.89199 1.71836 0.80405
1.2174 1.18794 -5.28078 1.77001 -1.0297
0.78173 3.27916 -6.65203 1.19338 -0.05568
0.06859 0.88058 -7.40198 -1.74353 0.28436
-0.15251 0.44901 -6.50414 -3.453 -1.18174
0.34842 0.64369 -7.60671 -3.72416 1.93006
0.02721 -0.11517 -5.25914 -4.50022 -0.30217
-0.74887 -0.36856 -6.81476 -3.9941 -0.49776
-1.58441 0.12504 -5.8778 -4.00639 1.25906
-2.06641 -0.31912 -5.57232 -1.56837 1.03089
-3.48935 -1.0462 -4.79429 -3.91281 1.66879
-3.54687 -0.55968 -3.59158 -5.50863 -0.10083
-1.76333 0.68966 -2.57314 -4.88882 -1.01134
-0.92287 1.43294 -2.73298 -3.05173 0.29258
-0.0027 0.16288 -2.06421 -5.8426 -0.60301
-0.62274 -0.38909 -0.03352 -7.57906 -1.9563
-1.96626 0.78621 0.54307 -4.63827 -1.3392
-1.72011 -1.80239 1.41916 -2.43386 -1.27007
-0.39782 -0.61108 0.74529 -1.74716 0.60058
-0.25991 -0.16671 0.49679 -1.08849 1.08568
0.43801 0.37964 1.22877 -1.94606 -1.11507
0.83606 2.08477 1.42311 -0.46162 -0.20597
-0.15728 0.58253 1.71509 -0.03905 0.60081
0.47596 -1.3837 0.30543 0.25647 -0.53283
0.61914 0.15893 0.35532 1.66999 0.42598
0.44723 -0.1982 -0.61312 1.6925 0.05723
1.68104 0.10362 -0.91733 1.24678 0.2341
2.16684 0.73356 -0.89043 2.4652 -0.00594
1.2934 0.21523 -0.5751 2.24722 1.12691
0.06035 0.93679 -1.97607 0.60505 -1.36166
0.83943 0.00791 -2.45723 1.15397 -0.62012
-1.45659 0.79678 -3.05265 0.54601 -1.06223
-0.35609 -2.17777 -1.98797 1.27252 -0.86159
