0.11892 0.08346 1.40179 0.21643 -0.28592
-0.32588 1.16279 0.88832 0.2619 0.36718
0.72502 0.50185 2.23414 -1.09679 1.68089
0.68122 -0.16986 3.10275 0.02079 2.41644
0.43618 -0.47816 4.57348 0.38375 1.49664
0.28489 -0.99727 5.0984 1.98359 1.38924
1.36367 0.43606 4.13418 2.0857 1.25089
3.58097 0.57691 2.89387 2.00933 1.61919
1.72196 1.88823 1.69683 2.8132 1.97215
1.57176 1.20885 3.16783 3.55639 1.10355
-1.67462 1.50683 3.10328 3.05456 1.88818
-0.10465 -0.69028 4.38586 2.7258 1.24232
0.80205 -1.03227 2.7507 3.52218 1.94355
0.17357 -0.70875 2.41994 4.38343 1.70316
1.577 -0.00355 2.71207 4.80994 0.94014
-0.26355 -1.95023 4.12618 4.95495 2.7596
1.35166 -2.6225 4.79034 4.72399 1.90588
0.54845 -1.1344 4.35936 4.81389 1.69253
-0.10158 0.44374 5.58118 5.74483 1.36949
1.67295 0.53201 7.29094 5.72667 0.57297
1.73426 0.64571 7.04677 5.80246 1.28663
1.6461 -0.9077 7.38361 7.22685 0.586
1.78621 -0.90671 7.36392 6.48121 0.43977
0.87234 -0.98753 6.81285 5.93216 -0.61802
1.93624 0.15885 5.96168 6.62196 -0.80127
2.04345 -0.84422 5.80712 7.77982 -0.3743
0.01536 -0.96578 5.15579 5.18892 -1.2784
2.22037 -0.12458 4.42059 5.25965 -0.91172
1.38206 1.64183 3.41223 4.18022 -1.85624
-0.79425 -0.36328 2.21658 3.65913 -1.94767
0.52188 -0.02491 -0.22645 2.57583 -1.66314
0.73707 1.15042 0.91165 4.14116 -1.09557
-0.08416 2.6595 -0.72257 5.12922 -1.76668
0.1161 0.19507 0.41015 4.9566 -0.32536
-0.47679 -1.87475 0.098 3.69843 -1.83328
1.03798 -0.4144 -0.96478 3.78539 -0.31992
0.75131 0.16995 -1.34557 3.48007 -1.50592
-2.0036 -0.37306 -1.34295 3.78131 -0.48861
-0.186 1.46252 -2.73185 3.49744 -0.54572
0.37643 -0.56405 -4.61284 2.32294 0.11083
-0.94551 -0.47826 -5.15085 2.47776 -0.42262
-0.12218 -0.7717 -5.74978 0.03436 -0.59563
-1.36724 -0.51676 -5.17414 -1.66147 -0.39939
-0.47863 -0.47189 -5.75432 -2.63641 1.48692
-0.93258 -1.42977 -4.35444 -2.29172 0.2379
-0.6718 -0.3171 -3.75948 -2.28473 0.00235
-0.84002 -0.46008 -3.39468 -2.32779 1.65035
-0.65907 1.7857 -2.91106 -2.86296 1.99877
-0.53838 1.70033 -0.86743 -3.84969 2.09706
-1.27456 1.87054 -1.77603 -2.75801 2.22794
1.30066 0.81484 -2.42234 -4.13918 2.70426
1.39568 0.11927 -2.68994 -3.26797 2.32841
1.37967 -1.52352 -1.73475 -3.10621 1.94429
-0.5186 -1.03898 -1.50626 0.12691 1.96204
-0.3987 0.67156 -1.28645 0.24831 1.00927
-0.05024 1.55753 -1.06183 1.501 -0.63076
-1.71129 1.156 -0.33609 0.97443 -0.81761
-0.03816 1.3255 -0.79393 0.13763 0.86299
0.34006 0.39599 -0.73982 0.07974 -0.71035
0.11158 -0.35093 -0.24607 1.14783 -2.17461
-0.23307 0.5702 -0.56052 0.0353 -2.37163
-0.02793 0.62792 -0.00789 -0.89553 -3.05694
-0.18308 1.11955 1.08023 -1.32945 -1.56045
-2.29405 1.06031 1.16501 -3.85245 -0.11417
0.27877 1.3492 -0.69402 -3.32872 -0.66966
0.73545 1.21909 -1.8528 -5.13212 0.389
1.249 -0.30065 -3.00108 -4.25333 -0.06658
0.52858 -0.73388 -3.33933 -4.30943 1.1862
0.28085 0.85568 -4.11774 -2.74701 2.07674
0.30303 -0.11063 -2.693 -2.58667 2.95665
1.23141 1.20697 -3.21031 -1.72513 2.13397
1.3146 0.00343 -3.11957 -2.06487 1.28599
-1.36336 1.07793 -2.14984 -2.79573 0.49541
-0.81459 0.45992 -1.94283 -1.86858 -1.05144
-1.22782 1.41996 -2.0217 -1.91694 -0.82792
-2.64124 -0.98851 -1.31883 -4.54564 -1.32803
-0.07844 -1.34914 0.51561 -3.74378 -1.65027
-1.72509 -0.98151 1.00835 -4.68084 -1.47905
-0.49173 -1.56172 2.25538 -5.37665 -0.85401
0.30912 -0.05808 1.91332 -5.76014 -2.51999
0.77983 -0.55348 2.17282 -4.24918 -2.26169
-1.2821 -0.85427 2.26467 -3.8735 -2.43557
0.13478 0.92366 1.60954 -5.07288 -1.77096
-1.04286 2.53088 0.63053 -4.60016 -1.22536
0.50763 1.7861 1.56745 -3.39954 -0.92032
1.36064 -0.11326 0.83925 -4.04899 -0.76316
-0.32213 -1.64764 0.26579 -4.32142 -1.22153
0.00092 0.7536 0.97756 -4.13359 -2.1871
0.31503 -0.68543 -0.13882 -2.74275 -1.34781
0.55341 -1.16974 1.35032 -1.54637 -2.71564
0.85509 -0.85494 1.7229 -2.85316 -4.02431
0.66994 -0.88599 0.1078 -1.54504 -3.40466
-0.9546 0.24876 0.17328 -0.27174 -4.66593
1.82723 -0.47248 -0.20698 -1.60197 -4.54168
-1.05814 0.8218 0.61959 0.59387 -3.95537
-0.56191 0.93926 0.46553 0.88789 -3.47694
0.13392 -0.22849 0.12456 -0.44188 -4.5676
0.70116 -0.7682 -1.03908 -0.23052 -3.86981
-0.33509 -0.69998 -3.40123 -1.10411 -3.56671
-0.20458 1.83088 -3.53542 -2.34838 -3.02452
-0.98416 0.22293 -4.59365 -3.38116 -1.88068
-2.52934 0.11161 -4.30793 -5.07852 -2.55308
-2.44649 -1.34475 -3.64974 -4.94148 -2.19987
-3.28403 0.37816 -4.51115 -4.21163 -2.62019
-0.6219 -0.06697 -3.97945 -4.42743 -3.05794
-2.7274 0.15361 -4.03569 -5.71566 -2.39609
1.21088 -1.04284 -5.67556 -5.67746 -3.37094
-1.66663 -1.20256 -5.5675 -3.62792 -3.50393
-1.1789 -0.71526 -7.14338 -1.51257 -2.99642
-2.97358 -0.30735 -6.82143 -2.90409 -1.79112
-0.86004 0.33208 -6.17226 -1.99121 -2.18235
-2.26232 -1.004 -7.30489 -1.09316 -1.78819
-2.02174 -1.65867 -8.09972 -2.08833 -1.71106
-2.5278 0.71165 -9.44973 -3.88814 -1.01867
-3.97378 -1.1444 -9.34677 -4.03546 -0.4847
-3.34106 -0.32688 -8.08854 -3.88082 0.41539
-3.29103 -0.38085 -7.17931 -3.20311 1.03975
-0.28351 -0.91683 -5.70121 -4.10499 1.15397
-0.84663 0.19674 -5.8169 -4.62155 2.21704
-2.29498 -0.29025 -2.55939 -4.53233 3.71208
-1.62548 0.93715 -2.49372 -4.69567 4.17228
0.99335 0.21265 -1.63991 -3.63655 5.96736
0.87835 1.0361 -1.44799 -1.91323 6.42964
2.8271 0.2907 2.0542 -2.6276 6.37014
1.85415 -0.66116 2.97207 -2.32711 6.37714
3.0101 0.19496 5.03836 -1.29537 5.53428
1.77474 0.52097 7.6322 -1.32291 6.85037
2.13524 1.48322 7.48364 -0.15576 7.90328
3.36143 2.56167 7.41902 1.27116 7.18617
3.76876 1.41778 7.19024 2.13952 8.25249
4.09531 -0.27494 8.11209 2.90682 7.03582
4.28655 0.44637 8.06607 3.05034 6.10678
4.34852 0.31733 8.93845 3.98008 4.57617
2.43269 0.02451 10.71666 5.66313 3.78228
2.9939 0.11438 11.97696 5.04459 2.26238
3.83348 0.85882 11.01842 6.59677 3.46819
5.03831 0.09197 9.67028 6.83884 2.08121
4.92131 1.78928 10.16994 5.96151 1.88729
2.61895 2.08976 9.26868 7.9867 1.58039
3.86793 3.70137 8.81742 9.04084 0.59005
2.35859 2.91257 9.39295 9.99225 -0.41212
0.50576 1.15776 7.04729 10.51195 0.29785
4.22645 2.14304 5.3293 9.63263 -0.8015
2.26768 2.56307 3.11243 9.73957 0.12443
3.11731 3.03691 1.05988 9.64116 1.97864
0.50651 2.35445 -1.18339 10.73583 2.27775
2.15264 2.73644 -0.20356 10.08482 1.2417
-0.0329 2.41116 -0.51984 10.3603 1.81989
-0.51764 2.28805 -0.18829 10.89815 1.86314
0.6555 -0.10392 0.1316 9.69418 2.96232
-0.04766 -0.36046 0.86646 7.6427 -0.15376
-0.15603 -2.22194 1.77838 5.85284 -0.59511
0.14139 -0.71773 3.00646 4.90469 0.32912
-0.90567 -2.83238 2.58064 1.80474 0.3844
1.31267 -1.15141 3.36197 1.1054 -2.09293
0.50911 -0.01787 2.4146 2.24079 -2.26677
-0.83518 0.08368 1.67795 2.31326 -1.26342
-1.13526 -0.33003 0.83016 2.49277 -1.01873
0.51233 0.96988 0.35258 0.9994 -0.79148
0.03382 2.58643 0.51471 -0.55036 -1.38
0.095 1.69277 0.42248 0.10229 -1.21475
-0.13251 1.44955 1.03371 -1.24672 -0.79175
-0.52719 1.32688 0.85495 -0.30717 -2.16966
-0.73227 -0.48141 -0.1927 -0.42696 -3.23137
-1.61586 -0.57598 -1.645 0.15004 -3.15754
0.45201 -1.0205 -1.3112 -0.34118 -3.80726
-2.23003 0.18174 -1.17026 -0.50212 -4.48178
-0.59234 -0.68521 -2.86166 -2.08883 -3.86621
-0.6372 -1.55614 -3.86881 -1.7391 -3.86542
-2.0692 -1.96938 -4.9975 -0.68811 -2.51838
-1.57407 -0.31252 -5.35516 -2.33535 -4.39807
-1.32691 1.54018 -5.61437 -1.57453 -4.72608
-2.34643 1.01124 -4.63176 -2.01514 -6.14871
-2.91079 0.8981 -5.32396 -4.09206 -7.90927
-3.37216 -0.15331 -5.18576 -5.24741 -9.05659
-3.91316 -1.09605 -5.42985 -7.0394 -8.15455
-4.88805 -2.69175 -8.73882 -9.98236 -7.98043
-3.4836 -2.07093 -11.00074 -9.61151 -6.81971
-2.29755 -1.94763 -12.02272 -9.45546 -6.29792
-4.80972 -1.80667 -13.2962 -9.73037 -4.08891
-3.72264 -1.34063 -12.75293 -11.25642 -4.12232
-5.14804 -0.69 -14.34015 -8.60917 -5.87196
-4.58159 -2.03458 -15.97834 -8.45713 -5.62625
-5.00207 -4.02671 -15.22097 -7.88788 -5.14844
-5.09903 -4.5828 -15.79456 -9.61792 -4.06525
-5.52453 -4.17667 -15.0061 -10.10462 -3.98158
-5.022 -4.52057 -14.8519 -10.05449 -4.82037
-5.63453 -4.63782 -14.69824 -8.45862 -5.25176
-4.46274 -4.28245 -14.22848 -7.88787 -4.92065
-5.92296 -3.30585 -15.23337 -8.16784 -6.43399
-5.20038 -3.42917 -14.7944 -9.80831 -6.33596
-5.51907 -2.93218 -14.26677 -11.0455 -5.10651
-4.68915 -4.73054 -14.70847 -11.85061 -4.362
-4.24353 -4.73543 -14.15222 -13.28665 -3.82819
-3.0328 -4.27346 -16.90532 -14.28902 -3.81617
-4.09618 -4.25178 -16.30844 -15.22305 -2.80911
-4.61926 -3.93813 -14.64503 -14.81319 -1.57106
-4.19033 -2.7654 -13.23117 -15.43691 -1.18788
-3.86064 -2.80565 -14.63325 -13.64445 -1.77291
-2.64028 -2.64204 -15.01572 -14.05844 -2.78738
-6.59774 -3.17447 -14.53095 -13.50641 -3.20573
-3.08522 -3.86168 -11.84386 -13.91669 -3.24095
-4.92478 -4.45319 -11.3853 -13.32732 -1.99455
-3.27354 -4.65103 -12.26146 -14.50548 -3.202
-2.81982 -3.27199 -11.56528 -14.22066 -2.75572
-2.81642 -3.19202 -10.45121 -14.60252 -3.12238
-4.26941 -1.43262 -10.38653 -14.37893 -2.06822
-2.00712 -2.70575 -11.29754 -14.36378 -3.80514
-2.23582 -1.9617 -13.2005 -13.7899 -3.365
-3.25999 -2.15188 -11.36372 -12.68997 -2.55193
-2.02584 -1.51847 -10.1242 -11.92881 -2.14457
-3.48332 -1.3975 -9.86409 -9.75465 -2.49195
-3.52433 -0.5478 -10.06818 -9.07665 -2.18322
-4.6807 -0.41951 -9.31248 -8.81514 -1.38292
-2.17591 -0.7382 -7.96467 -9.55552 -0.62015
-1.60996 -0.50996 -7.91121 -8.22151 0.6271
-1.92457 -0.83692 -8.22841 -7.26732 0.17175
-2.15034 0.53156 -9.02235 -7.52832 -0.36907
-1.49573 -1.5965 -6.54969 -7.77355 0.15242
-2.4147 -0.15834 -4.34072 -7.14457 -1.99847
-0.19365 1.42307 -3.32711 -7.65505 -2.05759
-1.16014 1.32164 -2.33436 -7.60125 -3.47882
0.2872 0.21266 -0.99548 -6.2983 -2.80268
-1.07858 0.07393 -0.80613 -6.6825 -3.55383
0.01951 -1.29498 -0.45931 -6.65943 -2.77319
0.87787 -0.90729 -2.32749 -6.90858 -4.01555
-2.67842 1.35234 -2.24837 -6.21342 -3.83507
-1.54568 3.27271 -2.94796 -6.71918 -3.43296
-3.94074 3.29381 -3.35871 -7.18793 -2.86118
-2.54217 0.51808 -4.02156 -7.47184 -1.39843
0.08302 1.51728 -5.25321 -8.73834 -1.38374
-2.24606 0.21602 -5.94594 -9.44275 -0.4979
-0.3049 -0.50441 -7.81576 -9.5641 -0.42692
-2.15641 -1.18037 -8.05127 -8.72108 -0.13583
-1.53536 -0.39594 -7.72191 -10.03996 0.2684
-2.61234 1.1137 -7.04741 -10.84383 0.58898
-2.46432 -0.63204 -7.71317 -11.15162 0.51201
0.43634 -0.56774 -7.71887 -7.66116 -0.43631
-0.72999 -2.26122 -6.09601 -6.15643 0.16725
-1.11171 -0.46913 -5.23341 -7.37517 -1.17852
-1.98281 0.25752 -4.23624 -6.01744 -3.23039
-1.54901 -0.23513 -4.55307 -5.4011 -2.63853
-1.65857 1.28142 -3.85412 -6.79339 -1.8301
-0.71459 -1.75125 -4.02833 -5.79761 -0.20922
0.02292 -2.31889 -5.302 -6.5092 -0.14318
-1.70377 -2.16474 -4.34152 -6.9888 -0.43833
-0.81458 -2.40875 -4.33344 -6.31732 0.7401
-1.37532 -1.49545 -4.75366 -3.93886 1.77628
-0.58524 -1.44472 -5.53531 -3.29211 2.39908
-0.93613 0.07642 -3.96242 -3.72283 2.52838
-1.70528 -2.07442 -2.53613 -2.40738 1.85098
-0.34507 -2.80653 -3.20855 -1.43057 1.38091
-0.65087 -1.03546 -2.11581 -2.08744 2.30248
-0.32838 -1.75182 -1.27077 -2.2311 3.56309
1.93138 -1.86647 -1.03415 -1.45859 4.31623
3.41823 0.47358 -0.98838 0.77827 4.00286
0.16492 0.45272 -2.70364 0.56397 4.00081
-0.37214 0.57694 -0.12795 0.18587 4.57345
0.5143 2.0333 2.61693 -0.01183 4.04078
2.33358 3.24955 3.87015 -0.18233 4.80204
1.61202 2.97998 5.36734 2.78469 4.79315
1.80476 2.05284 5.35993 2.99787 4.34872
3.22617 0.57439 5.21428 2.67306 5.01134
1.6711 1.19493 7.40506 1.74234 6.09265
3.15858 0.62256 8.08873 1.12979 3.99211
1.28742 1.83358 8.709 3.71973 4.00967
2.61159 1.37417 8.32681 3.35133 4.00128
4.18014 0.92914 7.42827 1.90622 3.86296
5.42588 2.38665 7.2615 2.31643 3.56141
2.51625 1.43124 7.26634 4.03985 2.8984
2.2542 1.06306 7.28412 4.66454 4.5004
1.43081 3.10439 7.32935 6.27453 3.93189
0.01367 2.77249 5.93038 6.94922 4.25317
3.31338 3.20616 5.69418 5.47677 2.50674
2.23812 1.87339 6.91458 6.67638 1.53855
2.56523 0.01298 7.43678 6.89862 2.36898
2.55134 -1.16428 5.43571 6.16453 3.7084
3.20462 -0.39026 7.05867 6.44878 1.75903
1.35621 0.20158 6.74774 5.30582 2.27296
1.84578 0.16452 5.45398 5.94632 1.44858
2.50015 0.51624 4.90537 5.86357 1.34799
2.41379 0.11951 3.29168 6.74602 0.74938
1.25826 -0.70126 3.81015 5.90243 1.51387
0.37521 -0.36701 3.45337 5.91454 2.01396
3.57448 0.55467 4.6602 5.85431 2.49499
1.82607 0.81209 5.31021 4.80202 1.60397
0.89174 0.60565 5.27465 3.63372 0.11441
0.51537 0.77113 4.89324 2.88113 -0.00235
2.58192 3.10925 5.61982 2.41675 -0.17733
2.29254 3.52137 4.63086 1.66592 -0.84235
2.29241 2.81756 5.28803 1.46029 0.19532
1.74189 2.15078 3.75917 2.1314 0.36156
2.47032 2.56435 3.49264 0.37223 -0.6786
0.79844 2.05409 3.0084 1.02643 -0.98503
0.31443 1.69354 1.92629 2.05542 0.5397
0.8435 3.03886 1.55172 0.45551 0.20851
1.18276 3.22944 2.50131 0.06857 0.9117
0.24013 1.67303 2.52694 1.69969 1.63486
3.03854 0.78803 1.64829 0.95624 3.75665
1.91924 0.81967 2.41649 0.47286 4.18428
