-0.08317 -0.63037 0.04449 1.58115 -2.25927
-0.34451 -0.15554 0.92363 0.7777 -1.09655
-0.21139 -0.62992 1.19698 -0.81713 -0.77056
-0.19249 -0.09255 -0.2347 -0.51522 0.16786
-0.22072 -0.76076 -0.42991 -1.91136 1.15576
-1.73111 -0.27482 -1.43886 -0.66777 -0.91324
0.23797 -0.75236 0.82102 -0.78754 -3.22647
0.39602 -0.49616 -0.09728 1.09298 -2.51249
2.10172 -0.18773 -0.67636 2.56671 -1.83971
0.23727 -0.72732 -2.37615 -0.51552 -0.96298
0.88956 -2.01238 -2.13852 -0.31818 -0.63959
0.24555 0.43744 -1.11078 1.01784 -3.05334
0.1415 0.39344 -1.51761 -1.31579 -1.73098
0.38246 -0.64298 -2.08946 0.98891 -1.48985
1.58709 -0.90212 -2.5491 -0.43495 1.72239
0.64512 0.35637 -1.7868 -0.02396 0.85897
0.40004 2.4268 -2.8526 1.38288 2.20677
1.26335 2.56543 -4.04582 0.18428 3.20687
2.98097 0.9225 -3.7439 1.12337 1.55533
0.92144 1.39249 -3.61306 0.32011 2.04352
1.48773 1.554 -1.93642 0.36887 2.37449
1.3069 0.89019 -0.41411 1.02793 4.00852
0.66224 0.82303 -0.52606 -0.65834 4.46876
1.04373 2.00018 0.10969 -0.40511 2.68221
1.81873 1.13936 -1.43649 0.60611 2.77863
3.20913 -0.14027 -1.10721 2.15875 2.11907
0.81739 -0.10188 -1.10911 -1.28288 4.61475
0.61006 -0.16462 -0.08164 0.38126 3.76521
0.98115 1.6086 -0.26736 -0.24088 4.45966
0.41787 0.88291 -0.60282 0.71558 4.29443
1.60723 0.91355 -0.07394 0.82522 3.1543
0.97909 1.69797 1.56077 -0.25885 4.32031
1.4429 0.11767 1.34126 -0.74575 5.66782
-0.90999 0.1848 0.16911 -0.63687 7.72412
-0.77597 0.49801 -0.15056 2.8679 7.09051
1.96809 -0.02047 0.45112 1.26568 7.30248
1.95541 -0.60671 -0.30781 0.1023 5.05957
2.57611 -0.5542 0.119 -0.34706 2.16343
2.44514 -1.16629 0.74522 0.37413 0.86692
3.72011 -1.53666 1.14882 1.45405 -0.2151
2.896 -1.84805 -0.08523 -0.66571 -0.28744
2.06503 -1.37625 0.01355 0.06962 -1.63339
-0.24909 -0.42335 -1.376 -1.08673 -1.89855
-1.03014 0.08739 -1.5457 -0.90091 -2.17854
-1.49565 0.54723 -0.84295 -0.86982 -1.04078
-0.58106 1.29493 0.54606 0.58803 -0.63322
-1.71917 -1.19149 2.51519 1.15122 0.75586
-3.38839 -1.94357 2.14533 -1.05618 1.25073
-2.72655 -1.5093 1.53908 0.45026 2.22766
-2.62099 -1.27242 3.14787 -1.15653 0.15743
-2.37838 -0.62438 2.15921 -0.8573 -0.51092
-1.71335 0.07386 1.92648 -0.90126 -1.15684
-2.27757 1.46194 0.82716 0.12851 -1.30962
-0.85535 3.12611 1.57355 0.05349 -2.54
1.47116 1.98441 2.4752 1.45962 -0.91762
1.18261 0.56786 1.44401 1.90742 1.85909
2.23112 3.0022 4.17343 0.65592 1.74824
4.12524 -0.09375 3.34301 -0.58983 2.83209
5.70989 1.7537 3.02269 -0.76147 2.25469
5.58059 1.10915 4.36812 -1.33982 1.02017
5.6484 2.10122 5.92972 -0.87632 0.57355
6.37353 3.08905 4.8612 1.56492 -0.10465
4.9668 2.01653 3.68997 0.75208 0.79824
3.97884 0.97008 4.25023 0.53127 1.78007
3.05162 0.21662 5.30918 1.82437 1.5883
2.74737 -0.55687 5.47156 0.70975 2.27659
2.60435 -1.4262 5.65631 -2.84019 2.31854
2.41186 -1.26164 5.44046 -0.28619 2.63849
1.4902 -2.14303 3.31347 -0.89517 0.9472
-0.29396 0.21959 1.99411 0.60513 1.54998
-0.72073 -0.65888 -0.36056 -2.00077 1.43102
-0.32513 -1.58817 -0.8832 -0.22828 -1.80437
-1.84943 -2.27472 -0.64068 0.90203 -2.09059
-0.53669 -0.55849 1.09156 0.44538 -2.61779
-1.08142 0.65821 0.91412 -0.36874 -1.31321
-1.23983 0.30921 -0.49545 -0.16262 -1.7478
-3.01159 1.4795 -0.43583 -0.59227 -1.64155
-2.47461 1.79177 1.64144 -0.16199 -0.6205
-1.60063 1.77479 2.51632 -1.07893 -1.07276
-1.68556 1.1843 1.69724 -0.61085 -0.92279
-0.19621 -0.79417 2.8405 -0.05769 -0.46327
-0.64163 -1.95285 2.9976 -1.21215 0.93137
-1.91424 -0.36291 2.58663 0.00776 -0.26132
-1.06949 -1.8348 0.91309 -1.10364 -0.26328
-1.06613 0.05199 0.11291 -1.76528 0.01209
-1.07624 -0.06983 0.17906 -0.54881 -0.32905
-1.19721 0.41177 0.78806 1.25879 -0.72313
0.45615 0.31775 0.10994 0.61748 -0.74594
-0.54594 0.04379 0.22147 0.5789 0.21481
-0.36764 -0.24624 -1.43008 1.52204 -0.04697
0.51432 0.05742 -0.50306 0.70291 0.62747
1.30034 0.44764 -1.42258 1.90514 2.04094
3.27351 0.23376 -0.81502 1.85567 1.80013
3.37501 0.00841 -2.04982 -0.03645 2.36921
3.29024 0.47766 0.51174 -1.67272 1.42638
2.87519 1.75794 -0.88013 0.70958 0.29178
0.13942 -0.2177 -0.40962 0.55154 0.39361
-1.31668 0.1271 -1.0586 0.31399 1.25668
-2.55259 -2.05084 -0.36377 -0.70681 0.49138
-1.68197 -1.35961 1.19107 -0.67916 2.60405
-3.07312 -0.80497 -0.45403 -0.69857 2.73211
-2.12942 1.7386 1.643 -0.11924 2.19034
-0.1716 -0.01064 0.24324 -0.51995 1.90923
0.54327 -0.21397 -0.47741 0.29511 1.691
-0.12906 0.12064 0.37342 0.93654 0.26136
-0.32115 0.53038 1.51091 -0.21516 -1.71425
-0.72015 0.19698 -0.81446 -0.4268 -0.99625
-0.9105 -1.41916 -1.73542 0.16261 -0.62641
-1.85608 -1.51386 -1.61029 2.00353 -0.34862
-1.57613 -0.30358 -0.70109 -0.38753 -0.56175
-1.34459 0.36128 -0.89768 -1.40336 -1.12361
-2.38258 1.45394 -1.33641 -0.51132 -1.92458
-1.80902 0.69374 0.13645 0.63911 -2.84987
-1.29307 -0.18512 -0.19258 0.50737 -1.98056
-1.71464 -0.13475 0.58806 -0.14894 -1.88174
-1.12762 -1.99653 1.90378 -0.373 -0.53279
-2.82081 0.00143 2.7069 -1.08275 0.12549
-2.39085 0.4905 0.86192 -0.30958 -0.59252
-1.636 1.26283 1.12534 -0.19781 -0.77811
-0.22384 0.70888 -0.57904 2.03762 1.05064
-0.18441 1.12936 0.07074 0.84437 2.96329
3.03621 2.22481 0.19949 -0.4355 1.97449
2.9149 1.96317 0.61107 0.07067 1.24111
3.76226 -0.73126 1.54695 0.70231 1.02212
2.82452 0.76522 1.95556 0.34638 0.98693
2.64231 0.22704 2.59945 0.76199 0.70699
1.0038 0.79635 1.24317 -0.66487 0.52936
0.80021 1.42148 1.69105 -0.05619 -1.40878
0.09615 -0.67975 -0.83674 -0.66493 0.29698
-0.64017 -2.92434 -1.56635 0.81982 2.06783
0.24041 -2.39873 -0.82295 1.22866 1.24755
0.09995 -1.30669 -1.11684 -2.20093 1.46631
-1.65985 0.03664 -1.02799 -0.75184 -0.06233
-1.03292 0.08351 -1.51458 -1.61117 -1.33716
-0.27192 0.2762 -2.60969 -1.84216 -1.83876
0.54336 0.08845 -1.71162 0.10916 -0.44795
-0.21115 -0.53709 -1.50897 -0.72312 0.73609
-0.54167 0.93035 -0.07153 -0.30969 1.28385
-1.1844 1.91703 1.2955 -0.38881 0.38723
-0.80479 0.51659 1.41773 0.74244 1.25564
0.83866 -0.24073 0.37725 -0.30162 1.83665
0.60984 -0.42462 -1.10897 -1.45907 2.11634
-0.55892 -1.47972 -1.41515 -0.34484 0.37982
-1.26868 0.26159 -0.05199 -1.92302 -1.89448
-0.7591 -1.23624 1.52515 0.36063 -2.18949
-1.25026 -1.55387 0.99754 -0.33714 -1.80325
-2.79569 -2.59587 -1.94029 0.49915 -2.77612
-3.27873 -1.27184 -1.55349 1.21119 -0.95412
-3.44694 0.11471 -1.63249 -1.3415 -0.52755
-1.84835 -0.20382 -3.18802 -0.19604 -0.53366
-2.09771 0.97511 -3.35006 1.11385 -2.62785
-1.94185 -1.08273 -3.24478 0.04057 -1.11999
-1.82342 0.04159 -3.84983 2.25256 -2.64558
-0.42282 -1.454 -1.37515 -1.13512 -2.1782
-1.96235 0.96815 -1.05413 1.09792 -2.5072
0.58215 1.8069 -2.47776 0.79148 -3.63237
0.80561 0.70071 -2.47084 0.22579 0.36074
1.01532 -0.28465 -2.77912 0.43714 0.95301
1.00755 1.1937 -2.05821 -0.47206 2.73115
1.82516 -0.44412 0.65605 -0.30223 2.49203
2.05685 0.99635 -0.70628 -2.80522 2.26432
2.15153 1.26155 1.75343 -0.37498 1.84429
0.71403 1.38902 1.19238 0.27477 0.89736
1.15621 2.01725 -0.85647 -0.6075 1.90168
1.33063 1.3245 -0.99467 0.40253 -0.94168
2.22228 -0.01423 -0.20122 -2.10641 -0.97176
1.75653 0.76317 -0.50139 -1.69076 -1.25851
0.76479 0.81438 2.11982 2.19939 -1.11178
1.63378 2.2137 2.41962 -0.33605 0.50962
1.50212 0.16523 1.50109 1.35338 0.70094
2.16267 -0.30179 1.46633 -0.33195 0.39398
2.31277 0.90506 2.53248 -1.06581 -1.03089
2.48953 1.57218 2.5577 0.29439 -1.76649
1.28392 2.2445 1.3058 -0.60324 1.11535
2.67036 1.49973 -0.81336 -1.53845 1.72465
1.99819 2.2963 0.20621 0.31485 1.0785
1.56911 0.00473 1.00709 -1.0407 0.23561
1.21605 0.44973 2.48152 0.07644 1.04429
0.60533 2.00217 2.80942 1.31923 0.45321
1.54731 0.9515 2.33986 1.19529 1.03524
0.73262 -0.18225 2.84031 -0.46389 1.08115
0.78036 -1.09136 4.16551 1.1674 -0.32897
-0.3446 -1.15412 3.9622 0.29787 0.66443
-1.26663 -0.43773 3.19911 -0.77598 0.71657
-0.3446 0.13669 2.03019 -1.61913 -1.73346
0.52848 0.05765 1.78091 0.04366 -0.58956
-0.02081 -0.67706 1.27441 -0.3836 0.0416
0.53589 0.89966 3.22887 -0.91465 0.84078
1.92006 1.77687 2.58492 1.1908 -0.54483
1.2777 1.39058 0.95698 2.86921 -0.41318
1.2602 1.55484 0.33783 1.6656 -0.59112
1.65877 -0.3313 -0.4254 0.7789 0.09769
1.35268 -1.63813 0.42128 -0.08631 0.95785
0.78683 -2.25967 -0.47287 -2.45045 0.74204
-0.39527 -0.83154 1.07054 -0.73339 -0.73089
-0.62326 -1.32387 1.37614 -1.1582 -2.13059
-1.21471 -0.13109 1.91078 -0.13533 -1.81377
-1.69771 -1.52577 -0.41028 -0.21757 -1.73463
-1.4023 0.03978 0.45031 -1.12092 -1.59879
0.59915 1.1588 0.09943 0.11352 -1.26546
-0.1265 0.87655 -0.46035 0.01182 -0.06877
-0.16407 1.21932 0.3426 2.45247 1.3261
2.14737 -1.21672 1.31229 0.35358 2.18622
0.64162 0.66172 2.01526 -1.11707 2.86064
-0.49605 -1.73875 2.22838 1.01956 1.15694
-0.9265 -2.48155 2.25918 1.0885 2.29985
-0.8181 -1.18084 -0.95682 1.30113 2.55294
-1.01186 -1.11935 -1.96769 0.39394 1.5594
-0.51333 -1.21563 -1.35947 -0.10363 1.6652
-1.02178 -1.00377 -2.8817 0.43194 1.17395
-0.26519 -1.977 -2.95328 1.66474 0.50925
-0.77751 -1.40841 -2.68309 -0.87118 0.4262
-0.03751 -0.56303 -3.43287 -1.3211 -0.33485
0.16478 -0.11303 -1.98318 -0.86108 0.95713
1.27082 -0.88773 -4.0236 -0.60974 -0.21488
2.49839 0.37771 -3.45925 2.04634 -1.51678
3.22207 0.48568 -1.87295 0.41952 0.12256
2.49745 0.36873 -2.37493 -1.81382 -0.51496
2.99437 0.26785 -2.18075 -1.95409 -0.18002
2.81095 0.27933 -3.1295 -1.58211 -1.74746
2.2283 -1.41074 -1.72266 -0.63966 -3.23961
0.94117 1.07904 -0.85132 0.43769 -3.42197
1.33438 0.26882 0.25022 -1.09734 -4.55058
1.30687 1.67052 0.18042 -1.1609 -1.70284
0.9757 0.73566 -0.74002 -1.31006 -1.03468
0.85717 2.6516 -0.5516 2.04894 -1.83903
1.23368 2.67315 -0.56296 0.90984 -1.14008
2.77687 3.22826 1.18701 0.25924 0.21408
2.72835 -0.17982 0.60898 -0.20237 1.25529
1.61796 -0.26556 1.00776 0.97616 3.47233
0.60748 1.06402 3.11473 0.09101 2.63809
0.1086 1.49813 3.02146 0.86793 1.81812
-1.63805 -0.12023 3.77265 1.57655 3.01987
-3.33526 -2.02172 2.23121 1.06563 4.26452
-3.22748 -1.94789 3.6792 0.87313 2.64874
-1.9591 0.19933 3.9245 0.6064 2.59751
-2.64727 -2.45273 4.48615 -1.56234 0.22619
-5.74809 -3.36803 4.04416 0.26056 2.45343
-5.17975 -1.31801 3.36284 0.11131 1.83066
-4.31407 -0.06808 4.48337 -1.03147 -0.14555
-4.69026 0.1186 4.30006 -0.61059 -0.33344
-4.64395 1.70385 2.87759 -1.591 -2.53666
-4.19031 2.3691 2.63676 0.07721 -3.77848
-2.94427 1.55571 2.06007 0.37857 -2.59072
-2.86455 0.66077 0.39716 0.6766 -0.45943
-1.73451 0.77943 1.46014 0.10245 -0.21073
1.82659 -2.17553 2.31855 -0.65363 -0.53816
1.91543 -0.98868 3.47924 0.8269 -0.97545
0.44896 -0.6681 3.00632 -0.67102 -1.09482
1.733 -0.95297 2.27366 -2.35343 -2.57702
0.8375 0.98107 2.33787 -0.43919 -2.38082
0.56522 0.59881 1.4368 1.63148 -2.1225
1.27056 0.73639 2.65659 -0.84151 -1.12469
1.17274 0.78041 2.52341 1.40234 -1.65573
1.86075 0.6835 1.95145 0.67351 0.66877
2.53781 0.04924 2.52677 0.21093 1.33929
0.3663 0.89106 2.3428 0.29097 1.74454
1.26346 -0.13928 1.47728 0.67183 1.69183
2.311 0.5253 -0.65315 0.57675 1.45806
0.37964 0.50357 -0.37775 0.22875 -0.93784
0.82852 -0.96825 -2.35521 -1.9061 -0.28255
0.91911 2.59873 -2.00207 -2.01793 -2.91517
1.36489 1.27294 -1.89919 0.53733 -2.10934
2.3174 -1.50434 -2.62701 0.34345 -2.56059
2.00274 -1.15734 -3.51746 -0.34983 -1.18895
0.7963 -0.99046 -1.77914 -0.6285 -1.04936
-0.23635 0.12707 -0.80098 -1.10774 -1.18473
1.69623 -0.76468 -1.92149 -0.97371 -2.50707
1.76741 0.22966 -2.76091 0.54468 -3.83888
0.50615 -1.33777 -3.18789 -0.36729 -2.8698
1.39325 -2.44825 -1.56016 1.79324 -1.88988
0.87501 -2.25059 -1.50629 -0.41451 -0.81513
-1.53462 -1.11335 -0.58245 0.04528 -2.11347
-0.84237 -0.88138 -0.48533 -1.42337 -3.59135
-1.37396 0.38444 -0.65483 -1.69927 -5.42132
-1.73823 1.6938 -2.05923 -1.12617 -5.91821
-2.24988 -0.36213 -1.61038 -0.25525 -4.39095
-1.7642 1.27714 -2.16328 0.99464 -4.24224
-2.58204 1.65076 -1.27987 0.78217 -3.0302
-3.19123 0.80806 0.60128 1.03662 -1.11789
-2.38011 -0.53343 -0.76895 1.1212 -0.9065
-2.96091 -0.50808 -0.78993 1.01494 -1.14694
-2.12425 -0.00201 -0.36972 -0.38438 -0.41907
-0.78539 0.14101 0.38274 -0.48133 0.99102
-0.61589 0.35552 1.47286 1.96436 -0.49872
0.87888 2.5632 2.15031 0.00717 -0.23103
0.47697 0.8807 1.96016 1.13595 0.78518
1.17059 -0.9368 0.51716 -0.64056 3.41307
0.54652 -2.87052 -0.25923 -2.48804 2.94469
0.54584 -1.38122 1.25807 -0.49831 2.36967
0.30032 -0.5372 1.58877 -1.34143 0.97594
-0.31418 -0.60721 0.66607 -0.42466 -0.09425
-1.88132 0.51689 -0.15852 -0.09972 -0.87985
-1.85872 0.07099 -1.94468 -0.28862 -1.2072
-1.2609 -1.13591 -3.00711 1.8565 -1.36055
-0.69275 -1.15814 -2.88598 0.11108 1.62046
-2.48683 0.60402 -0.04574 0.60168 0.71236
-1.55708 -1.01985 0.35019 -0.94418 1.32046
-2.26125 -0.29278 -0.83914 0.37946 0.72322
-3.53696 -1.27753 -2.04906 0.70346 1.05716
