0.16219 3.45686 -1.38265 1.62379 -0.26279
0.75143 2.90026 -0.92727 1.16641 -0.15933
0.34516 3.43168 0.57931 -0.70852 -0.75169
1.84071 1.97176 0.22312 1.65666 -2.5806
1.17056 -0.00101 1.16591 0.94412 -2.45856
0.97588 -0.36318 0.7046 -0.34873 -0.17467
1.47852 -0.5958 0.59311 0.05759 -1.07516
-0.39749 0.81221 0.48586 -1.11609 0.13503
0.22629 1.2918 1.40961 -0.50355 -0.26084
0.57514 1.12143 1.21957 0.31995 -1.01016
-2.48176 2.07414 0.00173 0.69816 -0.64763
1.15378 0.22351 -2.41786 2.05826 -0.78936
-1.33738 0.82543 1.30182 -1.34892 -0.39608
-0.81174 0.93936 0.61095 -0.71232 0.03776
-0.61103 2.01512 0.77288 -0.93404 0.76048
-0.77586 2.5306 -0.10163 -0.17713 0.07022
1.17175 2.41689 1.92918 -0.18946 -0.3991
-0.12806 2.06769 0.56179 -0.23217 -1.55909
-0.86747 0.76712 -1.63423 0.89218 0.84474
-0.83063 -0.47736 -0.06354 -0.19932 1.61489
-0.36807 -2.82768 -0.77159 -1.41699 2.37231
0.07781 -2.35155 -0.42232 0.40886 0.95506
1.29518 -0.43939 0.90794 -1.10761 0.99053
-0.04812 1.67026 -1.3575 -0.85133 1.02046
-0.14387 0.59289 0.89223 -1.08967 -0.62848
-1.41212 0.67721 0.76281 -0.35714 1.47802
0.28862 1.27181 -1.02358 -0.18018 2.66834
-0.51314 0.83338 0.6688 2.51531 1.23822
0.15308 0.51129 0.72612 1.84625 0.15425
0.19799 -1.48439 -1.3815 -0.17571 -1.27596
-0.01928 -1.35317 -1.45715 -0.29896 -0.44703
-0.21242 -1.08278 1.88516 -1.53967 0.80596
-0.19388 -1.27437 0.592 0.87455 0.80456
0.53037 0.36273 0.09917 -0.93114 0.58236
-0.5909 1.13404 -0.05047 0.22155 -0.65268
-0.2798 1.26271 0.77944 1.38344 -2.61963
-1.00714 1.30525 0.35198 0.34042 -3.36653
-0.74397 1.96038 0.24488 -0.71694 -3.5704
-1.58947 2.88554 -0.24546 0.23065 -2.02212
-0.50953 2.63517 -2.46589 0.82332 -3.84181
-1.13218 1.93867 -1.36841 0.02166 -3.42007
-1.2689 2.08281 1.22692 0.99878 -3.34747
-2.42097 2.75426 -0.60871 2.86259 -3.12991
-1.88918 2.67355 -1.00788 1.77544 -0.86067
-0.05386 2.38108 -1.67819 0.00263 0.67036
0.58743 0.47276 0.20257 0.13808 3.40975
0.81251 1.79441 0.46088 0.05449 3.67463
2.29475 0.98599 0.37921 0.10676 2.50575
1.92331 0.44626 -1.53551 -1.47146 0.96437
2.33804 0.52641 -0.99092 -1.69633 0.99202
0.71526 0.65811 2.35258 -1.80856 2.24047
0.8836 1.44069 0.48382 0.91262 3.10683
0.81243 2.79596 -0.2696 0.69061 2.06033
1.53565 2.99457 0.99184 1.93968 0.89144
1.14935 2.67395 -0.11695 1.25772 1.29093
-0.2488 2.22277 0.98448 0.51008 0.72816
0.63417 4.15815 1.62144 0.79719 1.10631
0.11148 2.53703 0.14568 0.41927 1.15066
0.87062 4.15705 0.93833 0.96617 0.149
-1.19703 4.75668 0.62066 0.63681 1.5707
-0.41011 4.31974 1.62195 1.56916 2.4734
-0.12584 4.1483 2.47145 0.6258 4.23017
1.48841 3.18423 -1.06567 1.86177 5.15708
2.28431 3.11488 -2.819 0.9315 5.2614
3.15889 2.10805 -1.40828 -0.70504 7.08351
1.03947 0.91892 -1.06869 0.54929 7.75073
3.02366 2.05491 2.00431 0.1248 5.23392
2.58899 2.21427 2.92249 0.95518 5.7167
1.3916 1.70839 1.64701 1.53807 4.13176
2.66387 1.30183 2.40538 0.9507 3.94696
2.58543 0.88795 0.07773 2.84171 4.23691
-0.25351 1.83584 1.90739 1.24318 4.28509
1.19864 2.62726 0.00557 0.83376 4.0658
1.65919 2.4191 0.32807 0.82125 3.23784
1.71366 3.58283 -1.12675 2.13216 3.49707
2.06255 -0.07201 -0.23684 0.35047 2.35375
0.51193 -0.07352 0.57537 1.61365 1.4036
1.00813 -1.03349 -0.84216 1.39283 1.30948
0.62698 -0.64699 -0.25012 0.57655 1.26626
-0.67905 -1.4507 -0.30559 0.52597 0.92233
-0.87679 -0.21755 -0.3225 -0.96299 -0.05051
-1.16925 0.17104 0.73804 0.58763 1.37884
0.12712 -0.28916 -0.36949 1.34716 0.26279
0.72923 -1.46069 -1.78749 1.70526 -0.0606
-0.80206 -2.03956 -0.44639 -1.16948 1.46137
-0.54867 -2.62694 0.19172 -1.78245 1.04529
0.36758 -3.1085 -0.09651 -0.59454 -0.74219
0.36079 -1.80873 -2.21696 0.2091 -1.6875
0.65042 -2.43338 0.32441 -2.57348 -2.79987
-0.23482 -2.01179 -0.5204 -2.08028 -1.93435
-0.02427 -1.10261 1.36156 -2.49064 -2.21517
-2.73842 -1.66323 -1.21755 -1.47816 -1.80202
-1.9492 -1.22575 -0.41332 -2.39558 0.34971
-1.42935 -1.17975 -0.19613 -2.11004 0.68137
0.10027 -1.20262 -0.96811 0.71538 0.63777
0.46124 -0.62359 0.53908 -0.16378 1.49801
0.16328 -3.10057 0.93682 1.59445 0.96219
0.24947 -3.36157 -1.93663 -0.91124 1.69353
0.17267 -1.81665 -1.48642 -0.26336 -0.75785
0.24045 -1.1445 -0.22889 -0.93784 -1.63157
-2.19472 -1.1097 -1.01704 -1.52781 -0.70155
0.06578 0.49577 -0.72112 -2.48288 -0.4499
-1.12773 -1.03446 -0.23915 -1.81487 -2.5126
-0.39171 -0.8383 -2.32769 -0.4205 -1.75945
-1.06206 0.06283 0.23169 -0.99495 -1.32372
-1.06087 -0.86194 0.7997 -0.275 -1.09923
0.79906 -2.33088 -0.84761 -0.87707 -0.28597
0.61407 -1.85671 -0.79942 0.06209 -0.56089
0.41384 -2.24284 -1.43081 -1.91315 -1.09067
-0.46144 -0.05825 -0.2852 -0.92266 -0.49557
2.08349 0.78136 -0.69256 -2.77636 -0.70875
0.54862 0.5742 0.35248 -0.69543 -1.12239
1.85905 0.00565 -1.36294 -1.75504 -2.16502
-0.16207 -3.48063 1.60469 1.47885 -2.59885
-1.05898 -5.22103 0.19687 1.14592 -2.4837
-0.81472 -3.9608 0.85938 -1.05711 -3.98944
-0.75106 -3.42953 -1.83507 0.69526 -4.09031
-1.1263 -5.08034 -1.21238 -2.2 -4.08481
-2.11017 -4.40327 -1.07412 -1.40699 -1.85785
-0.29274 -3.41142 0.64072 -2.62585 -1.58532
-0.16355 -0.98398 -0.01352 -1.01915 -1.49581
-1.13963 -0.05946 -0.73266 0.23084 0.24478
-2.14407 -1.04972 -0.86467 -1.52809 1.38595
0.69943 -0.7255 -0.18838 -1.14668 1.24575
1.53714 0.81067 0.77709 -0.04508 2.27387
0.74595 -1.27928 -0.53064 0.82102 1.24653
0.47941 -2.23522 -0.67089 1.73148 2.71902
-0.62135 -1.25059 0.3528 -0.094 1.44888
-0.9245 -1.69417 1.18866 0.3823 0.20915
-0.87135 -2.23664 1.32101 0.28953 0.46044
-0.62713 -3.52602 -0.52956 -1.74762 -0.83791
1.20735 -4.16064 -1.83793 0.50154 -1.07704
-1.00057 -2.66471 -0.53369 -1.98747 -1.85451
-1.667 -0.46272 -0.27754 -1.74445 -1.73878
-0.86306 -0.77603 0.42104 -1.12253 -0.77036
1.01365 -1.53747 -1.13697 -0.2184 -2.03341
-0.06911 -2.50918 -0.19826 0.08159 -1.65154
0.17534 -2.59159 0.71047 -2.62209 -1.78962
-1.36566 -0.64521 1.38099 -2.81345 -1.85115
-2.82551 -1.22969 -0.23215 -0.8805 -2.40271
-2.31864 -1.86465 1.53988 -2.77326 -0.05602
0.77528 -0.6748 -0.69627 -1.7823 0.10647
1.10356 -1.444 -1.10485 -1.35922 -0.66643
0.22384 -0.80697 0.73665 -0.62324 -1.94823
-1.79376 -0.40032 -0.88919 -0.96299 -1.18358
-2.01085 0.8648 -0.41616 0.0848 -0.906
-0.36327 1.22413 -0.22183 -2.29857 0.51573
-2.00014 1.72825 -0.84023 -0.44508 2.37559
1.07846 1.94955 0.44058 0.44935 2.86065
0.66182 2.27343 1.0743 1.11979 2.85288
2.75177 0.33333 -0.02936 0.22675 1.7245
0.96049 0.15911 -0.12275 1.14701 1.7773
-0.01543 -1.08956 -0.22131 0.45378 0.57918
-0.58437 1.05754 0.94593 0.03836 1.32307
-0.06809 2.46174 -0.88166 0.68166 1.66072
0.46606 1.07354 -0.68371 -0.53417 4.03138
0.3951 -0.34468 -0.75814 -1.72679 4.72848
0.29766 -0.92308 -1.43156 -0.59223 2.87164
0.5627 0.28229 0.72496 -1.4512 0.36915
1.50083 -1.33685 -2.47048 -1.42401 1.20992
0.6507 -1.94232 1.88072 -2.17685 1.12021
0.31137 -1.24852 1.39227 0.69741 2.00705
-0.00466 -0.97436 -0.2155 -1.27287 0.88845
-0.97388 -1.17859 0.72566 0.30412 1.75515
0.58593 -1.11816 -1.22156 1.28356 0.91336
-0.58835 -0.52941 1.46699 -1.03426 0.4427
-0.12704 -0.83019 0.03554 -0.93354 1.17947
1.57289 0.51704 -1.11956 -1.43889 0.83327
1.97267 -0.15591 1.03861 0.36101 -0.85718
0.00709 -1.57995 0.5217 -0.8025 0.07674
0.03208 -1.03141 1.24277 0.80787 -0.08451
-1.56569 0.05551 -0.55505 1.6227 -0.16826
0.51966 -0.65635 -1.22582 -0.86562 -1.64889
-2.03016 0.46759 -2.46532 -0.99587 -1.38655
-0.914 0.11383 0.61594 -3.0558 -0.01948
-1.5396 0.77881 -1.71956 -2.20692 -0.60136
-1.36929 0.82274 -0.00908 1.03576 0.16479
0.41814 1.21279 -0.7792 0.41344 0.1498
-2.30853 0.73211 -0.69251 0.04604 0.87139
0.44583 1.04623 -2.1966 1.6649 0.05299
1.46204 -1.07138 1.20571 0.11268 0.54912
1.04753 -0.89317 -0.56375 1.57556 -0.88092
-1.03927 0.98818 -2.73104 -0.48183 -1.76214
-0.27948 1.0916 -0.27923 0.65279 -0.17044
0.31249 0.42148 1.33572 -0.77101 -1.59458
-1.08612 1.53338 -0.1507 0.67489 -1.78651
-0.84599 1.74309 -1.60416 -0.18626 -2.02974
-1.31118 0.76932 -1.95501 0.38479 -0.42768
0.08503 1.24514 -0.96848 0.4907 -1.94405
-0.22819 -0.04708 -1.31149 0.2606 -2.93677
-0.43638 0.20594 -1.27079 0.02472 -3.10996
-1.88552 -0.73958 -0.37303 -0.11376 -2.3706
-1.68532 -1.00557 1.80184 -1.84711 -2.78301
-0.84437 -0.17314 -0.7704 -0.94123 -3.33786
-1.62444 1.88857 0.49481 1.03536 -3.77278
0.41049 -0.62327 -1.79568 1.30104 -4.13303
-0.55563 -0.56091 -0.18823 -1.13323 -3.40593
-0.76132 -1.82268 -1.46787 -0.64208 -2.75178
-3.17523 -2.76031 0.92641 -1.3389 -2.00353
-2.41295 -3.16789 -0.44082 0.28029 -3.706
-1.39638 -2.7427 -1.52192 -2.41111 -1.00133
0.08324 -2.4678 -0.7489 -2.48631 0.22674
-0.85739 -2.82315 0.39947 -0.88221 0.43244
-0.75308 -2.48541 0.76199 -0.66318 -0.45758
1.9479 -3.51536 0.8032 -1.09387 -0.58033
-1.22475 -2.63146 0.22019 0.71525 0.80987
-0.10293 -3.1802 0.51047 -2.22987 0.71793
0.59747 -4.13062 -0.25689 -2.23198 0.38904
-0.35283 -5.70404 1.58094 -1.90636 2.24429
2.4759 -2.42343 1.04389 -0.0058 3.91716
0.79064 -3.09557 1.12365 -1.18156 2.63846
0.16513 -2.02692 1.81166 -1.15205 0.96881
0.52614 -1.32536 0.54936 -0.23762 1.42706
1.8815 -1.96285 0.90919 -2.1706 0.09473
-0.55031 -1.25589 -0.15515 -0.18532 0.02029
-0.22923 -0.74091 0.69809 -0.16281 -0.5689
-0.85783 -0.7793 -0.30537 0.13748 -0.07674
0.10362 -2.26832 -1.53796 1.11918 0.02146
-0.26886 -2.87462 1.61668 -0.76879 -0.29579
-2.46618 -0.93536 -1.12732 0.12902 -1.22676
-1.7751 -1.64755 1.16601 -1.67342 -1.22168
-1.01052 -1.01849 -0.23939 -0.29382 -1.46213
-2.47472 -1.08464 -1.16591 0.26483 -1.64055
-1.14942 -1.12709 -1.26787 -0.48112 -1.39219
-1.30047 -1.31701 0.0126 -0.76866 -1.53873
-1.70207 -1.23673 -1.32741 -0.8276 -1.39232
-1.32798 -1.4947 0.33313 -0.24872 -1.66995
0.02918 -1.87871 -0.51061 0.30667 -0.74723
1.35973 -2.97268 -1.56241 1.00254 -0.88971
0.45835 -1.37721 0.0057 -0.41952 0.94348
0.48164 -0.83708 1.36239 -2.14733 0.2688
2.78262 -1.13167 -0.07295 -1.61471 1.44407
0.73086 -0.58579 -0.61012 -1.59385 1.89173
2.3013 -0.96015 0.17019 -1.41649 1.73596
1.26319 -1.11838 -0.1114 1.04277 1.31788
-1.00338 -0.22888 0.17203 0.91465 0.34092
0.58854 0.37433 1.26824 -0.87993 0.62883
0.96062 1.30833 0.4252 0.37991 -1.03493
0.80567 -0.37646 0.13021 0.99483 0.60777
1.84045 0.08735 0.49457 -0.46004 1.44752
0.22545 -0.89214 -0.71618 -1.14314 1.20871
0.94924 -1.75083 1.3029 -0.02484 2.04182
0.90883 -1.86397 -0.69212 0.36916 2.42378
0.40847 -1.90933 -0.64044 -2.8955 3.35871
0.78636 -0.9737 -0.18271 -1.34851 2.3839
-0.06528 -0.27196 1.62778 -0.51145 3.1368
0.37902 -0.0328 -1.04726 -0.81212 2.19788
-0.44411 -0.03735 1.70029 -0.80816 0.10976
0.89746 -0.35104 1.21483 0.67829 1.27941
0.98366 -0.675 0.06193 0.10626 1.86169
-0.57138 0.63306 -1.38795 -0.40831 0.06474
-1.38753 2.5026 -0.25913 -1.672 -1.71935
-0.52765 1.97421 -1.19028 0.21345 0.10767
0.50356 1.67526 0.53187 1.01764 -2.09298
-0.89615 3.80064 -1.39541 1.7396 -1.38105
-0.27073 1.64211 -1.32515 -0.19887 -1.55481
-1.05458 3.69141 1.34216 -0.16904 -1.24712
-0.34969 2.28393 -0.50387 1.49468 -0.34939
-0.00019 2.75504 0.49756 1.01488 0.68607
2.18937 2.2668 -0.47506 0.99671 0.26432
-0.64417 2.10215 -0.35876 1.484 -0.90538
-1.00952 2.31859 -0.59515 1.7816 -1.34861
-0.63267 0.61374 0.02169 -1.40104 -1.08954
0.00188 1.15416 0.11307 1.80039 -1.3475
0.38368 2.52014 0.85963 0.64528 -0.78168
1.82651 2.68965 -0.41631 1.20514 -1.34506
1.38445 2.74719 2.75609 -1.55038 -0.20213
1.98242 1.9091 -1.0057 -0.31563 2.2559
2.18689 2.25057 -0.69217 -1.62312 1.13263
1.05482 2.69007 2.25708 -0.95606 1.29246
0.33727 2.71036 -0.83215 0.0289 -0.00746
-0.98738 3.15679 0.87094 -0.26607 -1.74035
-0.08538 4.15395 -0.36522 1.93335 -1.34534
0.68515 3.18303 2.06524 1.76692 -2.47357
0.97918 3.32444 -0.22082 3.58213 -0.84658
0.20386 2.13322 -0.70077 3.18691 -0.60237
-2.73808 2.0039 -0.76016 2.41525 -0.61358
-1.08617 4.66094 -0.39807 -0.01096 -0.3034
0.51945 4.28797 -0.05801 -0.1138 -1.09823
0.34937 2.99478 -0.45148 0.8099 -1.31107
0.32962 1.16845 -2.88289 1.04838 -3.42943
0.23093 1.32397 0.65136 1.11423 -3.70038
-1.13761 1.78785 0.21915 -0.99403 -3.65632
0.6446 1.52582 -0.14467 0.47296 -2.94767
-0.45989 2.76076 -1.09646 0.96942 -2.98553
-1.19869 1.81631 -0.02537 -0.50368 -2.95003
-2.53926 2.69137 0.85117 1.05797 -1.08645
-1.46247 1.65687 -2.44414 -0.2984 -1.74512
0.27076 -0.22264 1.02632 0.11847 -1.31811
-1.02413 -0.8212 -0.90249 -1.37039 -0.40524
-1.38822 -1.11284 0.478 0.46421 -1.39693
-0.03805 -1.83357 -0.89945 0.0053 -1.90895
-0.28592 -1.8001 -1.11204 -1.13712 -0.94898
0.75063 -2.16419 1.98981 -1.75473 -0.93749
-0.09114 -1.89687 0.37216 0.60703 0.09103
-0.22111 -1.79062 -1.3288 0.04692 1.21603
-0.09236 -3.3619 -1.34003 1.29398 2.41393
-0.47575 -1.21177 1.21221 -1.0724 2.73217
-1.09818 -2.67031 0.85052 -0.73561 2.46402
-0.62127 -1.14654 -0.82408 -0.15706 2.65604
