-1.84015 -1.89903 0.40957 -0.84793 -1.22359
-2.7204 -0.98849 -0.57938 -1.34329 -0.76159
-3.0793 -3.37484 1.11569 -0.70861 -1.86473
-2.3051 -2.56849 0.32168 -0.49196 -1.42027
-2.41925 -2.29987 1.55789 0.07638 -0.5304
-2.82241 -3.20873 0.12771 0.61348 -1.0397
-1.96128 -2.91676 1.23896 -0.91811 0.34422
-1.03185 -3.19498 -0.72788 -2.12235 -1.17947
-1.38333 -2.35537 -0.82382 -0.601 -0.74509
-2.54496 -0.00121 -0.68834 0.00599 -2.11759
-2.01204 -1.57091 0.5451 -1.70794 -1.91953
-3.93195 -1.26939 -0.30717 -2.33121 -1.34742
-3.27166 -0.05628 -0.41382 -2.12762 1.33948
-2.56492 -0.34244 0.31348 -3.29244 -0.44679
-2.63536 -1.3197 -0.65467 -3.53336 -0.71429
-1.73384 -3.05821 -0.26116 -2.3493 -1.1513
-2.13122 -4.19825 -0.07753 -1.17628 -2.01502
-2.45255 -4.50793 -1.08767 -1.43271 -2.76635
-3.40956 -4.91015 -0.20331 0.02463 -3.50547
-3.31615 -4.23863 0.18067 -0.75019 -4.92057
-0.60585 -4.01335 1.00038 -0.58478 -3.5662
-3.60458 -2.13732 -0.06357 -0.57392 -1.71948
-3.21767 -1.68264 -1.53396 -1.97868 -1.48917
-3.52696 -0.48902 1.09071 -2.27554 -1.25899
-4.07232 -1.85472 0.29431 -3.86453 -0.84733
-2.22168 -4.90317 1.56614 -3.56334 -2.93088
-2.24907 -3.08425 -1.31045 -1.68928 -3.10144
-2.54834 -4.16659 -1.33015 -2.16821 -3.16279
-3.55832 -3.69914 1.1153 -3.64356 -1.48647
-3.11477 -2.70297 -0.16116 -2.61807 -5.23097
-4.2579 -3.23571 0.5768 -1.55438 -3.57551
-3.04952 -3.89987 -1.42887 -2.51666 -2.24438
-4.38071 -4.54843 1.04879 -1.84263 -1.4427
-4.45703 -4.35785 1.2217 -1.72311 -2.7072
-4.15154 -4.85591 -2.4394 -0.62235 -2.17488
-4.5315 -4.99883 -0.78717 -1.24836 -3.11404
-5.97093 -5.23909 -0.20606 -1.59426 -4.71321
-6.48246 -4.81463 -0.41204 -3.18223 -4.9526
-5.71395 -3.62376 -0.03972 -3.70424 -5.33308
-6.1932 -3.28191 0.91461 -0.7734 -4.57499
-7.71195 -4.09818 1.89252 -0.31278 -3.46581
-6.66981 -2.83774 -0.12517 0.32559 -3.18041
-6.55457 -4.0632 -0.36072 1.86144 -2.8277
-6.64898 -2.412 -1.7428 2.66384 -3.29467
-5.5101 -2.74035 -2.79516 2.93681 -1.61422
-4.09349 -1.69082 0.50328 3.10114 -2.66033
-4.00095 -2.27704 0.71977 2.97612 -1.8359
-3.87877 -2.52121 -0.10166 3.22372 -1.85879
-4.51349 -0.67479 0.12472 4.06207 -2.61771
-3.17421 -1.69026 0.11954 3.60302 -1.33136
-2.15516 -0.02577 0.54663 3.82884 -1.81735
-3.0191 0.79265 -0.30723 4.42926 -2.10425
-1.91222 2.50624 0.81386 2.90732 -0.47508
-1.16188 0.92642 -0.90111 2.17984 1.63937
0.20144 1.14376 0.11277 1.41649 1.62503
0.10666 1.01589 -0.31409 1.46018 1.57845
-0.33458 1.21837 0.9255 1.90584 1.13099
-0.18142 -0.2677 -0.16838 1.21533 -0.02993
-0.095 1.05119 0.48088 1.75423 0.79354
-0.15923 0.40246 -0.79764 0.9465 0.38387
-0.77113 0.50905 1.13127 0.81088 1.12207
1.62898 1.08749 -1.27253 1.99873 0.03617
2.17524 -0.04434 0.55121 1.23217 0.74814
3.73271 1.58091 0.76093 1.04835 0.06455
1.54363 3.90985 2.19356 0.31871 0.05076
1.54569 3.04664 -0.25722 1.21369 0.41268
1.0201 1.83423 1.39072 2.79375 0.17404
0.53196 1.12338 -1.462 2.39139 -0.78415
-0.37704 -0.15387 1.00675 0.75708 -0.4969
-0.95084 1.91996 0.86694 0.02437 0.96504
-0.63793 1.09275 -0.08869 2.17092 1.01623
-2.10704 0.47089 1.57973 1.73234 2.24906
-0.11212 -1.14944 0.87809 -0.00185 1.43501
1.32586 -0.50445 0.20754 0.22124 0.04414
0.79468 0.56408 -0.31771 0.77225 0.70343
2.18924 1.09926 0.18948 1.15874 0.12265
1.71311 1.82773 -0.06157 1.2069 -1.13903
1.53087 0.71267 0.48021 0.90233 0.32685
-0.40397 0.82238 0.06102 3.24589 0.17268
-0.84424 1.48963 -0.74885 2.46559 0.00658
-0.16734 0.10286 0.2767 2.73501 -0.15206
-1.35873 3.31122 0.09622 2.26891 0.74735
-0.72527 2.09359 1.85565 2.5248 0.92702
0.73382 2.01666 0.14558 3.46194 2.02761
1.66328 2.02728 -0.31581 4.80048 3.43345
2.73817 2.86657 -0.96769 3.07242 3.75081
2.737 2.63032 1.14239 0.43499 3.39444
2.21056 2.5458 -0.87661 0.8532 2.34722
2.49936 2.94135 -1.53209 0.95805 0.02798
2.25578 2.09451 0.51011 0.3166 -0.17426
0.74425 1.1759 1.9872 0.86084 0.80206
0.83037 1.59021 0.56323 1.31205 -0.11328
2.1891 0.85742 0.97851 1.496 1.2773
1.9437 0.20956 -0.49046 0.84102 1.96985
1.94578 0.65083 -0.02344 0.3075 1.19105
0.54992 2.3311 -1.49259 0.02379 -0.05788
-0.49767 2.53037 1.02691 -1.04222 2.08528
0.12099 1.02421 -1.57711 -1.4012 0.57862
-0.14883 1.73399 -1.28076 -1.68711 2.14646
-0.39105 0.16561 -0.03086 -1.33997 3.03945
1.94457 -1.04603 -0.44639 -0.64646 1.23311
1.64644 -0.39053 -1.29974 0.0541 1.43983
1.73326 -1.60861 -0.15011 -0.25474 1.2168
2.54008 -0.46002 -1.33628 -2.14651 0.25648
-0.14039 -0.56785 -0.13399 -3.61696 0.51721
0.06703 0.57845 -0.78639 -2.90367 -0.1784
-0.66151 0.17232 -0.09461 -0.84092 -1.82174
-0.91229 -1.59186 -0.65724 -0.78842 1.08079
0.66761 -4.4152 -0.36353 -1.83226 0.56043
1.95935 -3.2846 -0.94862 -0.38039 -0.63757
1.34449 -0.18099 2.01295 -0.85909 -0.2356
0.32519 -0.35492 -2.51125 0.1887 -1.67118
-0.52554 -2.63729 1.17465 0.90398 -1.288
-0.87464 -1.82747 -0.70271 1.01699 -3.28215
-1.88489 -0.74229 -0.47272 1.72364 -0.81143
-1.65428 1.30022 0.25535 1.48811 -0.80861
-2.53479 -0.74078 -0.25374 1.55882 -1.24166
-3.42968 -1.85651 -0.83891 1.30345 -1.23053
-2.8806 -1.80315 -2.28909 1.93527 -1.45384
-1.90912 -1.40926 -0.06302 0.55656 -2.76685
-2.54593 -1.01699 -0.55212 -0.39305 -4.40571
-4.69218 -0.74179 -0.28165 -0.95692 -2.78565
-3.85734 -0.75759 0.0683 0.86183 -3.91854
-2.20519 -0.90872 -1.19333 1.57721 -3.40073
-2.49441 -1.72764 -3.61249 0.71296 -1.33754
-3.20538 -1.5852 0.83871 1.6037 -2.17223
-1.41045 -0.08444 -0.94351 0.99436 -2.15369
-1.97078 -0.58265 -0.03587 -0.50999 -1.9647
-1.29192 -0.5349 1.21315 0.11212 -2.34879
0.60719 0.08428 0.97532 -1.15462 -1.13749
-0.77648 0.0369 1.52099 -1.36795 0.06566
0.61861 0.8586 0.06731 -0.10682 1.13327
1.52746 0.16217 -0.44633 0.24156 0.3761
2.56463 1.1865 -0.11274 -0.34681 1.10955
2.03432 2.35305 -0.20038 0.73688 0.20133
3.60382 3.16369 -0.8913 0.12486 1.01515
1.58124 3.26349 -1.15653 0.4048 1.80495
1.56919 3.9411 -0.47655 -0.49118 4.27526
2.24437 1.60314 -0.07441 -1.60998 2.29605
2.12047 0.78754 -1.14355 -0.98881 0.65205
0.97254 2.9016 -0.04614 0.41259 -0.84739
1.18823 1.77208 1.47725 1.78944 1.24124
2.12887 0.5224 -0.12106 0.54149 1.51879
1.95503 1.19549 1.60025 0.64927 2.1811
3.75583 2.62205 2.07032 -0.19536 1.43615
2.79847 3.65132 -0.23541 -0.16086 1.09068
2.36686 2.46625 -0.80244 0.29171 2.75656
3.50927 3.67274 1.14685 -0.95539 3.67705
4.84167 2.02274 0.02997 -1.16623 4.67346
5.68136 0.82762 -1.20645 -1.92889 2.77063
4.19104 1.84345 0.71762 -0.88861 3.62821
4.99172 3.67477 0.83045 -1.57107 2.92481
4.4453 3.72705 0.54518 -1.99622 2.65154
2.93527 3.31171 0.9912 -2.33338 2.73303
3.01428 3.69534 0.05217 -1.57809 2.86918
3.10083 0.01218 -0.06202 -1.80299 2.54559
2.7176 -0.10692 -1.50784 -3.65464 1.94457
1.67085 0.94963 -1.12756 -2.90686 1.60307
0.75851 0.87744 0.06585 -1.09954 -0.03086
1.97568 -0.13142 -0.36504 0.05178 0.43752
2.28066 -0.54167 0.90711 1.32948 -0.14202
2.81728 -1.3684 -0.46012 -0.49046 0.15991
2.9531 0.49632 0.37102 -0.97003 -1.19149
0.28713 1.53729 -1.68227 0.5839 -1.32237
-0.08869 3.13414 -0.64951 -0.15882 1.09603
1.32285 3.29815 0.67814 0.61234 0.74452
2.4516 2.4459 1.14612 -2.63763 2.23886
2.32936 0.95274 0.55678 -2.28045 3.28806
3.76229 0.05947 0.16304 -1.60865 1.66696
1.90991 -1.1381 -0.80567 -0.03041 1.21297
2.29988 1.33083 -2.58965 -0.20753 0.3483
2.73465 2.48992 0.36399 -1.05584 1.24499
2.42467 1.55432 -0.42785 -0.70979 -1.12484
-0.47014 2.04768 -0.53027 0.21349 -0.95345
-0.33396 1.4589 -1.30465 -1.94972 1.27434
1.05917 1.5407 0.51651 -1.58876 1.32146
2.53997 2.15404 -0.57815 -1.97726 0.6811
1.61576 -0.81612 -2.85744 -0.30077 1.6065
1.32657 -0.16905 1.35678 -0.91517 -0.26404
0.31352 1.13782 1.10339 -0.29858 -1.36852
-1.44764 1.10101 -0.83891 0.6056 0.02772
-1.65252 1.43079 -0.25729 -0.13413 -0.70671
-0.49982 0.83931 1.08052 -0.58251 -0.21823
0.41493 0.0589 0.09156 1.1164 -0.67998
-0.54412 -0.27825 -0.97693 1.33804 1.55698
-0.46088 -0.43328 -0.41021 1.09495 2.39102
-1.41269 -0.6671 -0.3528 1.41464 -0.07385
-1.76336 -1.11944 2.21087 1.72792 0.80142
-1.5741 -1.65977 -1.90258 1.35934 0.34385
-0.93119 -2.01076 -0.64016 1.79431 1.29884
-1.96377 -0.67922 0.7819 1.89616 -1.3575
-1.35456 0.93369 -1.44078 1.85791 -1.3442
-1.23354 1.99378 -2.05924 0.82941 -1.45032
-1.58231 0.91265 1.02869 1.45454 -1.04606
-0.84304 -0.01767 1.38956 -0.3723 -1.37565
0.26626 -1.13523 -1.05103 0.01863 -1.62303
-2.11192 0.47851 -0.54738 1.72622 0.45992
-0.87577 -0.52337 1.61605 3.15556 0.94132
-2.4544 -1.14271 0.24552 2.85315 1.48792
-0.50336 -1.53545 0.5124 2.21661 0.98859
0.90109 0.2343 0.1678 1.07926 -1.54433
0.51783 0.89071 1.07023 1.60341 -0.74483
0.70738 0.90332 -0.72603 0.48886 -0.22304
-0.5034 0.49973 -0.81556 2.39961 -1.69522
-0.54827 1.48363 0.34079 1.57468 -0.79701
1.27133 1.67551 1.1032 2.36354 -1.17983
0.68996 3.50611 0.90998 1.3849 1.70646
0.80512 4.22017 -0.0316 0.67958 0.79509
0.82876 3.4633 -0.26751 2.86002 2.47044
0.2337 1.63037 -0.69645 3.37748 2.43087
-1.50223 0.9791 0.23046 2.75859 1.70799
0.44938 0.44236 0.57642 1.88891 1.11628
0.57723 -0.23166 -0.29971 3.09058 1.47737
1.08312 -1.40675 -0.66129 1.43358 0.16028
0.35261 -0.60443 -1.04722 -0.16108 -0.27902
1.48876 0.61644 0.83045 0.11231 -1.71908
1.02633 0.6386 0.01266 0.17747 -1.10714
0.13794 2.4262 1.06185 -0.76983 1.10282
-0.51327 1.0449 -0.66198 0.64371 0.65609
-0.96619 1.93304 -1.77293 -1.19765 0.48371
-1.7449 0.67615 -0.57589 -1.32585 0.71454
-0.39498 0.52951 0.78842 -0.55119 1.67657
0.75934 -0.45413 -0.41593 -1.24041 1.0751
2.02717 -2.12198 0.32379 0.01948 0.57052
0.7901 0.32712 -0.08863 -1.91551 -0.34171
1.62647 2.23096 0.61002 -1.42211 -0.07073
1.1275 1.61029 -0.80782 0.00145 -0.61865
0.77211 0.08785 -0.47502 -0.18549 -1.02683
-1.19123 0.26931 1.93467 -0.69328 -0.43304
0.46041 0.354 -3.30316 -0.0259 0.05633
0.40757 -0.79895 0.70031 0.83989 -1.23917
-0.37838 2.69209 -0.07024 1.52063 -0.62094
0.41954 1.23209 -0.53843 2.56718 -0.96069
-1.64359 1.09979 -0.56719 1.59695 0.51546
-1.21681 2.98675 1.0869 0.18004 0.29207
-1.50907 1.01635 -0.15133 -0.25262 -0.13833
-0.33756 2.00563 -0.41205 -0.70439 1.68473
-0.40896 -0.09737 -0.11684 -0.20091 2.75084
-0.54875 -1.39375 -0.55673 1.33063 0.86088
-1.59402 -1.50807 -0.1955 0.73081 -1.02481
-0.4686 -1.72503 -0.93536 2.00066 -2.74146
-0.06848 -3.72295 -0.4802 1.05853 -2.31329
-0.90962 -1.03629 -0.00609 2.07576 -2.96045
-1.04511 -0.37902 -1.283 2.59283 -2.58483
-0.98153 1.04361 -0.51775 2.92152 -2.83168
-0.26485 2.12758 1.28061 3.9595 -0.3471
0.3316 2.58126 0.81758 3.15228 -2.41005
0.83507 1.72432 -0.72387 4.53172 -1.76634
-0.0332 2.74229 -1.29266 3.74401 -0.24737
-1.83578 3.32584 -0.28138 3.03125 -0.92299
0.88694 3.0549 -1.00996 2.82368 -0.27955
0.86554 2.89434 1.22683 1.94351 -0.59596
0.57452 0.66623 -0.85709 4.24496 0.62078
2.50271 -1.08565 -0.61223 4.71493 0.30217
2.79653 -0.68901 0.28082 5.25455 -0.66632
1.83281 1.25079 0.90595 5.25715 -2.30463
1.56287 3.11718 -0.66885 3.81712 -3.13617
1.96208 3.18999 -0.52132 3.80466 -1.71624
2.52769 3.74146 1.03144 3.4809 -1.81594
2.63892 3.87318 0.37273 2.66257 -1.1642
1.57123 2.17529 0.14175 4.09325 -1.37111
1.98317 3.02763 -0.10069 3.63119 -0.70855
0.19309 1.93339 1.29265 2.51825 0.38148
-0.276 2.35468 -0.71288 2.30116 -0.12387
-1.8801 4.03189 -2.39951 1.18251 0.55896
-1.18185 3.02073 1.92762 -0.27401 0.04851
-2.09015 2.44433 1.61974 0.14035 0.41314
-1.23685 2.65135 -0.83913 0.88931 1.28633
-2.086 1.76121 1.529 -0.42561 2.3574
-1.30746 1.9573 -1.1438 -2.12954 0.00025
-1.72852 1.92538 -1.48885 -1.59606 2.43801
0.26878 0.24789 -0.29798 -0.77203 -0.56155
0.57858 -2.79912 0.28948 1.14409 0.51181
0.80447 -2.1472 -0.45583 1.72117 0.29216
0.25378 -0.95315 0.61855 1.6716 -1.30919
0.81088 0.99304 -0.0255 1.63801 -1.37361
1.22557 1.05755 1.08814 2.49465 -0.68537
2.49414 -0.15725 -1.38564 1.92901 1.44984
0.78406 0.15886 0.15042 2.02296 2.58229
2.79405 0.31302 -0.2761 0.44095 2.65773
3.43319 1.89072 -0.45014 0.59325 1.8329
2.67299 1.99151 -0.26779 0.00239 2.09053
2.47202 3.06818 0.29389 1.86087 2.35419
0.21105 1.94319 -0.33621 1.50037 2.41584
2.28651 0.55694 0.1333 2.84579 2.10629
1.87772 0.81786 -0.33647 0.03834 1.16504
1.07523 3.06286 0.83451 -0.91988 -0.34668
0.08135 3.90185 -0.32226 -2.74564 0.46074
-0.33844 2.9766 0.5724 -0.65853 2.06989
0.31216 2.4938 1.95653 -0.80665 2.06566
1.45918 1.6014 1.02124 -0.62939 2.08572
3.57673 1.42807 -1.33587 -0.85085 2.9112
4.20816 -0.43588 0.5658 -0.72884 2.24724
4.48799 -1.38248 0.4871 -1.10135 1.3385
3.81597 -1.21198 -0.77961 -1.55242 0.91372
1.77482 0.73505 3.35188 0.18015 2.10424
3.29654 0.89295 -1.09206 1.42045 0.98992
1.89587 0.11995 -0.33636 -0.40035 2.51546
0.46503 1.10341 -0.01772 -0.10378 2.43821
2.13622 2.46596 0.6957 -0.86103 1.99224
