1.93902 43.08742 0.50614 39.1006 87.94739
1.30276 44.18441 0.02318 38.09102 88.01561
1.81965 44.81706 -1.15703 37.70525 89.30805
1.30478 46.62653 -1.67482 37.75492 91.1123
1.83141 50.40925 -0.41415 35.3337 93.42615
-0.69144 51.07798 -1.52891 34.40239 94.45749
-1.05973 51.00494 -3.16051 34.37212 93.06575
-0.90518 54.16603 -2.33079 33.85552 92.54161
-0.93932 54.40971 -1.57329 33.23821 92.99995
-2.2937 55.18106 -2.54616 30.9524 92.25053
-3.74266 54.63107 -2.26339 29.55617 90.48252
-4.35419 55.27115 -2.75806 26.54176 88.11884
-5.05809 57.11342 -2.24194 23.94618 86.10897
-4.16172 56.6141 -3.68151 22.7013 83.85795
-2.61267 58.56454 -4.60872 20.77623 83.0181
-2.03129 59.26611 -5.12857 18.5164 78.65749
-1.48195 55.94599 -4.97638 13.4526 74.74821
-0.32699 56.67516 -4.19717 9.63826 70.33896
-0.2332 56.11118 -4.84741 8.49331 66.43922
-2.116 53.34396 -4.08283 7.13185 61.8826
-1.11868 54.25022 -2.89551 4.20882 56.8326
-0.95069 50.67141 -3.89643 1.94692 50.85138
-1.68021 48.80726 -3.99016 0.48676 46.76684
-2.07705 46.44017 -2.46178 -0.41434 40.03183
-3.84786 42.11421 -1.37011 -1.04992 35.33912
-3.21761 41.32832 -2.72903 -1.97611 33.15012
-2.88517 38.21732 -1.63866 -0.88161 30.04297
-2.97164 33.85096 -2.28347 -2.81614 27.11624
-1.45381 30.4833 -2.96532 -2.45672 23.09693
-0.89144 27.63604 -2.12732 -3.37035 20.9146
-1.80683 25.69618 -2.11287 -2.29946 18.62128
-1.24721 23.51358 -1.35736 -3.74539 14.28147
-2.39711 21.6276 -1.29205 -4.89042 12.08294
-2.68259 18.36993 -2.31936 -5.04834 9.49191
-3.26345 16.49817 -2.97053 -6.06123 8.5623
-4.88261 13.72864 -1.60907 -7.03186 4.70772
-4.91267 13.4854 -1.57302 -6.46603 1.70186
-6.3546 11.18898 -2.61963 -6.54314 -0.08836
-6.14944 6.84226 -3.32745 -6.69164 -2.1417
-5.48677 5.87787 -4.12875 -7.55598 -3.39528
-5.19369 6.79485 -6.67904 -11.85767 -5.55319
-5.29057 4.01201 -6.79839 -13.03694 -7.83925
-5.87747 1.99489 -6.69209 -16.88237 -10.80148
-6.5633 1.01064 -6.31548 -19.45413 -15.2574
-5.52498 -0.95077 -7.15114 -20.60001 -19.30898
-5.22395 -1.51889 -7.63733 -23.51425 -22.5282
-5.07737 -2.18404 -6.77858 -26.10503 -25.82133
-5.0608 -4.70898 -6.23993 -27.78645 -29.21257
-5.61862 -7.32712 -6.09611 -28.7281 -33.44832
-5.0345 -9.75716 -6.67337 -28.26079 -35.78128
-4.81358 -11.00628 -6.61618 -28.24761 -40.38977
-3.04113 -13.12886 -5.96601 -27.7657 -42.13422
-2.75621 -17.05421 -4.76207 -29.89247 -44.91966
-1.39188 -19.33879 -4.0177 -30.35373 -46.01476
-1.96599 -18.33617 -3.96017 -32.3237 -50.01789
-2.08119 -20.18158 -4.65708 -32.56932 -51.50474
0.71464 -22.78294 -5.68003 -32.92923 -53.32001
0.2911 -25.27214 -3.75292 -33.23149 -56.10874
-0.14247 -26.65807 -3.0912 -32.71973 -58.6176
-2.35732 -30.23464 -2.82219 -33.23434 -61.05737
-3.87095 -33.2308 -3.45345 -31.6858 -62.05719
-4.48896 -33.29299 -3.46103 -30.76115 -63.61277
-5.94109 -35.42251 -3.30477 -30.36641 -64.12233
-7.93466 -34.096 -3.33528 -29.91973 -64.85226
-5.32625 -36.26624 -5.63073 -29.43447 -66.31985
-5.56949 -35.26669 -7.52291 -31.13258 -66.1424
-5.06463 -36.89453 -7.93003 -34.23368 -68.18414
-4.98995 -37.59425 -7.2142 -35.69878 -71.0535
-6.72373 -39.50211 -4.27391 -37.32488 -72.19762
-6.65578 -41.59094 -5.158 -39.69176 -72.97717
-6.59588 -42.7599 -5.99938 -38.67293 -75.62382
-5.31235 -43.03284 -6.45879 -38.48777 -79.41968
-4.68546 -45.64594 -5.35174 -39.28061 -80.47015
-3.17164 -44.75335 -4.07024 -41.51499 -82.7784
-3.89898 -44.24744 -5.54423 -41.15658 -84.48583
-2.64913 -45.89674 -5.19306 -41.32241 -86.27345
-4.06691 -47.06377 -4.25463 -42.39695 -88.96075
-4.41472 -48.63453 -3.65498 -42.78506 -91.22798
-3.63638 -46.84101 -3.68768 -42.67793 -93.54522
-3.75398 -48.53754 -3.71683 -45.64692 -96.45057
-5.1319 -50.07569 -3.85667 -44.26773 -97.85983
-4.68967 -52.76852 -3.49544 -42.58648 -99.20787
-4.51182 -55.4045 -4.44454 -43.00402 -97.48821
-4.85815 -57.19483 -4.44007 -41.80854 -98.53671
-3.74984 -59.16437 -4.78364 -41.70293 -99.67878
-3.74766 -59.13585 -4.37256 -41.67695 -99.48647
-4.66736 -60.62175 -4.88505 -42.94445 -100.89066
-5.46688 -60.09015 -7.68748 -42.90936 -101.69862
-5.37819 -63.01492 -7.58649 -43.13009 -101.91992
-5.72139 -62.97997 -7.1622 -42.8369 -101.6937
-5.42271 -61.17286 -4.35794 -43.18513 -101.78253
-3.90087 -62.0772 -4.95256 -43.72356 -102.96172
-3.24054 -61.11022 -4.26245 -44.08866 -104.06931
-5.48057 -63.0801 -4.57285 -45.3299 -104.55043
-4.76582 -63.67458 -4.57776 -45.44518 -104.47617
-4.61527 -64.62633 -4.13522 -44.377 -106.78529
-4.77018 -66.33211 -4.20074 -45.60741 -108.68396
-5.50873 -64.55897 -2.82501 -44.85509 -109.51218
-5.6956 -65.86832 -4.43993 -46.69613 -108.21549
-5.64581 -66.24604 -4.87485 -44.53992 -111.51299
-5.34824 -67.46799 -4.54061 -44.89326 -112.17282
-5.67994 -68.23718 -5.53267 -46.43256 -113.62984
-7.0465 -66.9623 -5.83035 -47.26699 -114.62347
-7.86926 -66.0418 -8.36939 -48.05001 -115.25381
-8.00604 -67.90226 -9.73106 -47.73788 -114.19992
-6.81717 -68.28822 -8.92892 -47.65129 -111.7352
-5.40945 -68.7525 -10.53541 -47.92842 -110.59002
-7.1172 -69.43732 -10.90856 -49.99539 -111.84235
-6.29096 -70.47917 -11.50313 -51.15751 -113.1909
-8.34593 -71.43062 -10.53818 -53.21891 -116.82457
-8.36413 -71.38968 -10.19201 -55.06371 -120.1115
-7.0843 -69.66587 -9.62065 -55.55069 -122.0154
-7.40771 -68.57501 -9.52991 -57.34095 -122.74467
-6.59112 -69.47681 -9.99866 -59.53542 -126.53962
-8.42254 -70.36539 -9.17837 -61.34589 -127.49387
-7.58505 -72.58595 -9.61096 -62.15015 -131.04407
-7.52251 -73.23238 -8.41545 -61.89245 -133.88913
-6.90392 -75.15742 -8.88005 -64.90242 -136.33548
-7.06283 -76.70918 -7.89727 -64.8079 -138.92673
-6.56705 -75.86611 -9.09142 -65.16817 -139.85228
-4.57519 -78.03743 -7.17765 -65.1813 -141.64616
-4.9168 -79.89754 -5.79089 -65.84167 -143.62701
-4.12778 -82.25925 -6.32142 -67.38351 -144.88982
-4.67457 -83.27746 -6.31571 -67.62717 -146.98238
-3.50549 -83.87587 -7.29421 -66.29906 -147.70566
-1.8904 -86.95654 -5.95545 -65.16422 -149.03917
-1.05457 -85.8511 -4.61325 -63.1171 -149.86024
-1.31769 -87.68942 -4.02188 -62.49842 -150.4762
-2.40182 -89.05606 -3.94986 -61.98541 -151.15833
-2.58329 -91.61192 -2.52064 -59.9345 -152.36177
-1.24849 -92.61345 -3.96014 -57.81327 -153.03064
0.51187 -93.37305 -3.31937 -56.59131 -152.03697
0.94564 -92.6059 -2.5269 -55.46099 -151.86943
1.52788 -92.89142 -1.76786 -54.40004 -149.71388
-0.32546 -95.35695 -1.08709 -51.95222 -148.68057
-0.50841 -94.46001 -2.49899 -50.7977 -145.71642
-0.06981 -93.62534 -1.83621 -47.58194 -142.96988
-1.15506 -95.17367 -1.79145 -45.6184 -140.09633
-0.86225 -94.60842 -1.75905 -46.09566 -138.16222
0.18141 -92.81876 -0.41299 -44.71804 -136.30965
1.34325 -92.67859 -0.55452 -44.7635 -133.91788
1.64649 -90.79263 -0.3066 -39.91608 -131.03122
0.37139 -89.93492 0.34006 -37.40821 -129.66528
-1.66955 -86.60054 0.33173 -34.85965 -125.57996
-0.22957 -87.38475 -0.08053 -33.41567 -121.01874
0.88789 -86.61154 1.31129 -31.58181 -117.45597
0.80816 -84.80655 1.23669 -29.79313 -113.36443
0.97007 -82.87819 0.91794 -27.45137 -110.25963
0.8888 -81.66815 0.10543 -26.24754 -106.77493
-0.0635 -78.71819 0.50741 -23.46833 -104.25546
-1.45394 -76.19198 0.26981 -21.77613 -99.71669
-1.02711 -74.55995 -1.05779 -19.8129 -94.94534
-0.7513 -70.72321 -1.73281 -18.03826 -90.72627
-0.7513 -69.14328 -0.73923 -18.55705 -86.94614
-0.81143 -67.41663 -0.90028 -19.32108 -84.34341
-1.27772 -64.94695 -0.94115 -17.59698 -79.62268
-0.70294 -61.8615 -1.28599 -16.06322 -74.98737
-1.3842 -61.22871 -0.53968 -13.8225 -69.69249
-3.16055 -60.23765 -1.36816 -14.48942 -65.5518
-1.85888 -56.75339 -4.05004 -13.97708 -62.77938
-2.7528 -54.53594 -3.20863 -14.71434 -61.26328
-3.3693 -51.90421 -3.7984 -15.4922 -59.2939
-2.75905 -49.34255 -5.40491 -16.17537 -58.30368
-3.47999 -46.11189 -7.27409 -17.70643 -55.75011
-3.16742 -42.19833 -6.45147 -19.948 -54.32914
-3.99244 -39.70828 -4.86726 -21.33105 -53.36921
-4.62994 -38.32498 -6.1713 -24.02647 -53.73799
-3.60031 -38.31827 -5.92736 -24.94579 -52.10196
-3.7022 -38.38112 -5.01519 -26.14406 -52.67665
-4.75928 -38.09242 -5.31913 -25.88563 -54.75484
-4.45991 -36.44723 -4.28802 -27.54863 -55.71894
-4.5418 -34.73087 -5.00727 -28.37416 -57.91906
-4.34366 -35.112 -3.99137 -29.83616 -60.10607
-5.67165 -35.28957 -4.52984 -31.76723 -62.01707
-4.82659 -36.41661 -4.94638 -32.67105 -63.11105
-4.56939 -34.22567 -5.49453 -31.14568 -64.69901
-5.67148 -34.91573 -7.18611 -30.96981 -64.38527
-5.83951 -35.0642 -7.28187 -31.6103 -64.80541
-3.44491 -36.77288 -5.54941 -33.37178 -67.78544
-3.92813 -37.75438 -5.57977 -35.99599 -68.06006
-2.68807 -38.97063 -5.70665 -35.66 -69.33665
-1.74483 -39.01802 -4.65983 -36.84291 -71.99941
-4.03941 -39.67751 -4.92588 -38.96885 -73.71704
-3.01752 -41.53563 -3.49862 -39.72503 -75.29508
-3.43652 -41.92713 -3.39522 -40.10045 -78.16554
-1.76965 -44.2373 -3.7908 -40.27149 -79.83122
-1.08013 -42.47899 -2.36452 -40.30377 -82.32115
-2.56515 -43.29537 -2.07852 -39.69168 -83.42445
-1.77969 -44.21514 -4.14715 -38.52351 -86.38522
-1.59354 -48.34081 -2.03294 -38.5416 -86.42187
-1.00246 -50.13332 -2.95523 -37.08653 -89.28402
-0.88402 -51.50348 -1.61178 -37.12094 -89.46286
-0.52461 -50.03113 -1.92175 -36.50888 -89.91071
-0.79101 -51.12431 -1.60917 -33.37988 -90.23745
-1.16125 -53.14697 -2.21057 -33.14071 -90.06264
-1.5763 -53.4351 -1.78191 -32.45579 -88.6124
-2.96128 -55.45755 -1.06037 -30.735 -87.88162
-3.30412 -54.80326 -0.84874 -30.76089 -87.50021
-2.88403 -54.14523 -1.62161 -31.60381 -85.91821
-2.19372 -54.12759 -3.08305 -31.66911 -85.11713
-0.7334 -54.03008 -3.59789 -30.84933 -83.71921
-1.29506 -54.35234 -3.32895 -30.21747 -83.03802
0.26274 -54.55347 -3.34259 -30.53876 -81.19913
1.06452 -53.63526 -2.47771 -30.98627 -81.52496
0.00033 -54.02935 -2.78636 -31.00524 -81.07362
0.25136 -53.78849 -2.84426 -29.92183 -79.20311
-0.71373 -54.9443 -1.74718 -30.70474 -79.70825
-0.00914 -52.12472 -0.80856 -31.1172 -77.83031
0.46931 -51.47839 -1.45661 -30.81042 -78.69324
0.8287 -51.23097 -1.38561 -29.2711 -77.74091
0.09105 -50.06192 0.12647 -28.32681 -77.33089
0.48704 -48.05376 1.77386 -26.60518 -76.76813
-0.28564 -47.69978 3.80036 -23.80853 -75.98402
-1.25039 -47.35041 3.61815 -22.30276 -73.85583
0.45384 -47.01674 2.23899 -18.8338 -70.51377
0.37236 -47.57547 1.78582 -17.68625 -68.30093
-1.2149 -47.40934 1.78193 -17.1485 -63.83832
-0.35273 -47.47076 1.80602 -15.65277 -60.08892
-0.74485 -45.98028 1.40723 -14.56363 -56.60447
-0.11784 -45.33949 0.392 -13.45199 -55.48055
-0.04116 -42.98664 0.28574 -11.92569 -51.7934
-0.50798 -42.49647 1.5703 -11.28727 -50.00018
0.48602 -40.47275 -0.07563 -11.08221 -48.62148
0.77071 -38.28267 0.38025 -12.2061 -46.89988
0.94278 -36.67831 0.01182 -12.04293 -42.94199
1.40215 -35.12991 0.26356 -9.89763 -40.92315
0.1676 -33.26369 0.9161 -9.98518 -38.7175
1.15884 -32.92706 0.06479 -9.36692 -37.98251
2.19623 -31.56973 -0.18639 -7.29718 -36.71271
1.40139 -28.59664 -0.11373 -8.76105 -36.58675
-0.04245 -28.78242 0.78299 -9.27854 -36.72482
0.08677 -28.4131 2.56182 -6.0545 -34.44139
0.37815 -26.74603 2.28166 -6.67421 -32.45578
0.86062 -25.3697 2.45598 -6.08811 -30.74442
1.6415 -24.91964 3.7603 -6.33874 -29.55859
1.82208 -25.32922 2.79496 -5.02532 -29.83411
0.62409 -24.13837 1.81589 -5.09173 -27.84442
1.44248 -20.92383 2.83695 -4.43159 -23.93909
0.07991 -19.67979 2.19424 -3.75053 -20.95887
1.84682 -20.14476 0.15699 -3.32528 -20.51468
0.58872 -21.16402 0.79411 -2.66507 -17.72282
0.14708 -17.93801 -0.96851 -4.47974 -17.25686
-0.87694 -16.69518 -2.66293 -4.79585 -16.58549
-0.40576 -16.09805 -2.44088 -4.48286 -16.01881
0.06474 -11.17173 -1.63224 -4.13465 -15.59786
-1.66971 -9.87295 -1.37395 -3.74433 -13.80191
-1.84177 -11.00165 -1.36527 -5.59518 -13.08659
-1.50613 -9.54934 -1.73397 -7.64625 -12.96507
-1.54216 -11.18651 -2.46803 -8.44829 -12.97808
-0.49119 -9.61351 -2.22401 -8.82671 -12.82582
-0.63001 -10.06604 -1.51308 -10.59224 -13.00928
-0.80794 -10.33235 -0.41662 -10.76649 -12.75039
0.03939 -9.9393 -1.98957 -8.87585 -14.19725
1.48618 -7.20594 0.27821 -7.85752 -14.51392
1.77369 -5.94335 -0.46722 -7.70587 -14.4264
2.16224 -6.80964 0.4788 -8.20419 -14.74778
2.09682 -5.512 1.05574 -6.56036 -14.9113
2.51858 -6.19273 0.62646 -5.91776 -16.22496
2.95741 -7.66699 2.8925 -4.35083 -17.46017
2.58267 -8.12592 4.36736 -4.12008 -16.44867
1.86656 -10.57795 3.03308 -1.93435 -17.3141
1.79673 -9.58498 4.52469 -0.86141 -15.08119
2.06607 -10.79265 5.64038 0.2378 -14.06386
4.05892 -11.41699 5.37888 1.68594 -11.56903
2.60247 -11.51706 6.96489 2.9641 -10.61171
4.46394 -11.51224 5.53201 3.74119 -7.83858
5.23278 -11.42288 5.00256 7.83263 -4.68853
6.48231 -10.57923 4.96438 10.48235 -1.44575
5.8829 -9.79584 5.86908 11.08145 -0.39474
4.634 -6.29529 5.39506 11.01368 1.46953
5.24358 -6.00247 4.42537 12.46499 5.50544
5.53396 -4.88896 5.67978 13.42082 8.02737
6.35315 -3.61071 7.34601 15.5767 11.78318
6.33467 -2.1494 9.20447 17.89575 15.92333
6.17913 -0.10866 10.45474 19.50526 16.94469
4.34581 1.09747 9.64021 21.46567 19.47785
5.61789 1.61323 8.43595 25.78541 22.70489
4.49937 2.53752 7.41221 28.76157 26.60192
5.24622 6.43135 6.21661 31.15413 31.72065
5.98375 8.7093 6.21391 31.98513 36.76289
5.55426 11.00155 6.10464 35.38356 42.60264
3.26755 12.14915 4.66257 37.85553 46.58493
3.28142 14.44266 5.45096 38.83628 50.91557
4.09851 15.97117 4.17915 40.3076 55.36113
2.25396 18.58764 4.31945 42.04662 59.80712
3.10142 22.51859 4.48836 42.03777 64.47761
3.35217 24.9685 4.17692 43.15339 68.22595
2.61336 28.63599 4.59161 43.65847 72.7679
1.63234 32.16684 5.00753 41.90386 78.04989
2.54782 33.71634 1.71838 43.69283 80.33323
2.51262 34.68176 1.93466 43.52744 84.20847
2.6137 36.94927 1.92714 42.0638 87.69541
1.21861 40.94333 3.19771 41.50443 88.64464
-0.87614 44.61781 3.42948 40.52023 91.6895
-0.66716 46.29031 2.30038 39.97395 93.75352
0.30934 47.75539 1.92762 39.90055 92.79146
-0.11358 53.25199 2.89629 36.81719 93.0333
1.07379 54.73631 1.6097 35.75702 91.81498
3.39993 56.49107 2.42053 35.08465 90.41773
4.20113 59.62188 2.81536 35.79106 87.82205
