0.61102 1.34013 -0.31729 0.62769 -0.55839
-2.17456 -0.46223 -0.77467 -0.51419 -0.19301
-0.90709 -3.79282 -1.41554 -0.83425 0.93389
-0.20795 -2.10802 -1.43208 0.53827 1.22836
0.55199 -0.22751 -1.1747 -1.33179 1.04528
0.87975 -0.36097 1.71392 -1.28736 1.21335
-0.49643 -0.58611 1.04615 -1.88373 1.36545
-2.36206 -0.9839 0.59075 -1.61066 -0.24931
0.47061 -0.1613 -1.19031 1.00793 1.25908
-2.09237 -0.24022 -1.24609 0.21939 -0.11249
-0.38189 -0.24245 -1.13867 1.04534 1.43387
-1.85564 -0.07494 0.54041 1.00101 -0.3127
-2.1471 0.93363 0.17832 -0.58789 2.5579
-1.67788 2.11811 1.83 -1.24676 1.72162
-1.68509 3.32098 1.407 0.37941 -1.21466
-1.39207 -0.17528 2.36162 -1.0289 0.06132
1.18079 -0.12539 -0.05227 -0.66465 -1.13405
0.817 -1.84315 2.08714 -1.53407 0.13273
-0.32251 -1.31595 1.69901 -0.37901 -1.793
0.12679 -1.30843 1.95024 -0.17339 0.24708
0.12538 -1.90709 0.15466 -0.28387 0.25848
-0.71255 -1.56572 1.13125 -0.80743 -0.28079
-1.52735 -0.62062 2.66017 -0.67166 -1.44848
-2.06001 -1.15433 1.26798 0.85581 -1.65621
-2.38043 0.63512 0.2343 -1.12033 -0.46686
0.19098 -0.74893 1.06871 -0.60579 0.39446
-0.90028 1.22425 -0.12435 -1.89458 -0.54761
-0.54359 -0.65857 -0.12223 -1.24959 -0.23701
2.10816 -2.4328 -1.04246 -1.69271 -1.6601
2.74593 -1.83196 -2.67044 -1.79963 0.20027
1.09187 -1.75434 -1.53997 -1.0357 -0.15969
-0.41022 -0.60186 -0.76397 -0.08173 -0.97577
-1.2126 -0.26306 -1.89162 1.10985 -1.72202
-1.33448 -1.99427 -1.70261 0.87484 0.16292
1.25936 0.98375 0.5142 2.13647 -0.76653
0.07811 0.49593 0.93688 0.92926 -0.52336
2.05284 -0.36091 1.61238 0.87072 1.79912
-0.32418 0.01759 1.34008 1.24765 1.51672
0.08835 0.50205 1.8669 -0.46059 1.5066
0.15229 0.91578 0.77573 0.59099 1.44719
-0.49056 1.4518 2.78833 0.24982 -0.47783
-0.85125 1.14267 4.53042 -1.40834 1.21274
1.144 0.12656 3.02357 -0.28178 0.49708
1.19712 0.72475 0.46638 0.54469 -0.56634
0.19706 1.88601 1.30509 -0.42352 0.26938
-1.93058 1.50323 -0.01257 -1.0552 -0.65199
-0.71384 0.35079 0.188 -0.24996 -1.20232
-0.22649 0.60512 0.5176 -1.18418 -1.18503
0.41648 1.30153 0.92116 -0.19619 1.30187
1.27623 1.02442 2.67987 -2.23517 0.7662
-0.99835 1.19515 2.87485 0.40389 -0.28507
-0.40793 -0.00866 2.75322 0.4023 -1.83337
-0.51846 -1.12937 1.1565 -0.16306 -2.68712
1.02074 -0.30766 -0.1452 -0.6105 0.1065
0.30297 -0.51622 0.40289 -1.28192 -0.39491
-0.73926 0.62434 0.24281 -0.51054 -1.38938
-1.68871 -0.15171 -0.73148 -1.66025 1.01804
-0.53444 1.7226 0.00354 0.58117 -1.1918
-1.42854 0.58202 -1.16977 0.16468 -2.263
-0.66661 0.82027 0.14574 0.62433 -0.93988
0.06035 -0.16103 -0.45262 1.17995 0.64511
-0.78098 0.18231 0.08454 1.21188 0.64019
1.54008 1.21945 0.63977 -0.38254 -0.99206
2.50044 0.60239 -0.98426 -0.07513 0.65183
1.56614 0.91906 -0.10408 1.6789 -2.68778
1.44614 -1.46639 -0.33588 -0.07865 0.03164
0.99847 -0.06946 -0.0886 -0.47451 1.19239
-0.57925 0.23563 0.05653 -0.44831 0.27915
2.72055 1.92942 0.16053 0.80567 -0.72283
0.93138 1.15333 0.43139 -0.66669 -0.24781
0.84752 0.4862 0.75835 -1.05131 -0.46051
0.09465 0.93984 0.7488 0.31278 -0.10556
2.03218 0.68921 -0.52672 0.5243 0.27571
0.90557 -0.84456 0.07017 1.29789 0.29985
0.48378 -1.36758 0.8935 1.8125 0.20875
-0.19061 -2.02152 0.5397 -0.32356 -0.64362
0.61989 0.15117 -1.02054 -1.61885 -2.04242
-0.36117 -0.75643 -1.29278 -1.02279 -0.59187
0.25539 -0.86629 0.15811 -0.28232 -2.33321
1.7924 -0.69421 -0.02031 -1.54512 -1.33729
0.26161 -1.26652 1.66027 1.58249 -1.50504
-0.83358 -2.16958 -0.09053 -0.63126 -1.87053
0.5694 1.75138 1.04914 -0.90853 -0.0942
0.25894 0.90412 1.40065 -1.04997 -1.84306
0.06266 -0.19518 2.18457 0.68076 -0.28574
-0.81129 -0.57109 0.20365 2.182 1.67057
-2.97247 0.87494 -0.02886 1.74404 1.72188
-1.74625 -1.15676 1.05706 0.50822 0.84242
-2.68641 0.57809 -0.71891 1.95639 1.55717
-0.75524 0.90016 1.06995 1.46004 -0.6603
1.74031 0.87308 0.83827 -1.60719 -0.30497
2.13276 0.93975 0.45722 -1.39005 -0.34216
0.56728 0.93799 1.03329 0.84522 -1.62134
0.7998 1.20891 0.39488 -0.70746 -0.67376
1.95235 -0.35097 1.32754 2.22742 0.83444
1.23778 -0.31781 0.42265 1.74575 -0.68757
-1.07164 -1.25822 2.80067 0.52254 -0.07254
-0.23786 0.51294 3.68334 1.20604 0.92123
-0.88863 1.15885 3.1485 0.9797 -0.89031
-0.27577 -0.55577 1.99773 1.512 0.28282
0.9656 -0.63606 1.57804 -0.45989 2.8652
-1.1857 0.19134 0.93823 -0.85507 1.49121
-0.56096 -0.04914 1.78975 -2.95047 -0.37425
0.42116 -0.3593 1.00094 -1.30891 -2.34365
0.75205 -0.77764 -1.0195 -1.03115 1.0657
0.31714 0.06721 -4.4614 -0.68951 0.4936
-0.83421 0.85341 -4.23708 -0.98604 0.07441
-2.14193 0.87581 -2.28048 -0.18312 -0.00616
-1.69551 -0.71676 0.42062 -0.19342 -0.7739
0.81002 -0.69956 -0.01696 -1.08864 0.89682
1.28026 -0.94358 -1.49378 -0.23457 -0.30915
-1.69186 -1.31547 0.21608 0.9646 -1.51949
-1.57255 -1.39361 0.0861 0.20551 -1.13098
-1.07449 0.72939 0.01134 1.27628 0.11002
0.31198 -0.58203 0.88248 1.46602 1.04652
-0.22284 0.18584 -0.65398 -0.53047 1.35762
0.38723 0.76701 -2.9925 -0.71233 0.16652
-1.24451 -0.44171 -1.39445 2.00189 -0.70484
0.16808 -0.70646 -2.57411 1.02754 1.61977
1.94433 -1.78601 -0.82631 0.36968 -0.66571
1.36749 -1.90426 -1.96432 -0.24262 -0.8153
1.8874 -0.11779 -0.50748 -0.12826 -0.55743
1.28241 0.68023 -0.91148 -0.04003 -2.05656
2.14785 1.88423 -1.73107 -0.68077 -1.85612
4.30641 1.25812 2.05688 0.69416 0.26967
1.75004 2.19042 2.21236 0.73936 -1.25606
1.43711 0.37576 2.09094 -0.91727 -1.3968
-1.40453 -0.0962 4.02798 0.02504 -0.77895
-1.98131 -0.80154 2.7653 0.10844 0.358
-0.58481 -1.70171 2.42312 -0.65573 -0.24845
1.55894 1.13788 2.81662 -2.13019 -0.09369
4.10437 0.52217 2.59147 -1.14617 1.13297
1.95856 0.81365 2.30076 -2.35178 -1.35741
1.02814 1.40305 1.20466 0.97184 -0.56351
1.08333 0.01949 -0.57137 1.61599 0.6147
0.48355 -0.34485 0.27805 0.49149 1.22921
-0.85878 1.7688 2.46329 1.08142 1.62105
-2.64582 1.32413 3.28552 -0.38223 0.52857
-1.3854 0.60873 2.90624 0.04134 -0.12485
-1.44539 -0.19972 0.64407 1.22932 -0.07469
-0.80258 -0.28542 -2.17831 -0.43837 -0.56508
-0.40338 -0.87833 -0.33622 -0.62008 -0.16991
0.63312 -0.08199 -0.66677 0.42307 1.08305
-1.5302 1.28159 -0.39162 0.54231 -0.28954
0.21231 0.00124 -0.42984 -1.53492 0.10395
-0.67746 -1.42153 -1.79881 -1.43468 0.16521
-0.64666 -1.70733 -0.9987 -0.61607 -0.37919
1.49352 -1.41512 -0.71256 -0.46217 1.88716
1.329 -0.08865 -0.43943 -1.97521 0.52902
1.89953 0.26248 0.89583 -0.16814 -2.77004
0.19056 -0.19042 -0.46938 0.56172 -1.9191
1.55883 1.22417 -0.92866 -0.35717 -0.76161
-1.2346 1.52642 -0.28261 0.18873 -0.93899
-1.94832 0.04967 3.13116 0.89361 -0.36108
-1.51518 0.29871 2.26902 -3.02638 -0.3666
-1.80121 0.84056 1.09102 0.2379 0.34959
-1.82955 1.31544 0.35398 0.37727 -1.90239
-0.57087 -1.24074 0.78529 0.67446 0.47326
0.73681 -2.20596 0.20995 0.11501 0.5473
-0.68971 -2.76356 -0.43307 -1.90735 0.64854
-1.4374 -1.20064 -0.55804 0.44704 0.6784
0.187 0.10844 -2.41425 0.76041 0.21065
1.38774 1.56833 -1.13314 0.25809 -1.20654
0.66401 2.40016 -0.77586 -1.43806 2.10993
1.037 3.02296 -0.84384 2.21749 0.07864
1.35531 0.08024 -1.41334 2.78144 0.019
0.76004 -1.5451 -1.35763 0.97637 -0.11167
-0.33294 -3.03846 -1.00784 1.06476 0.4796
1.15172 -1.07715 -1.57909 1.16207 -0.11028
1.8921 -0.42335 -1.5169 -0.72613 0.47672
1.18171 0.23514 -1.45271 1.27698 1.14771
1.62858 0.38232 -1.02902 1.33598 0.12948
-0.31752 0.4161 -1.2936 1.57768 1.25628
0.83712 1.78951 -0.96104 0.19489 1.84417
-0.26193 0.34374 1.56883 1.05527 0.97605
-0.03952 0.50811 1.52598 2.02901 0.48263
0.39484 0.05245 2.86203 -0.50086 -0.82521
-0.91112 0.39929 1.20088 2.03215 0.67769
-0.7636 -1.40058 -0.48904 1.06973 -0.62319
-0.19538 0.70962 -0.25653 1.6358 1.76431
0.99007 0.07387 -1.08586 0.09303 0.09511
1.49619 0.32409 0.64789 0.7927 0.9981
0.82795 0.40721 0.12103 -0.83348 -0.57195
1.1303 0.43671 -1.14876 0.08674 0.02854
0.95679 0.68622 -0.56257 -1.3444 -0.88624
-1.18633 -1.98074 -2.35683 -2.06501 -1.57337
1.91784 0.13559 -1.14453 -1.45456 -2.00201
0.84865 -0.97767 -1.73858 -0.25298 -2.16798
0.87418 -0.95488 -2.34711 -1.09478 -1.62362
1.367 -1.20872 -0.99524 0.19319 0.0425
0.23894 -2.12894 -0.01046 -0.27233 -0.09532
0.57183 -0.68092 -1.13165 -0.57957 0.56517
-0.0959 0.1361 -1.97023 0.0625 0.69169
-0.79009 -0.03683 -0.36807 0.11672 -1.39802
0.71854 -0.63654 -0.09775 0.11515 -0.09715
1.04287 -1.51699 -0.82918 1.89549 0.75993
-0.15694 -2.29406 -2.43459 2.00481 2.20966
0.79234 0.42255 -3.00918 0.5974 1.06106
1.05176 0.20072 -2.70053 0.8701 -0.07677
0.61273 -0.30264 -1.63867 -0.42401 -0.85466
-0.61906 -0.54197 -1.19813 1.77112 2.65146
1.19766 1.19274 -2.34319 0.68777 0.3737
1.10949 0.80474 1.19581 3.39808 -0.15677
0.39916 -0.41782 -0.11985 1.39154 -0.80925
-0.46315 0.58311 -0.18465 2.10554 -0.50632
-0.39242 -0.32126 -0.66227 1.53438 -1.11748
-1.17868 -1.36496 -0.44873 -0.04035 2.3547
1.19866 2.19824 -1.01803 0.88072 1.65601
0.41757 1.22095 -0.02091 1.02189 -0.8769
0.23422 0.47699 1.27582 1.76666 0.31081
0.32146 -0.39295 1.39099 0.22146 1.66082
-0.52143 2.50013 1.28795 0.01796 1.69375
0.35739 1.31075 0.3207 0.38383 0.97416
0.83457 0.34065 0.40444 0.71563 0.9064
1.02524 0.75635 0.35601 2.53908 -1.63573
1.74051 -0.12503 0.22652 2.53503 1.45035
-0.71756 1.31087 0.95889 0.25372 0.11514
-0.75102 0.49842 1.833 0.80053 1.19013
0.2052 -1.12651 1.61719 0.05719 1.57468
0.39665 -0.07411 1.22703 -0.66014 0.85724
0.48931 -0.09774 1.88345 0.11318 -0.94565
1.78701 -0.47797 0.23211 0.47453 0.35819
2.07847 0.21779 0.37537 -0.34271 0.13149
1.30726 -0.82998 -0.99071 -0.7556 -1.06814
0.73584 -0.20386 -1.402 0.02666 0.69165
0.37109 -0.29214 -0.06643 -1.00162 0.87236
1.3662 0.35031 0.57265 -0.39494 0.7496
0.80885 1.73641 1.85885 -0.64427 -0.8412
1.06317 2.15528 1.1264 -0.7554 -2.53924
0.43943 -2.16571 1.03806 1.11447 -1.22887
-0.33433 -1.75991 0.36732 1.40289 -0.15425
-2.42764 -0.54858 0.68988 -2.66978 0.50374
-1.61114 -1.03138 0.52383 -1.06043 -1.35509
-0.4205 -1.79309 -0.94858 -0.26344 -0.14952
0.15103 -0.97772 -2.14442 -0.3976 -0.909
0.40456 0.70699 -0.55577 -0.81573 -1.31107
-0.59161 -0.93323 -1.88559 -0.531 -1.28352
-1.20699 0.5088 -2.74474 -1.92456 0.14479
-0.39048 -1.32404 -5.07505 -0.65669 -1.27762
0.02954 -0.76206 -1.48564 -0.21253 -0.24188
1.66327 -0.29244 -1.68108 -2.97008 -1.1741
0.98486 0.128 -1.29805 -1.38626 -0.40039
0.79922 -0.80491 -1.31696 0.00613 0.06803
-0.37564 0.21783 -0.49728 0.09649 0.64866
-2.48903 -0.67827 -1.34411 -1.81913 -0.44337
-2.61878 -1.29011 -1.18172 -0.9283 0.61655
-2.11282 1.51468 -0.22754 0.04724 0.89591
1.07251 0.56822 -0.5932 -0.06526 1.53804
-0.44555 -0.04633 0.80986 -0.51221 0.81928
0.3836 0.49317 -1.69892 -0.47509 1.15149
-0.30071 0.45155 -2.21055 0.36187 -1.93952
-0.98298 -0.95821 -2.34243 -0.40619 -0.05052
0.64745 -0.88553 -0.81018 -1.30078 0.02429
-0.62904 0.63779 -0.78796 -0.37065 -0.75109
-1.57128 -0.62533 -0.44543 0.62801 -0.50202
1.13397 -1.45312 -1.76755 1.67963 2.03071
2.23842 0.52481 -2.14303 -1.26273 0.08081
-0.67379 0.1692 -0.70727 -1.28155 1.51959
-3.2416 -0.05696 0.47234 -1.56973 0.64445
-1.20369 0.15948 -1.30611 -1.40659 0.14691
-0.09696 0.29612 -0.88999 -0.57887 0.1953
-1.22059 1.74844 0.85457 0.18406 -1.98094
0.70528 -0.96677 0.44006 -0.2361 -0.53888
-1.04854 -0.14874 0.43938 0.49417 -1.19929
0.14218 -2.09578 0.41725 -0.53935 -0.51777
-0.52133 -0.77363 -0.44309 0.8478 -0.11767
-0.50487 -0.57258 1.16454 0.1 -0.13248
1.20263 -0.97749 2.41531 0.25387 -1.58358
1.6732 -2.79735 1.64456 1.05794 -0.95151
1.40446 -0.0117 -0.83962 1.79894 0.21987
-0.69091 -1.57055 -0.42844 0.75775 1.0652
0.05243 -0.58648 0.30806 1.14121 0.33296
0.96058 -0.28151 -0.84421 2.01526 -0.02348
0.01435 0.95241 0.48388 0.00412 0.55586
0.53049 -0.23049 0.84899 -0.87364 1.88467
-0.67389 0.38358 0.58814 -1.29951 2.11257
0.59556 3.22929 1.95842 -1.60511 0.18799
-0.1303 2.9669 1.26507 -1.36862 0.15764
0.32935 0.62305 0.11083 -0.88174 0.43455
-0.05183 -0.15189 -0.6698 0.07181 -1.40749
-0.59793 1.17098 -1.85365 -0.63622 -0.81865
-0.39002 -0.02631 0.01977 -0.5328 -0.81617
-0.15473 0.31689 2.44366 1.94596 -1.17483
-0.37137 -1.12707 2.25471 1.82639 -0.70275
0.1402 -2.81876 -0.62338 -1.04292 -0.64327
0.14553 0.14684 -1.69088 -1.31402 1.66949
-0.94721 -0.43916 -2.9035 0.07209 0.79049
-0.19912 -0.90688 -2.41252 0.13329 0.32835
0.35406 0.0846 -1.59229 1.43812 -1.48015
0.54251 -0.74306 -2.15198 -1.14725 0.80576
-0.29691 -0.55606 -1.98536 -0.71583 0.6845
-2.38169 -1.27543 -3.78066 -0.59003 -0.733
-0.5393 -1.01912 -2.40383 0.17835 -1.22262
-0.21484 -0.43433 -1.65011 -0.34171 -0.65392
0.64839 0.02847 -0.71941 0.8391 0.66824
-0.32249 2.40905 -0.73282 -0.26783 1.07919
-0.29464 1.63495 -0.304 1.14057 1.95159
1.13116 1.21834 -0.00514 -1.41826 0.3973
0.90801 -0.23095 1.02983 -0.54473 -0.12875
-0.48912 0.12014 0.41521 1.39026 0.52705
