-0.53915 0.71249 -1.1839 -2.13577 0.54358
-0.47972 0.69879 -0.27952 0.59285 1.90383
-0.49356 1.65169 -0.82136 0.6913 2.01113
0.36759 1.27377 -0.36385 2.33724 1.12348
1.2837 -2.03557 -1.36299 2.50189 -0.07127
-0.40007 -1.30599 1.00993 1.44337 -0.23854
0.88461 -1.31693 -0.41212 0.42864 0.69216
1.19704 -1.45213 1.27827 0.80549 1.47657
0.42057 -1.24369 0.95237 0.66506 2.60106
0.74718 0.25615 -0.4166 0.19168 1.98324
0.0983 0.33952 0.50408 -0.04472 1.73932
-0.41889 -0.18731 -0.7509 1.59139 1.49087
-0.53616 1.81165 -2.14738 2.50877 0.86885
-1.15294 2.54699 2.13789 1.14005 1.05066
-1.30542 0.64094 -0.13304 0.06284 0.67667
-0.2065 0.54138 -0.21403 0.04467 0.3145
0.88578 -0.59517 -1.06148 0.3096 1.47907
-0.48853 0.87852 -1.78517 -0.33359 2.74346
1.0077 2.23566 0.98749 -0.40989 3.04688
0.55819 2.06562 -0.14179 -1.14241 3.68545
0.25685 0.27577 -0.62317 -0.88489 3.396
0.58039 -1.28016 1.24619 0.9265 1.9899
0.44436 0.46994 -0.11137 -0.9086 3.13037
-0.04566 1.66089 0.06112 0.28714 3.01419
0.41462 1.77823 0.29268 1.2679 2.35035
0.56654 0.78198 -0.43857 1.25954 0.85067
-1.01268 1.29546 -1.08772 1.88371 0.67717
-0.26374 -0.46467 -0.17763 1.74816 -0.22324
1.03583 -1.37375 -1.30839 2.3338 -0.55875
0.15625 -3.46526 -0.90884 1.52234 0.45239
-1.43349 -3.42163 0.69068 1.03188 -0.20102
-3.08184 -2.60494 0.03249 0.64449 -0.31823
-3.09932 -1.58437 -0.07193 0.83394 -0.05901
-2.55499 -1.24133 0.73919 0.32158 0.43183
-1.97255 -0.90067 0.52805 -1.27378 0.26445
-1.31352 -0.59975 1.76376 0.98501 1.07284
-0.29022 -1.71295 -1.61134 1.52256 0.41695
0.88923 0.29225 0.5922 1.53754 0.24658
1.41971 -2.18069 -0.92071 -1.5456 -0.33288
-1.07207 -0.77011 -0.4868 -2.09085 -1.87601
-0.61066 -1.48389 1.20493 -3.39369 -2.42634
-0.16774 -1.16341 0.63965 -3.55508 -1.8719
0.74364 -1.159 0.96996 -4.97201 -0.78842
0.2416 0.01548 -1.0992 -5.03359 -1.00344
0.51108 -1.07145 -0.9803 -4.47588 -1.45288
0.35485 -0.37556 -1.00956 -4.05527 -1.28579
0.57423 -0.93272 -0.77892 -5.04408 0.24244
0.73698 0.10045 -0.56321 -3.6018 0.04062
-0.72167 -0.44281 -0.07907 -1.7215 -0.91296
0.05514 1.08563 0.21237 -1.69696 -1.57586
0.99113 -0.3143 -1.32529 -2.73198 0.34666
0.59591 1.42623 -1.34086 -3.34254 -0.13842
-0.12329 0.97755 0.78184 -2.35946 -0.38766
-0.73312 1.22067 1.59468 -1.21082 -0.50795
0.40134 0.80522 0.54489 -0.91234 0.08268
0.78745 0.63564 -0.73909 -0.79456 0.27838
0.39805 -0.60826 -0.48695 -1.44282 0.85797
0.40886 0.16415 0.05646 -2.28369 0.42547
0.07623 -0.82631 0.67946 -0.84678 0.52541
-0.83815 0.90793 0.16356 0.94367 1.67949
0.96819 0.2789 -0.52748 1.92572 1.29452
-2.11575 -1.43514 1.32451 1.50557 2.10999
-2.46526 0.61338 2.06646 -0.79351 0.36589
-0.64547 1.62767 2.17312 -0.80825 0.28695
-0.97131 -0.19451 -0.02409 -1.18153 -0.60981
-0.04136 -1.42496 -1.0451 0.46509 -0.77817
1.0465 1.19956 0.38171 0.71076 -0.91249
2.06711 0.77431 0.5019 0.51343 -0.32959
0.39766 1.94181 1.5077 0.78798 0.47138
2.90821 0.22761 -0.68237 0.03855 0.96482
0.13054 -0.05115 -0.54958 0.62195 1.46899
0.35011 -0.03259 -0.60157 1.26779 2.20262
0.95409 1.5355 -1.17222 2.00299 -0.03548
-0.91548 0.55431 -0.08338 3.33365 1.39288
-1.09777 0.85102 -1.78395 2.75677 0.29359
0.53909 2.09456 -0.758 1.82753 1.23734
-0.02411 1.15769 0.91506 0.65305 -1.24596
0.82422 0.40754 0.05184 1.53118 -1.34676
0.64334 -0.27839 0.86447 1.30835 -1.69396
0.2513 0.00721 0.42814 0.71768 -3.39651
-0.49094 -1.59658 0.98518 1.6523 -2.11225
-0.87955 -2.42542 -1.92657 -0.33703 -2.27505
-0.29826 -3.52407 -0.27996 0.01176 -2.28006
-1.06086 -0.90645 0.19256 -0.62632 -0.867
-2.58064 -0.18743 0.5379 -0.4733 -0.67039
-1.07409 -1.12541 0.11219 -1.24889 -1.42773
0.93467 0.0532 -1.67493 -1.18582 -1.81609
-0.21805 0.02199 1.25253 -0.39905 -1.88857
0.00309 0.94508 -0.21232 1.1996 -0.48457
1.49911 2.29231 -1.61344 1.19588 -0.79974
-0.01347 1.69367 0.4443 0.04937 -2.17083
-0.01202 0.88372 0.92548 1.37451 -0.79316
1.01984 0.43513 0.40495 -1.45467 0.0301
1.56911 -1.16047 -0.0637 -0.50115 -0.64984
1.38473 -1.91981 0.41359 0.35069 -0.84706
-0.68477 -1.10347 -0.52183 -0.77022 -1.65352
-1.83294 0.02556 -1.28142 -1.43198 -0.55611
-0.3274 0.59214 -1.13485 -1.48748 0.13346
-0.36173 2.21437 -0.28777 -1.18877 -0.33655
0.0624 2.85778 0.36577 -0.94333 1.55265
1.00296 2.53752 0.44889 -0.70414 2.87432
-0.13377 -0.71849 -1.49417 -0.70564 2.08954
0.08833 0.58802 0.08831 -0.5444 3.35528
-1.35283 -0.32076 0.7149 -0.25854 2.38947
-1.98499 1.92863 1.13036 0.53948 3.67904
-0.70472 1.67467 -0.47861 -0.96061 2.25167
-0.43616 1.75663 2.17416 -0.63084 3.1338
1.71002 1.45598 2.01953 0.71338 4.18345
-0.03225 2.31375 0.89957 1.29078 5.10895
0.7873 2.66008 0.32801 2.16773 2.91551
0.74473 2.51813 -0.0968 1.32803 4.18013
-0.04577 1.44559 -0.50147 3.19399 4.9639
0.25634 2.86508 -1.09238 3.0361 5.7174
-0.16226 2.16223 1.13186 3.00248 6.95769
2.09912 2.49959 -0.23681 3.10939 6.20769
2.33957 0.49243 -0.08892 3.96869 5.75691
1.52022 1.03302 0.09019 6.76018 3.9472
1.81836 0.82199 0.42456 8.26163 4.20703
1.96009 2.30883 -1.05818 7.20588 2.41272
1.42046 2.67636 -1.87852 6.50099 2.58768
0.80567 1.90418 -0.37908 5.36174 1.74888
2.04761 1.23931 1.02255 5.22268 0.59975
1.5018 -0.18573 0.20392 3.90354 1.09366
2.90162 -1.32191 1.05097 2.77282 1.9747
0.26865 -0.09558 -0.04569 1.74028 1.62771
-1.16065 2.0439 -0.68178 1.98271 1.39412
1.6353 1.71125 -0.94565 1.44843 1.51896
0.97355 1.42172 0.73941 2.2175 0.54054
1.2725 1.89829 2.32301 1.41201 1.7458
3.27096 2.26969 -0.15603 2.44755 1.86502
0.57574 1.50014 -0.01265 2.09091 1.78979
0.65122 1.15209 -0.89968 1.92263 1.02865
1.28069 1.14695 -2.46682 2.51532 1.67152
-0.78497 -0.33076 -0.5727 2.44007 1.74069
-1.57144 0.31369 -0.22442 1.98063 1.60149
-1.23432 -0.57394 0.40142 1.94417 1.33759
-2.59642 -0.40417 0.2293 1.52437 1.80986
0.27728 0.05627 1.14331 2.30046 2.32818
1.6172 -0.70772 1.76439 2.31173 2.43745
1.75646 -0.0393 1.37546 3.02095 2.27516
1.23901 2.12545 -0.18166 1.93508 2.95872
0.98851 2.56355 -0.7081 1.66533 3.07359
1.01837 1.33691 -0.59726 3.04174 2.71536
1.46066 1.84802 -0.1082 3.2692 3.33098
1.08364 1.27965 1.02837 2.18039 1.88183
1.14056 3.27798 -0.45804 2.16896 2.22991
3.19422 -0.2939 -0.83045 -0.12257 1.04544
1.30103 -1.32891 -1.27804 -0.14045 0.2477
1.33384 -0.82112 -1.1449 0.419 0.5693
0.6213 -0.41474 -1.61714 0.80035 -1.07047
-1.0398 -0.21506 -2.42931 -0.68349 -0.95386
-1.04351 -0.2022 0.55101 -1.03969 -1.42311
-0.80734 -0.86164 0.21626 -0.95944 -1.35438
-2.12135 0.56389 1.19355 -0.95961 -2.68723
-0.4284 -2.23809 -0.96835 -0.91888 -3.54352
-2.7727 0.03447 0.81704 -1.34728 -2.84101
-1.92939 1.37759 1.33462 -2.21592 -2.08121
-1.45536 -1.03574 0.0939 -1.98823 0.76636
0.61444 1.64007 -0.86607 -0.93031 -0.21035
0.0963 -0.59521 -1.00255 -0.20055 0.24918
0.23675 -1.24951 0.92062 0.9421 0.26821
-1.09734 -2.26591 0.56455 1.15205 0.05606
-1.31568 0.17984 1.56766 0.99133 -0.21984
-0.15058 0.77814 0.32582 -0.52611 -1.08822
-0.645 -0.71771 1.27231 0.89092 -1.14087
-0.18211 0.04988 0.35506 0.08789 -1.58825
-0.9571 -0.50032 -0.0349 -1.91526 -0.88515
-0.55137 -0.07697 -0.33086 -2.148 -1.75893
0.74687 1.79829 -1.81253 -1.16535 -0.5981
0.15094 1.75675 0.77439 -0.37378 -1.58151
0.29629 1.92175 -0.16033 -1.49682 -1.8932
-0.41916 -0.13922 0.15234 -1.26042 -3.00443
1.29985 -0.67138 1.34591 -1.22205 -3.99111
1.09629 -1.35726 -0.3844 -2.44416 -5.23433
1.03703 -1.89315 1.02605 -3.45144 -5.8943
-1.17388 -3.82851 -0.0232 -2.35221 -5.27096
-0.73799 -3.41446 -0.11935 -3.45515 -4.48951
-1.14186 -2.66399 1.07061 -3.56991 -3.03647
-1.19385 -4.07654 0.65077 -4.11083 -3.31337
-2.43928 -1.16349 -0.10414 -4.00211 -2.31625
-1.44053 -1.78092 0.35682 -4.58654 -1.22702
0.23988 0.1406 0.73054 -4.23813 -1.69233
-0.34057 -1.67381 -0.43462 -3.67966 -1.36682
-1.49872 -0.55028 -0.14156 -3.59887 -1.12224
-2.46412 -3.14357 -1.20877 -3.5101 0.36697
-1.2921 -2.20332 -0.15624 -1.92865 0.77133
0.21909 -2.20537 0.40229 -1.46318 -0.31527
0.01164 -1.79508 0.22847 -0.06293 0.00392
-0.27463 -1.63851 -0.50695 -0.16562 -1.51093
0.64279 -1.01018 -1.26956 2.05301 -0.10504
2.02683 -0.57538 -0.13317 2.29044 1.26017
-0.76452 0.53906 -1.34108 0.45091 1.83736
-0.61797 0.93988 0.60727 0.99146 1.9142
-0.50291 -0.01152 -0.25627 1.28109 2.4751
-1.07861 -0.09062 -1.10363 0.28899 2.81156
-0.97051 -1.22742 1.83784 1.43327 1.87563
-0.15956 0.54391 -0.42159 1.63104 4.00105
-0.01989 1.49041 0.91583 1.19502 3.05645
-0.66667 1.74953 2.37245 1.69432 0.47459
-1.00093 -0.14462 0.78391 1.94405 1.44266
-1.66422 -0.24645 0.04295 2.03885 0.95761
-0.54725 -1.27068 1.64104 1.19555 2.93264
0.41379 1.27216 1.32786 -0.615 4.5048
2.04357 1.42758 1.25505 0.24667 4.86264
-0.66436 -0.0722 1.04395 1.90303 3.9967
-0.75583 2.73185 0.32955 3.1253 5.3863
0.46574 3.1105 -0.31651 3.04323 4.56204
0.25278 1.24801 0.32018 3.66015 4.4575
0.97753 1.23739 -0.7083 3.28249 5.36177
1.46413 3.03056 0.07873 3.12951 4.36046
0.01305 2.96864 1.05366 4.7568 3.99621
-0.02758 2.65464 0.02507 4.55136 2.9407
-0.82442 0.87206 1.08748 3.97985 1.43121
0.05504 1.40119 -0.68452 5.39831 2.17582
2.31446 0.50228 -0.03967 2.69955 2.7067
0.71686 2.52282 0.11968 2.13259 3.26448
-1.22549 2.66391 -0.49242 1.1813 3.54091
-1.31283 3.45769 -0.43049 2.36231 3.39012
2.7148 3.55377 1.25107 0.77926 0.84834
2.73553 -0.6243 1.52393 1.25689 1.6276
-2.13697 1.01369 -0.34951 2.54394 -0.09549
-1.24364 -0.00583 1.15135 2.67318 0.96614
-0.98059 -2.46464 -0.57306 0.8362 1.4579
-2.36025 -0.89146 0.58801 -0.2594 2.56386
-1.669 -1.11902 0.37052 -0.13422 3.4022
-0.39894 1.51861 1.14356 0.52967 4.5734
-0.30373 0.24009 0.59156 -0.08709 3.17653
-0.55934 0.58415 -1.10976 1.04451 5.74401
0.41036 0.67368 0.06179 0.30194 3.60148
0.00068 3.92649 -1.14463 1.82503 2.60836
0.84273 3.22107 -0.15866 1.3881 3.23641
2.47154 -0.15842 0.67042 2.82831 4.09393
0.81841 1.15706 -1.04983 3.58201 3.42472
0.32448 1.50164 1.05981 3.51166 3.76325
1.62379 0.29037 -0.63996 4.87905 5.23019
1.08559 1.68283 1.17433 6.46513 5.76113
2.42714 1.62498 0.65448 8.12928 5.50629
1.21641 1.27964 -1.39157 7.58607 5.79341
1.54199 2.68964 1.15588 7.76279 4.10823
0.39998 3.69388 1.70657 6.39046 3.82007
1.58268 2.28751 1.45596 6.57047 1.44094
1.16389 1.49556 0.0409 6.85797 -1.04635
2.59576 -1.10449 -1.61779 6.79567 0.63923
-0.89885 0.1102 -0.66431 4.85022 0.29235
-1.9567 1.10373 -0.13935 3.77256 2.31497
-0.91832 0.86405 0.20694 3.85841 1.0815
0.19245 1.55848 -0.60586 2.34417 1.67755
-1.8178 1.38535 -0.49833 2.23207 2.78709
-1.98898 1.10941 -0.67416 3.54435 4.01341
-2.35171 1.42183 -0.0336 2.77134 2.62178
-0.60633 -0.2576 1.63196 3.22437 1.16065
0.03033 -0.47895 1.8532 2.39854 2.14185
-0.81779 -0.57147 -0.06477 1.53183 1.75675
-0.16574 0.35289 -0.30328 1.01702 -0.61245
-1.01761 -0.30765 -0.68402 2.14786 -0.48212
0.35853 0.69349 -0.46245 2.75261 -2.17721
-1.25185 0.53458 -0.7086 2.14374 -1.91865
-0.11137 -0.82312 -0.31802 2.91646 -1.05355
-0.97473 -1.40857 0.17116 2.01149 -0.76899
-1.88705 -0.45068 0.19046 0.58183 -1.69959
-0.98424 -0.61942 0.97354 0.77439 -1.50718
0.16614 -1.42825 0.08194 0.03021 -2.0636
-0.03451 -1.25951 -0.0897 -1.1771 -1.39878
-2.08407 -1.55706 2.19663 -3.01982 -2.07896
-1.77399 -2.66366 1.75945 -1.2046 -0.47014
-2.29074 -1.29092 -0.20063 -0.86151 0.58918
-1.75165 1.98174 0.18702 -0.08381 0.04465
-0.11834 0.14305 -0.03789 1.20802 -0.85251
0.07778 -0.60612 -1.19618 -0.32206 -0.26889
0.14093 -1.0728 -1.48628 -0.6068 -0.09185
1.31933 -0.31925 -1.49114 0.94316 0.61244
1.04562 1.32198 -1.45557 1.0288 1.41339
1.0492 -0.41788 -2.19095 2.03956 0.9753
-0.63966 0.87545 -2.60153 3.30309 1.76692
-2.74479 -0.60416 0.43061 3.95169 1.33739
-2.67048 -1.58168 2.55907 3.56243 1.6823
-0.62775 -1.80595 0.86616 3.46403 2.04128
0.2743 -1.48435 0.41133 4.05949 1.26784
-0.11794 -1.63561 2.27134 1.40145 1.14159
0.11864 2.52372 1.12792 2.63166 0.66558
1.54159 1.96556 0.91865 4.1716 0.33086
0.59328 2.77756 -0.51106 3.80576 0.36758
1.21876 2.22908 0.12473 2.03322 1.40501
0.81225 3.01879 0.33053 1.46957 0.94785
0.81511 2.18053 -1.93448 2.84324 0.79861
1.63957 1.97285 0.48547 2.10889 -1.3372
1.00786 0.53846 1.24786 2.17993 -2.0107
0.17426 -0.1111 1.95216 0.80722 -0.0914
-0.07537 0.07952 -0.84762 1.81402 0.273
-1.04187 -0.48031 1.70482 2.13759 2.26711
-0.74053 0.53689 -0.01427 2.79563 2.00588
0.78266 0.19159 -0.58084 1.88512 3.93264
-0.07014 0.81051 -1.71265 0.56042 2.64083
-0.0087 0.99735 1.66336 1.44619 3.19077
1.1129 2.58865 -0.27804 3.04075 4.17858
0.86483 3.18599 1.17519 2.36501 3.23028
0.4455 0.56628 1.45126 2.42244 1.28334
-0.40127 1.40042 -2.45731 3.08378 2.46841
-1.0681 1.36929 0.62764 3.95043 1.42491
-0.6958 1.88284 -2.22211 4.37184 1.91499
