-1.18951 3.30999 -0.54297 0.32551 0.25796
-0.13712 2.93573 -0.32142 2.30221 -0.09777
0.10416 1.36755 1.32654 2.49576 -0.54368
-0.63563 1.03816 2.661 0.94591 0.91297
-1.46644 2.30841 1.31061 1.07061 -0.02871
-1.1434 2.88833 -0.29852 1.58554 -0.09069
-0.24068 3.50007 -0.7235 1.51955 -1.0895
1.13767 3.56225 -1.12138 0.68531 -1.27965
0.78279 1.99859 0.34137 0.9986 -1.33667
0.88562 0.108 -1.53819 0.28174 -2.00214
0.13969 1.33507 -0.67764 0.51268 -0.72031
0.03601 0.58564 -0.95973 0.3756 -1.52123
-0.98812 1.84772 -1.1341 1.94233 -2.63569
-2.04243 3.31217 -0.576 1.71027 -3.75453
-2.02424 2.9357 -0.76471 0.80445 -2.79336
-2.21176 3.29488 -0.18726 -1.33706 -0.63805
-3.8791 2.3137 -0.98635 -3.0096 -0.64045
-4.40221 4.72421 -2.52547 -1.82297 -1.26234
-3.57332 3.84632 -2.30288 0.37105 -1.10569
-4.50443 2.51251 -2.22799 -0.15233 -0.15347
-5.36759 1.63195 -0.52291 -1.17454 0.3029
-3.59376 0.87119 -1.01743 0.20173 0.75536
-3.50832 2.03647 -1.54928 -0.38714 1.16264
-1.23578 -0.03159 -2.33919 0.13628 2.37773
-0.24956 0.58331 -3.48458 0.2279 1.22766
1.10239 -0.09005 -2.06418 0.12695 1.93135
2.03704 -0.68909 -2.25784 -1.5581 1.50516
2.13843 -2.29753 -0.91142 0.17072 1.30875
1.10905 -3.16753 0.02862 1.39448 -0.10979
2.16415 -3.29358 0.51219 -0.27968 1.2217
1.91072 -1.5581 0.73777 0.32074 1.93571
2.94607 -0.13232 1.99494 -1.00263 2.00627
2.26124 2.61331 0.85786 -2.24009 2.89354
1.94715 2.32465 2.12518 -0.83147 3.00999
3.17911 0.74512 2.23979 0.80864 3.1904
2.58153 0.84312 -0.0734 0.88587 3.58464
2.66777 2.3402 0.13646 0.3421 3.99171
3.4478 0.9099 0.36831 1.59349 4.99895
4.0763 0.48346 1.02778 0.59266 4.93284
3.95144 0.47588 -0.54112 2.89163 4.04702
4.18502 1.07606 -1.00631 1.77561 4.39989
3.8676 0.55247 -1.87969 2.55043 6.15967
5.13592 -0.50738 -0.33272 2.4135 7.29492
7.10064 -1.0395 -1.58469 0.75281 8.244
7.17732 -0.65672 -0.42068 0.81351 8.44735
8.84709 -2.60968 1.14287 1.95616 8.33591
8.79575 -1.49255 1.65932 3.16214 7.31978
8.38488 -0.73417 1.11441 4.19449 6.49572
8.21156 -1.24631 0.49645 2.59003 6.60666
6.36843 -2.26368 1.4471 1.91935 5.77841
6.98373 -1.19117 1.85705 1.61848 6.24323
7.30334 -0.83557 0.98912 3.75531 5.16384
6.51755 -0.50028 0.21882 4.48585 4.86334
4.69739 0.52984 0.30312 1.86043 6.14123
7.12761 0.30662 0.18555 1.57939 7.05431
7.39146 0.66046 0.33809 3.04974 5.19276
8.0556 2.62079 0.41368 2.89264 3.3688
7.12226 1.5048 -0.4961 1.88483 4.20951
6.98623 -0.00534 0.41952 0.87651 2.95473
7.13346 -0.84526 0.16241 1.49953 3.32837
7.18228 -0.95098 0.47264 2.49803 4.19892
7.94542 0.45506 -0.45251 2.82532 3.88013
8.12583 -0.83397 0.05633 3.69005 2.95406
8.49854 -2.30669 -0.16184 2.24685 2.24295
7.63769 -0.24031 0.3232 2.04518 2.31039
5.95348 0.62458 2.19249 2.39357 1.86386
4.88309 0.13596 0.49777 1.52712 2.06332
3.00005 0.96619 1.19297 1.9981 1.41938
2.0844 -0.6921 0.15415 0.15539 2.87652
2.9686 0.29785 0.8783 1.02652 2.93773
2.754 0.18821 0.54706 0.14231 1.70513
1.56786 0.3769 -0.01973 2.20302 0.56433
2.0789 -1.70775 -0.50486 2.57491 0.38584
2.45278 -2.69272 -0.4439 0.70258 -0.49359
2.72517 -2.77486 -1.18968 -1.25311 -0.15508
2.97426 -2.09406 -2.14408 2.36223 -1.42052
0.42007 -2.65688 -1.30079 2.65293 -1.60725
-0.82755 0.6104 -0.58361 0.50741 0.34209
-2.00514 0.70168 -0.56427 1.06281 1.21428
-0.55761 0.38831 -0.58987 -1.0784 1.21215
0.49585 -0.00236 -1.23997 -0.34831 0.34817
-0.97865 1.79376 -0.84331 -0.56343 0.35071
0.41821 0.14257 -0.99182 -0.60118 0.57013
0.66562 -0.2771 -0.68767 0.06756 -0.92163
0.36129 1.89677 -0.53794 -0.62016 -1.72413
0.11039 0.86814 -1.68006 -1.04081 -3.10131
-2.22005 0.99502 -1.96977 -1.14788 -3.00619
-2.22059 0.46393 -2.70442 -0.54443 -1.77094
-1.84464 -0.99724 -1.60588 -1.74893 -0.55798
-2.33906 -2.3014 -2.98771 0.81419 -0.3456
-2.38645 -0.95224 -2.88217 0.85107 -0.59327
-2.54214 -4.13344 -1.31307 -0.3123 0.12235
-2.42512 -2.71297 -1.4075 0.51885 -1.72863
-2.12451 -3.10655 0.80976 0.54361 -3.27428
-2.43141 -5.46056 0.56305 -1.89977 -3.55678
-2.00746 -3.35985 -0.09411 -2.07943 -3.50685
-2.47334 -2.69955 -0.9601 -0.87073 -3.2186
-3.83284 -2.08033 -0.17727 0.20415 -1.80516
-5.47646 -2.25173 1.80771 1.35029 -0.64167
-2.94617 -1.37622 1.17875 -3.49271 -1.42185
-0.98296 -1.28148 -0.38635 -2.86739 -1.60832
0.03318 -1.49075 0.9642 -4.6308 -1.83426
-0.79496 -0.40571 1.53998 -4.783 -2.14893
-0.60485 -0.08126 0.89548 -2.55347 -1.42028
-2.2933 0.36407 1.14867 -2.39728 -1.86796
-1.30688 1.0191 1.44457 -1.0861 -0.26556
-0.87202 2.38465 0.62981 -1.44157 -0.02844
-1.43179 3.18034 -1.44194 -2.19208 0.34768
-0.20754 3.81269 0.80226 -1.94904 2.68375
0.23133 4.67127 1.93003 0.45504 5.12845
-0.56573 4.93663 1.08684 -0.06748 3.7927
1.37918 2.95149 0.92963 2.0568 1.86852
2.69306 2.38977 1.20797 3.28279 2.19577
1.97169 2.91011 0.0135 1.98324 1.82563
1.42936 0.927 0.3227 3.66758 1.90967
1.72117 1.16905 0.56436 5.38751 2.33981
-0.34637 1.71784 -0.38698 1.77699 4.3507
-0.31217 0.29376 1.91597 2.72607 3.3238
0.83923 2.33947 0.46828 1.93547 4.04721
0.41453 2.74389 -0.06059 1.25408 4.32302
1.00631 1.807 0.26818 0.63469 2.97132
4.13263 0.60472 -1.76809 2.20753 5.30147
3.97596 -0.49626 0.05632 1.65594 5.23356
4.0529 -2.01265 0.20785 3.01418 4.09315
3.64321 -0.74424 -1.88376 1.02014 1.72269
2.42833 -0.0989 -1.69631 1.33225 0.7845
2.36787 -0.94602 -0.48366 1.50065 0.42361
2.25314 -0.16558 1.01564 1.89578 0.53507
2.81808 -1.74999 -0.02323 -0.52611 0.00303
3.36358 -0.83364 -0.36445 -0.95954 -0.99643
2.41276 -1.1226 -0.50074 0.03934 0.15502
2.31757 -1.5627 -0.45963 0.80233 -0.14979
1.73657 -0.1462 -0.74125 2.41248 -1.89109
2.57732 0.68558 0.69505 0.80724 -2.0531
0.7204 2.53445 0.88091 0.76899 -3.09359
0.68952 3.157 0.65936 1.3748 -2.45237
-1.43555 2.12103 1.67961 0.73347 -1.13427
-0.04411 2.4508 1.66672 0.15222 -1.84598
-0.15956 2.80465 0.4706 -0.39282 -2.90942
0.34752 3.97813 -0.59391 -0.91222 -2.6834
-0.70021 2.83878 -0.98121 0.14898 -0.17711
-1.48644 0.37496 -1.092 0.30477 -0.00317
0.54401 0.94102 -0.46141 0.33843 0.21371
-0.08511 1.16653 1.57196 3.23699 -0.20071
1.43643 -0.21372 -0.77081 1.82811 0.00374
2.51754 1.41383 -0.56801 3.60863 -1.44181
0.84368 1.63519 -0.24728 2.2154 -2.59718
0.84932 1.61048 -0.405 0.57492 -1.87579
-1.12214 0.52793 0.11835 1.82599 -2.05439
-0.5996 0.3743 -0.80198 2.84478 -2.73801
-1.91055 1.36704 -0.26358 3.90146 -3.15552
-1.87932 0.62426 0.21882 1.18834 -2.94608
-3.35225 -0.09484 0.30638 1.71331 -3.79604
-3.78269 0.23406 0.05231 1.31295 -3.07665
-4.71592 0.07692 -0.4014 1.20549 -4.97378
-6.16546 1.82729 -0.48944 -1.53603 -4.53764
-6.1176 -0.41991 0.51091 -1.01178 -3.39929
-6.43452 -0.26884 2.55776 -1.26874 -3.61961
-4.68544 -0.66534 1.81272 -0.82551 -3.8853
-6.62753 -0.49592 -0.39445 -0.81906 -0.3018
-5.59739 0.2788 0.49546 -1.12035 0.51645
-1.70336 -0.34642 0.73389 -2.09487 1.59506
-0.59366 -1.04132 -0.24066 -2.59663 2.45811
1.37909 -0.676 0.74179 -1.74521 1.92522
2.09882 -0.67153 1.05255 -0.29427 2.91597
3.71153 0.45096 0.15093 -0.97998 2.76902
1.99011 1.13251 -1.35716 0.41698 0.54966
0.45398 0.31982 -1.28879 1.07668 0.56812
-0.10993 0.53534 0.78028 0.39086 0.21658
0.33789 0.45384 1.25702 0.48117 -0.4844
-0.46214 1.86635 -0.19173 1.17906 -0.57319
1.10672 2.76536 -0.19009 0.44988 -0.15614
1.62759 2.79285 -0.18989 -1.36563 1.23575
2.11603 1.52813 -0.62695 -1.63216 2.44057
1.36369 0.36121 -0.84673 -0.50445 3.79008
1.68555 -1.95864 -1.15608 -0.22203 4.98124
2.04679 -1.70271 -0.31578 0.59863 4.04414
3.23251 -0.47774 0.47232 1.40048 3.13585
3.22984 -0.44049 -1.66921 1.66549 2.79264
2.96705 0.30807 -0.91647 -0.99141 4.04642
3.73061 -0.18347 -0.10226 -0.83851 4.64463
2.80352 1.48475 0.74055 -0.08909 4.58549
2.23382 0.9799 1.7065 1.80457 3.77691
2.42186 1.71245 2.33434 1.57154 3.35488
3.91595 3.10263 2.05542 1.57978 5.16598
5.60831 2.5133 0.96005 0.67949 3.5132
6.30751 1.89761 1.14141 1.29904 4.99407
6.38453 2.67347 0.16789 0.89446 3.49886
7.35309 1.48821 0.12966 2.63562 3.31147
8.10004 1.39778 -0.14947 3.61823 3.32589
6.55128 0.32407 0.84489 3.82013 3.57015
5.93179 -2.07775 -0.19092 3.69091 4.12551
5.11229 -0.85546 -1.98401 3.42043 3.65501
4.91649 0.62863 -1.69776 3.3673 2.78518
6.34529 -1.8217 -1.80569 3.53869 2.41663
7.13426 -2.07775 0.51647 3.42255 2.33425
8.49858 -3.12644 3.04814 0.96344 2.77879
7.82395 -1.99388 0.47917 1.81319 3.4166
7.61689 -0.83736 0.38523 1.47058 2.9164
7.90148 -1.12262 1.81695 4.15465 1.67079
8.03092 -1.15249 1.71772 4.36241 3.15466
7.02362 0.39503 1.59754 3.12673 2.29037
6.52143 0.06351 0.30714 2.46197 2.59425
5.4387 2.11282 1.30768 3.23761 4.4326
5.87045 3.3989 1.67427 1.81857 4.39974
6.37353 2.66879 1.48605 1.58379 4.60583
6.28134 1.39818 1.91134 2.84556 4.07205
4.98069 2.17407 0.75882 1.72095 2.82414
5.20246 1.95965 0.80779 2.89069 3.3399
4.08328 1.02052 0.98965 4.46929 3.45962
5.60681 1.50062 2.24802 2.77375 3.56897
4.4009 2.9849 1.19694 1.67939 3.2517
2.9153 3.53654 3.30493 1.03833 1.93934
3.45973 4.11896 4.10164 3.1419 2.17164
4.47177 3.71214 2.67987 4.35395 3.57545
3.61017 4.34067 3.43403 4.77282 2.56266
5.12285 3.10776 1.81434 3.5067 3.65959
2.95792 3.8295 2.02187 4.21931 2.84721
4.27185 2.4382 2.38319 4.0393 2.75479
3.55104 3.58988 0.78271 4.16255 5.06671
2.61428 3.34182 1.69407 4.7471 5.21235
5.03126 3.11723 1.90108 3.96434 5.31601
4.41468 2.29391 0.0604 3.42243 6.70162
3.69733 0.53328 0.93989 2.00558 5.51526
5.01931 3.30869 -1.01151 2.68263 5.83233
4.64115 4.18336 -0.07452 3.66522 6.02645
4.66354 3.16876 0.44141 3.31244 4.88277
5.24891 1.9854 1.25036 2.89405 4.06598
5.93982 0.83701 0.68365 3.51571 2.47275
5.61368 0.01058 0.56697 2.96319 1.45777
6.88289 1.0601 -0.53365 2.40033 0.28979
5.44932 0.94816 0.64087 3.44862 1.75337
4.34157 0.59436 1.25612 2.64453 3.03994
3.7062 -0.72081 0.37792 2.80136 3.77507
3.25843 -1.41244 -0.34629 1.37352 3.27608
4.46977 -0.87757 -1.78314 2.96408 2.88715
5.13643 -0.40262 -0.87524 3.09194 1.81798
7.03745 0.35246 -0.19476 2.4992 2.71885
7.02388 -0.29917 -0.26656 2.16045 2.73103
6.07001 -1.82861 0.45836 2.80312 1.57545
5.37192 -1.42575 -0.02059 4.40568 -1.31223
2.69301 -1.62075 -0.03455 3.56449 -1.32091
1.46066 -1.14697 1.36422 4.10815 -1.66285
1.3816 -0.33197 1.42731 2.4647 -1.77894
0.78038 0.63861 0.57686 0.64129 -0.70851
1.90263 0.20354 0.40381 -0.56114 0.193
1.16371 1.21762 0.3412 -0.87969 2.16141
1.6707 1.35339 0.66351 -1.28136 3.42527
2.72044 1.63063 -0.82903 -1.16474 4.16365
5.1608 1.48612 0.19796 -0.67955 5.83088
4.52505 1.17701 0.91228 0.87972 4.54832
4.8052 0.87262 0.56158 2.34134 3.37131
5.91964 2.20436 -0.35303 3.00884 2.7398
4.15413 2.56594 1.22371 4.00862 4.51598
3.35071 0.90346 1.76193 1.91896 4.15328
2.21049 0.28853 0.42812 2.96875 4.58727
0.58314 0.6601 -0.10792 1.26155 4.50599
3.3434 1.89328 0.31031 -0.3671 4.02572
4.45007 2.46662 -0.16935 0.84058 5.93037
2.69934 1.29885 0.01989 1.58808 5.61288
3.6005 2.05106 -1.60503 2.81961 6.35222
4.93292 1.09731 -0.5057 2.12819 6.42223
6.76128 0.80375 -0.69402 2.28616 6.84504
7.02347 -0.82227 0.57652 1.26813 7.53485
7.15578 -1.10395 0.7533 1.7383 5.09748
6.87932 -2.14505 0.53935 2.64309 5.78552
6.13738 0.9987 1.41457 3.6018 5.33348
6.55746 0.93036 1.68698 4.13455 4.47452
5.75554 -0.11954 0.66762 2.97316 4.83574
6.9993 -0.47595 2.24504 2.9718 4.25703
8.39227 0.64619 3.3433 2.2467 5.28722
7.05923 0.50293 0.09355 3.06379 4.55826
7.32701 1.16306 0.48953 2.32108 4.60953
7.10603 1.65302 1.95848 3.30485 3.67595
8.16893 2.12667 1.53464 1.94107 3.79727
8.07221 1.34683 2.8241 2.73821 2.38483
7.02211 2.00339 1.34692 4.68603 3.36887
6.86242 2.50179 0.4191 3.6815 5.23189
6.01479 3.8764 -0.52605 4.52493 4.36583
6.34453 1.80965 -0.04168 4.91652 4.23949
7.21611 0.97413 0.2397 3.61455 4.11771
8.75226 0.76371 0.69204 3.77086 4.05965
6.90512 -0.58646 1.09632 4.43457 2.26797
5.18461 1.91828 1.1611 4.60962 2.86629
5.07094 2.09333 -0.24595 6.23224 2.84444
4.77741 3.37909 -0.01583 1.76178 3.19845
4.72877 4.39973 -1.9099 2.26693 2.56795
3.96212 5.14265 -0.82948 1.00163 4.31463
3.41023 3.33563 1.09779 2.53731 2.77625
3.4669 3.095 1.8849 3.20521 3.41012
4.96259 2.65485 1.61108 3.99288 2.8557
6.87358 3.87785 -0.46452 3.85814 4.36201
7.80436 4.92208 -0.69767 4.02786 6.27963
6.66499 2.28187 -0.08038 2.43701 6.69457
8.62692 1.56265 0.68325 3.47105 6.32168
6.94663 1.08125 -1.89991 5.38462 6.46667
7.57663 2.9784 -1.33148 4.04996 7.66616
7.04954 2.08381 -0.75371 6.18208 7.25435
9.3558 2.08405 1.17393 4.18208 7.91413
8.87761 1.63848 0.33628 2.28359 7.67987
