-1.09359 -0.98096 -0.29897 0.39938 -0.48986
-0.43441 0.61565 -1.01365 -0.95384 1.99013
0.30452 -1.03804 0.08696 1.32333 -0.36887
0.96502 -0.84124 0.42756 -0.0994 0.02174
0.54795 -1.08431 0.89848 0.45052 -0.60186
1.94325 -1.20292 0.41171 0.32897 -1.78852
0.59489 1.13324 -0.17384 -0.4011 -1.73495
-0.88383 0.15568 -0.43144 0.34113 -1.44856
-0.67532 -0.49567 -0.97924 0.00104 -2.69249
-0.1377 -1.94822 -0.47314 -1.45001 -3.65781
1.14058 1.48992 -0.56388 -0.07715 -2.51508
0.48449 -1.02066 1.02298 -0.19201 -4.0811
0.029 -1.11455 -1.74443 -1.47553 -3.94575
-0.33647 0.30429 -0.2482 -1.3857 -3.95823
0.41168 0.2686 -1.33881 -0.93488 -5.38235
0.4675 1.90651 0.78805 -2.08597 -4.26686
-1.94781 -0.13657 0.87875 -0.73734 -2.17128
-0.29498 -0.14633 1.06694 1.33978 -2.18598
0.62934 2.11272 -0.10164 -0.21099 -3.538
1.15277 -0.07583 -0.29297 -0.40509 -1.1301
-1.28936 0.10003 0.20743 -0.9643 -0.74729
0.67391 0.36904 -1.31153 -1.69221 0.312
-1.56991 -0.16919 0.2118 -0.91171 -0.4054
-1.61219 0.03746 -2.25128 1.22159 -1.16872
-0.73661 -0.86802 -2.402 -0.12665 -1.32537
-0.46785 0.42779 -1.64633 0.11346 -1.96828
-1.42665 -1.40523 1.51243 -0.50405 -1.69226
-0.86223 0.63169 0.42765 -1.35232 -1.97209
0.74432 0.24202 0.34459 -1.00617 -1.59785
-0.10637 -0.05347 -1.49415 1.82108 -2.11366
-0.17142 0.17847 -0.80817 -0.14079 -3.34617
1.37824 0.54379 -2.30801 0.62576 -1.36758
1.85316 -0.54753 -1.91236 -0.25052 0.80491
-1.33404 -1.7853 0.97877 -0.01389 -0.18209
0.08265 -0.24106 -0.9058 1.22832 -0.81182
1.07844 -2.50188 0.08163 0.18623 -0.12383
1.74847 1.91836 -0.06247 0.3691 0.11691
1.2215 1.03933 -1.70553 1.61446 -0.35444
0.78834 -0.27716 -2.53247 1.52971 -0.6343
-0.14904 -0.28215 -1.58925 -0.36921 -1.78504
1.78514 0.18269 -1.69791 -1.7023 -0.02722
-0.076 0.18357 -0.28948 1.65725 0.16947
1.51202 1.03228 -0.70804 1.15962 0.44364
-0.84658 0.99009 1.5776 1.32497 -1.57081
-0.23907 1.72388 1.75602 -0.29249 -1.59624
1.18782 -0.21428 1.10473 -1.86904 -0.85758
-0.28164 0.0924 -0.96016 -1.86286 -2.06441
-3.33072 0.43308 -0.92464 -0.19839 -2.05235
0.54342 1.05715 -0.09895 -1.40905 -1.20024
-1.00847 1.23486 0.85077 0.12779 -2.8211
-0.46847 -0.06666 0.71211 -0.01085 -3.04674
-1.12514 0.76737 2.48931 -2.47303 -3.68666
-0.98725 0.08046 1.94464 1.31389 -2.56702
-0.77381 1.72859 0.11048 -0.12789 -1.29136
1.14647 1.97662 -0.57012 -0.34723 -2.91679
1.23737 0.2327 0.15214 -0.12496 -2.98445
-0.64264 1.93257 0.10815 -1.37542 -2.77427
-2.06631 1.78003 -0.99508 -1.35176 -1.34933
-1.30994 -0.21084 -1.65289 -0.09708 -0.91284
-1.58655 -1.01586 -1.21067 -0.74903 -0.0975
0.58467 -0.8058 -1.74338 0.72692 0.40253
1.25633 0.75089 -1.18683 0.46107 0.85939
0.15987 0.50028 -2.37956 1.85866 0.64359
0.41019 0.0351 -1.63142 0.84507 0.90292
0.77289 0.35476 -1.80601 -1.1933 2.48259
-0.59877 -0.14169 -1.35624 2.1087 2.97349
-0.34779 -0.00934 0.49966 1.05661 2.22414
1.47089 -0.22171 0.75767 -0.78644 1.74101
-0.07934 0.25973 0.31034 0.49843 1.96847
0.62574 -1.27867 2.14797 0.68748 3.16621
0.23589 1.50226 1.12474 2.4502 2.25352
-0.69155 0.37955 -0.3193 -0.18663 2.39954
-1.19558 0.24797 1.10619 2.40565 0.39735
-0.37801 1.27043 1.64268 0.3731 0.09043
-0.9521 -0.875 1.18851 0.78739 0.02458
-0.73161 0.61988 0.88545 1.96016 0.61525
2.51252 0.45417 0.28743 0.50102 0.14012
-0.14771 0.52487 1.6892 -0.29113 0.93674
1.04195 0.82379 1.94344 0.49875 -0.20701
-0.44752 0.44229 -0.43299 0.2226 -0.41889
0.76317 0.26915 -1.49515 0.77793 1.08585
-0.13413 0.5757 -0.7626 1.88082 0.6499
2.23191 0.41052 0.00852 0.60817 0.33701
1.01126 0.14134 0.69818 -0.74737 0.64352
-0.69984 -1.31069 -1.16484 -0.34949 0.42614
1.33189 -0.63825 -0.43157 0.72099 0.37807
-0.93539 -0.59021 2.30388 0.55194 -0.15907
-1.0958 -0.06055 0.84634 0.93159 2.07425
0.0801 -2.02896 0.40684 -0.17281 1.42379
-1.11987 -0.32373 1.51433 1.25902 0.23258
-0.3503 1.38988 -0.25221 -2.08934 1.09476
-0.39033 -0.81353 -1.39997 -0.84896 1.06399
-0.90171 0.11802 -2.44476 -0.67788 -1.06033
-2.48288 0.20765 -0.70176 0.70308 -2.48527
-0.85258 -0.27334 2.45017 -0.7111 -1.85501
0.39424 -0.79615 -0.70683 -2.0675 -4.10459
-0.77076 0.19977 -0.94554 -0.38043 -3.59138
-0.62249 -0.809 0.4216 0.18128 -3.81902
-0.87324 -0.91254 1.34445 0.04979 -2.12856
-0.171 0.67901 2.07449 0.20319 -3.22399
1.10941 1.15771 0.69931 -2.70956 -4.19606
-1.77388 0.66885 0.91456 -1.29742 -4.85347
-0.63728 0.8605 -0.14951 0.14842 -4.14839
1.50146 0.33852 -0.98611 -0.84547 -3.64713
1.28667 0.74391 -1.04024 -0.92593 -3.54657
-0.50325 0.80439 -0.24577 0.20383 -2.92457
0.43526 0.22174 -0.18076 -1.31913 -1.45671
-1.61102 0.5291 -1.21716 -0.70285 -1.6095
-0.96917 -2.47046 -1.88065 -1.12006 -0.47902
1.09297 0.34127 -1.82129 1.04533 -1.73367
0.92177 0.48652 -0.70903 -0.08405 -0.16546
-0.83311 0.13767 1.22263 0.05538 0.64426
2.48542 1.72597 -0.20293 -0.7776 -0.5514
-0.05341 0.45056 -0.85259 -1.14622 -0.46038
-0.56977 -2.13952 -0.39144 1.61953 2.00698
1.2043 0.73202 -0.84989 -0.98131 0.18337
-0.13837 -0.37087 -0.70565 0.81569 0.99205
0.30052 0.81303 -0.50016 -0.33759 3.77117
-0.44256 -0.30076 0.15416 1.08093 1.61698
0.174 0.50932 0.24089 0.45558 1.54906
-0.83843 1.94501 -0.16802 -0.14502 0.89701
-0.40561 0.55423 -0.054 0.8574 0.59487
2.06438 -0.0556 0.09175 -1.46253 0.78528
-1.04691 1.25003 -0.84304 -0.07643 1.75856
-0.2372 0.96758 -0.50488 -1.38209 2.34706
-0.04976 -1.57057 0.24459 -2.4815 2.45721
0.06059 -0.84282 0.03632 -0.52366 2.29969
-1.06802 -0.60056 0.8324 -0.42844 2.32338
-0.48747 0.85264 0.11089 2.24889 1.6046
0.16268 -0.83657 -1.47664 0.02739 1.59493
-0.29796 -0.49301 -1.73916 -0.21413 0.78453
-1.7831 1.59829 0.12439 0.48455 1.34563
-0.50428 0.52825 0.10184 1.67022 0.99793
0.13457 -2.24199 0.67192 -1.27042 0.4323
0.00794 -1.80755 -1.27724 -0.47132 0.69218
0.01482 -1.58881 -1.22994 0.7401 0.86663
-0.0228 -0.13067 -0.27832 0.26995 1.84121
-0.00712 0.25221 0.8857 2.11125 -0.13685
2.14451 -2.11153 1.48075 -1.9438 -1.06138
0.41602 -2.0368 0.74247 -2.07093 -2.57359
1.64276 -1.00839 1.94865 -0.56425 -0.97369
-0.61137 2.11112 1.36196 0.57468 -0.56198
-0.02089 -1.5222 0.48944 1.92769 0.33488
-1.20341 -1.59201 1.65122 -0.75267 -1.10721
-3.05183 0.49498 2.25401 0.21295 -1.87219
-0.95516 -0.48076 0.84462 1.0709 -0.48481
-0.07232 0.62237 -1.60291 -0.0014 -0.99845
-1.07281 1.68304 -1.0032 0.44119 -1.72285
0.2286 0.42007 -0.40958 0.483 -0.86185
-0.80918 0.26251 -0.16023 0.20367 -0.85239
0.15097 0.60512 0.32906 -0.01695 -0.80739
1.56312 -0.24155 -0.54301 1.00763 0.933
0.67791 -0.46323 1.24476 -0.40086 -0.29569
-0.18985 -0.20733 0.40844 -1.67331 0.55108
1.04205 2.42259 -0.3279 1.31807 0.13163
-0.56791 0.73462 -1.42031 -0.79977 -0.64849
0.2595 0.82705 -1.61316 -0.99546 -0.37474
-2.64553 0.58741 -2.2701 -0.85483 0.95107
-0.12491 0.13928 -1.24219 0.40751 0.37441
-0.15166 1.01965 0.10424 -1.55636 -0.8578
-0.92697 -0.30014 -0.37842 -1.77469 -0.91393
-2.11737 -0.44662 0.47048 1.00602 -0.58581
-1.28671 0.67968 1.25295 -0.06788 -0.28693
-1.35498 0.78119 1.07886 0.65122 -1.65398
0.75068 0.2328 0.68313 -0.35293 -3.32738
2.21662 0.21744 -0.49943 -0.47366 -2.82946
-2.52217 -0.01194 1.21614 0.20528 -2.89622
0.5434 -0.25791 0.92101 -1.92198 -1.36027
1.1265 0.44718 1.06089 -0.08729 -1.54314
-0.45473 -1.8116 1.84488 0.83432 0.69449
0.51041 -0.08494 -0.23271 0.66139 2.42747
0.19878 -0.68337 -0.79677 0.55524 0.3348
1.80794 0.25625 0.01484 -0.82206 1.30955
-0.06351 -1.16921 -0.47867 -0.05672 0.672
-0.37464 -1.17433 -0.808 1.56202 0.23978
0.99385 -1.30777 -1.2153 -0.63765 -0.01154
-0.64847 -0.27803 -1.15193 1.26972 0.65862
-0.21196 -0.43673 -0.58207 1.96911 0.59016
-0.59776 0.95634 -0.27757 -1.12455 -1.48026
-0.8243 -0.89439 -0.46434 -0.67722 -2.30627
-0.39438 0.09391 -0.01192 -0.95487 -2.93842
0.29169 0.71694 -0.31629 -0.79261 -3.33812
1.89426 -0.58289 1.66719 -1.09467 -3.06273
0.67654 0.23036 -1.19814 -0.01405 -1.63977
-1.28579 0.7055 -0.94927 -0.04117 -1.29865
0.21754 -1.51649 0.2715 -3.01401 -0.72507
0.47178 0.69852 -0.47825 0.31394 -2.12324
-0.19722 -0.20152 0.96369 0.80963 -0.59578
1.4585 0.16025 0.11969 -0.58223 -0.12364
-0.1688 0.71411 0.57615 -0.14429 0.67211
-1.91208 0.78797 0.08988 -1.01673 2.30716
1.96783 0.37506 -0.87263 -0.95891 1.7662
-0.47555 2.3386 -1.3529 0.62211 -0.42724
-0.44045 2.04049 -0.04034 -0.49663 0.66743
0.49332 1.28697 -1.40166 -0.44834 1.54067
-1.3822 -0.19155 -1.74483 0.70039 2.79509
0.49068 -0.45566 -0.62196 1.43871 3.31514
1.28035 -1.40966 0.24399 -0.70979 5.46409
0.19201 -1.18697 -0.17842 1.07685 4.7287
0.0968 -0.9035 -0.21842 0.68824 3.88761
-0.25713 0.54992 1.409 1.43057 2.48622
0.155 -0.20117 0.81147 0.60165 2.25222
0.78149 0.13981 -0.25053 0.02381 2.05168
0.21195 -1.29599 -0.9327 -1.02845 2.46161
-1.14075 -0.82478 -0.59125 1.72487 3.99343
0.48189 -1.22786 -0.47969 1.18088 4.67172
1.23016 -0.26188 1.87999 2.35962 3.80744
1.2484 0.8057 0.50857 0.04113 2.97112
1.00116 -1.36264 1.16273 0.84084 2.27685
-1.53583 -0.02314 1.19632 1.2922 0.95841
0.72188 0.40412 -0.08348 0.96254 1.69618
1.37603 0.35799 0.08991 0.20377 0.04456
2.42908 0.6134 1.29744 -0.46882 0.58501
0.23713 -1.86652 0.21319 -0.17181 0.7954
0.54752 -0.10244 -0.01931 0.82794 1.42273
0.24571 1.68991 0.68739 0.40354 1.61594
1.29133 0.68847 0.47386 0.84864 2.98784
-1.30468 0.46597 1.9082 0.51894 2.60818
0.05928 0.49829 0.58144 1.23581 0.72103
0.67424 0.66997 0.17906 0.20054 0.16936
0.35396 1.15719 -0.82591 1.6599 0.15162
3.3948 0.47844 -0.05139 -1.04521 0.47565
0.1217 1.91227 -0.67872 -0.68785 0.28367
-0.07248 0.74963 -0.83952 -0.85386 2.30994
0.20845 0.40937 -1.33659 1.54472 3.40623
0.04836 0.02528 -1.11416 0.65933 3.35625
0.95274 0.34319 1.58046 -1.20285 5.06771
-0.87964 1.04749 0.56399 1.63777 6.63831
2.0289 -0.89491 -0.25319 1.67335 5.89788
0.68832 0.77436 0.70765 1.85763 4.62368
2.70054 1.41931 1.34887 -0.04227 4.14624
-0.34991 1.15978 0.36062 0.08269 2.9883
0.0433 0.82226 0.32753 -0.44839 2.24133
-0.3655 -0.63899 0.90243 2.55799 3.454
0.14616 -0.11361 0.91646 0.93459 4.33035
0.94345 -1.10468 0.31501 1.58766 3.70921
0.46666 -2.25842 -0.12533 2.17936 2.99772
0.59126 0.90431 0.84864 -0.86503 3.23683
0.74251 -0.72453 2.35958 1.5314 3.74387
1.39471 0.44534 1.29506 2.48728 3.72137
0.24056 -0.75674 1.3313 -0.21584 3.83134
0.45781 0.30267 -0.24959 -0.2011 5.16454
0.2688 1.04374 0.20566 1.21694 4.66728
0.33591 1.19402 0.32639 1.10874 6.28301
-0.94466 -0.4226 0.77135 1.96408 6.11295
2.28653 3.38396 0.18294 2.52692 7.07355
1.62154 0.76318 0.74054 1.85143 4.92354
0.18012 1.73272 -0.66476 1.30807 5.32445
1.40075 2.19842 -0.57042 1.72437 3.67694
1.013 1.13 1.54597 1.07712 4.22301
1.00621 -1.50323 -0.19302 0.20407 3.80489
0.348 -0.39593 -0.70629 0.78157 4.92212
-1.19807 0.87265 -1.01346 1.09435 6.34791
0.6937 0.35113 -0.10185 1.48908 5.33349
0.68951 1.77547 -0.58446 2.87338 6.30843
0.91707 1.49451 0.89617 3.06595 5.55311
0.96919 0.09095 2.82557 2.82672 4.4346
-1.71989 -0.88434 1.48143 1.41643 3.02311
0.87965 -0.3112 -0.27575 1.38887 2.81084
0.88493 0.19051 -1.02466 0.07133 1.84002
-0.30877 -1.07193 -0.48967 -0.18199 3.38204
0.41894 -1.06751 -0.66066 1.9657 1.19748
1.44082 -0.21267 0.15391 0.29957 2.26997
0.79279 0.68365 1.94798 1.77653 2.73528
1.84437 0.21642 1.7143 1.57092 0.38863
1.66103 1.75185 -0.56719 -1.06587 0.37208
-1.8755 0.68344 -0.36437 -0.9861 0.88085
-0.24591 1.80927 0.48656 -0.10035 0.06157
-1.62862 1.62144 0.86246 0.43125 -2.55691
1.21837 -1.83091 1.14949 0.48857 -4.11811
-0.3999 0.04305 -0.21361 0.11144 -7.08992
0.55513 1.37312 -0.74899 -3.27969 -6.43898
-1.11694 -1.12155 -1.94805 -1.27871 -4.12837
-2.76698 0.52464 -0.80655 -0.85783 -3.8649
-3.65513 -0.51941 -1.18633 0.84291 -3.03994
1.05232 -1.12028 -0.47839 -1.79644 -0.9792
-0.59632 -0.88988 -1.10705 1.00424 -3.12073
0.86479 -1.01038 0.29997 0.18355 -3.35377
-0.22462 -1.17797 -1.70628 -0.21588 -2.38798
-1.28119 -1.76197 0.8363 -0.54206 -2.21406
0.17966 1.36047 -1.0564 -1.9745 -2.96772
0.58596 -1.07014 -0.35953 -0.97241 -4.71361
-0.57837 -0.78316 -0.45466 -1.59874 -4.62671
-0.26178 -0.10937 -1.05581 1.05986 -4.68896
-2.98725 0.09525 -1.52185 -1.06764 -5.27026
-0.64966 0.66046 -1.93638 -0.36161 -3.69309
-1.50073 -0.59106 0.19446 -2.08371 -3.82315
0.30902 0.64053 -0.19811 1.9392 -5.2051
-1.30274 0.98724 -0.17597 -2.16228 -4.35265
-1.07155 -0.94154 0.93211 -0.27467 -1.94017
-0.06281 0.24352 -0.28854 0.63227 -0.36664
1.09135 0.46213 -0.30087 0.25583 2.31953
1.05404 -1.6014 -0.37189 1.52954 4.07488
-0.54893 1.33831 -1.10134 0.23195 3.40362
0.79878 -0.33629 -1.8561 2.48851 4.46521
0.31781 -0.78842 0.08617 -0.06961 2.93362
-1.58681 -1.42187 -0.28981 -0.17963 3.65067
-0.51922 -1.34872 0.80454 -0.41317 3.32225
-1.76921 -2.42873 1.17814 2.4534 1.04038
1.89909 -2.29525 -0.90392 0.71133 0.68268
