-0.28451 -1.23835 -0.22599 1.61641 2.54553
1.25747 0.11035 0.52143 0.66062 2.35778
0.38975 0.46342 1.84177 0.8177 -0.50226
1.22764 1.67468 1.65563 0.37877 -1.42221
1.68246 -0.14185 1.54728 -0.46198 -2.08656
0.90663 0.42295 0.78532 -0.13679 -1.88593
-2.04065 0.16545 0.8866 -1.5537 -0.89285
0.21766 -1.0554 -1.06565 -1.43459 0.64073
2.08239 -0.53652 1.15589 -1.2911 0.35176
1.07957 -1.2178 1.36348 -0.56537 -0.46069
0.10075 -0.91777 1.34188 -1.61827 0.89819
1.06451 1.38633 1.00974 -1.61079 1.05457
1.38093 1.43223 2.34895 -0.14396 1.17889
0.793 0.44893 1.39067 -1.0073 0.84564
1.90233 -0.04424 1.22991 -1.02282 -0.16014
-0.09273 -0.31374 -0.03485 -1.75627 -0.9056
1.692 1.28633 -1.20694 -0.51054 1.90902
1.46531 0.09152 -0.41137 -0.60378 3.33068
-0.16346 0.87044 0.33809 2.43212 3.17274
1.11801 0.70726 0.18536 2.21369 4.39091
3.73658 0.69975 -1.01893 2.09096 4.18267
0.85892 -0.27861 0.51426 0.41942 3.11306
-1.35253 -0.69314 0.57502 -0.51362 3.70535
-0.54133 -0.34154 0.97696 -1.23703 2.23806
-0.37708 -0.4716 1.54531 -0.29714 2.64265
1.16942 1.02399 1.3605 -0.67278 1.62799
-0.2563 -0.13175 0.29993 -0.62255 1.44108
1.01185 0.24058 2.43943 -1.26893 1.1105
0.96246 1.22367 1.28094 -0.18737 1.99082
-0.83874 0.54265 0.18583 -0.75391 2.35642
-1.10762 -1.08451 -0.19352 -0.8101 0.7867
0.39612 -0.09659 -0.19196 -1.93912 2.62407
-0.19274 0.5197 -0.49663 -0.41855 3.5677
1.02741 0.71495 0.2127 -0.87638 3.53897
0.21022 -1.46601 1.46202 -0.62241 4.61634
0.50226 -0.76027 0.36972 -0.26704 4.94027
0.06204 0.74336 -0.41569 -0.2604 5.04686
1.12951 1.01332 -0.32918 0.62183 4.83499
1.24844 -0.14081 -1.12241 0.59038 5.18911
2.32542 -0.65284 0.0893 -0.15908 4.13104
0.74773 -0.66474 0.52766 0.35874 3.52697
1.5928 0.7657 2.18138 1.21962 1.38475
1.03119 0.76902 -0.18497 0.91459 0.53232
0.65552 0.86914 0.13132 1.10336 -1.13413
0.01674 0.12452 -0.80705 0.61534 -0.52336
1.23514 -0.15546 1.42217 0.61273 -0.14184
-0.98397 -1.6356 1.26231 1.4601 0.40908
-1.03516 -1.95101 0.49989 -1.39855 -0.0683
-0.06374 0.86097 0.03332 0.20287 -0.45289
-2.33631 -0.40331 -0.92474 0.00908 0.24008
1.00042 0.26264 -0.98242 1.07985 -2.10835
-0.37138 0.98866 0.01707 -0.01376 -1.29381
-2.12551 -0.22291 -1.46496 -0.81499 -1.89189
-0.69109 1.2254 -2.95549 -1.07637 -0.67747
-0.09443 0.97522 -1.84106 -0.06628 -0.32795
-1.32448 0.50765 -1.80663 -0.26712 -0.67547
2.76372 -0.11679 -1.50955 -0.30733 -0.87259
0.02569 0.76656 -1.95507 0.35977 -0.46146
-0.05539 0.59267 -1.00463 -0.39195 -1.14401
-1.52931 0.4639 0.69729 1.27639 -1.34473
1.49018 2.18386 0.29662 1.47598 -1.58758
-0.41762 -1.04291 -1.13536 1.46553 -2.6864
1.30999 1.20849 -0.9237 -1.51968 -2.72555
-0.63892 0.37687 -1.07443 -2.39432 -2.65208
-0.89283 1.31933 -2.31802 -3.28058 -1.85497
-0.57838 -0.3568 -2.48781 -2.58557 -1.00442
-1.51097 -0.96039 -1.6175 -1.65639 -0.6119
-1.13443 -0.52493 0.02154 -1.28079 0.16949
-1.4618 0.80721 1.52081 -1.42271 0.04606
-0.85475 1.13028 1.27896 -2.49973 0.99521
-0.65232 -0.27669 -0.86091 -1.21628 1.58576
0.38113 -0.00408 0.03536 -0.3875 0.49536
2.06445 2.29507 -0.93282 0.22982 -0.60085
0.10783 0.13357 -2.5079 -0.31917 -1.39631
0.43 0.1681 0.26572 -0.97146 -1.14884
-0.15803 -0.62932 0.22298 2.91157 -0.54952
-0.2595 -2.3726 1.74917 2.81949 -2.68692
0.0851 0.00259 1.41084 1.44422 -2.82054
-0.45174 0.46048 1.43034 0.34164 -1.79167
0.28688 -0.11379 1.05559 -0.41875 -0.59309
-0.38116 0.08907 -1.0383 -0.47175 -0.59024
-1.44973 1.18704 -0.52762 0.67354 -0.20874
0.23555 -0.14682 -1.15507 0.41866 0.5446
-0.93247 -2.59269 -0.96308 0.29997 0.54809
-0.16259 -2.59511 0.57317 -1.89213 1.08548
-1.2104 -0.39546 1.74065 -0.60549 0.72439
-0.00824 0.49095 -0.15999 0.21412 0.32456
-1.06385 0.31724 -1.42693 1.95721 -0.96091
0.37514 1.9023 -2.67473 -0.65402 -1.21204
-1.62314 0.089 -3.38123 0.58127 0.18405
-0.2082 -1.48974 -3.55096 0.28007 -1.11936
0.17911 0.63618 -1.63194 -0.5082 0.77408
-0.0038 -0.84191 -1.62117 -0.67345 -1.12303
0.47596 0.17991 -1.90444 0.23258 -1.89596
-0.07863 -0.17223 -2.32058 1.36 -0.41922
1.24985 -1.94164 -0.38256 -0.08887 -2.00402
-1.15915 -2.03354 0.17527 1.69564 -2.51761
0.43489 -0.73561 1.60079 0.42319 -2.49054
0.14613 -1.14912 -0.99514 -0.83172 -3.19925
-1.15318 -1.28988 0.83468 -1.91841 -2.70819
-4.41241 -2.87239 0.80744 -2.37103 -1.04995
-0.26485 0.57449 -0.66314 -2.30914 -1.55807
-1.47462 0.15761 0.23978 -1.38325 -1.86161
0.08403 0.4445 -1.1949 -2.59215 0.37667
-0.91235 1.3705 0.13963 -0.6046 0.47173
1.50302 2.90607 -1.20746 1.09453 0.41638
-0.97616 1.59477 -0.07187 2.4208 -1.62562
-1.04237 -0.33757 1.69664 0.16403 -0.92278
0.71544 -0.59968 0.46479 0.66458 -1.43253
0.48958 -1.91171 1.44972 1.35554 -2.93261
0.71129 -0.77568 0.984 1.11513 -3.66105
-0.18686 -0.80546 1.41342 0.88746 -2.32147
0.1576 -0.03983 1.01519 1.58411 -2.12389
-2.82733 0.22089 0.98062 1.858 -2.3447
-2.11069 0.28313 0.0433 -0.75696 -2.02942
-1.36952 0.27337 0.76869 -0.57244 -1.6463
-0.45858 0.43945 0.2513 -0.84224 -1.2745
-0.85335 -0.07833 -0.7126 -1.11109 -1.59653
-0.0272 1.65165 -0.27125 -1.74181 -0.31576
0.40529 0.65117 -0.57354 0.48442 -0.02532
2.13726 -0.18027 0.19466 0.41106 0.00211
1.16435 -0.0614 -0.56645 0.25719 -1.57923
0.7908 -0.32907 0.03371 -0.34286 -0.14506
0.06261 0.94822 0.69932 -1.18086 -1.68744
-1.41173 0.78632 1.30119 -1.63482 -1.87393
0.22487 -0.76211 -0.58639 -0.98446 -1.53542
-1.41291 0.10062 0.51685 -1.50037 -2.59957
-0.93056 -0.0003 -0.26046 0.19625 -2.91591
0.06914 -1.32998 -0.50381 0.72476 -2.88259
-1.11724 0.02368 -0.96409 -0.97929 -2.40616
-0.57803 0.87885 -1.01688 -1.34626 -4.57857
-0.78591 0.52888 -0.69061 -0.08305 -4.87362
-1.44526 0.16161 -0.06638 -0.23408 -4.68041
-0.6346 -0.35046 -0.33058 -0.28723 -4.49348
-1.32244 -1.11307 -1.24771 1.11416 -1.78746
-0.27605 -1.881 -1.80362 2.21206 1.00057
-0.18916 -3.04358 -0.81332 1.49285 1.47778
-0.72536 -2.20902 1.79469 -1.89888 2.11568
-1.35493 -3.25775 0.1647 -1.06902 1.18752
-0.46361 -1.11819 -2.05265 -2.0285 2.04411
1.86778 -0.84898 -1.40446 -1.70445 1.06226
1.95221 -0.91742 -2.91698 -0.00014 2.10963
0.73664 -0.61721 -1.73231 -0.44453 0.97618
0.57683 -1.20566 -2.38755 1.94102 0.46849
1.98032 0.08295 -1.81722 0.79688 0.4167
-0.32896 0.56044 -1.3533 0.83211 -0.37471
0.57248 1.35427 -0.25476 1.10499 -0.43943
0.12236 1.04256 0.57027 0.30654 -1.49159
-0.60186 -1.04311 0.38665 -0.21151 -1.19822
0.27914 -1.5009 1.53053 0.58164 -0.6341
-1.78917 -1.71624 0.36385 0.95985 0.28439
-0.03555 -1.09571 0.79228 -2.1994 -1.36552
-0.29874 0.17772 1.53897 0.01382 -2.04734
-0.62977 -0.34418 -0.69228 -0.52952 -2.49893
0.09228 0.42228 -0.77962 -0.09265 -3.46088
-1.12109 -0.52403 -1.00514 2.29075 -3.77137
-0.08794 -0.81444 -0.17402 1.01844 -3.2101
-2.17707 -0.41792 0.69356 -0.03703 -5.2195
-1.98299 0.03369 -0.00901 -0.68095 -4.05182
-0.54324 -0.51041 -0.97467 -2.94572 -4.66459
-1.12718 -0.95543 1.11223 -1.84296 -6.2648
-0.88091 0.59286 1.03638 -1.6161 -5.57843
-1.71587 -1.21729 1.08109 -1.05122 -5.65014
-1.92785 -2.41585 1.0365 -1.16794 -5.02135
-1.41703 -1.73423 -0.62749 -1.95397 -4.70253
-0.85937 0.14628 -2.25345 -1.02132 -3.58677
-2.384 0.80392 -1.76799 -1.53839 -2.96303
0.69278 -0.43247 -1.55865 -1.33767 -0.90547
-0.30363 0.8752 -1.05742 -2.46885 -1.04705
1.16889 0.22425 -2.18298 -1.10146 -1.38443
0.96396 2.10937 -3.50305 1.29029 -0.84825
0.42154 -0.64473 -2.32259 1.97722 -0.8484
1.70719 1.15947 -2.28578 0.91815 -1.0976
-0.78054 1.46983 -1.14314 -0.61566 -1.91731
0.52406 1.08569 0.32873 -0.95428 -3.59207
-0.71214 1.31019 -0.1179 0.69703 -3.88024
-0.57959 0.21865 0.20788 0.00564 -3.33961
-1.88238 2.59376 1.76427 1.02539 -3.50163
-0.10995 1.21877 0.72071 -0.52668 -2.92569
0.31808 2.73647 -0.51032 0.08337 -1.70992
-2.22263 -0.13004 -0.26146 -1.86041 -2.43385
-0.94635 0.23138 -1.14956 -0.9165 -1.34894
-1.25431 0.74131 2.47851 -0.54418 -1.36904
-0.25423 -0.38507 1.71776 -0.5822 -0.27905
0.45348 0.46516 1.62744 -1.25064 0.47026
-0.511 -0.44344 0.40697 -1.12683 0.42309
1.0568 2.23957 0.58196 -1.0611 0.84495
0.30198 0.26829 -0.49684 -0.25295 0.89073
-1.62272 -2.07361 1.65405 1.77183 1.9015
0.51417 0.23668 -0.09119 1.03313 1.20755
0.01577 -1.22481 0.28609 2.09174 2.08836
0.10687 -0.0257 -0.61104 1.16505 2.77704
1.14771 -3.01388 0.33131 2.16384 2.67812
1.57135 -0.03496 0.67911 -1.16055 3.63212
0.38035 1.19052 0.17221 -2.36569 3.53004
-0.69099 1.11453 0.47183 -0.40949 3.51691
-0.23896 1.99932 0.08668 1.69762 2.07368
-0.24338 2.21846 -1.94182 0.50562 0.98629
1.42107 -0.5067 -0.64449 3.18841 -0.33343
0.16399 -1.30062 1.07038 2.33592 0.72645
-0.06436 1.53412 3.1747 0.85503 2.4146
0.26759 1.12835 2.9093 0.82799 2.72505
0.56634 1.2045 2.39528 0.42765 4.44564
0.12209 1.30126 0.16524 0.52799 4.11855
0.90056 0.14544 -0.29858 0.35907 3.62719
0.9738 0.56896 1.14853 0.69864 4.61493
0.12633 -0.09983 2.23643 0.07989 5.41825
-0.49415 -0.22963 1.45175 0.42393 5.18077
1.46215 0.52965 1.16761 1.37638 4.82018
1.62741 -0.04057 -1.26805 2.03682 4.31888
0.90881 -0.74628 0.14824 -0.51085 3.23065
0.1914 -1.91402 -0.57031 0.97567 1.54234
1.28092 -1.75831 -0.22718 0.2867 1.52884
1.27601 -1.12455 1.24237 -0.79466 1.12849
-1.33693 -0.32626 1.20216 0.28932 -0.25631
-1.35966 0.1982 -0.75848 0.83641 -0.68201
0.71623 1.37987 -1.28912 1.4454 -0.37913
-0.566 1.51697 -1.56742 0.76845 -0.37474
0.72289 0.30494 -1.87192 0.27087 -0.57855
-0.46012 -0.19762 -2.553 1.45552 -1.35237
1.30351 -1.92323 -1.48122 -0.27249 -2.26939
-1.80658 0.65282 -0.01499 -1.5332 -2.48414
-1.44008 1.77337 1.22505 -0.74135 -2.51474
0.34212 -1.64474 0.66356 -0.16238 -2.28471
-1.46711 -1.16447 2.27771 -0.34762 -2.14337
0.32626 1.62334 1.95564 -1.39539 -3.52612
0.1618 0.77051 2.46363 -1.37779 -3.3152
-1.30586 -0.48741 0.50931 -2.85314 0.68377
-0.50093 0.4327 -1.17773 -1.39195 1.28545
-1.25499 0.77112 -1.69822 -1.60124 2.19174
1.20629 0.52753 0.41294 -1.57645 1.42423
2.0473 -0.20961 1.70617 -1.31302 0.55735
0.92757 0.83359 0.88591 -2.3565 -0.15508
2.0137 0.28287 0.69733 -0.4842 0.69897
-0.98651 0.72475 -0.36943 -0.14567 0.92354
-0.24196 -0.75242 0.67886 2.7745 1.74157
0.06631 1.14366 -0.67485 1.96468 1.77459
0.06406 0.20895 0.55207 0.92485 0.63742
0.93113 0.32584 2.44998 -0.50175 0.37441
0.90118 2.1138 2.22059 -1.65938 0.68008
-0.09093 0.63088 1.55861 -0.91144 0.01065
0.26747 0.75352 1.17676 -0.56156 0.77176
-0.43419 0.09593 0.09498 1.41191 3.05286
-1.13681 1.05431 -0.04406 0.15581 2.5879
-1.55705 -1.13235 0.49535 0.98723 1.53964
-0.74579 0.68158 0.13574 -0.63567 1.6995
-2.0876 -0.623 -0.20962 -0.0899 1.21182
0.1316 -0.30504 -0.40601 -0.34039 0.40468
1.12505 0.50622 -0.35188 -2.6391 1.16734
0.9034 -0.29471 0.98676 -1.5122 2.02108
0.66509 -0.86772 2.68184 -1.70794 3.71007
-1.95925 0.55299 2.06516 -1.33142 0.92097
-0.91251 1.29132 0.90085 -0.045 0.92769
0.43437 0.00789 0.96761 0.1653 1.7445
1.17316 -0.13254 1.14516 0.06517 4.3956
0.93517 -0.4659 1.17517 -0.72726 4.24566
0.16622 -0.23314 0.84202 -0.83395 4.61584
2.08198 0.60551 0.47941 2.5527 4.84449
1.6857 1.13166 1.02809 1.77415 5.84817
2.02157 1.15907 0.16605 0.55147 5.55092
2.47 0.72482 -0.3884 0.02888 4.13569
2.36904 -1.45001 -0.35703 0.83632 1.48909
1.94903 -3.04255 0.51828 0.35976 1.48111
1.36559 -1.72982 -0.69446 0.56112 0.16996
0.36087 -0.06594 -1.97826 1.48639 1.01925
-1.24447 0.80494 0.20137 1.46661 0.76441
1.05501 2.96279 0.65236 1.9712 1.93356
0.08621 0.92542 -1.24017 2.61863 0.92238
-0.11866 0.78841 -1.71633 -0.6066 1.5776
-0.02687 0.12656 -0.88681 0.73316 1.70081
-1.22367 -0.67323 -0.77833 1.18623 1.40167
0.15875 -0.20628 0.00774 1.88877 0.62735
1.2636 -0.31815 -0.37037 0.44104 0.97594
1.66752 -0.77051 -0.42105 -0.47885 0.98026
-0.41853 -0.11965 -1.36542 1.391 -0.92019
-0.95169 0.04907 -0.16921 0.82739 -1.09167
1.12768 0.37096 -1.25168 1.53158 -0.52404
-0.68032 0.4958 -1.63793 0.59036 -1.20042
0.71468 -0.33083 -0.52164 -1.01573 -0.97757
-0.76647 -0.09454 -0.93282 0.89646 -1.27261
-0.42552 -0.95641 -0.67084 -0.345 -0.42422
-0.2324 1.2938 -0.64349 1.08196 -0.926
-0.30761 -0.20209 -0.04082 1.50995 -1.97448
0.95355 0.76049 -0.58589 1.38472 -1.04706
-0.25021 0.32745 2.5089 0.71256 -1.06579
-0.00484 1.02511 1.49201 1.47958 -1.44513
-1.77744 -0.43699 2.45371 2.02437 -1.31849
-0.07426 0.11894 1.85536 1.48534 -2.35746
-0.68068 0.20965 2.6443 0.85266 -1.37705
0.84185 -0.30946 1.75189 -0.22244 -1.21244
0.61379 -0.33007 0.03572 -0.88625 1.5298
-0.44081 -0.00982 -0.29502 -2.31793 1.25753
-2.08884 -0.4661 -1.23046 -2.07944 0.70106
-1.77473 -1.03915 2.05457 -2.5826 0.61664
0.26428 -0.36739 1.34193 -0.52281 0.473
0.47879 0.85546 0.49726 -2.16831 -0.72721
-0.48374 0.53867 1.28378 -3.39242 -1.68731
1.87729 1.03951 2.04143 -0.75026 0.08379
-2.18457 1.25238 -0.21413 2.04746 2.22917
-0.04005 0.72972 -1.51921 0.72357 1.92771
