3.56512 0.97442 1.19254 0.9526 6.23177
3.45134 0.48526 -1.20987 1.46446 4.17742
3.18708 1.12195 0.89124 2.12186 5.41863
3.40213 1.52499 0.91851 0.5504 5.03806
2.55182 0.22324 -1.21302 -0.85007 4.32536
2.67251 0.85541 0.58682 0.29447 3.86103
3.36947 -0.46073 -0.56921 -0.08365 5.39076
3.24233 -0.64767 0.79007 0.93414 4.1073
3.03905 1.30384 -1.43944 1.28001 5.31444
2.14371 0.38656 -0.6395 1.58712 5.08334
0.73901 0.89154 0.68672 -0.29948 4.72017
0.09561 1.00401 -1.61597 0.08214 6.58133
1.03466 0.70078 -1.14346 1.76191 5.05902
0.12437 0.69503 1.18248 1.99978 4.55411
0.64934 -1.37055 -0.97753 2.17537 3.58044
0.48894 -0.60761 -0.19194 0.96297 3.27987
0.95474 1.91865 -1.2317 2.02438 2.27313
1.15919 -0.3698 1.73645 0.68779 -0.59909
0.52845 -0.51255 -0.88007 -0.15273 -1.87719
-1.49585 -0.90536 -0.80986 -0.91634 -1.88851
-0.62232 0.87244 0.75817 1.76654 -0.5669
-0.1689 -1.8757 0.46701 0.08693 -0.80718
-0.02488 1.10246 1.39129 -1.48729 0.19215
-0.13456 0.26379 0.23097 -0.89348 1.26418
0.12184 0.72566 -0.55625 -0.98319 1.9923
-0.5022 1.07705 -0.43399 -0.81031 1.63321
-0.7594 1.09865 0.56755 -0.77451 0.44706
-1.32562 0.18727 -1.4556 -1.25248 1.61372
-2.11685 -0.8345 -1.97267 1.02948 -0.96099
-3.11683 -1.42219 1.25325 0.2828 0.09687
-4.31756 1.54342 -1.15392 -1.18302 -0.1988
-4.05169 -2.22686 -1.1119 -1.87404 -0.58398
-3.0154 -0.59945 0.13525 -1.13896 -0.52537
-0.51715 0.44036 -1.18971 -1.67463 -1.98405
-1.6442 -0.81069 -0.58695 -0.7483 -2.67879
0.25351 -0.93429 0.37447 -1.79645 -6.00859
1.53207 0.99239 -0.89548 0.38094 -4.99576
1.98778 1.35566 -1.0556 0.40677 -3.19713
2.42817 -0.56744 0.16028 0.61286 -1.24597
2.01378 0.86427 1.22411 -0.04996 -0.10904
2.59774 1.31237 1.67819 1.06949 0.30191
2.94997 0.80212 1.03312 1.81594 3.11917
4.32505 0.42964 1.53196 -0.14415 4.93235
2.92898 2.60059 0.30308 -0.94156 5.818
2.60309 1.17377 0.31336 1.00011 4.3866
0.67406 2.43369 0.21026 1.18858 6.8508
2.60808 0.06324 -0.46871 3.41461 5.7178
2.69218 1.56083 -1.27447 1.77798 4.87925
3.2731 1.57125 0.20285 0.032 1.65981
3.90083 -1.0185 0.76857 0.92221 2.4423
4.02909 1.06538 0.46676 0.81478 4.33324
5.24197 0.51044 0.44931 3.12266 3.84663
6.03069 -1.01601 0.09247 0.04636 5.7139
5.45931 1.71699 -0.79223 -0.64615 6.09618
6.02339 2.4237 -1.32703 0.39413 4.83046
5.04635 2.38979 2.32071 -0.4666 5.93046
6.04838 2.60756 1.09448 -0.73969 7.55852
7.85881 -1.82958 -0.17009 -0.46716 8.89429
9.0069 1.61453 1.69828 2.52678 7.02343
6.85745 2.96533 -0.24499 0.5904 8.67332
6.62528 3.89772 -1.87642 0.66753 10.00818
6.38062 2.38834 -0.44222 -1.42002 9.20234
6.8371 0.73687 -0.36202 -2.15467 8.24324
6.0457 3.56737 -1.74183 -1.85645 7.64766
6.98678 2.88387 0.2811 -1.14169 7.06062
6.04196 0.95899 0.13881 0.38197 6.31246
7.90635 1.39909 1.64919 -2.07297 6.50105
7.47153 2.23528 1.60605 -0.51116 7.32592
6.2738 3.52578 0.37418 -2.21976 9.73191
6.14315 2.93675 -1.97828 -0.85385 10.87764
6.49402 1.8073 -1.55673 0.78793 8.7983
6.4305 2.24144 -0.70426 0.74911 8.44838
7.78532 -1.70316 0.35415 0.47659 6.53665
7.2309 1.30359 -0.1823 0.23036 9.31718
6.36403 2.2554 0.35531 0.50446 9.50289
5.65658 1.52305 -0.41687 0.44222 9.22701
6.26803 0.86808 0.12185 -0.73076 8.61873
5.28822 3.43138 -0.67022 0.2999 8.82233
4.87863 -0.04373 0.24868 -1.30429 6.59933
6.35313 0.74084 -1.21119 1.35017 6.76783
5.2316 1.46273 -0.60116 0.00765 7.52897
4.23208 0.09825 1.33463 0.05444 4.637
3.65336 1.39098 -1.71241 0.35187 4.92003
2.31998 0.35949 0.88994 1.72682 5.19784
4.09175 0.95571 -1.26119 0.58566 7.39475
4.27533 -1.53083 0.6041 -0.86142 8.26761
2.9602 0.87821 -1.38169 0.13621 7.63787
4.44002 0.3857 0.07499 1.31457 9.39147
4.26717 1.24441 0.6542 0.39188 9.9547
4.66764 0.49063 0.20394 0.33929 9.47333
5.71725 -0.11637 0.51619 0.80467 10.03577
4.37077 -1.08726 -0.47042 0.30176 8.77772
4.52461 2.58044 0.14318 -0.03326 8.35052
6.02757 -0.59088 -0.45613 1.12666 6.61368
5.67218 1.9555 -2.22857 1.11453 6.68727
6.69867 1.2187 0.9738 -1.19179 5.97929
7.30017 0.52494 -0.66704 -0.89706 6.33136
8.32417 2.8089 -1.23755 -0.60484 7.66256
8.30257 1.82148 -1.55804 0.25395 6.99457
7.865 0.85088 0.19456 1.203 7.40671
8.28126 0.71387 0.70088 1.9804 9.00275
8.35825 2.68321 -0.22082 -0.24746 9.86464
8.77526 2.5488 1.11439 -1.73217 10.76112
8.42422 2.60925 2.39333 -0.95063 12.69403
7.66358 4.40998 1.21594 -0.72599 10.44263
7.17245 0.702 -0.90568 -0.32569 9.06766
7.26361 2.514 -0.2701 0.68112 9.44282
6.71874 3.36298 0.05752 0.03259 9.19965
8.48154 1.39474 -1.14956 -1.58544 9.08472
7.25694 1.65008 1.78004 -0.13781 8.31476
7.24299 1.24654 0.19872 -0.74832 8.19421
7.54577 2.20835 0.47872 -1.44534 9.55653
5.18556 0.17658 1.41687 -1.49926 10.00824
4.9924 0.60024 0.55564 0.7368 10.35124
4.75622 1.77989 0.85054 -0.72139 9.8915
5.17073 1.88684 0.69273 0.64809 9.43797
5.54933 0.64744 1.61133 3.01619 8.7952
4.67464 1.68185 0.00394 1.22378 8.77278
6.06309 1.57264 0.95506 2.06908 6.77702
4.53065 3.35698 -0.29573 0.08501 8.1842
5.88095 1.33807 0.35835 0.59727 7.70881
5.94262 2.21281 -0.78375 -0.46141 9.02715
7.7961 2.09047 -1.78555 -0.02852 7.88805
8.19537 1.63309 0.45045 -0.44017 6.46582
6.19613 1.08437 -0.59805 -0.40034 7.04005
5.84139 2.12979 -0.4184 -1.14002 8.44428
6.11922 1.25633 -0.20286 0.39398 10.65664
6.26785 -0.124 -0.2393 0.12319 10.63068
5.83717 1.32828 0.53628 -0.67913 8.6252
6.52308 0.12108 -0.33215 -0.92136 8.34587
5.95764 0.36401 -0.50608 -0.2274 6.86255
5.31825 0.85297 -1.32016 -0.15411 4.70955
4.68659 1.34961 -1.41641 1.10256 5.00316
5.12925 1.28306 1.26433 1.25342 5.97059
5.09274 1.78777 1.44365 0.54601 6.35925
6.72348 2.42872 -2.10242 -0.44272 8.59626
6.90212 2.32576 0.61378 -0.13243 7.30943
6.67134 1.63373 1.15699 1.09242 6.56962
5.86903 1.96582 -0.74366 0.90919 6.48764
6.20359 2.77676 1.36527 -1.69504 7.75751
7.48374 2.9195 -0.87348 -0.40316 7.46358
5.41225 1.4651 -0.98754 -0.19817 7.46833
5.06804 2.49908 -0.448 0.12031 7.09283
4.91891 1.08781 1.65896 0.37602 8.81422
6.44428 0.41171 -0.21099 0.82011 9.80317
7.79358 0.84441 -1.25335 -1.33161 8.27629
8.82436 1.16765 0.31234 0.56102 5.54373
8.22979 1.5604 0.075 0.27878 8.14081
5.77699 1.43785 -0.12506 2.34971 8.22311
6.23723 2.62081 -0.00802 2.32776 10.4898
7.58939 2.22924 -1.4181 2.18664 11.1034
6.65837 1.76691 -0.25854 -1.53755 8.00983
5.75151 0.48868 0.02826 -0.12355 8.12037
4.76922 0.57893 -1.08061 0.84932 8.03836
4.43423 1.6798 0.88873 0.42073 6.51735
4.57903 1.28189 -0.82162 1.09709 8.31175
3.89275 1.53835 -0.78359 0.97512 6.47778
3.60598 1.45366 -0.05081 3.72383 7.62486
4.03034 1.09248 -0.11413 0.82373 6.46431
4.42603 0.83513 -0.22137 -0.69934 7.47429
4.92558 0.19931 -0.78122 -1.88053 6.20026
4.28671 1.26671 1.14851 1.3342 6.38205
4.42716 2.07176 -0.57915 -0.65423 5.79562
5.06425 1.93442 -1.45597 -3.45464 5.86451
4.01822 0.647 -0.75568 0.471 3.49119
5.10191 2.04859 0.92213 0.41016 5.10556
5.67094 0.82445 0.22601 0.66466 4.95482
6.26052 -0.26801 1.84393 1.63995 6.55274
7.39022 0.96651 0.6903 0.64036 7.72165
6.82828 0.72657 -0.58788 1.22608 5.39164
4.15419 2.46804 -0.23846 2.1673 4.6048
3.76437 0.8444 1.95492 4.45142 5.21387
4.96084 0.45487 -1.66467 1.59995 4.99103
3.38538 -0.16874 1.74433 0.74373 4.99831
3.15622 3.0977 -0.47348 -0.2544 5.94858
2.83034 0.61264 0.44395 -0.71784 7.06993
2.77939 1.59689 0.52594 -1.04665 5.84646
1.43639 1.77492 -0.63201 -0.67417 5.27867
1.50669 0.74325 0.34367 0.03995 3.43963
0.91449 1.30177 -0.19227 -0.07559 3.17659
0.58925 -0.15469 0.08885 -0.0087 2.80651
-0.66081 -0.04334 1.28956 -0.63085 2.60186
-1.00462 0.48608 1.31643 -0.27361 3.54602
-1.04025 0.19275 1.68033 -0.07558 2.55348
0.19101 -0.24258 -0.16822 0.95906 0.47777
1.37226 0.3461 -1.15461 1.02575 -1.34375
1.60764 0.32253 1.25278 0.27114 -2.60118
2.29021 1.80483 -0.34486 -1.05751 -1.8149
4.13803 -1.99509 -0.43337 -1.36903 -0.2901
3.05636 1.62593 2.12142 -0.83079 -0.15367
3.10352 0.10833 -0.57032 -0.357 2.45221
5.70805 -0.32756 0.14771 -0.46831 2.72271
4.05881 0.97424 0.45193 -0.06009 2.54438
3.97454 1.1123 1.47179 -1.79956 2.48558
3.48339 0.78036 -0.42333 -1.45892 3.36081
2.529 1.90805 -0.54767 -1.76295 4.31849
2.37737 1.16204 1.29296 -1.54629 3.50522
2.45361 -0.19167 1.10721 1.57762 3.95378
4.09751 -0.33728 -0.27097 -1.10271 5.34568
1.03146 1.43284 0.80962 -1.10494 6.28747
0.4406 0.30188 0.99197 0.63438 4.66544
-0.70456 1.01225 -0.11046 0.18824 5.12538
-0.40946 -0.06935 0.01228 1.85525 3.98065
0.04 0.75963 1.21094 1.59685 2.44268
-0.68363 -0.17122 -0.07448 -0.45315 1.35341
-1.2443 -0.57268 0.78377 0.20322 1.28761
1.06041 0.47513 -0.34045 0.81109 1.10884
-0.04061 -0.78417 0.47279 -0.67766 0.20426
-0.00686 -1.45355 -0.31396 0.32288 -0.25635
0.05687 0.33274 -1.09274 0.08814 -0.81522
-1.94949 -0.06525 -0.77843 0.0687 -2.02945
-0.40405 -0.60399 -0.37927 1.11415 -0.95208
-1.87975 -0.29371 0.72042 -1.5374 -0.33857
-2.00655 0.03316 0.21956 -0.09469 -0.86083
-1.68404 -0.1197 0.7833 1.17014 -1.70948
-0.44447 0.13849 0.44873 1.16931 -2.55941
-0.17889 -2.65424 -0.40613 -0.62469 -2.04401
-0.09427 0.23876 0.97178 -0.79662 -1.27397
1.76651 -1.69164 0.65415 -1.20991 -1.4942
-0.60319 -0.37142 0.13897 -0.97724 -0.22393
-0.56211 0.21163 1.13659 -2.93514 -0.81594
0.0601 1.62034 -3.1558 -1.89646 -0.50492
0.76843 0.15701 -0.3927 -0.56105 -1.16369
1.91099 2.45757 0.85899 0.08017 -1.94212
1.31388 -2.43597 -1.69892 1.22318 -2.20035
1.60126 1.51 -0.48901 0.00543 -2.26195
0.5501 1.5135 1.28733 -0.34708 -0.37637
1.0297 1.2516 0.01847 -0.85904 0.97982
1.91584 -0.46875 -0.87111 -0.85119 -0.15268
1.4747 1.43661 -0.34831 1.89831 0.94706
1.05624 0.83105 -0.56714 1.26322 2.96503
1.01901 0.24871 0.07017 -0.46429 1.82241
0.54413 0.98366 -0.51345 -1.63742 3.59814
1.03472 0.20593 -0.1777 -0.11052 2.969
1.97802 0.59638 0.1994 -1.62191 1.97661
1.8244 0.88237 1.26169 -0.10984 2.45073
1.59753 -0.03566 0.90892 -1.46726 2.65805
2.19573 1.33466 0.32701 -0.40896 1.61478
-0.5923 1.22936 -0.94065 -0.50609 1.61191
-1.35502 1.01236 1.67245 -1.12219 0.7065
-0.25145 0.78558 -0.12119 -0.16499 1.70519
-1.10831 -0.84167 0.72239 -0.61112 1.08737
0.78427 1.65687 -1.17345 -0.87477 2.26129
2.65767 -1.83366 -0.64641 -0.15514 2.08288
0.96234 2.04389 -0.39257 0.13455 0.94789
0.96413 0.52736 -0.46719 -1.09118 3.41987
1.1277 -0.40747 -1.38937 -1.13101 2.19007
0.61052 1.06123 -0.746 0.3625 1.71398
1.38907 -0.51591 -1.98959 2.22881 3.06194
0.42997 -0.02952 -1.19502 0.24673 1.86334
-0.17743 0.21862 -1.02797 -2.08239 1.5951
0.2458 -1.29139 -0.51046 -1.42514 1.51147
0.26842 -0.37569 0.23103 -1.67171 1.06168
0.35525 -1.58074 -0.99478 -0.677 0.54621
0.7238 1.86331 0.5515 -1.86522 1.05605
1.33909 -0.16899 0.60038 -2.60936 1.88951
1.65032 0.35328 -1.36335 -0.7418 2.16064
2.40694 -0.78785 -0.94491 -0.21131 -0.23188
3.14279 -0.94737 0.42557 -0.74354 -0.22349
3.48536 -0.2922 -1.71569 -0.41839 -0.21428
1.44251 -0.71565 0.7084 -0.79733 -0.7351
3.8267 0.77694 0.49999 -1.15268 -0.45318
3.81667 -0.39477 -0.24075 -0.89828 0.25212
3.93178 -0.43048 -1.00298 -2.05785 1.44102
3.07583 -0.61825 0.99492 -1.9096 2.44231
3.00492 1.72022 0.42277 -1.17262 2.45583
3.58473 0.49134 -0.66521 0.25732 4.60631
2.97726 -0.27184 1.0033 0.41644 5.2104
2.07024 0.50407 0.52084 0.47658 6.0099
2.61779 0.19961 -1.22812 1.92591 6.72029
3.47567 -1.29293 0.29092 0.09224 5.52051
3.46171 -0.38798 0.31709 -1.70119 6.74548
3.68187 1.2399 -1.16626 -0.89993 3.86665
2.88382 0.79689 -0.17763 -0.70088 4.40596
2.69983 -0.26525 0.34759 -0.0124 3.53497
2.70072 1.11424 -0.746 -1.5326 1.20821
4.73003 0.95891 -0.81284 -0.02652 0.80407
5.0598 0.18518 -0.22177 0.85676 0.60632
5.78832 0.82673 -1.33516 -0.2005 -0.46549
4.61222 -0.10083 0.07979 -0.80427 0.49785
3.31249 0.2216 -0.00452 0.04803 0.26784
2.63583 1.6376 0.42177 0.26645 -0.12969
2.94409 -0.19334 0.05016 0.01421 1.63645
1.02809 1.17719 1.52241 -1.41676 0.62071
2.22259 0.21908 -2.53209 -1.07426 1.82762
2.5251 0.08199 -0.4899 -0.66002 0.57293
1.05717 0.08573 -0.84188 -1.58365 2.37262
0.88713 -0.72768 0.92006 -2.50815 0.38172
-0.01756 -1.15483 0.47566 -2.03122 0.38045
0.47654 0.25425 0.62216 1.60591 1.45914
0.13241 1.37193 -0.07815 0.92501 1.76033
-0.05062 1.03631 0.73161 -0.8043 1.11628
1.57251 0.09153 0.47464 -0.76855 0.96624
1.62602 -0.73594 1.75276 0.23683 0.92262
1.07322 0.01325 -0.24205 -1.9721 0.57289
0.68595 1.28925 -1.17933 -1.13964 2.18778
-0.48315 2.13629 0.6934 -1.93343 2.04383
0.68965 0.4209 -1.37134 -0.33719 1.77429
0.24062 0.12306 -0.81927 0.22047 -0.95704
-0.86885 0.5553 0.62928 -1.06875 -1.73417
