0.0697 -2.02538 -0.19679 -3.44227 -1.57656
-0.9106 -3.25818 -1.38168 -1.37539 -1.03673
-1.09233 -2.37733 -0.10453 -1.01532 -2.17538
-2.10096 -3.04419 0.20188 0.49682 -2.715
1.35236 -4.2251 0.13644 0.22285 -1.28059
0.09126 -3.30285 0.28551 0.70433 0.37826
1.22686 -3.73512 0.85672 0.29925 0.03104
-0.29467 -3.69322 -0.47889 1.64707 -0.3503
-0.58509 -4.05467 -0.81601 1.24703 0.13423
0.13246 -4.26481 -0.57874 0.76906 -0.10259
0.0029 -5.38082 -1.75731 2.59252 0.12698
0.59299 -6.93689 -0.20479 1.14987 -0.23752
0.44327 -6.0009 -0.37567 -0.09504 -0.61287
-0.1333 -4.60394 0.37521 -0.11019 -0.38622
0.3521 -5.92034 0.79194 0.51211 0.54215
0.14371 -5.92962 -0.02186 -1.62678 -1.93286
0.71605 -4.10553 -0.08311 -0.64696 -2.12279
-1.11229 -5.49544 -1.11012 1.16346 -0.78151
0.20371 -5.89735 0.41165 2.26995 -2.8782
0.52308 -5.87714 1.46249 2.84877 -2.30199
-0.83702 -7.47483 1.1425 1.27871 -1.0512
-0.61454 -7.38497 -0.47451 1.95055 -0.14417
-1.80864 -7.34327 -0.23151 1.39336 -1.40695
-0.41318 -7.35016 -0.06236 0.24279 -0.54966
0.80071 -6.52975 1.47836 -1.53893 -1.99706
-0.16213 -6.49048 -0.91812 -0.76719 -1.95354
-1.26903 -7.87584 0.1887 1.14227 -2.2122
0.78933 -5.83558 -1.46356 -0.01738 -1.85093
-1.90735 -4.85883 -0.41817 -0.63252 -1.55463
-2.32035 -3.52465 -0.86361 0.27279 0.21247
0.52281 -5.12229 0.55851 0.04987 -2.8407
-0.81437 -3.66258 -0.1305 0.16711 -2.27738
-0.19913 -3.41112 0.43635 -0.13608 -1.1752
0.2512 -4.03093 1.01109 0.78753 -1.15976
1.64805 -3.4157 -0.41088 2.02175 -0.45707
-0.69957 -2.20573 1.73446 1.47762 -0.23057
-0.93086 -3.25603 -0.5983 0.79617 -0.38153
-1.16126 -4.22005 1.01412 0.88563 -2.27105
-0.26525 -3.90043 0.34667 0.21001 -0.97739
0.97749 -4.54407 -2.51168 -1.70499 0.98796
-1.39646 -5.31319 -0.13107 -0.88444 -0.96613
0.87803 -3.82982 -1.09072 -0.06822 -1.12638
-0.22224 -4.33882 0.51891 -1.13917 -1.66087
-0.01555 -5.27976 -1.56961 -0.44505 -1.30367
1.02734 -5.26731 -0.4369 -0.14316 -1.52682
1.23796 -3.96998 -1.10368 -0.62943 -0.84257
0.44308 -2.90228 0.36921 -0.44608 -0.53618
-0.36296 -2.89124 -0.32282 -0.4871 0.02092
-0.81086 -3.36425 -0.75023 0.42919 1.26942
-0.01829 -5.27401 -0.13073 2.22722 -2.23898
1.09063 -6.07558 -1.11968 0.81723 -0.31151
0.57362 -6.69333 0.70307 -0.33755 -0.67239
0.59268 -6.14683 -1.24604 -1.07687 -0.56773
-0.90292 -4.59709 0.63589 0.73841 -2.8842
-1.01873 -5.41766 1.53878 0.40171 0.00016
2.02542 -4.90791 0.02622 -1.3274 -0.41332
-2.21593 -3.88481 -1.42886 -0.99904 -0.31747
-0.176 -3.61177 -0.44838 -2.42996 -2.05106
0.87676 -4.48398 -0.39624 -1.90932 -1.94197
1.4429 -4.90295 -0.50039 -1.65219 -2.69615
0.95846 -5.40835 -0.31637 -2.13282 -2.15058
0.43734 -6.72004 -2.35045 0.12411 -1.48239
-2.1568 -7.93379 -0.78034 -2.42392 -2.77974
-2.35712 -6.87628 -1.54402 -1.71598 -2.84124
-1.66155 -6.46884 -0.31027 -2.3251 -0.94321
0.71066 -5.32754 0.24765 -1.07411 -2.42782
0.26463 -4.57239 -0.01734 -0.84385 -2.46972
0.02085 -5.76216 -1.78582 -1.78739 -1.53741
1.40216 -6.12014 0.38202 0.62562 -1.5402
0.31626 -7.18679 1.67628 0.84808 -2.99146
-0.27195 -7.61428 -0.66494 -1.40454 -0.51089
-2.3954 -7.61022 0.29302 1.24425 -1.69843
1.74536 -6.90184 -0.98728 -0.67509 -1.49465
0.18802 -6.47881 -0.66116 0.04521 -1.44106
-1.17967 -7.7371 1.54055 -0.64514 -2.17553
0.69369 -7.79006 -1.81352 -0.18956 -2.4467
-0.51187 -7.26858 -0.29795 0.19271 -3.013
1.59239 -6.21031 -0.246 -0.57132 -2.79452
-1.46642 -5.51741 -0.92998 -1.46203 1.02713
-0.51151 -3.56456 -0.29199 -1.08925 -1.26786
1.71052 -3.07742 -2.16979 0.48734 -1.75538
-0.63093 -3.49593 -1.14842 0.5534 -2.77905
1.37683 -2.84126 -1.121 0.7044 -1.73514
-1.10647 -1.93279 0.22433 1.02628 0.01463
0.30618 -1.1222 -0.9806 0.09879 0.6676
-1.55696 -1.39928 -0.89847 0.3856 -0.90121
-1.29036 -1.46101 1.01091 0.74932 -0.86394
-1.07503 -1.09723 2.49162 -1.05741 1.31167
-2.11957 -0.92841 0.24015 -1.14859 -0.83391
1.18917 -0.54219 -0.55013 -1.41347 -1.22121
0.77533 1.80498 1.19308 -1.35342 0.4067
0.47508 2.81951 -0.21407 -0.96268 0.37165
-0.31254 2.2014 -0.86459 -1.51849 -2.37776
0.39718 2.34038 -0.08724 -3.67507 -0.83444
0.84383 0.03568 0.52913 -2.90582 1.25947
0.06674 -0.01922 -1.12498 -1.59007 -2.0753
0.14717 0.6244 -1.84395 -0.34468 -0.50178
0.33745 2.24961 -0.95511 -1.00557 1.74152
0.98717 2.11767 -0.28147 -1.78282 -0.96917
-0.68952 2.08379 -0.29987 -1.76743 0.93408
-1.60929 2.54995 -0.81228 -1.71936 -0.23757
-3.09354 3.2021 0.39005 -0.30218 1.17472
-1.13672 2.53992 1.12825 0.85902 0.14924
-0.65429 2.49556 0.65838 0.77091 1.77957
-0.63916 2.88668 1.60395 1.50729 1.22855
1.47908 2.22789 0.46208 1.86598 -1.37686
0.23087 1.11422 0.64746 1.45663 2.07767
0.01314 1.77974 0.94985 2.09644 0.81899
-1.94706 2.30547 0.12204 1.93884 0.25594
-0.27788 3.13725 -1.11156 1.19997 2.73142
0.12774 3.70363 -1.2446 1.05746 0.00379
-0.08977 3.13594 -0.34608 1.41198 0.4662
-0.85984 2.3272 0.7918 1.01739 0.16807
-0.19864 3.13131 0.88476 -0.94785 1.17615
0.50341 3.10496 -0.1699 -0.90114 0.59758
0.63156 2.10245 -0.06717 -1.15836 1.30472
-0.02364 0.20908 2.6008 -1.89433 0.36481
-1.32401 3.90904 0.94433 -0.50284 0.75801
0.04443 3.04809 0.32429 -0.70628 -0.42742
-0.35326 2.95429 0.04605 -0.51898 -0.01776
3.1749 1.66081 -0.79634 -0.64429 -1.00795
-0.01524 3.46669 -0.22264 -0.46848 1.04693
0.77556 3.0511 -1.10947 -0.03988 0.41526
0.84734 2.88237 -1.45791 1.51113 1.23837
-0.42847 3.50373 2.01387 1.00641 -0.75638
0.21726 3.41986 -2.0367 0.73278 2.09106
-0.35802 3.51686 -1.26938 1.17364 0.24915
-1.0484 2.70779 -0.28996 -0.64048 0.76163
1.6695 2.44827 0.72958 0.19051 0.2416
-1.37678 3.44321 0.78713 1.2158 1.45587
-0.83699 4.57629 1.3533 0.46474 1.14185
-1.78827 5.62264 1.67592 -0.56654 0.20149
-0.02005 5.8335 -0.33467 -0.32849 1.36115
-1.08387 4.2293 0.47157 -0.15712 1.86557
1.10213 3.91828 -0.4071 -0.50138 1.61695
0.98555 2.922 0.29173 0.79398 2.05067
0.26472 2.84003 0.6086 -0.77152 1.01245
0.84154 3.77388 0.14574 0.08725 2.58163
-0.30556 5.24617 -0.56447 -0.11082 0.05998
-0.66381 4.90787 0.83298 -1.37593 -0.66852
1.66539 5.64884 -0.00384 -0.64135 2.40042
0.24382 7.03288 2.65545 -1.33857 0.19817
-0.06091 7.71397 -0.29785 -3.07576 1.93511
-0.37608 8.27361 -0.91869 -2.39986 1.52851
-0.76555 8.27178 -1.04019 -2.43631 1.31021
1.79027 7.21971 -0.09992 -0.19993 2.15512
-1.26174 5.22761 0.98821 0.79503 0.60581
-0.13664 5.0848 2.38374 2.0598 0.97387
-1.12945 4.94893 2.62905 0.6804 2.87073
0.2546 5.06088 0.58123 1.12422 2.92951
-0.02451 3.57075 -0.83093 1.57492 1.34068
1.34663 2.66552 1.25411 1.99234 0.05503
0.72863 1.3827 0.54562 1.63451 1.38776
1.10851 3.01176 0.60896 0.17073 1.82596
2.14472 2.43652 0.40298 -1.75725 0.28654
-0.25352 3.22329 -0.39553 -0.90887 -0.64957
0.5822 1.3391 0.66444 -0.8296 -0.1904
-0.29502 2.602 -1.06325 -0.29118 -0.07035
-0.17724 2.8929 1.45811 0.54738 1.38438
-1.30406 0.82258 2.75723 -1.3688 0.97078
2.83741 0.34646 0.04102 -0.34467 1.35952
-0.02705 -0.10504 1.28133 0.8193 -1.82064
-0.84974 0.65331 -0.31403 -0.41817 1.85553
1.12569 1.42682 -1.38227 -0.17196 0.51122
-0.53009 1.02341 -1.09223 -0.24314 -1.66797
1.0634 0.87278 0.3672 -0.69868 -1.7172
-1.55916 1.97225 -1.68427 -1.15595 0.03686
-0.3798 2.55524 -0.98405 1.0555 -0.30546
-2.48035 2.46436 0.69152 1.08893 -0.56391
0.08761 4.75105 -0.26703 1.41512 0.45189
-0.40371 5.12963 2.28645 1.54708 0.16787
-1.86099 4.94073 0.02089 0.61093 0.91654
0.37024 4.46418 -0.88376 0.61463 1.45934
-1.82354 4.36231 0.75869 0.48281 1.5144
0.70162 4.95089 1.19578 1.38874 -0.3117
0.68036 5.60284 -0.71631 -0.07671 2.79371
-0.27747 8.1102 -0.15796 1.03211 1.59851
-1.3759 7.10183 1.31629 -0.58999 1.35914
0.50944 5.22302 -0.27201 -0.10921 1.1589
-0.87003 5.53049 0.18872 1.68873 1.75994
-0.40949 6.65971 0.67075 2.73624 2.93832
1.34978 6.11342 2.7862 0.93813 3.80546
-0.49574 6.14372 -0.25291 0.62031 0.14752
0.78514 8.15057 1.40304 0.06869 0.74396
-0.35911 7.49983 0.86696 -0.5698 2.55248
1.5673 6.45582 -0.3033 0.14786 0.65117
-1.1697 7.27197 1.57304 0.40758 0.77087
-0.54912 3.93009 0.34754 0.19323 -0.00125
-1.35885 3.89568 0.46815 0.52609 0.81783
0.45545 6.08374 -0.08886 -1.50033 1.25281
-0.06449 6.04849 0.30451 -0.70542 1.29626
-0.66004 5.12132 2.40673 -0.80509 -0.67803
1.4438 3.02166 0.45032 -0.72279 1.57172
0.85572 2.32812 0.44347 0.17677 2.31724
0.36169 3.79894 -2.51786 0.02855 0.05761
2.87749 4.84884 -0.90547 -0.90778 0.51968
1.39929 3.39519 0.84632 -0.34573 1.33593
1.13058 3.09862 -0.37053 -0.71722 0.92014
-1.28029 1.81603 -0.76258 -1.14225 1.62282
1.12913 2.68166 1.39903 0.08899 -0.69796
0.76352 2.9607 -0.38894 0.78733 2.04654
-0.50798 2.33912 1.78504 0.27475 -1.21908
0.93566 4.37896 1.01548 0.41451 1.30415
0.31508 4.34344 -1.38715 -0.86379 0.54431
1.29295 4.49898 -0.02283 0.58427 -0.02768
1.22899 4.42271 -2.2988 1.44737 0.20024
-0.39315 2.77741 0.26222 1.16281 2.34995
-1.81125 1.86246 0.30819 -0.4992 1.37849
-0.53093 2.52768 0.77303 1.73446 2.38823
-1.13377 2.49088 0.70122 2.77496 1.69636
0.17425 4.27756 1.90778 3.16046 2.46902
0.76541 4.58353 3.67393 2.1239 1.43142
-0.06562 4.63793 2.80313 2.19279 1.55587
2.0711 3.61841 1.38009 1.90885 2.67738
1.16416 3.12319 -0.02839 0.87561 2.5436
0.54911 2.68347 0.54297 2.03296 0.94597
1.16473 2.39253 0.63192 0.67616 0.58072
0.35643 3.58132 2.22204 0.77265 2.04107
-0.18712 2.77469 0.11277 1.37691 2.80587
-0.59344 1.74217 0.76446 2.06304 0.6769
-1.42214 2.94193 0.99617 -1.0289 -0.6736
1.30456 1.85661 -0.57022 -0.31299 1.59427
0.29781 2.50765 -0.26511 -1.53651 0.51634
0.43992 3.04734 0.63326 -3.26371 -0.01127
-0.47315 3.21313 -1.92216 -1.28716 0.50675
-0.21779 2.05641 -1.14338 -0.91342 0.05024
0.73839 2.35419 -1.18257 2.43365 1.14089
0.25303 3.4074 1.99841 1.76805 0.85385
-0.34685 4.51312 0.57782 0.75642 2.7514
-1.44381 3.7934 0.71629 -1.83235 0.22317
-0.81997 4.75315 1.24825 -1.67845 2.5627
1.0727 3.98332 1.68552 -0.99694 1.24848
2.51521 3.30004 -0.24465 -0.36789 0.02487
1.51531 3.53695 1.28911 -0.23205 0.28587
1.50095 5.35315 0.36252 -1.73994 1.87118
-0.20293 5.8899 0.18893 -0.33286 0.48215
1.27179 5.28013 0.72009 0.04263 0.61769
-0.49234 5.65181 0.94757 0.14355 0.61086
-1.03097 5.39426 0.55699 1.20887 0.66335
0.45044 5.68376 1.59128 0.52865 0.18163
-0.16126 6.08438 -0.65681 1.04057 3.37011
0.75476 5.21203 -1.01784 0.29413 1.26189
0.4113 5.31661 1.26353 -0.4664 1.97305
-0.27274 5.47519 0.24602 -0.25593 1.64967
-0.00132 4.2545 3.03814 0.68056 1.06208
-0.34279 3.76297 -1.42098 0.88152 1.65436
1.11633 2.58176 3.64776 1.30506 0.80184
-0.61665 2.58416 1.82595 0.69246 2.58167
-0.3639 2.42787 1.6804 1.84002 1.11218
-0.05059 3.53779 2.57526 0.55444 0.68795
0.02951 3.71605 0.9175 1.01681 1.17609
1.06291 5.12569 1.6024 0.1888 0.91385
-0.19819 2.92614 1.48286 0.48287 0.72819
1.84822 2.19166 1.53194 -0.27394 2.11569
0.98806 0.18719 0.342 -1.43939 0.99194
1.89957 -0.90842 -0.44346 -0.48001 -0.31434
0.22468 0.81292 -0.61419 -0.2943 1.14021
-0.55582 1.99359 1.43352 -1.15654 0.95399
-0.357 1.76853 -2.2384 -0.11979 1.21556
-0.34927 1.81128 1.18224 -0.55991 1.95826
0.48431 1.56205 0.69987 -0.40999 1.18872
-1.15964 1.53685 -1.07538 -1.22683 0.52119
-0.16464 1.17347 0.04299 -1.03603 2.06663
0.96479 0.92463 -0.50355 -0.60974 1.04565
-0.0424 1.31555 1.17477 -1.11993 0.25974
0.2821 0.91056 0.99403 -0.00076 0.53954
-0.03485 0.49048 1.28062 -2.18301 -2.34261
0.232 0.37786 -0.66132 -1.43685 0.05675
0.39054 -0.3577 -0.27308 -1.36175 -1.13763
0.11055 -0.67623 1.29281 -0.94265 -0.34435
-0.62837 0.34428 -1.98719 -0.20115 -0.97981
-1.05898 0.75981 -0.13373 -0.32934 0.3525
-0.75204 0.21731 0.31727 -1.83494 -0.83814
0.67211 -0.03758 -1.15835 -1.29502 -1.6635
1.03733 0.4382 -1.36869 -0.80675 -1.6056
2.17286 1.31627 0.91467 -0.32152 0.12144
-0.08383 1.5804 0.62594 -0.51058 0.60917
-1.40064 1.22382 -1.88395 1.36326 0.87685
0.0075 1.17744 -1.33697 1.24418 0.17959
-0.45546 0.30069 -0.79683 0.1261 0.81614
1.18428 1.26714 -0.19224 1.43673 0.32749
-1.76201 0.80127 0.90721 1.72406 0.69185
0.12399 1.14095 0.566 1.31159 -0.26872
-0.26989 0.30532 0.11436 1.09021 0.67009
-1.40058 0.78956 1.9898 -0.25102 0.19156
0.5874 0.8043 1.05906 -0.78475 0.1745
0.45511 1.55979 -3.60354 -0.64787 -0.19017
0.61378 1.73466 -0.5422 -1.1625 1.34276
2.2877 1.54332 2.67296 -0.22634 0.15807
1.93349 -0.43615 0.87596 0.73149 0.17946
-1.59947 -1.93458 -0.56994 1.39311 0.16714
-0.74981 -2.10749 1.12301 1.96138 0.94822
0.85327 -0.55644 -1.5179 0.9833 -0.84031
0.03518 -0.43661 0.6955 0.56888 3.01616
1.81166 -0.29981 0.61243 -1.14167 2.15394
-0.73281 -0.522 2.11405 -0.54197 -0.87701
-1.07943 -0.27438 0.32436 0.10355 0.35071
-0.02809 -0.27454 1.41908 -0.41425 0.27611
0.48156 -1.13035 -0.0125 -0.18351 1.50726
1.2784 -2.71012 -2.18423 1.6267 1.34142
