4.26626 -3.61341 0.80725 -0.22907 0.47017
1.09919 -3.43234 -1.2063 -1.87658 0.22835
0.78574 -1.73608 2.04808 -2.37496 0.26468
0.0388 -2.29209 0.77481 0.44997 -0.04725
-0.72994 -1.53835 -0.08021 -0.93536 0.36683
-2.39548 0.16784 0.22353 -1.64339 0.09699
-3.50975 1.58892 0.05187 0.03595 -0.4715
-4.28687 1.50207 0.91977 -0.62302 0.53689
-3.29457 -0.37187 1.85198 -0.82463 -0.01494
-0.28321 -2.56427 -0.43273 -0.7233 -0.06361
-0.21067 -4.36102 0.03388 -0.66897 -0.09528
-3.77981 -4.71088 -1.95316 -1.15625 1.10455
-6.0959 -3.70496 -2.73168 1.68185 1.22504
-7.89397 -2.59261 -1.84168 1.72835 2.07594
-9.0142 -2.60607 -0.19734 0.5703 0.02228
-8.04232 -4.88762 -0.89546 0.5824 -1.94033
-8.96717 -5.43257 -0.68978 -1.94342 -0.4223
-8.91959 -3.80112 -2.01125 -1.13225 0.6827
-8.97262 -3.08499 -1.6808 -0.26337 -1.3514
-9.04826 -2.24746 -2.97057 -0.06845 -0.59639
-6.03194 -1.47703 -2.15945 0.15604 1.14219
-6.87104 -1.42269 -3.36358 0.32249 -0.3414
-6.99626 -0.68707 -2.27481 -0.12926 1.35372
-7.41978 -1.58219 -4.14267 -2.23333 -0.9132
-6.45335 -2.19595 -4.32584 1.18496 0.3376
-5.01579 -2.75561 -2.09397 -1.40331 -0.83754
-5.07742 -3.52806 -1.41297 -0.80031 -0.48757
-5.72492 -3.93007 -2.75772 -2.45354 -1.16749
-6.33637 -4.05475 -1.98264 0.11282 -0.48154
-5.46412 -5.72309 -2.94225 1.0542 -0.57532
-5.3738 -7.06102 -0.42435 -0.21545 0.43868
-6.9117 -5.69742 -2.16953 -0.84489 0.4133
-7.98023 -3.8644 -2.1416 -1.20629 1.30445
-8.384 -3.43717 -0.62744 -0.11495 0.66952
-9.56353 -0.97612 -0.44213 0.75583 -1.77958
-8.84656 -2.98561 -0.05777 -1.85123 0.19829
-9.8723 -2.52199 -0.50377 -2.15018 -0.68553
-9.26297 -1.42675 -1.47326 -0.40207 0.60031
-9.1007 -1.09552 -0.56885 0.22681 -2.06639
-7.90973 -0.00531 -1.75977 -1.82842 -0.13778
-6.44225 1.38209 -2.57309 0.37792 -0.53964
-5.92531 0.20324 -2.18003 -2.7379 1.08391
-7.02847 -0.46497 -4.16179 -0.06191 0.2358
-6.43746 -2.14912 -3.65293 -0.74591 -1.3016
-4.88451 -0.43477 -2.51243 0.06116 1.2958
-7.03624 -1.08768 -2.99113 -2.03874 -2.09238
-7.37538 -2.33689 -2.91059 -2.01045 0.39357
-5.04005 -3.65853 -2.39177 -0.22873 0.93374
-3.57978 -4.91219 -2.32322 0.06039 -0.09234
-3.81233 -4.74203 -0.794 -1.12877 -0.20288
-4.8021 -4.33993 -2.8374 -0.76105 -1.04674
-4.84053 -2.96875 -1.7625 -0.74847 -2.30116
-4.16379 -4.5077 -0.85742 1.20263 1.18723
-6.36313 -3.00644 -2.02901 0.47871 -1.11184
-5.99549 -2.76417 -1.68165 -0.13233 1.43556
-5.72147 -1.88128 -1.65944 -0.19557 1.84203
-6.88735 -0.65199 -2.66842 -0.47833 1.26941
-5.19292 -2.02831 -2.74605 0.57073 -0.08406
-3.74216 -0.65356 -3.67005 -1.18576 -0.32648
-5.08612 -0.4345 -2.9728 0.54237 0.14161
-3.31828 -1.98226 -2.22309 -1.38295 -1.16443
-3.88099 -3.15737 -2.9299 -0.73732 1.20036
-4.62752 -3.09712 -2.2248 -0.45416 0.26043
-5.66053 -2.96871 -1.19464 -1.42798 -0.52412
-4.80658 -2.91629 -2.45634 -0.45709 -0.79043
-4.19184 -2.43724 -1.29946 -0.83202 1.15025
-4.05859 -2.13448 -1.30102 0.01187 2.35242
-4.56175 -1.63459 -1.92917 0.77282 0.75624
-4.48677 0.54893 -2.01401 -0.98669 0.64406
-3.29685 0.28641 -1.27823 1.00978 1.62459
-0.85182 -1.86175 -1.73846 0.06155 -0.40105
-2.85731 -2.54994 -2.63035 -0.27831 -1.52056
-3.6458 -3.48685 -1.69722 -0.66417 -0.55982
-3.50234 -1.4549 -1.57904 0.59561 0.27308
-4.1962 -0.2842 -1.38079 -0.05864 -2.04223
-4.49291 -0.98728 -0.18933 0.62401 -0.58738
-5.60494 -0.20175 -1.10637 -2.49231 0.78442
-4.32747 0.29376 -0.39713 0.59337 -0.6437
-5.25199 -0.8524 -1.73351 0.65476 0.45333
-4.88232 -0.29908 -2.08064 -1.23038 -1.67002
-5.07897 -1.45211 -1.82816 1.10736 -0.22103
-4.69432 -3.07484 -2.13355 -0.84141 0.66825
-5.30632 -2.49284 -2.08866 -0.45166 0.34641
-5.99019 -1.37891 -0.72103 0.61761 -0.23649
-4.62291 -1.77374 -2.58836 -2.86346 -1.02425
-3.98544 -1.64628 -2.96265 -1.42451 0.46995
-3.954 -0.58599 -1.3129 -0.84217 0.79712
-2.54735 -0.77679 -1.46528 -0.65823 -1.74083
-3.78839 -2.62315 -1.17998 -1.13882 0.05985
-5.31285 -3.32885 -0.12279 -1.06061 -0.93677
-5.14766 -2.09197 -0.34536 -1.09231 -1.65295
-5.54182 -1.74135 -1.21268 -0.18152 -1.61712
-5.40156 -1.79351 0.5482 -0.03572 -0.95917
-4.77085 -0.69871 0.02186 -0.23194 -1.33412
-3.64312 0.35696 -1.31813 1.16685 -0.60709
-3.4172 -0.18229 -1.17456 -0.03655 1.09092
-3.51337 0.16077 -2.92273 0.87676 0.28785
-2.29958 0.02154 -1.35267 0.1878 -0.24837
-1.19234 -0.92556 -2.11647 1.32418 -0.26797
0.05163 -2.72208 -2.1931 0.1623 -0.64798
0.34693 -3.36384 1.33768 -1.61747 0.47758
1.98772 -2.46099 -0.55284 -1.23926 -0.90475
2.18104 -1.15021 -0.0569 -1.70638 -1.12548
3.70875 -0.145 0.60651 -0.15309 -0.09953
2.6293 -1.40592 -1.03914 0.28365 0.80722
1.7167 -0.57118 -0.04301 1.73556 1.0194
0.8908 -1.1639 0.4234 0.49097 -0.62716
-1.11039 -2.2715 -1.04346 -0.51182 1.06734
-2.27386 -1.52238 2.37085 0.35094 0.02313
-4.33384 -1.13524 1.65115 1.66687 -0.63959
-4.90472 -1.6083 0.59136 0.1066 0.97732
-4.3476 -1.26455 -0.01142 -0.52462 -1.24583
-4.34908 0.80829 -1.52813 1.35075 0.92024
-2.50703 -0.41742 -0.16541 0.2043 1.01197
-1.20251 -0.1156 -1.70023 -0.54165 0.41473
-0.23457 -0.46949 -1.91294 0.31687 -1.1258
-0.07376 -1.12996 -1.13659 -0.87811 -0.2808
0.75143 -1.46736 -1.78873 -1.02873 -1.92524
-1.96973 -1.51093 -1.7895 0.32157 1.43858
-2.72276 -0.80198 -1.14099 0.05097 0.24716
-3.43256 -1.9779 -0.38547 0.1281 0.11478
-3.53798 -0.4731 -0.78057 -3.25442 -0.10043
-5.53772 2.31465 -0.0503 1.34794 -0.4353
-2.28493 1.48591 -0.45527 0.02689 -0.87358
-1.00808 1.06318 -0.35165 0.34118 -0.70838
-2.13405 0.90045 -2.14904 -0.39658 -0.14699
-2.74189 0.73526 -1.77582 0.50812 -1.40849
-0.5618 0.39906 -3.7336 0.6019 -2.27182
-0.34342 1.56287 1.40618 0.55853 2.018
1.05932 1.33827 -1.31785 -0.01354 0.9174
1.33581 -0.86927 -1.92075 0.22427 -0.22063
1.70198 -2.27426 -0.93772 -1.31343 -0.29153
-1.09053 -2.50499 -0.27495 0.31418 0.24636
-2.70822 -4.00935 0.99444 -0.94547 0.53178
-3.89175 -3.64708 3.17738 -0.87133 0.83448
-3.60029 -3.84161 2.14616 -1.65071 -0.05999
-3.79127 -3.25233 1.12807 -1.98277 -1.46865
-5.02474 -4.12157 -0.77381 -0.48362 -2.30242
-6.89168 -3.21923 -0.57625 0.58965 1.3088
-5.37618 -1.96486 -2.24817 1.16837 0.86872
-5.79139 -1.15351 -3.31183 -1.16205 0.25537
-5.22775 -1.33933 -2.5049 -0.92848 0.82522
-5.42993 -0.71035 -0.90201 -1.32962 -1.07975
-4.70176 -1.11354 -2.42802 -1.82577 0.22573
-1.31767 -0.94279 -1.97828 -0.45192 -1.54498
-1.48356 -1.95542 -0.59986 1.58382 -0.0103
-2.6089 -0.44112 -1.93864 0.28374 0.87359
-3.45391 0.34167 -3.55131 -0.13521 0.21157
-2.93199 0.28782 -0.4717 -2.95274 0.3681
-1.50241 0.50552 -0.9395 0.50727 0.03468
1.09014 0.79062 -0.15141 0.46365 -1.89154
1.2972 1.20055 -1.51214 -0.47928 -2.37651
2.23048 1.77766 0.22806 -0.95534 -1.74709
1.92518 1.43642 -1.32927 -0.06824 -0.11481
2.4631 0.721 -0.8336 -1.17079 -2.25902
2.51461 0.16799 0.90303 -3.04575 -0.14361
3.24942 0.7228 2.33061 1.69078 -1.8735
3.93415 0.68192 -0.56302 -2.14256 1.87843
1.96018 -0.70193 -1.36245 0.64021 1.22045
1.8835 -0.3486 -0.73329 -0.10459 1.27361
0.43795 -1.94347 -0.08745 1.30668 0.26928
-0.47347 -2.45564 0.4433 0.27874 0.93802
-0.10763 -2.47114 2.10622 -1.05892 -0.82244
-0.2584 -0.78222 1.31982 0.14005 -0.31376
-0.26076 0.03752 1.40719 0.86883 0.23062
-0.02519 0.31497 -0.09532 0.03043 -0.02333
0.02559 -0.18757 -0.20333 -0.25292 0.09314
-0.70313 -2.74461 1.17112 0.09936 -0.28741
-0.66303 -2.97344 0.33782 -1.03548 -0.418
-0.29801 -1.5441 -0.55816 0.27328 1.00647
-2.03763 -2.8665 0.4671 -1.55657 -1.5142
-3.5287 -1.60663 -0.64951 1.18122 -0.209
-3.58778 -2.10975 0.74301 -1.58793 -0.83431
-4.91139 -2.33674 0.7959 -1.48833 0.65347
-5.87156 -2.75183 0.16315 -0.74089 0.22562
-6.52508 -1.82945 1.6994 -0.13637 -1.35838
-6.53275 -1.99404 -1.18383 1.43834 -0.02469
-7.02013 -2.85221 -2.35463 1.49427 -0.15258
-7.5882 -4.15806 -2.36104 -0.87408 -1.34634
-7.90008 -0.75499 -0.85222 0.39019 0.1767
-6.77186 -0.92845 -2.29341 0.49815 -0.42116
-5.54242 -2.4575 -1.34978 -0.62159 -0.70023
-5.55469 -1.20952 -1.84705 0.59383 0.39097
-5.17718 -2.54296 -3.91562 -1.73028 0.22886
-5.8545 -3.05656 -2.63009 -0.38863 0.27738
-8.18384 -1.98916 -1.27809 0.09295 -0.10168
-6.23831 -1.06376 -3.02612 -0.8365 0.20276
-7.80751 -2.65457 -1.57457 -0.03656 0.139
-7.43549 -3.29045 -2.57449 -2.45472 -0.99308
-5.71909 -2.49751 -0.99368 -0.49461 0.75679
-5.91434 -3.863 -2.44929 -1.41953 -0.61354
-6.08719 -4.47148 -3.66325 -0.99496 -1.4916
-6.86798 -4.60174 -2.70303 0.1267 -0.96291
-6.30683 -3.12274 -2.07821 0.20907 0.2065
-5.41939 -1.73421 -1.45327 -0.98756 1.33123
-6.69852 -1.38269 0.03435 -2.00423 2.3312
-7.37762 -2.21481 -3.00164 -1.36329 -0.8546
-6.88414 -1.30819 -3.45946 -0.32048 1.08608
-7.12936 -1.16301 -2.18205 -1.23849 -1.34568
-8.08802 -2.74402 -2.85453 2.01767 -1.24353
-9.65597 -2.33163 -2.7965 -0.86026 -0.39969
-11.49303 -1.79681 -0.79679 -2.18816 0.62028
-11.8926 -1.79298 -3.03351 -0.14536 -0.14891
-11.82215 -2.89901 -1.71978 -0.25348 -0.376
-12.38413 -3.47948 -4.1327 -1.19027 -0.23295
-13.59974 -1.52668 -2.98698 -1.13631 0.16442
-11.72163 -2.63818 -4.58404 0.54602 1.66709
-10.14756 -3.06925 -3.29522 -0.40492 0.3797
-12.34437 -2.81095 -1.74078 -1.01098 3.08308
-12.01093 -5.04225 -3.11211 -0.35787 -0.50745
-12.97292 -4.45828 -3.71149 -2.45254 -0.05435
-13.79502 -3.77209 -3.86533 -0.78327 -1.30532
-12.70308 -4.00209 -5.09384 -0.41972 -0.61539
-11.161 -2.97574 -4.4774 -0.37034 -0.10132
-9.46257 -4.46836 -2.03613 -1.24401 0.52123
-12.08041 -4.02815 -5.33202 -1.86661 0.14447
-9.50976 -3.86356 -7.11635 -1.73841 0.67906
-8.32977 -4.23611 -2.87627 -2.10241 0.15036
-9.17631 -3.42104 -0.41474 -0.20463 -0.19245
-8.70497 -4.68917 -3.46298 1.78534 0.52835
-8.76992 -4.91345 -4.49084 -1.23365 0.23357
-8.29545 -6.42558 -5.10805 1.55644 1.32708
-9.87173 -6.93779 -1.42069 -1.45825 -0.66076
-8.63189 -5.90524 -2.82161 -0.1627 -0.00328
-9.33798 -6.36925 -2.22692 0.20073 -1.10844
-9.85935 -7.14594 -3.3906 -1.99323 0.58105
-10.63906 -6.60152 -2.40975 2.26128 -0.40139
-10.67879 -6.88683 -2.66478 -1.71724 0.00446
-10.37624 -6.12896 -3.37943 -0.66997 0.53686
-11.02592 -5.72736 -0.47728 -0.66696 0.28986
-11.01671 -3.94154 -2.73652 -1.00662 -0.12901
-10.28392 -4.10404 -4.02171 -1.07508 -0.58609
-9.87035 -2.34439 -3.72661 0.17201 -0.20791
-9.51127 -1.79454 -1.91026 1.74058 -2.6979
-9.84036 -2.40313 -2.52566 0.01294 0.95393
-12.79354 -2.27629 -3.47165 -0.27681 -0.83543
-10.25198 -2.64177 -4.67098 -1.66164 -0.87539
-11.14876 -2.21097 -3.34897 -1.17977 0.63927
-10.94888 -1.85244 -3.41045 1.11988 1.30167
-11.1801 -2.43152 -1.53769 0.48645 -0.95069
-11.33123 -4.41821 -3.28461 -1.37328 -0.06157
-11.69226 -3.61578 -3.91501 -1.73017 -1.07024
-11.17179 -3.84482 -3.22653 -1.25156 0.30134
-10.70538 -4.32361 -2.40571 -0.97169 -0.9295
-10.2557 -3.732 -2.89797 -2.16071 -2.21912
-10.2016 -2.84331 -4.7647 -1.34001 -0.06408
-8.65646 -4.10714 -3.8024 -0.99626 -0.89303
-9.56155 -4.93244 -4.3588 0.60255 0.25462
-8.56184 -4.51419 -3.25386 -1.72814 -0.6086
-9.88772 -4.45077 -3.97995 -2.2533 -0.52863
-9.76824 -2.79328 -2.64256 -2.07946 0.96085
-11.38498 -2.78469 -4.34617 -2.25774 0.3559
-10.65559 -3.54112 -4.02889 -0.66934 -0.96099
-10.96818 -4.63748 -4.17416 -0.02644 -0.83672
-12.07728 -3.07366 -1.28846 -0.89116 -2.13043
-11.12152 -3.00212 -2.85947 2.46315 0.69112
-11.58561 -2.90822 -4.26337 1.07875 -0.05472
-11.64646 -3.83208 -3.86403 -2.16916 0.64925
-10.68646 -5.14258 -4.50861 -1.90535 0.25686
-10.42442 -6.02164 -3.93759 -1.52826 0.64826
-10.4391 -7.36556 -2.93551 -1.74039 -0.79983
-13.33803 -7.18945 -4.39135 -1.98117 0.07925
-14.69283 -6.79655 -3.03905 0.38936 -0.04494
-13.80803 -6.76151 -0.67592 -1.8476 1.20053
-14.34844 -5.53843 -3.72035 1.19006 0.51039
-15.35716 -5.02919 -3.78791 -1.78312 -0.02361
-13.02769 -3.45799 -3.97115 0.60002 0.61135
-11.2526 -3.62386 -4.63768 -0.31293 1.11021
-12.2477 -4.41737 -4.07627 -0.62593 -1.08458
-13.33605 -5.38649 -5.43936 -1.36767 -0.28187
-12.5236 -4.72222 -4.15709 -0.71063 1.04385
-11.027 -5.34815 -5.16077 -0.17989 0.74363
-9.75611 -5.27133 -3.26588 -0.58436 1.03325
-8.72934 -6.10674 -2.97055 -2.92855 -2.33264
-9.71467 -7.64602 -2.79547 -0.65627 0.58785
-11.36935 -9.20033 -5.82665 -0.63355 0.4998
-13.29132 -9.7146 -4.30517 -0.76023 0.59067
-13.52594 -7.59298 -4.31827 -2.01613 -0.30537
-14.58544 -5.49746 -4.36317 -0.81865 0.41809
-15.3504 -7.05693 -5.61374 -2.17078 -1.60945
-16.37086 -8.3754 -4.73964 -0.36264 1.60412
-18.77891 -8.98279 -3.7626 -1.48054 0.06839
-20.26191 -7.97042 -5.71341 -2.11913 -0.27355
-21.43774 -8.48875 -3.5402 -0.12336 -0.76043
-21.9422 -7.60162 -4.49225 -2.92413 0.10568
-24.03484 -7.13037 -4.57504 0.53938 -0.05528
-22.24059 -7.174 -6.56938 -1.3303 -0.73479
-22.1722 -6.69791 -6.3494 -0.24156 0.88502
-21.98601 -5.69356 -5.76985 -2.28358 -0.44828
-24.48178 -4.81331 -7.19196 -1.25864 0.14891
-25.16152 -4.58813 -7.08224 -2.73228 1.16162
-24.61008 -6.24704 -8.54175 0.23078 0.85862
-24.37567 -8.651 -7.76705 -1.45819 1.02628
-23.97915 -8.8585 -6.7635 -2.35061 -0.82128
-24.85298 -10.22361 -7.65728 -1.65213 1.0084
-27.03309 -12.21288 -7.68044 -1.93837 1.0255
-28.0683 -11.50758 -7.29572 -0.32168 -1.52514
-28.24199 -9.5519 -8.5547 -0.60408 1.41505
-28.96499 -10.7125 -8.94215 -3.40287 0.51515
-28.80613 -10.99424 -7.56923 -2.19551 -0.86892
