-4.15499 -1.71382 -2.72166 2.00685 1.51275
-4.24186 0.002 -2.00987 -0.40793 0.23957
-4.16985 0.74311 -0.49849 0.95432 -0.51413
-3.39121 1.02014 0.82089 -0.57732 -1.44897
-2.23628 1.79742 0.23261 -1.58828 -4.07286
-2.64138 0.52934 0.87149 0.57545 -3.60741
-1.22537 0.67814 -0.9941 -0.05383 -2.09721
-0.82784 -1.38527 -0.28884 -0.8066 -0.55733
-2.08213 -1.48913 -2.52903 -0.51136 -0.37617
-3.5078 1.2009 -1.42844 -0.73716 -0.94631
-4.35337 -0.47735 -0.52592 1.87387 -1.04305
-3.88282 1.50453 -0.23126 0.407 -0.73638
-4.32952 0.53253 0.29272 -1.63914 -0.36577
-3.9498 -0.95686 0.21433 0.36482 -1.84946
-3.70535 0.72597 1.11148 -0.42212 -2.15131
-2.62639 0.87582 1.63647 -0.27972 -1.77332
-1.4469 -0.26254 -0.42281 0.24151 -0.87757
-0.29092 -0.05824 -1.08113 0.76742 0.79303
0.41734 0.07918 -0.32715 2.15099 0.59493
-0.73116 0.33915 -1.0699 0.23728 2.04422
-2.64908 -0.70577 -0.44209 -0.60422 3.63402
-1.60532 -0.45712 -0.29437 -0.59813 2.87356
-2.66976 1.2498 0.07073 0.15092 2.8995
-3.07271 2.54185 0.37688 -1.53808 2.47559
-3.161 1.25495 -0.18313 -0.37048 2.32554
-3.44361 0.03274 0.79223 -0.34474 2.97118
-1.32146 0.19198 0.32435 0.31414 2.32226
-1.3079 -2.24098 1.37674 -1.30519 2.33807
0.67631 -0.7929 -0.2849 0.50379 0.42193
0.62145 -2.46015 1.85105 -0.95718 -1.03566
-0.33864 -0.93058 2.67942 0.10985 -0.71838
1.16145 -1.2089 1.7542 -0.68611 -0.89967
2.33729 -1.26809 -0.00577 1.1752 -1.20175
1.22812 1.11422 0.44545 0.38297 0.07391
0.0599 -2.00518 -0.23604 1.11732 1.0269
-0.93495 -0.25018 -0.72494 0.66184 0.9583
-1.83679 0.24214 0.52187 0.17333 0.66201
-1.97111 -0.07775 0.62507 1.01532 0.91021
-1.24691 -0.19935 0.22746 -1.22353 0.11569
-0.57668 0.33589 -0.63112 -1.38755 -1.24419
-0.54495 -0.46171 0.87257 0.00935 -1.55082
-1.71032 0.67768 1.48689 -0.25832 0.24723
-3.1743 -0.63136 0.93957 -0.62354 0.85319
-3.17123 -0.30184 0.58913 0.10916 0.91934
-2.35376 -0.12175 -0.50934 1.54479 1.81077
-1.95236 -0.22016 -0.00193 1.41198 2.7302
-3.28792 -0.39449 -0.07202 -1.09454 2.79569
-1.95844 -1.06722 -1.54492 -0.7847 1.69717
-3.0361 -1.94641 -2.48636 -1.27209 1.50902
-3.37938 -1.0506 -0.21223 -0.5674 0.11625
-2.14136 -1.29718 1.35286 -1.24703 -1.44527
-2.35796 0.02641 1.0038 0.00796 -1.10249
-2.6011 -2.09476 -0.56378 -0.66201 -1.11381
-3.64992 -2.22225 -1.29033 -0.0309 -0.95245
-3.28899 -1.32249 -0.89118 2.08331 1.25466
-3.76151 0.12453 0.31062 0.87677 1.91952
-4.0247 -1.30595 -0.76434 0.56583 2.77284
-3.39825 0.82275 -0.2336 0.26405 3.13299
-2.22234 -0.55787 2.31407 -1.54978 2.36235
-0.81816 0.79484 3.92231 -1.41919 0.8967
1.37042 -1.32524 4.3681 1.0545 0.77162
1.61647 -2.44281 2.30268 0.27488 0.522
2.10334 -0.90083 2.0631 -0.12665 0.49962
2.7566 0.2321 1.90696 -1.03431 0.93722
1.78809 0.13792 0.25555 1.84903 2.84262
-0.28491 0.50552 1.11406 -1.28312 2.46499
-0.14093 0.30941 0.70599 1.10007 1.96889
-0.85942 0.78805 -0.5148 0.92713 3.29064
-0.08701 1.68786 1.15248 1.70636 1.60798
1.22905 1.09868 3.13234 0.0041 1.51288
1.52574 0.95937 2.3602 1.42113 1.80392
2.9221 0.08672 1.25238 0.24271 -0.74612
3.29269 -0.85085 1.11142 0.84266 -1.13741
3.06459 0.61591 1.87645 -0.47202 -2.12948
4.76397 0.01464 2.08485 -1.51741 -2.41225
5.22468 0.75742 2.22214 -1.45366 -2.68164
5.50536 -2.4866 1.29318 0.42902 -2.79747
4.553 0.60917 1.31287 -0.1629 -1.7533
3.61483 -0.13099 1.32648 0.26378 -1.51449
1.39124 0.13889 -1.94304 0.33922 0.05363
1.2495 -0.37939 -1.80994 -0.90553 1.23634
-0.00958 -0.77664 -0.97428 -0.81925 2.04833
1.12905 -0.47191 -1.45098 0.07351 2.36544
1.07962 -2.09627 -0.3076 -0.7405 0.62824
-0.03764 -1.59704 1.04586 0.91954 0.27874
-0.30804 -1.55081 -0.02102 -1.37067 0.50832
-0.72844 0.50551 -0.1551 1.33701 0.69722
-0.42675 0.2653 0.81608 -0.86361 3.26037
-1.29223 2.41605 1.45122 -0.75006 1.46272
-1.45965 2.91597 2.72865 -0.30528 0.53335
-0.0938 -0.82421 0.91117 0.00261 1.04218
0.39943 0.28621 1.41589 1.15666 -1.56012
1.277 -0.77166 1.22404 0.38686 -1.34517
0.75603 -0.5208 1.17999 -0.52426 -0.6009
1.06847 0.52863 0.36593 -0.97883 -1.8712
1.96846 -0.84256 -1.73667 -0.68268 0.43856
1.63913 1.44244 -1.72085 -0.73834 1.05653
0.93216 -0.26559 -0.33833 1.1606 3.94371
1.9735 0.68932 -0.05294 1.52616 2.41342
2.9087 0.06609 2.16762 0.10528 3.49198
3.18352 0.4264 1.43979 0.34804 4.10986
4.88857 0.82599 2.28207 0.90991 2.10235
3.11499 0.63898 1.68389 0.36017 1.68562
3.10254 2.90194 1.34224 -1.24216 2.0735
3.87138 1.0992 -0.21189 -2.32702 2.73639
2.3827 0.14369 0.42681 0.66153 1.95022
2.71338 1.58028 1.77227 0.82152 1.96479
2.19236 2.24574 1.0497 -1.44891 0.19151
2.19945 1.58904 1.27439 1.36186 -0.10619
3.2912 2.08666 1.03758 -0.52465 0.52744
3.60315 0.82167 1.62772 -1.58653 -0.33504
2.80733 -0.4416 0.1983 1.23333 0.53665
4.32307 -0.0984 -1.80417 -0.98615 -0.33318
3.33068 -0.99891 1.06838 0.02754 -0.31059
2.84413 -0.45156 1.56018 -0.00325 1.12792
1.71082 -2.31409 1.19839 -0.59955 3.22819
1.67573 -1.12205 1.92221 2.87161 3.1691
2.69037 -0.18218 2.14485 0.89485 2.37247
0.1099 -0.27043 3.67521 0.91464 2.66853
0.95096 -2.09506 4.21555 0.01775 3.76651
0.36132 -1.87376 2.82043 0.84174 4.27084
0.56961 -2.09376 3.65321 0.21387 5.56913
-1.33495 -1.15902 2.14409 -0.96482 4.35624
-1.55761 -0.62311 2.26975 0.52424 5.49774
-0.40833 -0.47616 1.29423 -0.25504 4.07078
0.88804 -1.1462 1.77734 -2.7484 4.30861
1.73375 -1.08382 4.5253 -0.60823 3.80282
3.62964 0.10498 4.72102 0.67003 2.81014
3.41325 -1.92329 3.26622 1.76 2.42374
4.27827 -2.63312 2.13635 0.53702 3.21327
2.94357 -0.98798 2.2271 0.18892 4.80158
1.62094 -3.31197 2.81989 -3.1406 5.19609
2.47863 0.03779 2.54189 -1.50376 3.44289
3.34456 0.59927 4.97814 -0.25134 4.56211
4.7834 0.76883 2.88021 1.47804 3.39184
4.6969 1.00966 4.58609 -0.81713 3.74437
8.01247 0.85523 3.68743 -1.07535 3.79341
7.08983 2.15754 1.5764 0.28459 3.71655
6.46551 1.73972 0.57009 0.21692 3.8702
6.01437 0.26883 1.54079 -0.42925 3.41675
5.03051 0.36146 1.15444 0.12031 4.58095
1.81814 0.81841 0.68055 -0.71839 5.71134
2.42214 -0.21063 1.9201 -2.12984 3.50971
1.28877 -0.3341 0.95368 -1.73526 3.731
0.85831 0.1175 0.40237 -0.0535 3.97985
0.83243 -1.25594 0.08342 0.0302 4.59172
0.41876 0.13375 0.45954 0.62082 4.51818
1.00055 -0.163 1.20178 0.92849 5.4513
2.51238 -0.91555 2.42418 1.06687 2.91549
3.01745 0.41254 1.65082 -1.22683 3.49767
2.9821 1.21905 0.56649 0.64669 2.94984
2.49819 -0.69098 0.81098 0.2786 3.23766
1.21785 -0.9213 0.93444 0.62312 3.92434
1.50013 -0.9626 2.34414 -0.05469 3.3318
2.10581 -0.12949 0.97445 -0.30115 1.09881
1.68333 -0.65545 0.24813 0.42995 1.59749
3.98615 0.21264 0.51886 1.85434 2.57123
1.71146 0.24068 0.03015 1.56056 1.45254
0.10018 1.42922 0.3514 1.50289 1.23745
0.13583 0.53206 -2.05307 0.38141 1.58721
-0.2948 1.45592 0.1782 0.46531 0.95191
-1.51373 2.63749 0.86323 -0.26658 0.72031
-0.1128 0.51283 -0.21503 0.34527 -1.17241
0.01006 0.9194 -0.40847 -0.30409 -0.83912
-0.42284 -0.05626 0.3843 -0.83582 -0.96658
-0.92762 -0.13361 2.22986 1.00226 -2.01848
-0.15167 -1.20301 -0.33494 -0.2955 -2.40405
1.92956 0.35878 -0.62922 0.85681 -1.30871
0.77914 0.97727 -0.78363 1.82249 -2.0358
0.14344 1.77296 0.60499 0.14087 -0.23068
0.40982 -0.12697 -1.33559 0.86262 0.59211
0.50626 -0.7923 -0.53702 0.73776 0.74334
0.71937 1.48574 2.38412 -0.73493 1.42389
0.94929 1.03465 1.26117 -1.32779 2.10837
1.35354 0.70311 1.39783 -1.49363 1.09051
1.79522 -0.65392 2.95153 1.55301 -0.06989
0.71751 -0.6559 1.21347 0.46965 1.0569
1.19048 -0.42389 0.39351 1.2767 0.00173
1.68139 -0.90231 0.0685 1.04643 1.17054
0.78062 -1.43243 -2.13459 1.53178 1.53689
1.14683 -2.67181 -0.0129 -0.04251 2.25812
0.25941 -0.72739 -0.11857 0.97565 2.00199
-1.36176 0.92701 0.59734 0.38893 1.00481
-1.37381 1.73846 0.47345 0.56392 1.03271
-2.22451 -0.69041 1.82613 0.03863 0.72908
-0.06457 -0.48982 1.62373 -1.32801 0.25711
0.77867 0.15304 2.85155 0.11297 -0.00525
1.34523 1.23136 0.67799 -2.36154 -0.41065
1.69976 0.86513 1.47303 -0.18758 -0.40235
1.9747 -0.59165 2.47561 1.77465 0.07646
1.31069 -0.07339 0.39307 0.60259 2.49275
1.34417 -1.51486 0.68934 2.10872 1.40312
-0.13056 -1.00282 -0.55145 -0.59532 0.84974
-0.48669 -0.21418 0.05329 -0.06683 2.5448
-1.438 0.87435 -1.29753 -0.77612 3.08151
-1.81888 -0.40585 -0.46625 0.03329 2.4762
-1.77715 2.36041 2.3458 0.59664 2.20299
0.05382 -0.58649 0.83506 0.45153 2.45447
-0.04483 0.64672 -0.22689 -0.68549 1.13201
-0.35837 0.27897 1.78096 -0.24111 1.90753
-0.3196 1.85641 1.42272 -0.45776 1.73458
1.55568 1.21344 0.31474 -0.5847 1.33024
1.52032 1.41617 0.52014 -0.90677 1.24403
-0.12064 -0.55478 -1.46446 0.27383 1.11637
-1.03069 -0.02341 0.41223 -1.41145 0.82665
-2.28408 0.31202 1.00927 -0.16984 2.17218
-2.12144 0.80542 -0.36712 -0.91449 3.17466
-2.36385 -0.40951 0.66895 -0.70908 3.30109
-0.68292 -0.82392 0.66138 0.69036 2.11011
1.27118 0.37753 1.05055 0.67629 1.84195
-0.724 -0.77625 2.69369 -0.23023 1.09444
0.53023 -0.36388 2.10912 0.83642 1.31276
2.62443 1.09379 -0.26897 1.02621 -0.97701
0.63819 0.41798 2.23097 -0.7683 0.80949
0.71015 1.28604 3.91112 -0.44681 1.21808
0.99456 -0.06495 1.91233 -0.28802 1.40874
0.85673 0.52741 1.64935 0.07508 0.91053
-0.0844 -0.50918 1.9239 0.67302 2.29785
0.57529 -0.96528 1.58207 -0.61481 3.33195
1.21091 0.17538 1.50685 -0.08028 3.82999
0.96765 1.43063 1.4182 1.1335 4.34322
2.0388 0.17588 1.51554 0.02606 4.69323
3.66532 2.26051 3.77992 0.25485 5.61539
5.23868 -0.86693 -0.40349 -0.22599 4.47835
3.88518 0.73967 0.90375 0.73409 4.5699
3.30944 1.27436 2.6871 0.28832 4.3507
1.42838 0.29276 2.89351 -1.56988 6.0724
0.59505 1.00627 4.44989 -2.40922 3.23962
2.82303 -0.21036 4.37778 -2.62003 1.56462
5.40201 0.89358 4.62741 1.19996 0.96611
6.30354 1.55914 3.5851 -0.87833 1.71205
4.19418 -0.20343 1.42839 -0.5938 3.98318
2.21942 0.04668 3.61925 0.69775 4.02571
2.92627 -1.3154 2.79062 -0.96796 5.14153
2.00253 -1.03609 4.05522 -0.82879 5.91658
2.17653 -0.01836 2.80383 0.28898 6.30971
3.98024 0.03433 1.89577 -0.32565 6.65711
3.91178 -0.74216 4.83858 -0.4231 5.76783
2.82237 -1.37622 4.86089 1.28275 5.56597
4.00766 -0.95041 5.83407 0.72194 3.32152
2.3974 -0.28095 4.69159 0.61282 2.72961
3.60509 -2.35699 4.72297 -0.23891 5.47681
4.20119 -0.96003 2.26253 -0.12987 5.76777
3.84984 0.22736 4.39617 0.59539 5.30237
3.19686 0.66538 5.27846 -0.07683 6.81476
3.20258 -0.76741 4.30521 0.055 5.99575
2.82407 1.32379 3.90935 -0.59838 3.42428
4.58621 1.33004 2.67237 -0.60546 4.75881
4.29616 1.33464 2.4174 -0.65243 5.60309
6.23781 1.38039 2.14513 0.60786 5.55755
6.0249 1.12901 3.29372 1.47513 3.73307
6.58021 1.36622 1.86356 1.97706 2.24851
6.66972 1.40232 1.95054 1.09574 1.24445
6.22119 0.43104 1.54109 -0.20515 1.07227
5.54505 0.58847 2.35427 -1.06613 0.45999
5.8961 0.75408 4.63259 0.34733 0.82755
4.8907 -0.46407 4.7416 3.07546 1.17034
4.56248 0.62567 3.57484 -0.07394 1.20363
4.76895 -0.24979 2.24366 2.52604 3.60481
4.78725 -0.13931 2.38403 1.65415 3.6815
3.43533 2.03283 3.38324 1.42839 3.54059
2.32912 1.98896 5.10877 0.82262 5.18534
1.62548 -0.68376 3.98176 -0.1707 4.57844
2.70013 -1.01694 3.5537 0.24863 3.96942
5.05985 0.87754 4.24053 -0.73556 6.12944
6.06454 -0.84478 3.99422 -0.14145 5.47004
4.47854 0.74202 1.95112 2.64089 6.15823
6.20066 -0.82473 -0.67153 1.18402 6.40923
3.5984 1.56982 0.98052 0.81418 6.11571
4.47423 -0.30793 1.33851 0.34558 5.22119
4.0377 -1.66317 2.7644 -0.86354 4.47812
3.98294 -1.96628 3.68429 0.40084 4.33056
2.62423 0.06105 3.39985 -0.3918 4.03885
2.33343 -0.66075 2.61125 -0.81608 1.84378
1.6728 -1.81832 3.48644 -0.26148 1.43683
1.46513 -0.48166 1.9855 -0.67162 -0.24191
1.82779 1.78509 0.69515 0.74655 1.00992
1.42966 0.76034 1.67873 -1.15769 2.2237
0.3399 -0.67071 1.77853 -0.93822 3.39337
0.20276 0.35712 0.71989 -0.03003 4.0672
0.2729 0.0896 1.20914 -1.35016 4.15263
-0.18168 1.2515 0.72538 -0.73797 3.01913
0.80068 0.06385 -0.45802 1.28466 3.75284
1.27317 0.94462 0.76136 1.78681 2.58538
0.2482 -0.18654 3.28358 1.84395 2.42394
1.69138 -0.28364 2.09824 0.3716 3.05541
2.33487 1.45942 2.0914 0.19157 2.81361
2.26709 0.19643 2.03006 -0.14854 3.66892
2.74706 -1.02613 1.75021 -0.84219 2.51406
3.23891 -0.87702 1.51749 -0.96339 2.65697
2.62092 -1.79649 1.70172 0.21811 1.29287
1.53755 -0.92087 2.86032 -0.35947 2.90782
3.50153 0.02037 2.07153 0.80417 3.04572
3.10528 1.94898 3.99163 0.27085 1.87375
1.96187 -0.04998 2.74757 -1.08997 1.89082
2.74792 0.61468 0.83205 -2.38539 1.462
0.59945 0.19163 0.56575 1.00331 1.69458
1.56012 -0.77262 -0.64651 0.42693 3.54407
0.44211 -0.8838 0.75719 1.25032 3.47063
0.98681 0.24216 0.53891 3.31905 3.52325
