-0.65632 0.65774 2.09859 1.31859 1.34097
-1.4692 1.49746 3.10296 0.70748 1.71186
-0.87651 -0.67669 3.37937 4.5085 2.08935
-1.82183 -0.88852 3.42561 4.5901 0.70273
-0.50157 -0.28669 3.22336 5.19436 -0.17043
-0.82357 -0.72285 2.94181 4.4736 -0.78532
1.81624 1.2768 2.62821 4.97321 -0.78382
0.78421 0.65881 1.03329 5.52437 -0.61294
0.74865 -0.75628 1.31711 7.81392 -1.335
0.10156 -0.20002 0.24268 5.21976 0.6862
0.07698 -0.06712 -0.38578 5.51307 1.0866
0.54539 0.45641 0.44493 4.46502 1.17413
1.55586 0.45994 -0.59282 2.98096 0.14917
1.00415 -1.41358 1.00186 2.81049 0.5716
-0.04331 -0.12055 1.84571 1.66329 -0.88662
0.59859 -1.87682 2.66823 1.33963 0.40475
1.15721 -0.54436 1.8795 0.44671 -0.1723
-0.07137 0.38266 0.6652 0.11082 -0.50429
0.46339 0.85901 -1.41494 0.2107 0.94943
1.56242 -1.66517 -1.50917 -0.93551 1.02345
2.21842 -0.42613 -0.54725 0.01768 0.6073
1.35807 -1.41625 0.42723 1.17201 1.15172
1.074 1.06833 0.33341 1.44168 0.9155
0.91742 0.32911 1.58277 2.20383 1.49516
0.25414 0.95723 -0.38574 2.75957 0.78464
1.606 -1.27563 -0.45512 3.20354 0.03614
0.95604 0.68237 0.86472 4.26208 -0.53333
1.21534 -0.53783 1.31813 3.4511 0.49495
-0.50615 -0.21911 0.86828 3.77156 0.01418
0.07728 -1.19812 0.48386 1.9872 -0.23656
1.28345 1.4297 2.65516 0.27525 0.5253
1.78129 -0.23482 1.53717 -1.18183 -0.6422
0.08243 0.10318 1.79727 -0.77715 -1.29129
-0.38849 0.9857 0.88624 -1.03453 -0.16932
-1.16765 0.62191 -0.96033 0.52414 0.08285
-0.33968 1.25854 -1.20867 3.57618 0.05967
-0.70351 1.54616 -1.12469 2.18681 -1.44947
-1.11584 -0.19885 -0.86348 3.13305 -0.99699
-1.78579 -0.24108 -0.3563 3.01034 -0.05612
-2.43489 0.20125 -0.21938 2.23384 -0.73614
-2.6454 -0.40783 -0.5705 3.19342 -0.4174
-1.33685 0.48128 -0.98519 1.41954 -0.3425
-0.51395 1.82785 0.3044 -0.23413 0.64753
-0.30195 -1.17849 0.38396 -2.73249 -2.80743
-0.54694 -0.60581 2.10869 -3.70086 -0.96707
-0.16198 0.75988 3.77973 -3.40732 0.00573
-1.22891 -0.38985 3.00885 -2.56701 -1.25071
-0.63661 0.20706 2.64033 -2.72726 0.35045
-0.2118 -2.26938 1.16484 -3.4174 -0.36015
-1.18188 1.27687 0.31694 -4.791 -1.04336
0.8843 -0.91207 -0.06128 -6.70924 -0.10029
-0.54722 -1.81412 -0.50516 -2.84649 -1.16169
-0.94447 -0.52803 -0.90656 -1.90145 -1.29758
-0.10169 -0.30635 -1.34325 -1.56502 0.81232
0.79928 0.50303 -1.61646 -1.78956 0.30517
0.85179 -0.55862 -1.71749 -0.71924 1.31356
2.49814 0.33782 -1.75253 -1.89858 -0.31304
1.8445 -0.19745 -0.23127 -2.02858 -1.307
0.59733 0.86057 1.93099 -2.32929 0.29294
0.0818 0.43624 0.68958 -1.82817 0.06856
0.86263 -0.20989 0.35206 -2.43962 0.3364
-0.36287 0.56992 -2.72987 -2.36331 -2.15586
-1.44456 -0.65297 -2.64649 -1.41192 -1.1812
-0.10106 -0.46962 -3.17812 -0.28622 -0.25912
0.79736 0.87887 -3.65079 0.10121 1.15019
-1.04931 -1.8001 -4.94141 0.44076 0.53551
-0.64965 1.24882 -4.50627 0.71476 0.98807
0.55685 -1.0016 -3.97182 0.45526 0.97316
1.23673 0.10953 -5.06058 0.95938 -0.24597
1.3025 0.18045 -3.35634 0.63255 0.7722
0.7254 0.00537 -4.34104 0.63562 0.00592
1.71074 0.82933 -5.67078 1.66379 0.18953
1.02057 -0.6963 -6.42914 -0.8175 1.07583
1.18055 -1.66706 -6.56989 -1.50445 1.87212
1.23466 -0.59561 -5.21779 -2.1322 1.24134
1.45006 -2.43429 -5.24342 -4.57636 -0.90764
0.12367 0.54189 -5.5152 -4.78948 -0.89348
0.12705 0.32 -5.93881 -6.46235 -0.46876
-1.54339 0.00955 -4.68524 -7.14698 -0.46899
-0.75835 -1.42911 -4.88312 -8.47202 -0.87572
0.1071 -0.76164 -4.56317 -8.72963 -0.63898
1.0071 -0.77325 -4.12937 -7.93204 -0.24255
3.40006 0.71734 -4.96312 -9.44553 1.08568
-0.04687 0.80471 -5.69773 -10.44297 0.5491
-0.51521 -0.21704 -5.51743 -11.89447 -0.23165
-0.94921 -0.34829 -5.35603 -13.30007 0.49491
-1.47307 -0.21152 -3.80051 -13.40905 -1.96995
2e-05 0.6663 -3.78388 -12.38648 -0.12624
1.30489 0.00621 -3.91934 -13.15259 0.02712
1.26656 0.36475 -1.87276 -13.24296 0.37605
0.51216 -0.07651 -1.20824 -13.90948 0.34656
-0.29031 1.57238 -2.0162 -13.35794 0.64988
-1.71594 -0.85836 -0.61436 -11.06556 0.86189
-0.4879 -1.84172 -1.7653 -11.86541 0.27806
0.60242 -0.34866 -0.29087 -9.94764 -0.97569
-0.1167 0.14433 -0.02844 -6.45805 -1.09882
0.99817 -0.74281 0.32775 -5.91526 -0.88057
0.47365 0.26253 0.09013 -7.47666 1.16433
-0.24421 1.34298 -1.13285 -7.44274 1.93432
-0.87189 1.35851 -0.6008 -6.09356 1.29896
0.54507 -0.71198 -0.63693 -5.86005 0.40255
1.44442 -1.15874 -0.17995 -5.13029 0.91527
0.60936 -0.76173 1.46882 -3.14709 -0.16908
-0.1669 -0.79839 2.21971 -2.64489 1.01861
-0.82429 0.51908 -0.77002 -3.48656 -0.24155
-0.55649 0.44697 -1.89256 -1.79104 -1.55039
-1.57808 0.68846 -2.02258 -1.3152 -1.55327
-0.03648 -0.08746 -3.49396 -0.3493 -1.17973
-0.75375 -0.09205 -2.62084 0.02035 -1.43197
1.09173 0.92232 -3.02499 0.52056 -0.87765
0.36418 -0.61814 -3.03103 -0.13842 -0.46514
1.39185 1.19329 -3.87857 -1.43637 0.11721
2.19739 0.58743 -2.00454 -5.44128 -0.29905
1.21907 -0.58424 -0.13999 -5.13645 0.34102
1.43023 0.24994 -0.59717 -4.34328 0.69811
1.69275 1.04308 0.15342 -4.47779 0.69941
0.53752 -0.31474 -1.56481 -3.60305 -0.36328
-0.61232 1.54095 -0.23266 -2.37208 0.03221
-0.30547 0.89845 -0.13434 -0.87863 -0.59561
1.95281 -0.15808 -0.68909 -1.8867 -1.43359
1.85057 -0.06422 0.52869 -2.59263 -0.22316
-0.15934 -0.09087 1.36392 -2.88408 0.06744
-0.73069 0.32767 1.98545 -3.22425 0.00527
-0.43508 -0.56673 1.35946 -2.69667 -0.74788
-1.06165 0.21035 1.99856 -1.12379 0.44546
0.85157 -2.42808 1.77455 0.06522 -1.03135
-1.12233 1.43811 3.13798 -0.40237 -2.28993
0.21741 1.62538 2.15643 2.34682 -1.21751
0.91471 -0.26239 2.68457 1.71599 0.81466
1.94376 0.41838 2.71662 1.17184 -1.48958
0.58166 0.86738 2.03245 2.38737 -1.10361
0.01973 -2.33829 2.32754 3.11583 -0.54848
0.66948 -2.20847 4.55256 4.44496 0.30345
0.42636 -1.51136 6.57224 4.77763 0.45237
-0.49452 -0.44549 6.1464 4.67447 0.525
1.52035 0.06757 5.14518 3.6819 2.34107
1.3891 0.56235 4.52309 4.47273 0.74242
1.11515 -0.42579 3.89207 4.5544 1.94544
-1.13104 -0.36637 2.78916 6.26453 2.0972
-2.22646 0.92548 5.09661 7.57963 1.7165
-0.08167 -1.5154 5.73423 7.18424 -1.08809
-0.14754 1.0888 6.6332 6.20333 -1.00947
-2.41413 0.97401 7.44793 7.1923 -2.78943
-2.49705 0.9046 6.128 8.65481 -1.14401
-2.11134 -0.44567 6.24873 9.1939 -2.03493
-2.10412 0.26703 8.42549 9.67691 -2.15026
-1.02397 -0.7345 8.9169 9.54735 0.31508
-0.69527 -0.3871 7.44985 9.23849 0.26209
-0.14199 -1.31461 6.8097 9.82647 0.54683
-1.21326 -1.57905 4.64655 10.90337 0.81636
-0.19921 -0.57468 4.38546 12.29094 0.82741
-0.62438 0.42029 4.37525 14.69379 0.65227
-0.99025 0.62082 3.40669 14.91192 0.37672
-1.16787 1.58411 4.13903 13.01963 0.16125
0.06943 0.64981 3.89741 11.40736 -0.76604
0.93788 0.47542 3.47182 10.48765 -0.14808
0.53249 1.32239 3.42537 11.39106 0.11102
-0.56598 -0.2716 3.40441 9.32885 0.53542
-1.0233 -0.53323 3.48044 10.88451 -0.20608
-1.143 0.95031 4.21186 10.83157 0.28213
-2.6268 0.52773 5.60427 10.46276 -1.99342
-1.82017 -0.03082 4.76472 10.11411 -0.64121
-0.82257 0.10972 6.00312 10.18328 0.15222
-1.73939 0.81054 5.61283 10.98989 0.47908
-2.06133 0.97248 5.51843 11.25724 -0.38446
-1.38798 -1.25184 6.50012 11.40331 -0.63853
-1.45767 0.46201 6.68089 11.67763 0.1885
-1.55975 -0.16321 6.49214 12.75975 -2.03718
-1.94826 -0.60616 7.23321 14.31069 -1.1246
-2.41862 -0.68457 7.44062 12.44856 0.19719
0.15136 -0.15811 6.73687 13.33411 -0.58614
-0.34162 0.1227 6.58132 12.2248 -0.60315
0.74646 -0.42719 6.15462 12.2582 -0.42127
0.27522 -0.90891 6.55247 10.88219 -0.19604
-0.39309 0.01998 6.28784 10.26039 -0.30495
-1.50522 -0.196 7.13218 10.08102 -0.50244
-0.83521 -0.54784 7.4485 11.05085 -0.65934
-0.02753 -0.78626 7.90463 11.89642 0.03848
-0.42227 -0.48226 7.19229 11.27478 -0.27093
-1.66308 -0.70563 7.60866 12.90715 -1.8931
0.37419 0.15041 7.612 12.67238 0.34406
1.09871 -0.49273 6.41525 12.45688 1.04153
1.35789 -0.3181 7.1767 14.03716 -1.45497
1.42659 0.30699 7.4588 13.09084 -0.12938
-0.42071 0.46443 7.07011 14.53162 -0.20404
0.09278 0.10778 4.82486 14.69358 1.83598
0.37191 -0.31383 5.88621 13.5446 1.86064
-0.2737 1.64948 5.94861 13.76406 1.23879
-0.82094 0.37207 5.40651 15.6526 0.40441
-1.72122 -1.0478 4.64615 15.80064 -0.62708
-1.55689 0.8554 4.37937 16.14666 -0.33329
-1.57705 0.7478 4.8111 15.24759 -1.299
0.48592 -0.16917 3.86186 14.22119 -1.42627
1.82728 -0.2539 4.17364 14.26744 -1.32518
-0.09831 -0.06052 4.86902 12.67784 -1.5225
1.69706 -0.65515 4.03372 11.81377 -2.15178
2.25776 -0.06791 3.20025 11.56136 -0.65639
-0.24558 0.16355 3.578 10.54648 -0.88439
0.22826 0.59461 3.92808 10.47297 0.63485
-0.88908 0.90331 4.75406 10.50449 0.2005
-1.21221 1.73182 5.09234 12.20809 -0.80915
-1.00909 0.78164 3.70122 11.9897 -0.48248
-0.44359 -1.96395 3.52539 13.04209 -0.00065
-1.06231 -0.9926 2.52979 11.90099 -0.1193
-0.51983 -0.95982 2.30667 10.78077 0.51233
-0.83341 0.11149 0.71686 10.82587 1.11996
-0.77184 0.84395 0.91052 10.27542 -0.32766
-1.22008 0.34197 -1.07541 10.44874 0.64027
0.55901 -0.74751 -0.95436 8.38669 -0.88004
0.80893 -2.19525 1.16646 5.80501 -0.45239
0.11634 -0.14363 1.13857 5.31996 1.73
-0.89212 1.08816 -0.43085 4.10355 0.58652
0.14876 -1.55205 -0.54865 4.09192 -0.59376
0.62953 -0.50791 0.08145 2.9035 -1.07566
0.03286 -0.16387 1.2979 1.89328 -1.36128
0.03358 1.70229 2.78474 1.8628 0.01721
-0.36239 -1.0369 2.79586 3.49952 -1.23215
1.80834 -1.10495 2.39767 0.73661 -0.53915
0.40559 0.74903 2.79525 0.65937 0.14237
0.98521 0.26319 3.60021 1.14761 -0.01177
1.37186 -1.31738 4.41748 2.44106 0.9691
0.79038 -0.42831 4.23066 3.10782 -0.23153
-0.13045 -0.52948 3.44023 1.8174 0.52585
0.79322 -0.71263 3.02391 1.28862 -1.2189
-0.08906 -2.82906 3.24641 2.58805 0.70865
0.43542 -0.8638 2.36968 4.10232 0.00865
0.22938 2.63554 3.08362 5.96857 -0.90978
-0.90398 -0.13329 2.22441 8.20533 -0.41039
-1.40614 -1.65028 1.83698 6.28031 0.46392
-2.43947 2.07957 2.09394 7.15587 0.17124
-0.32435 1.76327 1.70777 9.56703 -1.58077
-0.37352 -0.45998 1.85322 9.39269 -1.67263
-0.38071 -0.27597 1.88786 8.59757 -1.8817
-0.65726 -0.05759 1.31474 7.90469 0.75642
-0.81938 0.04072 1.95992 7.8164 -0.5066
-0.72823 1.5588 1.2001 7.02231 0.26983
1.16184 -0.57891 1.58082 7.28269 0.07962
0.83612 0.66461 1.79954 7.13365 0.97951
-0.27661 0.52589 1.71222 6.48105 0.31073
-0.25652 -1.56764 3.90952 5.31511 1.65509
-1.17844 -0.52256 4.48884 6.1623 -0.22812
-0.61999 0.94442 5.52994 6.86928 2.44081
-2.4759 2.62081 6.53325 5.17833 -0.26076
-1.40658 -1.07584 5.29898 5.49575 -0.21453
-1.04636 -0.39298 4.1103 5.06761 0.09729
0.32819 0.36731 3.25417 4.69227 -0.38416
2.09893 -0.23619 3.29652 4.89627 -0.60291
0.20952 -0.49046 4.42786 4.1425 -1.17374
-0.4426 0.67143 3.61681 4.08283 -2.06685
0.76836 -0.1252 5.23542 5.32406 0.41739
0.81661 0.98717 5.49986 5.77912 0.76974
-1.03397 0.34973 5.87893 6.37384 -0.70551
-1.18237 0.0829 5.95327 7.02112 -0.85214
-1.08463 -0.06147 5.59705 7.03738 1.33671
-1.88878 0.7207 5.62298 8.11749 1.44594
-1.82566 -0.00176 4.00834 8.06268 0.07722
-1.49989 0.87211 6.28019 8.06365 -0.74541
-1.04773 -0.3354 5.48564 8.63305 -2.62505
-0.76009 -1.16773 5.6327 9.01556 -1.89578
1.70274 0.94817 5.78111 9.71118 -1.97566
-0.70251 0.0846 5.97897 10.53821 0.44735
0.32273 -0.04006 5.90114 10.45158 0.25814
0.43543 0.31945 5.9362 11.49411 1.82456
2.30799 1.392 6.68175 11.8776 0.96781
-0.2507 0.49497 6.94022 12.06556 -0.03968
1.56376 0.9796 7.9471 11.29965 0.63616
0.25311 1.80992 7.80813 13.03501 -0.13406
1.08464 0.08998 5.9491 15.62453 -2.0153
1.4063 -1.08716 6.42073 15.21692 -0.68146
1.28814 -1.09049 5.8532 17.13879 -1.35568
1.00593 0.94586 5.24479 17.88632 0.21292
0.43632 1.46764 3.06246 16.77159 -1.5029
0.72727 0.49653 2.99634 16.31387 -1.25174
2.39385 -0.26892 2.70518 18.44227 -1.11756
1.47491 1.36642 1.20984 18.03301 0.17727
1.74156 0.04174 2.80623 17.68466 0.83176
2.6516 0.53749 2.62811 15.57223 -2.08021
3.27282 1.41558 3.33626 16.49344 -1.15166
2.29703 1.007 3.29573 18.41137 -0.93109
0.50721 -0.90324 2.76576 17.1582 0.37016
0.64827 1.25183 2.81981 14.6353 -0.16498
0.40119 0.89625 4.29029 15.25921 -0.03222
-1.63633 -0.53805 4.12042 16.18592 -0.13623
0.61681 -0.43548 5.04934 15.13963 -1.20192
0.25064 0.41113 5.10535 15.49667 -1.03422
0.56655 -0.46928 3.39766 14.23096 -0.3229
0.65046 -0.02807 2.22559 13.62074 0.79922
1.45533 0.47566 1.92854 13.90915 0.57432
1.15017 -0.76115 0.71079 14.517 1.45336
0.19804 0.25762 -0.55104 14.86607 1.05173
0.04171 -1.10821 -0.4723 14.71487 -0.08922
0.77387 -0.28906 0.01414 13.43723 -0.0793
-0.1613 -0.05871 0.7549 12.99704 -1.42028
-1.53968 -0.94351 2.21854 13.3009 -0.62212
0.25598 0.00156 3.01261 10.72344 1.60401
0.68151 -0.89089 2.15499 10.10513 -0.58266
0.11267 0.58318 0.55354 7.5856 -0.60425
0.36861 -0.37981 0.84616 4.40127 -0.94532
1.22896 -0.93521 0.56296 5.03912 -0.01139
0.88492 -0.25285 0.54069 6.65837 1.54682
