-2.06655 0.30885 -8.38521 -0.08728 1.59096
-1.58342 -0.73092 -10.38548 1.15262 1.26527
-1.40097 -1.16667 -7.85859 0.18274 1.22944
-1.5072 -0.2415 -8.93252 -0.48922 -0.09076
-1.3167 -1.26086 -6.8726 -1.23108 -0.92985
-0.82432 0.27065 -5.34214 -0.70205 -0.3088
-2.93914 0.49083 -5.81455 -0.83003 0.34251
-2.26485 -0.28769 -4.53733 -0.53959 1.14239
-2.74216 0.77266 -6.28655 -0.62294 1.17942
-2.07518 -0.65815 -5.49372 -0.79934 1.98702
-3.12575 -0.43627 -4.75936 -0.91442 0.31965
-1.2398 -0.37865 -3.93911 -0.88273 0.65787
1.40488 -2.11822 -1.46346 -0.0003 -0.79965
-0.05847 -0.7885 -2.06553 0.5927 -3.22383
-0.1454 -0.21798 -1.93406 0.18915 -0.59556
-0.68736 -0.30434 -3.49833 1.50881 -3.47191
-0.10048 0.37312 -3.50765 2.11834 -0.91477
1.55633 1.5465 -2.64917 -1.55454 0.55325
0.38854 0.90433 -2.05283 -0.26982 -0.01629
0.29992 1.29568 -0.56146 0.78036 -0.55695
-1.52834 1.08179 -1.43434 1.28085 1.51169
-2.32947 -0.57797 -1.21028 -0.31101 1.2723
-3.7467 -0.59848 -0.0825 -1.23493 0.34217
-4.69443 0.57166 -0.83263 -1.00225 0.20874
-4.66746 0.30746 -1.38036 1.01792 1.9332
-4.86494 2.62403 -0.39045 0.962 1.21873
-3.96121 1.85053 -0.79792 0.35643 -1.83895
-4.32684 1.29105 -2.06473 1.25036 -1.24912
-3.57666 2.01417 -2.68584 -0.05478 0.8544
-4.36936 1.90945 -4.07239 0.18962 0.06612
-2.48941 0.39399 -3.97992 0.83241 -0.56856
-2.39373 0.91256 -5.24643 1.72585 -1.37334
-3.22562 -1.38229 -5.8064 1.61786 -0.98576
-1.98258 -0.81516 -5.07937 -0.14253 -1.9579
-2.1242 -0.47655 -4.43061 0.52606 -1.5363
-2.00152 -1.28226 -4.15888 0.06768 -0.87654
-2.89228 -1.359 -3.69213 1.02422 -0.05861
-2.72096 -1.88631 -2.81202 0.36389 -0.20271
-2.09447 -2.60607 -2.9909 -0.48818 -2.62824
-2.39804 -1.15973 -2.87238 0.46729 -3.12623
-3.25074 -0.18694 -3.22195 0.25319 0.00374
-3.35102 1.0765 -5.332 0.28335 0.54188
-2.50731 1.31795 -4.22394 0.89957 -0.7716
-1.93044 -2.26472 -4.97137 -0.26861 0.95661
-2.15671 -1.34222 -4.96729 -0.62536 -0.18908
-1.85078 -0.14933 -6.33253 -1.84501 -1.50211
-1.33452 1.95341 -5.50512 -0.72712 -1.36676
-2.22738 2.17281 -7.20345 0.05249 -0.40653
-3.62869 2.9079 -6.68795 -0.61945 -0.5298
-3.58216 2.1582 -5.78556 -1.65922 0.42107
-4.66396 0.84481 -6.77239 -1.79412 0.39401
-3.11948 1.12368 -5.98571 -1.14635 1.2464
-2.34833 -0.13018 -6.14977 0.38746 0.91814
-1.37645 -0.87341 -6.37219 1.50656 -0.09729
1.21616 -1.12702 -8.59767 0.62155 0.68999
0.02917 -1.41452 -9.71278 0.71958 -0.41182
-0.28184 0.40437 -7.95724 1.12606 -1.96666
-0.29768 1.47518 -7.52207 2.06792 -2.28607
0.42217 2.93905 -7.85844 -0.68264 -0.90492
1.68485 1.08547 -8.35717 -1.70401 0.97864
2.26867 0.11973 -7.47811 -0.22601 -0.07632
2.50287 -0.23644 -6.2967 1.20467 1.04677
1.25163 -1.73479 -5.31618 0.57351 0.55718
3.10609 -0.53983 -6.68632 -0.11578 -0.45698
4.02963 -2.08555 -6.5772 -1.43433 -0.22952
4.0699 -1.15763 -6.26335 -0.87255 0.7457
2.70309 1.16964 -6.05373 0.18603 -2.96531
1.37493 -0.23082 -5.35985 -0.37526 -1.25117
3.05815 -0.74119 -5.0256 -0.88467 -0.57533
2.23937 0.42032 -3.21289 -0.94118 -0.22493
2.01653 1.16366 -3.04777 -0.6399 1.12392
2.4576 -0.28211 -3.47827 -1.11396 -1.03588
2.92281 -1.62189 -4.65934 -0.66705 -1.36452
0.68112 -1.727 -4.46555 -1.21309 -1.796
0.85135 -0.98665 -3.22078 -0.51032 -2.41681
0.21637 -0.3717 -4.28361 0.64955 -2.59751
3.27258 -0.5815 -4.15225 -1.533 -0.52195
3.65716 -0.64628 -2.54458 0.17718 0.3196
3.1423 -0.79182 -2.96389 -0.1453 -0.54828
2.96999 -2.69461 -2.59838 1.67034 -0.425
3.55591 -5.01737 -0.72953 1.29499 -0.02113
2.03741 -5.49335 0.36545 -0.78167 -2.90463
-0.83669 -4.85394 1.12539 -0.51626 -1.60638
-1.53467 -3.27547 1.43981 -1.11959 -2.93975
-0.62291 -2.37125 2.05116 -0.2389 -2.18549
-1.56028 -1.58279 2.03693 0.72756 -1.72293
-2.3919 -2.84563 0.99051 -2.3681 -1.02295
-2.69251 -3.63439 2.11377 -1.01472 1.41006
-2.71772 -2.93378 3.25883 -0.18685 -0.64633
-3.43355 -3.57138 2.80359 0.31956 -1.43863
-3.54767 -5.10061 1.74212 1.19484 -0.06363
-3.98846 -4.3318 0.3952 0.42794 -1.25102
-6.19732 -0.52676 -2.54967 0.16668 -0.33477
-8.78423 -1.67251 -1.31335 -0.26982 -0.6662
-8.17347 -1.06799 -3.6209 1.47082 0.0986
-7.22842 -0.58307 -4.82951 -0.65446 0.76843
-7.83218 -1.90398 -5.29482 -0.72344 -1.33702
-4.94758 -0.79901 -6.51931 -0.86382 -0.40097
-3.99124 -0.06199 -8.07095 -0.64487 -0.20522
-3.20276 0.20658 -10.31178 0.09516 2.74917
-2.75575 1.03123 -10.41446 -1.26013 2.67061
-2.3117 -0.62707 -10.1574 -0.83677 0.48856
-1.11922 -1.48407 -11.03293 -0.57349 -0.70819
-0.47861 -2.08928 -12.35149 -0.53067 -0.54257
0.56689 -1.70899 -10.86344 -0.49388 0.41215
-0.67023 -0.60786 -11.01401 -0.42128 1.32616
-0.47771 -1.92339 -9.60878 -0.92832 0.17605
-0.32109 -2.5801 -8.24645 -0.32211 0.95545
-0.81834 -1.73507 -8.24035 -1.33652 -0.47999
-2.17605 2.68993 -6.54776 -2.4151 -0.83825
-0.4542 2.23571 -8.39667 -0.10096 0.86387
-0.53338 1.25093 -8.00916 0.14482 2.71988
-1.27309 1.59962 -5.37912 0.07345 1.78474
-1.88557 0.6023 -4.30551 -0.69793 0.77897
-0.57742 0.16005 -5.88274 -0.12468 1.36907
1.71663 1.26972 -3.30959 -0.66843 1.12467
1.23414 2.95626 -3.1872 0.87668 0.73091
0.41824 3.36125 -1.51852 1.56678 2.94299
-0.14877 2.73223 -1.47542 0.0809 2.21905
-0.46533 1.19047 -3.0036 -0.28504 0.86523
0.20579 2.28411 -2.69821 -0.41438 1.58403
0.30476 3.53536 -1.57255 -0.06858 2.17468
0.74054 2.8239 -1.03035 -0.90625 3.56902
0.51847 3.33425 0.33441 -0.04789 3.04753
1.42014 3.18311 0.12221 -1.51533 1.16751
2.52151 3.41801 -1.18157 -0.36429 0.671
4.4793 3.66852 -1.43994 -0.84236 0.79748
6.14762 3.30488 -1.62354 0.93721 -0.22842
6.55592 4.84386 -1.39246 0.93551 1.8838
6.13245 2.78946 -0.60473 0.23052 1.75839
7.15552 2.71719 -0.61222 0.00742 1.12509
8.05765 0.35737 -0.16207 0.26564 1.4792
7.27593 -0.11792 0.99207 1.81938 0.93934
5.68901 -0.5444 1.91173 0.43928 0.73919
4.57051 -0.56003 3.30027 0.25007 -0.70174
5.0198 -0.74474 4.70636 1.90759 -0.18286
3.54042 1.51081 6.97034 0.88841 -1.55818
2.35489 1.03676 8.86999 -0.08208 -1.8456
3.60778 0.84136 9.57561 -0.43732 0.02615
2.9307 2.03795 9.81707 -1.52496 0.87398
3.09252 2.22294 10.40723 -1.65273 -0.06344
3.62122 2.04719 9.57489 -1.35064 -0.34175
4.08604 0.99601 8.04017 -0.39767 1.34843
4.64485 0.36352 9.55171 -1.3816 -0.38477
4.72449 -0.55982 10.06512 -0.26089 -0.47672
3.72534 -1.31581 10.10267 -1.69943 0.16706
3.40954 -1.47125 10.2188 -1.47042 -0.09533
2.50928 -1.08018 10.04574 -0.54285 -0.95629
1.58093 -1.13232 10.53781 -1.07554 -1.04574
1.72077 -0.88809 10.36097 -0.02634 1.69027
1.98406 -0.51596 9.55073 -1.76992 1.07243
2.69853 -0.1171 9.06963 -0.82931 1.50741
1.79406 -1.37796 10.22687 1.28845 0.7928
2.79079 -3.12758 10.90809 1.24741 0.84205
2.68911 -3.13072 11.25345 -1.60581 -0.50988
2.63609 -3.44396 11.42633 -1.87598 -1.19955
1.91109 0.20317 10.71194 -1.23671 -2.59236
2.03152 0.31564 8.48388 -0.22499 -1.88953
1.14997 -1.50617 7.52958 -0.72993 1.80941
-0.16264 -2.31503 6.21014 0.20666 0.89353
-0.30829 -3.4036 5.94803 -0.98342 0.49976
-0.9405 -3.38993 6.00871 -0.68168 0.25791
-1.51542 -4.66715 5.02223 0.4443 -2.60615
-1.41653 -3.18063 6.28149 -0.62602 -1.79782
-2.79321 -2.1775 5.94564 1.10301 -2.40755
-3.78013 -1.54725 5.29676 0.96053 -0.81672
-4.41034 -0.63986 4.5447 0.90174 0.67138
-2.27993 -3.73742 3.73397 -1.16402 -1.13575
-2.42987 -2.84075 4.18744 -1.98506 -1.53622
-4.79595 -2.81542 2.97872 0.20106 -0.32747
-4.42705 -1.03917 2.61153 0.38035 0.97685
-6.55649 -0.89754 2.77583 0.01146 1.2712
-5.6574 -1.04005 2.75346 1.10016 1.64806
-5.94213 -1.67607 1.87009 1.70644 2.13138
-6.7665 -0.43667 0.94227 -1.69247 0.55598
-5.6195 2.19172 0.59157 -0.11903 -0.12962
-6.47324 4.42357 -1.34115 0.20519 1.14324
-4.70327 4.24487 -1.71403 -0.5817 1.82152
-3.326 4.07664 -2.95588 -0.17363 2.07612
-2.91804 3.59499 -5.15375 -1.16013 2.07969
-1.05333 3.09446 -5.38402 -0.45328 1.59352
1.4622 1.9498 -5.14333 -1.17021 0.93056
3.25451 1.42848 -6.39551 -0.29959 0.5275
3.75396 3.76275 -8.40998 0.8814 -0.03336
4.47132 4.1047 -7.62566 0.22085 -0.90182
5.33284 4.19019 -5.43589 0.37744 0.08268
6.00105 2.51173 -4.55266 -0.99258 2.14339
6.3803 2.64306 -3.9131 -1.38136 1.14629
5.56416 2.71676 -3.55529 -1.1004 1.35002
7.87405 1.79445 -2.59336 -1.73014 0.98379
7.21287 1.19859 0.67172 0.22163 1.38611
7.8408 1.31921 3.51336 0.82081 -0.49612
7.38341 -0.12482 6.1391 0.8096 0.85738
7.15777 -0.50228 7.51311 -0.94844 -1.43448
6.03443 -0.59087 8.38706 -1.37615 -2.06033
4.45702 -0.62648 9.46785 -1.03842 -0.48636
2.39648 -0.55913 10.32958 -0.91228 0.16441
0.92212 0.86572 11.11053 0.14422 -0.27128
1.09924 -0.10569 11.49436 -0.40169 0.70475
1.57786 -1.35665 11.27221 -0.5158 0.00326
3.04977 -1.54523 11.28641 -0.61337 -0.43235
3.81389 -0.33918 11.75525 -1.3289 -0.45698
3.52632 0.63529 10.29351 1.61491 -0.14596
3.63493 0.51993 8.53418 1.34432 -0.18649
2.81084 -0.70751 7.96923 1.63942 2.83411
1.89365 -1.73273 9.82972 0.41585 0.25948
0.10523 -1.28847 9.05495 -0.51696 0.35624
1.3834 0.24939 7.54034 0.18286 -0.92596
0.77535 1.58099 8.57841 0.29444 0.50095
2.63846 0.00391 8.97422 0.75088 1.89074
1.55181 0.21991 7.40731 -0.91526 0.18701
0.28109 0.54158 6.17844 -0.749 0.31285
-1.05305 0.59002 5.91091 -1.47723 -0.32894
-1.52175 0.28616 6.27107 0.55763 -0.91619
-0.86604 -0.36168 7.26292 -0.07422 -0.43924
-1.18625 0.8309 5.95989 -0.90391 -1.3643
-2.2961 0.18101 6.42546 0.56513 0.74178
-3.38331 0.47287 6.90938 2.10915 0.16352
-3.98877 0.81766 5.85805 -1.10315 -1.45872
-3.49369 0.44863 4.9758 -0.00402 -1.23157
-3.04059 -0.70469 4.75547 0.05693 -0.15931
-2.86244 0.89349 3.80489 2.161 0.09984
-1.89933 -0.74132 1.85703 1.00602 0.70763
-0.83613 -2.07937 1.981 0.9729 1.98128
-1.65432 -2.02101 -0.29548 0.87876 1.21519
-2.7113 -1.71426 -0.73248 1.07926 -0.62119
-2.85067 -1.71009 -1.65661 -0.12967 -0.73173
-4.98045 -1.38596 -2.75239 2.75099 -2.88143
-5.62756 -1.00242 -4.62932 1.25455 -0.6831
-4.70764 -0.79077 -4.02195 0.77167 0.50506
-1.90343 -1.28507 -4.34063 0.28415 -0.62908
-2.25282 0.79283 -4.21627 -1.0797 1.14014
-1.47973 -0.5194 -5.07637 -1.71916 -0.24542
-1.88621 -1.94802 -6.61716 -0.38026 -0.58956
-1.55964 -1.76874 -7.04133 1.52488 -0.22626
-0.00621 -2.15012 -7.46171 -0.00855 0.45968
0.02017 -0.11565 -7.79118 2.12143 -0.67625
-1.64199 -0.94402 -8.44777 0.68919 -2.04291
-4.0175 0.38538 -7.85378 -0.12844 -1.54526
-3.68799 0.765 -6.7524 -2.11926 -1.3022
-3.31629 0.4459 -6.26199 -0.34863 -1.80031
-3.00276 0.64243 -4.53734 -1.93145 0.41265
-1.58297 0.73728 -3.47454 -0.49231 -0.20414
-0.907 -0.95077 -3.34991 0.62532 -0.84841
-0.24349 0.00473 -2.41788 1.67923 -1.46677
1.28355 -1.3834 -4.28864 1.00589 -0.43792
-0.53767 -1.7263 -6.99044 0.50392 -0.83639
-1.34511 -1.73304 -7.08154 -1.78172 0.45812
-0.53965 -0.77225 -6.82803 -1.81936 -1.04102
-0.67968 -0.63869 -4.96306 -0.19671 -1.211
-1.27678 -0.91669 -4.04873 1.47602 -2.18688
-2.43835 -1.54679 -2.16681 1.14448 -0.88738
-2.58376 -0.81909 -1.60488 1.09353 -1.62803
-3.98563 -1.27425 -0.6042 -1.08053 0.24211
-4.82959 -2.11565 -0.78232 -0.51694 0.99021
-5.80404 -2.52037 -0.29834 -0.61142 -0.37889
-4.95135 -1.39985 0.13215 -1.54943 -0.11233
-6.55802 -0.4494 -2.07187 -1.85766 -2.61668
-6.93359 0.84047 -3.31882 -1.055 -2.8213
-8.39259 -0.15418 -3.9613 -1.09145 0.26024
-6.82754 -0.20759 -5.74564 -1.56972 0.77729
-6.24445 -1.27166 -5.52037 -2.06889 -0.65539
-4.68713 -3.02738 -6.7375 0.62349 -0.36153
-3.77159 -4.72554 -8.46478 -0.0495 0.67629
-5.69436 -3.06761 -9.49049 0.29979 -0.59146
-6.85983 -3.8208 -8.29546 -0.65365 -0.47376
-8.04037 -3.77141 -9.00663 -0.32627 -0.49371
-8.98672 -1.3149 -8.03922 0.88243 -3.14456
-8.97461 -1.04532 -7.56414 -1.18691 -1.97048
-10.4263 -0.85571 -9.4421 -1.82758 0.30742
-8.57558 -0.78161 -9.65207 -1.22504 -0.94172
-6.38329 -0.7683 -10.9396 0.59186 -0.43884
-7.34285 -1.80496 -12.49254 0.32676 -0.74239
-6.35363 -1.5578 -13.10924 -1.48018 0.08173
-6.27576 -0.50532 -14.75088 -0.53222 -1.61283
-5.18889 -0.4018 -14.21192 -1.1679 -1.96865
-4.77021 0.65315 -13.73801 -0.82873 -0.40058
-5.22217 -0.45988 -14.64375 -3.27773 -0.95819
-3.17661 -0.9287 -15.15147 -1.93379 -0.05723
-3.9362 0.07187 -14.34827 -2.09333 1.27379
-3.79224 -0.06275 -14.17576 -1.4559 -1.34559
-2.65073 -2.0747 -13.13965 -1.13125 -2.46053
-3.6145 -2.24033 -12.10841 0.24662 -0.61856
-4.61356 -1.79402 -10.58899 1.2523 -1.95955
-5.13594 -3.24854 -9.49149 -0.44391 -1.96509
-3.74853 -3.19881 -10.21985 0.45549 -1.96337
-5.13846 -2.93053 -10.35138 0.94095 -1.97581
-5.2145 -0.11073 -10.98722 -0.7385 -0.31323
-4.87184 -0.17755 -11.43646 0.95695 -0.20791
-4.52274 -0.42906 -12.27611 -0.05217 0.34622
-5.45965 -0.99332 -12.22259 -2.88669 -1.7797
-5.61305 0.21029 -13.576 -1.85734 -0.87207
-5.44665 0.06887 -11.63352 -0.80436 -0.48699
-6.92423 0.22244 -12.28278 -0.03495 -0.18322
-4.44291 0.9383 -13.07923 1.16862 0.4357
-3.97822 0.50751 -13.13118 0.63592 1.95181
-3.43743 0.9346 -11.01309 0.4484 -0.37136
-1.973 0.68174 -13.74869 1.70392 -0.68171
-2.11421 0.92321 -13.34062 1.01326 0.83521
-2.99969 1.31739 -11.62076 0.02547 0.6438
