1.49158 0.74809 -0.51476 -1.54214 0.90259
2.74227 0.20459 0.28671 0.43798 1.63451
-0.14589 0.21986 1.941 0.4372 -0.13142
0.4749 0.3788 1.88323 1.78451 -0.33045
1.10727 1.53624 -0.66459 -0.0611 -0.28357
1.89719 2.01535 -0.39175 0.2752 -0.3276
1.80017 1.09457 1.57529 0.17135 -1.5551
1.01078 0.50758 1.98699 2.35199 -1.0116
1.32473 1.67403 1.31845 0.69579 1.51996
0.43913 1.66648 0.00957 -2.08163 0.82335
-0.74981 0.90732 -0.46686 -0.37978 1.20825
0.22392 0.2339 0.70697 -0.07256 1.16801
-1.34256 0.4377 1.87467 -0.60536 -0.59201
-1.52127 2.22657 -0.62965 1.28877 1.39717
-1.51923 0.79449 -0.21443 0.9035 -0.26602
-0.44924 0.82914 -1.58553 0.06158 -1.375
0.01157 -1.05192 -1.54184 -0.64043 -1.85699
-0.99828 -0.07212 -1.09435 -0.04471 -2.05925
-0.03723 -0.80238 1.07836 -0.58183 -1.10112
-0.46631 -0.0127 -1.30824 0.08655 -0.47826
-0.55164 1.31704 -2.58243 -1.25032 -1.38719
1.17881 -0.20401 -2.02932 -1.37215 -2.46345
1.47087 -0.9218 -1.43364 -0.77432 -2.55568
2.39683 -1.30797 -1.54336 -0.24854 -2.99371
2.21221 -0.84468 -0.78515 -0.9532 -2.95163
0.64667 -2.14407 -1.25173 1.62933 -1.43106
1.08797 -1.00964 -2.26661 0.06006 -3.08381
1.37879 0.25658 -1.36249 0.72919 -4.11333
0.82161 0.10321 1.52132 -1.43652 -4.97112
0.49971 -2.39269 1.15111 -0.05935 -2.29246
-0.39117 -3.21859 1.44774 -0.95896 0.07428
-1.69291 -4.17808 -0.58808 0.10723 -0.09156
-2.94556 -4.53085 -2.06809 0.62023 -1.48508
-3.47715 -4.33027 -0.45246 -0.00607 -0.30416
-1.92957 -2.72092 -1.09826 2.22566 0.92645
-0.10585 -3.69088 1.72984 -1.74366 1.57266
-0.777 -1.33967 0.90832 -1.08468 0.54617
-3.12097 -1.98219 0.39577 -1.80148 2.81541
-2.73986 1.31796 -0.77242 -1.95425 3.73233
-0.36334 1.38456 -2.61567 -2.13394 2.84115
-0.78369 2.17728 -1.05999 -1.00292 3.30191
0.40017 1.2558 -0.68086 -2.19143 2.49654
-0.3836 0.89517 -1.71763 -3.15976 1.44523
0.51296 0.39734 -0.64317 -0.14265 1.24297
0.36189 -0.59061 -1.70292 -1.10219 1.42233
0.74226 -1.33203 0.37081 0.75511 0.75884
0.36368 -0.33107 -1.46454 -0.02308 2.9793
-1.5586 0.62311 -0.76118 -0.46341 2.61098
-2.1942 -0.57265 1.03504 0.06885 2.18201
-0.56423 0.56882 -0.20243 -0.54571 3.16415
0.16228 0.99518 0.03396 -1.60591 2.84151
-0.31915 -0.70173 0.47384 -0.86382 2.84485
-0.52179 -0.12178 -0.59888 0.02674 2.25245
0.36367 -1.86629 0.27509 0.4953 1.50064
-1.03615 -2.70404 1.43347 -0.43322 0.68751
-0.537 -2.4713 1.06769 1.63886 1.18924
-3.0917 -1.57978 -0.49076 -1.20104 2.72431
-1.98835 -2.12499 -0.14726 0.22588 4.56368
-0.51465 -0.57883 -2.61768 -0.96547 4.04304
-2.48142 -1.87846 -1.62051 -0.34685 2.77779
-2.24166 -4.54457 -2.05718 1.20519 2.42829
-1.53051 -3.51784 0.17272 -0.39996 4.51729
-1.02619 -4.16939 -2.46729 -0.50394 1.56364
-2.9879 -2.28333 -1.43839 -0.08605 0.46397
-3.3462 -2.36087 -2.78376 -0.86621 0.19027
-2.57579 -2.75473 -1.97588 -2.14398 0.49327
-2.62329 -2.04162 -3.60959 -0.88236 1.64701
-2.65458 -2.43706 -3.99894 0.7257 1.6386
-1.19798 -2.05239 -1.9367 0.18544 0.71925
-0.15354 -1.08032 -2.61812 0.30786 -0.56096
2.22089 -1.04706 -0.99879 -2.06825 -2.25198
-0.30556 -2.17716 -0.68759 -1.77992 -1.48719
-0.81471 -1.11889 -1.06785 -0.96768 -3.2857
-1.66763 -2.11333 -1.82499 -1.83665 -2.65935
-1.41989 -0.96106 -1.87218 -2.05419 -2.09444
0.65682 -3.60707 -2.50093 -0.16941 -3.35038
0.80082 -3.73372 -1.61244 0.77519 -3.33574
2.44815 -3.80155 -0.59904 0.9471 -3.18597
1.27295 -4.35572 -1.7848 0.5213 -2.59903
-0.04912 -4.85261 -0.44479 -0.2856 -2.027
-2.49397 -3.82215 -1.15862 0.824 -2.46463
-2.03411 -2.23961 -2.14789 0.03907 -1.00525
-3.0317 -2.24517 -2.46062 -0.56893 -0.62775
-3.98113 -1.92306 -2.30515 0.3228 -2.03479
-1.76068 -3.42199 -2.45104 -1.45557 -1.68049
-1.03097 -3.26608 -1.81831 -1.31436 -0.59753
-0.88839 -2.74106 -2.00339 0.82242 -1.16207
-2.33851 -3.85292 -1.22091 1.0288 -2.75436
-3.14787 -4.52993 0.48867 -2.16734 -0.94297
-2.40436 -3.99193 -1.46569 -0.38985 0.93374
-2.59731 -4.4478 -2.46643 -1.0409 0.57827
-3.43003 -5.91845 -4.58547 -1.41317 -0.15693
-2.12666 -3.47545 -5.07104 -0.96884 -1.41247
-0.591 -2.85051 -3.80287 0.89394 -1.77747
-1.74142 -0.85653 -3.33425 1.19553 -1.66127
-3.15612 -1.97605 -3.44095 -0.6696 -4.19782
-2.99195 -1.56843 -3.17221 -0.48828 -5.0591
-2.05017 -1.20476 -3.95094 -0.92348 -3.80211
-2.87009 -0.2209 -2.07585 0.09154 -4.21376
-1.92829 0.59311 -1.8092 -0.16941 -3.35585
-2.19077 0.33896 -1.3989 -0.20862 -2.17694
-2.13314 -0.28438 0.9476 -0.41017 -1.3018
-2.10594 -1.53018 1.06908 1.11774 -1.12016
-0.87409 -1.29534 -0.03985 0.14273 -0.17429
0.30661 -1.77879 0.18179 1.36198 -1.83757
-0.17348 -3.26679 -2.38406 0.19335 -0.81701
-2.29041 -3.69987 -0.41993 -0.08286 -2.50263
-1.57033 -4.79313 -2.02075 0.187 -2.09414
-2.06402 -4.87601 -1.70621 0.1622 -1.51921
-2.38807 -5.00728 -2.2314 -0.7962 -1.67599
-3.17197 -4.61347 -2.68636 -2.41708 -1.18822
-4.55364 -3.46933 -2.46793 -0.5347 -1.98662
-5.76415 -2.93989 -1.79221 0.67878 -2.61126
-5.93778 -3.30769 -3.03253 -1.17572 -2.59109
-3.00813 -2.76595 -3.27233 -3.06234 -3.76321
-2.72232 -4.38298 -4.57242 -2.83295 -4.15275
-3.39511 -2.5103 -1.8834 1.42632 -3.57229
-4.04602 -1.21158 -3.30129 -1.71342 -3.07551
-4.295 -1.30646 -2.52654 -1.23093 -1.83464
-2.17536 -3.33397 -0.79761 -0.24104 -1.78248
-2.59978 -2.79067 -2.11278 0.35242 -2.59324
-2.13991 -2.42606 -0.38216 -0.88824 -2.4384
-1.48267 -1.90939 -3.09416 -1.39868 -2.7118
0.42042 -0.96852 -2.1215 -0.13709 -2.58315
-0.24354 0.0921 -2.57573 -1.30438 -3.03043
-2.24303 -0.53867 -0.21173 -0.41787 -3.01663
-1.87357 0.14819 0.45542 -0.01352 -3.90524
-1.53871 0.71408 0.5317 -0.56372 -3.84402
-0.77624 0.22468 0.21151 -0.95122 -1.92744
-1.44469 0.23578 0.20093 -1.10144 -2.8453
-0.36436 1.72542 -0.27248 0.43287 -3.91897
1.64119 1.98162 -0.10516 -1.27125 -2.89185
-0.12647 1.20058 -0.3349 -1.14227 -0.93247
-1.17101 -0.64595 1.89485 -0.07925 -0.50415
-0.69891 0.36632 -0.70175 -1.17669 -0.50703
-1.20463 0.73077 -2.03865 0.79807 0.9359
-0.99291 0.39556 -1.50729 -1.16217 -0.71412
0.32438 0.2169 -1.77655 -1.58231 0.0588
-0.39792 -1.29037 -2.11598 1.11923 0.74973
0.37784 0.27078 -0.45767 0.62085 1.68856
2.42955 0.64249 -0.93853 -0.10852 2.77965
0.81223 -0.42411 -0.5692 -1.27902 0.6543
0.87072 -1.04105 2.88567 -0.26903 0.50912
0.20834 -1.74873 0.65465 -0.17145 -0.1935
0.37428 -0.56023 0.58637 -0.4999 0.35444
0.51765 -0.5031 -0.08002 -0.75153 -0.3116
-0.19847 -1.5491 -0.17193 -0.45698 -0.47439
-0.58726 -0.18549 -0.7688 -0.28606 -0.68812
-0.08693 1.52102 0.20842 0.3532 0.65557
0.26244 1.23108 -0.58876 -0.68171 2.99469
-0.7891 2.57545 1.13474 0.72553 0.76226
1.39551 3.37761 2.59866 1.07762 1.32416
-1.72443 4.05159 0.3782 1.77755 1.87842
-1.16424 2.12493 3.40659 0.8969 1.5357
0.011 2.52521 2.75486 -0.06644 0.1955
0.2924 4.65595 1.34506 -1.29956 0.21577
1.53359 6.18083 2.22001 0.34065 0.53455
3.82544 4.82449 3.4006 -1.38049 1.52212
1.68884 6.45693 4.94112 0.12453 3.01186
3.29113 5.59858 2.5773 2.49157 3.39792
2.87225 4.04388 2.46701 3.35732 2.887
2.05683 3.46487 2.09437 0.25135 2.14487
2.56522 4.55931 2.08234 -0.60204 2.3747
3.20254 3.1356 2.4808 2.1615 1.89731
2.85221 2.94901 2.66969 1.34078 1.47304
1.74734 3.52189 3.93946 2.33676 1.49962
1.72811 3.37059 5.29546 0.51637 -0.14031
1.16533 3.91837 2.06357 1.47335 2.77714
1.67125 2.17103 2.37374 1.13058 2.66312
1.68449 2.05838 2.26784 0.34742 2.3603
3.00524 2.25408 3.2474 0.00859 3.31824
3.82548 0.62111 1.938 0.45596 4.97898
3.54794 0.17027 1.98194 1.0635 4.83923
3.23896 0.0033 1.90249 1.08036 4.63273
2.41673 0.46503 2.95677 1.52438 3.5472
0.91599 1.97525 0.77867 1.54359 2.14461
1.60637 2.69483 2.51952 0.78869 2.79322
0.66759 3.71414 1.93769 0.59593 2.61352
-0.84801 3.63248 1.96564 1.53141 1.55241
0.83391 2.76398 2.23124 0.16329 1.88814
3.71197 1.94865 3.46863 -0.03746 1.11263
4.39732 1.93981 1.20849 0.09416 3.95101
2.52703 3.39909 1.1574 1.29148 1.90622
-0.24048 3.5195 2.06364 0.96157 2.47612
0.99458 2.52541 1.18381 -1.49541 3.65946
0.81959 2.89153 1.19453 -1.09314 3.7464
3.03405 2.964 1.2111 0.39929 2.3377
1.96966 2.54362 2.6919 0.70101 2.81407
2.25596 4.43961 2.04426 -0.13716 3.00088
1.10111 4.11868 1.55525 0.29063 1.3547
0.55631 3.64281 2.34804 1.6805 2.00218
0.82231 3.30793 2.05446 -0.02631 4.13789
1.53794 1.2145 2.24906 1.12687 2.29602
2.33001 1.66923 3.89401 -0.04848 2.14034
1.8779 1.22149 3.02971 0.59447 2.78051
2.92363 1.80293 3.56948 0.80231 3.94092
1.83351 2.70503 2.62573 -0.67064 2.63779
2.0515 2.42031 3.57605 -0.59642 3.26901
1.88878 -0.2459 3.56151 -0.23479 3.32112
0.74821 0.67498 1.66677 0.08436 3.05645
1.68015 -0.433 0.34251 0.85056 4.53687
0.12338 -0.68091 -0.69724 2.18077 3.49803
1.73518 -0.54398 1.27513 1.78593 3.70083
1.65884 -1.50855 2.42312 -0.25708 3.3066
2.13802 -0.96131 1.06151 1.07535 4.19972
0.91758 0.48044 -0.97701 1.85813 2.34183
-0.86811 -0.4929 2.33664 2.1631 2.03085
-0.60216 -1.79765 0.77104 0.02328 1.60156
1.51706 -2.58137 -0.14442 -0.08638 1.29882
-0.5539 -3.10554 -0.20468 1.53079 -1.67784
-0.70684 -1.54034 0.09719 0.57081 -0.55049
-0.63356 -1.89166 -2.95252 0.45266 -2.4147
0.29157 0.29778 -1.58991 -0.1916 -3.52483
-0.99547 0.24021 -1.3896 -1.08322 -2.77367
-1.0156 2.07554 -1.6927 0.26855 -1.11362
-0.93935 1.9722 0.24481 0.90007 0.47003
0.08927 1.62168 0.93808 -0.04723 1.49067
0.47454 2.32659 -0.32257 0.1175 0.53666
1.49284 3.3909 1.20068 1.41719 1.91961
0.82398 2.91702 3.12014 0.81979 1.13332
-0.14179 1.83869 1.70345 -1.37996 0.26243
0.19249 2.97564 2.01486 1.38281 -0.56758
1.11167 3.04812 1.78788 -0.12971 0.83031
1.58819 2.24958 1.61643 0.20269 1.28401
1.23963 4.30356 0.26688 -0.02709 0.19107
1.59977 4.2585 0.56574 0.54831 -0.16481
3.19877 4.55246 0.45654 0.58345 0.29005
3.11736 2.98266 1.45232 -0.07204 -0.76251
4.23039 1.43701 3.84574 2.34206 1.20069
4.91895 1.48287 2.77528 -0.23972 0.21461
3.69839 0.83284 4.29837 0.52689 1.46674
2.96091 0.84315 4.68174 2.4814 1.82107
2.16262 -0.27783 0.99954 2.27975 2.25765
2.74823 0.47336 1.98206 0.4328 1.10019
2.11097 1.09925 1.26285 -1.28893 1.11838
1.99881 1.43812 2.54171 1.78962 -0.02781
2.24008 0.83595 1.06839 2.09835 -1.58213
1.29569 2.2367 1.88102 0.46881 0.00042
0.5772 2.99977 1.90239 -1.30463 0.35162
0.62826 1.45152 1.20143 -1.21149 0.96877
0.72647 2.50055 2.47708 -0.17252 -0.32128
1.75014 4.29318 1.76357 0.51356 1.80365
1.30296 2.58149 2.18811 0.07347 1.98746
0.46519 3.45866 2.23107 -0.83136 2.69599
0.55828 1.79692 1.90083 -0.46251 2.16109
0.85838 2.3324 1.55859 1.77676 3.13705
1.22237 2.49586 1.55724 -0.52004 1.22973
1.64526 2.33511 1.60112 0.8221 -0.60479
2.43069 3.45479 1.38108 2.08583 0.21976
1.32259 5.09556 2.0656 1.0445 -0.88227
0.55369 4.22287 3.65284 -1.01136 -0.19213
0.4564 5.00652 4.02711 0.15191 1.26112
3.02932 5.2884 3.75746 0.4524 0.85222
2.53844 5.30072 3.75757 0.45966 1.82554
4.37006 5.99789 4.02114 1.12443 1.53797
2.83786 5.44487 2.15938 1.91396 2.43845
1.47102 4.23498 3.31974 0.38144 2.84676
3.44979 3.53968 4.33787 1.10136 3.67204
2.6288 3.26471 3.41572 1.42126 4.97803
1.80103 2.03406 3.39773 1.81817 5.09866
1.52674 2.90287 4.96625 -0.38991 3.57352
2.08266 1.94415 4.12102 -1.15362 3.46506
0.95254 2.59821 4.07018 0.38938 3.94667
1.50895 2.12005 2.82228 0.19266 3.08646
0.08728 1.42134 2.11768 -0.94043 3.66144
0.3441 0.85225 2.44317 -0.46085 4.82327
1.81113 -0.79513 3.05536 0.37051 4.35629
2.41513 -2.28583 0.3894 1.40082 3.17988
1.03151 -1.21578 0.41455 0.6963 2.05423
0.19058 -1.71877 -1.07669 1.15349 0.15449
-0.47444 -1.12142 -0.44664 2.06516 -1.07252
-0.27612 -1.06172 -2.88995 0.51567 -0.26372
0.52707 0.32365 -0.71137 -1.5912 -2.34948
-0.46441 1.03199 -0.52845 -0.25053 -1.06579
-2.60547 1.41851 1.64701 1.74484 -1.55879
-2.41385 1.57318 0.04778 0.94661 -0.99585
-1.74175 2.57271 0.11921 0.94128 0.33705
-2.41255 1.33741 0.93195 1.08353 1.32936
-1.21324 0.87264 1.89929 -1.48856 3.19141
0.05566 2.11146 1.46607 -1.23272 3.81008
0.10711 2.53411 0.39365 -1.17402 4.67838
1.49124 1.16648 -0.91772 0.43926 4.41604
2.75526 -0.99095 0.10603 0.0306 2.91083
3.19239 -1.70175 1.42212 1.70729 2.94277
1.81888 -2.23649 -0.36081 0.53197 0.85352
0.87714 -0.99607 -1.76061 3.12286 1.792
0.26829 0.42393 -2.79905 1.46461 1.50579
-2.15219 -1.73516 -0.74729 1.5927 -0.27841
-0.5268 -0.54498 0.26744 2.10336 -0.51686
0.75646 -1.37608 -1.52942 0.07112 0.60043
0.96981 -2.1885 -2.26126 -1.42757 0.84491
0.98841 -3.57967 -1.48917 0.84768 -0.30716
0.40917 -3.45515 -1.62992 1.07493 0.30283
-0.73555 -2.34018 -1.37657 -0.04625 -0.11904
-1.90708 -1.9166 -1.63643 -1.06448 -0.17957
-0.9014 -2.83285 -2.43716 -0.39704 -0.42116
-1.31913 -3.75219 -1.50307 -0.10503 -0.85298
-2.63203 -5.85915 -0.45842 -1.12236 -2.19843
-3.69759 -6.20099 -1.25027 0.39619 0.94059
-4.64055 -5.67571 -2.34384 -0.90199 0.98042
