-3.90562 -0.2653 -0.35458 -3.08957 -1.78451
-2.00918 0.10446 0.77238 -2.08871 -1.44331
-0.7 0.44391 -0.96814 -1.98747 -1.10893
-0.93747 -1.03336 -2.13975 -1.19435 -2.59312
-2.174 -0.99145 0.68704 0.63411 -2.21834
-0.46472 -0.85476 0.94443 -0.59359 -1.18067
0.5971 -0.42404 1.31229 -1.68421 0.47973
-0.00373 -0.89298 -0.28982 -3.75387 1.57467
1.61507 -0.59556 0.33687 -1.72088 -0.42049
0.72131 -0.96674 0.27619 -2.29057 0.22948
-1.19386 -1.95948 1.1544 0.57128 -1.17461
-3.32234 0.64471 -1.0317 0.74132 -3.58541
-2.6528 -1.33025 0.74597 -0.55254 -1.48254
-4.29146 1.65933 -0.58341 -2.11681 -3.02316
-4.26439 0.7138 -0.27685 -3.93511 -1.45936
-4.04839 0.35206 1.22993 -5.01286 -0.63769
-6.10144 -0.66465 0.46412 -3.05934 -2.00426
-6.17135 -3.44446 -0.46638 -1.12817 -2.51515
-5.99954 -2.6426 -0.1573 -1.34922 -2.48295
-4.68583 -1.97245 -0.21043 -1.69154 -2.15519
-4.83395 -1.5743 -1.75017 -1.06021 -3.37572
-4.62848 -0.97371 -1.24058 -1.41269 -0.78282
-4.96366 -0.6164 -1.74493 -2.42123 -1.00544
-3.68997 -0.92198 -0.68219 -3.51227 -1.1335
-4.99705 -1.57604 -0.96992 -0.54954 0.0234
-4.83801 -2.22158 -0.70732 -1.51408 -0.04627
-5.26905 -1.55277 0.50737 -0.99925 0.57048
-4.73153 -1.58617 -0.66702 -1.08349 0.44103
-3.83931 -0.42625 -1.44165 -0.32593 -0.60379
-3.44227 0.95542 0.2009 -0.54358 -0.99156
-3.23419 0.18123 -1.23303 -1.52392 -1.07562
-3.04415 -1.30486 -0.06002 -0.98218 1.47721
-4.03846 0.89275 0.28807 -1.86424 3.13225
-4.33586 0.3897 3.13977 -1.83095 2.38302
-6.39657 0.83037 0.74497 -2.53324 0.32309
-4.67243 -2.25131 -0.13388 1.03763 0.0676
-5.49109 -1.31543 0.95525 2.70702 1.34215
-5.39734 -1.77848 1.08747 1.21386 -0.01067
-4.95312 -0.21355 -0.06729 1.4776 -0.41918
-4.05647 -0.29083 0.22113 0.52145 0.82204
-3.30662 -0.19539 -1.00704 0.55551 0.26871
-2.63477 -1.92174 0.23269 -1.62528 -2.77991
-2.16692 0.36949 -0.13019 -0.97467 -1.08635
-0.58371 1.28339 -0.90732 -0.37371 -1.83589
-1.88397 1.00831 1.25798 -1.14804 -1.01168
-1.85418 -0.97803 -0.43582 -1.14928 -0.18691
0.23416 -0.8393 0.57069 -0.73318 -0.36622
-1.34549 -0.41867 -0.85119 0.41411 0.37583
-1.24089 -0.05987 0.21272 0.15987 0.84463
0.03052 0.28445 -0.57525 -0.11458 0.20953
0.18955 -1.89793 0.33043 -0.17243 1.23049
-0.02107 -2.29652 -0.66346 -1.00904 -0.53006
-1.30499 -0.45125 0.53121 -2.1753 0.37258
-1.16764 -0.70249 0.61353 -0.5453 1.62048
-2.10608 -1.89914 1.64262 -0.17964 -0.1403
-1.85629 -1.19358 0.00995 -0.44104 -1.04797
-3.43694 -0.6881 -0.07737 0.00795 -1.29349
-2.35897 0.08169 0.08956 1.80047 -0.73512
-0.91067 1.38782 -1.46244 1.42697 0.71523
-1.85323 -1.42258 -0.52918 1.44264 -0.421
-1.40839 1.36765 0.94311 1.05166 -1.81165
-1.28818 -1.23557 0.68932 -0.47882 -0.64795
-2.42831 -2.18797 -0.69786 0.59051 0.71436
-0.31452 1.13987 -0.05483 -0.52014 0.69428
1.05337 1.03921 0.17657 1.26513 -0.10064
0.0221 2.0981 0.42268 0.28315 -0.71232
-0.71201 0.35064 -1.67056 0.15997 1.02703
-1.35612 1.60103 -0.05837 -0.92244 1.12291
-1.57723 0.40782 1.54569 -0.18163 1.34898
-0.81062 -0.52169 0.73689 -0.18531 1.78302
-2.53559 1.06879 -0.06371 -1.56224 1.01575
-0.7827 1.61359 0.26376 -2.29559 -0.94303
-0.29746 0.43356 -0.86863 -0.61058 -1.07024
-0.01733 -1.35733 -2.38756 1.26489 -0.99723
-0.87053 -0.03645 0.68698 -0.17783 -0.5228
0.52608 -0.70029 0.58207 -0.08476 0.23346
-0.71006 -1.65593 0.88915 0.1603 -0.97181
-0.76161 1.95582 -0.45022 -1.02592 -0.42455
-1.29398 1.35852 0.37816 0.71295 -0.1291
-0.89795 2.28528 0.76496 2.0076 -0.30665
-1.55419 -0.9683 0.69313 -0.00051 -0.33564
-0.13755 0.23996 0.90963 1.18372 -1.40237
1.37505 2.96186 0.61441 0.36969 -0.21569
1.3504 1.0005 -0.51426 1.2784 -0.02398
1.35914 2.0672 -0.81017 1.10285 -0.4734
0.7434 0.67855 -0.18693 0.96116 -1.41997
-0.21528 0.59129 1.57685 1.49028 0.18333
-0.78084 0.2055 1.53972 0.84391 1.89201
-0.5671 0.2815 0.65726 1.18552 0.89372
1.24174 -0.85274 0.90277 -0.93312 1.88648
1.21421 1.76161 0.81423 1.00109 0.51972
1.01836 1.00018 -0.40072 1.89672 1.21172
2.4606 -0.73904 0.94606 1.73149 2.86255
2.47013 0.95361 -0.09065 0.36508 1.23506
3.28819 -1.49001 -0.57627 1.24064 1.83644
3.05309 1.8238 0.60877 2.31806 2.61715
1.56195 0.79904 -2.54768 0.62647 2.62353
0.1587 1.04522 2.64507 3.35254 1.86476
-1.74012 1.66036 0.37621 3.0613 2.14002
-2.173 0.69895 0.09589 2.21828 -0.05546
-0.38059 -0.09866 -1.89749 0.12527 -0.23364
-0.26286 1.50114 0.71805 1.3236 1.20451
-2.58189 0.02578 0.18632 0.74584 1.7283
-2.63506 0.64637 1.82152 0.79892 0.89762
-0.6837 0.83529 0.53656 0.63785 1.39008
-0.5373 -0.04193 1.72658 2.61212 1.97637
0.03261 1.20961 -1.25559 3.33078 2.16543
0.16249 -0.03243 1.20798 2.93392 2.82169
-0.47947 0.13451 0.18876 4.1404 1.55562
1.71056 2.02409 0.68379 3.53705 1.78256
1.36656 0.7967 0.27283 3.38888 1.78624
0.81289 0.73744 0.80024 3.27224 2.85396
-0.12894 0.35173 0.37893 2.56335 3.02154
0.68889 1.64789 2.43739 1.34656 3.86918
-1.29302 1.28944 1.16177 0.00483 3.04104
-1.53448 1.94421 1.50736 0.70731 1.86411
-2.57371 1.00189 2.68299 0.83002 2.21767
-3.25319 0.84837 0.95567 1.56713 2.05383
-2.93329 -0.14345 -0.41835 3.51975 0.0253
-3.97221 0.89402 -1.60405 2.41224 1.53381
-4.33076 2.35125 -1.43192 2.75804 1.01332
-2.67269 1.50734 -0.09013 2.70711 0.84846
-0.54501 1.60865 0.0567 1.40368 0.714
-0.79022 0.86289 2.79829 1.49834 1.06148
-0.89849 0.55022 1.97408 -0.0005 1.5845
-0.59035 0.32847 -0.22414 -0.13956 2.0545
0.20515 0.19731 1.68432 0.16964 0.78389
-0.12031 1.05787 -1.04277 1.48736 0.16866
1.49965 1.12204 -0.78735 3.52898 -0.56929
1.02161 0.57871 0.3072 0.38814 -0.03443
0.78173 0.48772 1.20703 1.34827 0.13274
0.96965 1.02646 -1.0819 0.76931 0.49994
1.90395 0.01005 1.98452 -0.27028 1.71519
1.0189 -0.15237 -1.21094 -0.60797 1.0491
2.43286 -0.31337 -0.52553 -2.18826 1.21048
2.67515 0.01015 0.52315 -2.08844 1.29071
3.2073 -0.08621 -0.45091 0.10409 -0.1312
4.80016 -2.0991 -0.1014 -0.56288 -2.01897
4.25045 -0.25071 0.0403 -0.07718 -3.6406
5.52898 -2.2847 -0.10639 -0.07947 -1.73317
5.15045 0.44964 -0.9187 -0.80877 -0.69887
5.28557 0.38459 1.15563 -1.54798 -0.99271
5.27381 1.5453 -0.95895 -1.49049 -0.42541
5.44703 1.05825 -2.3757 -1.40807 -0.70624
4.05061 -1.63609 -0.70665 -0.1388 -1.31316
1.97872 -0.9646 -1.23547 -0.48185 -1.56459
1.27923 0.53618 0.01454 -0.99769 -0.06228
1.53331 -0.80186 1.21646 0.12533 -1.22365
0.02277 -0.59781 0.65972 -0.12078 -0.82169
-0.36787 -1.17575 -0.6386 -1.13285 -1.27457
0.13429 0.39774 -0.64607 -1.3265 0.02552
-0.61106 0.31509 0.86807 -0.18249 -0.64147
-0.72227 -0.70901 0.76284 -1.29978 0.2114
-1.17966 0.24394 0.21063 0.46155 0.46453
-0.8335 0.01443 2.3948 -0.88285 -0.34975
0.6638 0.0215 -1.67044 -1.39921 -0.37164
-1.32981 0.14099 0.46004 -1.68165 -1.64544
-1.15997 -0.57634 -1.50327 -1.37218 -1.30272
-1.9307 -0.39388 -1.62919 -1.3286 -1.76687
-1.05439 0.31797 0.89248 -2.38095 -0.07635
-2.72156 -1.59866 -1.59846 -3.04898 -0.84929
-1.03461 -3.33005 -1.25463 -0.12176 -0.23166
0.54584 -1.60329 0.55526 -0.94198 -0.39654
0.24954 0.31313 -1.35566 -0.42829 -1.82718
-0.64852 -1.98151 0.75083 1.2759 -2.93502
-1.82231 -2.6201 -0.26201 -0.49052 -0.39871
-0.15953 -0.50013 -0.74578 -1.03955 -0.08975
-0.30364 -0.75673 -2.46721 -1.98544 1.04625
-0.86297 1.03073 0.362 -0.06732 1.99766
-1.24437 -1.56793 -0.89832 -0.86225 1.40395
0.0898 -0.09109 -1.37409 -1.27425 0.406
0.45126 0.38335 -0.97337 0.29278 0.08546
-0.01378 1.01044 -0.66489 -0.53304 1.13545
1.59233 0.6394 -0.12949 0.50672 2.11315
0.89948 -1.24786 -1.26433 -0.37897 1.91009
1.45593 -0.60782 -0.10291 -0.85377 1.90591
0.99015 1.03159 -1.54824 0.19083 0.63588
1.42424 -0.31195 0.46653 -0.0101 -0.44126
1.5283 0.64998 -0.17709 -0.80217 -1.44707
1.01122 -1.11555 0.06498 -1.75001 0.22824
0.37583 -0.83539 0.88075 -2.06547 0.0101
-0.44913 0.44902 0.35127 -0.87312 0.06105
-0.04716 0.02242 -0.87833 -1.08949 0.91516
1.3923 0.33286 -1.15576 -1.37089 -0.68766
1.4379 -0.18325 -0.89059 -1.38956 -0.60702
0.55817 0.34369 1.55844 0.15101 0.45537
2.5226 -1.88309 0.1636 -0.33094 0.39806
3.07832 -1.90784 0.29363 1.34923 -1.07744
3.68243 -1.53935 -2.5636 0.77103 -0.17386
3.04204 -0.40577 0.41839 -0.1995 -0.5055
2.28197 0.93252 -0.86253 1.62207 -1.16325
1.79069 -0.05896 -0.14299 1.79988 0.16796
1.74584 -0.45667 0.86651 -0.75514 0.36001
1.03609 -1.05951 -0.83588 0.37678 -2.45762
-0.81211 0.44561 0.54703 -0.09416 -1.41198
-0.5058 0.46458 0.00615 -0.15898 -0.94283
-0.82345 1.28779 0.77176 0.36643 -1.06702
-1.8232 1.295 -0.53775 1.87028 0.21418
-0.62542 -0.5416 0.31173 1.01096 -0.61179
-1.0955 0.33033 0.03554 0.0426 -1.85008
-0.25383 1.51972 1.57857 -0.24695 -1.40428
0.62369 -0.35964 0.70639 -1.27326 0.56317
1.27124 0.18439 0.05052 -1.14337 0.93884
1.43343 -1.29344 -1.4236 -2.95055 0.56665
-0.9041 0.90803 -0.13618 -1.71752 0.49043
-1.57159 -0.55378 -0.21033 -0.20488 0.53726
-2.19068 -0.89044 0.51461 1.42574 -1.61679
-0.40711 0.62584 -1.25107 1.01869 -1.40633
0.57953 -0.2981 1.16703 -0.20343 -0.27361
-0.22333 0.84876 -1.60253 0.4136 0.29476
0.31852 0.71029 -1.34277 1.46049 -0.4431
0.82482 -0.55311 1.52628 -0.14226 0.4345
0.73064 0.12669 0.7812 -0.27607 -0.46844
0.95285 1.43913 1.08896 -0.02092 0.49526
1.12918 0.45599 -1.43989 -0.1428 0.32958
1.94531 -1.027 -0.64117 -0.17804 0.0403
2.04426 0.39377 -0.57701 0.50443 -0.15161
2.40618 0.86163 -0.77063 1.54827 0.00442
2.5583 -0.12716 2.19548 -1.343 1.81947
-0.89692 -0.72652 0.35756 -0.61324 1.20064
-1.65338 1.15194 -1.52546 -0.77425 1.39157
-1.6384 -0.61259 -2.70803 -0.83318 -0.04842
-0.98314 0.34116 -0.28527 0.16564 0.73397
-0.44708 -1.84004 0.34015 -0.91051 -0.99654
0.24381 0.55807 -0.43353 -2.58066 -0.72413
0.81931 -0.69106 -2.60637 -2.57803 -0.72346
1.08856 0.41244 0.05028 -4.79247 0.83565
-0.02595 -1.02377 -2.48536 -3.1416 -0.51377
-1.78366 -1.12613 -0.53681 -2.95001 0.32071
-0.26752 -0.88365 -0.21826 -1.54241 0.39943
-0.85927 -2.45 -1.63275 -2.81248 0.17401
-2.42662 -1.50088 1.30027 -4.64545 -1.23938
-2.17759 -1.24961 -0.52058 -4.78973 -1.41081
-2.87643 -2.10863 0.36062 -1.37894 -2.00463
-3.23275 -1.47852 -0.08297 -2.11545 -2.53884
-2.35999 -1.22306 0.06792 0.5697 -2.35508
-4.24653 0.31564 -0.3303 0.55603 -2.60313
-3.99028 -1.34184 -0.33305 0.99313 -3.7755
-4.48096 -0.60386 -0.94944 2.88484 -2.04759
-3.02466 0.24119 -0.32447 1.24199 0.28922
-2.41201 0.42613 2.06458 1.37578 -0.0364
-3.09527 0.95079 0.4013 0.88806 0.22964
-3.93128 0.85927 -0.46468 -1.41065 1.30352
-3.3634 1.46297 -0.0323 0.36368 1.7904
-3.18209 0.44229 0.00634 0.81981 0.88065
-4.35253 1.9297 0.84699 1.10074 1.37702
-3.26566 -0.47922 -0.6846 1.23549 -1.39469
-2.5771 1.13004 1.135 -0.43841 -0.88963
-2.68523 1.98528 -0.26749 0.23538 0.60639
-1.38244 1.55756 -0.52675 -2.17727 0.30859
0.42032 -0.98037 0.98896 -2.14419 -1.16775
0.86564 0.58568 -0.43183 -1.388 -2.00872
-0.5718 -0.6076 -0.44218 -1.51754 -1.29889
-0.07508 -1.03362 0.18436 0.27606 -1.85389
1.48359 -1.89934 0.00824 0.42886 -1.56162
1.42966 -1.59099 -0.24974 0.38031 0.21001
2.01983 1.18535 1.85041 0.06411 -2.03936
2.28139 2.11795 -0.18654 1.21019 -1.59566
2.84327 0.93185 -2.24053 -0.02024 -1.63028
2.02933 1.04862 0.53259 0.48205 -2.04698
2.68191 1.59438 -1.20956 -0.71633 -1.62639
2.95984 -1.14118 0.31365 -1.83309 -0.85313
2.12732 -1.38765 -0.12606 -2.37505 -0.32764
2.01801 1.2847 1.46654 -1.4373 0.59691
2.47369 -2.55736 -1.0506 -3.52553 2.28668
2.6933 -1.04613 1.90274 -2.49807 0.71837
0.56928 -0.47567 -0.44297 -4.19775 2.00322
-0.83069 -2.02882 1.44567 -1.36313 0.08689
0.01226 -1.94443 0.98117 0.09462 -0.76742
0.15907 -2.3721 -1.46709 0.26415 0.04609
-1.53558 -0.39369 1.70365 0.96375 -1.27064
-1.42089 0.51114 -0.91499 -1.07515 -2.86177
-0.40953 -0.13588 -1.32718 0.24647 -0.93598
-1.04403 -0.39573 0.96644 -0.19893 -0.5532
-1.33555 -0.08846 0.52907 -0.40251 -0.26318
-1.08484 0.14304 1.03378 -0.11287 1.0522
-1.47107 1.59295 -1.24778 -1.73335 1.52654
-2.34662 0.4404 -1.27507 0.07778 1.19338
-1.30826 0.2026 0.36782 0.64726 0.39015
-3.06897 0.57702 -0.74393 0.6503 -1.63213
-3.5476 0.81686 -0.07108 -0.29108 -1.11606
-2.31514 0.33961 0.31776 1.19377 -1.31604
-2.11727 0.33429 -0.38887 1.42741 -0.8868
-2.74308 -0.72411 1.56904 0.4861 0.78433
-2.58319 -0.0642 -0.2544 0.49406 1.20451
-2.6945 1.0783 -0.40698 0.82285 1.56464
-3.23878 1.04396 -0.89219 0.85001 3.15869
-3.93024 0.61036 0.13772 0.4878 2.08463
-4.55495 0.79788 -0.40651 -1.09558 1.79668
-4.49301 -0.63703 0.0529 0.51856 1.94085
-3.96475 0.92145 1.91515 0.87833 1.50562
-3.01471 -0.60329 0.22254 0.81794 1.42379
-2.03563 0.79502 -0.64387 0.64004 2.65856
-1.95261 0.7458 -1.72721 3.14397 1.17001
-1.95365 0.55676 -0.33468 4.02303 -0.0373
-0.47064 1.10898 0.33775 4.29594 0.31801
0.36735 2.13041 -1.63276 2.59118 0.02779
1.10844 3.09721 -1.31579 0.50963 -0.05665
2.39981 1.07818 -0.37783 0.49864 0.0463
4.10734 0.93972 0.78075 0.36782 0.5321
