1.6592 -0.88682 1.0596 1.10269 1.9613
0.45176 -0.26551 1.10877 0.3623 2.08381
1.57826 0.5544 2.96092 -0.12942 3.92847
0.74454 1.58067 2.7787 -0.84824 1.68388
1.60622 3.32134 0.47563 -1.96743 0.51192
0.37122 3.82446 1.41118 -1.39817 1.36666
0.33057 2.33548 1.63334 -0.26026 0.61259
0.11901 2.1006 3.04507 -1.29209 1.45782
0.84192 0.54352 1.66811 -1.73705 0.55716
0.48713 -1.91328 2.19807 0.01256 1.15365
0.3331 0.18221 1.33572 1.35686 0.12194
-0.3407 -1.44491 3.13015 -1.01697 1.03622
0.12719 0.4513 2.04577 -0.92444 2.26316
0.66538 0.30355 0.66612 1.01448 3.61227
-1.16096 0.54242 0.74157 -0.94187 4.67521
-0.11662 1.23936 1.3321 -0.30217 5.221
0.30687 0.53605 2.74468 -1.14166 4.89612
-2.21577 2.15369 2.30955 -1.17915 3.98642
1.43652 3.25309 1.37715 0.41544 2.31221
-0.70287 1.05584 1.92625 -2.30895 0.85209
-1.75378 1.07014 1.81865 0.52816 0.35115
-0.51961 2.35334 0.41606 0.36298 1.97336
0.64944 1.47115 2.10692 0.80345 1.23631
-0.26219 -0.22851 1.6322 0.48534 0.32044
1.41566 -0.46069 0.93595 -0.53549 0.73062
0.44266 -1.58954 1.7793 1.40046 0.1232
-0.06386 -0.53219 0.89552 -1.85785 -0.32851
0.45485 -0.26756 0.61197 0.8027 0.13331
1.3288 -1.27804 1.49554 -0.18991 -0.43482
-2.34733 0.31434 0.72565 0.72357 -1.81273
-0.94699 1.07443 0.5308 0.07491 -2.61122
0.69368 -0.38317 -1.48361 0.84164 -0.44828
-1.17602 -0.16125 -0.54827 0.00284 0.91824
0.37869 -0.3645 -0.49121 0.00574 1.8072
1.65353 -0.05913 -1.71213 -0.81809 -0.09232
1.81801 2.40714 -2.10051 -0.67189 -0.45854
1.48524 2.86181 -0.27264 -0.29954 -0.35962
0.02224 2.16226 -0.85195 -0.36256 -0.23024
1.24089 0.91491 1.66824 -0.65474 -0.97161
0.57206 -0.99252 2.69742 -1.195 -0.59302
-1.00444 0.32609 2.43884 1.16025 -0.87707
-0.63602 1.52 2.99721 -0.84619 0.34729
0.27036 -0.08323 1.22227 -0.73548 1.42132
1.74824 -0.99961 -0.92785 -1.37103 0.85543
-0.94194 -0.54983 0.15979 0.2547 1.62099
0.35438 -0.4675 1.94695 -0.42132 1.70653
-1.14415 -1.77875 1.2495 -1.81419 2.93681
-2.15931 0.43103 -0.33692 -0.64359 2.2523
0.16048 1.31091 -1.08115 -1.14546 2.96498
0.68929 2.76761 -1.17441 0.57664 3.02368
0.65764 2.07109 0.38768 2.04848 1.98845
-0.24903 2.24465 2.21579 0.74806 2.56852
0.3603 4.117 3.35594 -0.77698 1.63782
0.03619 3.50799 3.33947 -0.00887 2.49338
-1.33722 2.39163 3.27886 2.08016 2.64291
-1.38121 2.35182 4.74413 0.71106 2.00162
-0.51329 3.35217 5.55798 -0.46489 1.1993
0.93803 4.25745 5.07672 -1.21234 1.51902
0.33244 3.94997 5.58783 0.62409 -0.08544
-0.29233 2.46866 6.16964 1.52057 -0.83949
0.05562 1.05622 6.96852 -1.28608 -0.95488
1.26798 0.92554 5.02565 -1.01562 -2.05321
0.01713 0.13528 4.39425 -1.77477 -2.7094
-2.67699 -0.23691 4.18363 -0.88143 -1.87589
-0.38903 -0.45813 2.19343 -0.52713 -2.75428
1.40913 -0.77566 2.40728 -0.71751 -2.74767
0.22338 -1.57015 1.43618 -0.33761 -3.14545
-1.09282 -0.78696 0.60452 -0.1752 -2.50961
-0.74502 -0.65242 -0.44358 -0.30834 -1.86342
2.04401 -0.86039 -0.92173 0.85653 -1.36036
-0.82438 -1.36761 0.37871 -0.83285 -2.03575
0.72678 -1.97735 -1.01074 -0.61846 -2.31848
-1.07558 -2.5497 -0.77681 1.11927 -1.65913
-0.38714 -1.61524 -0.51037 -0.26617 -3.3697
-0.3552 -1.17867 -1.83859 -0.5548 -5.46049
0.63324 -0.70567 -1.63796 1.27186 -3.44038
-1.52531 -2.45008 -0.27593 -0.30158 -3.49668
0.21475 -2.70772 0.38318 0.77653 -3.02625
0.13421 -3.32059 0.51186 1.22944 -2.15451
1.77817 -4.65132 -0.66027 0.88356 -0.06227
0.07326 -2.35959 -2.72 -0.73649 0.80755
0.23105 -1.09566 -2.80937 -0.64622 0.90971
2.31312 -0.41969 -1.99535 1.46386 2.24209
-0.36517 -0.80509 -0.96268 -2.09089 -0.47529
0.86599 -0.11264 -0.66345 -0.19185 -0.65424
0.86906 1.03337 -0.71147 1.2683 -1.71449
-1.62656 -1.07289 -1.07573 0.07093 -2.40545
-1.99783 -0.63889 -2.46188 -0.71991 -1.84547
-0.53431 -0.1928 -2.92975 0.60139 -1.94621
-0.70736 -0.76801 -2.59872 0.25155 -2.76023
0.63821 -1.257 -3.15781 -0.22739 -0.42702
0.88995 -2.77612 -3.62859 0.81152 -0.30259
-0.62929 -3.30186 -4.77854 -1.25819 -1.04239
0.897 -3.89539 -6.06531 -2.22743 -1.34288
-0.89149 -2.1004 -6.8719 1.52539 0.13463
-1.78966 -3.78664 -7.01227 -0.74515 -0.35243
-0.95709 -2.46572 -7.87487 0.6956 -0.56326
1.27351 -0.84171 -5.40864 0.40279 -0.50711
1.56416 -0.2242 -3.08876 0.56932 -2.07
-1.64354 -1.14938 -1.16078 -1.06168 -1.79501
0.37627 -2.5003 -1.26168 -0.8204 -1.92253
-0.57987 -2.32291 -1.7678 0.6233 -2.09817
2.02785 -0.24174 -2.68472 -0.45549 -2.88031
0.27478 -1.86982 -0.0874 -0.4649 -2.91756
0.86651 -4.05069 -1.29197 -0.91237 -3.15296
0.63591 -4.35127 -2.85445 1.45074 -2.35601
1.51592 -1.8854 -2.49864 1.29002 -2.19503
-0.75309 -1.41809 -0.60882 0.08042 -1.15247
-0.80759 -1.1062 0.04181 -1.42263 -1.29447
-0.43846 -0.45756 -0.37249 0.24924 -1.05578
0.43189 -2.04493 -0.61106 1.34886 -2.63704
-1.32781 -1.67865 0.668 0.24802 -1.85561
1.20343 -2.43768 0.67871 -0.81816 -2.58545
0.63334 -2.35468 0.66728 -0.03166 -2.43379
2.54607 -1.93853 0.26451 0.1705 -2.39645
-1.46464 -1.37358 1.6454 1.41732 -1.87842
-0.63051 -0.87415 0.16279 0.82397 -1.43736
-0.63285 0.58124 -1.05942 0.58897 -2.79604
-0.70939 2.18265 -3.40394 0.4207 -2.70574
2.03413 1.093 -2.90881 -0.35795 -3.10682
1.0811 0.07657 -1.75621 -0.62 -3.04009
-0.40432 0.67454 -1.60982 -0.22419 -3.27982
-0.32319 -2.30195 -3.19626 -0.7899 -2.00769
0.77082 -1.40169 -3.30366 1.31426 -0.33783
-0.19816 -0.45919 -4.06491 -0.30182 -3.17501
0.33453 0.62921 -4.30113 -0.01587 -1.45567
1.72487 -0.35705 -2.14159 -1.34778 -0.58227
-0.59308 0.38661 -1.81322 -0.51275 0.58096
-0.77142 -0.34767 -2.35985 -0.04385 1.00448
-1.32512 -0.48381 -2.28469 1.91705 0.04096
0.45511 -2.22352 -1.07217 0.27648 0.44245
-0.95162 -1.32675 -0.98702 -0.74978 -0.80897
-1.18199 -2.56819 0.01227 -0.23437 -0.7136
0.1614 -1.4352 -0.65507 -0.44472 0.62521
-0.07997 -2.59215 -0.93685 0.37246 0.50594
-0.11404 -1.59863 -1.90317 0.15809 1.5863
-1.19901 0.58327 -0.71967 -0.68322 2.55031
1.17816 0.74432 -1.95671 1.19232 2.82166
-1.63495 0.20462 -0.62746 0.05877 3.28766
0.19537 1.34043 0.90737 -1.18423 1.72596
0.35102 2.51302 1.35492 -0.71612 -0.57378
1.54008 2.06712 0.97746 0.26306 -1.25299
-2.70701 0.34693 3.32229 -0.12112 -0.40854
0.51705 -0.4413 2.33683 1.29032 -1.38395
1.89094 -0.12201 3.13892 0.85315 -1.05752
-0.04054 -2.25616 3.23914 -0.67382 -0.04945
-0.35872 -2.80329 0.94843 -0.14479 0.5067
0.36379 -3.04115 0.31047 -0.82244 -1.77165
-1.14972 0.70362 0.35348 -0.43083 -2.61496
-0.6546 -1.39524 1.55833 -0.20818 -2.12784
0.14664 0.46669 0.54816 -0.3851 -2.65274
-0.81947 -0.62039 -0.16931 0.92586 -1.63969
-1.4605 -0.37486 1.36431 -0.44009 -0.37556
-1.08522 -1.76127 2.32034 -0.09041 -0.61072
-0.23819 0.99982 0.55322 -0.41492 0.23494
0.6818 -1.54634 -0.03283 -0.09455 0.77569
1.05717 -1.37367 0.41301 1.44493 0.7335
0.72138 -2.38568 0.32228 0.68557 0.96642
-0.22321 -1.78112 1.58157 -1.94178 -0.30053
0.70019 -0.4927 1.11042 0.08478 0.92947
-0.14239 -0.74766 -0.1746 0.34895 0.00901
-0.14749 -1.49456 -2.04093 -0.396 0.17987
0.85382 -1.62459 -1.25884 1.3306 -0.35193
-0.67192 -0.35026 -2.82539 -0.30993 0.80158
0.02628 0.37492 -3.09466 -0.25945 1.63166
0.10177 1.68227 -2.50115 -0.93241 0.95971
0.17294 -0.17016 -2.57357 -0.05883 0.54784
0.28738 -0.17097 -2.91386 -0.87692 -1.2349
-0.30931 -1.51395 -3.10714 1.12712 -1.73514
-0.74239 -0.80559 -2.74281 0.11735 0.59614
0.71948 0.65121 -1.51966 -0.89877 -0.34579
-0.55058 0.41364 -2.14675 -0.66441 -0.6436
0.64096 0.98779 -3.1031 0.09901 -0.48879
0.14714 -0.04266 -1.20896 1.20437 -1.14108
-0.45294 -1.13772 -2.41424 -2.07537 0.39965
1.10636 -1.50084 -1.88659 0.89176 -0.20937
-0.65597 -0.76207 -1.8792 0.52927 2.1481
-0.24972 -1.91156 -1.87393 -0.43478 1.99739
1.6124 -0.49349 -3.23089 0.75152 1.48583
0.60329 0.2325 -2.24859 -0.50951 1.58205
1.239 0.68846 -1.45061 -0.12844 2.15747
1.07678 -0.25275 -1.79893 -0.82347 0.231
-1.84752 -0.74437 -0.84547 1.09078 -0.30139
0.37543 0.1034 -1.08375 -0.50444 -0.65776
0.45894 -0.52176 -2.29529 -0.92622 0.52714
0.58469 -2.05018 -1.19484 0.02558 0.48553
0.36065 -1.713 -0.73869 0.00315 -0.78695
-0.37672 -1.8659 -0.51058 -0.83458 -0.93904
-0.2215 -1.90552 -1.04264 1.84276 -0.26046
-0.23199 -2.69357 0.80934 -0.01648 0.05942
-1.06243 -2.12409 0.01072 -0.87348 1.33855
0.86603 -3.50706 -0.65325 0.12516 2.66684
-1.49952 -2.57679 -1.89684 -0.94175 2.06822
0.99186 0.57322 -1.73902 -0.356 1.34816
1.01044 0.90879 -1.70338 0.868 3.11034
-0.3382 0.65346 -0.55572 0.29593 2.83758
1.33599 2.75461 -0.98332 1.92986 2.4889
0.19094 2.32495 -0.91097 -0.34755 2.37984
1.23536 1.01947 0.44484 -0.35446 3.08492
-1.05291 1.15049 1.09141 -1.06801 3.60986
0.56968 1.40279 0.42297 -0.2487 2.58181
0.8303 1.70175 1.44649 0.03642 3.14663
0.63492 0.89856 1.1423 -0.08937 3.16112
0.05438 2.48787 2.07652 -1.18167 2.96317
-0.94642 1.28817 1.22165 -0.43168 3.27909
-0.23241 0.42235 1.96417 -0.06015 3.6902
-0.94517 1.30184 1.47238 0.53463 0.58355
0.29856 2.47855 1.91451 0.96923 0.65806
-1.96795 1.07815 1.62361 0.43743 0.13515
0.11746 2.02703 1.63591 0.20931 -1.11417
0.83381 0.21272 2.32347 1.47121 -1.12256
-0.52859 0.33717 4.15813 0.06783 0.39272
0.63294 0.08493 3.28128 0.34693 1.36601
0.61419 0.03708 3.08877 2.63068 4.12412
0.51173 0.34576 1.81275 -0.62905 4.47041
0.21001 3.32293 -0.04456 0.97569 3.50122
1.94187 2.12997 1.7634 0.20195 4.39666
0.99504 2.23273 1.15372 0.69354 3.2814
1.98139 3.27542 1.17719 0.74107 2.36088
-0.85541 1.61994 1.15748 -0.5197 1.11364
-0.90392 0.73367 1.45726 -1.53661 -0.07145
0.12975 0.37679 -0.51886 -1.36293 0.80383
0.53466 -1.04239 0.04689 0.74922 -0.04108
-1.0091 -0.77065 0.71569 -0.19645 -1.01859
0.55319 -0.43571 -0.2017 -0.44077 -1.7586
-1.53443 -1.11002 0.35781 -1.19377 -0.90918
1.00041 -0.16356 0.82173 -0.14748 -2.73719
0.24368 -0.19031 0.39857 -0.12657 -3.71856
0.24103 0.00634 0.79463 0.6259 -3.06951
0.76426 -0.91802 -0.5488 0.24816 -2.47715
-0.61327 -1.81416 0.95095 -1.44827 -2.02542
0.5927 -3.29151 -0.33198 1.02811 -2.35028
2.12182 -3.05814 -0.65253 -0.48276 -3.03583
-0.8105 0.05014 -1.01683 0.0866 -2.24353
-2.50592 -0.58381 -1.47935 -0.73528 -2.85022
-0.44038 -2.52926 -2.20175 -0.72048 -3.17064
-0.78551 -2.2199 -2.40382 -0.42799 -3.46129
0.28599 -0.26803 -2.67779 -0.87477 -4.89818
0.02558 -0.03654 -2.59162 -0.17606 -4.08281
0.81656 -1.83289 -1.35412 1.62432 -3.03753
0.74996 -1.68119 0.54216 0.62431 -3.82886
-1.63892 -1.07166 0.03283 -1.12139 -3.32302
0.4066 0.00534 -0.84018 0.09005 -2.17616
1.32711 -1.39037 1.57977 0.27866 -2.64472
-0.47236 -2.80418 0.85075 0.33381 -2.79632
0.96624 -3.30614 -2.13807 -0.35793 -3.30723
0.62938 -1.90142 -3.58804 0.45585 -3.29261
0.08103 -0.53655 -2.70361 0.28058 -2.79723
-1.15346 0.03031 -1.97239 0.07993 -4.19794
-0.67114 -0.66534 -1.25573 0.72166 -4.34116
-0.52736 -1.95662 -1.0998 -0.26194 -4.33261
-0.15959 -2.49532 -0.38112 -0.6634 -4.90945
0.13738 -1.1839 -0.62259 -0.91266 -3.52528
-2.11084 -1.68853 -0.14655 -1.33981 -3.91601
0.75447 -3.21529 -2.5056 0.03907 -2.10527
-2.98795 -3.17034 -2.76764 0.36274 -2.52606
2.24387 -4.10365 -4.5058 -0.09245 -2.29416
-0.26299 -1.42959 -4.01342 -0.17679 -1.62583
0.20373 -1.2311 -3.58657 0.52825 -2.89903
-1.48732 -0.30105 -3.48719 0.81535 -2.23683
-0.53811 -1.51378 -2.7327 0.94645 -3.90262
-0.20601 -2.13734 -2.4647 -0.50723 -3.89863
-0.81041 -1.41392 -2.1338 0.33273 -3.61375
0.83801 0.15854 -3.10966 -1.23749 -4.17844
0.41586 0.6602 -1.53691 2.43244 -2.4345
-0.16896 0.21859 -0.14853 1.16311 -0.59791
-0.76135 -0.54691 1.13405 1.09415 -1.37049
1.53114 -2.96424 0.31494 1.85455 -0.36598
0.2967 -2.56752 1.06713 -0.94554 1.04516
0.67329 -1.23971 -0.94672 0.00462 0.72357
-0.31544 -2.69883 -0.5471 -0.18068 1.84367
-0.35056 -4.06564 -1.20747 -1.83024 -0.02986
0.25025 -1.20447 -3.42174 0.5655 -0.77244
-0.00111 -0.13632 -2.87049 0.31215 -1.96465
0.1377 -0.23546 -1.65706 0.37318 -1.49481
2.01197 -0.3469 -1.92706 -0.65828 -1.75427
1.68616 -2.10432 -0.69721 -0.66746 -1.07959
-0.73633 0.34549 -1.40466 -1.58923 -1.72094
1.20275 -1.23042 -1.26951 1.01318 -1.77733
-1.67942 -1.26707 -1.57313 0.62652 -3.36259
-1.11385 -1.24488 -2.89605 -1.72012 -3.59136
0.49099 -2.17806 -1.9173 -1.44066 -4.17675
0.86325 -2.87373 -5.36088 -1.96075 -3.39284
-2.10184 -3.33988 -6.15836 -0.43329 -2.46843
-0.04519 -3.74189 -5.69187 0.01495 -2.18463
1.44844 -5.0779 -5.60897 -1.84124 -0.95093
-0.07551 -3.23667 -4.67734 0.22974 -0.88615
0.54285 -2.84273 -1.83909 0.06453 0.24255
-1.89325 -1.59543 -0.7105 -1.7675 0.62798
-0.28815 -0.09143 -1.21164 0.37907 0.26226
-0.18193 0.35021 -1.15975 2.08149 1.36594
-0.00042 0.43477 1.64194 -0.72304 2.06234
0.06869 -0.76483 1.5785 -1.86999 1.87474
-0.44648 -2.52878 -0.70138 -1.02919 3.17135
0.34222 -1.24835 -1.71517 1.50876 3.36912
-1.3375 -0.63246 -0.50514 1.88256 2.63149
-0.2995 0.59755 1.58962 2.13235 1.59452
0.81886 -0.03311 2.39986 -0.10426 3.61192
1.27184 0.56432 3.04457 0.11405 3.8724
2.16135 2.80505 2.81001 0.00051 4.63022
