-0.9007 2.47973 0.46288 1.69677 -2.06988
-0.13916 1.44455 -1.80133 0.45472 -1.86931
1.12121 0.90342 0.30153 -1.69911 -0.33251
-2.39338 2.92956 0.90656 -0.61149 0.39591
-3.84542 1.91312 -1.90196 -0.38612 -1.15984
-3.32796 1.96354 -1.23398 -0.50227 -2.54702
-4.51359 3.35057 -0.88515 -0.39506 -0.54154
-4.40036 1.55031 0.49215 -0.03363 -1.00578
-2.47422 1.50229 -0.63226 -0.29578 0.73856
-3.12648 0.8075 -0.17211 -2.15075 2.55359
-5.46308 0.41941 -1.30311 -3.12003 0.27692
-5.35881 -0.04725 -1.17351 -1.90217 0.98513
-6.10532 -0.40207 0.13433 -0.63475 0.22145
-5.90869 -1.3385 -1.12893 -1.4877 -0.01339
-4.41999 -1.91322 1.96709 -0.19224 -0.97709
-4.28377 -1.48192 0.93858 -0.05464 0.15401
-2.24081 0.31349 -0.00115 0.51861 0.67814
-2.69241 -0.65426 0.72338 -0.14424 0.46697
-4.4076 -2.09381 0.71242 -0.52042 0.21628
-5.3904 -0.98055 -1.36431 -1.7865 1.86681
-2.60718 -1.23033 0.61402 -1.48696 2.87438
-3.59131 -1.48597 0.34834 -2.15234 3.27885
-0.12484 -1.35871 -0.22262 -2.20894 3.38098
0.77832 -1.03117 0.86961 -2.936 2.65067
-0.16352 -0.76841 -0.28287 -3.37219 2.59545
-0.14317 0.43254 -0.16589 -3.07701 4.33486
0.33109 0.22004 -0.89588 -2.15414 3.53938
0.92352 0.91133 0.2686 -2.77507 0.77884
1.50081 -1.23795 0.08793 -2.61321 0.69443
2.13664 -2.35258 1.75096 -2.76524 0.82809
4.22804 -2.34885 -0.79408 -3.38969 2.57444
4.07188 -2.40206 0.94903 -3.35478 1.83051
3.50113 -4.87994 1.5669 -2.71695 1.28961
3.88464 -4.6832 1.3235 -0.93569 1.54621
4.79867 -3.50009 -1.30197 -0.52471 2.28221
8.52375 -2.26539 1.02395 -0.44719 2.74503
8.99308 -0.37676 2.63667 -2.12478 3.29817
9.41862 0.5541 1.18681 -1.7321 2.82974
10.86638 1.18435 -0.1942 -1.90046 0.33643
11.36702 0.23557 -0.24874 -2.60199 0.16734
9.63941 -0.17221 0.13509 -3.82937 1.81456
7.83399 -0.59741 -0.29596 -2.86434 2.1894
8.14427 -0.42644 -0.5413 -3.86963 0.60282
7.95103 -1.22671 0.07604 -2.67357 0.54954
7.1144 -2.53195 -0.63413 -1.7387 -1.88256
6.69132 -2.90434 -0.98447 -0.45343 -1.1201
6.89074 -1.35835 -0.58282 -1.21205 -1.12973
5.53127 -0.9761 -0.10386 -1.3446 -0.89151
4.86265 -1.33657 -1.71709 -0.03413 1.34175
2.91031 -2.48048 0.11309 -0.25871 0.15094
2.27422 -1.51019 -0.34679 0.20432 -0.49933
0.87104 -1.55747 0.65487 -0.05729 -0.81541
-0.16522 -1.74972 1.40984 1.09121 -2.16722
0.3672 -0.91774 -1.74773 0.24918 -1.28195
1.47136 -0.51717 -3.24966 0.34605 -2.67583
0.41233 0.71258 -0.62386 1.30568 -0.77377
-1.46983 1.59445 0.05086 -0.12354 0.50657
0.43077 1.4839 -1.77182 0.33662 -0.15147
0.45093 0.43459 0.69163 -1.41298 0.21651
0.80314 0.6366 -1.69541 -0.72258 0.05566
0.86909 0.77254 -0.08768 -0.45295 2.09284
0.08635 0.42185 -0.739 -1.88329 0.99331
-0.33172 -0.77514 -0.84774 -2.85201 2.06095
0.15162 -1.02813 -0.52126 -0.31676 2.52477
-1.13962 1.25569 0.32696 -1.33988 1.02334
0.08115 0.09606 0.57355 0.2621 2.45322
0.73238 0.24505 2.08218 -0.02922 1.49545
2.29838 -1.01157 -0.96378 1.31176 1.37096
3.40899 -0.46001 0.76897 1.35143 0.74945
2.99054 1.7207 1.68624 0.59648 1.45298
3.32379 1.02726 1.41375 1.30804 1.07681
3.56152 0.54516 1.21359 0.54517 2.97427
2.87365 1.84002 1.05201 0.79259 2.06313
3.29732 2.44633 0.82326 -0.09892 1.99998
3.97392 0.78978 1.93753 -1.01566 1.71773
4.9489 1.15742 -1.11272 -1.88471 1.56445
6.45988 0.9133 1.93574 -0.41261 2.13152
7.31174 0.42343 0.50286 -1.53564 1.15429
6.55259 0.29183 0.57652 -1.91839 1.43206
8.18476 0.03826 0.00504 -1.76973 0.45171
8.5942 -1.02784 1.80471 -1.11882 -1.06104
9.7708 -0.65571 0.79662 -3.40063 -1.13683
9.70231 1.63963 0.48544 -5.32644 -1.93789
10.10019 1.60808 -2.96783 -4.34971 -1.95095
9.9071 1.2617 -1.45758 -2.53163 -2.52672
8.10102 0.55583 0.38988 -4.24016 -1.77541
5.92647 -3.16538 -0.89324 -2.487 -1.2769
6.01082 -3.27354 0.30048 -1.93216 -0.50215
5.67801 -2.95342 -0.54236 -2.68391 1.04555
3.80232 -3.43337 0.64708 -3.48187 1.07307
1.24648 -2.35333 -0.07522 -0.99551 1.79662
1.31791 -2.26793 0.75904 -0.8774 0.19919
1.38514 -2.47171 -1.96187 -0.25135 -0.51206
2.20188 -3.27444 0.00105 -0.68624 1.47052
3.96058 -3.19851 0.23991 -0.44524 2.7235
5.17424 -2.61609 -0.9455 -1.19088 2.51193
6.5707 -0.20433 0.04785 0.59094 3.15187
6.52497 0.55136 1.00193 0.354 1.70648
4.94545 2.13891 0.66523 -0.06797 2.41472
6.7355 0.29708 1.43278 0.87249 0.17063
6.17676 0.4623 0.83541 0.75576 -0.26612
8.45921 0.29108 -0.1118 1.96734 -0.15796
9.73911 -0.46748 1.66562 0.5516 -0.96873
7.83043 0.13774 -0.0412 3.58249 0.70569
6.44035 -0.15998 2.01422 1.96575 1.66117
4.87093 0.62056 1.0694 2.92762 0.98591
6.53709 -0.42591 -0.40434 2.63834 -0.16164
4.00316 0.25954 1.24273 2.04736 -0.58566
3.88468 1.72772 1.9832 1.08405 1.08669
2.46466 3.1898 -0.52976 0.04987 1.52831
4.61355 1.63475 -0.95882 0.03858 0.9262
2.75343 0.48972 0.05833 1.07994 0.1845
2.00784 0.12641 -0.22994 2.54999 0.96405
2.85692 1.91085 -0.54906 2.28257 1.52191
6.07542 1.97136 1.34985 2.25403 1.87449
5.99533 2.15661 2.67425 0.42009 -0.65429
5.75314 1.441 0.49281 0.82146 -1.70979
6.53825 -0.02589 2.43981 0.64637 0.07271
5.59935 0.7607 0.09343 0.87428 0.96152
5.97179 -0.72719 -0.35071 0.48669 0.60317
5.99781 2.22879 0.7432 0.6932 0.03354
4.32782 2.24426 1.04331 2.31885 -0.39445
5.23144 1.64641 -1.04178 0.05217 1.31292
4.48126 1.50463 1.74431 -0.9501 0.89542
5.41212 0.96009 -1.34039 -0.9941 2.39798
4.09385 0.83412 0.61293 -1.22338 0.10624
5.21914 -0.18989 0.12115 -0.11669 0.3791
7.0716 -0.58807 1.17904 0.08002 0.03457
7.14378 0.19362 -2.56178 0.3743 -0.26867
7.40188 -0.22423 -0.42773 -1.0407 0.12241
4.67496 -0.67112 0.49305 -1.3991 -1.14788
3.9221 1.18356 -1.68714 -1.00569 0.19278
4.40484 0.06307 -0.13277 -0.45564 -1.14818
3.84792 -0.7216 -0.86505 1.39405 -0.34594
2.33929 -0.88865 -0.23318 0.65312 0.31096
0.07771 -1.73743 0.99609 1.20947 -0.75352
1.10784 -0.0571 -0.19211 0.98099 -2.3462
0.58479 0.86838 -0.1377 0.96277 -1.98212
0.65247 2.116 0.70978 0.01958 -2.7219
1.68493 2.80935 -0.21944 0.08621 -2.37844
1.49728 1.32432 -0.96789 -0.50591 -1.46076
0.15502 1.53325 -1.88797 -1.25992 0.05851
-1.40436 -0.32073 -0.28257 0.29429 -0.16454
-3.69255 -0.52706 0.43472 0.70319 -1.10925
-3.64398 0.1141 0.57211 1.47505 -0.49995
-4.41517 1.46937 2.6851 -0.30158 -1.32499
-7.37687 0.77003 -2.95859 0.97048 -2.6438
-6.84552 -0.86828 0.70583 0.41939 -2.51273
-7.85593 -0.36165 -0.21181 2.02544 -1.78543
-8.51786 -0.87859 -1.93365 3.51173 -1.80531
-8.46 -0.16795 -1.09185 3.29083 -1.99029
-8.33836 0.7498 1.08701 1.5445 -1.10176
-8.34309 -0.42751 -0.00457 0.03275 -0.98926
-7.61851 0.56303 -3.62643 -0.65863 -0.74474
-8.32539 0.7855 0.84921 -0.64085 -1.76678
-8.14544 0.41905 0.13736 0.31314 -2.31057
-8.33512 -1.14026 0.35209 0.34813 -1.75996
-7.01582 -0.16651 0.07591 -0.55316 -2.75787
-6.97665 -1.44642 0.41723 -1.01233 -0.6364
-6.59916 -0.19785 -0.81344 -0.27664 0.26289
-6.06654 -0.55267 -1.85549 -0.38564 0.48484
-5.16706 -0.11821 -2.63147 -1.3027 0.34081
-5.55827 -0.56862 -0.7191 -1.28315 -1.78371
-6.94439 -0.3518 -1.03494 -0.7073 -1.80712
-4.94119 0.95029 1.18869 -0.01568 -0.62751
-3.70258 0.28242 -0.40647 -0.21723 -0.50566
-3.94145 0.0911 -0.38449 -1.13069 -0.05445
-4.29062 -1.45593 -0.21928 -0.65547 0.6915
-5.00144 -1.15743 -0.4582 -0.22976 -1.17689
-5.53381 -1.3569 0.76916 0.49182 -1.24372
-5.55759 -1.46321 1.41272 -0.86385 -0.20683
-5.3008 -0.97735 -0.81896 -1.59796 0.5349
-5.09293 1.09942 0.47063 -0.39713 0.89215
-6.24604 3.14063 -0.74291 -1.86954 -0.41746
-7.2123 1.33048 1.14376 -0.93123 0.03008
-7.83091 -0.14254 -0.17656 -2.08191 0.41597
-6.33035 1.62548 -0.53799 -2.82747 0.07613
-6.44162 0.00453 -0.92013 -1.01985 -0.20041
-5.68446 0.60791 0.5213 -2.06824 1.62205
-5.83954 -1.86303 0.55289 -1.88008 2.36415
-3.5492 -2.99578 -0.64664 -1.97347 0.68117
-4.50435 -2.35895 -0.30215 -1.80222 -0.46174
-3.79598 -0.81422 -1.04315 -3.67882 -2.53991
-4.73316 -0.83453 0.1093 -2.40605 -3.46943
-3.91385 -1.63012 -0.5084 -2.74565 -2.80673
-5.05162 -0.04143 -0.67191 -4.19818 -1.15255
-4.03101 0.17591 -2.51222 -3.01928 0.75151
-4.89076 -1.4119 -1.08937 -2.84539 1.04552
-4.53705 -3.10119 -0.15902 -1.27247 3.40482
-7.01833 -2.55131 -0.7737 -1.11208 1.81138
-6.44265 -2.6526 -0.52034 -1.29656 2.37072
-6.10296 -1.45641 -1.0675 -1.2139 2.1505
-5.73229 -0.83421 0.88545 -0.55249 1.33264
-5.63089 -0.21511 -0.52835 0.38456 -0.69873
-2.46474 0.64125 0.15571 0.01241 -1.36097
-0.9015 -0.75778 -1.4723 -0.09895 -1.7446
-0.34938 -2.7207 -0.06198 0.63951 -2.8247
-0.87218 -2.68228 -1.39152 -0.52979 -2.35931
-1.63251 -1.44376 -2.31666 -0.82633 -2.02948
-1.36569 -0.29158 -1.08272 -1.55671 -3.11056
-2.03717 0.14852 -0.64619 -2.11533 -3.13881
-4.2999 -0.33831 -0.38973 -4.26892 -2.13734
-5.47186 -0.79673 -1.12999 -2.95123 -1.76034
-5.7719 -1.89784 -0.56863 -1.86217 -0.59589
-7.65292 -1.25068 -0.86346 -1.98924 0.71679
-8.83996 -1.80881 -2.35693 -1.5022 1.15674
-8.13291 -0.52249 -0.26685 -2.22472 -0.99593
-9.18242 -3.28165 -0.78215 -2.2541 -0.11464
-9.82387 -2.10619 -0.47167 -1.2374 -0.21111
-9.03579 -1.65708 -1.11311 1.2248 0.51299
-8.86032 -2.36548 1.03429 1.18586 0.6451
-10.29166 -2.03543 -1.6821 -0.65385 -0.1271
-11.54522 -0.67587 0.18396 2.32948 -0.56884
-10.3313 1.12645 1.70483 0.66018 0.82072
-12.5066 0.02519 -0.67217 -0.18827 1.11983
-12.08595 -0.52846 -2.34481 1.26034 0.45707
-12.12773 -0.5629 1.2077 -0.98984 -0.17625
-13.39021 0.44117 -0.2255 -1.42194 -0.07997
-12.67784 1.0361 0.50626 -1.09357 -0.52767
-11.67815 2.01384 0.8543 -1.18064 1.17969
-10.14559 0.56685 1.58823 -0.21809 0.60971
-13.29327 0.11515 1.90081 -2.6607 -0.35541
-12.29812 -0.27324 0.27466 -1.95354 0.38226
-11.70323 0.01258 -1.18829 0.13513 0.16587
-12.42422 1.61311 0.64061 -0.67591 0.44371
-13.3422 0.98124 -0.2111 -1.35552 1.26912
-11.62874 0.04315 1.42565 -1.13821 -0.28285
-11.36057 -0.3342 -0.04691 -1.27431 -1.70725
-9.67993 -0.0773 -0.67317 -0.47473 -1.36877
-8.35337 1.24829 -0.6197 -0.34207 0.05305
-8.1773 1.11171 -0.32182 -0.38029 -0.63767
-6.31987 0.12665 0.28735 -1.07536 -1.56745
-5.80192 1.52127 0.76705 -1.71439 -2.32175
-5.77974 0.79324 -0.00249 -1.01419 0.73785
-4.98357 0.75771 -1.01266 -0.5558 -0.171
-5.22041 -2.65302 -1.56265 1.61637 0.48826
-5.54192 -2.99206 3.30894 0.68319 -1.14102
-6.56011 -4.70784 0.08841 1.55644 -1.12631
-7.11711 -2.82895 0.52223 2.99324 0.38596
-5.9758 -2.80901 -0.51635 3.01086 -0.99288
-5.4166 -1.15198 1.00005 4.51413 -2.67956
-5.84332 0.56033 0.8634 2.82903 -1.84798
-6.36055 1.72979 0.39904 3.86048 -0.96565
-6.93266 2.6081 1.1151 1.95446 -1.12484
-6.93846 2.21377 0.31137 1.93028 -1.53311
-6.00693 2.17115 -0.54287 1.42684 -0.37765
-5.96085 1.07532 0.36201 1.34641 0.03303
-7.71367 2.71368 -0.34826 -0.35269 -1.23558
-7.64335 3.71004 0.74831 1.05406 0.78382
-7.22894 1.32101 0.76474 -0.32681 0.87909
-5.75829 1.80848 0.75426 -1.03446 1.21319
-3.80009 1.26867 -0.31761 -1.48072 2.10713
-5.14578 1.17771 0.587 -3.29116 2.13698
-4.40891 -0.23847 0.3532 -0.81924 1.6171
-4.49316 0.03799 0.70815 -0.63494 2.05127
-3.5692 -0.61458 -0.72193 0.03141 1.83812
-4.45402 -3.4283 -0.26102 -0.62561 -0.02758
-4.90895 -0.84845 0.1024 -0.66634 -1.66956
-4.06528 -0.96438 0.57249 0.77322 -1.88782
-2.3142 -0.64047 0.19136 -0.1208 -1.38005
-0.91063 -1.02991 2.4067 -0.15182 -1.56606
-1.36905 -1.12891 -0.39826 0.74774 -1.8632
0.24963 0.78898 1.02342 1.06383 -2.3175
-0.41888 -0.31981 -0.65757 1.248 -2.16436
-0.12748 -1.17852 1.6288 2.71716 -1.9012
-1.78316 -1.12207 0.03842 2.09788 -1.04933
-0.67488 -0.97802 -1.96488 1.82814 -0.0546
-3.05093 0.07452 0.07082 1.15808 -1.52859
-2.18181 2.72683 2.61309 2.75871 -0.80492
-2.55007 0.59566 1.8307 1.5109 -0.79275
-2.04907 0.76345 -0.00097 1.96134 -0.30607
-1.46231 -0.82211 -0.13576 1.63873 -2.44074
-3.06888 0.20646 -0.46343 0.6302 -2.93181
-2.53207 0.89162 -1.03993 0.29091 -1.9325
-1.32953 -0.5428 -1.40836 -0.00258 -2.02964
-2.78534 0.39259 0.32588 1.38287 -2.63828
-3.87572 0.88947 -0.934 -0.37023 -2.15975
-3.20663 -1.29411 0.74876 -0.57078 -0.23211
-3.02833 0.60104 0.16753 0.90154 -0.47072
-3.97837 0.55555 0.01687 -1.72624 1.49285
-4.33508 0.892 0.28495 -0.66725 0.85838
-4.10464 0.51156 0.47935 0.63772 2.73732
-2.00071 -0.39972 1.0449 1.64818 1.45075
-0.27291 -0.00533 -1.33439 1.31847 1.81784
0.19277 -0.0407 0.14325 0.87457 0.78247
0.09067 -0.2249 1.12543 -1.4772 2.98883
0.98009 0.29615 1.58131 1.63727 3.30472
-0.17086 0.64954 -1.30732 2.10465 3.02618
1.25219 0.52662 2.51931 0.60532 1.86553
1.7608 0.6902 1.96449 1.12969 1.33482
4.8208 -0.01634 1.14422 0.99218 1.05241
6.63446 0.15771 0.53204 1.35152 0.72408
8.34837 0.0602 0.35619 0.93452 -1.07684
8.00429 -0.67658 0.47703 0.0017 -2.33596
8.88026 -0.76361 1.83369 -1.15083 -0.95241
10.15206 -0.72014 -0.19342 -2.28177 0.702
9.61956 0.35589 -1.33377 -0.59438 -0.24663
7.79726 0.69552 0.67757 0.75306 0.74836
5.83424 0.77297 -0.04371 0.25187 0.32184
5.22598 -0.37451 0.22461 0.81782 -0.25158
