-0.73152 -20.33194 0.87612 3.81122 2.90192
-0.26234 -18.9161 0.24345 2.78671 1.77726
1.12566 -15.92264 0.7993 2.70047 3.77631
2.87136 -12.72213 1.01991 2.16056 4.88232
2.55934 -12.15681 0.98512 3.03332 4.29927
2.17732 -8.47263 -1.85637 2.9378 5.67307
3.66319 -6.91763 -0.50261 2.10565 4.37849
3.48002 -6.71207 0.24809 -1.47937 4.61262
2.41468 -7.00146 1.9577 -0.8891 4.87933
1.28204 -5.48449 1.75078 -1.57343 8.33758
0.84364 -4.38681 2.77551 -1.95904 6.1096
-0.94867 -2.57833 3.45404 -1.68875 5.55777
1.2488 -1.83148 2.75719 -0.5024 5.73762
0.03101 -0.51222 1.26781 -2.11554 6.50418
0.54068 2.45494 2.9073 -3.48817 5.59462
1.89002 1.96127 3.00119 -2.99813 6.13053
-1.1419 3.21617 3.49907 -1.77157 5.94794
-2.64436 3.34425 4.34302 0.03877 6.10572
-3.81761 4.59381 4.76063 0.51204 6.75714
-1.25571 6.30255 6.82462 -0.81983 6.51762
1.96275 4.50297 7.00177 -0.31357 4.55299
1.18786 5.5739 5.5959 -1.61851 5.61362
1.97969 7.12139 6.44888 -3.89547 5.1357
3.07693 7.42434 7.54965 -3.50336 5.665
3.35789 8.7041 7.53218 -4.08256 7.98987
2.3488 7.53187 5.96002 -4.79526 8.29543
0.28162 9.4284 5.90342 -5.12645 6.29122
0.23729 10.60309 6.15076 -6.06713 5.60043
1.09931 9.88292 5.00744 -6.74118 4.37158
0.8642 12.56847 5.22228 -7.70602 2.94658
0.38769 13.41073 5.36583 -8.38838 1.30694
-1.33759 12.97727 3.36076 -7.03735 0.14511
-1.41119 12.07882 3.22673 -8.10035 -1.30333
-3.14829 13.25376 2.68576 -8.5957 -2.31569
-1.4871 11.88495 3.63961 -9.8475 -2.22237
-2.07731 11.94042 2.73552 -9.58934 -2.12037
-1.12203 11.3704 3.95539 -9.76958 -3.17359
-1.72808 9.3573 4.62762 -8.67515 -5.06611
-3.54134 9.86526 4.72999 -9.81452 -7.34134
-3.20239 8.79177 3.98948 -9.65599 -9.58201
-2.27143 4.82523 4.7143 -10.00428 -11.89487
-2.71568 2.77229 5.47786 -11.49278 -11.43194
-2.93275 0.53786 5.87708 -13.7784 -11.9251
-2.88722 -1.63898 5.79455 -13.9162 -11.06291
-2.25838 -5.00997 4.19643 -12.51734 -11.42951
-2.2559 -8.46094 4.27173 -9.53404 -13.50158
-3.88381 -9.26129 4.69391 -10.4612 -14.09133
-5.99389 -10.78735 5.43915 -11.54523 -15.78922
-2.97928 -13.27897 4.59771 -10.53684 -15.5943
-2.36848 -15.28001 2.13933 -9.22448 -15.91329
-3.298 -17.67986 2.18449 -7.88772 -17.29219
-1.7877 -18.75517 0.82003 -5.93355 -16.99935
-1.60308 -21.18615 0.13408 -5.08349 -16.10659
-1.57288 -23.33383 -1.47831 -3.85589 -16.20946
-2.48182 -25.66291 -2.1864 -5.01003 -15.61692
-2.30505 -27.1019 -0.03955 -5.47161 -14.97974
-1.62441 -29.18958 2.01512 -4.1574 -15.36704
-3.17694 -30.9842 1.12613 -4.34854 -14.84674
-1.6809 -31.44499 0.19769 -4.74578 -15.08884
-2.21954 -31.81369 -0.28953 -3.99815 -13.47286
-1.98612 -34.89945 -0.18825 -4.95574 -13.25091
-2.15786 -36.04499 0.30876 -5.28999 -13.20238
-3.26434 -35.33434 0.7293 -4.69386 -11.64292
-1.73014 -36.38663 -0.04464 -3.71599 -11.55794
-2.88908 -36.60048 -0.44645 -4.43569 -11.96031
-2.83333 -36.76537 1.24671 -2.60825 -12.72519
-3.0718 -37.31477 -0.61342 -2.81697 -13.76275
-0.18891 -37.11395 0.59391 -1.67832 -14.64779
-1.50835 -34.33733 0.01348 -1.15404 -14.00902
-2.25168 -36.60585 -0.16085 0.10401 -12.66383
-0.23429 -36.12671 -0.89901 0.17826 -11.44951
-0.60937 -35.45053 -1.92837 -1.15643 -9.30636
-0.83242 -35.62694 -2.95445 -1.58204 -9.13861
-0.49398 -35.81028 -3.4601 -2.45642 -7.96522
-0.23927 -35.68042 -5.40672 -3.66527 -7.0828
-1.81853 -33.76581 -5.36871 -3.72897 -6.53456
-3.59353 -33.21911 -5.31812 -4.34395 -6.63279
-2.48687 -31.25609 -4.72214 -3.16242 -5.71504
-3.34832 -30.3791 -3.12588 -1.54393 -6.45003
-5.29127 -30.06084 -3.60573 -3.61683 -8.42515
-3.591 -28.28431 -3.41599 -3.43949 -10.58228
-1.58834 -27.32626 -1.26247 -2.78095 -10.78364
-0.96442 -25.99666 -0.13174 -1.75173 -9.67188
-2.19645 -22.9076 -0.7212 -2.343 -10.34669
-2.9715 -20.82619 -0.6897 -0.99357 -11.36863
-1.11557 -21.95055 -0.44317 -0.86871 -12.61252
-2.00241 -21.79612 1.51193 0.40387 -13.64704
-2.05273 -22.33839 3.10526 -0.92034 -13.27739
1.51492 -24.58581 2.77402 0.31029 -13.45378
0.47721 -25.22645 1.72883 0.59374 -13.04991
-0.04555 -25.6705 1.93837 1.48134 -11.30225
-1.02593 -27.29468 2.62784 -0.20944 -10.18146
1.73356 -27.9184 2.27196 -1.91505 -7.59745
1.10663 -28.25061 2.68327 -3.69373 -6.05014
1.82001 -29.08474 3.04278 -3.30206 -6.01497
0.31004 -28.3517 3.05637 -1.84405 -4.67785
1.44125 -27.97776 2.91658 -1.59385 -3.2368
0.48377 -29.32746 2.88629 -1.39989 -4.15152
-0.5209 -27.6203 1.84516 -1.04071 -3.74791
0.58368 -26.68767 2.31656 0.21747 -3.72151
-0.23887 -25.10324 0.84292 0.64273 -2.35254
0.29097 -23.57491 0.9521 0.35992 -2.75651
-0.25673 -23.5625 1.69205 0.94742 -3.20105
-0.62247 -22.47403 0.57855 0.38428 -1.94131
0.36554 -22.48166 1.42803 -1.17902 -0.97997
1.36678 -19.99224 2.28692 -1.4552 -0.14586
0.88232 -19.00126 1.25148 -1.84708 1.66829
1.95528 -17.19769 1.15846 -0.15527 2.33278
-0.54891 -13.69465 1.63458 -0.58093 2.20322
-1.20175 -11.9999 1.60524 -1.14304 2.37838
-0.05917 -13.03921 0.64212 0.9178 2.8757
0.05725 -11.10703 0.94423 2.40365 1.28187
0.69052 -9.37774 1.90655 3.38987 1.52849
1.94191 -8.56869 0.70426 4.70419 1.27635
1.87719 -7.01887 0.33137 6.69668 0.83396
1.54406 -4.8946 0.8521 6.46389 0.84578
0.85937 -3.8943 1.56678 7.98172 0.06843
2.15315 -2.17222 0.41262 5.43787 1.19479
1.57403 -3.52965 2.01104 6.61047 2.26185
3.53634 -2.55532 0.55708 5.82997 6.15912
3.33879 -3.14624 0.15784 6.42127 7.58992
2.62265 -1.18087 -0.62061 5.35755 8.98937
0.06908 1.11744 -0.72085 5.27987 8.64735
2.01084 0.79178 -1.8052 5.43967 10.28741
3.08448 1.53628 -1.65299 5.31508 11.56897
2.45306 3.09707 -2.13136 5.60589 12.60756
1.96103 5.99304 -0.70041 4.45049 11.44104
2.62212 8.26926 -0.33337 4.07552 12.59275
1.02367 9.88841 0.12459 4.04322 14.43761
0.95531 12.1386 0.40989 4.12053 15.32971
1.94136 12.79553 -0.4605 3.92609 13.76005
1.86651 13.56231 -2.42818 3.78207 13.02067
2.56408 15.82968 -1.70266 2.94992 11.13548
1.70178 17.95458 -1.76043 2.57679 10.73245
2.24266 20.61289 -0.35459 1.58792 10.66971
1.69847 21.27667 0.87368 0.94787 9.6634
2.2528 21.58927 2.66471 2.52071 9.29674
1.1921 21.79046 2.47656 3.17327 9.94838
1.96922 22.2474 0.93817 3.89048 7.4229
1.94481 22.26516 0.60025 4.18311 8.49897
2.11074 22.50951 1.96622 3.2734 8.09311
2.87413 21.47579 1.3065 3.04755 8.51373
3.55634 20.25757 1.59787 3.33398 9.16271
4.89081 19.55449 1.47327 4.05329 9.53802
3.39497 19.5609 2.58136 3.85182 8.57431
2.30505 18.13591 3.25388 4.90958 8.73151
1.47169 19.43916 4.7185 3.12491 10.09895
3.13596 20.90645 4.99965 2.41979 10.79728
1.41442 22.87746 4.31004 2.52218 10.37164
3.01348 24.04835 3.67119 1.04567 10.7062
3.23695 23.58176 3.53298 0.15556 10.05718
2.82806 23.17576 2.30823 -2.56765 10.19703
-0.7235 24.79578 0.42045 -2.24787 11.55952
1.01521 25.43679 -0.57216 -1.99464 11.6196
0.35498 25.22117 -0.36359 -2.50081 12.99436
-0.49173 24.16295 -0.19414 -1.34238 11.81662
-2.08463 24.48788 0.5253 -1.99019 10.65977
-3.20994 24.53077 0.32792 -3.26474 9.50526
-1.68442 24.66766 0.4748 -3.56279 8.54513
0.05811 24.2586 -0.75715 -1.10155 9.10809
-1.45387 23.85507 0.20399 -1.58071 9.71275
0.05969 25.40337 1.15505 -0.86104 6.54444
-0.48364 25.41218 -1.22284 0.77247 4.18944
0.65128 25.57475 -1.53419 1.52854 4.95239
0.86663 24.75798 -0.22768 2.49098 2.7599
-0.2363 24.06075 0.36798 2.21099 3.97741
0.53473 23.99032 0.46841 0.90591 5.53514
0.67586 22.69421 1.1746 2.23383 6.4807
1.66033 22.38805 0.30362 1.05079 5.426
0.41001 20.93194 1.419 -0.09482 5.1496
0.2613 20.52816 2.1147 0.17136 5.04108
-1.51394 21.40172 2.84477 0.70439 5.15369
0.72933 21.97816 1.88846 -0.14752 6.05052
1.66131 22.45838 1.63178 -0.10112 5.33411
1.87948 19.86348 1.20577 0.65201 2.93669
-1.4104 17.23879 -0.83249 0.41583 3.33201
1.00562 16.56763 -0.12165 -0.53881 3.76343
1.80042 16.60109 -0.75769 -1.06111 4.45854
1.79135 16.09471 -0.68701 -1.05966 4.82205
1.86347 15.15123 -0.63262 -1.36923 4.17685
-0.67931 13.97793 -1.02186 -3.18853 3.125
0.65631 14.20622 -0.9191 -4.00375 1.9604
0.84869 13.82756 -2.20995 -4.44152 -1.74853
0.80159 14.03037 -2.57166 -5.25888 -1.11459
-2.35264 14.73321 -3.79601 -6.91514 -1.91034
-2.78068 13.44679 -4.17971 -6.11953 -3.29812
-1.87402 11.33673 -3.33231 -5.80753 -3.41025
-1.81466 11.16284 -4.10077 -5.84163 -4.33897
-5.71741 10.59695 -4.61327 -5.60319 -4.89829
-4.40822 10.04757 -5.41311 -5.79589 -5.82735
-2.66362 7.60906 -5.25285 -6.59464 -8.08047
-4.49955 5.71153 -5.9477 -5.20727 -7.64732
-5.57258 5.2158 -7.13885 -4.64813 -9.31426
-5.95062 4.21445 -6.35006 -3.34344 -9.92704
-4.16667 1.72435 -6.05689 -2.26338 -11.84191
-4.83169 -1.90411 -6.78282 -1.66426 -13.19535
-5.30228 -3.26273 -8.02841 -1.51155 -16.60432
-5.19714 -6.65268 -6.75622 -2.19228 -18.34441
-4.22168 -6.86689 -8.16982 -2.34219 -18.34896
-3.91161 -9.46202 -6.63823 -2.02833 -17.66083
-2.76293 -12.08448 -5.73729 -2.83049 -19.26041
-3.53288 -14.69903 -6.14553 -1.38594 -20.39733
-4.00305 -17.61461 -5.79778 -1.61082 -19.04775
-4.05257 -20.37445 -5.12234 -0.90631 -19.68706
-1.62799 -22.42311 -5.44311 -1.53822 -19.94355
-3.9199 -26.46621 -5.39015 -0.77163 -19.858
-3.25792 -28.70158 -3.70972 -1.0448 -20.7345
-4.59593 -30.87284 -3.47266 -0.86381 -19.39807
-4.4511 -32.86816 -4.42371 -0.23041 -19.18782
-4.51763 -34.12299 -5.17893 0.24917 -18.04183
-2.41214 -34.51445 -4.57391 1.87754 -18.05267
-2.06415 -35.12491 -5.49587 -0.28721 -17.81385
-1.22236 -35.38354 -6.3685 -0.92448 -15.87864
-1.53528 -37.53022 -5.92122 -1.09705 -13.79253
-1.40849 -39.10282 -5.90129 -0.95395 -12.51927
-2.68796 -39.40734 -7.03769 -0.77916 -12.45171
-2.26615 -40.13221 -5.50483 0.21733 -12.57073
-3.0827 -40.91969 -6.43817 -0.45713 -13.06021
-3.50443 -38.61227 -6.74208 -2.02586 -14.73137
-2.84349 -38.42852 -6.12739 -0.95244 -15.16887
-3.57312 -37.23418 -7.20168 -1.36152 -13.50186
-2.44399 -37.83541 -4.44673 -2.31445 -12.19192
-3.53646 -37.90906 -3.33118 -2.87233 -13.99788
-1.32405 -37.44861 -4.81009 -3.5582 -15.74079
-1.98223 -35.03836 -3.67503 -2.21745 -16.42523
-0.23276 -35.89465 -3.82733 -0.91061 -18.85591
-0.1729 -35.65033 -5.44402 -0.54071 -17.31007
0.73412 -36.79217 -6.58822 -2.36847 -17.6101
-0.93538 -36.84162 -7.67572 -1.68957 -18.20169
-1.29868 -36.80773 -5.17984 -1.54908 -17.54363
-2.94089 -36.54713 -6.10046 -2.7108 -16.63235
-3.60516 -36.30521 -5.97695 -1.99391 -16.4124
-4.2931 -38.09554 -4.69673 -1.30891 -17.21339
-4.54105 -39.9034 -5.00818 -1.46647 -16.62402
-5.49866 -40.51248 -5.36434 -1.27456 -15.60116
-2.60541 -39.94958 -5.3745 -1.12635 -14.56009
-1.84051 -38.97991 -5.68793 -1.85017 -15.11953
-3.26944 -38.89877 -5.90196 -3.7322 -15.34731
-2.21441 -38.84071 -4.62429 -5.3006 -16.47976
-3.54123 -37.76443 -3.99559 -4.73573 -17.26971
-1.80659 -37.48028 -2.45999 -4.94899 -18.3646
-2.26548 -37.55319 -2.01006 -4.47813 -16.45992
-4.35821 -36.54712 -2.13128 -4.02082 -16.70149
-4.92587 -38.27285 -2.27778 -3.72468 -15.8447
-4.04088 -38.10495 -1.82014 -3.13776 -16.02161
-2.63224 -39.12028 -2.81407 -3.0702 -15.82366
-0.64803 -39.75114 -2.21883 -3.67877 -14.69567
-1.82212 -36.85157 -2.46269 -3.89325 -13.61927
-2.15773 -35.72789 -2.75316 -2.90667 -12.85662
-2.04988 -35.60329 -4.17517 -2.40042 -12.07519
-3.89021 -35.7272 -5.70034 -3.33391 -13.50581
-2.73153 -35.8532 -4.83156 -4.19661 -14.2458
-2.47344 -35.16038 -3.7431 -4.51423 -14.71659
-2.28678 -35.83267 -2.16023 -5.32237 -14.8143
-3.45713 -35.06371 -2.3394 -5.0675 -16.85952
-2.42977 -35.42993 -1.91255 -3.73044 -16.63439
-2.31862 -36.0303 -0.99631 -3.60283 -17.76092
-4.07075 -35.79411 -1.23798 -4.34086 -18.33053
-4.23396 -36.04409 -1.76403 -4.98029 -18.54485
-2.84556 -35.13729 -1.22777 -4.63197 -16.26752
-3.72528 -36.05305 -1.70125 -5.35771 -14.6256
-3.62576 -35.74688 -0.89051 -6.8226 -16.41959
-2.01541 -36.86848 -2.06752 -7.4217 -15.42448
-5.46203 -37.17562 -2.27812 -7.80636 -16.3541
-4.04338 -37.85846 -3.11637 -6.50246 -16.2091
-4.09348 -39.07962 -0.89293 -6.30123 -18.50604
-3.12559 -39.93352 -0.42364 -6.36735 -18.52781
-3.89004 -39.38977 0.11782 -4.41449 -21.24721
-3.97778 -38.66335 -1.44166 -4.46161 -21.75751
-2.7181 -39.96364 -3.09219 -3.9753 -21.69562
-2.0481 -39.64316 -1.5109 -2.06957 -21.89095
-0.80701 -40.6649 -0.96082 -3.41299 -21.38559
-3.209 -42.74875 0.35749 -2.89984 -18.48218
-2.8406 -44.16514 0.07338 -2.90936 -17.77707
-0.04656 -42.52651 -0.07416 -2.51104 -17.8398
-0.34365 -43.79449 0.21502 -2.10554 -17.47158
-0.91097 -43.85268 1.98427 -2.99287 -15.15078
-0.53129 -44.47301 1.03578 -3.00461 -14.29693
0.31978 -45.59431 -0.09284 -2.0123 -13.48466
1.49755 -46.28404 -1.79956 -2.14371 -16.02966
1.08163 -45.67843 -1.94307 -1.97177 -14.76502
0.42719 -44.5557 -3.25483 -0.73685 -15.03105
-0.25465 -43.60934 -0.67828 -0.81714 -16.02856
-1.69275 -42.25126 -0.43256 -0.30836 -15.32616
-3.22383 -41.00451 -2.3845 0.169 -15.29151
-1.44838 -40.42175 -1.95305 0.21195 -14.32665
-0.1706 -39.51383 -1.97766 0.66086 -13.97224
-1.13228 -40.90404 -2.50714 0.24397 -12.65421
-0.09208 -42.28915 -5.021 1.24164 -9.27903
-0.48207 -41.85039 -6.94235 2.21551 -8.32328
-0.38165 -41.64455 -5.28083 4.05448 -6.7536
-0.63061 -41.10662 -4.62744 4.09727 -3.42156
-2.23774 -41.47193 -3.5862 3.26977 -2.63863
-3.06016 -38.88927 -2.17241 5.62323 -4.38459
-1.60421 -38.07943 -0.63723 6.96937 -4.78519
-2.03319 -38.53799 -1.40411 5.80486 -4.91599
0.1877 -34.46445 -0.70599 5.71646 -2.23751
2.08245 -31.79776 -2.01789 5.86256 -1.51558
2.9157 -30.68468 0.02049 4.82964 0.76671
2.11276 -31.06918 1.73289 4.93488 1.63738
