0.89876 -0.0993 -1.51075 -0.42479 0.98758
-0.14154 0.2798 0.50646 0.38013 0.8345
-0.07937 0.79899 1.89907 -0.21765 1.60886
-1.74153 0.07962 -0.559 0.96184 2.89912
-0.06028 -0.10611 0.40104 1.56789 2.15223
-0.64382 -0.82881 -0.84777 -1.77475 2.31335
0.8691 0.94308 -0.13883 -1.16006 0.23842
0.8543 1.71295 -0.12476 0.46796 -0.01244
1.50069 0.69614 -0.28797 2.72912 2.19533
1.87372 0.55629 0.37725 2.35751 1.30134
1.41075 2.21447 -0.53705 1.57819 1.17374
-1.58569 0.58189 0.36126 -0.26866 2.08902
-0.70689 0.4609 -0.35987 -0.23909 0.98064
-0.3601 0.4588 0.50339 -0.20039 2.83939
-0.3555 0.44389 -0.11179 -1.20483 3.22133
-0.32319 0.43353 0.02412 -2.68076 2.6861
0.35728 1.37388 0.00658 -0.39235 2.29472
2.73404 -0.15991 -1.21903 -1.25643 2.05406
-0.06449 0.58109 0.24552 -1.12822 3.47131
-0.25894 0.40357 1.52787 -1.39479 1.23681
0.94486 -0.22756 -1.02655 -0.15037 1.17729
0.22685 -1.62931 0.14486 -1.37384 1.31715
1.15195 -0.76207 -1.40823 -3.2748 -0.94975
0.55525 -1.2158 -0.00319 -1.19727 1.40222
-0.0714 -2.22069 -0.26577 -1.17599 -0.33228
-1.17384 -1.72006 -0.10149 -2.3765 -0.99295
-0.87727 -2.22971 -1.84862 -0.88629 -3.11453
0.24162 -2.98082 -0.01565 -1.88695 -6.38477
1.86936 -0.47079 -0.85144 -0.00623 -6.96459
0.20856 0.74265 -1.98669 0.23321 -6.46153
-0.20685 -0.20653 -0.08046 0.91172 -6.87858
-1.92235 0.59581 -1.10065 1.08936 -5.35375
-2.07229 1.34956 -0.59711 1.01214 -3.896
-1.63582 0.93621 -0.14855 0.16917 -4.02741
-0.37529 0.94524 -0.22503 -0.25494 -2.25026
0.17406 -1.09867 -1.22552 -1.74264 -2.9356
0.02126 -0.1904 -0.83045 -0.94862 -3.19206
0.28533 0.08918 0.91004 -0.51861 -3.33753
2.67918 -1.47397 0.11835 -0.74351 -2.61809
0.65871 -1.31696 0.34652 0.76015 -2.14929
-1.20066 -0.50846 0.10484 1.48022 -2.45236
-0.84856 -0.76604 -0.8938 -0.39436 -2.67723
0.30576 -0.2723 -1.52831 -0.85657 -2.15184
0.45291 -1.11187 -1.9804 0.41359 0.14542
-0.77345 -1.87484 0.75763 0.92776 -1.17925
0.10011 -2.28391 -0.37679 0.44435 -1.88295
-1.89946 -2.87333 -1.7474 0.24904 -1.25788
-1.80162 -3.33987 -0.74514 -0.44702 -0.54839
-0.70875 -1.53046 -2.01165 0.29389 -2.04647
-0.47852 -2.16912 -1.26282 -2.106 -1.69669
-1.48711 -3.1681 -0.88056 -2.03319 -0.04033
0.29368 -3.46962 -2.74754 -1.35923 -0.17365
-0.56966 -3.79784 -1.92825 -1.65585 -0.5665
-1.17939 -2.94488 0.41994 -0.9689 -1.66569
-0.11146 -4.47949 -1.21144 -0.70641 -0.96734
-0.43677 -3.57638 -2.47245 -1.57586 -1.75595
-2.34731 -2.64504 -3.695 2.24799 -3.69041
-0.16448 -2.84575 -1.83027 0.95142 -3.83104
-0.34096 -1.75454 0.06483 0.71569 -5.98532
-0.78215 -2.56697 -2.27237 0.62701 -5.9301
0.1591 -1.76177 -1.82726 2.43058 -4.77762
0.04386 -1.51173 -0.37732 3.6911 -4.17971
-0.34905 -0.70845 -0.69423 1.94024 -1.06033
-0.30673 0.03262 -0.09234 2.09161 -0.26847
-0.8661 1.04166 -0.54945 0.97497 0.31897
-0.73108 1.51703 -0.17214 -0.48705 3.29229
0.51122 1.71875 -0.41735 0.58035 3.93826
-1.48854 1.61728 0.0804 1.07634 4.96084
-1.74284 -0.13192 1.75821 2.69786 7.38202
-1.89569 0.65222 0.51042 -1.44839 7.45829
-2.47915 0.50044 -0.00259 -0.73313 4.97542
0.92797 -0.0024 -0.25806 0.56715 5.81488
-0.31097 1.29136 -0.00442 2.13985 6.33559
0.84659 3.37597 1.06374 0.0735 5.01182
0.75062 2.87888 0.72263 -0.3723 3.85896
0.10581 0.76332 1.39201 0.26651 3.30782
0.56506 1.49179 1.44043 0.60127 1.85381
-1.39228 2.46166 -0.59031 0.2907 2.62853
-1.2066 1.16757 -0.56383 1.08043 0.33314
0.58218 1.61784 -1.36493 -1.44019 0.42525
0.85606 2.28877 -0.71196 0.36636 1.3399
1.52247 0.52864 0.53154 0.78918 3.93382
-0.65069 0.1218 -0.49735 1.2461 4.42331
0.04803 -0.73094 0.15171 1.31482 4.26799
1.40965 -0.52005 -0.28919 0.80558 3.60717
0.6239 -0.56075 1.45627 0.76105 2.21016
-0.06058 -0.59268 0.71511 0.34004 1.88952
0.26599 -0.15088 -0.3588 -2.75996 2.15304
-0.476 -0.62632 0.45908 -1.60221 2.49056
0.72979 0.24147 -0.12162 -0.04989 2.85175
-0.61264 -0.60687 -0.15076 1.24283 2.70867
0.05001 0.08528 0.48474 2.53522 3.47105
0.31984 -0.41235 1.28014 1.74725 3.14824
-1.23057 -0.8726 0.32349 0.76133 0.07261
-1.15899 -0.45809 0.46721 0.09493 0.40329
-0.45489 0.5727 1.46714 1.11647 0.52789
1.33324 -0.11739 0.37078 0.42209 0.72415
-0.59152 0.51104 -0.83156 0.08354 0.63439
0.54455 0.72191 -2.76458 0.60469 -0.9164
3.2115 2.13688 -0.67736 1.00583 -0.71725
0.96515 2.13676 2.40393 -0.3582 -0.56739
-1.03731 1.86268 2.24423 0.87714 -1.35658
0.48035 0.2967 1.29056 0.30383 -2.97656
-0.63137 1.85361 -0.40126 2.15998 -3.65518
-0.51883 2.34155 0.91808 1.90114 -2.42389
-1.0499 0.80023 0.82634 0.9465 -1.18427
0.54848 1.17161 0.55342 -0.26302 -2.59262
-1.47041 1.42952 2.99275 -0.26398 -3.18042
1.05385 0.78442 0.85885 1.41903 -2.07837
0.96642 -0.4431 0.28165 1.03308 -2.81927
0.44934 -0.6355 -1.85009 0.89043 -3.44524
-0.43154 -1.03555 -0.81191 -0.83277 -2.0126
0.79607 -3.29585 -1.77463 -0.49515 -1.06255
-0.27984 -2.04807 -0.92407 1.19468 -1.40686
-0.1225 -1.09302 -0.41376 -0.52008 -0.80081
0.53175 0.52215 0.53178 0.04082 -0.30597
0.33052 0.37547 -0.38534 -1.24187 0.79532
-0.39172 0.5028 0.22354 -2.06699 -0.08978
0.98886 0.75301 0.95081 0.54398 -0.09023
1.36845 1.46076 1.17521 -1.11487 -1.38274
-1.82408 1.28463 0.38629 -0.14358 -2.05734
0.66442 2.85718 1.63103 -0.18274 -0.96758
-1.35387 1.90258 -0.06264 0.64276 -0.05631
0.04874 2.12295 0.00396 -0.78805 0.23266
0.71471 1.41683 1.01865 0.18214 -1.23333
1.8612 2.14253 -0.26836 1.64741 -0.05583
0.13885 2.71851 0.46741 0.14074 0.65587
-0.00527 1.60287 2.79392 0.34566 1.57734
1.24586 1.25331 1.66217 -0.49419 0.4787
-0.05205 2.1097 -0.5899 -0.59133 -2.60541
-0.2534 2.00346 -1.69518 -1.39193 -1.61246
2.17758 -0.78433 0.03489 0.31626 -0.39929
-0.05014 0.37254 -0.91972 2.15152 -0.42856
-0.14414 -0.60848 0.66053 1.09469 -0.28049
-0.22565 -0.48975 -0.00634 1.13307 -2.19962
-0.96563 -0.234 0.69946 0.20146 -2.33103
-1.12161 -3.21544 0.24789 -0.37575 -2.06085
0.74108 -3.12555 -0.38879 -2.59497 -2.08303
-0.76067 -2.9364 -0.95635 -1.49408 -1.51693
-0.41011 -2.14652 -1.47259 -1.67396 0.12037
0.5703 -1.3499 -1.59026 -2.10171 -0.78284
0.6714 -0.25147 -0.93922 -0.65464 -0.89798
0.36802 0.53549 -1.55604 -1.10503 -2.04757
-0.98543 -0.98962 0.67221 -1.35988 -2.45497
-3.34216 -0.8376 -0.75628 0.27002 -1.69388
0.91444 -0.99789 0.69237 -1.80867 -1.09476
1.31053 -0.94332 -1.45233 -1.42775 -0.42746
-0.37407 -2.34056 -1.38153 -0.54308 -1.19215
0.17126 -1.71284 0.07348 -0.19753 -1.12019
-0.77503 -0.81934 -0.30452 -0.20999 -1.06478
0.14368 -0.77187 -0.75183 1.29786 -0.96581
-1.92483 -0.61451 -0.93704 -0.72008 1.64963
-0.94994 0.20709 -2.44477 -0.2932 2.14768
-0.09092 1.27155 -0.23647 -1.13715 -0.38638
-0.32124 1.06211 -0.09527 -1.89084 -0.41625
-0.74875 2.48995 1.3062 -1.19715 -0.91248
-0.77014 1.38441 0.16948 -0.15742 -1.44007
0.93793 0.30762 0.88727 -0.74082 -0.80841
0.17846 0.374 0.18807 -1.87094 -2.4937
0.62441 0.93597 -0.83365 0.76018 -2.14673
-0.32563 0.56301 -0.81342 -1.02593 -2.54164
-1.5188 -0.57201 -0.10221 -0.5807 -3.04327
0.60404 -2.66162 -0.92247 -1.01569 -0.52065
-0.60844 -3.46659 -2.57362 0.08775 -1.91789
0.41076 -1.97976 0.0945 1.4311 -1.68369
0.2724 -1.78994 -0.83024 3.07944 -0.60184
-0.12798 -3.40448 2.02007 1.10945 0.4033
1.1607 -2.22618 1.28765 0.73154 -0.9636
-1.7397 -2.69895 0.94479 0.39761 -0.30792
-0.81898 -2.50189 -1.11815 -0.65091 0.42281
-0.93879 -1.60384 -0.62173 -0.47938 1.86468
0.064 -1.70601 0.463 -1.22363 0.57764
-2.46529 -2.30086 0.14973 -0.16266 0.91367
-0.20065 -2.54063 0.05354 -1.97867 0.35816
1.52205 -2.18465 -1.14408 -1.64 1.79019
0.52134 -3.0414 -1.54365 0.36677 -0.21093
0.29258 -1.84634 -0.69937 -0.0772 -2.99225
-1.13681 -0.41178 0.37316 -1.5688 -3.76753
0.40275 0.42378 -1.09513 -0.01401 -2.35943
-0.494 0.65787 -1.11968 -0.37206 -3.42802
0.70008 0.02224 2.19032 -0.92178 -2.89758
-1.06603 0.27744 -1.08572 0.48273 -2.07252
0.33912 2.77153 -0.33873 0.57295 -1.56917
-0.5248 2.29122 -0.86207 0.67184 -3.25478
0.5825 0.09164 1.01506 -0.78791 -2.22889
-0.50949 0.22732 2.65464 1.01642 -2.32347
-1.50622 -0.29518 -2.29819 -0.86152 -3.17009
-0.96435 -0.95321 -1.66217 0.49842 -1.89616
1.53399 -0.85394 -3.19717 0.75436 -2.53089
0.51676 0.03029 -1.90587 -0.80874 -3.22437
2.17008 -0.10272 0.21432 -1.16373 -1.42384
-0.19911 -0.16558 0.97351 -0.43979 -1.3307
-1.6337 0.73042 0.2533 1.83672 -0.76466
0.24125 0.11021 -0.0172 1.97826 -1.49894
0.96842 2.2278 0.98289 1.43293 -2.01234
0.91662 2.79995 2.20708 1.48707 -0.88334
0.26932 1.33821 -0.52629 0.39973 -0.56002
1.68101 -0.48184 1.0554 -0.2409 1.52259
1.19277 0.71069 -1.21542 0.80953 2.62853
0.13033 -0.43806 -0.2227 -1.46357 4.56069
-0.82322 -0.03104 -0.22464 -0.70689 3.35076
-0.8338 1.62619 -1.46004 0.85989 3.99608
0.07428 2.3077 -0.32545 0.39133 3.81882
-0.23764 0.78739 0.50298 0.30972 4.82481
-0.35892 2.13656 1.12423 1.26943 2.90568
-0.85066 0.99645 0.92206 -1.56566 2.34926
0.16061 0.42601 0.33316 0.02995 1.68652
-1.28542 -1.685 1.06653 0.49799 1.17489
0.44186 -1.17715 0.05694 -1.1248 1.59337
-1.59939 0.45621 -0.60809 0.07203 1.57866
-0.24897 1.42259 -0.20139 -2.98098 0.63461
-1.49122 -0.39336 1.54658 -0.75815 0.23276
-0.84459 0.2911 -0.70878 -1.30674 0.98399
-1.52952 0.42254 -1.14334 -0.92857 1.18199
0.48067 0.26229 0.88165 -0.93594 -0.08929
-0.37506 1.57837 -0.35012 -1.03526 -2.32172
-1.01758 1.17995 1.1611 1.12126 -0.22703
0.02182 0.87555 -0.12512 -1.17667 -2.28154
1.39729 0.57871 0.4699 -1.80616 -3.7682
0.94129 0.85389 -1.04926 -0.0124 -5.83231
0.48832 1.15785 1.20021 1.89574 -6.35535
1.13378 0.7411 1.43221 4.02266 -4.80013
1.08387 0.72747 1.06347 3.4176 -2.58022
-1.24979 1.13509 -0.74793 1.91789 -1.32853
2.50318 0.93173 -1.64768 2.04728 0.02225
1.38288 0.00726 -2.29364 1.97097 0.93715
0.26801 -0.50628 0.51659 2.23328 0.3116
-1.00057 -1.18694 -0.23103 0.46538 -0.20219
0.14832 -0.94239 -1.29116 -2.07139 1.45687
-0.41206 -2.50107 -0.94844 0.18761 4.0564
-0.77187 -0.94103 -0.87162 1.53219 4.90155
-0.5517 -2.72078 0.15213 1.08156 4.22741
-0.60288 -1.80468 -0.56658 1.08109 4.78935
-1.36208 -2.0729 -0.09957 2.7385 2.41823
0.68462 -1.3263 -0.56704 0.90587 2.32032
-1.48273 0.47875 -0.17741 0.01362 4.69935
0.86287 0.17161 0.01513 0.12129 5.88955
-1.32383 -0.0759 -0.51757 -0.59729 5.44288
0.33268 -1.58707 2.0067 1.26764 5.37986
0.18845 -0.57504 0.56135 -0.43712 2.94955
0.67083 -1.08635 2.58691 -0.83275 2.5743
0.80802 -1.54823 -1.11267 -0.65581 4.9988
0.83274 -0.73895 -1.66849 -0.29527 5.82814
0.49555 -0.4059 -0.17955 -2.42335 5.37683
0.69334 0.57734 -1.6038 -1.39041 4.67156
-1.21347 -0.24563 0.15228 -0.47618 5.01285
-1.29763 0.41634 -0.20889 -1.70744 5.85575
-1.70906 0.8617 -0.9902 0.2964 3.66074
-1.65183 0.06968 -0.08551 0.55153 1.73262
0.46796 0.57314 0.38438 -1.22932 2.24973
-0.03963 2.50842 -0.68962 0.21602 0.83912
-0.53098 0.59948 1.47082 2.09924 0.88404
0.50674 -0.39514 -0.87668 0.17214 0.40457
-0.13583 0.2725 -0.13149 0.49501 0.35306
1.67093 -0.23199 2.59437 0.75891 0.75726
1.46479 0.42416 -1.33334 0.00916 0.99856
-0.6528 -3.13205 1.39895 -0.2947 3.35728
0.71973 -4.73771 1.20862 -0.17569 2.05682
0.37118 -4.10143 -1.67094 1.05792 0.53413
0.1715 -4.6158 -0.57582 -0.5326 -0.19688
0.04311 -2.42464 -1.62178 -0.18401 -0.19667
-1.07271 -2.69356 -0.83802 0.58693 -1.25633
0.35601 -3.51632 0.93082 1.06243 0.40669
-1.56584 -3.07137 -0.36677 1.58885 0.28109
-1.31413 -2.20871 -0.29692 -0.15401 -0.98806
-0.79244 -2.98882 -2.42668 -1.85836 -1.82819
0.11589 -1.29069 0.02482 -1.83948 -2.22654
-0.73596 -2.67061 -0.33382 0.21831 -2.70249
0.14377 0.01278 -2.46484 -1.34642 -1.91167
-0.77262 0.48686 -1.77762 -1.11949 -2.68189
1.31269 2.70582 -0.52899 0.2711 -2.56243
-1.57853 2.68965 1.62833 -0.95775 -2.9892
0.71351 0.57206 1.46285 -0.56436 -2.57099
-0.60018 0.59372 -1.13915 -0.74097 -2.92725
0.02195 1.90874 0.50928 -1.0073 -1.8815
1.20363 1.51853 -0.36696 -0.2367 -1.35621
-0.55455 2.24806 -0.245 0.50678 -1.12417
1.49803 1.34637 2.19247 1.20083 -2.45529
1.1624 1.64913 0.53824 2.43365 -4.35589
-1.00573 0.24125 2.38029 3.01671 -6.13178
-0.58622 0.6353 1.82333 0.8534 -5.29993
-1.06174 0.62649 0.86728 1.71524 -7.45121
-0.36453 1.42044 2.12553 0.99934 -5.3963
-0.99779 2.90282 0.40218 1.62581 -4.13443
1.1332 1.242 0.32452 0.34291 -3.01233
2.75889 1.55414 -1.32455 0.8612 -3.72664
1.61384 2.65173 1.51921 3.23989 -3.3515
0.77551 0.59367 2.47397 2.62965 -3.88746
-0.38038 0.93797 0.70065 1.42673 -4.15296
-0.86433 0.43767 1.70685 1.46925 -2.88267
0.28662 2.06759 0.19408 -0.33402 -2.06505
0.53621 2.54266 1.02027 0.4073 -1.1122
-1.03592 3.47856 0.78207 2.4481 -0.19553
0.28699 2.59841 0.15041 1.08287 -1.23124
-0.22424 2.30659 -0.62355 0.42608 -1.33934
0.35679 2.17515 -0.02424 -0.02264 -1.94238
0.17493 1.27671 0.95388 0.16717 -3.07477
0.11236 0.29458 0.91239 -0.57851 -2.07941
-0.31659 1.11673 0.68209 -0.10997 0.05612
0.55773 1.98942 -1.35088 -0.48518 1.80788
